Frame	Time	SMPTE	BKHD X	BKHD Y	BKHD Z	RFHD X	RFHD Y	RFHD Z	LFHD X	LFHD Y	LFHD Z	C7 X	C7 Y	C7 Z	NCK X	NCK Y	NCK Z	RSHD X	RSHD Y	RSHD Z	LSHD X	LSHD Y	LSHD Z	RELB X	RELB Y	RELB Z	LELB X	LELB Y	LELB Z	RWRS X	RWRS Y	RWRS Z	LWRS X	LWRS Y	LWRS Z	RIND X	RIND Y	RIND Z	LIND X	LIND Y	LIND Z	RPNK X	RPNK Y	RPNK Z	LPNK X	LPNK Y	LPNK Z	RFHP X	RFHP Y	RFHP Z	RBHP X	RBHP Y	RBHP Z	LFHP X	LFHP Y	LFHP Z	LBHP X	LBHP Y	LBHP Z	RKNE X	RKNE Y	RKNE Z	LKNE X	LKNE Y	LKNE Z	RFAK X	RFAK Y	RFAK Z	RBAK X	RBAK Y	RBAK Z	LFAK X	LFAK Y	LFAK Z	LBAK X	LBAK Y	LBAK Z
1	0.000000	00:00:00:01	-28.009720	1.634968	-1.227625	-27.964602	1.658357	-1.133680	-28.097245	1.666850	-1.145246	-27.980612	1.554645	-1.194886	-28.020432	1.535785	-1.134888	-28.146957	1.558721	-1.176827	-27.848514	1.519531	-1.135113	-27.961080	1.529199	-0.879309	-27.983626	0.741263	-1.593449	-27.779735	1.527520	-0.586538	-28.120413	-0.028409	-2.037500	-27.757722	1.523832	-0.571981	-28.097678	-0.036312	-2.085583	-27.745304	1.542907	-0.575726	-28.064890	-0.054375	-2.085142	-28.178541	0.973951	-1.110974	-28.171059	0.960464	-1.230647	-27.846276	0.972389	-1.082950	-27.816225	0.960931	-1.130083	-28.169733	0.456907	-1.148060	-27.841947	0.476078	-1.095315	-28.170302	-0.030462	-1.105934	-28.163408	-0.063607	-1.146895	-27.817805	-0.025738	-1.063622	-27.804566	-0.073689	-1.110018
2	0.013893	00:00:00:02	-28.014786	1.633066	-1.252959	-27.924684	1.667795	-1.129902	-28.077935	1.685977	-1.139625	-28.015235	1.521304	-1.167248	-28.008758	1.526872	-1.158564	-28.141083	1.529015	-1.185683	-27.870989	1.550799	-1.126690	-27.927602	1.571439	-0.886595	-27.956665	0.739489	-1.605392	-27.787630	1.511505	-0.555707	-28.080072	-0.043954	-2.041086	-27.735909	1.524492	-0.553204	-28.076443	-0.049280	-2.051986	-27.768054	1.537860	-0.574468	-28.106160	-0.061305	-2.083103	-28.166182	0.983438	-1.154910	-28.184454	0.977424	-1.202559	-27.832605	0.979313	-1.089726	-27.830714	0.990229	-1.150364	-28.191204	0.467872	-1.156115	-27.834511	0.453968	-1.101681	-28.214815	-0.046503	-1.106312	-28.189385	-0.071155	-1.155700	-27.833969	-0.050453	-1.071119	-27.803712	-0.055360	-1.124005
3	0.027787	00:00:00:03	-28.006773	1.644036	-1.234512	-27.952072	1.681082	-1.119770	-28.059018	1.670688	-1.121534	-28.011464	1.554448	-1.160732	-28.020546	1.595863	-1.113332	-28.152262	1.539382	-1.166196	-27.862333	1.561832	-1.135287	-27.972010	1.513612	-0.844643	-27.959543	0.731771	-1.615516	-27.741502	1.549061	-0.578183	-28.081612	-0.068247	-2.091844	-27.755551	1.530532	-0.558083	-28.114176	-0.046552	-2.044721	-27.742646	1.553313	-0.574159	-28.083780	-0.056593	-2.062210	-28.185831	0.960141	-1.148272	-28.214816	0.950853	-1.198687	-27.826957	0.981025	-1.088395	-27.810018	1.003012	-1.153934	-28.177340	0.497467	-1.129242	-27.817986	0.449578	-1.107856	-28.167723	-0.034076	-1.097691	-28.176308	-0.073836	-1.192647	-27.835310	-0.061055	-1.081350	-27.809682	-0.077275	-1.128869
4	0.041680	00:00:00:04	-27.969339	1.608679	-1.231118	-27.950891	1.662203	-1.106118	-28.076671	1.666885	-1.160767	-27.971838	1.561656	-1.149572	-27.968922	1.543160	-1.117211	-28.172361	1.562618	-1.184306	-27.846886	1.572545	-1.120702	-27.938884	1.549115	-0.874513	-27.954254	0.752211	-1.624937	-27.767386	1.534643	-0.584160	-28.111845	-0.074208	-2.096105	-27.754460	1.536962	-0.560030	-28.108472	-0.049384	-2.089947	-27.780064	1.527395	-0.566546	-28.110359	-0.045443	-2.047726	-28.190536	1.000687	-1.124374	-28.198304	0.948219	-1.191778	-27.839308	0.956775	-1.076166	-27.816792	0.966806	-1.168490	-28.141019	0.435920	-1.151995	-27.829735	0.467908	-1.084560	-28.154066	-0.072597	-1.126817	-28.184417	-0.102972	-1.172700	-27.808703	-0.043422	-1.079130	-27.828371	-0.069816	-1.102521
5	0.055574	00:00:00:05	-27.976789	1.623590	-1.224651	-27.973449	1.695677	-1.141744	-28.051444	1.665190	-1.112955	-28.023146	1.517657	-1.127530	-27.973837	1.538516	-1.109296	-28.133644	1.563601	-1.194707	-27.841759	1.530287	-1.156116	-27.981972	1.543774	-0.872027	-27.982593	0.754517	-1.581385	-27.780071	1.531170	-0.562417	-28.075363	-0.043973	-2.039806	-27.728038	1.547573	-0.591943	-28.087911	-0.056227	-2.068859	-27.758238	1.527465	-0.576778	-28.111397	-0.049298	-2.083144	-28.216836	0.971618	-1.126299	-28.176969	0.977280	-1.161443	-27.818532	0.983256	-1.099919	-27.829630	0.906538	-1.140439	-28.168561	0.459514	-1.175394	-27.822934	0.454832	-1.130812	-28.148713	-0.080998	-1.118228	-28.173230	-0.055443	-1.164715	-27.845651	-0.043708	-1.051959	-27.831920	-0.096482	-1.153648
6	0.069467	00:00:00:06	-28.007875	1.626679	-1.229978	-27.975413	1.682184	-1.098745	-28.049460	1.654815	-1.134127	-27.996593	1.567104	-1.152641	-27.982341	1.556095	-1.119503	-28.152093	1.522366	-1.190965	-27.836140	1.539440	-1.101057	-27.973707	1.549572	-0.913375	-27.960016	0.748194	-1.584572	-27.765902	1.521923	-0.571363	-28.118444	-0.048261	-2.056474	-27.764051	1.538775	-0.582437	-28.057414	-0.031605	-2.027055	-27.762754	1.559113	-0.584040	-28.127923	-0.078123	-2.051525	-28.198609	0.980315	-1.126456	-28.178619	0.974956	-1.193711	-27.842619	0.984365	-1.088022	-27.808730	0.963450	-1.171169	-28.175802	0.467632	-1.165938	-27.813339	0.424184	-1.119459	-28.178416	-0.043616	-1.106883	-28.191150	-0.061749	-1.180039	-27.812528	-0.036666	-1.049246	-27.813443	-0.046455	-1.147753
7	0.083361	00:00:00:07	-27.993644	1.617758	-1.262541	-27.927603	1.672249	-1.154852	-28.062234	1.676167	-1.152046	-27.996789	1.532433	-1.153130	-28.018660	1.501025	-1.143489	-28.118838	1.547840	-1.210519	-27.875452	1.531292	-1.098492	-27.965478	1.539206	-0.840065	-27.976139	0.729822	-1.607709	-27.782018	1.508319	-0.560974	-28.112966	-0.045676	-2.036974	-27.763829	1.533833	-0.546679	-28.090366	-0.014179	-2.039153	-27.746417	1.535341	-0.554944	-28.105654	-0.048042	-2.078386	-28.187540	0.959306	-1.149139	-28.183173	0.944440	-1.166363	-27.801654	0.990773	-1.068287	-27.799568	0.981205	-1.158812	-28.182158	0.442342	-1.144593	-27.813158	0.471142	-1.062843	-28.179617	-0.066121	-1.128163	-28.191715	-0.034753	-1.170253	-27.818845	-0.039018	-1.087070	-27.816594	-0.060517	-1.132179
8	0.097254	00:00:00:08	-27.991186	1.643065	-1.236613	-27.934197	1.694904	-1.123571	-28.061883	1.653231	-1.122311	-28.017168	1.527311	-1.174350	-28.011760	1.575358	-1.123302	-28.150226	1.542689	-1.171041	-27.858355	1.574781	-1.151263	-27.965707	1.494402	-0.863164	-27.986721	0.760725	-1.580397	-27.786009	1.547091	-0.571162	-28.112737	-0.035285	-2.068711	-27.764684	1.541494	-0.565830	-28.085707	-0.114830	-2.058531	-27.738745	1.539854	-0.551096	-28.124274	-0.060461	-2.065445	-28.185791	0.979243	-1.181071	-28.188671	0.934514	-1.185609	-27.830303	0.985782	-1.103623	-27.778575	0.945459	-1.156358	-28.128544	0.440289	-1.126748	-27.829117	0.453762	-1.111103	-28.166631	-0.041079	-1.112630	-28.162684	-0.082268	-1.165346	-27.846731	-0.031617	-1.061893	-27.826708	-0.069920	-1.127962
9	0.111148	00:00:00:09	-27.991569	1.653099	-1.236512	-27.907448	1.671863	-1.135689	-28.057906	1.701860	-1.103389	-27.981037	1.537737	-1.122845	-28.003824	1.549331	-1.129843	-28.150531	1.545673	-1.159097	-27.809215	1.516967	-1.105546	-27.953601	1.537028	-0.855922	-27.960476	0.762454	-1.626660	-27.809189	1.513533	-0.563412	-28.097928	-0.020035	-2.057076	-27.751927	1.508070	-0.586722	-28.093130	-0.020771	-2.062501	-27.771688	1.531909	-0.571238	-28.119879	-0.032648	-2.075599	-28.186266	0.999527	-1.102940	-28.167553	0.963079	-1.196678	-27.814449	0.975125	-1.078803	-27.828196	0.971723	-1.149422	-28.171955	0.458030	-1.132619	-27.793448	0.456479	-1.105586	-28.183430	-0.042808	-1.093677	-28.177520	-0.064934	-1.154853	-27.832159	-0.050937	-1.089356	-27.817923	-0.060662	-1.140983
10	0.125041	00:00:00:10	-28.011855	1.665296	-1.239479	-27.936114	1.678434	-1.117399	-28.093077	1.679671	-1.123830	-28.016917	1.520533	-1.154572	-28.004724	1.569319	-1.143218	-28.152932	1.531799	-1.180963	-27.847066	1.543296	-1.137702	-27.965357	1.536141	-0.895936	-27.973849	0.752238	-1.609343	-27.780992	1.541525	-0.567276	-28.091464	-0.050756	-2.042282	-27.760664	1.535339	-0.572904	-28.104468	-0.071540	-2.068671	-27.764346	1.532755	-0.590937	-28.102504	-0.024807	-2.070755	-28.177148	1.001086	-1.142221	-28.163742	0.994730	-1.151127	-27.842919	0.939695	-1.073823	-27.822464	0.942335	-1.139050	-28.199903	0.493617	-1.169870	-27.809980	0.453637	-1.093836	-28.189259	-0.053627	-1.130757	-28.183522	-0.035073	-1.172953	-27.836683	-0.039769	-1.075821	-27.823082	-0.088573	-1.149055
11	0.138934	00:00:00:11	-27.994768	1.648570	-1.242871	-27.942352	1.661858	-1.121321	-28.068147	1.651306	-1.106385	-28.026660	1.561015	-1.169834	-28.017326	1.550833	-1.110276	-28.140639	1.546705	-1.187799	-27.867947	1.554399	-1.147920	-27.957369	1.534130	-0.881781	-27.966290	0.764771	-1.618058	-27.803062	1.529247	-0.574513	-28.090812	-0.039028	-2.061024	-27.761226	1.530462	-0.573020	-28.144373	-0.079291	-2.023380	-27.720493	1.533901	-0.574635	-28.080356	-0.040308	-2.025740	-28.137298	0.977907	-1.121861	-28.182384	0.952848	-1.184332	-27.828234	1.012750	-1.109148	-27.822373	0.966495	-1.146683	-28.170020	0.474717	-1.161763	-27.863202	0.429303	-1.099228	-28.174817	-0.076932	-1.122581	-28.196568	-0.069113	-1.174873	-27.837528	-0.086722	-1.032614	-27.843181	-0.064138	-1.148203
12	0.152828	00:00:00:12	-27.984737	1.611865	-1.254922	-27.951744	1.682027	-1.102839	-28.051108	1.680774	-1.129622	-28.000720	1.534439	-1.198248	-27.982038	1.564737	-1.144322	-28.180538	1.542466	-1.176753	-27.846409	1.544443	-1.120843	-27.943374	1.529221	-0.881626	-27.988672	0.738137	-1.616898	-27.764163	1.487315	-0.577867	-28.078133	-0.033102	-2.053402	-27.768577	1.525049	-0.545081	-28.097374	-0.034513	-2.040944	-27.757668	1.522565	-0.575605	-28.075192	-0.011689	-2.059052	-28.141919	0.983869	-1.101751	-28.143764	0.973079	-1.161454	-27.829900	0.980229	-1.052311	-27.852946	0.983678	-1.132121	-28.218984	0.459750	-1.137281	-27.828636	0.492216	-1.140347	-28.208646	-0.031373	-1.120047	-28.182432	-0.042730	-1.171126	-27.813159	-0.045853	-1.054344	-27.853028	-0.077182	-1.123279
13	0.166721	00:00:00:13	-28.004017	1.600220	-1.246720	-27.971020	1.635841	-1.122609	-28.051318	1.668070	-1.144995	-28.030887	1.534525	-1.170020	-27.974240	1.560954	-1.152632	-28.164612	1.560601	-1.192513	-27.840162	1.538623	-1.145255	-27.974272	1.519515	-0.876102	-27.952648	0.737886	-1.579339	-27.767974	1.517087	-0.572826	-28.106286	-0.040038	-2.071727	-27.763992	1.521010	-0.583007	-28.083758	-0.068029	-2.055993	-27.743982	1.552798	-0.550563	-28.109121	-0.061928	-2.049789	-28.167398	0.995437	-1.113511	-28.193699	0.938990	-1.210778	-27.834832	0.948698	-1.064195	-27.824646	0.971687	-1.133867	-28.175379	0.456437	-1.136902	-27.831773	0.436892	-1.106899	-28.161144	-0.025294	-1.114341	-28.187315	-0.077139	-1.156305	-27.854006	-0.044207	-1.097660	-27.821866	-0.052162	-1.093970
14	0.180615	00:00:00:14	-27.975915	1.648904	-1.247725	-27.935930	1.664987	-1.135062	-28.042117	1.657008	-1.157191	-28.013857	1.569647	-1.141194	-28.048628	1.544966	-1.106322	-28.150564	1.536460	-1.178243	-27.871965	1.537499	-1.139526	-27.933108	1.503473	-0.872057	-27.979732	0.762112	-1.593643	-27.789105	1.541977	-0.591462	-28.076163	-0.031965	-2.070687	-27.742433	1.519743	-0.550502	-28.078362	-0.039400	-2.068518	-27.759861	1.536079	-0.576646	-28.100163	-0.048921	-2.068885	-28.210594	0.950961	-1.114742	-28.172849	0.962877	-1.202411	-27.827315	0.956773	-1.085241	-27.816573	0.975717	-1.160746	-28.189901	0.466002	-1.139945	-27.831355	0.447608	-1.110463	-28.166081	-0.052978	-1.103178	-28.204950	-0.070749	-1.195898	-27.809345	-0.054172	-1.058631	-27.827415	-0.049593	-1.126434
15	0.194508	00:00:00:15	-28.017778	1.642331	-1.232766	-27.971937	1.681086	-1.128772	-28.074973	1.684034	-1.125425	-28.007265	1.504722	-1.169006	-28.002889	1.532901	-1.119322	-28.143588	1.541976	-1.149362	-27.862778	1.549678	-1.123053	-27.984615	1.536261	-0.876919	-27.941460	0.745394	-1.581026	-27.788149	1.532531	-0.589038	-28.100069	-0.033917	-2.082039	-27.747190	1.533745	-0.566738	-28.112196	-0.062367	-2.057700	-27.765552	1.545713	-0.562431	-28.076283	-0.063152	-2.078954	-28.172488	0.988187	-1.140458	-28.164681	0.957776	-1.206105	-27.811602	0.996428	-1.077850	-27.802079	0.966301	-1.149126	-28.151867	0.456831	-1.136456	-27.841610	0.463934	-1.106860	-28.184141	-0.041935	-1.113013	-28.195506	-0.052545	-1.148449	-27.857335	-0.012738	-1.068525	-27.825032	-0.060599	-1.127931
16	0.208402	00:00:00:16	-27.998746	1.631750	-1.218099	-27.956717	1.669181	-1.106283	-28.086677	1.670315	-1.119470	-28.005811	1.539926	-1.143391	-28.006579	1.541457	-1.083124	-28.152708	1.517360	-1.158754	-27.850319	1.552749	-1.137906	-27.916550	1.523384	-0.867913	-27.971956	0.772877	-1.593068	-27.731968	1.504922	-0.543142	-28.092629	-0.022788	-2.061200	-27.763049	1.512608	-0.573338	-28.110663	-0.049645	-2.050075	-27.752968	1.519936	-0.579486	-28.080382	-0.025976	-2.089214	-28.175246	1.009678	-1.121736	-28.142455	0.961917	-1.172249	-27.840291	0.991247	-1.099980	-27.798548	0.974392	-1.145069	-28.201190	0.449433	-1.121895	-27.804683	0.447715	-1.119256	-28.178686	-0.078090	-1.105452	-28.157678	-0.040748	-1.172920	-27.794182	-0.030287	-1.066837	-27.823760	-0.060083	-1.133278
17	0.222295	00:00:00:17	-28.007666	1.639959	-1.222286	-27.969057	1.676187	-1.105261	-28.044950	1.667161	-1.134669	-28.007038	1.544943	-1.197920	-28.020046	1.554199	-1.124121	-28.169233	1.543635	-1.171271	-27.845075	1.537231	-1.139325	-27.963928	1.492159	-0.884169	-27.966771	0.747999	-1.612409	-27.738642	1.540448	-0.563246	-28.065511	-0.045701	-2.067201	-27.756366	1.523213	-0.593966	-28.085732	-0.049199	-2.080302	-27.755300	1.515128	-0.564729	-28.072523	-0.047865	-2.060373	-28.189409	0.976576	-1.125737	-28.158608	0.965869	-1.194104	-27.817963	0.975253	-1.105776	-27.816991	0.960490	-1.161893	-28.195252	0.458405	-1.169012	-27.826060	0.464473	-1.120793	-28.156308	-0.055996	-1.097671	-28.174609	-0.056598	-1.192192	-27.836078	-0.021427	-1.061402	-27.813482	-0.061381	-1.130012
18	0.236189	00:00:00:18	-27.975747	1.632074	-1.264312	-27.947380	1.651163	-1.087622	-28.055558	1.688331	-1.126530	-28.008585	1.536051	-1.145517	-27.998653	1.564090	-1.113801	-28.130959	1.575739	-1.149370	-27.865336	1.524739	-1.149007	-27.947260	1.527685	-0.882338	-27.994359	0.733408	-1.596641	-27.739131	1.531838	-0.567682	-28.102492	-0.045980	-2.077159	-27.761480	1.521671	-0.583500	-28.108064	-0.040214	-2.048524	-27.770002	1.521480	-0.590368	-28.086322	-0.046940	-2.071658	-28.197017	0.980247	-1.155291	-28.180315	0.959676	-1.204562	-27.853686	0.989392	-1.097413	-27.804435	0.970258	-1.170208	-28.203825	0.447106	-1.161346	-27.803085	0.455803	-1.133156	-28.174088	-0.043217	-1.126855	-28.181042	-0.079229	-1.155088	-27.842599	-0.059563	-1.094057	-27.817672	-0.040681	-1.092790
19	0.250082	00:00:00:19	-27.966507	1.616062	-1.256224	-27.920613	1.672013	-1.113100	-28.087686	1.676301	-1.105177	-28.007580	1.531368	-1.137916	-27.993985	1.578014	-1.118961	-28.173839	1.538691	-1.184942	-27.853968	1.556218	-1.158217	-27.969937	1.545321	-0.857304	-27.961571	0.734856	-1.586918	-27.772630	1.514483	-0.576497	-28.105394	-0.050536	-2.078309	-27.771895	1.555820	-0.564136	-28.109403	-0.032381	-2.077611	-27.794821	1.500935	-0.561777	-28.102498	-0.021869	-2.043565	-28.182146	0.986902	-1.117709	-28.196610	0.964369	-1.184096	-27.805436	0.989483	-1.075355	-27.826765	0.954507	-1.112538	-28.180560	0.435980	-1.142548	-27.829834	0.447583	-1.123881	-28.174954	-0.065714	-1.122920	-28.145076	-0.100329	-1.184009	-27.822567	-0.036990	-1.103679	-27.851645	-0.068406	-1.127652
20	0.263975	00:00:00:20	-27.985088	1.623137	-1.224785	-27.937811	1.665750	-1.136727	-28.068028	1.650242	-1.110837	-27.983444	1.546788	-1.187669	-27.988306	1.536971	-1.120558	-28.167007	1.541956	-1.173389	-27.860446	1.541408	-1.144519	-27.932260	1.556732	-0.878630	-27.984662	0.749622	-1.608212	-27.762782	1.552702	-0.625797	-28.097116	-0.025701	-2.059754	-27.760241	1.540641	-0.573342	-28.078012	-0.040843	-2.034335	-27.774008	1.555533	-0.545114	-28.069295	-0.081498	-2.085133	-28.169869	0.988486	-1.136233	-28.152770	0.953579	-1.187067	-27.809663	0.973938	-1.108654	-27.814540	0.941746	-1.182450	-28.183018	0.447516	-1.170502	-27.830245	0.470057	-1.117825	-28.187133	-0.051693	-1.105674	-28.173432	-0.071090	-1.161392	-27.838216	-0.053833	-1.062977	-27.800607	-0.054008	-1.121814
21	0.277869	00:00:00:21	-28.004012	1.647220	-1.242079	-27.900936	1.695441	-1.087344	-28.062339	1.684304	-1.131557	-27.987495	1.523990	-1.141604	-28.002718	1.571967	-1.077345	-28.154607	1.534876	-1.144797	-27.856311	1.536469	-1.144632	-27.947276	1.569611	-0.866469	-27.987511	0.749574	-1.605983	-27.757417	1.511900	-0.569194	-28.089203	-0.059141	-2.040999	-27.749900	1.550558	-0.555330	-28.048473	-0.076187	-2.091218	-27.759202	1.515005	-0.567086	-28.091163	-0.057991	-2.060253	-28.171931	0.972826	-1.080206	-28.166100	0.988606	-1.194800	-27.843713	0.982063	-1.068891	-27.862522	0.959574	-1.145774	-28.177594	0.462347	-1.143342	-27.818553	0.489502	-1.138196	-28.189616	-0.012956	-1.119756	-28.167445	-0.074493	-1.192670	-27.806310	-0.053818	-1.075979	-27.791670	-0.088486	-1.133459
22	0.291762	00:00:00:22	-28.027741	1.635700	-1.220999	-27.972287	1.673676	-1.087678	-28.090050	1.675804	-1.116603	-28.012646	1.509062	-1.163103	-27.998690	1.552592	-1.100550	-28.156315	1.529937	-1.184937	-27.818883	1.565699	-1.172525	-27.904369	1.534164	-0.863204	-27.970206	0.762862	-1.619337	-27.768027	1.549884	-0.560520	-28.103712	-0.045502	-2.058512	-27.714758	1.520970	-0.569086	-28.071216	-0.043900	-2.066730	-27.765617	1.503886	-0.603779	-28.093117	-0.066767	-2.068462	-28.203194	0.946885	-1.114853	-28.218920	0.960493	-1.193755	-27.813157	1.007584	-1.083578	-27.833241	0.971703	-1.135151	-28.166368	0.482648	-1.176044	-27.820602	0.419558	-1.122289	-28.204219	-0.066026	-1.112424	-28.157909	-0.057111	-1.171171	-27.817474	-0.051037	-1.074701	-27.807474	-0.067277	-1.110691
23	0.305656	00:00:00:23	-27.984685	1.639616	-1.214095	-27.938383	1.676176	-1.098737	-28.063736	1.659152	-1.157248	-27.995520	1.562843	-1.163248	-27.975177	1.569640	-1.119812	-28.151773	1.552754	-1.167849	-27.878832	1.542883	-1.110849	-27.956683	1.521860	-0.865895	-27.968127	0.759986	-1.596911	-27.757961	1.533856	-0.558331	-28.102882	-0.033748	-2.059116	-27.740236	1.556143	-0.542928	-28.103994	-0.027003	-2.065727	-27.752712	1.555799	-0.564247	-28.095717	-0.045012	-2.072950	-28.201480	0.994280	-1.115559	-28.186349	0.937359	-1.167383	-27.838463	0.964894	-1.070446	-27.845791	0.983001	-1.172387	-28.198440	0.480956	-1.133498	-27.828442	0.480716	-1.087081	-28.203143	-0.049510	-1.069695	-28.191077	-0.072871	-1.112864	-27.831863	-0.035637	-1.072701	-27.811108	-0.064239	-1.128601
24	0.319549	00:00:00:24	-27.979815	1.633624	-1.239548	-27.947716	1.685260	-1.108758	-28.068868	1.683438	-1.104730	-28.009085	1.558451	-1.174088	-28.002757	1.582779	-1.126632	-28.145093	1.551484	-1.158925	-27.874523	1.541562	-1.117228	-27.954113	1.564863	-0.873175	-27.968880	0.743766	-1.621199	-27.781451	1.537014	-0.554261	-28.070593	-0.080178	-2.065664	-27.742758	1.552646	-0.544822	-28.061942	-0.039556	-2.074724	-27.735899	1.513090	-0.550547	-28.102119	-0.068689	-2.048086	-28.177485	0.985590	-1.146086	-28.156466	0.956336	-1.185948	-27.821874	0.983731	-1.074348	-27.821233	0.957566	-1.193625	-28.191888	0.463446	-1.157354	-27.824268	0.478537	-1.107405	-28.174585	-0.045604	-1.116113	-28.195308	-0.073087	-1.193214	-27.837811	-0.040024	-1.051587	-27.792516	-0.093266	-1.119513
25	0.333443	00:00:00:25	-27.985539	1.613794	-1.235183	-27.927111	1.672856	-1.094465	-28.061351	1.652648	-1.121356	-28.009836	1.568560	-1.146782	-28.011733	1.573644	-1.114469	-28.148365	1.531633	-1.158535	-27.863972	1.531146	-1.118921	-27.964088	1.540570	-0.874059	-28.013234	0.762830	-1.586417	-27.775543	1.512529	-0.570437	-28.103685	-0.018521	-2.061861	-27.769820	1.534962	-0.600511	-28.081875	-0.041824	-2.053383	-27.755032	1.538867	-0.564721	-28.105366	-0.051547	-2.092823	-28.163111	0.998220	-1.180929	-28.142254	0.982741	-1.198395	-27.808793	0.974138	-1.074716	-27.828855	0.945222	-1.145423	-28.172316	0.457776	-1.155164	-27.830709	0.418255	-1.093855	-28.198177	-0.058999	-1.112252	-28.167202	-0.085970	-1.175940	-27.813458	-0.079070	-1.067439	-27.822994	-0.077040	-1.186104
26	0.347336	00:00:00:26	-27.995809	1.664382	-1.268877	-27.928793	1.685717	-1.117470	-28.060434	1.644021	-1.143100	-27.983734	1.546191	-1.132229	-28.009499	1.528556	-1.112507	-28.148287	1.538443	-1.165372	-27.886778	1.526392	-1.135315	-27.941022	1.544490	-0.875633	-27.942907	0.745792	-1.614130	-27.738454	1.540019	-0.596366	-28.076897	-0.033161	-2.064680	-27.764255	1.533898	-0.572190	-28.086026	-0.063931	-2.101572	-27.771765	1.552717	-0.553760	-28.093398	-0.028784	-2.044787	-28.170946	1.000625	-1.111943	-28.181708	0.962316	-1.168814	-27.862700	0.997062	-1.073421	-27.772990	0.940446	-1.147813	-28.179942	0.449314	-1.158116	-27.830557	0.454484	-1.091430	-28.198570	-0.024885	-1.097196	-28.185379	-0.072914	-1.156322	-27.839453	-0.074415	-1.042386	-27.806010	-0.093858	-1.153464
27	0.361230	00:00:00:27	-27.983965	1.633065	-1.244421	-27.936669	1.661469	-1.129841	-28.060989	1.652610	-1.145404	-27.984379	1.557249	-1.157070	-28.035173	1.571896	-1.103248	-28.165404	1.564095	-1.162908	-27.845575	1.569996	-1.150617	-27.950922	1.549564	-0.852576	-27.984246	0.782643	-1.604078	-27.757964	1.548498	-0.552450	-28.092081	-0.023965	-2.081072	-27.759788	1.521916	-0.567142	-28.064459	-0.063365	-2.034215	-27.754444	1.534638	-0.593400	-28.112006	-0.028316	-2.097673	-28.217802	0.964042	-1.133815	-28.198400	0.961588	-1.163587	-27.838853	0.971501	-1.098203	-27.831330	0.929015	-1.108130	-28.168012	0.447454	-1.154945	-27.808329	0.487915	-1.069956	-28.184887	-0.043505	-1.115611	-28.165266	-0.076676	-1.163740	-27.818047	-0.041494	-1.062388	-27.835760	-0.058310	-1.148581
28	0.375123	00:00:00:28	-28.015293	1.620529	-1.243204	-27.963152	1.691116	-1.122887	-28.041889	1.695466	-1.158873	-28.005131	1.539013	-1.167573	-28.039136	1.570616	-1.127852	-28.170730	1.535884	-1.186625	-27.841274	1.561433	-1.124847	-27.958618	1.545015	-0.876276	-27.964857	0.759833	-1.586857	-27.756124	1.528215	-0.571698	-28.086028	-0.046424	-2.082133	-27.757684	1.533988	-0.593292	-28.109092	-0.044411	-2.040805	-27.760904	1.529440	-0.536373	-28.084225	-0.079520	-2.051835	-28.169348	0.991441	-1.103200	-28.222971	0.986681	-1.175846	-27.829308	0.981611	-1.107707	-27.834782	0.980302	-1.155686	-28.166802	0.423200	-1.173057	-27.854218	0.477580	-1.104435	-28.180327	-0.041314	-1.113548	-28.184301	-0.087523	-1.173285	-27.825631	-0.049993	-1.048385	-27.814304	-0.096369	-1.114128
29	0.389016	00:00:00:29	-28.016974	1.626803	-1.216409	-27.952659	1.692374	-1.106836	-28.078166	1.659070	-1.145161	-28.020379	1.535524	-1.162322	-27.996192	1.559521	-1.134732	-28.120535	1.562763	-1.170306	-27.851549	1.539633	-1.125605	-27.918516	1.544937	-0.841800	-27.996461	0.780779	-1.609664	-27.762834	1.534148	-0.588536	-28.086931	-0.023339	-2.045763	-27.757262	1.546782	-0.568350	-28.091391	-0.097655	-2.066354	-27.787213	1.561423	-0.574094	-28.095364	-0.066713	-2.073213	-28.135568	0.989538	-1.111183	-28.210106	0.945657	-1.192484	-27.821977	1.003560	-1.079577	-27.822872	0.985022	-1.160480	-28.150448	0.434076	-1.150723	-27.789462	0.478687	-1.124482	-28.192680	-0.064837	-1.101142	-28.175864	-0.057256	-1.187328	-27.844197	-0.026448	-1.075019	-27.803331	-0.055579	-1.132023
30	0.402910	00:00:00:30	-27.986151	1.633549	-1.249786	-27.951576	1.628838	-1.135543	-28.057084	1.660436	-1.117826	-27.995698	1.547327	-1.160844	-28.023393	1.559664	-1.117634	-28.146407	1.562354	-1.160253	-27.824791	1.521156	-1.136073	-27.960641	1.525169	-0.868159	-27.975283	0.759546	-1.607945	-27.752416	1.506134	-0.574722	-28.139169	-0.054503	-2.097554	-27.762361	1.549874	-0.578830	-28.103039	-0.041634	-2.067139	-27.776504	1.540038	-0.573170	-28.089856	-0.021174	-2.090890	-28.188178	0.949786	-1.119924	-28.193372	1.003943	-1.183068	-27.830146	0.999104	-1.121182	-27.807906	0.981959	-1.137392	-28.165421	0.467804	-1.139226	-27.800122	0.421240	-1.108246	-28.190840	-0.043532	-1.131908	-28.182595	-0.067247	-1.136282	-27.810542	-0.045875	-1.069955	-27.803085	-0.066651	-1.108076
31	0.416803	00:00:00:31	-28.006246	1.631087	-1.242258	-27.917822	1.681753	-1.106337	-28.054347	1.676135	-1.108864	-28.010175	1.533494	-1.193851	-27.994401	1.575304	-1.107996	-28.136579	1.564147	-1.178389	-27.857925	1.517647	-1.156988	-27.926719	1.568181	-0.861596	-27.991371	0.766156	-1.586596	-27.722934	1.523409	-0.584263	-28.046988	-0.042487	-2.067417	-27.756283	1.535778	-0.604471	-28.080607	-0.023803	-2.038502	-27.761176	1.529925	-0.559663	-28.102298	-0.041263	-2.053402	-28.165582	0.987724	-1.148457	-28.158922	0.982780	-1.194594	-27.818268	0.961379	-1.115217	-27.796956	0.978095	-1.145516	-28.167135	0.405788	-1.157293	-27.831928	0.461340	-1.137807	-28.180450	-0.039656	-1.099262	-28.164800	-0.066601	-1.134551	-27.817648	-0.039847	-1.077643	-27.821386	-0.071155	-1.143883
32	0.430697	00:00:00:32	-27.993824	1.635318	-1.230519	-27.955298	1.653031	-1.112352	-28.047371	1.687855	-1.140818	-27.989385	1.522335	-1.144619	-27.992429	1.527373	-1.101264	-28.137287	1.562773	-1.201120	-27.864647	1.519542	-1.139397	-27.968538	1.544686	-0.871568	-27.991064	0.738447	-1.586827	-27.714114	1.559522	-0.539358	-28.051861	-0.050941	-2.033130	-27.748226	1.557026	-0.551258	-28.064984	-0.044858	-2.090080	-27.758896	1.527314	-0.564851	-28.111398	-0.036343	-2.060461	-28.181442	0.982703	-1.113548	-28.181571	0.931478	-1.182410	-27.826678	0.974621	-1.077517	-27.837446	0.958212	-1.169651	-28.197396	0.465728	-1.172818	-27.812128	0.459595	-1.104811	-28.183901	-0.050363	-1.105951	-28.165359	-0.064308	-1.174648	-27.850885	-0.039280	-1.094577	-27.848737	-0.091190	-1.088379
33	0.444590	00:00:00:33	-27.980125	1.623337	-1.232760	-27.982960	1.676199	-1.115918	-28.089141	1.648066	-1.142984	-28.031907	1.547122	-1.169242	-28.019220	1.547393	-1.097984	-28.138749	1.576228	-1.179441	-27.829447	1.533145	-1.117282	-27.958399	1.565869	-0.862170	-27.993338	0.751315	-1.644611	-27.779632	1.520874	-0.557153	-28.110264	-0.072172	-2.100469	-27.739552	1.540882	-0.581569	-28.090710	-0.060776	-2.040765	-27.752354	1.529784	-0.589057	-28.091218	-0.058620	-2.094868	-28.213538	0.972071	-1.132237	-28.185469	0.974800	-1.170488	-27.820184	0.989465	-1.063649	-27.843459	0.944157	-1.159988	-28.179840	0.442309	-1.126499	-27.811996	0.443426	-1.130356	-28.191850	-0.048221	-1.089855	-28.179581	-0.100292	-1.185026	-27.818505	-0.050017	-1.061850	-27.829523	-0.054883	-1.141129
34	0.458484	00:00:00:34	-27.994738	1.625479	-1.243767	-27.942564	1.656077	-1.122222	-28.089802	1.662884	-1.116880	-27.967852	1.535235	-1.152327	-28.000544	1.528699	-1.099002	-28.109439	1.558725	-1.166817	-27.867341	1.552780	-1.131203	-27.945860	1.534554	-0.892380	-27.957762	0.731862	-1.598494	-27.728675	1.524263	-0.552523	-28.095895	-0.072948	-2.050827	-27.746797	1.528947	-0.571627	-28.085036	-0.020036	-2.056072	-27.772631	1.528815	-0.598310	-28.079063	-0.032110	-2.093362	-28.168205	0.960450	-1.120337	-28.186456	0.961165	-1.193440	-27.838013	0.935976	-1.071367	-27.843803	0.985643	-1.169172	-28.176472	0.454018	-1.159142	-27.832229	0.462367	-1.125945	-28.199169	-0.053412	-1.096870	-28.188138	-0.089469	-1.171328	-27.804604	-0.028947	-1.068674	-27.833777	-0.019728	-1.119552
35	0.472377	00:00:00:35	-27.998686	1.640877	-1.226188	-27.952529	1.663228	-1.122417	-28.060159	1.665464	-1.138723	-27.993651	1.563554	-1.182145	-28.014968	1.550995	-1.116742	-28.164011	1.550376	-1.160495	-27.847773	1.541594	-1.134543	-27.966247	1.528689	-0.892707	-27.964192	0.761671	-1.632179	-27.774369	1.517571	-0.577268	-28.074970	-0.042566	-2.076477	-27.745530	1.557409	-0.581578	-28.095070	-0.057340	-2.037886	-27.729749	1.529324	-0.562083	-28.098138	-0.057282	-2.087007	-28.168359	0.981561	-1.097722	-28.154512	0.927217	-1.187216	-27.799021	0.982604	-1.055749	-27.818135	0.975746	-1.151736	-28.182403	0.452285	-1.165512	-27.807527	0.480093	-1.131896	-28.193167	-0.028534	-1.121699	-28.157098	-0.042328	-1.193517	-27.800920	-0.057709	-1.055908	-27.847043	-0.076936	-1.129311
36	0.486271	00:00:00:36	-27.972606	1.640166	-1.227626	-27.948042	1.647098	-1.096875	-28.052185	1.700820	-1.148829	-27.977510	1.580151	-1.165747	-27.995115	1.557407	-1.129802	-28.131830	1.536987	-1.201346	-27.902775	1.520875	-1.157997	-27.961255	1.546417	-0.854030	-27.959294	0.757575	-1.602063	-27.728984	1.567984	-0.578888	-28.109620	-0.033711	-2.054342	-27.758221	1.561853	-0.565965	-28.070607	-0.026799	-2.050207	-27.771851	1.534156	-0.585180	-28.113651	-0.043228	-2.068609	-28.183927	0.981640	-1.084846	-28.201366	0.941867	-1.163366	-27.842062	0.990271	-1.075784	-27.845456	0.969211	-1.158558	-28.163198	0.479618	-1.121196	-27.789685	0.443169	-1.090596	-28.170146	-0.045488	-1.125320	-28.171899	-0.075026	-1.152162	-27.829365	-0.031278	-1.080094	-27.809260	-0.060110	-1.132783
37	0.500164	00:00:00:37	-27.998487	1.660194	-1.212911	-27.981743	1.691229	-1.130718	-28.081494	1.687632	-1.128840	-27.993220	1.552259	-1.146273	-28.033204	1.595351	-1.115846	-28.155148	1.547749	-1.134298	-27.863283	1.566408	-1.153650	-27.972668	1.546941	-0.872846	-28.002658	0.784963	-1.584567	-27.769339	1.523816	-0.579876	-28.110860	-0.033560	-2.061047	-27.753750	1.541161	-0.573939	-28.109712	-0.061958	-2.076887	-27.755242	1.526038	-0.565743	-28.085420	-0.035495	-2.068190	-28.214194	0.984010	-1.100767	-28.172097	0.940838	-1.175578	-27.830225	0.998395	-1.089537	-27.815604	0.956594	-1.138702	-28.142720	0.452940	-1.163053	-27.845464	0.464729	-1.071246	-28.192660	-0.017498	-1.119651	-28.216819	-0.063591	-1.167651	-27.837791	-0.045097	-1.077596	-27.806302	-0.077586	-1.135147
38	0.514057	00:00:00:38	-27.997209	1.625684	-1.239239	-27.945800	1.682917	-1.120612	-28.050235	1.694224	-1.127384	-27.986213	1.550651	-1.191041	-27.989472	1.578759	-1.105873	-28.168901	1.530761	-1.167580	-27.815037	1.551468	-1.124026	-27.951876	1.521460	-0.892789	-27.944879	0.748949	-1.612226	-27.743416	1.521518	-0.585923	-28.093466	-0.069215	-2.078265	-27.768959	1.545972	-0.564165	-28.113056	-0.078647	-2.092757	-27.772481	1.531460	-0.586636	-28.094831	-0.014693	-2.070863	-28.194420	0.999220	-1.123818	-28.187877	0.954731	-1.201235	-27.833807	0.974506	-1.063096	-27.828479	0.952235	-1.156862	-28.164929	0.457527	-1.117776	-27.782834	0.495683	-1.150978	-28.174340	-0.015558	-1.115766	-28.157932	-0.083214	-1.172425	-27.837765	-0.063729	-1.068967	-27.822549	-0.072497	-1.103974
39	0.527951	00:00:00:39	-27.997885	1.652600	-1.254273	-27.930391	1.683196	-1.088668	-28.082056	1.656340	-1.122326	-28.001907	1.531207	-1.165655	-28.022187	1.540629	-1.104135	-28.153234	1.512026	-1.149309	-27.876598	1.539955	-1.133108	-27.930355	1.534192	-0.869783	-27.975995	0.727106	-1.595432	-27.749626	1.482025	-0.566257	-28.090402	-0.049883	-2.048907	-27.780827	1.560026	-0.577122	-28.053919	-0.039885	-2.059942	-27.725815	1.547940	-0.557781	-28.117526	-0.070415	-2.080510	-28.180427	0.964679	-1.132698	-28.185798	0.950288	-1.208457	-27.828791	0.950866	-1.067945	-27.815396	0.944508	-1.151948	-28.191719	0.481271	-1.126646	-27.830619	0.445802	-1.116169	-28.186444	-0.060631	-1.128118	-28.173616	-0.080461	-1.160210	-27.809853	-0.057373	-1.035048	-27.823642	-0.079005	-1.155623
40	0.541844	00:00:00:40	-28.013205	1.611609	-1.212819	-27.965027	1.655978	-1.139904	-28.069641	1.635938	-1.123970	-27.982002	1.532031	-1.159338	-27.972781	1.560696	-1.116508	-28.189185	1.522292	-1.137072	-27.871321	1.546828	-1.152782	-27.951976	1.543330	-0.876639	-27.986968	0.753863	-1.620534	-27.768743	1.519114	-0.608441	-28.102539	-0.053516	-2.079743	-27.766566	1.542164	-0.615240	-28.040170	-0.062060	-2.086767	-27.748539	1.501661	-0.573616	-28.116428	-0.048905	-2.062759	-28.169348	0.988120	-1.132254	-28.172554	0.971595	-1.185825	-27.831787	1.000524	-1.056189	-27.830157	0.972092	-1.133493	-28.153918	0.457793	-1.145047	-27.810119	0.458629	-1.138769	-28.199273	-0.044686	-1.092171	-28.176738	-0.046923	-1.150328	-27.811346	-0.056425	-1.091746	-27.813406	-0.077462	-1.132142
41	0.555738	00:00:00:41	-27.996307	1.667908	-1.222678	-27.923632	1.672977	-1.101881	-28.079548	1.682779	-1.150042	-28.010452	1.556766	-1.171686	-28.023969	1.564405	-1.144226	-28.142444	1.553813	-1.153679	-27.858851	1.531531	-1.137742	-27.941582	1.541740	-0.877832	-27.995124	0.752844	-1.593762	-27.747550	1.526385	-0.603678	-28.096315	-0.060922	-2.058459	-27.743867	1.530981	-0.564927	-28.084740	-0.044071	-2.087309	-27.764596	1.536026	-0.613980	-28.092759	-0.054581	-2.053720	-28.167503	0.969778	-1.151589	-28.146987	0.966947	-1.186810	-27.821826	0.972172	-1.108406	-27.811795	0.974179	-1.168089	-28.185841	0.458168	-1.136565	-27.835572	0.463075	-1.097219	-28.189501	-0.028541	-1.135099	-28.196784	-0.093521	-1.176455	-27.849382	-0.053871	-1.069605	-27.821260	-0.079417	-1.112446
42	0.569631	00:00:00:42	-27.988053	1.639134	-1.236544	-27.924047	1.661275	-1.108495	-28.085955	1.676119	-1.129789	-27.990605	1.535208	-1.176194	-28.025544	1.507808	-1.136903	-28.155377	1.556863	-1.175450	-27.871953	1.579766	-1.156512	-27.959945	1.525784	-0.873267	-27.955920	0.785774	-1.616107	-27.761399	1.540313	-0.571428	-28.113144	-0.022509	-2.021469	-27.740002	1.530346	-0.568676	-28.102538	-0.042815	-2.037518	-27.722684	1.570481	-0.562096	-28.098821	-0.030225	-2.096763	-28.189498	0.988009	-1.119469	-28.167214	0.969767	-1.198496	-27.855662	0.983581	-1.087279	-27.827786	0.963999	-1.143357	-28.170142	0.467405	-1.138191	-27.858870	0.456946	-1.100510	-28.177424	-0.057371	-1.064843	-28.190280	-0.084287	-1.175762	-27.802598	-0.065030	-1.089238	-27.820711	-0.093496	-1.112946
43	0.583525	00:00:00:43	-28.004623	1.616181	-1.212924	-27.950651	1.642436	-1.113040	-28.065612	1.658108	-1.137287	-28.001685	1.518554	-1.147836	-27.996781	1.575654	-1.134668	-28.163767	1.549134	-1.209264	-27.880729	1.577980	-1.145982	-27.928901	1.535980	-0.878670	-27.955693	0.736403	-1.603294	-27.760917	1.511921	-0.549281	-28.113631	-0.069485	-2.068844	-27.782766	1.531504	-0.571907	-28.098508	-0.031200	-2.074481	-27.713362	1.547457	-0.563394	-28.072323	-0.057863	-2.081553	-28.174380	1.013593	-1.127013	-28.190358	0.956809	-1.230347	-27.856565	0.990013	-1.074368	-27.816237	0.941736	-1.163165	-28.180406	0.489425	-1.131534	-27.827813	0.487727	-1.115125	-28.177602	-0.050016	-1.111302	-28.179145	-0.072730	-1.169286	-27.801480	-0.034709	-1.077108	-27.807952	-0.036217	-1.102569
44	0.597418	00:00:00:44	-27.968232	1.613390	-1.203932	-27.942372	1.666650	-1.124779	-28.033482	1.691695	-1.135250	-28.019798	1.531005	-1.169751	-27.978000	1.543330	-1.116893	-28.134915	1.558630	-1.147740	-27.866875	1.532948	-1.125996	-27.958971	1.527369	-0.863026	-27.993848	0.775004	-1.601556	-27.768378	1.538219	-0.588742	-28.090965	-0.085999	-2.075555	-27.732316	1.558941	-0.607932	-28.106045	-0.043223	-2.094884	-27.733883	1.492731	-0.587723	-28.083827	-0.044574	-2.090121	-28.174100	0.986739	-1.119446	-28.201061	0.937226	-1.173004	-27.823862	0.943092	-1.094234	-27.860678	0.981953	-1.154743	-28.214228	0.451305	-1.126287	-27.808417	0.449412	-1.108299	-28.141515	-0.056306	-1.094591	-28.166547	-0.036220	-1.158377	-27.816927	-0.048128	-1.033127	-27.805246	-0.062899	-1.131836
45	0.611312	00:00:00:45	-28.019357	1.643329	-1.225409	-27.915964	1.658875	-1.136878	-28.070221	1.666935	-1.136772	-27.998655	1.553512	-1.169666	-28.009221	1.570409	-1.077809	-28.142359	1.496195	-1.205175	-27.857251	1.516883	-1.135229	-27.928532	1.500142	-0.862273	-27.980331	0.779223	-1.608677	-27.757857	1.513391	-0.577745	-28.132361	-0.052878	-2.103936	-27.743404	1.548420	-0.598061	-28.095638	-0.044604	-2.075515	-27.720591	1.576474	-0.601738	-28.095417	-0.024365	-2.057968	-28.176723	0.993659	-1.159624	-28.182277	0.964083	-1.191440	-27.818215	0.986330	-1.080161	-27.840060	1.000602	-1.158975	-28.181697	0.481995	-1.162838	-27.837585	0.416351	-1.103626	-28.191155	-0.017249	-1.056464	-28.155267	-0.064656	-1.193913	-27.843810	-0.066642	-1.074825	-27.816848	-0.056515	-1.136930
46	0.625205	00:00:00:46	-28.001511	1.631087	-1.261500	-27.973125	1.702432	-1.115153	-28.054862	1.703438	-1.164073	-27.982639	1.562924	-1.153495	-27.991091	1.603057	-1.127487	-28.141159	1.570215	-1.173571	-27.888954	1.543063	-1.114797	-27.964753	1.526309	-0.853228	-27.982337	0.783026	-1.585146	-27.750034	1.523299	-0.553547	-28.097465	-0.039495	-2.058176	-27.780361	1.544543	-0.569666	-28.103007	-0.055028	-2.048962	-27.766043	1.535265	-0.570667	-28.117323	-0.058846	-2.051154	-28.182622	0.963624	-1.129685	-28.177493	0.941688	-1.172593	-27.832957	0.962390	-1.078167	-27.802793	0.970341	-1.142347	-28.181816	0.458390	-1.146135	-27.805895	0.452581	-1.115921	-28.195053	-0.050843	-1.117556	-28.187471	-0.071054	-1.177436	-27.819707	-0.044958	-1.056485	-27.788728	-0.070207	-1.152388
47	0.639098	00:00:00:47	-28.021632	1.636164	-1.212228	-27.943319	1.691373	-1.105918	-28.095946	1.680080	-1.155340	-27.986807	1.551206	-1.130183	-28.008056	1.549799	-1.108105	-28.136686	1.555920	-1.154300	-27.842626	1.507230	-1.140953	-27.959042	1.560807	-0.870211	-27.971177	0.756195	-1.595558	-27.761150	1.531242	-0.566375	-28.066872	-0.065423	-2.058828	-27.758460	1.552979	-0.573418	-28.111013	-0.057500	-2.040036	-27.759776	1.518084	-0.568083	-28.085214	-0.021142	-2.041048	-28.186299	1.004038	-1.149501	-28.159475	0.950161	-1.177117	-27.838055	0.981152	-1.087163	-27.824338	0.945672	-1.171368	-28.160443	0.474566	-1.158048	-27.808963	0.448950	-1.081303	-28.211288	-0.027509	-1.091073	-28.186894	-0.066650	-1.152440	-27.833303	-0.057138	-1.108575	-27.812178	-0.057830	-1.152994
48	0.652992	00:00:00:48	-28.032069	1.632990	-1.242548	-27.964435	1.694695	-1.113546	-28.062508	1.672255	-1.161267	-27.989166	1.551616	-1.174870	-28.006836	1.544912	-1.111879	-28.169331	1.546730	-1.178365	-27.843956	1.553228	-1.166814	-27.952362	1.522823	-0.863113	-27.942111	0.737206	-1.583569	-27.772668	1.526148	-0.582638	-28.068733	-0.018460	-2.046553	-27.734508	1.503759	-0.564189	-28.117631	-0.051569	-2.083607	-27.788614	1.513238	-0.605238	-28.112508	-0.057893	-2.029365	-28.169710	0.973684	-1.136193	-28.162392	0.959067	-1.193482	-27.848241	0.994266	-1.089747	-27.799178	0.986476	-1.158901	-28.165631	0.469469	-1.147833	-27.803631	0.455297	-1.102381	-28.175215	-0.063334	-1.079823	-28.184138	-0.070541	-1.148918	-27.808929	-0.069177	-1.097177	-27.825757	-0.043045	-1.116890
49	0.666885	00:00:00:49	-27.979716	1.625681	-1.258407	-27.949150	1.688155	-1.125369	-28.052729	1.665954	-1.125535	-28.005349	1.540464	-1.149882	-28.000581	1.579654	-1.119009	-28.164923	1.528772	-1.186422	-27.855887	1.554180	-1.135898	-27.948226	1.532641	-0.858329	-27.968826	0.765814	-1.612921	-27.757627	1.526679	-0.581009	-28.096907	-0.050311	-2.077747	-27.723898	1.533389	-0.563240	-28.087007	-0.031237	-2.054541	-27.753285	1.552059	-0.621025	-28.068925	-0.058598	-2.063648	-28.152102	0.968509	-1.140175	-28.206368	0.939991	-1.179319	-27.827713	1.002326	-1.131173	-27.828452	0.960958	-1.139874	-28.184091	0.440998	-1.146385	-27.807322	0.431914	-1.108468	-28.167645	-0.057300	-1.126898	-28.182966	-0.077247	-1.178978	-27.842198	-0.039459	-1.116341	-27.835838	-0.068741	-1.130083
50	0.680779	00:00:00:50	-27.987484	1.627729	-1.217232	-27.938350	1.665683	-1.104065	-28.059334	1.660357	-1.115105	-27.966930	1.544252	-1.161897	-28.037912	1.569295	-1.134913	-28.135176	1.561049	-1.171121	-27.819496	1.527096	-1.151935	-27.957796	1.534946	-0.849703	-27.978288	0.756907	-1.595589	-27.751238	1.525717	-0.585323	-28.103404	-0.055196	-2.076866	-27.737865	1.546828	-0.532684	-28.117553	-0.055595	-2.079368	-27.783308	1.552145	-0.574495	-28.115750	-0.042556	-2.068033	-28.213973	0.998908	-1.101259	-28.185063	0.941274	-1.164042	-27.812769	1.004485	-1.095365	-27.837533	0.962842	-1.148241	-28.171568	0.459589	-1.148526	-27.803925	0.433450	-1.112763	-28.184047	-0.017857	-1.118460	-28.180746	-0.060398	-1.156476	-27.828020	-0.034334	-1.084106	-27.803396	-0.088478	-1.133343
51	0.694672	00:00:00:51	-27.995248	1.614119	-1.237094	-27.913987	1.679913	-1.095748	-28.094900	1.654235	-1.123256	-28.036716	1.570076	-1.174437	-28.021400	1.552917	-1.150206	-28.148199	1.535049	-1.176897	-27.877467	1.538528	-1.164202	-27.954173	1.564216	-0.871631	-27.982656	0.745187	-1.635978	-27.781264	1.574725	-0.598762	-28.100092	-0.052028	-2.031823	-27.757268	1.543070	-0.539074	-28.102108	-0.019773	-2.039093	-27.735588	1.527932	-0.600856	-28.087091	-0.020659	-2.035465	-28.142223	0.956125	-1.149162	-28.172586	0.971929	-1.186960	-27.828624	0.975622	-1.104393	-27.815987	0.969575	-1.159275	-28.155980	0.418319	-1.171422	-27.837022	0.480053	-1.118992	-28.185550	-0.059155	-1.096139	-28.169067	-0.080581	-1.160577	-27.824229	-0.077179	-1.092663	-27.845729	-0.044759	-1.140301
52	0.708566	00:00:00:52	-27.995973	1.635349	-1.212982	-27.932108	1.679454	-1.113506	-28.055548	1.698354	-1.138565	-28.013069	1.544485	-1.161760	-28.013005	1.566226	-1.099066	-28.111974	1.536467	-1.172355	-27.850282	1.539594	-1.108908	-27.939550	1.528826	-0.863849	-27.947516	0.731944	-1.582116	-27.732571	1.561664	-0.547338	-28.072589	-0.073444	-2.076604	-27.764555	1.511228	-0.575481	-28.084210	-0.036741	-2.059398	-27.778545	1.517845	-0.585225	-28.113834	-0.035929	-2.043824	-28.183414	0.954472	-1.116026	-28.163276	0.940293	-1.176716	-27.839501	0.982162	-1.088805	-27.860595	0.944727	-1.135911	-28.202747	0.431992	-1.166339	-27.818722	0.463398	-1.154964	-28.149313	-0.025118	-1.103760	-28.197707	-0.048966	-1.177972	-27.837939	-0.041555	-1.083472	-27.837443	-0.063770	-1.136748
53	0.722459	00:00:00:53	-27.985204	1.652309	-1.210395	-27.958315	1.680200	-1.143029	-28.056705	1.685910	-1.123246	-27.955864	1.542674	-1.139273	-27.994041	1.547056	-1.111130	-28.130564	1.581901	-1.161878	-27.851486	1.575061	-1.131631	-27.971136	1.554065	-0.877225	-27.987824	0.748137	-1.610462	-27.755742	1.553281	-0.593005	-28.097187	-0.047857	-2.054182	-27.769642	1.541493	-0.588214	-28.084451	-0.037468	-2.061989	-27.734855	1.529567	-0.575084	-28.075969	-0.048743	-2.034715	-28.218620	0.981004	-1.113007	-28.197398	0.968701	-1.183465	-27.815404	1.000182	-1.058087	-27.798135	0.956039	-1.157883	-28.191588	0.479148	-1.142604	-27.816584	0.451578	-1.114446	-28.197353	-0.017153	-1.065568	-28.191974	-0.051200	-1.143914	-27.804647	-0.065547	-1.075006	-27.847193	-0.093377	-1.131100
54	0.736353	00:00:00:54	-27.980259	1.619182	-1.250294	-27.933809	1.669938	-1.115576	-28.068496	1.684936	-1.123706	-27.988245	1.546513	-1.189694	-27.986826	1.551424	-1.123620	-28.139376	1.559194	-1.153973	-27.844127	1.546266	-1.137112	-27.948300	1.504483	-0.885960	-27.976153	0.737370	-1.603436	-27.748623	1.543776	-0.584427	-28.066028	-0.016933	-2.040906	-27.749236	1.528322	-0.581542	-28.092586	-0.065983	-2.055897	-27.761044	1.525765	-0.604961	-28.074457	-0.038757	-2.045966	-28.175583	0.986775	-1.120942	-28.156866	0.998244	-1.197199	-27.810005	0.970571	-1.092427	-27.819944	0.953003	-1.141470	-28.196928	0.471319	-1.159900	-27.826608	0.468006	-1.121958	-28.180611	-0.040877	-1.118395	-28.165860	-0.073652	-1.165066	-27.844110	-0.034931	-1.048168	-27.825029	-0.055312	-1.132805
55	0.750246	00:00:00:55	-28.009175	1.644195	-1.229349	-27.932810	1.680707	-1.122389	-28.059627	1.668295	-1.127344	-28.040576	1.542405	-1.176109	-28.015268	1.574886	-1.118217	-28.125539	1.549748	-1.184104	-27.848152	1.547197	-1.177460	-27.949478	1.567705	-0.869290	-27.955530	0.745326	-1.592200	-27.754593	1.529218	-0.552583	-28.098540	-0.077925	-2.049126	-27.763883	1.525224	-0.590689	-28.086312	-0.056820	-2.074222	-27.741100	1.506369	-0.593976	-28.086753	-0.066673	-2.057617	-28.145048	1.009715	-1.141058	-28.157448	0.955037	-1.181624	-27.861159	0.995048	-1.093045	-27.848986	0.962816	-1.134033	-28.162797	0.453515	-1.142476	-27.780700	0.446064	-1.116490	-28.170498	-0.043927	-1.086312	-28.181039	-0.059946	-1.162312	-27.810775	-0.061922	-1.061487	-27.830936	-0.052313	-1.135986
56	0.764139	00:00:00:56	-27.974480	1.654481	-1.241061	-27.943754	1.697753	-1.120572	-28.060406	1.665493	-1.134958	-28.033737	1.559017	-1.164578	-28.002006	1.525307	-1.130734	-28.166609	1.545437	-1.167061	-27.896136	1.581705	-1.149589	-27.932163	1.531448	-0.855266	-27.962083	0.764416	-1.616354	-27.751132	1.503210	-0.569618	-28.106795	-0.036269	-2.069948	-27.786981	1.539213	-0.583510	-28.090276	-0.053130	-2.040606	-27.744052	1.533912	-0.563273	-28.087585	-0.071716	-2.064156	-28.179334	0.958440	-1.146223	-28.177572	1.015703	-1.151735	-27.845581	0.962674	-1.096596	-27.837385	0.931578	-1.151969	-28.166112	0.492575	-1.157243	-27.813921	0.440781	-1.089532	-28.180605	-0.043556	-1.110270	-28.192828	-0.075234	-1.140883	-27.847561	-0.029270	-1.070927	-27.808347	-0.089402	-1.140497
57	0.778033	00:00:00:57	-28.007064	1.643008	-1.240709	-27.949298	1.682554	-1.149237	-28.043768	1.661564	-1.125490	-28.010365	1.544080	-1.172429	-27.982805	1.564504	-1.132564	-28.126902	1.570275	-1.162767	-27.879346	1.551780	-1.127249	-27.955631	1.530681	-0.888756	-27.974278	0.755039	-1.566082	-27.755369	1.547685	-0.556288	-28.071586	-0.070611	-2.078914	-27.737931	1.530190	-0.568549	-28.124599	-0.038872	-2.054201	-27.737957	1.556043	-0.580427	-28.097376	-0.027175	-2.089944	-28.194773	0.962585	-1.098575	-28.152818	0.941318	-1.176102	-27.811545	0.977962	-1.043073	-27.803982	0.945627	-1.147767	-28.174122	0.467913	-1.126267	-27.801647	0.460218	-1.103891	-28.179930	-0.043302	-1.120242	-28.147119	-0.073905	-1.157772	-27.832815	-0.040455	-1.089132	-27.838033	-0.085389	-1.160557
58	0.791926	00:00:00:58	-27.988530	1.614089	-1.225760	-27.946810	1.701925	-1.096981	-28.049813	1.690552	-1.120335	-27.994839	1.564389	-1.154540	-28.000820	1.558982	-1.107515	-28.131642	1.535321	-1.150260	-27.877560	1.531005	-1.170442	-27.970009	1.543840	-0.873841	-27.952211	0.779236	-1.608640	-27.741745	1.534257	-0.573672	-28.094096	-0.054948	-2.043786	-27.756136	1.544429	-0.536378	-28.099265	-0.044010	-2.070160	-27.756285	1.524637	-0.570501	-28.053035	-0.049282	-2.053363	-28.175792	0.978031	-1.100294	-28.149634	0.982708	-1.196703	-27.834046	0.982616	-1.096285	-27.826759	0.964693	-1.151999	-28.195010	0.441950	-1.143662	-27.842838	0.476984	-1.102446	-28.188414	-0.032746	-1.094826	-28.178192	-0.082051	-1.145768	-27.812154	-0.069776	-1.058206	-27.835109	-0.074216	-1.142573
59	0.805820	00:00:00:59	-27.986752	1.608376	-1.249169	-27.944420	1.662384	-1.108931	-28.065930	1.664509	-1.151130	-27.983311	1.541424	-1.138088	-27.975926	1.545477	-1.138559	-28.148189	1.519610	-1.166572	-27.843508	1.546254	-1.136523	-27.943749	1.577495	-0.858381	-27.965683	0.752172	-1.596680	-27.748422	1.538781	-0.570163	-28.089712	-0.063275	-2.069999	-27.753793	1.504181	-0.613754	-28.082672	-0.037040	-2.058840	-27.730066	1.540602	-0.590658	-28.114436	-0.009961	-2.058329	-28.177605	0.984431	-1.129381	-28.152728	0.964751	-1.187243	-27.838419	1.010040	-1.070436	-27.825837	0.964284	-1.158963	-28.182191	0.459412	-1.154896	-27.858433	0.452390	-1.101023	-28.151563	-0.056647	-1.118228	-28.198863	-0.048948	-1.168579	-27.820347	-0.041557	-1.066777	-27.842481	-0.062759	-1.116388
60	0.819713	00:00:00:60	-28.030456	1.634071	-1.241588	-27.970851	1.653026	-1.122437	-28.051946	1.673928	-1.125022	-27.987216	1.557427	-1.160084	-27.964772	1.587975	-1.126748	-28.141082	1.576998	-1.182064	-27.834745	1.538041	-1.123271	-27.951815	1.524957	-0.870847	-27.966132	0.768252	-1.599859	-27.754669	1.505332	-0.583458	-28.092590	-0.072361	-2.040620	-27.753426	1.520067	-0.598374	-28.113806	-0.061960	-2.073898	-27.752320	1.540594	-0.568587	-28.121919	-0.056614	-2.071526	-28.152539	0.984751	-1.133599	-28.189139	1.001659	-1.179159	-27.807665	0.968343	-1.097160	-27.826786	0.949007	-1.160830	-28.163176	0.485345	-1.154439	-27.824359	0.460070	-1.103084	-28.176609	-0.074510	-1.111244	-28.183364	-0.039324	-1.144915	-27.862787	-0.047198	-1.087986	-27.809700	-0.035459	-1.108820
61	0.833607	00:00:00:61	-27.993566	1.569012	-1.238957	-27.922539	1.663292	-1.131804	-28.070274	1.691020	-1.122723	-28.017944	1.534769	-1.151960	-28.006086	1.577908	-1.129255	-28.134268	1.556371	-1.184398	-27.844051	1.545414	-1.147052	-27.961918	1.537156	-0.837641	-27.963949	0.766876	-1.594255	-27.760826	1.536528	-0.569986	-28.142252	-0.036330	-2.068204	-27.767067	1.498384	-0.585525	-28.116443	-0.026819	-2.053707	-27.746541	1.522675	-0.607340	-28.091802	-0.028058	-2.082836	-28.163856	1.004566	-1.122353	-28.189730	0.996522	-1.213034	-27.831562	0.973642	-1.096020	-27.821352	0.987281	-1.165705	-28.182025	0.468940	-1.142911	-27.815395	0.442599	-1.092659	-28.168874	-0.088066	-1.078745	-28.205701	-0.076503	-1.145006	-27.852778	-0.066415	-1.065957	-27.814404	-0.044983	-1.139462
62	0.847500	00:00:00:62	-27.973747	1.617498	-1.247813	-27.924867	1.660592	-1.141957	-28.080147	1.633565	-1.117110	-27.989773	1.538197	-1.156416	-28.009056	1.558228	-1.135686	-28.160389	1.524022	-1.150385	-27.829209	1.560580	-1.140919	-27.969869	1.540146	-0.864186	-27.994446	0.740895	-1.611203	-27.719784	1.531318	-0.610584	-28.083081	-0.073917	-2.069049	-27.711470	1.517538	-0.597358	-28.082388	-0.023709	-2.061501	-27.749658	1.544126	-0.573058	-28.109289	-0.045340	-2.059791	-28.213081	0.988071	-1.114238	-28.192717	0.945267	-1.193066	-27.831557	0.995676	-1.106786	-27.835715	0.986526	-1.136595	-28.171900	0.468715	-1.149144	-27.797743	0.454575	-1.122037	-28.201295	-0.035541	-1.132987	-28.167280	-0.062815	-1.179033	-27.813258	-0.033804	-1.078647	-27.834339	-0.058976	-1.107922
63	0.861394	00:00:00:63	-28.026839	1.646498	-1.237022	-27.955977	1.655487	-1.121067	-28.040161	1.646858	-1.152906	-27.983387	1.510913	-1.136076	-27.994463	1.556083	-1.132367	-28.133054	1.569440	-1.163614	-27.857666	1.535732	-1.137678	-27.931761	1.541417	-0.890218	-27.964195	0.778884	-1.597366	-27.720412	1.556251	-0.573388	-28.062122	-0.021740	-2.058438	-27.720229	1.541273	-0.592707	-28.122207	-0.052969	-2.035286	-27.751027	1.512655	-0.535059	-28.095066	-0.070100	-2.073021	-28.172995	1.007303	-1.099030	-28.164104	0.933955	-1.186108	-27.831307	0.983152	-1.091391	-27.813084	0.971404	-1.134396	-28.183478	0.463955	-1.153869	-27.829596	0.488622	-1.116296	-28.203748	-0.014530	-1.058546	-28.160781	-0.080955	-1.172133	-27.846128	-0.063887	-1.071700	-27.821192	-0.050204	-1.149211
64	0.875287	00:00:00:64	-27.999305	1.650271	-1.225047	-27.940550	1.690849	-1.095429	-28.028458	1.672785	-1.154538	-27.995728	1.531974	-1.156263	-28.055672	1.543705	-1.106912	-28.159526	1.544944	-1.182590	-27.888859	1.560524	-1.151528	-27.959024	1.514201	-0.880697	-27.977042	0.761386	-1.596508	-27.726409	1.533947	-0.576750	-28.105762	-0.042469	-2.032215	-27.766281	1.520906	-0.569510	-28.113309	-0.053001	-2.059346	-27.706963	1.534474	-0.559131	-28.124254	-0.020448	-2.054646	-28.170946	0.989332	-1.133590	-28.185705	0.958364	-1.173700	-27.824687	0.968486	-1.085443	-27.844255	0.932238	-1.142804	-28.163677	0.445880	-1.134022	-27.842435	0.463663	-1.125130	-28.167480	-0.038253	-1.117998	-28.166000	-0.070233	-1.138029	-27.826760	-0.042686	-1.101190	-27.821594	-0.055325	-1.107839
65	0.889180	00:00:00:65	-27.998367	1.640559	-1.235378	-27.940174	1.703126	-1.138442	-28.065490	1.679908	-1.152089	-28.026556	1.521227	-1.155861	-27.997929	1.560609	-1.104789	-28.118519	1.537999	-1.146240	-27.860720	1.532036	-1.158416	-27.949336	1.540416	-0.894755	-27.978610	0.770744	-1.593118	-27.733868	1.540183	-0.587628	-28.105680	-0.039040	-2.031328	-27.755664	1.505974	-0.599761	-28.085242	-0.058952	-2.069043	-27.728951	1.553678	-0.586976	-28.108098	-0.054406	-2.059079	-28.205465	0.951611	-1.128207	-28.176831	0.954263	-1.166702	-27.819139	0.962456	-1.097401	-27.808188	0.989438	-1.177311	-28.189381	0.469921	-1.160595	-27.821329	0.486472	-1.112940	-28.181651	-0.061689	-1.105577	-28.195604	-0.053927	-1.145984	-27.815033	-0.016133	-1.080615	-27.836024	-0.054555	-1.133634
66	0.903074	00:00:00:66	-27.993811	1.632518	-1.211965	-27.940971	1.667766	-1.118762	-28.051804	1.669918	-1.124821	-28.008966	1.522851	-1.158550	-28.004714	1.552672	-1.149415	-28.151168	1.572570	-1.152866	-27.872761	1.578762	-1.151263	-27.955651	1.548607	-0.882537	-27.961749	0.768654	-1.596613	-27.776364	1.536428	-0.579998	-28.096346	-0.054192	-2.068583	-27.765953	1.522971	-0.577915	-28.082435	-0.015740	-2.046341	-27.724208	1.540872	-0.571401	-28.104347	-0.044108	-2.080130	-28.195324	0.977511	-1.126691	-28.166835	0.970991	-1.169237	-27.847039	0.994573	-1.111852	-27.813741	0.957251	-1.150424	-28.189879	0.441926	-1.143974	-27.802970	0.466568	-1.143600	-28.175276	-0.085897	-1.081480	-28.234120	-0.068596	-1.159766	-27.804540	-0.039321	-1.074581	-27.808815	-0.063214	-1.128559
67	0.916967	00:00:00:67	-27.991470	1.630566	-1.218345	-27.960003	1.655235	-1.113645	-28.060653	1.653828	-1.117956	-28.008344	1.555303	-1.142244	-28.027612	1.571848	-1.125627	-28.125640	1.547550	-1.151301	-27.857259	1.536746	-1.169169	-27.962872	1.558241	-0.898437	-27.933474	0.739416	-1.591889	-27.726931	1.544830	-0.568661	-28.071955	-0.065272	-2.053518	-27.731643	1.558324	-0.574179	-28.120776	-0.061924	-2.068681	-27.751479	1.533698	-0.571282	-28.086962	-0.067263	-2.045768	-28.177863	1.017064	-1.095537	-28.163811	0.952937	-1.152355	-27.810937	1.004840	-1.135224	-27.807622	0.961090	-1.169741	-28.212331	0.445083	-1.176948	-27.837813	0.477738	-1.112528	-28.176620	-0.015419	-1.111064	-28.204730	-0.039781	-1.169520	-27.821525	-0.029140	-1.078739	-27.823505	-0.061438	-1.094016
68	0.930861	00:00:00:68	-27.994335	1.614711	-1.228534	-27.978683	1.703654	-1.145698	-28.093155	1.679149	-1.124006	-27.995606	1.532125	-1.186530	-28.024573	1.549033	-1.106520	-28.136133	1.560276	-1.155878	-27.836392	1.552951	-1.147789	-27.939513	1.568540	-0.877323	-27.979265	0.765749	-1.613805	-27.717341	1.514393	-0.563903	-28.079422	-0.062156	-2.043247	-27.754704	1.527957	-0.553412	-28.092697	-0.043868	-2.071470	-27.720017	1.515459	-0.599288	-28.074491	-0.045422	-2.048782	-28.206883	0.984077	-1.115910	-28.171884	0.966398	-1.177787	-27.818546	1.008221	-1.096483	-27.832449	0.957606	-1.117183	-28.172852	0.461413	-1.161422	-27.811851	0.461307	-1.125395	-28.182534	-0.027634	-1.113323	-28.176891	-0.064989	-1.180570	-27.819699	-0.043824	-1.081995	-27.782863	-0.066685	-1.156636
69	0.944754	00:00:00:69	-27.995673	1.642295	-1.255362	-27.927501	1.681632	-1.095663	-28.069256	1.663433	-1.101314	-28.023431	1.544507	-1.156026	-27.962969	1.563501	-1.105178	-28.138103	1.538558	-1.139936	-27.849161	1.541765	-1.129977	-27.891349	1.516097	-0.859543	-28.017390	0.760034	-1.624528	-27.743447	1.518249	-0.584615	-28.116456	-0.054122	-2.087063	-27.726028	1.531343	-0.621646	-28.116902	-0.044829	-2.089400	-27.760015	1.548531	-0.551178	-28.099545	-0.035247	-2.092822	-28.159571	0.994901	-1.155302	-28.177372	0.952595	-1.174674	-27.834494	0.951734	-1.083583	-27.832260	0.952635	-1.167661	-28.185967	0.468456	-1.122720	-27.794967	0.440856	-1.110118	-28.158345	-0.090951	-1.107886	-28.164975	-0.061353	-1.170303	-27.817820	-0.057745	-1.082848	-27.839555	-0.049010	-1.143950
70	0.958648	00:00:00:70	-28.013916	1.618451	-1.236702	-27.939804	1.675634	-1.097029	-28.040706	1.680547	-1.118094	-28.014461	1.537906	-1.176399	-27.994048	1.557533	-1.098185	-28.132984	1.571498	-1.157360	-27.842958	1.536098	-1.152974	-27.957822	1.525385	-0.859572	-27.963608	0.760511	-1.634209	-27.718898	1.534178	-0.614899	-28.103693	-0.041678	-2.049118	-27.752656	1.541684	-0.599212	-28.069384	-0.051850	-2.047491	-27.755052	1.530964	-0.581252	-28.095872	-0.048691	-2.063804	-28.197316	0.982553	-1.109897	-28.179984	0.963836	-1.150050	-27.834636	0.992503	-1.086377	-27.819543	0.968901	-1.143708	-28.199443	0.469855	-1.143463	-27.841085	0.449586	-1.112289	-28.205579	-0.048028	-1.070824	-28.171659	-0.081738	-1.129792	-27.819375	-0.040989	-1.054516	-27.818713	-0.046417	-1.122086
71	0.972541	00:00:00:71	-27.983902	1.642863	-1.220622	-27.939518	1.665066	-1.109015	-28.062785	1.669246	-1.132545	-27.980381	1.558503	-1.168538	-27.977216	1.589282	-1.095086	-28.152897	1.507416	-1.188590	-27.852658	1.531689	-1.155772	-27.923692	1.558814	-0.862604	-27.970087	0.755859	-1.585914	-27.739860	1.522947	-0.567194	-28.101143	-0.020961	-2.070257	-27.760249	1.532443	-0.573451	-28.072285	-0.035751	-2.125926	-27.727174	1.565966	-0.588449	-28.104552	-0.029286	-2.067889	-28.172195	0.971665	-1.133694	-28.181137	0.969443	-1.192796	-27.827464	0.995098	-1.107106	-27.839570	0.963440	-1.126898	-28.182261	0.450237	-1.140794	-27.828565	0.471423	-1.091789	-28.204342	-0.024333	-1.114750	-28.192496	-0.060714	-1.171717	-27.832418	-0.027455	-1.079681	-27.840139	-0.046207	-1.154394
72	0.986435	00:00:00:00	-27.987890	1.654676	-1.236603	-27.936108	1.667354	-1.108563	-28.087218	1.679820	-1.120693	-28.019810	1.545770	-1.156888	-28.027961	1.537473	-1.127454	-28.157999	1.525441	-1.181779	-27.865525	1.518640	-1.109232	-27.944186	1.513347	-0.877528	-27.973164	0.729357	-1.581727	-27.733634	1.500647	-0.618689	-28.102820	-0.049429	-2.088512	-27.727825	1.530251	-0.575548	-28.124766	-0.021567	-2.062734	-27.740308	1.499070	-0.595065	-28.143548	-0.024732	-2.073268	-28.135909	0.950843	-1.102783	-28.195542	0.954550	-1.182362	-27.873628	0.977797	-1.100802	-27.828129	0.969563	-1.176197	-28.167061	0.472230	-1.144639	-27.834885	0.467256	-1.109194	-28.204886	-0.087846	-1.082372	-28.190294	-0.044840	-1.173599	-27.851344	-0.035518	-1.038388	-27.819904	-0.078634	-1.150453
73	1.000328	00:00:01:01	-28.003835	1.627828	-1.247519	-27.942169	1.697481	-1.151559	-28.068517	1.675326	-1.127024	-28.026838	1.516816	-1.159295	-27.991863	1.565028	-1.126602	-28.134204	1.526861	-1.154498	-27.847039	1.515955	-1.139334	-27.933037	1.545619	-0.898893	-27.985190	0.732143	-1.605829	-27.732673	1.528930	-0.585070	-28.117497	-0.055448	-2.042686	-27.729826	1.554309	-0.565465	-28.096110	-0.050504	-2.046119	-27.732485	1.533515	-0.583046	-28.108608	-0.062055	-2.045403	-28.178752	0.990616	-1.133712	-28.184744	0.953456	-1.177735	-27.830255	0.984162	-1.078324	-27.799338	0.984212	-1.133966	-28.168769	0.456000	-1.109552	-27.836392	0.433232	-1.101023	-28.193364	-0.021212	-1.083430	-28.145628	-0.096896	-1.136444	-27.796869	-0.024628	-1.097441	-27.850671	-0.072587	-1.099114
74	1.014221	00:00:01:02	-27.983027	1.666310	-1.258382	-27.940640	1.687273	-1.113397	-28.036755	1.687573	-1.134344	-28.020056	1.534706	-1.158948	-28.043473	1.568670	-1.108823	-28.129866	1.546196	-1.169843	-27.850228	1.510529	-1.128566	-27.941978	1.533926	-0.883902	-27.936706	0.754944	-1.597165	-27.716094	1.518033	-0.609167	-28.129473	-0.055407	-2.069787	-27.734139	1.503717	-0.596889	-28.077338	-0.065224	-2.085230	-27.740390	1.504739	-0.597810	-28.120390	-0.055743	-2.039712	-28.203464	0.963743	-1.118748	-28.164879	0.942537	-1.177233	-27.810290	0.975019	-1.080847	-27.813259	0.976663	-1.153055	-28.185306	0.464724	-1.154040	-27.827064	0.491498	-1.123507	-28.181582	-0.048563	-1.106408	-28.187086	-0.076439	-1.159729	-27.816329	-0.032447	-1.081766	-27.858371	-0.063022	-1.141431
75	1.028115	00:00:01:03	-27.980405	1.647417	-1.230342	-27.966212	1.675141	-1.122864	-28.057117	1.683975	-1.138962	-28.029633	1.580437	-1.177137	-27.985607	1.566341	-1.097970	-28.141426	1.539603	-1.188505	-27.859563	1.543584	-1.169289	-27.938925	1.526950	-0.894992	-27.960582	0.744528	-1.640734	-27.731396	1.499006	-0.577839	-28.095481	-0.059877	-2.058064	-27.723128	1.547129	-0.539678	-28.092677	-0.029409	-2.085412	-27.737547	1.555005	-0.593079	-28.090729	-0.029105	-2.070402	-28.202419	0.979009	-1.124456	-28.189886	0.933789	-1.178302	-27.836730	0.954424	-1.106970	-27.819800	0.973614	-1.122302	-28.163849	0.428465	-1.136122	-27.815191	0.464238	-1.120698	-28.148568	-0.027849	-1.113812	-28.200639	-0.042814	-1.165035	-27.846864	-0.031665	-1.026073	-27.807676	-0.056182	-1.140085
76	1.042008	00:00:01:04	-28.000178	1.632472	-1.257800	-27.939786	1.689990	-1.113806	-28.048547	1.666632	-1.111263	-27.984370	1.527229	-1.154611	-27.996484	1.549901	-1.097643	-28.127315	1.554429	-1.149557	-27.823470	1.565830	-1.128605	-27.942258	1.548906	-0.868755	-27.968100	0.758560	-1.612060	-27.749030	1.527525	-0.595500	-28.082367	-0.062066	-2.062577	-27.734435	1.539113	-0.582094	-28.085279	-0.084713	-2.091302	-27.718275	1.530870	-0.600555	-28.099111	-0.042972	-2.079521	-28.194596	0.976416	-1.167505	-28.168688	0.951365	-1.204147	-27.826449	0.974035	-1.085362	-27.813840	0.967428	-1.138197	-28.163852	0.461519	-1.167788	-27.814378	0.473043	-1.102444	-28.196783	-0.024392	-1.131000	-28.173893	-0.040314	-1.188583	-27.816579	-0.050212	-1.086479	-27.828594	-0.081403	-1.120576
77	1.055902	00:00:01:05	-28.010882	1.616219	-1.257622	-27.923561	1.670354	-1.113587	-28.036784	1.679262	-1.126173	-27.962996	1.567583	-1.150670	-27.998744	1.546162	-1.098437	-28.161934	1.522751	-1.173371	-27.862228	1.531539	-1.142670	-27.959126	1.512538	-0.860280	-27.974638	0.754665	-1.588615	-27.732651	1.565514	-0.559489	-28.110894	-0.057418	-2.022877	-27.734557	1.521742	-0.573965	-28.102809	-0.048937	-2.060088	-27.756932	1.543749	-0.572586	-28.106333	-0.030425	-2.072497	-28.163617	0.974325	-1.123834	-28.176287	0.967045	-1.169289	-27.838410	0.984807	-1.149311	-27.823159	0.963494	-1.156149	-28.161898	0.472176	-1.150748	-27.820342	0.475760	-1.129721	-28.180664	-0.031785	-1.126244	-28.192447	-0.054247	-1.186006	-27.799685	-0.022978	-1.055035	-27.832466	-0.037934	-1.162126
78	1.069795	00:00:01:06	-27.968185	1.640731	-1.229777	-27.903591	1.683966	-1.134886	-28.020249	1.697631	-1.131187	-27.988659	1.517743	-1.149626	-28.004560	1.546092	-1.123418	-28.152064	1.560855	-1.159187	-27.819825	1.574224	-1.116312	-27.941795	1.514160	-0.883980	-27.957489	0.748339	-1.621847	-27.702654	1.542090	-0.591570	-28.114002	-0.073807	-2.049919	-27.731331	1.522723	-0.570429	-28.066284	-0.042770	-2.073438	-27.710542	1.560205	-0.581104	-28.097900	-0.032881	-2.067066	-28.164119	0.999003	-1.089805	-28.142681	0.956895	-1.178372	-27.799470	0.978745	-1.102462	-27.843163	0.987463	-1.123728	-28.162316	0.441107	-1.160424	-27.848125	0.470548	-1.116698	-28.149846	-0.023110	-1.097030	-28.176329	-0.088916	-1.137085	-27.809637	-0.059544	-1.069277	-27.808543	-0.077970	-1.131946
79	1.083689	00:00:01:07	-27.998025	1.652681	-1.234923	-27.944820	1.660180	-1.126815	-28.047691	1.655771	-1.117195	-28.015175	1.579183	-1.179437	-28.026262	1.541386	-1.152464	-28.134028	1.532724	-1.149960	-27.840163	1.539850	-1.140137	-27.919327	1.548618	-0.887968	-27.960070	0.771081	-1.584548	-27.713167	1.539374	-0.571056	-28.086691	-0.027515	-2.072534	-27.733078	1.510436	-0.583645	-28.105326	-0.053846	-2.090079	-27.725638	1.537911	-0.586056	-28.058134	-0.041287	-2.063645	-28.197181	1.007017	-1.102705	-28.198355	0.959405	-1.173562	-27.821452	1.007212	-1.117577	-27.802669	0.974369	-1.181024	-28.181419	0.452155	-1.126405	-27.835117	0.455882	-1.136514	-28.188161	-0.054561	-1.103296	-28.187171	-0.046371	-1.174644	-27.833963	-0.062212	-1.088423	-27.813468	-0.072929	-1.118696
80	1.097582	00:00:01:08	-28.008710	1.633424	-1.224049	-27.943735	1.675965	-1.141703	-28.064744	1.679063	-1.138302	-27.992641	1.575717	-1.153174	-28.022625	1.578393	-1.107337	-28.199066	1.570455	-1.169794	-27.855017	1.503967	-1.152474	-27.912988	1.541146	-0.892903	-27.968800	0.742456	-1.612475	-27.719024	1.531717	-0.573033	-28.105225	-0.036360	-2.081310	-27.714840	1.546644	-0.598224	-28.060277	-0.027921	-2.074029	-27.731521	1.489721	-0.595941	-28.096392	-0.028485	-2.057784	-28.224062	1.002866	-1.123686	-28.187964	0.941991	-1.143661	-27.831306	0.979539	-1.104382	-27.814289	0.974207	-1.138552	-28.182819	0.456295	-1.143503	-27.826868	0.484662	-1.103376	-28.173599	-0.050912	-1.075394	-28.168768	-0.079629	-1.183405	-27.848853	-0.035982	-1.078539	-27.816185	-0.103413	-1.136243
81	1.111476	00:00:01:09	-28.005888	1.622139	-1.235551	-27.943577	1.659715	-1.108093	-28.061701	1.671311	-1.122268	-27.981759	1.541134	-1.171610	-28.033515	1.534405	-1.081322	-28.159493	1.534803	-1.154973	-27.837064	1.545840	-1.110290	-27.973236	1.550640	-0.875338	-27.965742	0.757446	-1.628663	-27.723345	1.493137	-0.558885	-28.124580	-0.069723	-2.053406	-27.746624	1.525103	-0.566217	-28.102550	-0.061415	-2.062700	-27.731048	1.478694	-0.598681	-28.076772	-0.062807	-2.090061	-28.192241	1.025339	-1.121220	-28.203456	0.978302	-1.162284	-27.818785	0.977930	-1.106770	-27.839187	0.953496	-1.148722	-28.189532	0.454497	-1.151413	-27.846586	0.450030	-1.127562	-28.181304	-0.032580	-1.117483	-28.169962	-0.072334	-1.119864	-27.830478	-0.026492	-1.076332	-27.847626	-0.087887	-1.084370
82	1.125369	00:00:01:10	-27.986496	1.657658	-1.252271	-27.919789	1.630659	-1.147755	-28.032194	1.646938	-1.096876	-27.981257	1.544126	-1.163794	-28.007322	1.541557	-1.097408	-28.139822	1.560194	-1.125057	-27.857728	1.516726	-1.134346	-27.912073	1.541450	-0.866349	-27.950415	0.753018	-1.601780	-27.713274	1.536039	-0.595933	-28.089924	-0.050475	-2.026453	-27.741666	1.512031	-0.589703	-28.079253	-0.042982	-2.058476	-27.763841	1.534035	-0.591664	-28.090759	-0.034655	-2.061892	-28.147178	0.995275	-1.124262	-28.176642	0.960487	-1.161795	-27.834765	0.983264	-1.092894	-27.783732	0.950794	-1.136291	-28.196818	0.451852	-1.117736	-27.813888	0.459250	-1.114177	-28.194882	-0.045159	-1.109359	-28.200213	-0.040872	-1.145354	-27.819846	-0.049119	-1.077517	-27.828887	-0.096492	-1.130424
83	1.139262	00:00:01:11	-28.002832	1.631984	-1.260119	-27.943797	1.672852	-1.116860	-28.068288	1.678342	-1.117387	-28.003177	1.555738	-1.183874	-28.001366	1.505160	-1.101198	-28.207673	1.528962	-1.160944	-27.846135	1.572504	-1.139474	-27.953371	1.557865	-0.892757	-27.982830	0.753086	-1.603287	-27.707760	1.530698	-0.596873	-28.073218	-0.058709	-2.066692	-27.747102	1.532122	-0.581776	-28.077049	-0.052972	-2.078950	-27.745351	1.549580	-0.567341	-28.077479	-0.045172	-2.052714	-28.183175	0.994221	-1.135029	-28.187606	0.959572	-1.162181	-27.837741	1.003364	-1.084762	-27.802658	0.993295	-1.161129	-28.207407	0.465549	-1.139486	-27.861764	0.421855	-1.069432	-28.153620	-0.033502	-1.098203	-28.168872	-0.061377	-1.153185	-27.817230	-0.029624	-1.087347	-27.842718	-0.038920	-1.155365
84	1.153156	00:00:01:12	-28.005774	1.623592	-1.224671	-27.937578	1.674717	-1.122399	-28.007418	1.661733	-1.125431	-28.033782	1.578791	-1.193976	-27.996135	1.569399	-1.103682	-28.134571	1.548045	-1.203310	-27.877992	1.543000	-1.141766	-27.931774	1.541261	-0.848455	-27.975265	0.748252	-1.626860	-27.763029	1.501675	-0.598369	-28.103614	-0.089129	-2.044980	-27.715868	1.515670	-0.588420	-28.087687	-0.059806	-2.042328	-27.744208	1.523990	-0.586480	-28.078816	-0.050151	-2.052299	-28.185943	0.981624	-1.095952	-28.198612	0.952326	-1.166431	-27.816943	0.987919	-1.096424	-27.843361	0.973571	-1.157504	-28.180359	0.482833	-1.124992	-27.822347	0.462240	-1.093587	-28.148363	-0.049365	-1.085497	-28.178184	-0.081611	-1.140855	-27.848215	-0.076628	-1.050915	-27.792004	-0.055282	-1.136926
85	1.167049	00:00:01:13	-27.974214	1.620680	-1.240966	-27.993595	1.677905	-1.102835	-28.044898	1.689262	-1.113907	-27.983716	1.572334	-1.143424	-27.992295	1.567285	-1.104887	-28.110080	1.531774	-1.159367	-27.835362	1.529983	-1.175709	-27.904475	1.514715	-0.876779	-27.956053	0.754056	-1.602181	-27.719836	1.566631	-0.601386	-28.086013	-0.034387	-2.046126	-27.745237	1.543449	-0.591916	-28.085925	-0.025546	-2.077727	-27.688125	1.539086	-0.573891	-28.082679	-0.028757	-2.073538	-28.187623	0.979495	-1.132020	-28.188939	0.964194	-1.207112	-27.816535	0.981805	-1.089326	-27.802059	0.956136	-1.153544	-28.223846	0.453943	-1.117593	-27.815583	0.462414	-1.100988	-28.175431	-0.048621	-1.089614	-28.160071	-0.066661	-1.138192	-27.815675	-0.031205	-1.078169	-27.798762	-0.080441	-1.120080
86	1.180943	00:00:01:14	-28.018401	1.639737	-1.239048	-27.937690	1.681875	-1.110355	-28.088748	1.652957	-1.149243	-28.031553	1.554590	-1.200997	-27.987141	1.564174	-1.091136	-28.144858	1.533203	-1.138918	-27.807468	1.547407	-1.152141	-27.935386	1.553748	-0.897092	-27.971883	0.741246	-1.608889	-27.740865	1.560325	-0.597896	-28.124719	-0.044972	-2.085038	-27.713276	1.556432	-0.552861	-28.073853	-0.045405	-2.064467	-27.761977	1.532396	-0.565627	-28.095867	-0.012529	-2.055333	-28.198717	1.011876	-1.106269	-28.175831	0.946975	-1.195000	-27.857036	1.018402	-1.108990	-27.828304	0.961028	-1.174327	-28.196201	0.436942	-1.137558	-27.828174	0.472336	-1.141776	-28.153764	-0.077305	-1.096874	-28.203610	-0.069574	-1.128309	-27.815031	-0.018567	-1.109250	-27.802882	-0.094015	-1.130331
87	1.194836	00:00:01:15	-27.986352	1.638730	-1.215317	-27.921336	1.681242	-1.113365	-28.097930	1.664901	-1.126869	-27.996615	1.522939	-1.169160	-27.991117	1.543582	-1.141361	-28.146815	1.553936	-1.146268	-27.824555	1.546404	-1.145759	-27.920244	1.519888	-0.872517	-27.991758	0.732703	-1.615125	-27.720635	1.505291	-0.517045	-28.122154	-0.015731	-2.061077	-27.716551	1.520246	-0.611042	-28.084079	-0.065238	-2.047335	-27.751529	1.502167	-0.595511	-28.111955	-0.057425	-2.061091	-28.166107	0.982813	-1.106184	-28.181411	0.972252	-1.168934	-27.813827	1.004177	-1.103835	-27.800536	0.986228	-1.150851	-28.156251	0.459764	-1.108402	-27.828329	0.471917	-1.111464	-28.171695	-0.012315	-1.114981	-28.195609	-0.049130	-1.138170	-27.816932	-0.062605	-1.073655	-27.781081	-0.054007	-1.111928
88	1.208730	00:00:01:16	-28.019040	1.619130	-1.257016	-27.941546	1.646379	-1.119368	-28.080215	1.679700	-1.155371	-27.994843	1.563617	-1.155366	-27.994261	1.547620	-1.127263	-28.146067	1.558113	-1.159872	-27.866246	1.552727	-1.169163	-27.924340	1.533266	-0.861201	-27.967040	0.745469	-1.598070	-27.726928	1.535818	-0.611365	-28.091368	-0.052042	-2.060366	-27.722862	1.534789	-0.575483	-28.076900	-0.022538	-2.069383	-27.722165	1.508487	-0.596541	-28.094583	-0.051901	-2.059208	-28.182081	1.008959	-1.133405	-28.189119	0.947555	-1.158669	-27.842038	0.975789	-1.095187	-27.808229	0.962561	-1.169441	-28.176379	0.458372	-1.136445	-27.805876	0.457051	-1.142055	-28.167845	-0.052473	-1.100122	-28.160491	-0.060284	-1.160264	-27.806585	-0.046096	-1.083568	-27.825208	-0.067216	-1.135675
89	1.222623	00:00:01:17	-27.991305	1.611237	-1.243257	-27.944639	1.697964	-1.147305	-28.058246	1.668255	-1.124755	-28.009177	1.569734	-1.191492	-27.994764	1.567049	-1.110906	-28.154074	1.552465	-1.157026	-27.880504	1.526174	-1.131456	-27.930129	1.519850	-0.882275	-27.966370	0.771829	-1.614091	-27.725818	1.538227	-0.576930	-28.084584	-0.035310	-2.069968	-27.714565	1.538160	-0.599544	-28.102539	-0.036254	-2.075714	-27.724325	1.536718	-0.591074	-28.080811	-0.060686	-2.074436	-28.149971	0.984779	-1.104380	-28.157697	0.907079	-1.170699	-27.832322	0.973459	-1.123946	-27.831315	0.961297	-1.155578	-28.181866	0.465653	-1.124362	-27.816887	0.457444	-1.102949	-28.170288	-0.022798	-1.110076	-28.174220	-0.059821	-1.161882	-27.800406	-0.048186	-1.075946	-27.820404	-0.065689	-1.133697
90	1.236517	00:00:01:18	-28.024135	1.607765	-1.260363	-27.906444	1.673586	-1.110796	-28.058584	1.671106	-1.149353	-27.986127	1.518156	-1.151958	-28.021524	1.582021	-1.158204	-28.138863	1.538186	-1.167403	-27.890870	1.537658	-1.141388	-27.909468	1.537561	-0.901010	-27.972775	0.760000	-1.637265	-27.719742	1.519351	-0.577615	-28.096567	-0.013872	-2.089578	-27.751188	1.543574	-0.565729	-28.058366	-0.038811	-2.036773	-27.734908	1.513101	-0.570905	-28.092927	-0.051060	-2.096582	-28.169332	0.982702	-1.116168	-28.155692	0.968494	-1.206886	-27.806681	0.969225	-1.084760	-27.822804	0.938071	-1.165970	-28.201484	0.452302	-1.128419	-27.813739	0.463705	-1.097730	-28.161827	-0.057583	-1.103900	-28.189362	-0.055043	-1.143287	-27.798754	-0.037998	-1.103736	-27.842592	-0.070469	-1.121033
91	1.250410	00:00:01:19	-27.957222	1.614256	-1.273306	-27.936352	1.661090	-1.080071	-28.031400	1.686588	-1.113468	-27.975147	1.551783	-1.151655	-27.995971	1.541075	-1.130961	-28.170168	1.561315	-1.175989	-27.864134	1.518451	-1.158756	-27.945812	1.572657	-0.888394	-27.967292	0.759862	-1.615355	-27.731444	1.510613	-0.565010	-28.098936	-0.030179	-2.061405	-27.676289	1.514375	-0.608297	-28.056828	-0.052118	-2.065027	-27.727963	1.556185	-0.589569	-28.105229	-0.064693	-2.070525	-28.157215	1.000738	-1.122363	-28.155288	0.966732	-1.213408	-27.812607	0.992695	-1.147302	-27.823989	0.964479	-1.148906	-28.139873	0.433805	-1.155082	-27.842160	0.446799	-1.084020	-28.176073	-0.032303	-1.136001	-28.188279	-0.074905	-1.149164	-27.810602	-0.053391	-1.079370	-27.834750	-0.049504	-1.165182
92	1.264303	00:00:01:20	-27.991022	1.652635	-1.255069	-27.936861	1.662795	-1.104386	-28.067090	1.679559	-1.097559	-27.993537	1.543970	-1.166023	-27.997545	1.560324	-1.162639	-28.158568	1.529451	-1.157768	-27.877415	1.545792	-1.144994	-27.947424	1.529999	-0.875979	-27.969264	0.749685	-1.598742	-27.711504	1.529346	-0.616467	-28.114026	-0.009102	-2.061516	-27.743611	1.545321	-0.578207	-28.089710	-0.043502	-2.080945	-27.757569	1.552181	-0.623223	-28.113328	-0.039358	-2.038537	-28.203423	0.977703	-1.088323	-28.179123	0.956606	-1.174134	-27.827635	0.988435	-1.077953	-27.844696	0.937711	-1.162836	-28.173187	0.452505	-1.139606	-27.843096	0.480806	-1.113170	-28.146308	-0.066756	-1.068317	-28.189771	-0.063022	-1.163864	-27.829699	-0.028815	-1.087657	-27.848844	-0.066614	-1.119392
93	1.278197	00:00:01:21	-27.991729	1.626208	-1.251619	-27.955756	1.653373	-1.103272	-28.057558	1.672642	-1.135809	-28.001611	1.548565	-1.157601	-27.992683	1.545988	-1.101135	-28.143892	1.528484	-1.158231	-27.863005	1.550281	-1.140761	-27.949886	1.557429	-0.890861	-27.976061	0.721786	-1.622595	-27.723568	1.567441	-0.585107	-28.125752	-0.038938	-2.048138	-27.724163	1.557335	-0.582911	-28.057263	-0.052683	-2.071922	-27.735292	1.543818	-0.584909	-28.117015	-0.055614	-2.070755	-28.184383	0.973888	-1.094956	-28.193251	0.959796	-1.181553	-27.824014	0.995697	-1.083567	-27.792965	0.973983	-1.168213	-28.176671	0.466788	-1.159696	-27.826656	0.462241	-1.094903	-28.177583	-0.055426	-1.115819	-28.162827	-0.079684	-1.162360	-27.822346	-0.049225	-1.048969	-27.806440	-0.087484	-1.141279
94	1.292090	00:00:01:22	-27.997124	1.635236	-1.232089	-27.919446	1.642322	-1.130604	-28.058012	1.650372	-1.141784	-28.010690	1.538182	-1.155535	-27.993244	1.569007	-1.098724	-28.127101	1.554626	-1.149195	-27.827571	1.541614	-1.147994	-27.956630	1.528928	-0.879425	-27.968025	0.736088	-1.604939	-27.683778	1.519316	-0.598697	-28.081109	-0.078211	-2.033621	-27.713444	1.528361	-0.587876	-28.132221	-0.026911	-2.053716	-27.731275	1.542090	-0.559238	-28.080443	-0.024921	-2.081403	-28.174756	0.968321	-1.102864	-28.175638	0.941552	-1.185384	-27.819797	0.989331	-1.120258	-27.846331	0.973217	-1.147479	-28.152263	0.452552	-1.149192	-27.836165	0.455716	-1.134912	-28.166835	-0.067927	-1.099825	-28.182976	-0.038108	-1.133443	-27.826708	-0.064510	-1.101617	-27.829592	-0.068302	-1.127420
95	1.305984	00:00:01:23	-27.981058	1.638014	-1.253484	-27.980947	1.673106	-1.122843	-28.064117	1.665011	-1.118089	-27.993752	1.544527	-1.150777	-28.013067	1.565362	-1.121652	-28.157147	1.515240	-1.153979	-27.804862	1.548375	-1.151964	-27.920847	1.508820	-0.895765	-27.970627	0.711666	-1.614510	-27.742010	1.531852	-0.566627	-28.109337	-0.061266	-2.062569	-27.736071	1.529922	-0.603334	-28.066601	-0.043626	-2.059724	-27.702847	1.484584	-0.585056	-28.111113	-0.053813	-2.062086	-28.156849	0.970141	-1.123807	-28.154848	0.939375	-1.169020	-27.854534	0.968816	-1.120750	-27.823141	0.946112	-1.125535	-28.156693	0.461828	-1.139763	-27.819527	0.453302	-1.119099	-28.216132	-0.044291	-1.097763	-28.129925	-0.069165	-1.147406	-27.833151	-0.052874	-1.111725	-27.823649	-0.040460	-1.199426
96	1.319877	00:00:01:24	-27.989706	1.645493	-1.239807	-27.944955	1.691167	-1.122278	-28.049810	1.675154	-1.129966	-28.005148	1.542612	-1.162408	-28.011864	1.542829	-1.113537	-28.137493	1.538028	-1.144563	-27.872021	1.520896	-1.163119	-27.959200	1.531172	-0.869912	-27.968555	0.769429	-1.611947	-27.737230	1.518130	-0.577894	-28.108060	-0.057128	-2.035817	-27.724577	1.552953	-0.591397	-28.110516	-0.032993	-2.061646	-27.747401	1.509692	-0.606328	-28.093876	-0.035034	-2.074138	-28.174668	0.984341	-1.125225	-28.174525	0.996983	-1.174799	-27.836769	0.956209	-1.108266	-27.812794	0.949736	-1.146260	-28.188926	0.449406	-1.124627	-27.823052	0.492008	-1.120471	-28.165491	-0.035868	-1.105767	-28.170084	-0.054229	-1.126322	-27.859702	-0.054705	-1.082074	-27.799329	-0.051565	-1.132761
97	1.333771	00:00:01:25	-28.000968	1.652237	-1.280027	-27.951124	1.670581	-1.136224	-28.084591	1.674489	-1.101464	-27.998819	1.551405	-1.139781	-28.017722	1.545233	-1.132806	-28.169583	1.531930	-1.157144	-27.859309	1.521237	-1.126625	-27.935134	1.541442	-0.889683	-27.967008	0.736727	-1.629775	-27.707714	1.508837	-0.585205	-28.104005	-0.054757	-2.058340	-27.744816	1.502124	-0.584769	-28.086051	-0.022733	-2.056333	-27.728466	1.530374	-0.587336	-28.105217	-0.053044	-2.061100	-28.133623	0.982338	-1.121868	-28.193271	1.011140	-1.188813	-27.810552	0.998718	-1.077386	-27.822035	0.987026	-1.188736	-28.189357	0.413489	-1.152325	-27.774897	0.447757	-1.118877	-28.161272	-0.032864	-1.117776	-28.206306	-0.067509	-1.145464	-27.825884	-0.054392	-1.069301	-27.838242	-0.066460	-1.146989
98	1.347664	00:00:01:26	-28.013482	1.617653	-1.252783	-27.923341	1.684748	-1.092749	-28.043617	1.662292	-1.102535	-27.993448	1.551873	-1.157865	-27.979973	1.561840	-1.120195	-28.122217	1.520684	-1.132044	-27.846327	1.557609	-1.141792	-27.914955	1.543008	-0.867036	-27.989606	0.725716	-1.623920	-27.711029	1.555664	-0.613171	-28.099769	-0.060628	-2.083082	-27.731043	1.545949	-0.555531	-28.118491	-0.068904	-2.031897	-27.708134	1.516432	-0.572287	-28.077669	-0.015602	-2.069599	-28.169085	0.981132	-1.143479	-28.157872	0.967663	-1.184787	-27.818860	0.986196	-1.109101	-27.812382	0.963039	-1.147319	-28.184558	0.436686	-1.093739	-27.810979	0.474161	-1.115310	-28.164677	-0.056259	-1.102410	-28.180090	-0.093261	-1.157753	-27.827377	-0.047510	-1.089408	-27.796241	-0.066041	-1.125079
99	1.361558	00:00:01:27	-27.935680	1.671037	-1.239285	-27.937166	1.681341	-1.092967	-28.069896	1.643081	-1.130558	-28.012804	1.527907	-1.163852	-28.011220	1.549912	-1.105355	-28.169092	1.523614	-1.170804	-27.852569	1.531979	-1.155421	-27.922592	1.564218	-0.885744	-27.954721	0.760079	-1.616032	-27.716056	1.531874	-0.594908	-28.099112	-0.042740	-2.051538	-27.709853	1.516081	-0.609273	-28.071067	-0.027852	-2.094734	-27.748649	1.544793	-0.577592	-28.085958	-0.042754	-2.043331	-28.196623	1.010067	-1.145429	-28.183965	0.975246	-1.157476	-27.840542	0.993049	-1.124520	-27.840494	0.965304	-1.185394	-28.166058	0.456408	-1.094290	-27.828412	0.487533	-1.126739	-28.197054	-0.073372	-1.084242	-28.178156	-0.053639	-1.135111	-27.816151	-0.021297	-1.089009	-27.815596	-0.062209	-1.142701
100	1.375451	00:00:01:28	-28.008190	1.639999	-1.240947	-27.943982	1.690816	-1.124894	-28.076964	1.696216	-1.125171	-27.984953	1.565235	-1.138094	-27.977084	1.586885	-1.119998	-28.174526	1.566697	-1.180796	-27.859982	1.569015	-1.170258	-27.970785	1.518373	-0.859036	-27.997932	0.720369	-1.628096	-27.740556	1.494088	-0.612146	-28.112302	-0.073817	-2.050800	-27.691993	1.538771	-0.581789	-28.106295	-0.044456	-2.028419	-27.729404	1.534274	-0.569157	-28.113946	-0.051453	-2.030621	-28.186281	0.971248	-1.123245	-28.176059	0.991109	-1.159770	-27.823294	0.994852	-1.117222	-27.804189	0.955231	-1.193439	-28.206306	0.459999	-1.141594	-27.817348	0.450161	-1.134826	-28.133253	-0.038867	-1.125883	-28.175210	-0.078265	-1.143600	-27.846471	-0.038719	-1.076769	-27.821594	-0.057938	-1.125966
101	1.389344	00:00:01:29	-27.988843	1.627714	-1.236686	-27.953157	1.675018	-1.099876	-28.030958	1.663031	-1.131164	-28.024520	1.548289	-1.183617	-27.994749	1.549275	-1.102349	-28.179445	1.524169	-1.171070	-27.844621	1.511680	-1.146685	-27.943832	1.529625	-0.859206	-27.975587	0.786637	-1.581634	-27.731552	1.530127	-0.599019	-28.099749	-0.069063	-2.057605	-27.702990	1.527550	-0.575738	-28.093912	-0.081098	-2.060825	-27.743847	1.538597	-0.593916	-28.081620	-0.039235	-2.060767	-28.189719	1.013920	-1.118951	-28.163467	0.979167	-1.191418	-27.817324	0.992240	-1.119799	-27.843365	0.984078	-1.173526	-28.188533	0.447968	-1.146728	-27.819959	0.476951	-1.125286	-28.187523	-0.070511	-1.092634	-28.169931	-0.049844	-1.152681	-27.824257	-0.034006	-1.089128	-27.853850	-0.069712	-1.117641
102	1.403238	00:00:01:30	-27.996393	1.656236	-1.241555	-27.959499	1.692994	-1.090414	-28.062523	1.678063	-1.129020	-28.002044	1.542318	-1.191419	-27.967034	1.566811	-1.107301	-28.120127	1.553899	-1.156282	-27.860319	1.583511	-1.148846	-27.953978	1.540307	-0.849540	-27.981527	0.760192	-1.575991	-27.717126	1.557512	-0.575327	-28.116837	-0.017403	-2.063334	-27.724237	1.550993	-0.603614	-28.098766	-0.040149	-2.039091	-27.731240	1.571567	-0.575881	-28.094249	-0.021039	-2.067462	-28.197796	0.983744	-1.125169	-28.142715	0.969564	-1.189690	-27.833945	0.971996	-1.081513	-27.779708	0.964656	-1.182497	-28.176258	0.471396	-1.120330	-27.815350	0.441620	-1.103342	-28.181373	-0.034871	-1.076291	-28.166302	-0.053989	-1.159387	-27.822988	-0.007460	-1.089088	-27.805948	-0.108350	-1.124673
103	1.417131	00:00:01:31	-28.022497	1.631623	-1.261753	-27.954810	1.649523	-1.131341	-28.053920	1.642716	-1.155846	-28.002289	1.546005	-1.158636	-28.028621	1.559101	-1.126023	-28.135491	1.568735	-1.138192	-27.848629	1.528831	-1.143816	-27.954467	1.538140	-0.904655	-27.953579	0.764700	-1.605622	-27.729498	1.535396	-0.608858	-28.095578	-0.030182	-2.024820	-27.719912	1.512679	-0.600062	-28.088628	-0.037791	-2.042688	-27.735920	1.528619	-0.605371	-28.092006	-0.071376	-2.079772	-28.183543	0.985034	-1.113334	-28.190882	0.955698	-1.162862	-27.829077	0.976107	-1.098416	-27.864055	0.952291	-1.158942	-28.171545	0.478604	-1.096348	-27.830146	0.499584	-1.100591	-28.164627	-0.035179	-1.113436	-28.169765	-0.066957	-1.136479	-27.803132	-0.022204	-1.072465	-27.793854	-0.063275	-1.156259
104	1.431025	00:00:01:32	-28.005665	1.627111	-1.245210	-27.927082	1.676467	-1.164604	-28.045844	1.686366	-1.105200	-27.970267	1.554612	-1.182373	-28.026122	1.541593	-1.150939	-28.120549	1.521311	-1.132588	-27.869566	1.542474	-1.160856	-27.943210	1.560707	-0.882401	-27.971633	0.753581	-1.607599	-27.724176	1.531786	-0.596069	-28.111409	-0.072238	-2.034036	-27.714941	1.527589	-0.608260	-28.081003	-0.045644	-2.040793	-27.743841	1.535150	-0.574226	-28.106863	-0.057403	-2.053479	-28.172775	0.969754	-1.118528	-28.203239	0.973141	-1.175965	-27.840909	0.998152	-1.107182	-27.776412	0.956883	-1.145060	-28.176290	0.456757	-1.122394	-27.833973	0.446210	-1.112781	-28.186495	-0.061572	-1.123983	-28.195017	-0.048121	-1.098362	-27.830299	-0.046432	-1.056007	-27.840128	-0.083276	-1.191061
105	1.444918	00:00:01:33	-27.959366	1.638534	-1.208958	-27.942834	1.666277	-1.102834	-28.070683	1.677260	-1.103624	-27.986672	1.543981	-1.172278	-27.965299	1.567152	-1.086505	-28.162369	1.562808	-1.184438	-27.855966	1.525415	-1.160904	-27.943176	1.528323	-0.887211	-27.967180	0.741415	-1.628548	-27.703946	1.543255	-0.609030	-28.109202	-0.040591	-2.058902	-27.721068	1.527397	-0.611765	-28.098962	-0.069919	-2.059699	-27.694545	1.500538	-0.604612	-28.084319	-0.032770	-2.059809	-28.191575	0.995601	-1.139759	-28.163755	0.957520	-1.162058	-27.810891	1.008060	-1.109490	-27.831222	0.964858	-1.153897	-28.164396	0.461313	-1.131634	-27.820151	0.460377	-1.118952	-28.186115	-0.054235	-1.073266	-28.180104	-0.062113	-1.146761	-27.805582	-0.068384	-1.098324	-27.842217	-0.033399	-1.134269
106	1.458812	00:00:01:34	-28.014968	1.617048	-1.238175	-27.909672	1.640605	-1.154796	-28.083783	1.697657	-1.138091	-28.038970	1.550773	-1.173078	-28.001166	1.583703	-1.111798	-28.143668	1.530482	-1.138554	-27.861491	1.508636	-1.163488	-27.938750	1.533202	-0.852940	-27.990223	0.763246	-1.602796	-27.721291	1.533765	-0.590106	-28.076388	-0.010338	-2.070761	-27.725357	1.517725	-0.593891	-28.087449	-0.052177	-2.037013	-27.706062	1.547400	-0.580620	-28.076468	-0.044051	-2.053496	-28.185525	0.992957	-1.152813	-28.183180	0.973265	-1.193233	-27.857639	0.973010	-1.115421	-27.833021	0.954554	-1.164528	-28.171619	0.438914	-1.157293	-27.839467	0.477520	-1.106012	-28.183396	-0.057396	-1.102328	-28.148224	-0.090582	-1.139986	-27.819179	-0.041274	-1.069142	-27.802310	-0.077549	-1.153766
107	1.472705	00:00:01:35	-28.019057	1.620655	-1.244293	-27.954346	1.681522	-1.142654	-28.062259	1.671064	-1.119692	-28.002023	1.538918	-1.148856	-28.021961	1.549266	-1.109240	-28.142483	1.544448	-1.179192	-27.856371	1.557875	-1.159059	-27.940861	1.577585	-0.878179	-27.969758	0.739584	-1.626309	-27.723359	1.519528	-0.576199	-28.089606	-0.035570	-2.062520	-27.720927	1.563866	-0.595285	-28.092191	-0.042717	-2.067436	-27.708824	1.519288	-0.606768	-28.087435	-0.037298	-2.064833	-28.211851	0.968066	-1.095968	-28.176774	0.959289	-1.160298	-27.826696	0.990132	-1.100030	-27.826194	0.966185	-1.183346	-28.162773	0.453619	-1.120579	-27.819696	0.422222	-1.087230	-28.196028	-0.024404	-1.101178	-28.172758	-0.113298	-1.143747	-27.823639	-0.013892	-1.093936	-27.803458	-0.048353	-1.153378
108	1.486599	00:00:01:36	-28.022537	1.634967	-1.209308	-27.930395	1.693445	-1.125959	-28.085436	1.670654	-1.142854	-27.973595	1.547404	-1.172945	-27.993039	1.548839	-1.084028	-28.161970	1.558376	-1.168284	-27.832639	1.591722	-1.137967	-27.912465	1.529731	-0.889728	-27.946039	0.726994	-1.599635	-27.694447	1.556421	-0.584153	-28.105220	-0.078193	-2.090204	-27.715286	1.525724	-0.594539	-28.074819	-0.034147	-2.048501	-27.688453	1.523105	-0.600442	-28.108513	-0.047407	-2.070215	-28.191665	0.967672	-1.123085	-28.208627	0.992539	-1.159293	-27.807236	0.985039	-1.101428	-27.819818	0.950831	-1.159359	-28.177217	0.493832	-1.137750	-27.807676	0.468118	-1.094953	-28.175151	-0.037285	-1.075803	-28.151208	-0.074903	-1.143009	-27.816966	-0.031869	-1.095520	-27.822346	-0.070386	-1.145571
109	1.500492	00:00:01:37	-27.981322	1.648480	-1.228852	-27.962193	1.656997	-1.111088	-28.098843	1.671372	-1.129626	-28.025582	1.548166	-1.164101	-28.050410	1.553421	-1.139027	-28.158656	1.522223	-1.134579	-27.832146	1.578077	-1.160101	-27.957173	1.559972	-0.849745	-27.949579	0.751503	-1.610985	-27.726234	1.527740	-0.610682	-28.117694	-0.059343	-2.050288	-27.704931	1.497498	-0.583314	-28.085328	-0.040898	-2.034264	-27.722160	1.536538	-0.617570	-28.118898	-0.054247	-2.059989	-28.167797	1.005913	-1.129043	-28.193961	0.950304	-1.150700	-27.822617	0.961642	-1.136101	-27.806197	0.960812	-1.186208	-28.182107	0.448702	-1.113000	-27.828936	0.475674	-1.083219	-28.136947	-0.048291	-1.079005	-28.185629	-0.077304	-1.184133	-27.811483	-0.054834	-1.095326	-27.820365	-0.064222	-1.140455
110	1.514385	00:00:01:38	-28.022907	1.611923	-1.247850	-27.940739	1.708533	-1.124564	-28.050339	1.639489	-1.100809	-27.987665	1.517238	-1.159832	-27.994939	1.523301	-1.104094	-28.140614	1.538634	-1.175757	-27.862664	1.555460	-1.165786	-27.946339	1.524577	-0.871483	-27.969444	0.735587	-1.616008	-27.753139	1.537463	-0.611662	-28.080886	-0.039204	-2.061988	-27.695357	1.542393	-0.594336	-28.092868	-0.028205	-2.051949	-27.707841	1.539702	-0.581687	-28.115147	-0.047688	-2.058326	-28.167065	1.003645	-1.110410	-28.211359	0.954200	-1.166958	-27.842103	0.973743	-1.084846	-27.828930	0.970186	-1.154105	-28.159146	0.468801	-1.146329	-27.810231	0.448442	-1.109015	-28.170286	-0.081707	-1.104786	-28.166951	-0.057204	-1.152952	-27.858420	-0.018534	-1.060984	-27.787889	-0.046776	-1.138926
111	1.528279	00:00:01:39	-28.008413	1.639960	-1.228892	-27.959355	1.666327	-1.135584	-28.050251	1.693420	-1.143844	-27.977422	1.539788	-1.143236	-28.003495	1.536356	-1.098479	-28.135211	1.535671	-1.152502	-27.845959	1.569424	-1.156289	-27.936451	1.535841	-0.892674	-27.974002	0.738201	-1.606788	-27.739701	1.514505	-0.584211	-28.104522	-0.068687	-2.058842	-27.728809	1.543360	-0.618192	-28.080388	-0.045591	-2.076426	-27.742613	1.516145	-0.545617	-28.107931	-0.031602	-2.070804	-28.177032	0.991755	-1.123565	-28.198300	0.935667	-1.161217	-27.822362	0.984798	-1.092596	-27.826561	0.978853	-1.151653	-28.206930	0.461872	-1.133512	-27.846846	0.467366	-1.122750	-28.193752	-0.050718	-1.093630	-28.147103	-0.079994	-1.131499	-27.811717	-0.069059	-1.091595	-27.809232	-0.039370	-1.142560
112	1.542172	00:00:01:40	-28.029157	1.646182	-1.244892	-27.935148	1.682613	-1.136967	-28.040067	1.666847	-1.117141	-28.004659	1.513547	-1.154795	-28.008118	1.571833	-1.178014	-28.152714	1.577280	-1.138303	-27.855758	1.547287	-1.155404	-27.910371	1.544457	-0.855369	-27.960513	0.772788	-1.647438	-27.733145	1.510729	-0.601149	-28.087670	-0.054794	-2.075235	-27.714313	1.552129	-0.601594	-28.103066	-0.031018	-2.099091	-27.721575	1.531063	-0.579611	-28.095948	-0.028915	-2.029588	-28.136340	0.991004	-1.109957	-28.218670	0.954185	-1.158873	-27.818459	1.011711	-1.117619	-27.810685	0.976729	-1.161644	-28.185924	0.493809	-1.123287	-27.809916	0.450340	-1.129791	-28.180509	-0.067554	-1.086725	-28.167218	-0.079563	-1.137230	-27.855964	-0.055084	-1.042220	-27.790659	-0.076686	-1.116940
113	1.556066	00:00:01:41	-27.971015	1.619947	-1.241014	-27.955916	1.673707	-1.112966	-28.055621	1.684080	-1.115141	-28.005846	1.548501	-1.150891	-27.997519	1.518607	-1.122825	-28.127767	1.568221	-1.170537	-27.856804	1.546094	-1.155564	-27.934021	1.525424	-0.871394	-27.963035	0.749866	-1.630683	-27.710904	1.524302	-0.613354	-28.097609	-0.058244	-2.028669	-27.756700	1.526742	-0.610240	-28.105027	-0.060387	-2.071321	-27.712583	1.552801	-0.611763	-28.084889	-0.054895	-2.072079	-28.199451	0.996971	-1.124972	-28.190591	0.959757	-1.169027	-27.822517	0.967913	-1.104034	-27.786561	0.942120	-1.162028	-28.189187	0.475713	-1.121880	-27.799020	0.451753	-1.141830	-28.174623	-0.041996	-1.080229	-28.200753	-0.069356	-1.168584	-27.828523	-0.066235	-1.079344	-27.794104	-0.054664	-1.130314
114	1.569959	00:00:01:42	-28.015042	1.636321	-1.223337	-27.958838	1.688701	-1.136577	-28.042449	1.697161	-1.110872	-28.022445	1.563860	-1.197100	-28.016834	1.571436	-1.123598	-28.150739	1.521643	-1.138204	-27.858565	1.498091	-1.134334	-27.934667	1.533466	-0.872541	-27.979385	0.760787	-1.612494	-27.723260	1.542202	-0.597555	-28.083097	-0.076523	-2.051961	-27.702968	1.545143	-0.594112	-28.100029	-0.050412	-2.100659	-27.726474	1.523180	-0.567466	-28.097666	0.002925	-2.066350	-28.215572	1.005694	-1.090261	-28.188979	0.945562	-1.155336	-27.827390	0.982851	-1.106099	-27.829546	0.938428	-1.137799	-28.178274	0.454735	-1.144506	-27.841025	0.436309	-1.144722	-28.197537	-0.040186	-1.088577	-28.180246	-0.071021	-1.139435	-27.844873	-0.055473	-1.084600	-27.839803	-0.052592	-1.120233
115	1.583853	00:00:01:43	-27.987541	1.631955	-1.249905	-27.936139	1.689503	-1.132293	-28.056558	1.657483	-1.146225	-28.016784	1.512507	-1.164530	-27.988248	1.543292	-1.133430	-28.152956	1.540977	-1.139653	-27.863133	1.544558	-1.159248	-27.913674	1.554741	-0.866817	-28.007866	0.748388	-1.628380	-27.722081	1.553055	-0.605136	-28.109633	-0.058701	-2.034825	-27.733030	1.541979	-0.564931	-28.043088	-0.054892	-2.053649	-27.732711	1.534693	-0.576150	-28.069672	-0.044396	-2.077543	-28.197668	0.976000	-1.133793	-28.181873	0.951894	-1.145788	-27.834554	0.999919	-1.118627	-27.850224	0.977753	-1.165928	-28.177554	0.446930	-1.147238	-27.813633	0.470475	-1.144416	-28.172351	-0.052461	-1.068854	-28.175805	-0.094918	-1.133774	-27.816103	-0.033752	-1.062376	-27.845339	-0.069707	-1.133142
116	1.597746	00:00:01:44	-27.999777	1.646515	-1.229123	-27.938554	1.626425	-1.094834	-28.060665	1.709729	-1.142595	-28.000207	1.536435	-1.160798	-28.007566	1.556174	-1.138691	-28.146899	1.543328	-1.171763	-27.854700	1.537489	-1.163510	-27.925566	1.560480	-0.888226	-27.983125	0.778482	-1.624565	-27.743148	1.528847	-0.592862	-28.097736	-0.050767	-2.062480	-27.728744	1.524724	-0.601819	-28.100952	-0.036518	-2.092118	-27.726796	1.529969	-0.590431	-28.108871	-0.033276	-2.065871	-28.174601	0.975069	-1.072414	-28.208115	0.985620	-1.176821	-27.853086	0.991006	-1.116773	-27.816578	0.983183	-1.122505	-28.150261	0.449014	-1.122948	-27.812892	0.445201	-1.104505	-28.165039	-0.043203	-1.091872	-28.203877	-0.097584	-1.162242	-27.804009	-0.059749	-1.057862	-27.833277	-0.059884	-1.156316
117	1.611640	00:00:01:45	-28.002718	1.621482	-1.246352	-27.912295	1.678770	-1.102689	-28.059843	1.665932	-1.143935	-27.997422	1.511285	-1.171602	-27.989519	1.525971	-1.131898	-28.153794	1.539457	-1.119237	-27.845159	1.554935	-1.132439	-27.929788	1.538066	-0.927575	-27.966412	0.754591	-1.608907	-27.713201	1.522589	-0.619725	-28.094498	-0.043539	-2.068191	-27.716951	1.534919	-0.615261	-28.096266	-0.031338	-2.074371	-27.738322	1.508288	-0.604745	-28.113578	-0.072284	-2.050670	-28.151132	0.993765	-1.107363	-28.202953	0.975063	-1.168791	-27.851262	0.986539	-1.078957	-27.819954	0.914963	-1.159187	-28.172159	0.446468	-1.139340	-27.809817	0.444858	-1.080957	-28.196637	-0.039008	-1.102451	-28.177299	-0.071149	-1.148311	-27.848091	-0.040695	-1.096123	-27.823688	-0.058029	-1.140955
118	1.625533	00:00:01:46	-27.987599	1.625656	-1.235652	-27.956531	1.677583	-1.104532	-28.045742	1.685624	-1.158676	-27.995982	1.552313	-1.139366	-28.049246	1.548476	-1.117271	-28.122533	1.571121	-1.143867	-27.857154	1.552984	-1.171213	-27.940654	1.516510	-0.863399	-27.993310	0.732140	-1.636652	-27.727867	1.559985	-0.585933	-28.120015	-0.067256	-2.071656	-27.715038	1.529254	-0.585400	-28.117729	-0.038713	-2.087117	-27.687852	1.535357	-0.607378	-28.091554	-0.045678	-2.035096	-28.197816	0.990967	-1.092468	-28.174972	0.946919	-1.173998	-27.831656	0.966473	-1.107354	-27.834238	0.934704	-1.161483	-28.181554	0.441610	-1.125938	-27.835414	0.447208	-1.123016	-28.183982	-0.035805	-1.098806	-28.179737	-0.068580	-1.149272	-27.864075	-0.053401	-1.080002	-27.814669	-0.079384	-1.143281
119	1.639426	00:00:01:47	-27.978994	1.639264	-1.255789	-27.935244	1.668463	-1.121358	-28.068367	1.658434	-1.109601	-27.984856	1.559755	-1.157778	-27.983933	1.554797	-1.106703	-28.154316	1.548155	-1.169966	-27.814857	1.533377	-1.162051	-27.907852	1.512201	-0.928666	-27.964824	0.776278	-1.610722	-27.717195	1.517169	-0.589814	-28.087236	-0.030189	-2.051486	-27.725479	1.538937	-0.569122	-28.071478	-0.033907	-2.074975	-27.696680	1.502589	-0.595258	-28.104076	-0.033278	-2.053780	-28.179048	1.014027	-1.117131	-28.166027	0.950328	-1.147274	-27.781703	0.990294	-1.102186	-27.814170	0.951450	-1.172680	-28.153991	0.440624	-1.131489	-27.831615	0.476703	-1.142379	-28.177585	-0.036090	-1.105066	-28.217979	-0.086767	-1.126137	-27.836986	-0.045270	-1.094598	-27.800018	-0.100220	-1.143042
120	1.653320	00:00:01:48	-28.001944	1.630363	-1.250593	-27.959714	1.653876	-1.136998	-28.109489	1.669733	-1.141227	-27.998699	1.562393	-1.166128	-28.013162	1.550162	-1.100240	-28.134641	1.533515	-1.146870	-27.845429	1.534782	-1.149437	-27.959540	1.585956	-0.868841	-27.973714	0.762522	-1.612873	-27.685863	1.512694	-0.616738	-28.087075	-0.066403	-2.041783	-27.730767	1.554708	-0.621254	-28.102470	-0.049334	-2.075747	-27.715294	1.526012	-0.584923	-28.113977	-0.064462	-2.058927	-28.228962	0.970159	-1.145792	-28.183203	0.977004	-1.145475	-27.809361	0.976566	-1.112366	-27.827541	0.983370	-1.183951	-28.147044	0.449134	-1.134475	-27.835008	0.462244	-1.138033	-28.138044	-0.056231	-1.091893	-28.165860	-0.055256	-1.109963	-27.843167	-0.022167	-1.086065	-27.825616	-0.074740	-1.138465
121	1.667213	00:00:01:49	-27.971524	1.652135	-1.259186	-27.940232	1.665412	-1.096544	-28.018539	1.677888	-1.125584	-28.011124	1.531809	-1.153302	-27.983198	1.577955	-1.128223	-28.150803	1.531908	-1.159960	-27.857918	1.564348	-1.156970	-27.944981	1.534293	-0.877525	-27.997256	0.779216	-1.642429	-27.702342	1.541145	-0.589364	-28.074665	-0.052071	-2.073875	-27.705972	1.516616	-0.603911	-28.082739	-0.029341	-2.083586	-27.704203	1.534966	-0.611996	-28.104567	-0.015347	-2.059589	-28.195790	1.009191	-1.120206	-28.181872	0.939196	-1.173565	-27.805364	0.982790	-1.097631	-27.809469	0.994406	-1.199889	-28.183561	0.439426	-1.102341	-27.833628	0.452588	-1.120564	-28.205128	-0.080378	-1.114245	-28.164535	-0.072847	-1.187517	-27.812859	-0.020987	-1.086483	-27.839314	-0.046992	-1.127552
122	1.681107	00:00:01:50	-27.993285	1.630572	-1.249994	-27.941828	1.652962	-1.119830	-28.064768	1.657446	-1.123342	-28.001483	1.517389	-1.172844	-27.996294	1.537186	-1.115122	-28.146494	1.546178	-1.141148	-27.839649	1.544095	-1.138906	-27.911362	1.567778	-0.891933	-27.935223	0.755688	-1.632847	-27.725612	1.520989	-0.581844	-28.101629	-0.039188	-2.058784	-27.721333	1.554551	-0.607238	-28.047346	-0.050721	-2.061101	-27.714671	1.533149	-0.636709	-28.110028	-0.044203	-2.066178	-28.186283	0.996513	-1.124494	-28.154293	0.953365	-1.159604	-27.821922	0.974836	-1.098603	-27.776458	0.985569	-1.172316	-28.171536	0.475505	-1.118268	-27.803544	0.444072	-1.125026	-28.181227	-0.044117	-1.092023	-28.150880	-0.099363	-1.142834	-27.823339	-0.064607	-1.088869	-27.874677	-0.085623	-1.141266
123	1.695000	00:00:01:51	-27.998274	1.623014	-1.233624	-27.930461	1.660499	-1.133898	-28.060939	1.684247	-1.144663	-28.003510	1.554031	-1.159536	-27.997173	1.546394	-1.139417	-28.104466	1.534472	-1.159908	-27.855035	1.525371	-1.174251	-27.941929	1.545476	-0.864321	-27.949836	0.765866	-1.601081	-27.690786	1.545029	-0.587606	-28.099005	-0.028805	-2.073550	-27.709455	1.536239	-0.614629	-28.090518	-0.052441	-2.040501	-27.723229	1.506479	-0.589918	-28.071479	-0.049990	-2.054808	-28.184230	0.980299	-1.130050	-28.220353	0.968995	-1.151352	-27.811430	0.989186	-1.106736	-27.815177	0.992634	-1.171135	-28.200481	0.449212	-1.107398	-27.814326	0.476433	-1.085780	-28.178898	-0.036931	-1.094286	-28.173588	-0.070583	-1.163717	-27.789553	-0.076536	-1.052427	-27.827008	-0.058928	-1.141659
124	1.708894	00:00:01:52	-27.987105	1.600533	-1.242020	-27.971119	1.661960	-1.092099	-28.054314	1.695035	-1.163647	-28.007459	1.531851	-1.154989	-27.989929	1.553158	-1.148857	-28.162737	1.547698	-1.174644	-27.875843	1.519361	-1.164216	-27.931957	1.551876	-0.861270	-27.949676	0.759489	-1.608328	-27.743404	1.500179	-0.604524	-28.078044	-0.019543	-2.049173	-27.694694	1.550493	-0.600049	-28.116649	-0.021382	-2.056331	-27.721641	1.511537	-0.615154	-28.102582	-0.021830	-2.045936	-28.178104	0.995043	-1.104117	-28.177194	0.970854	-1.148946	-27.811663	1.004283	-1.100870	-27.829407	0.962092	-1.168186	-28.208056	0.483878	-1.144625	-27.805551	0.451302	-1.153677	-28.168000	-0.053960	-1.083910	-28.184849	-0.040079	-1.135840	-27.841635	-0.081541	-1.079251	-27.807851	-0.059486	-1.130993
125	1.722787	00:00:01:53	-28.014869	1.649693	-1.236599	-27.934403	1.682545	-1.126571	-28.045338	1.643881	-1.114473	-27.980678	1.537746	-1.170137	-27.974234	1.568569	-1.086234	-28.152734	1.543127	-1.128336	-27.834952	1.542348	-1.151978	-27.954337	1.518136	-0.861738	-27.977372	0.733232	-1.609096	-27.684163	1.501155	-0.588598	-28.080313	-0.044528	-2.072136	-27.714878	1.516061	-0.576588	-28.079823	-0.067058	-2.059752	-27.715165	1.521096	-0.611315	-28.098373	-0.042676	-2.106066	-28.188283	0.957524	-1.086850	-28.184139	0.965496	-1.146135	-27.823128	0.981281	-1.124795	-27.833793	0.938260	-1.167482	-28.164235	0.447240	-1.122956	-27.824239	0.439774	-1.122130	-28.175186	-0.072776	-1.095655	-28.189382	-0.087574	-1.149392	-27.814586	-0.050295	-1.117247	-27.792170	-0.044415	-1.153049
126	1.736681	00:00:01:54	-27.978193	1.633123	-1.258377	-27.932001	1.657242	-1.131741	-28.048903	1.670726	-1.118039	-27.984627	1.556304	-1.157910	-27.993469	1.502500	-1.119868	-28.186569	1.543767	-1.194481	-27.878579	1.547039	-1.139008	-27.900248	1.535555	-0.882433	-27.964024	0.765418	-1.580280	-27.746106	1.530447	-0.579389	-28.103182	-0.021705	-2.060293	-27.699882	1.546535	-0.601971	-28.093053	-0.039141	-2.095142	-27.721014	1.546768	-0.626507	-28.071528	-0.039894	-2.094189	-28.196060	0.990210	-1.134858	-28.198440	0.946872	-1.193106	-27.812570	0.970394	-1.102046	-27.832397	0.974097	-1.182291	-28.168725	0.435018	-1.145089	-27.802402	0.484418	-1.102901	-28.184245	-0.058445	-1.094932	-28.189330	-0.059624	-1.160736	-27.818433	-0.036185	-1.099367	-27.819068	-0.062444	-1.135130
127	1.750574	00:00:01:55	-27.990849	1.630644	-1.250890	-27.909830	1.644807	-1.155376	-28.099612	1.666344	-1.121892	-28.005980	1.528386	-1.133747	-27.988067	1.569294	-1.101947	-28.140505	1.545074	-1.196058	-27.851953	1.569397	-1.158857	-27.944875	1.545075	-0.871260	-27.976922	0.745056	-1.598420	-27.695679	1.535902	-0.611028	-28.080266	-0.062677	-2.032122	-27.719543	1.528952	-0.587531	-28.067483	-0.047198	-2.087173	-27.688745	1.542335	-0.647544	-28.104694	-0.044450	-2.073823	-28.192250	0.991785	-1.138042	-28.168151	0.961557	-1.150746	-27.822870	1.008104	-1.130303	-27.805639	0.960026	-1.185299	-28.186547	0.522596	-1.132660	-27.815487	0.445324	-1.103628	-28.175848	-0.020067	-1.098959	-28.173075	-0.059782	-1.155343	-27.811008	-0.039468	-1.097144	-27.794787	-0.048828	-1.140697
128	1.764467	00:00:01:56	-28.013383	1.627883	-1.249801	-27.944607	1.680360	-1.102779	-28.049827	1.707308	-1.107678	-28.021991	1.545906	-1.140388	-27.974744	1.530544	-1.123592	-28.135116	1.557011	-1.131407	-27.857372	1.557333	-1.169489	-27.897600	1.531042	-0.848699	-27.971138	0.740207	-1.558535	-27.685488	1.537759	-0.573927	-28.126982	-0.020486	-2.079844	-27.684281	1.550680	-0.577626	-28.065503	-0.065922	-2.118017	-27.715067	1.532247	-0.611652	-28.061207	-0.055135	-2.070461	-28.196801	1.003332	-1.110900	-28.187591	0.973638	-1.158280	-27.802372	0.989101	-1.089250	-27.836169	0.973456	-1.139063	-28.164053	0.471292	-1.132168	-27.811671	0.470714	-1.124697	-28.180383	-0.054050	-1.090670	-28.215872	-0.069454	-1.170022	-27.838488	-0.029651	-1.106034	-27.814063	-0.071240	-1.132339
129	1.778361	00:00:01:57	-28.004742	1.671983	-1.204391	-27.958791	1.676319	-1.125186	-28.069209	1.689070	-1.103131	-28.007803	1.551655	-1.156079	-28.015967	1.581246	-1.122543	-28.152719	1.526875	-1.148028	-27.854643	1.489010	-1.126354	-27.936629	1.530859	-0.875964	-27.985518	0.740979	-1.625702	-27.710120	1.516763	-0.597663	-28.095555	-0.033691	-2.060087	-27.718820	1.530904	-0.591309	-28.096696	-0.043472	-2.056251	-27.704021	1.517448	-0.595583	-28.108948	-0.063662	-2.062702	-28.165872	0.986337	-1.117023	-28.174654	0.935699	-1.154127	-27.822948	0.986133	-1.109652	-27.823868	0.943763	-1.170646	-28.173734	0.455254	-1.104585	-27.797335	0.456762	-1.127297	-28.146898	-0.028585	-1.081054	-28.197404	-0.062347	-1.138282	-27.831041	-0.050660	-1.085598	-27.837734	-0.064173	-1.138575
130	1.792254	00:00:01:58	-27.981096	1.663428	-1.228412	-27.936243	1.663597	-1.116731	-28.062909	1.661847	-1.109671	-27.982053	1.522532	-1.186540	-27.992827	1.561228	-1.112440	-28.162129	1.529742	-1.152768	-27.841188	1.534182	-1.160285	-27.928268	1.542429	-0.882467	-27.959613	0.716433	-1.649229	-27.707509	1.511230	-0.621899	-28.075532	-0.061787	-2.074831	-27.731612	1.520950	-0.591610	-28.100085	-0.048076	-2.052261	-27.708089	1.554815	-0.595081	-28.105863	-0.051697	-2.069979	-28.189326	0.995365	-1.119520	-28.176985	0.962562	-1.145613	-27.857473	0.988079	-1.085002	-27.807446	0.955829	-1.164769	-28.195964	0.465992	-1.131918	-27.794917	0.428008	-1.141115	-28.182999	-0.046420	-1.074090	-28.181354	-0.073441	-1.154188	-27.799900	-0.059460	-1.075134	-27.811725	-0.055290	-1.147714
131	1.806148	00:00:01:59	-28.012487	1.623112	-1.228731	-27.937043	1.670305	-1.118993	-28.046030	1.670337	-1.136235	-28.014809	1.537726	-1.162001	-27.989361	1.537374	-1.138593	-28.123680	1.525819	-1.131424	-27.834476	1.545036	-1.145448	-27.939359	1.544351	-0.857428	-27.989388	0.761820	-1.585189	-27.705121	1.554319	-0.610140	-28.094726	-0.077000	-2.057961	-27.723794	1.539827	-0.594926	-28.108944	-0.075598	-2.046776	-27.687605	1.568982	-0.578379	-28.119801	-0.053447	-2.072900	-28.184218	0.970902	-1.107530	-28.185884	0.966563	-1.176748	-27.812577	1.000677	-1.097758	-27.817094	0.993277	-1.171300	-28.168356	0.469964	-1.126432	-27.822117	0.438316	-1.093270	-28.194071	-0.057251	-1.080573	-28.161136	-0.078762	-1.144958	-27.871670	-0.023348	-1.099984	-27.824785	-0.066775	-1.130963
132	1.820041	00:00:01:60	-28.001358	1.643994	-1.238843	-27.936176	1.688806	-1.097291	-28.058751	1.690532	-1.133487	-27.997898	1.544328	-1.171769	-28.000774	1.542105	-1.132919	-28.165585	1.557536	-1.155161	-27.860383	1.555755	-1.156510	-27.914828	1.545535	-0.895334	-27.966479	0.746826	-1.635308	-27.707272	1.518447	-0.611280	-28.069724	-0.041778	-2.037894	-27.686207	1.533136	-0.615940	-28.085627	-0.083178	-2.053007	-27.708577	1.533168	-0.606677	-28.092043	-0.022625	-2.065235	-28.215590	0.977619	-1.131202	-28.159630	0.969213	-1.194047	-27.829491	0.994619	-1.122668	-27.808860	0.981832	-1.167287	-28.194170	0.478991	-1.116936	-27.813264	0.464591	-1.167708	-28.213347	-0.074237	-1.117103	-28.196342	-0.091882	-1.171809	-27.821516	-0.064050	-1.086265	-27.783782	-0.047668	-1.117062
133	1.833935	00:00:01:61	-27.962207	1.624218	-1.216598	-27.917542	1.669544	-1.116868	-28.063658	1.651662	-1.125839	-27.976771	1.548584	-1.166799	-27.969971	1.567094	-1.125286	-28.145709	1.535575	-1.166077	-27.824518	1.577600	-1.137665	-27.947089	1.531018	-0.883495	-27.955558	0.772998	-1.615581	-27.697538	1.538137	-0.610029	-28.097093	-0.052934	-2.054226	-27.704729	1.508738	-0.576223	-28.089123	-0.011534	-2.067921	-27.702256	1.521300	-0.590501	-28.108016	-0.031929	-2.066069	-28.186618	0.985480	-1.121591	-28.154859	0.965976	-1.163031	-27.807607	0.965592	-1.084790	-27.790555	0.957499	-1.118763	-28.186897	0.441607	-1.114961	-27.815396	0.484348	-1.141634	-28.160587	-0.059864	-1.080742	-28.148011	-0.080750	-1.137276	-27.844324	-0.028788	-1.112144	-27.821029	-0.093604	-1.140035
134	1.847828	00:00:01:62	-28.021282	1.620395	-1.235253	-27.931070	1.657185	-1.144330	-28.041848	1.674870	-1.089180	-27.999972	1.529517	-1.142272	-28.007606	1.571001	-1.147981	-28.162848	1.547974	-1.145433	-27.814856	1.561084	-1.146040	-27.912489	1.529017	-0.869299	-27.969435	0.752668	-1.631857	-27.726768	1.549276	-0.591397	-28.116040	-0.034667	-2.041902	-27.685035	1.496698	-0.604527	-28.099615	-0.050423	-2.070203	-27.675897	1.524021	-0.626044	-28.130658	-0.051528	-2.083166	-28.186742	0.984217	-1.103692	-28.177215	0.963563	-1.142355	-27.841725	0.986832	-1.091990	-27.810594	1.004951	-1.197889	-28.168219	0.467621	-1.136197	-27.808167	0.458151	-1.114490	-28.183959	-0.052537	-1.091666	-28.178688	-0.084108	-1.148310	-27.843874	-0.046159	-1.101917	-27.826407	-0.087496	-1.178529
135	1.861722	00:00:01:63	-27.999499	1.638863	-1.245842	-27.942477	1.660676	-1.134794	-28.054104	1.685903	-1.108614	-27.954874	1.561879	-1.150697	-28.016744	1.554916	-1.104382	-28.175506	1.563718	-1.169885	-27.830905	1.572113	-1.138208	-27.956122	1.512549	-0.881116	-28.009494	0.759134	-1.617924	-27.726637	1.529030	-0.595243	-28.094745	-0.063123	-2.026106	-27.706798	1.550471	-0.591366	-28.081696	-0.062855	-2.063031	-27.693601	1.526403	-0.582010	-28.082003	-0.007371	-2.069863	-28.182386	0.993207	-1.142356	-28.184900	0.963335	-1.192855	-27.803636	0.967241	-1.088799	-27.786059	0.960298	-1.177903	-28.199866	0.471649	-1.153614	-27.862025	0.454814	-1.165552	-28.205098	-0.064658	-1.125330	-28.180686	-0.062896	-1.156292	-27.827679	-0.047447	-1.081279	-27.831770	-0.051790	-1.140097
136	1.875615	00:00:01:64	-28.015379	1.611883	-1.228428	-27.941216	1.640801	-1.133990	-28.069449	1.669006	-1.133404	-27.997101	1.557371	-1.158970	-27.976741	1.539334	-1.126574	-28.165627	1.579314	-1.147058	-27.860110	1.552635	-1.176551	-27.910576	1.514073	-0.891637	-27.992224	0.749945	-1.611660	-27.726066	1.537199	-0.615490	-28.098750	-0.048487	-2.075380	-27.693178	1.536619	-0.577451	-28.088812	-0.053869	-2.051489	-27.690770	1.537672	-0.607379	-28.089803	-0.053248	-2.077636	-28.172479	0.980436	-1.109254	-28.178778	0.944217	-1.176045	-27.832168	0.978187	-1.100364	-27.829905	0.922892	-1.133240	-28.188442	0.451695	-1.119898	-27.787727	0.410087	-1.126064	-28.162602	-0.043219	-1.097977	-28.183312	-0.082295	-1.161050	-27.791498	-0.046703	-1.064330	-27.827230	-0.071788	-1.175800
137	1.889508	00:00:01:65	-28.016059	1.642350	-1.229810	-27.948159	1.669706	-1.094595	-28.057051	1.651839	-1.067543	-28.004520	1.550442	-1.143316	-28.038282	1.571717	-1.096901	-28.125955	1.528242	-1.130636	-27.827733	1.569931	-1.162219	-27.904055	1.537231	-0.876434	-27.974288	0.750635	-1.600989	-27.689920	1.539303	-0.587748	-28.104752	-0.046232	-2.069255	-27.681358	1.495545	-0.612681	-28.081740	-0.054195	-2.035408	-27.682953	1.545640	-0.609947	-28.091043	-0.081239	-2.068431	-28.155180	0.973664	-1.124859	-28.177148	0.968935	-1.191506	-27.855478	0.978566	-1.091615	-27.819315	0.959678	-1.150175	-28.176702	0.422140	-1.151573	-27.848591	0.445038	-1.133149	-28.177142	-0.035033	-1.075862	-28.168544	-0.081001	-1.142942	-27.836377	-0.055996	-1.090276	-27.813819	-0.073276	-1.120127
138	1.903402	00:00:01:66	-27.987133	1.656500	-1.240394	-27.953346	1.648467	-1.097529	-28.082033	1.679602	-1.117328	-28.033464	1.564821	-1.163810	-28.002381	1.548738	-1.091500	-28.149177	1.541406	-1.143682	-27.821216	1.549353	-1.156327	-27.929290	1.547156	-0.860639	-27.966821	0.719828	-1.614484	-27.687225	1.549575	-0.596880	-28.098043	-0.049282	-2.082505	-27.695778	1.559100	-0.624654	-28.101635	-0.059369	-2.067219	-27.700897	1.550570	-0.606775	-28.131163	-0.087543	-2.057248	-28.203060	0.973580	-1.148359	-28.184936	0.942539	-1.199004	-27.816031	0.990072	-1.128426	-27.828306	0.995865	-1.165760	-28.175077	0.473162	-1.132673	-27.851590	0.475295	-1.107465	-28.188019	-0.047366	-1.108334	-28.198510	-0.082218	-1.156572	-27.819919	-0.017341	-1.079707	-27.809835	-0.074486	-1.139985
139	1.917295	00:00:01:67	-27.999717	1.657734	-1.236122	-27.954181	1.678098	-1.110993	-28.086274	1.664877	-1.108817	-27.963905	1.534717	-1.155148	-27.987836	1.553299	-1.099938	-28.172964	1.523235	-1.151150	-27.829737	1.528218	-1.162849	-27.913257	1.560469	-0.915961	-27.994981	0.740574	-1.623624	-27.704838	1.543869	-0.576810	-28.090153	-0.051820	-2.089968	-27.682252	1.516767	-0.606492	-28.103545	-0.059684	-2.031850	-27.691468	1.546767	-0.602899	-28.100983	-0.059359	-2.045429	-28.176336	0.944017	-1.072597	-28.177811	0.962841	-1.175982	-27.797214	0.978849	-1.113546	-27.816209	0.990716	-1.200675	-28.206946	0.455799	-1.114275	-27.773466	0.428985	-1.121568	-28.140844	-0.061277	-1.091200	-28.178403	-0.077434	-1.150096	-27.841914	-0.063697	-1.093835	-27.824595	-0.046251	-1.141017
140	1.931189	00:00:01:68	-28.007349	1.651354	-1.246618	-27.924119	1.692012	-1.161387	-28.049499	1.650609	-1.132473	-27.981970	1.544581	-1.161548	-28.022517	1.575027	-1.105142	-28.151791	1.566027	-1.170956	-27.854773	1.546429	-1.142268	-27.876918	1.545744	-0.895700	-27.960309	0.696420	-1.638977	-27.730906	1.540996	-0.613665	-28.103226	-0.065044	-2.064293	-27.717485	1.519136	-0.587326	-28.107638	-0.046904	-2.076466	-27.720159	1.537912	-0.598370	-28.090820	-0.044159	-2.087011	-28.170397	0.969608	-1.125889	-28.177436	0.982365	-1.181731	-27.812177	0.994325	-1.111440	-27.844804	0.969678	-1.152147	-28.177499	0.443421	-1.142667	-27.839286	0.456909	-1.130726	-28.175454	-0.031428	-1.076022	-28.185707	-0.052156	-1.164070	-27.809014	-0.033610	-1.075720	-27.856559	-0.058654	-1.120018
141	1.945082	00:00:01:69	-27.991792	1.611480	-1.224536	-27.929103	1.662498	-1.121373	-28.050612	1.677932	-1.144164	-28.005667	1.553347	-1.165759	-27.993099	1.548267	-1.122623	-28.146169	1.545241	-1.157265	-27.845347	1.554049	-1.176017	-27.943575	1.534511	-0.882610	-27.979086	0.762933	-1.621046	-27.695493	1.519074	-0.592100	-28.095399	-0.044690	-2.065947	-27.685943	1.490001	-0.614485	-28.055199	-0.054420	-2.057900	-27.680731	1.528610	-0.580296	-28.083266	-0.035793	-2.060877	-28.157651	0.983107	-1.123759	-28.168429	0.961737	-1.126960	-27.827891	0.963596	-1.107726	-27.783672	0.929128	-1.170149	-28.132070	0.440102	-1.114270	-27.809444	0.449991	-1.136941	-28.183390	-0.039164	-1.069650	-28.174211	-0.078891	-1.133418	-27.839771	-0.046899	-1.067603	-27.829471	-0.052024	-1.139500
142	1.958976	00:00:01:70	-28.021230	1.617318	-1.257984	-27.933179	1.706400	-1.099558	-28.060695	1.674185	-1.091177	-28.010410	1.549792	-1.180954	-28.012968	1.570373	-1.108519	-28.120302	1.555686	-1.187115	-27.859844	1.543025	-1.155664	-27.928149	1.552316	-0.859972	-27.961224	0.757167	-1.616648	-27.709559	1.523930	-0.601206	-28.116207	-0.058372	-2.069275	-27.679988	1.529632	-0.613801	-28.059386	-0.060224	-2.031663	-27.703915	1.520277	-0.576088	-28.083789	-0.035541	-2.033663	-28.204885	0.964664	-1.076136	-28.156475	0.970863	-1.157361	-27.833375	0.980895	-1.132932	-27.808517	0.968773	-1.170401	-28.191069	0.462018	-1.113503	-27.797083	0.453337	-1.129500	-28.209175	-0.062069	-1.037224	-28.198219	-0.079417	-1.139272	-27.818007	-0.045311	-1.072439	-27.820167	-0.063108	-1.181526
143	1.972869	00:00:01:71	-27.990957	1.630266	-1.260335	-27.957507	1.710002	-1.105408	-28.097444	1.663270	-1.128032	-28.031270	1.546761	-1.151242	-28.011100	1.566713	-1.138108	-28.145415	1.556082	-1.136676	-27.852654	1.558298	-1.170744	-27.916112	1.505337	-0.856856	-27.963088	0.740999	-1.605694	-27.677509	1.555945	-0.582959	-28.090286	-0.011750	-2.069140	-27.684744	1.534176	-0.623100	-28.116365	-0.047238	-2.065171	-27.704094	1.504775	-0.616936	-28.101840	-0.052952	-2.053033	-28.158901	0.967544	-1.104159	-28.200287	0.960737	-1.152376	-27.841398	0.977713	-1.096147	-27.801810	0.980858	-1.139589	-28.172534	0.439848	-1.134025	-27.806654	0.458817	-1.105620	-28.202029	-0.032424	-1.089989	-28.196661	-0.049645	-1.138577	-27.809661	-0.050940	-1.087325	-27.796039	-0.102543	-1.125007
144	1.986763	00:00:01:00	-27.989671	1.621581	-1.260757	-27.953179	1.664929	-1.109337	-28.046409	1.647509	-1.158729	-27.977796	1.542765	-1.162871	-27.993841	1.551826	-1.105694	-28.136877	1.535013	-1.131396	-27.851572	1.541131	-1.165307	-27.920749	1.546667	-0.927527	-27.964604	0.756304	-1.601871	-27.716075	1.533405	-0.592533	-28.088015	-0.035243	-2.083993	-27.691990	1.514224	-0.586088	-28.105959	-0.023435	-2.064714	-27.727933	1.511680	-0.572664	-28.104524	-0.047505	-2.078122	-28.160007	1.011398	-1.123181	-28.186722	0.969919	-1.183116	-27.828092	0.946707	-1.104507	-27.812211	0.944109	-1.167060	-28.139219	0.480138	-1.107562	-27.806809	0.443394	-1.104012	-28.184041	-0.058578	-1.099730	-28.176086	-0.061447	-1.174892	-27.825475	-0.056901	-1.100684	-27.804587	-0.088182	-1.144193
145	2.000656	00:00:02:01	-27.990127	1.613977	-1.231751	-27.951158	1.642033	-1.130508	-28.091276	1.654982	-1.143787	-27.998989	1.553227	-1.145328	-28.011047	1.571244	-1.125906	-28.140292	1.534257	-1.136815	-27.843095	1.546179	-1.159469	-27.951358	1.558108	-0.904910	-27.928464	0.745096	-1.599159	-27.686033	1.556616	-0.612538	-28.108201	-0.032262	-2.056000	-27.685663	1.524487	-0.574040	-28.115639	-0.061789	-2.064162	-27.700904	1.517640	-0.622221	-28.100462	-0.071497	-2.051268	-28.170357	0.995189	-1.127793	-28.174280	0.973001	-1.188141	-27.793537	0.975843	-1.110760	-27.824636	0.951452	-1.159175	-28.172387	0.456833	-1.128669	-27.838422	0.436756	-1.114908	-28.207330	-0.075026	-1.075002	-28.182257	-0.065163	-1.134495	-27.844037	-0.055616	-1.094545	-27.833022	-0.055999	-1.098326
146	2.014549	00:00:02:02	-27.988977	1.642632	-1.251624	-27.914499	1.681931	-1.111513	-28.072672	1.682581	-1.147240	-27.977401	1.536196	-1.177822	-28.013970	1.546713	-1.106174	-28.162255	1.529110	-1.166801	-27.845729	1.564744	-1.130876	-27.918792	1.559790	-0.892747	-27.994656	0.773918	-1.595194	-27.691458	1.534578	-0.595419	-28.104544	-0.047018	-2.066824	-27.677558	1.525617	-0.625303	-28.085078	-0.046856	-2.058167	-27.688611	1.534782	-0.606376	-28.103164	-0.076851	-2.055664	-28.179992	0.996549	-1.088674	-28.141493	0.969794	-1.171332	-27.836962	0.961607	-1.108333	-27.802581	0.952575	-1.149465	-28.206042	0.438563	-1.133681	-27.829095	0.466974	-1.141876	-28.167049	-0.061713	-1.090193	-28.168180	-0.081758	-1.192066	-27.809783	-0.058977	-1.074024	-27.806383	-0.079447	-1.156617
147	2.028443	00:00:02:03	-28.028407	1.640161	-1.223927	-27.939904	1.657363	-1.115511	-28.070768	1.674196	-1.116472	-28.017510	1.548345	-1.158726	-27.989430	1.509956	-1.140785	-28.155379	1.554427	-1.143941	-27.877642	1.553483	-1.124183	-27.889557	1.555665	-0.879175	-27.962989	0.773175	-1.580090	-27.691227	1.525556	-0.598767	-28.088553	-0.049882	-2.083236	-27.686345	1.543802	-0.622258	-28.112233	-0.048229	-2.065000	-27.672283	1.508345	-0.617027	-28.095382	-0.036168	-2.051402	-28.185845	0.960153	-1.119361	-28.184969	0.923724	-1.127496	-27.850910	0.976314	-1.090051	-27.823846	0.980022	-1.181169	-28.176343	0.454523	-1.122700	-27.819388	0.459757	-1.108331	-28.172930	-0.045579	-1.045495	-28.166849	-0.034747	-1.141940	-27.815883	-0.021164	-1.094496	-27.837596	-0.095380	-1.164063
148	2.042336	00:00:02:04	-28.016897	1.602886	-1.228931	-27.916304	1.725470	-1.141232	-28.059418	1.636100	-1.135602	-27.995147	1.541309	-1.114083	-27.997296	1.547166	-1.112623	-28.146536	1.558676	-1.151945	-27.872599	1.553183	-1.156974	-27.927427	1.541373	-0.846815	-27.982395	0.765362	-1.609193	-27.700355	1.535703	-0.615546	-28.106934	-0.036447	-2.048922	-27.678532	1.531335	-0.593052	-28.090693	-0.046155	-2.041543	-27.696229	1.505729	-0.613888	-28.073569	-0.032431	-2.050458	-28.173881	0.985876	-1.105959	-28.208750	0.964001	-1.160154	-27.799495	0.982590	-1.149845	-27.812354	0.950033	-1.157502	-28.156884	0.459300	-1.122645	-27.795495	0.495555	-1.140412	-28.161283	-0.021519	-1.085924	-28.194332	-0.083896	-1.126876	-27.826455	-0.037439	-1.097749	-27.831243	-0.060821	-1.134490
149	2.056230	00:00:02:05	-28.050629	1.626435	-1.245320	-27.949504	1.664181	-1.107409	-28.080645	1.682976	-1.088558	-28.004961	1.532544	-1.190113	-27.995023	1.550219	-1.124926	-28.151626	1.547924	-1.147333	-27.845504	1.544868	-1.167314	-27.931655	1.530543	-0.904367	-27.978193	0.745671	-1.665097	-27.676492	1.531985	-0.604196	-28.110609	-0.044134	-2.066456	-27.687587	1.523403	-0.614917	-28.124232	-0.030139	-2.066891	-27.707779	1.538596	-0.628441	-28.083079	-0.068425	-2.051073	-28.158840	0.968217	-1.103372	-28.156388	0.935635	-1.141808	-27.796235	0.987274	-1.130785	-27.818795	0.950739	-1.199318	-28.173537	0.465847	-1.128939	-27.821987	0.447301	-1.137212	-28.196247	-0.030094	-1.081389	-28.179170	-0.074039	-1.110947	-27.829477	-0.063854	-1.076669	-27.841466	-0.063038	-1.138863
150	2.070123	00:00:02:06	-28.016268	1.638409	-1.251233	-27.931682	1.672804	-1.102924	-28.049763	1.668686	-1.104202	-27.980410	1.569432	-1.194523	-28.004235	1.591357	-1.128073	-28.131227	1.542253	-1.116514	-27.839233	1.551880	-1.174843	-27.906034	1.538441	-0.888036	-27.989771	0.738088	-1.608831	-27.707527	1.534653	-0.585514	-28.075738	-0.060418	-2.030236	-27.708217	1.495053	-0.604117	-28.095586	-0.048162	-2.059050	-27.705891	1.528758	-0.619060	-28.092531	-0.056625	-2.023305	-28.183952	0.986853	-1.101021	-28.161796	0.971264	-1.151004	-27.802352	0.981841	-1.090731	-27.848010	0.955838	-1.147093	-28.154713	0.449635	-1.097098	-27.843386	0.466550	-1.108736	-28.171471	-0.046405	-1.095343	-28.203593	-0.070146	-1.178228	-27.846696	-0.051468	-1.074195	-27.843301	-0.092716	-1.116918
151	2.084017	00:00:02:07	-27.988975	1.612133	-1.213410	-27.913552	1.686323	-1.135214	-28.074527	1.670359	-1.110640	-28.018716	1.519195	-1.151871	-28.011041	1.551805	-1.147730	-28.174794	1.511039	-1.168369	-27.848163	1.522533	-1.178129	-27.911948	1.532387	-0.880248	-27.999460	0.780617	-1.547510	-27.689334	1.528096	-0.646263	-28.083830	-0.023104	-2.045866	-27.679034	1.530994	-0.623445	-28.089128	-0.055486	-2.039907	-27.680608	1.526710	-0.602134	-28.062593	-0.044913	-2.071752	-28.170357	0.994539	-1.110475	-28.164303	0.979204	-1.158827	-27.837685	0.945044	-1.080459	-27.814359	0.982636	-1.148011	-28.192025	0.469994	-1.125744	-27.826210	0.471396	-1.143853	-28.184949	-0.030610	-1.065897	-28.178540	-0.082742	-1.147656	-27.806570	-0.049879	-1.067711	-27.818206	-0.048979	-1.156060
152	2.097910	00:00:02:08	-28.001726	1.627996	-1.239271	-27.967203	1.687376	-1.123028	-28.060546	1.683160	-1.113761	-27.998920	1.567679	-1.165047	-27.963591	1.567989	-1.088165	-28.174151	1.530544	-1.168668	-27.847213	1.532707	-1.135402	-27.920875	1.541357	-0.867371	-27.971723	0.757200	-1.603481	-27.690822	1.536048	-0.648592	-28.078324	-0.077767	-2.063857	-27.717471	1.525054	-0.637750	-28.088464	-0.013826	-2.090613	-27.673275	1.549733	-0.580940	-28.045382	-0.075086	-2.076673	-28.171051	0.979323	-1.114059	-28.164755	0.959171	-1.159529	-27.798446	0.982321	-1.134971	-27.825333	0.943567	-1.147705	-28.189110	0.457840	-1.145807	-27.829882	0.467961	-1.147626	-28.177401	-0.033851	-1.088419	-28.181181	-0.063831	-1.141473	-27.826479	-0.049438	-1.107366	-27.842492	-0.079482	-1.143808
153	2.111804	00:00:02:09	-28.032383	1.620581	-1.240602	-27.914678	1.683904	-1.135977	-28.052296	1.677104	-1.116508	-28.018463	1.544837	-1.181012	-27.976882	1.532303	-1.119694	-28.131429	1.569761	-1.147221	-27.868950	1.536821	-1.169239	-27.921745	1.547281	-0.873289	-27.980233	0.755660	-1.588481	-27.718149	1.542651	-0.597629	-28.118026	-0.034836	-2.066206	-27.670810	1.520208	-0.612910	-28.111973	-0.028074	-2.046013	-27.692122	1.543285	-0.616688	-28.102703	-0.065825	-2.047771	-28.161556	0.994427	-1.103548	-28.169945	0.968101	-1.164202	-27.805670	0.970517	-1.106896	-27.831142	0.961404	-1.149120	-28.177169	0.492879	-1.136840	-27.811380	0.470000	-1.125038	-28.214397	-0.076837	-1.127369	-28.171448	-0.043828	-1.127657	-27.828480	-0.041808	-1.134147	-27.816023	-0.092857	-1.151848
154	2.125697	00:00:02:10	-28.021535	1.598140	-1.255796	-27.937916	1.673961	-1.123469	-28.030860	1.670775	-1.130762	-28.022419	1.559038	-1.157873	-27.997342	1.545298	-1.118739	-28.174908	1.540422	-1.140700	-27.853878	1.527473	-1.153137	-27.887950	1.564967	-0.910546	-27.985315	0.758901	-1.608826	-27.646424	1.546211	-0.642814	-28.094161	-0.052791	-2.044275	-27.695349	1.533486	-0.601712	-28.083452	-0.039713	-2.063036	-27.706315	1.575704	-0.615448	-28.111118	-0.044605	-2.073007	-28.178721	0.986649	-1.109565	-28.180083	0.966576	-1.183181	-27.829201	1.004589	-1.128371	-27.829008	0.957910	-1.155415	-28.189550	0.453876	-1.103514	-27.794870	0.451012	-1.142290	-28.196974	-0.036730	-1.111761	-28.168337	-0.053176	-1.138320	-27.828443	-0.045710	-1.090453	-27.813362	-0.074169	-1.163381
155	2.139590	00:00:02:11	-27.984961	1.628077	-1.239039	-27.944648	1.703238	-1.138647	-28.071960	1.643912	-1.124165	-28.014067	1.561612	-1.148009	-28.022000	1.530591	-1.094915	-28.139967	1.541410	-1.134449	-27.883303	1.523320	-1.197504	-27.911952	1.538004	-0.882019	-27.982411	0.728440	-1.599057	-27.722514	1.538635	-0.620853	-28.108703	-0.065696	-2.054562	-27.696706	1.504977	-0.570779	-28.120418	-0.011264	-2.039939	-27.723246	1.524892	-0.578888	-28.092794	-0.042778	-2.063582	-28.181180	1.029997	-1.091213	-28.172493	0.953178	-1.152353	-27.808220	0.958749	-1.130264	-27.836771	0.962857	-1.184785	-28.134985	0.461445	-1.115653	-27.819448	0.449458	-1.135775	-28.175773	-0.051251	-1.088025	-28.162710	-0.074914	-1.145820	-27.815868	-0.060571	-1.107431	-27.793128	-0.083975	-1.145829
156	2.153484	00:00:02:12	-27.996664	1.605941	-1.228479	-27.959576	1.678312	-1.119084	-28.078347	1.634801	-1.117607	-28.042419	1.571670	-1.136692	-28.004997	1.567853	-1.153814	-28.162058	1.526839	-1.170810	-27.848690	1.563289	-1.160456	-27.904638	1.564210	-0.861018	-27.964294	0.765527	-1.596375	-27.706723	1.487771	-0.611151	-28.110474	-0.038545	-2.065748	-27.687212	1.556438	-0.627696	-28.103715	-0.063506	-2.067333	-27.645039	1.516822	-0.614984	-28.127197	-0.061192	-2.045169	-28.177225	0.958510	-1.084002	-28.187545	0.984674	-1.165602	-27.810500	0.981744	-1.144278	-27.812655	0.984051	-1.176649	-28.174847	0.454092	-1.109341	-27.826207	0.451887	-1.126203	-28.198385	-0.078779	-1.100283	-28.173315	-0.054201	-1.145311	-27.824704	-0.023942	-1.098693	-27.805305	-0.065914	-1.171952
157	2.167377	00:00:02:13	-28.002235	1.636589	-1.271197	-27.958317	1.651176	-1.104727	-28.051259	1.687005	-1.123016	-27.997530	1.553246	-1.142067	-27.990870	1.562131	-1.113089	-28.140270	1.571955	-1.125249	-27.834969	1.535039	-1.180340	-27.904858	1.528693	-0.896032	-27.968607	0.752187	-1.604107	-27.670340	1.536267	-0.591035	-28.094612	-0.036191	-2.067772	-27.681826	1.530748	-0.620327	-28.101716	-0.074137	-2.071308	-27.702170	1.555373	-0.593900	-28.106636	-0.027737	-2.066874	-28.173459	0.994554	-1.123499	-28.182196	0.935473	-1.186548	-27.804725	1.011040	-1.111435	-27.836973	0.961238	-1.165220	-28.176317	0.494897	-1.117189	-27.849170	0.456585	-1.147759	-28.168303	-0.027503	-1.085348	-28.156392	-0.047225	-1.154246	-27.810313	-0.034042	-1.081840	-27.814215	-0.084625	-1.154832
158	2.181271	00:00:02:14	-28.023292	1.609411	-1.274096	-27.938978	1.686903	-1.119377	-28.065768	1.671993	-1.111552	-28.025741	1.544973	-1.170534	-27.983808	1.545307	-1.111994	-28.149882	1.524448	-1.152894	-27.856885	1.499111	-1.170142	-27.918898	1.541805	-0.884139	-27.968799	0.733718	-1.590577	-27.661233	1.527493	-0.595385	-28.102256	-0.031990	-2.065405	-27.717347	1.567313	-0.596269	-28.092359	-0.057410	-2.076533	-27.681299	1.558076	-0.614655	-28.107790	-0.077246	-2.091556	-28.180940	0.967660	-1.094629	-28.210367	0.967386	-1.151863	-27.799220	0.979693	-1.134348	-27.815217	0.966571	-1.170996	-28.190684	0.482846	-1.110956	-27.799538	0.440451	-1.131556	-28.169914	-0.025839	-1.081135	-28.179035	-0.052768	-1.139758	-27.818395	-0.040311	-1.130037	-27.817146	-0.092065	-1.153556
159	2.195164	00:00:02:15	-28.015469	1.623877	-1.257048	-27.964570	1.682453	-1.101407	-28.056584	1.681807	-1.120099	-28.004856	1.545941	-1.156606	-28.026964	1.562660	-1.143058	-28.143056	1.546583	-1.139271	-27.858813	1.542752	-1.172992	-27.927724	1.552478	-0.888137	-27.975393	0.753202	-1.593411	-27.662083	1.531326	-0.610495	-28.074489	-0.035544	-2.087572	-27.687327	1.535082	-0.602140	-28.107545	-0.058825	-2.079833	-27.701521	1.537158	-0.609227	-28.096869	-0.042460	-2.073083	-28.163070	0.981115	-1.111240	-28.177865	0.973767	-1.160712	-27.822032	0.960311	-1.121703	-27.849564	0.957638	-1.170192	-28.180601	0.471900	-1.119588	-27.845922	0.446039	-1.091916	-28.195222	-0.034163	-1.066728	-28.190890	-0.050269	-1.137548	-27.809060	-0.050620	-1.095587	-27.836307	-0.066700	-1.139448
160	2.209058	00:00:02:16	-28.006530	1.628356	-1.220136	-27.924120	1.722547	-1.127403	-28.055865	1.651615	-1.099558	-28.017906	1.544161	-1.159338	-27.999487	1.540221	-1.134359	-28.154734	1.519168	-1.160542	-27.873674	1.553698	-1.150219	-27.918162	1.517799	-0.870929	-27.976492	0.748393	-1.634150	-27.689030	1.541341	-0.632403	-28.128778	-0.057760	-2.087675	-27.697894	1.568494	-0.624839	-28.077445	-0.037774	-2.054751	-27.670145	1.530136	-0.588749	-28.091784	-0.043384	-2.099847	-28.179779	0.986692	-1.125082	-28.208696	0.942272	-1.163692	-27.837332	0.989345	-1.118471	-27.820626	0.938638	-1.164654	-28.137391	0.478918	-1.137195	-27.790197	0.482634	-1.120383	-28.155604	-0.056491	-1.078823	-28.156766	-0.057374	-1.105126	-27.818144	-0.030863	-1.082151	-27.791323	-0.072645	-1.144008
161	2.222951	00:00:02:17	-27.967585	1.627495	-1.242638	-27.947836	1.695679	-1.148847	-28.047129	1.660536	-1.108427	-28.033005	1.547082	-1.190757	-27.977445	1.558805	-1.124177	-28.145592	1.533741	-1.147044	-27.876780	1.545682	-1.152950	-27.940575	1.534057	-0.866029	-27.967057	0.758217	-1.611382	-27.674529	1.524833	-0.623531	-28.103584	-0.002856	-2.063820	-27.695737	1.535520	-0.608960	-28.072115	-0.010740	-2.064344	-27.691038	1.545301	-0.604591	-28.102324	-0.035401	-2.057022	-28.147551	0.989537	-1.068496	-28.193957	0.968539	-1.170778	-27.808305	0.993822	-1.141246	-27.829844	0.928668	-1.163726	-28.175667	0.483333	-1.107492	-27.801658	0.468125	-1.122364	-28.200798	-0.026777	-1.069196	-28.141495	-0.056459	-1.153936	-27.808981	-0.030706	-1.102507	-27.814194	-0.065510	-1.144042
162	2.236845	00:00:02:18	-28.006052	1.647712	-1.267643	-27.965678	1.704951	-1.120671	-28.063408	1.655885	-1.120939	-28.027127	1.535509	-1.157311	-28.005868	1.526517	-1.099494	-28.118727	1.498290	-1.149820	-27.863335	1.536349	-1.171571	-27.937726	1.544708	-0.850605	-27.971398	0.737625	-1.627725	-27.704236	1.542846	-0.637291	-28.091285	-0.004014	-2.072978	-27.688922	1.530064	-0.619369	-28.097479	-0.016371	-2.076547	-27.706724	1.494223	-0.614876	-28.089405	-0.070583	-2.038875	-28.185349	0.993821	-1.107950	-28.216097	0.954253	-1.139368	-27.806019	0.995047	-1.107916	-27.811697	0.954114	-1.162250	-28.159000	0.460817	-1.144761	-27.856861	0.471426	-1.149214	-28.205126	-0.081576	-1.097800	-28.146859	-0.076295	-1.127010	-27.787861	-0.068680	-1.094196	-27.835723	-0.097808	-1.146766
163	2.250738	00:00:02:19	-28.001910	1.622672	-1.261926	-27.953679	1.670140	-1.131068	-28.065119	1.674754	-1.116155	-27.993311	1.568039	-1.144986	-27.997408	1.547728	-1.118297	-28.152368	1.533656	-1.147289	-27.867019	1.539980	-1.172991	-27.901553	1.545222	-0.862678	-27.962910	0.765146	-1.574800	-27.703195	1.536510	-0.615825	-28.099567	-0.061549	-2.031115	-27.673857	1.526741	-0.610468	-28.091072	-0.040439	-2.028062	-27.683778	1.530441	-0.611895	-28.090528	-0.026072	-2.079060	-28.183380	0.973215	-1.106680	-28.165604	0.966765	-1.170612	-27.820884	0.983100	-1.098482	-27.812042	1.001005	-1.158293	-28.158165	0.443926	-1.101984	-27.807574	0.458525	-1.093450	-28.171706	-0.040623	-1.085842	-28.165608	-0.058282	-1.150992	-27.803555	-0.062147	-1.092390	-27.812009	-0.086531	-1.197514
164	2.264631	00:00:02:20	-27.971509	1.631108	-1.249469	-27.959076	1.644860	-1.123875	-28.069912	1.683596	-1.121167	-28.007887	1.540334	-1.161513	-27.982496	1.577957	-1.103192	-28.160904	1.562547	-1.129978	-27.855000	1.523848	-1.160504	-27.895256	1.553245	-0.866590	-27.964802	0.759064	-1.599093	-27.658134	1.523503	-0.617466	-28.100713	-0.038421	-2.082459	-27.698300	1.532031	-0.655118	-28.082727	-0.031675	-2.053368	-27.669033	1.543935	-0.619216	-28.081392	-0.042921	-2.076695	-28.179210	0.972546	-1.103744	-28.183996	0.962453	-1.154699	-27.815756	0.977970	-1.114518	-27.809920	0.949020	-1.180096	-28.189054	0.472521	-1.114788	-27.817076	0.461314	-1.120328	-28.199144	-0.023944	-1.073230	-28.163510	-0.078539	-1.091169	-27.837171	-0.061139	-1.078027	-27.815865	-0.114117	-1.140798
165	2.278525	00:00:02:21	-28.008903	1.642641	-1.234971	-27.916267	1.680311	-1.103120	-28.057965	1.689481	-1.158088	-27.993868	1.539302	-1.150876	-28.005237	1.549812	-1.105312	-28.177450	1.543831	-1.108300	-27.841738	1.538027	-1.174482	-27.896078	1.533466	-0.885258	-27.992292	0.758254	-1.616661	-27.655466	1.535741	-0.606922	-28.086351	-0.067374	-2.081336	-27.659276	1.544709	-0.591093	-28.105374	-0.047102	-2.062369	-27.674769	1.543071	-0.622346	-28.084968	-0.043711	-2.074030	-28.175446	0.979851	-1.070467	-28.177920	0.955500	-1.134564	-27.818657	0.951955	-1.146566	-27.828579	0.961388	-1.176723	-28.173878	0.479415	-1.152366	-27.864393	0.423418	-1.146848	-28.196517	-0.020135	-1.092370	-28.147289	-0.078666	-1.135138	-27.841521	-0.033574	-1.078172	-27.826955	-0.060543	-1.142781
166	2.292418	00:00:02:22	-27.975095	1.628175	-1.290860	-27.932041	1.662277	-1.128365	-28.077129	1.668473	-1.106634	-27.990170	1.546461	-1.149455	-27.975708	1.536312	-1.126908	-28.184057	1.554347	-1.116207	-27.904003	1.516325	-1.152736	-27.907104	1.534319	-0.880698	-27.967999	0.779637	-1.606199	-27.687445	1.555857	-0.607014	-28.095080	-0.045484	-2.037376	-27.637544	1.515816	-0.608079	-28.100957	-0.052933	-2.039176	-27.705712	1.539942	-0.608325	-28.083721	-0.044530	-2.053482	-28.154834	0.964280	-1.110923	-28.185918	0.941736	-1.146075	-27.817252	1.005592	-1.110416	-27.844162	0.923466	-1.155890	-28.163118	0.464087	-1.114963	-27.829200	0.432275	-1.117928	-28.162649	-0.034484	-1.098924	-28.172784	-0.067758	-1.161050	-27.820895	-0.031754	-1.085558	-27.827895	-0.104987	-1.149293
167	2.306312	00:00:02:23	-27.979220	1.593703	-1.234626	-27.923994	1.671518	-1.134373	-28.027830	1.703858	-1.132686	-28.015825	1.557803	-1.151272	-27.985356	1.543112	-1.117743	-28.136478	1.549676	-1.149917	-27.847644	1.546413	-1.140223	-27.947948	1.517805	-0.861913	-27.983055	0.743275	-1.609370	-27.690006	1.527758	-0.626983	-28.092362	-0.006754	-2.060788	-27.650348	1.524441	-0.607135	-28.107408	-0.048632	-2.042835	-27.691353	1.512983	-0.605796	-28.101754	-0.046729	-2.079483	-28.167812	0.969892	-1.085487	-28.166167	0.957123	-1.175569	-27.825525	0.977763	-1.128294	-27.818255	0.967841	-1.177990	-28.207686	0.421872	-1.123419	-27.792525	0.453160	-1.160235	-28.181050	-0.064391	-1.076262	-28.164814	-0.075097	-1.138047	-27.826326	-0.073166	-1.080839	-27.784519	-0.061507	-1.168149
168	2.320205	00:00:02:24	-27.984048	1.624626	-1.240126	-27.915717	1.670026	-1.119108	-28.069397	1.693080	-1.140010	-28.008343	1.558818	-1.174797	-28.006459	1.580137	-1.133081	-28.172461	1.527263	-1.152045	-27.873862	1.552822	-1.171179	-27.904664	1.529269	-0.877068	-27.990069	0.742756	-1.600495	-27.672508	1.524240	-0.633192	-28.102976	-0.042829	-2.048296	-27.696562	1.512032	-0.596706	-28.089510	-0.043584	-2.070985	-27.657811	1.481904	-0.600955	-28.107316	-0.023716	-2.061672	-28.207997	0.970601	-1.111521	-28.191798	0.960241	-1.184979	-27.778842	0.973661	-1.114558	-27.828525	0.997515	-1.177604	-28.196072	0.476297	-1.148176	-27.826004	0.449353	-1.135002	-28.186197	-0.068777	-1.097669	-28.169884	-0.042668	-1.146158	-27.848671	-0.010951	-1.103802	-27.825288	-0.076185	-1.146231
169	2.334099	00:00:02:25	-27.993887	1.612638	-1.226227	-27.923849	1.659734	-1.121604	-28.074672	1.661307	-1.102336	-27.992380	1.568242	-1.146977	-27.983373	1.582171	-1.120513	-28.124010	1.533522	-1.154368	-27.877129	1.516575	-1.158050	-27.904703	1.535362	-0.892885	-27.995701	0.756520	-1.628819	-27.678577	1.533398	-0.619923	-28.112382	-0.050128	-2.054493	-27.691296	1.536562	-0.609817	-28.081720	-0.053674	-2.049485	-27.682320	1.554199	-0.610031	-28.112686	-0.070834	-2.055603	-28.195690	0.977519	-1.108775	-28.193407	0.976315	-1.152679	-27.816868	1.008875	-1.130402	-27.832751	0.977903	-1.170200	-28.185083	0.460576	-1.100053	-27.826950	0.451877	-1.146327	-28.186581	-0.022289	-1.105274	-28.199063	-0.080703	-1.118725	-27.800697	-0.062708	-1.079346	-27.818855	-0.080705	-1.172200
170	2.347992	00:00:02:26	-27.995534	1.644038	-1.216350	-27.923895	1.639597	-1.134071	-28.102816	1.640279	-1.117094	-28.014234	1.560029	-1.172060	-27.996464	1.536249	-1.131113	-28.133985	1.548505	-1.131109	-27.863668	1.540049	-1.164060	-27.938291	1.542244	-0.861162	-27.981979	0.727312	-1.616555	-27.653737	1.545390	-0.599295	-28.110611	-0.060469	-2.044257	-27.673416	1.523275	-0.605629	-28.090477	-0.039122	-2.106346	-27.688049	1.552947	-0.602075	-28.117591	-0.047768	-2.052877	-28.209984	0.974807	-1.093612	-28.163195	0.962305	-1.185899	-27.812720	0.956445	-1.107585	-27.799507	0.988626	-1.175925	-28.216241	0.435214	-1.143788	-27.802497	0.448365	-1.147955	-28.191164	-0.011561	-1.081385	-28.174945	-0.083687	-1.158339	-27.826516	-0.052375	-1.102277	-27.801988	-0.071284	-1.141367
171	2.361886	00:00:02:27	-28.006715	1.666110	-1.243805	-27.937732	1.681439	-1.108686	-28.051024	1.667319	-1.127655	-28.009450	1.557978	-1.144622	-27.977061	1.570241	-1.114281	-28.174643	1.537688	-1.137732	-27.841065	1.533208	-1.155123	-27.883825	1.547900	-0.884662	-27.991513	0.762079	-1.606000	-27.675681	1.550586	-0.591002	-28.103753	-0.042737	-2.052221	-27.658845	1.530438	-0.647407	-28.094793	-0.046812	-2.058437	-27.702375	1.497886	-0.620414	-28.087288	-0.038447	-2.054807	-28.185052	0.982156	-1.115116	-28.183840	0.936584	-1.188788	-27.790698	1.001496	-1.160240	-27.826833	0.960693	-1.172669	-28.185384	0.454348	-1.086624	-27.837654	0.484567	-1.129234	-28.165512	-0.027903	-1.099439	-28.185706	-0.069133	-1.133301	-27.833648	-0.083107	-1.096951	-27.848068	-0.089975	-1.203023
172	2.375779	00:00:02:28	-27.986444	1.630967	-1.224045	-27.930639	1.690023	-1.115794	-28.034154	1.670263	-1.140371	-27.978076	1.572925	-1.163994	-28.011753	1.571689	-1.113106	-28.136642	1.567996	-1.190572	-27.868743	1.530778	-1.177179	-27.895113	1.532417	-0.874683	-27.987416	0.750532	-1.620203	-27.696493	1.565676	-0.604718	-28.097084	-0.067870	-2.064413	-27.700091	1.516602	-0.644593	-28.071297	-0.053569	-2.058341	-27.702346	1.539940	-0.631579	-28.077594	-0.043762	-2.077046	-28.172580	1.023636	-1.072683	-28.176761	1.020423	-1.170116	-27.790648	1.006085	-1.140466	-27.844071	0.975233	-1.152181	-28.163857	0.454925	-1.132556	-27.790112	0.477890	-1.123933	-28.170927	-0.074191	-1.079305	-28.148283	-0.063469	-1.156485	-27.823300	-0.073733	-1.107333	-27.831266	-0.076789	-1.179889
173	2.389672	00:00:02:29	-28.009121	1.657465	-1.264908	-27.927893	1.668558	-1.117856	-28.046432	1.642825	-1.153666	-28.017751	1.534756	-1.130071	-27.994462	1.550645	-1.101515	-28.129654	1.535674	-1.119328	-27.878479	1.545909	-1.158082	-27.908673	1.577555	-0.886787	-27.992275	0.740041	-1.633808	-27.648987	1.537753	-0.622600	-28.072900	-0.062187	-2.060727	-27.658826	1.508835	-0.632809	-28.083517	-0.064314	-2.069834	-27.658853	1.552817	-0.628094	-28.065831	-0.064457	-2.044784	-28.138024	0.987189	-1.128620	-28.165629	0.935145	-1.187355	-27.825805	0.968615	-1.140451	-27.792479	0.973620	-1.161602	-28.193187	0.493148	-1.095653	-27.822280	0.447357	-1.145937	-28.208154	-0.057233	-1.086981	-28.190372	-0.080131	-1.132269	-27.788823	-0.033478	-1.133689	-27.763009	-0.036010	-1.175602
174	2.403566	00:00:02:30	-28.036112	1.667005	-1.265723	-27.927042	1.689005	-1.115554	-28.089990	1.639771	-1.122337	-28.004476	1.552967	-1.177333	-27.984581	1.531564	-1.155532	-28.145565	1.547061	-1.152076	-27.841331	1.545857	-1.167248	-27.914968	1.531762	-0.890753	-27.977707	0.740272	-1.631991	-27.675312	1.552161	-0.603269	-28.100814	-0.071488	-2.065758	-27.682679	1.532466	-0.606529	-28.113740	-0.041989	-2.097146	-27.675258	1.552323	-0.609194	-28.128166	-0.012997	-2.068114	-28.206895	0.990409	-1.062185	-28.162952	0.957335	-1.178655	-27.784179	0.983869	-1.109269	-27.831229	0.943437	-1.189085	-28.212056	0.452555	-1.111030	-27.807013	0.452591	-1.114822	-28.182956	-0.032139	-1.115835	-28.179850	-0.057498	-1.138572	-27.792719	-0.020759	-1.070230	-27.807328	-0.049286	-1.154690
175	2.417459	00:00:02:31	-28.003700	1.613611	-1.245851	-27.926598	1.684382	-1.128930	-28.064870	1.650428	-1.132181	-28.011963	1.550104	-1.153854	-27.974749	1.542616	-1.134613	-28.178576	1.541915	-1.151111	-27.857146	1.548916	-1.167749	-27.920976	1.514976	-0.882838	-27.943276	0.771779	-1.594422	-27.646653	1.512849	-0.627053	-28.096467	-0.053085	-2.039655	-27.667102	1.519023	-0.624997	-28.093541	-0.047576	-2.046825	-27.638257	1.505813	-0.626215	-28.095465	-0.045862	-2.070283	-28.147633	0.976262	-1.096638	-28.182876	0.986926	-1.188441	-27.820674	0.991202	-1.118091	-27.825176	0.996021	-1.185002	-28.171536	0.432125	-1.141746	-27.818355	0.436924	-1.168868	-28.200970	-0.040707	-1.083332	-28.203710	-0.066316	-1.124675	-27.830841	-0.053017	-1.098354	-27.809875	-0.061591	-1.146037
176	2.431353	00:00:02:32	-27.968090	1.648292	-1.237565	-27.921239	1.670765	-1.109439	-28.046476	1.669200	-1.115339	-27.992729	1.521067	-1.138841	-27.984935	1.546744	-1.117744	-28.150074	1.532491	-1.120891	-27.877232	1.527550	-1.170443	-27.911360	1.542887	-0.849154	-27.949240	0.733002	-1.615278	-27.676020	1.498286	-0.633933	-28.105464	-0.027238	-2.045456	-27.674941	1.540466	-0.638913	-28.103588	-0.031040	-2.047396	-27.686895	1.543647	-0.629993	-28.098389	-0.064298	-2.068484	-28.193726	1.000305	-1.113491	-28.199172	1.002960	-1.138808	-27.842536	0.984393	-1.123446	-27.835249	0.977581	-1.185298	-28.180158	0.486525	-1.093060	-27.802276	0.454079	-1.159076	-28.194990	-0.031895	-1.077550	-28.175787	-0.081189	-1.113894	-27.836320	-0.045725	-1.111269	-27.795120	-0.068481	-1.169910
177	2.445246	00:00:02:33	-28.009281	1.626121	-1.244206	-27.927046	1.672121	-1.117176	-28.066049	1.669892	-1.099744	-28.002269	1.543392	-1.169105	-28.001374	1.555283	-1.107530	-28.147758	1.564771	-1.195696	-27.832871	1.539876	-1.144469	-27.920066	1.535136	-0.886097	-27.986814	0.776163	-1.608772	-27.653555	1.503575	-0.624559	-28.109071	-0.039869	-2.032110	-27.674685	1.495740	-0.630618	-28.113529	-0.035587	-2.053297	-27.672712	1.553678	-0.631750	-28.119909	-0.040160	-2.093762	-28.148853	0.996263	-1.068740	-28.179011	0.925293	-1.155029	-27.826180	0.963866	-1.097436	-27.830920	0.966718	-1.181966	-28.185935	0.470440	-1.122852	-27.819289	0.486549	-1.119735	-28.179585	-0.057942	-1.071588	-28.178568	-0.051888	-1.138890	-27.873098	-0.043683	-1.095106	-27.814931	-0.075476	-1.140749
178	2.459140	00:00:02:34	-28.011145	1.627947	-1.255362	-27.968223	1.704093	-1.139660	-28.067414	1.659385	-1.110006	-27.984550	1.534784	-1.150415	-27.988491	1.574961	-1.143950	-28.161182	1.524785	-1.129339	-27.867518	1.517956	-1.168303	-27.910480	1.542416	-0.878036	-27.993528	0.734548	-1.612468	-27.679096	1.502785	-0.617823	-28.099679	-0.031217	-2.078190	-27.660764	1.524976	-0.626893	-28.128395	-0.005886	-2.049489	-27.683690	1.536852	-0.602109	-28.058234	0.005170	-2.060227	-28.176627	0.967915	-1.097784	-28.187785	0.975098	-1.152784	-27.806438	0.961380	-1.109439	-27.815134	0.990099	-1.197517	-28.174722	0.485084	-1.112911	-27.820115	0.447361	-1.167479	-28.180579	-0.039094	-1.096558	-28.196742	-0.106567	-1.124675	-27.815767	-0.012209	-1.062040	-27.817969	-0.072572	-1.141802
179	2.473033	00:00:02:35	-28.017575	1.635933	-1.256120	-27.922749	1.693525	-1.104550	-28.055840	1.650642	-1.136401	-27.997704	1.549826	-1.174945	-28.009876	1.551352	-1.107722	-28.136255	1.565133	-1.162227	-27.845234	1.533256	-1.130797	-27.909038	1.543624	-0.854891	-27.973729	0.737601	-1.615841	-27.668958	1.539936	-0.654766	-28.076697	-0.044515	-2.052440	-27.668321	1.533971	-0.626855	-28.088721	-0.026686	-2.046606	-27.673264	1.510084	-0.621643	-28.061268	-0.036266	-2.077699	-28.182817	0.979334	-1.097837	-28.173985	0.960259	-1.173313	-27.816490	0.972380	-1.108409	-27.809390	0.922959	-1.191952	-28.179198	0.443167	-1.114623	-27.806058	0.447529	-1.143568	-28.194050	-0.004138	-1.120322	-28.198219	-0.080072	-1.125650	-27.844691	-0.087151	-1.092756	-27.796290	-0.055398	-1.161083
180	2.486927	00:00:02:36	-27.994528	1.651427	-1.218372	-27.940479	1.667920	-1.137788	-28.042226	1.661243	-1.123529	-28.001476	1.551468	-1.147546	-27.991374	1.569278	-1.120461	-28.133424	1.548046	-1.159575	-27.840439	1.551084	-1.149717	-27.914314	1.560880	-0.888123	-27.960324	0.757779	-1.633298	-27.663633	1.517823	-0.604197	-28.074414	-0.012844	-2.059258	-27.682010	1.530624	-0.620026	-28.076534	-0.038619	-2.060937	-27.691745	1.541768	-0.611085	-28.106752	-0.068053	-2.070188	-28.194923	0.975719	-1.098495	-28.200669	0.940763	-1.195887	-27.821252	0.981608	-1.117819	-27.823232	0.991782	-1.193146	-28.174584	0.469942	-1.156898	-27.827913	0.449923	-1.131665	-28.142191	-0.062953	-1.079409	-28.155788	-0.091033	-1.140118	-27.837361	-0.055381	-1.125750	-27.838214	-0.063021	-1.168848
181	2.500820	00:00:02:37	-27.999387	1.664756	-1.238796	-27.959507	1.692778	-1.112476	-28.047101	1.656169	-1.093550	-27.998336	1.573636	-1.144378	-28.018248	1.538089	-1.117613	-28.195152	1.574901	-1.125806	-27.879807	1.547665	-1.166666	-27.940574	1.522170	-0.888253	-27.993731	0.743413	-1.607511	-27.691725	1.563546	-0.603134	-28.047175	-0.050200	-2.056416	-27.667568	1.527870	-0.649615	-28.118552	-0.073952	-2.053326	-27.675263	1.535017	-0.620132	-28.116235	-0.053067	-2.066004	-28.214840	1.021691	-1.128019	-28.189813	0.972940	-1.176953	-27.794477	0.955629	-1.111784	-27.784943	0.973723	-1.157760	-28.200088	0.436723	-1.136261	-27.791061	0.435735	-1.129776	-28.166201	-0.027741	-1.086737	-28.181873	-0.083446	-1.146513	-27.826951	-0.089946	-1.097560	-27.842238	-0.061978	-1.170815
182	2.514713	00:00:02:38	-28.017141	1.638819	-1.236311	-27.934747	1.655632	-1.147233	-28.046164	1.694432	-1.102979	-28.017432	1.543786	-1.133592	-27.982574	1.535861	-1.129701	-28.152400	1.502656	-1.135510	-27.860041	1.528013	-1.169777	-27.883345	1.533052	-0.893064	-27.979689	0.749458	-1.626003	-27.658167	1.553459	-0.592868	-28.078896	-0.036459	-2.050494	-27.690916	1.498694	-0.611114	-28.117914	-0.040908	-2.057846	-27.681719	1.542948	-0.613181	-28.070836	-0.070699	-2.048673	-28.197832	0.975486	-1.083167	-28.197236	0.992676	-1.164081	-27.819629	0.984837	-1.123183	-27.827713	0.978265	-1.172143	-28.198013	0.449177	-1.105297	-27.809981	0.482699	-1.146975	-28.144714	-0.075920	-1.092240	-28.188921	-0.042741	-1.136604	-27.847527	-0.049979	-1.115712	-27.807456	-0.057089	-1.166936
183	2.528607	00:00:02:39	-28.009030	1.637515	-1.237937	-27.921612	1.679103	-1.116931	-28.066762	1.670082	-1.127461	-27.977588	1.529287	-1.142082	-27.994508	1.542645	-1.135303	-28.168794	1.517565	-1.116612	-27.869075	1.565883	-1.158246	-27.912861	1.526805	-0.878470	-27.949447	0.741980	-1.621782	-27.671111	1.519390	-0.600405	-28.079514	-0.066989	-2.050524	-27.681666	1.533457	-0.602301	-28.088908	-0.025687	-2.062449	-27.671935	1.550747	-0.604904	-28.071463	-0.048526	-2.112992	-28.186181	0.992363	-1.092504	-28.159219	0.952861	-1.195464	-27.845187	0.967770	-1.122933	-27.850309	0.965910	-1.195368	-28.165809	0.460119	-1.098431	-27.831041	0.432581	-1.110323	-28.170790	-0.051401	-1.097277	-28.184412	-0.047329	-1.126743	-27.869072	-0.070273	-1.088244	-27.804807	-0.089539	-1.167590
184	2.542500	00:00:02:40	-27.989729	1.642143	-1.242288	-27.934304	1.658390	-1.134653	-28.044027	1.679970	-1.136457	-27.988223	1.561276	-1.129812	-27.991682	1.603583	-1.102982	-28.144018	1.555708	-1.161664	-27.846135	1.533045	-1.168699	-27.918683	1.548564	-0.899793	-27.976373	0.746759	-1.580031	-27.675021	1.521194	-0.601330	-28.099615	-0.035903	-2.111055	-27.711675	1.517285	-0.628210	-28.091031	-0.046432	-2.077296	-27.649232	1.515976	-0.611228	-28.095905	-0.026742	-2.069644	-28.177995	0.978929	-1.092575	-28.152089	0.970799	-1.164337	-27.806632	0.969790	-1.136821	-27.832601	0.977497	-1.173170	-28.152217	0.441522	-1.102082	-27.834415	0.430009	-1.143992	-28.158874	-0.021530	-1.089734	-28.185129	-0.068216	-1.129228	-27.819039	-0.081373	-1.106580	-27.810204	-0.059111	-1.158582
185	2.556394	00:00:02:41	-28.031809	1.635139	-1.204697	-27.934147	1.699716	-1.140014	-28.048571	1.644589	-1.142447	-27.936555	1.566539	-1.145983	-28.022763	1.552524	-1.109398	-28.159273	1.543107	-1.167261	-27.867643	1.518767	-1.152064	-27.916646	1.484452	-0.870317	-27.957067	0.751599	-1.634729	-27.679048	1.542678	-0.602612	-28.122863	-0.042738	-2.039913	-27.697658	1.520004	-0.627711	-28.095048	-0.017310	-2.041969	-27.652047	1.542914	-0.630040	-28.121804	-0.059242	-2.041782	-28.200623	0.997630	-1.092453	-28.178642	0.966715	-1.155366	-27.793575	1.000570	-1.140885	-27.806438	0.937817	-1.205214	-28.155903	0.473790	-1.105972	-27.839850	0.439350	-1.152461	-28.161202	-0.029524	-1.083355	-28.153851	-0.043890	-1.138516	-27.814407	-0.053077	-1.092035	-27.824336	-0.053673	-1.151446
186	2.570287	00:00:02:42	-27.987558	1.609888	-1.277443	-27.952027	1.659823	-1.116124	-28.058897	1.704533	-1.103729	-27.969301	1.545833	-1.171192	-28.000928	1.552937	-1.112142	-28.152687	1.547460	-1.164463	-27.819930	1.570188	-1.156243	-27.884671	1.543968	-0.884978	-27.987089	0.763813	-1.627605	-27.655986	1.547124	-0.635334	-28.108052	-0.066147	-2.041565	-27.647080	1.543166	-0.617921	-28.096135	-0.044270	-2.068022	-27.649154	1.518437	-0.610503	-28.077943	-0.058364	-2.064765	-28.211538	0.974278	-1.132952	-28.182875	0.968849	-1.159768	-27.845086	0.978638	-1.104044	-27.796726	0.973343	-1.179381	-28.191099	0.465871	-1.093611	-27.811292	0.461952	-1.117267	-28.200972	-0.066988	-1.085749	-28.186620	-0.073057	-1.133003	-27.801303	-0.071111	-1.093933	-27.825409	-0.053223	-1.116573
187	2.584181	00:00:02:43	-28.028756	1.668757	-1.238263	-27.933207	1.677081	-1.128620	-28.062549	1.683350	-1.120986	-28.009737	1.533663	-1.158079	-28.005604	1.593229	-1.108924	-28.147280	1.565194	-1.132414	-27.851390	1.519774	-1.157699	-27.923179	1.555386	-0.916022	-27.992111	0.755633	-1.606356	-27.682884	1.515199	-0.638196	-28.087675	-0.045199	-2.046979	-27.684866	1.512259	-0.620335	-28.092214	-0.031191	-2.077622	-27.669679	1.541559	-0.639210	-28.112987	-0.056704	-2.048696	-28.185767	0.949749	-1.082285	-28.170502	0.960841	-1.129675	-27.818981	0.981908	-1.099582	-27.835311	0.961170	-1.175911	-28.188017	0.466301	-1.128992	-27.847829	0.456456	-1.130065	-28.189761	-0.046863	-1.090405	-28.151124	-0.079920	-1.138460	-27.819320	-0.046550	-1.105667	-27.838604	-0.065014	-1.170838
188	2.598074	00:00:02:44	-27.994973	1.619515	-1.236067	-27.925024	1.679559	-1.126355	-28.060593	1.659900	-1.078060	-28.016989	1.524845	-1.144984	-27.981765	1.552338	-1.129336	-28.159945	1.549368	-1.147448	-27.849913	1.511751	-1.138397	-27.914735	1.525596	-0.861036	-27.955009	0.749055	-1.608996	-27.629232	1.564067	-0.652226	-28.079408	-0.035959	-2.033704	-27.685969	1.529408	-0.627127	-28.100886	-0.025876	-2.085217	-27.677142	1.533302	-0.641879	-28.097723	-0.033369	-2.036959	-28.160870	0.994633	-1.099132	-28.136459	0.940412	-1.149176	-27.808598	1.010676	-1.092365	-27.843089	0.955607	-1.180758	-28.205930	0.494429	-1.121786	-27.798022	0.455031	-1.160554	-28.167291	-0.011244	-1.088585	-28.188354	-0.052933	-1.146846	-27.818128	-0.046987	-1.090446	-27.803537	-0.064261	-1.161156
189	2.611968	00:00:02:45	-28.035190	1.646075	-1.209664	-27.920437	1.671769	-1.130247	-28.060653	1.664755	-1.125856	-27.981640	1.550525	-1.170588	-28.015241	1.527030	-1.144630	-28.180997	1.566037	-1.135325	-27.855198	1.543603	-1.160669	-27.887164	1.553023	-0.883401	-27.973777	0.763002	-1.628137	-27.673392	1.538337	-0.596717	-28.095794	-0.074345	-2.057474	-27.678312	1.555042	-0.597946	-28.108866	-0.055734	-2.076171	-27.668277	1.570929	-0.638860	-28.099180	-0.061718	-2.034892	-28.214834	0.983226	-1.071876	-28.175296	0.976775	-1.177607	-27.835913	0.981241	-1.092868	-27.837750	0.965120	-1.192619	-28.164653	0.435603	-1.094931	-27.814438	0.474338	-1.149608	-28.172615	-0.042202	-1.057811	-28.203667	-0.075404	-1.131146	-27.818176	-0.052723	-1.073917	-27.829587	-0.042155	-1.126153
190	2.625861	00:00:02:46	-28.006071	1.621683	-1.249112	-27.923662	1.659476	-1.142717	-28.082037	1.653041	-1.111364	-28.002831	1.541670	-1.171304	-27.990841	1.588395	-1.147441	-28.129000	1.533530	-1.177303	-27.871959	1.518507	-1.159567	-27.897427	1.528181	-0.898655	-27.970834	0.733966	-1.642031	-27.625702	1.544955	-0.640269	-28.091460	-0.020571	-2.069743	-27.668682	1.546046	-0.627817	-28.075759	-0.044815	-2.093378	-27.663987	1.496750	-0.631648	-28.088803	-0.051388	-2.051934	-28.157895	0.984942	-1.109686	-28.173097	0.945829	-1.144114	-27.806526	0.979845	-1.118065	-27.809547	0.975557	-1.171757	-28.193989	0.455492	-1.115482	-27.813853	0.448813	-1.166410	-28.204516	-0.036528	-1.080003	-28.184533	-0.066694	-1.143485	-27.818432	-0.054579	-1.108326	-27.841853	-0.077156	-1.145936
191	2.639754	00:00:02:47	-27.965414	1.606951	-1.233035	-27.937350	1.663246	-1.133385	-28.041101	1.650497	-1.118084	-28.000109	1.522459	-1.114953	-27.983363	1.548439	-1.092769	-28.150589	1.533860	-1.147794	-27.869496	1.553909	-1.180160	-27.919744	1.515457	-0.838749	-27.955661	0.721010	-1.605508	-27.667378	1.553213	-0.598151	-28.067334	-0.037287	-2.097026	-27.632154	1.538970	-0.604325	-28.088148	-0.070737	-2.060742	-27.635646	1.486366	-0.615899	-28.083486	-0.063499	-2.083101	-28.130750	0.982176	-1.119813	-28.189939	0.955101	-1.157519	-27.856693	0.989223	-1.100524	-27.846481	0.956265	-1.170251	-28.206926	0.446978	-1.101107	-27.837789	0.464409	-1.158300	-28.157044	-0.052362	-1.093682	-28.195350	-0.084239	-1.154652	-27.840427	-0.022570	-1.082695	-27.801230	-0.078637	-1.154932
192	2.653648	00:00:02:48	-27.998980	1.637369	-1.256205	-27.945603	1.651696	-1.120954	-28.043399	1.658746	-1.097618	-28.006829	1.513711	-1.142605	-28.021459	1.572904	-1.087103	-28.161575	1.540991	-1.159526	-27.866073	1.547572	-1.156288	-27.933333	1.534941	-0.909658	-27.980935	0.758349	-1.611894	-27.657551	1.555437	-0.632729	-28.069400	-0.067505	-2.061831	-27.668768	1.530919	-0.624311	-28.101867	-0.009853	-2.031699	-27.703681	1.549198	-0.633465	-28.083879	-0.035287	-2.057131	-28.213208	0.954891	-1.098301	-28.179141	0.980870	-1.148429	-27.821639	0.997265	-1.121121	-27.800874	0.989174	-1.231648	-28.186588	0.467609	-1.122984	-27.808317	0.432125	-1.128548	-28.178294	-0.022957	-1.082191	-28.167334	-0.067378	-1.095939	-27.832240	-0.044001	-1.116015	-27.798218	-0.068990	-1.152712
193	2.667541	00:00:02:49	-28.006722	1.608858	-1.230984	-27.947161	1.667016	-1.117796	-28.085379	1.668272	-1.119486	-27.974716	1.563315	-1.118498	-28.006502	1.546540	-1.124957	-28.140401	1.525565	-1.188355	-27.830937	1.539353	-1.185963	-27.882468	1.508644	-0.894117	-27.997010	0.770690	-1.606994	-27.659502	1.504227	-0.617107	-28.074358	-0.040588	-2.058079	-27.693328	1.531054	-0.648398	-28.095746	-0.057214	-2.091011	-27.654409	1.528880	-0.645074	-28.076170	-0.056690	-2.035392	-28.165431	0.998783	-1.101738	-28.186271	0.972912	-1.138904	-27.828783	0.964531	-1.088304	-27.836555	0.939010	-1.143107	-28.159269	0.450105	-1.117610	-27.817688	0.439456	-1.138796	-28.158359	-0.036748	-1.086321	-28.163529	-0.045434	-1.163332	-27.819948	-0.058982	-1.109191	-27.797949	-0.068100	-1.147571
194	2.681435	00:00:02:50	-28.006662	1.652066	-1.248344	-27.934141	1.682279	-1.134586	-28.063734	1.675865	-1.122659	-28.037644	1.539426	-1.171232	-28.001492	1.555662	-1.122681	-28.169004	1.536706	-1.131947	-27.844503	1.523122	-1.181088	-27.893555	1.513167	-0.893665	-27.944455	0.748562	-1.640328	-27.681217	1.509191	-0.598545	-28.097687	-0.048873	-2.055621	-27.637032	1.523737	-0.608670	-28.066595	-0.043710	-2.061737	-27.671035	1.506476	-0.662234	-28.088542	-0.033535	-2.043725	-28.135253	0.965195	-1.094947	-28.169812	0.961916	-1.132331	-27.799191	0.940626	-1.125325	-27.809933	0.960091	-1.179002	-28.168326	0.470703	-1.107286	-27.818115	0.494673	-1.122825	-28.192883	-0.048178	-1.105256	-28.186988	-0.084644	-1.113396	-27.846660	-0.052223	-1.111706	-27.826815	-0.092580	-1.198828
195	2.695328	00:00:02:51	-28.005811	1.628212	-1.236238	-27.926052	1.684274	-1.125541	-28.032693	1.643994	-1.127614	-27.994302	1.551605	-1.159030	-27.975712	1.547009	-1.140665	-28.125676	1.578885	-1.154325	-27.871392	1.537641	-1.156556	-27.900907	1.554808	-0.886818	-27.950460	0.753565	-1.606081	-27.665428	1.524433	-0.634437	-28.090550	-0.049855	-2.040924	-27.656852	1.534168	-0.607686	-28.076541	-0.052364	-2.106043	-27.665681	1.532744	-0.649363	-28.059396	-0.033399	-2.072317	-28.174649	0.980104	-1.107346	-28.206508	0.978998	-1.152011	-27.810544	0.974458	-1.110124	-27.795460	0.947773	-1.182768	-28.191908	0.462118	-1.114100	-27.822437	0.466830	-1.140838	-28.197984	-0.017129	-1.086998	-28.170621	-0.107957	-1.119309	-27.800233	-0.072267	-1.132840	-27.813018	-0.036403	-1.173336
196	2.709222	00:00:02:52	-27.981976	1.609979	-1.261867	-27.943897	1.681753	-1.125982	-28.058230	1.651601	-1.119734	-28.002960	1.551072	-1.160700	-28.026383	1.521136	-1.116067	-28.164674	1.540111	-1.130778	-27.836335	1.551919	-1.173435	-27.894955	1.537547	-0.873791	-27.964196	0.738909	-1.630896	-27.643254	1.514187	-0.616720	-28.119992	-0.022695	-2.057928	-27.643142	1.533726	-0.608468	-28.114921	-0.077075	-2.078445	-27.662225	1.538299	-0.630173	-28.071056	-0.046148	-2.070839	-28.160214	0.978217	-1.099233	-28.204543	0.934470	-1.132432	-27.808977	0.981603	-1.128336	-27.834414	0.963844	-1.179380	-28.173855	0.453147	-1.117202	-27.821364	0.447485	-1.130458	-28.157390	-0.038520	-1.103142	-28.224215	-0.084131	-1.148502	-27.827466	-0.031328	-1.111456	-27.816683	-0.087362	-1.148452
197	2.723115	00:00:02:53	-27.992000	1.620184	-1.240138	-27.961050	1.656516	-1.130260	-28.068262	1.650691	-1.107254	-28.024271	1.529527	-1.160521	-27.992185	1.579034	-1.115902	-28.147493	1.537648	-1.174023	-27.840099	1.537429	-1.160899	-27.868015	1.536298	-0.893658	-27.985893	0.751511	-1.609911	-27.660884	1.514740	-0.600942	-28.093234	-0.025426	-2.053188	-27.674486	1.521815	-0.624838	-28.113601	-0.069691	-2.046816	-27.677005	1.532981	-0.640837	-28.085003	-0.047139	-2.061010	-28.155352	1.005744	-1.116297	-28.160912	0.942434	-1.169479	-27.817233	0.984948	-1.143397	-27.846784	0.922867	-1.168635	-28.162202	0.468073	-1.107829	-27.814925	0.461274	-1.155158	-28.172812	-0.062557	-1.090346	-28.187162	-0.066922	-1.099989	-27.827309	-0.017537	-1.078423	-27.801409	-0.062018	-1.225564
198	2.737009	00:00:02:54	-27.989157	1.637921	-1.222276	-27.941792	1.641635	-1.148561	-28.068054	1.703764	-1.139121	-28.015010	1.547157	-1.154567	-28.004201	1.518516	-1.144507	-28.121004	1.577375	-1.123887	-27.846169	1.538090	-1.173425	-27.876201	1.524763	-0.896839	-27.971123	0.758234	-1.652430	-27.671950	1.521126	-0.652237	-28.083324	-0.034203	-2.047044	-27.673710	1.549761	-0.615811	-28.104632	-0.078750	-2.096591	-27.642908	1.544013	-0.629387	-28.094023	-0.058833	-2.048677	-28.158484	0.982887	-1.087571	-28.177694	0.946296	-1.146965	-27.788522	1.017043	-1.108632	-27.792049	0.981016	-1.169939	-28.168002	0.453280	-1.115061	-27.849314	0.451412	-1.158545	-28.168738	-0.067477	-1.045988	-28.168975	-0.071996	-1.131604	-27.836246	-0.010892	-1.133475	-27.802350	-0.073155	-1.134330
199	2.750902	00:00:02:55	-27.998959	1.644330	-1.233623	-27.925206	1.678205	-1.164898	-28.064144	1.672006	-1.159637	-27.991245	1.563072	-1.165359	-27.979245	1.551437	-1.136464	-28.136757	1.566244	-1.176296	-27.851295	1.549931	-1.212203	-27.897436	1.509319	-0.896713	-27.979469	0.753776	-1.599660	-27.685385	1.532946	-0.628958	-28.137232	-0.029254	-2.090039	-27.672283	1.526163	-0.599170	-28.104288	-0.045473	-2.058980	-27.654619	1.535454	-0.639180	-28.117390	-0.063631	-2.063924	-28.164181	0.957385	-1.109667	-28.170838	0.969294	-1.150191	-27.822940	0.988458	-1.131835	-27.814898	0.926992	-1.164929	-28.196071	0.429159	-1.081894	-27.831089	0.447169	-1.145815	-28.153756	-0.023084	-1.055115	-28.169807	-0.062343	-1.124649	-27.808202	-0.054168	-1.120933	-27.850703	-0.072188	-1.174671
200	2.764795	00:00:02:56	-27.998317	1.609629	-1.210467	-27.919341	1.680606	-1.142278	-28.084006	1.676356	-1.119471	-28.013803	1.566356	-1.140793	-28.006144	1.529759	-1.122056	-28.178576	1.563887	-1.150897	-27.860916	1.536617	-1.176875	-27.906225	1.534181	-0.892903	-27.951204	0.772495	-1.653327	-27.622151	1.507161	-0.640158	-28.129455	-0.069493	-2.080004	-27.654994	1.526375	-0.638641	-28.110630	-0.017026	-2.045487	-27.675810	1.551384	-0.602755	-28.130963	-0.024244	-2.051359	-28.186787	0.933771	-1.107382	-28.166119	0.984875	-1.156905	-27.822604	0.980179	-1.106654	-27.821283	0.954431	-1.180860	-28.169187	0.451983	-1.126125	-27.851276	0.459716	-1.162194	-28.173577	-0.034287	-1.074202	-28.171850	-0.094414	-1.096581	-27.816000	-0.046896	-1.093820	-27.821863	-0.025531	-1.155336
201	2.778689	00:00:02:57	-27.979195	1.627303	-1.232597	-27.938450	1.668907	-1.136678	-28.039357	1.658526	-1.097021	-28.000888	1.554243	-1.150858	-27.958582	1.540574	-1.116190	-28.167473	1.525270	-1.147143	-27.869065	1.545997	-1.169217	-27.908624	1.521160	-0.865910	-28.007080	0.744254	-1.616118	-27.663380	1.532052	-0.607055	-28.088508	-0.060717	-2.076742	-27.649477	1.521807	-0.630326	-28.107783	-0.070434	-2.048933	-27.667052	1.525055	-0.619021	-28.090216	-0.053828	-2.085052	-28.197556	0.990493	-1.113205	-28.170277	0.989751	-1.158803	-27.788685	0.961745	-1.136194	-27.822835	0.984141	-1.185076	-28.162030	0.473198	-1.085266	-27.807833	0.459873	-1.143558	-28.180679	-0.073371	-1.049652	-28.167980	-0.030595	-1.142867	-27.804653	-0.039597	-1.099997	-27.794175	-0.031175	-1.140050
202	2.792582	00:00:02:58	-28.025826	1.643368	-1.230700	-27.961824	1.687118	-1.116876	-28.037746	1.669145	-1.136014	-27.981673	1.548592	-1.150092	-27.968600	1.576746	-1.118534	-28.167935	1.522254	-1.167037	-27.858741	1.567444	-1.176790	-27.905920	1.528763	-0.879120	-27.960345	0.773360	-1.638592	-27.672035	1.516898	-0.640601	-28.095887	-0.070519	-2.080647	-27.647758	1.536069	-0.627398	-28.096364	-0.050872	-2.117668	-27.661567	1.525237	-0.637709	-28.095442	-0.046889	-2.059545	-28.191403	0.977312	-1.088844	-28.155487	0.958316	-1.152308	-27.867709	0.943616	-1.131510	-27.823960	0.932698	-1.173446	-28.156835	0.477088	-1.103822	-27.799283	0.450110	-1.126922	-28.175359	-0.077615	-1.069343	-28.205370	-0.083189	-1.148866	-27.808584	-0.016500	-1.124039	-27.799353	-0.068159	-1.123261
203	2.806476	00:00:02:59	-28.000267	1.637804	-1.220436	-27.929342	1.671775	-1.132293	-28.051484	1.656715	-1.142060	-28.031915	1.539863	-1.158787	-28.004397	1.578071	-1.105703	-28.111703	1.534936	-1.116612	-27.898099	1.556342	-1.160758	-27.878574	1.566056	-0.897073	-27.987682	0.740822	-1.631302	-27.634580	1.536494	-0.620249	-28.106469	-0.047712	-2.073779	-27.638656	1.539034	-0.629022	-28.088639	-0.037151	-2.081790	-27.641021	1.535319	-0.649762	-28.088811	-0.044528	-2.071885	-28.176283	0.979048	-1.090228	-28.205914	0.980491	-1.165998	-27.828075	1.007018	-1.130028	-27.809413	0.976034	-1.215812	-28.198547	0.411162	-1.126634	-27.816082	0.449182	-1.108568	-28.197136	-0.041357	-1.069591	-28.182952	-0.061802	-1.128766	-27.833675	-0.057386	-1.066389	-27.819737	-0.079247	-1.141965
204	2.820369	00:00:02:60	-28.020081	1.590724	-1.256516	-27.950383	1.714673	-1.127353	-28.096594	1.656888	-1.141410	-27.999038	1.543661	-1.174740	-28.008615	1.538184	-1.104999	-28.130023	1.536005	-1.137182	-27.848413	1.537222	-1.134674	-27.896978	1.537664	-0.870993	-27.949652	0.741131	-1.591959	-27.679522	1.543370	-0.629468	-28.088900	-0.043307	-2.068119	-27.642316	1.532569	-0.575074	-28.086761	-0.054263	-2.062365	-27.666174	1.532891	-0.613240	-28.091272	-0.059988	-2.058647	-28.189911	0.971849	-1.103239	-28.171309	0.957552	-1.149769	-27.814304	0.997688	-1.089608	-27.797429	0.940099	-1.196508	-28.187761	0.464141	-1.108778	-27.815067	0.434897	-1.135166	-28.162586	-0.027666	-1.064568	-28.176969	-0.063015	-1.104882	-27.800875	-0.042110	-1.087560	-27.849053	-0.068883	-1.141652
205	2.834263	00:00:02:61	-28.046813	1.605841	-1.240872	-27.941187	1.661229	-1.126802	-28.037038	1.657503	-1.105846	-27.983105	1.552515	-1.160588	-27.998192	1.554389	-1.127563	-28.123915	1.535964	-1.119553	-27.848123	1.554322	-1.156292	-27.903385	1.516578	-0.871707	-27.971055	0.726582	-1.616496	-27.642906	1.548020	-0.627040	-28.061004	-0.035638	-2.077426	-27.635566	1.569544	-0.649999	-28.075066	-0.041416	-2.074818	-27.640173	1.558347	-0.638063	-28.080158	-0.028781	-2.051850	-28.173065	0.954120	-1.109209	-28.198751	0.988555	-1.169686	-27.841175	0.954114	-1.137409	-27.812310	0.954961	-1.197840	-28.183093	0.435158	-1.104810	-27.797182	0.472380	-1.131716	-28.187433	-0.071570	-1.071126	-28.195513	-0.099178	-1.116698	-27.802702	-0.010561	-1.077699	-27.803465	-0.064414	-1.166986
206	2.848156	00:00:02:62	-27.991358	1.623265	-1.206618	-27.918935	1.695146	-1.113283	-28.055901	1.689130	-1.105619	-28.007430	1.546382	-1.153811	-27.953380	1.575242	-1.115652	-28.149274	1.523029	-1.174606	-27.866058	1.502157	-1.161161	-27.920958	1.527916	-0.854303	-27.966032	0.764322	-1.611321	-27.639075	1.545154	-0.662491	-28.097908	-0.045262	-2.052634	-27.640543	1.540800	-0.625692	-28.098923	-0.059117	-2.032526	-27.667598	1.545335	-0.627659	-28.084577	-0.023515	-2.064379	-28.182713	0.980979	-1.081869	-28.193994	0.938788	-1.156526	-27.835848	0.980495	-1.104893	-27.843205	0.960856	-1.189407	-28.170070	0.467899	-1.086149	-27.804811	0.436991	-1.137659	-28.194100	-0.061268	-1.095759	-28.178061	-0.043115	-1.144487	-27.820088	-0.055552	-1.104560	-27.835018	-0.060791	-1.128046
207	2.862050	00:00:02:63	-28.031719	1.637438	-1.227913	-27.953404	1.671638	-1.160898	-28.057438	1.660925	-1.129054	-28.022257	1.535139	-1.157461	-27.986738	1.575142	-1.126688	-28.168271	1.542274	-1.145921	-27.858590	1.545630	-1.191259	-27.905130	1.533658	-0.895257	-27.995069	0.758087	-1.629642	-27.645292	1.565130	-0.651684	-28.088013	-0.056876	-2.071053	-27.653913	1.555699	-0.644695	-28.085551	-0.056932	-2.082153	-27.644764	1.500368	-0.612984	-28.069569	-0.031845	-2.077658	-28.172304	0.962891	-1.079672	-28.130366	0.976792	-1.153617	-27.800158	1.000505	-1.093677	-27.798707	0.938361	-1.152748	-28.202297	0.479429	-1.104391	-27.787783	0.453997	-1.158651	-28.169729	-0.008148	-1.072250	-28.185552	-0.065706	-1.136586	-27.826530	-0.046520	-1.151400	-27.805189	-0.051139	-1.163986
208	2.875943	00:00:02:64	-27.996272	1.649204	-1.218313	-27.941788	1.678027	-1.141821	-28.040166	1.669552	-1.090872	-27.985509	1.521623	-1.130508	-27.982690	1.552413	-1.107743	-28.168985	1.531618	-1.183222	-27.819857	1.533433	-1.180712	-27.892477	1.528705	-0.889146	-27.959790	0.741586	-1.608239	-27.648248	1.478211	-0.603778	-28.057121	-0.035122	-2.070102	-27.629977	1.542587	-0.632231	-28.090897	-0.037833	-2.070097	-27.636969	1.525687	-0.640488	-28.079225	-0.054664	-2.065653	-28.144347	0.958857	-1.078862	-28.205915	0.939155	-1.161497	-27.791470	0.983818	-1.129632	-27.835912	1.000808	-1.160423	-28.187594	0.448122	-1.101233	-27.805072	0.472510	-1.145290	-28.164305	-0.049143	-1.070296	-28.173943	-0.056818	-1.125544	-27.814819	-0.053415	-1.066535	-27.822064	-0.080139	-1.154040
209	2.889836	00:00:02:65	-28.041145	1.631938	-1.270044	-27.952083	1.623881	-1.137015	-28.079051	1.669102	-1.113259	-28.023611	1.558584	-1.137480	-28.007064	1.536609	-1.149476	-28.141057	1.544306	-1.141804	-27.853045	1.521874	-1.150381	-27.939548	1.525609	-0.896969	-27.958297	0.751528	-1.611569	-27.639861	1.518660	-0.637509	-28.081709	-0.055950	-2.047208	-27.690759	1.538791	-0.632593	-28.078276	-0.042693	-2.099127	-27.643921	1.529186	-0.609137	-28.088336	-0.028063	-2.040344	-28.157304	0.957970	-1.092582	-28.161953	0.978865	-1.163823	-27.813775	0.934174	-1.115554	-27.820552	0.967339	-1.164498	-28.172930	0.487856	-1.140776	-27.815987	0.455512	-1.137491	-28.142579	-0.049372	-1.052917	-28.172502	-0.097339	-1.135125	-27.822407	-0.027616	-1.126928	-27.808416	-0.064912	-1.160427
210	2.903730	00:00:02:66	-28.004851	1.617088	-1.248422	-27.942829	1.661896	-1.114987	-28.045233	1.657588	-1.111053	-27.978603	1.540488	-1.161247	-28.003016	1.555046	-1.147693	-28.130281	1.572242	-1.159576	-27.867473	1.572414	-1.147989	-27.916599	1.522863	-0.897263	-27.968509	0.746733	-1.632150	-27.678949	1.539748	-0.629582	-28.111574	-0.042371	-2.058514	-27.631788	1.513046	-0.615583	-28.081500	-0.046933	-2.083669	-27.639853	1.521011	-0.635616	-28.094194	-0.050270	-2.097805	-28.186429	0.945947	-1.078584	-28.163964	0.975080	-1.147593	-27.796297	0.978007	-1.150940	-27.795275	0.993093	-1.194903	-28.171735	0.434619	-1.098373	-27.842484	0.450339	-1.137895	-28.177874	-0.054267	-1.093986	-28.179823	-0.085415	-1.132352	-27.848417	-0.054320	-1.108132	-27.831839	-0.029323	-1.160703
211	2.917623	00:00:02:67	-27.967724	1.641769	-1.241710	-27.939648	1.659696	-1.122535	-28.086443	1.664788	-1.098158	-27.992844	1.537551	-1.151455	-27.997200	1.512287	-1.104600	-28.148550	1.535189	-1.167469	-27.849248	1.556412	-1.162728	-27.876380	1.500898	-0.905813	-27.960299	0.753448	-1.594276	-27.638208	1.503765	-0.615446	-28.073118	-0.043699	-2.101372	-27.618785	1.536120	-0.616885	-28.108843	-0.049857	-2.073336	-27.623605	1.528553	-0.652651	-28.110593	-0.061892	-2.075133	-28.177387	0.974314	-1.066418	-28.190532	0.965984	-1.141228	-27.810938	0.986131	-1.107187	-27.780331	0.960628	-1.211808	-28.170183	0.459737	-1.113860	-27.857374	0.445742	-1.128861	-28.175663	-0.051462	-1.066507	-28.165103	-0.040008	-1.133423	-27.822610	-0.068669	-1.094302	-27.824316	-0.058385	-1.158072
212	2.931517	00:00:02:68	-28.015309	1.621856	-1.248991	-27.935042	1.666791	-1.122722	-28.035595	1.673940	-1.125141	-28.001297	1.517419	-1.165589	-27.960089	1.586648	-1.138652	-28.154167	1.533935	-1.173470	-27.828049	1.524084	-1.159631	-27.901000	1.492281	-0.923683	-27.969614	0.737540	-1.613272	-27.665678	1.546243	-0.632893	-28.116412	-0.070475	-2.066502	-27.658662	1.525522	-0.634623	-28.111285	-0.048933	-2.059844	-27.668780	1.504923	-0.647681	-28.100567	-0.055578	-2.069783	-28.188805	0.973476	-1.117296	-28.139269	0.962752	-1.181729	-27.785912	1.029789	-1.108643	-27.823374	0.917723	-1.160832	-28.183095	0.459042	-1.116407	-27.826214	0.458081	-1.144676	-28.168318	-0.013285	-1.075319	-28.175443	-0.057898	-1.145085	-27.822744	-0.064815	-1.110240	-27.836936	-0.057902	-1.174396
213	2.945410	00:00:02:69	-28.011706	1.652717	-1.233280	-27.944976	1.672644	-1.129359	-28.066003	1.656958	-1.118543	-28.005949	1.541589	-1.141996	-27.990112	1.569627	-1.126635	-28.163686	1.538009	-1.148992	-27.834224	1.540118	-1.160912	-27.856850	1.523200	-0.899551	-27.937520	0.744207	-1.613995	-27.642406	1.532357	-0.654686	-28.097617	-0.074797	-2.099321	-27.646173	1.523275	-0.638944	-28.099329	-0.068726	-2.074217	-27.659294	1.547111	-0.638703	-28.103915	-0.068071	-2.061666	-28.182673	0.946852	-1.066030	-28.169574	0.974686	-1.145527	-27.817614	0.980168	-1.116244	-27.816821	0.957487	-1.224750	-28.178947	0.463521	-1.122604	-27.821819	0.451029	-1.157311	-28.162627	-0.039446	-1.068539	-28.162835	-0.095909	-1.103491	-27.844809	-0.076618	-1.125804	-27.848542	-0.069160	-1.140729
214	2.959304	00:00:02:70	-27.974249	1.663242	-1.224221	-27.957913	1.677096	-1.118094	-28.049822	1.696251	-1.088125	-28.011062	1.566120	-1.152539	-28.019381	1.567374	-1.116725	-28.165412	1.514231	-1.142306	-27.860464	1.574198	-1.168158	-27.920682	1.557068	-0.887516	-27.983412	0.759382	-1.635613	-27.617261	1.547529	-0.631450	-28.064678	-0.050882	-2.028964	-27.642248	1.545562	-0.654814	-28.074005	-0.046398	-2.076445	-27.631296	1.522653	-0.598369	-28.100594	-0.036599	-2.060080	-28.169146	0.954503	-1.110714	-28.191634	0.967181	-1.170449	-27.843821	0.970244	-1.160632	-27.820106	0.944395	-1.188809	-28.158413	0.392113	-1.118387	-27.849288	0.457320	-1.137500	-28.185072	-0.057918	-1.054885	-28.169774	-0.078630	-1.151509	-27.854983	-0.025726	-1.099535	-27.809378	-0.062165	-1.182206
215	2.973197	00:00:02:71	-28.001495	1.597982	-1.225498	-27.925838	1.647745	-1.151290	-28.064432	1.678672	-1.106006	-28.007931	1.536570	-1.134254	-27.957723	1.559000	-1.094121	-28.165828	1.568665	-1.129800	-27.849666	1.548991	-1.141455	-27.904289	1.531175	-0.869501	-27.942526	0.755556	-1.625031	-27.652923	1.521126	-0.642245	-28.080480	-0.051586	-2.024853	-27.609412	1.508205	-0.656795	-28.082694	-0.027138	-2.062973	-27.675692	1.512981	-0.629954	-28.096179	-0.037584	-2.062594	-28.204592	0.962819	-1.102454	-28.191471	0.969839	-1.173618	-27.823341	0.957040	-1.098577	-27.832971	0.987354	-1.151864	-28.193384	0.451005	-1.125589	-27.840714	0.485499	-1.153726	-28.179878	-0.020445	-1.082016	-28.170937	-0.075628	-1.162577	-27.810266	-0.036460	-1.107228	-27.798870	-0.061316	-1.179814
216	2.987091	00:00:02:00	-27.995101	1.618767	-1.216369	-27.938044	1.666148	-1.159791	-28.086339	1.688058	-1.152608	-27.993457	1.542582	-1.133149	-28.037411	1.562356	-1.124083	-28.129869	1.537470	-1.136658	-27.857831	1.492502	-1.161761	-27.928047	1.532291	-0.861670	-27.991298	0.748757	-1.598958	-27.625996	1.554404	-0.635824	-28.101062	-0.039530	-2.048873	-27.635513	1.520198	-0.614143	-28.102115	-0.059574	-2.046018	-27.619684	1.518536	-0.646966	-28.096579	-0.011896	-2.072053	-28.186482	0.967208	-1.097573	-28.157203	0.995197	-1.166146	-27.838844	0.972083	-1.150262	-27.820771	0.965745	-1.166673	-28.156912	0.457687	-1.091464	-27.789516	0.434690	-1.175916	-28.198882	-0.051806	-1.078377	-28.165921	-0.035910	-1.114085	-27.790728	-0.022577	-1.103176	-27.821717	-0.043269	-1.144344
217	3.000984	00:00:03:01	-28.019851	1.629790	-1.213318	-27.922368	1.670578	-1.121149	-28.079262	1.666664	-1.133194	-28.005345	1.578068	-1.158993	-27.983018	1.568602	-1.135949	-28.127566	1.552399	-1.149138	-27.799168	1.511587	-1.146595	-27.882913	1.557417	-0.893257	-27.979699	0.726052	-1.631953	-27.643147	1.513520	-0.634110	-28.089100	-0.066927	-2.028418	-27.638010	1.550116	-0.606207	-28.072610	-0.061706	-2.053568	-27.657390	1.540058	-0.633870	-28.041717	-0.052511	-2.048742	-28.176632	0.981626	-1.080449	-28.198632	0.984056	-1.139401	-27.786371	0.977182	-1.151287	-27.818713	0.953347	-1.180559	-28.187882	0.459423	-1.110062	-27.837188	0.468574	-1.122552	-28.209902	-0.061324	-1.092774	-28.173767	-0.078514	-1.120575	-27.841357	-0.016313	-1.127817	-27.804295	-0.033669	-1.173254
218	3.014877	00:00:03:02	-28.032561	1.632544	-1.241841	-27.905847	1.654725	-1.134600	-28.056320	1.675764	-1.097643	-27.989700	1.539161	-1.166081	-27.980257	1.526109	-1.097532	-28.148637	1.527451	-1.132444	-27.828823	1.562140	-1.145198	-27.877021	1.536290	-0.878047	-28.000544	0.740267	-1.598037	-27.634031	1.540902	-0.622385	-28.073237	-0.050643	-2.080552	-27.641141	1.543422	-0.638487	-28.069073	-0.049634	-2.058632	-27.623468	1.539720	-0.636403	-28.114423	-0.025882	-2.058920	-28.178937	0.962227	-1.098698	-28.199877	0.970219	-1.165604	-27.820858	0.964204	-1.148397	-27.823658	0.964641	-1.180071	-28.176362	0.441274	-1.111710	-27.795582	0.443802	-1.164268	-28.164845	0.009679	-1.058070	-28.211583	-0.055608	-1.147259	-27.826563	-0.051824	-1.076441	-27.823722	-0.044773	-1.178049
219	3.028771	00:00:03:03	-28.032002	1.643582	-1.203698	-27.936806	1.679809	-1.115899	-28.039667	1.688068	-1.116364	-27.995606	1.543120	-1.140331	-28.025693	1.584205	-1.112610	-28.156630	1.556782	-1.146627	-27.825713	1.533245	-1.177916	-27.879911	1.525169	-0.862362	-27.958718	0.714110	-1.646246	-27.625374	1.484819	-0.656266	-28.069661	-0.040334	-2.060343	-27.658890	1.523908	-0.637798	-28.089417	-0.030928	-2.063305	-27.653332	1.512931	-0.625019	-28.078806	-0.021261	-2.044748	-28.152079	0.973378	-1.084237	-28.166078	0.994466	-1.153556	-27.821357	1.005553	-1.122693	-27.819178	0.966025	-1.202661	-28.164481	0.488373	-1.091268	-27.817641	0.452641	-1.170836	-28.150848	-0.026673	-1.044850	-28.175077	-0.099952	-1.126192	-27.813882	-0.055963	-1.077328	-27.847062	-0.073997	-1.165401
220	3.042664	00:00:03:04	-28.012095	1.630445	-1.258004	-27.907423	1.674600	-1.110162	-28.047554	1.660929	-1.110166	-28.024959	1.571702	-1.170551	-27.951154	1.581659	-1.126229	-28.147624	1.535269	-1.153101	-27.845965	1.563923	-1.196118	-27.870126	1.537611	-0.896226	-27.974581	0.713674	-1.624686	-27.631005	1.520284	-0.640757	-28.085828	-0.063537	-2.020145	-27.612136	1.491007	-0.619497	-28.102794	-0.049011	-2.038515	-27.644920	1.509560	-0.614883	-28.092306	-0.043835	-2.060151	-28.172981	1.010827	-1.108875	-28.173915	0.994330	-1.141269	-27.786006	0.972213	-1.135398	-27.818692	0.945148	-1.204454	-28.155537	0.468766	-1.115230	-27.824952	0.444610	-1.155911	-28.148409	-0.058578	-1.105274	-28.161177	-0.059747	-1.116858	-27.821332	-0.077259	-1.096985	-27.839909	-0.092687	-1.157642
221	3.056558	00:00:03:05	-27.986890	1.604159	-1.244901	-27.915878	1.664844	-1.133094	-28.031051	1.687384	-1.106234	-28.005806	1.572492	-1.168938	-27.982717	1.577054	-1.103156	-28.134624	1.527315	-1.133814	-27.833145	1.498650	-1.188088	-27.878591	1.517885	-0.869999	-27.978187	0.785451	-1.606462	-27.627655	1.509762	-0.668932	-28.106323	-0.028099	-2.052567	-27.653508	1.539944	-0.659559	-28.089335	-0.048986	-2.038437	-27.627790	1.516344	-0.663919	-28.120785	-0.068629	-2.074448	-28.173562	0.986926	-1.097794	-28.200283	0.991716	-1.145078	-27.830557	1.003926	-1.135236	-27.820069	0.978492	-1.160300	-28.168957	0.417056	-1.081526	-27.830236	0.493017	-1.126137	-28.159737	-0.042818	-1.067072	-28.166117	-0.073790	-1.110079	-27.831568	-0.052665	-1.107493	-27.799365	-0.046794	-1.176213
222	3.070451	00:00:03:06	-28.017101	1.643960	-1.266833	-27.916883	1.666609	-1.137526	-28.071506	1.657157	-1.132555	-28.007220	1.550080	-1.143510	-27.959876	1.584326	-1.126949	-28.170610	1.567207	-1.137788	-27.860465	1.561788	-1.176553	-27.912939	1.546396	-0.881407	-27.974243	0.758170	-1.621107	-27.641634	1.533957	-0.633594	-28.077132	-0.014281	-2.091719	-27.648839	1.528512	-0.630706	-28.071953	-0.063710	-2.069143	-27.673824	1.538693	-0.604551	-28.094610	-0.046307	-2.099374	-28.140813	1.003967	-1.075445	-28.172729	0.971692	-1.142782	-27.807271	0.995048	-1.153847	-27.808682	0.950939	-1.142548	-28.183790	0.481428	-1.114570	-27.820895	0.446258	-1.160418	-28.172024	-0.065443	-1.080824	-28.163548	-0.081120	-1.113026	-27.808148	-0.048786	-1.074816	-27.841143	-0.087309	-1.164728
223	3.084345	00:00:03:07	-28.027844	1.639622	-1.229499	-27.951198	1.657367	-1.133664	-28.061634	1.672861	-1.116404	-27.973363	1.540287	-1.152638	-27.995384	1.522327	-1.116590	-28.130519	1.535580	-1.139527	-27.840154	1.545251	-1.168026	-27.879071	1.546904	-0.904253	-27.990140	0.760574	-1.609972	-27.640116	1.525954	-0.615110	-28.097618	-0.039796	-2.066763	-27.636158	1.547200	-0.637380	-28.107803	-0.040039	-2.061728	-27.662135	1.520033	-0.655085	-28.117593	-0.022871	-2.037139	-28.180213	1.004418	-1.081311	-28.181172	0.958307	-1.116213	-27.838285	0.982070	-1.101288	-27.811688	0.996187	-1.169737	-28.205494	0.465541	-1.141881	-27.797014	0.455908	-1.128745	-28.202180	-0.036423	-1.079131	-28.179568	-0.028300	-1.126025	-27.830477	-0.011023	-1.107460	-27.818482	-0.056491	-1.159198
224	3.098238	00:00:03:08	-28.027388	1.625387	-1.227267	-27.940700	1.684749	-1.143015	-28.062642	1.675415	-1.119607	-28.026147	1.563946	-1.160908	-27.999298	1.553799	-1.098074	-28.125793	1.564588	-1.162763	-27.866051	1.524863	-1.171079	-27.935422	1.543063	-0.910095	-27.970920	0.749551	-1.583659	-27.630179	1.521966	-0.639137	-28.089760	-0.036884	-2.055013	-27.629550	1.541078	-0.667460	-28.104316	-0.028591	-2.054294	-27.665310	1.506161	-0.645736	-28.117482	-0.072751	-2.071451	-28.160243	0.998730	-1.096384	-28.189435	0.958945	-1.143893	-27.819619	0.992277	-1.114412	-27.807278	0.938418	-1.200807	-28.184072	0.464830	-1.095931	-27.833573	0.469361	-1.133653	-28.181624	-0.035712	-1.094531	-28.188960	-0.049532	-1.120424	-27.837336	-0.074030	-1.110017	-27.839242	-0.059515	-1.150736
225	3.112132	00:00:03:09	-27.993815	1.618276	-1.259989	-27.921066	1.688504	-1.121527	-28.049214	1.686135	-1.114395	-27.975412	1.525637	-1.182487	-27.975734	1.566403	-1.171213	-28.148587	1.522502	-1.159021	-27.868295	1.551574	-1.183263	-27.887351	1.538455	-0.871795	-27.944630	0.718617	-1.603980	-27.622109	1.512499	-0.608421	-28.070196	-0.032404	-2.080147	-27.652279	1.534683	-0.628183	-28.092536	-0.030182	-2.054598	-27.661435	1.538469	-0.634951	-28.093037	-0.081024	-2.044274	-28.174758	0.995151	-1.104765	-28.170533	0.953437	-1.146572	-27.827461	0.949284	-1.145997	-27.791151	0.977802	-1.222626	-28.147827	0.444932	-1.091875	-27.804399	0.442637	-1.147430	-28.171395	-0.018793	-1.045243	-28.179709	-0.063831	-1.117595	-27.802852	-0.040479	-1.124915	-27.825090	-0.086134	-1.188638
226	3.126025	00:00:03:10	-28.007111	1.625518	-1.230647	-27.936705	1.650091	-1.109808	-28.068354	1.662706	-1.099194	-27.975678	1.554299	-1.149931	-28.009916	1.581914	-1.132499	-28.106579	1.526839	-1.141798	-27.840870	1.543540	-1.164028	-27.887312	1.546484	-0.894074	-27.953837	0.784899	-1.606361	-27.638127	1.525612	-0.660271	-28.076147	-0.052210	-2.063271	-27.621661	1.513355	-0.611039	-28.091504	-0.056017	-2.058072	-27.664568	1.536109	-0.647852	-28.111150	-0.044803	-2.069504	-28.173762	1.007953	-1.102810	-28.160209	0.977908	-1.123084	-27.821107	0.981411	-1.134810	-27.809895	0.962012	-1.173282	-28.176628	0.480828	-1.092660	-27.824274	0.459629	-1.131757	-28.196573	-0.068171	-1.074691	-28.193185	-0.064775	-1.105973	-27.839743	-0.064128	-1.099227	-27.846647	-0.087267	-1.150600
227	3.139918	00:00:03:11	-28.028360	1.660921	-1.213333	-27.933283	1.657020	-1.148767	-28.060015	1.659462	-1.134640	-27.972194	1.552165	-1.155747	-27.988924	1.548452	-1.130619	-28.153876	1.560248	-1.136341	-27.864403	1.561804	-1.168772	-27.878231	1.521200	-0.879069	-27.968164	0.775370	-1.589203	-27.605392	1.525261	-0.651968	-28.082958	-0.021811	-2.083064	-27.629486	1.516735	-0.637812	-28.092062	-0.055833	-2.077204	-27.665146	1.550176	-0.644728	-28.089040	-0.054029	-2.071840	-28.166955	1.005181	-1.086303	-28.159880	0.977381	-1.170124	-27.824327	1.004294	-1.158505	-27.809030	0.963975	-1.218346	-28.203579	0.471519	-1.115943	-27.802808	0.464910	-1.126617	-28.201054	-0.031396	-1.100078	-28.181415	-0.095633	-1.139450	-27.835200	-0.034314	-1.134999	-27.841994	-0.050181	-1.155804
228	3.153812	00:00:03:12	-28.007573	1.650877	-1.253027	-27.955462	1.696312	-1.148602	-28.065659	1.694831	-1.093951	-27.983386	1.574371	-1.155062	-27.986935	1.549863	-1.114138	-28.152410	1.525003	-1.120332	-27.861704	1.526172	-1.172653	-27.880084	1.523415	-0.877166	-27.994108	0.773718	-1.602778	-27.674721	1.540073	-0.639846	-28.089830	-0.044666	-2.079139	-27.646820	1.526064	-0.629648	-28.081584	-0.040986	-2.044041	-27.657407	1.526407	-0.645166	-28.102702	-0.016271	-2.080187	-28.163717	0.994436	-1.120025	-28.210470	0.951012	-1.128839	-27.812915	0.982569	-1.107883	-27.817433	0.953663	-1.175897	-28.208386	0.476368	-1.120358	-27.825484	0.453211	-1.109123	-28.159495	-0.001320	-1.067854	-28.168134	-0.057668	-1.121947	-27.790739	-0.051777	-1.095394	-27.808620	-0.027801	-1.170485
229	3.167705	00:00:03:13	-28.016260	1.640156	-1.234580	-27.887361	1.711863	-1.125380	-28.068411	1.695062	-1.099005	-28.023545	1.509933	-1.159277	-28.000390	1.545644	-1.148888	-28.134987	1.528797	-1.144029	-27.836012	1.550471	-1.176790	-27.869859	1.526428	-0.902016	-27.942746	0.721834	-1.599646	-27.636455	1.545200	-0.661488	-28.107722	-0.035397	-2.076630	-27.619211	1.482513	-0.591890	-28.098909	-0.037685	-2.043474	-27.652498	1.538871	-0.650146	-28.104773	-0.070987	-2.104699	-28.171880	0.947249	-1.118472	-28.170081	0.960636	-1.152972	-27.809892	0.955222	-1.131230	-27.818294	0.964781	-1.187823	-28.187641	0.446677	-1.105824	-27.830121	0.442963	-1.151297	-28.194490	-0.038288	-1.079825	-28.198656	-0.059175	-1.154174	-27.808302	-0.014052	-1.104394	-27.808911	-0.056003	-1.152020
230	3.181599	00:00:03:14	-28.018221	1.620843	-1.214360	-27.926018	1.697731	-1.125476	-28.054029	1.663825	-1.111694	-27.986303	1.513561	-1.160173	-27.988702	1.533281	-1.142246	-28.149536	1.534724	-1.142997	-27.854122	1.558107	-1.188725	-27.897808	1.534420	-0.886585	-27.962368	0.774419	-1.599179	-27.620291	1.525937	-0.619149	-28.106862	-0.059480	-2.041915	-27.628121	1.534706	-0.672979	-28.138771	-0.078881	-2.048142	-27.619467	1.521541	-0.649630	-28.086265	-0.065060	-2.044356	-28.179533	0.948468	-1.083887	-28.164875	0.896637	-1.155833	-27.823623	0.984459	-1.105890	-27.810357	0.980551	-1.192557	-28.187934	0.474802	-1.120337	-27.828701	0.445762	-1.157044	-28.162387	-0.027857	-1.051409	-28.143679	-0.073184	-1.123356	-27.814401	-0.077046	-1.098297	-27.817333	-0.062164	-1.133207
231	3.195492	00:00:03:15	-27.983811	1.631545	-1.263183	-27.949455	1.684149	-1.097668	-28.027133	1.680620	-1.103763	-27.975664	1.547150	-1.148646	-28.009520	1.551408	-1.099806	-28.141094	1.559882	-1.161284	-27.871714	1.537343	-1.139353	-27.884658	1.550556	-0.899818	-27.965164	0.740052	-1.644791	-27.624714	1.521992	-0.643613	-28.082466	-0.025435	-2.032085	-27.609207	1.548675	-0.627381	-28.085954	-0.038664	-2.040915	-27.649928	1.512898	-0.625698	-28.055551	-0.028290	-2.071259	-28.182137	0.967675	-1.067325	-28.194523	0.970802	-1.143695	-27.838567	1.001410	-1.145108	-27.820774	0.961126	-1.185617	-28.184236	0.456404	-1.121796	-27.808884	0.457785	-1.148846	-28.189304	-0.064218	-1.059017	-28.181790	-0.060504	-1.096438	-27.824058	-0.048866	-1.139107	-27.802341	-0.047764	-1.157610
232	3.209386	00:00:03:16	-27.982519	1.613281	-1.227254	-27.916984	1.674060	-1.109083	-28.041852	1.702239	-1.103980	-27.968026	1.538745	-1.193592	-27.965654	1.566661	-1.115856	-28.161525	1.551918	-1.152832	-27.864477	1.557081	-1.160313	-27.916247	1.510630	-0.893664	-28.004889	0.765830	-1.606492	-27.641567	1.532799	-0.613567	-28.113185	-0.042741	-2.046911	-27.642999	1.511100	-0.628832	-28.115292	-0.022697	-2.050186	-27.659757	1.497532	-0.647308	-28.095736	-0.044551	-2.062546	-28.169779	0.976944	-1.066166	-28.189256	0.966912	-1.137991	-27.846497	0.984612	-1.143016	-27.822220	0.975318	-1.192688	-28.226840	0.437084	-1.099616	-27.815321	0.466650	-1.120122	-28.163607	-0.032975	-1.072659	-28.176162	-0.070645	-1.169127	-27.806730	-0.038146	-1.141477	-27.819863	-0.051800	-1.148278
233	3.223279	00:00:03:17	-27.986595	1.624658	-1.215945	-27.895166	1.663605	-1.131535	-28.050960	1.654385	-1.129710	-27.974419	1.555083	-1.127768	-27.970612	1.519202	-1.114793	-28.181564	1.522762	-1.104932	-27.845826	1.573341	-1.165885	-27.907359	1.530681	-0.855581	-27.961536	0.777341	-1.627604	-27.622289	1.510207	-0.636057	-28.090027	-0.049631	-2.083341	-27.633309	1.527256	-0.627856	-28.101125	-0.036177	-2.079568	-27.628021	1.536417	-0.623492	-28.101000	-0.058342	-2.083683	-28.189965	0.974868	-1.083333	-28.192841	0.961197	-1.157829	-27.791648	1.002802	-1.122263	-27.804201	0.943034	-1.190254	-28.173856	0.450863	-1.115482	-27.815221	0.443181	-1.171347	-28.159768	-0.036288	-1.080738	-28.169388	-0.077610	-1.097938	-27.815216	-0.058205	-1.084882	-27.867861	-0.069276	-1.187985
234	3.237173	00:00:03:18	-28.019711	1.605882	-1.252034	-27.932242	1.645357	-1.117754	-28.047534	1.648078	-1.145959	-28.003307	1.534771	-1.164019	-27.959640	1.574665	-1.141218	-28.159605	1.598039	-1.136246	-27.833674	1.515458	-1.198187	-27.896381	1.552782	-0.869227	-27.961398	0.737510	-1.606530	-27.624232	1.501593	-0.641515	-28.104585	-0.062531	-2.055929	-27.631317	1.536346	-0.646652	-28.114865	-0.021559	-2.058902	-27.640257	1.537949	-0.614048	-28.088944	-0.024904	-2.079656	-28.186355	0.974143	-1.079879	-28.198162	0.952653	-1.156316	-27.810451	1.048865	-1.111823	-27.793233	0.943624	-1.205625	-28.178872	0.462171	-1.126578	-27.840053	0.472880	-1.161012	-28.168327	-0.019927	-1.050982	-28.206241	-0.084618	-1.107344	-27.805567	-0.065676	-1.105766	-27.813851	-0.071244	-1.159396
235	3.251066	00:00:03:19	-28.012173	1.632127	-1.256043	-27.949454	1.678200	-1.102360	-28.068639	1.678307	-1.126957	-28.026838	1.545597	-1.146173	-27.984363	1.579796	-1.117626	-28.164366	1.526112	-1.171503	-27.851969	1.545415	-1.168408	-27.892693	1.528501	-0.886103	-27.983716	0.751511	-1.597925	-27.646096	1.519735	-0.622794	-28.089324	-0.045396	-2.056274	-27.613931	1.530821	-0.635828	-28.106884	-0.048079	-2.067346	-27.634032	1.524174	-0.666830	-28.063015	-0.026074	-2.058760	-28.163657	0.995257	-1.090481	-28.188111	0.954169	-1.160969	-27.834216	0.986045	-1.138011	-27.809489	0.992807	-1.191983	-28.188998	0.498828	-1.088637	-27.850864	0.465735	-1.127130	-28.174070	-0.054353	-1.078872	-28.215173	-0.082221	-1.126163	-27.822704	-0.051419	-1.091831	-27.834451	-0.039131	-1.140083
236	3.264959	00:00:03:20	-27.990851	1.621400	-1.278323	-27.911770	1.681362	-1.118918	-28.058741	1.704512	-1.107559	-28.011619	1.524727	-1.156353	-27.999925	1.572587	-1.123316	-28.125338	1.503643	-1.141204	-27.873734	1.544072	-1.149945	-27.886182	1.554999	-0.900888	-27.962874	0.743199	-1.612143	-27.641106	1.499636	-0.659195	-28.079750	-0.044721	-2.098379	-27.591522	1.529263	-0.649433	-28.070131	-0.034137	-2.070149	-27.629765	1.527910	-0.638555	-28.112166	-0.037586	-2.054305	-28.185327	0.959914	-1.100455	-28.177028	0.952373	-1.130981	-27.815495	0.974678	-1.101481	-27.831525	0.974303	-1.221725	-28.182648	0.443938	-1.115395	-27.820790	0.452987	-1.143713	-28.167729	-0.049012	-1.090548	-28.197876	-0.072984	-1.133327	-27.833911	-0.023536	-1.104888	-27.806912	-0.093084	-1.154266
237	3.278853	00:00:03:21	-28.007817	1.610477	-1.244183	-27.917930	1.660391	-1.116397	-28.056318	1.657459	-1.114328	-28.003889	1.560869	-1.162958	-28.007705	1.547303	-1.117122	-28.151714	1.571102	-1.106222	-27.843694	1.535486	-1.181928	-27.871177	1.528611	-0.900166	-27.975370	0.732901	-1.590328	-27.619688	1.540691	-0.594385	-28.070471	-0.031510	-2.107653	-27.652082	1.562143	-0.649527	-28.126169	-0.054809	-2.069882	-27.674325	1.504730	-0.665080	-28.082591	-0.044439	-2.082280	-28.202197	1.007898	-1.100107	-28.159320	0.971327	-1.158900	-27.808106	0.966293	-1.100257	-27.803680	0.965405	-1.196398	-28.154406	0.463937	-1.129032	-27.828802	0.469932	-1.125157	-28.186129	-0.022314	-1.087907	-28.188139	-0.084482	-1.132870	-27.855299	-0.055105	-1.094892	-27.841419	-0.075697	-1.153223
238	3.292746	00:00:03:22	-27.983471	1.658896	-1.217617	-27.897673	1.646954	-1.125893	-28.074647	1.700459	-1.133172	-27.992895	1.537024	-1.181442	-28.023991	1.585265	-1.103587	-28.139962	1.502493	-1.155785	-27.879292	1.535413	-1.160727	-27.857823	1.540276	-0.903571	-27.981713	0.758325	-1.619940	-27.612582	1.532344	-0.592379	-28.090962	-0.041807	-2.061872	-27.661061	1.518233	-0.605292	-28.064424	-0.076672	-2.060405	-27.630662	1.567967	-0.648968	-28.097179	-0.016908	-2.048064	-28.186397	0.985915	-1.121397	-28.196298	0.966861	-1.134118	-27.799411	0.999467	-1.127587	-27.813612	0.964876	-1.153226	-28.171785	0.422550	-1.128405	-27.830302	0.452441	-1.146742	-28.200524	-0.073793	-1.076429	-28.159840	-0.055404	-1.112598	-27.823254	-0.071716	-1.107745	-27.848060	-0.056442	-1.191379
239	3.306640	00:00:03:23	-27.970933	1.638889	-1.255417	-27.929595	1.666334	-1.132592	-28.051864	1.670171	-1.149734	-28.034847	1.495935	-1.165267	-27.968808	1.583594	-1.105623	-28.124355	1.560010	-1.148078	-27.863980	1.540486	-1.187370	-27.894992	1.536815	-0.898682	-27.975904	0.782221	-1.612345	-27.655094	1.533607	-0.633685	-28.081421	-0.054241	-2.056478	-27.622245	1.546549	-0.631463	-28.102792	-0.026802	-2.084268	-27.649510	1.508078	-0.636807	-28.103640	-0.046804	-2.048032	-28.153431	0.978332	-1.093662	-28.232417	0.960525	-1.156545	-27.817288	0.987219	-1.139512	-27.847743	0.948346	-1.224210	-28.190692	0.430866	-1.106024	-27.823730	0.493049	-1.181193	-28.169855	-0.051100	-1.062907	-28.173431	-0.056170	-1.118427	-27.808514	-0.051628	-1.154989	-27.836359	-0.084083	-1.136282
240	3.320533	00:00:03:24	-28.017881	1.627256	-1.195744	-27.981958	1.688182	-1.133856	-28.032757	1.673532	-1.093589	-27.977409	1.545297	-1.128332	-28.001706	1.595591	-1.103850	-28.146368	1.520410	-1.155709	-27.867044	1.559569	-1.176932	-27.889186	1.545687	-0.865504	-27.986640	0.744335	-1.649148	-27.634159	1.550322	-0.628412	-28.092769	-0.065600	-2.076703	-27.619204	1.546589	-0.654909	-28.089447	-0.058935	-2.041804	-27.623627	1.534108	-0.661962	-28.097119	-0.017465	-2.064831	-28.150887	1.004939	-1.080388	-28.176213	0.957769	-1.137504	-27.843369	0.925843	-1.118563	-27.798949	0.960652	-1.196525	-28.185274	0.415665	-1.111653	-27.829002	0.480553	-1.133658	-28.153336	-0.088947	-1.061149	-28.166515	-0.066270	-1.136953	-27.828804	-0.032277	-1.106138	-27.853018	-0.050390	-1.144828
241	3.334427	00:00:03:25	-28.013184	1.641258	-1.263490	-27.943853	1.669256	-1.148706	-28.068257	1.671972	-1.113706	-28.005616	1.541799	-1.154123	-27.999009	1.557071	-1.128243	-28.158542	1.520127	-1.102085	-27.840741	1.536195	-1.182262	-27.909658	1.488929	-0.877512	-27.960382	0.756065	-1.626160	-27.649336	1.545007	-0.639788	-28.082433	-0.032555	-2.041262	-27.625412	1.548853	-0.628456	-28.071944	-0.046976	-2.048098	-27.630279	1.546585	-0.653600	-28.071855	-0.081172	-2.074633	-28.155774	0.986891	-1.068165	-28.223464	0.964747	-1.148676	-27.800798	0.979058	-1.138337	-27.828619	1.032618	-1.183130	-28.210159	0.458062	-1.117602	-27.829479	0.465756	-1.168979	-28.132550	-0.054545	-1.060919	-28.186851	-0.078253	-1.109875	-27.803138	-0.043819	-1.099395	-27.799664	-0.053362	-1.143830
242	3.348320	00:00:03:26	-27.988388	1.627773	-1.235050	-27.953138	1.682142	-1.143201	-28.066740	1.675605	-1.102373	-27.979324	1.556818	-1.105276	-27.958936	1.542149	-1.119896	-28.155553	1.518468	-1.165876	-27.871261	1.594068	-1.165609	-27.882140	1.517019	-0.889164	-27.970592	0.726454	-1.626130	-27.615174	1.529370	-0.631705	-28.120010	-0.049856	-2.056033	-27.630004	1.512014	-0.644572	-28.101089	-0.040354	-2.084648	-27.645677	1.533817	-0.642616	-28.073542	-0.046408	-2.053243	-28.171532	0.945902	-1.100781	-28.182613	0.956129	-1.167003	-27.825200	0.996479	-1.140100	-27.828776	0.978975	-1.183330	-28.144940	0.440477	-1.083621	-27.843833	0.431969	-1.150428	-28.171584	-0.037359	-1.067423	-28.173914	-0.055252	-1.141250	-27.827569	-0.051931	-1.092904	-27.810389	-0.062748	-1.135575
243	3.362214	00:00:03:27	-28.015506	1.640026	-1.215442	-27.947183	1.693515	-1.126940	-28.054204	1.709044	-1.096159	-27.977984	1.549185	-1.159469	-27.987985	1.561536	-1.125667	-28.142866	1.520328	-1.164414	-27.856012	1.530589	-1.154617	-27.899381	1.544226	-0.877545	-27.984948	0.767103	-1.642796	-27.636144	1.533147	-0.638731	-28.094242	-0.060996	-2.049686	-27.658212	1.559885	-0.639077	-28.098092	-0.032921	-2.056385	-27.667396	1.552844	-0.665458	-28.083612	-0.054348	-2.054595	-28.161674	0.972840	-1.122254	-28.160412	0.950410	-1.156293	-27.793792	1.008347	-1.132422	-27.791267	0.958675	-1.185884	-28.170899	0.468910	-1.114862	-27.811189	0.460726	-1.133792	-28.155825	-0.062068	-1.064153	-28.180074	-0.058344	-1.155321	-27.811276	-0.023714	-1.093149	-27.816379	-0.082157	-1.154841
244	3.376107	00:00:03:28	-28.028685	1.640742	-1.247514	-27.925822	1.688990	-1.152500	-28.021006	1.694370	-1.124635	-28.004852	1.547637	-1.121816	-27.987348	1.528454	-1.104070	-28.136751	1.555904	-1.120625	-27.867171	1.545312	-1.170618	-27.905354	1.552956	-0.894899	-27.942303	0.742539	-1.648917	-27.642239	1.546496	-0.645327	-28.098285	-0.059719	-2.072037	-27.638895	1.521954	-0.664599	-28.116752	-0.051035	-2.054852	-27.645044	1.535088	-0.635407	-28.104692	-0.038939	-2.068013	-28.173147	0.998259	-1.096952	-28.186648	0.957535	-1.124829	-27.835229	0.998852	-1.150600	-27.821908	0.968194	-1.198319	-28.163301	0.449771	-1.095654	-27.812566	0.461397	-1.136331	-28.152670	-0.040950	-1.064396	-28.195419	-0.050531	-1.116936	-27.831804	-0.032100	-1.109945	-27.813114	-0.056108	-1.171751
245	3.390000	00:00:03:29	-28.020518	1.638723	-1.285837	-27.935446	1.672490	-1.137951	-28.064281	1.671903	-1.125101	-28.010962	1.533192	-1.160334	-28.004161	1.536167	-1.081756	-28.135767	1.572728	-1.144165	-27.843740	1.553919	-1.167283	-27.883527	1.524802	-0.892702	-27.948831	0.757312	-1.607404	-27.657139	1.514319	-0.602545	-28.106490	-0.072582	-2.036654	-27.635342	1.521989	-0.609612	-28.093927	-0.035613	-2.083873	-27.621901	1.529569	-0.650690	-28.080803	-0.048165	-2.034566	-28.151052	0.979667	-1.100803	-28.212455	0.964387	-1.136331	-27.828897	0.950101	-1.127436	-27.822530	1.004200	-1.213979	-28.171783	0.478743	-1.144057	-27.822481	0.463330	-1.129427	-28.189874	-0.052603	-1.111755	-28.162751	-0.067016	-1.131420	-27.813970	-0.030554	-1.105981	-27.857042	-0.049277	-1.181092
246	3.403894	00:00:03:30	-28.012042	1.631822	-1.205047	-27.943958	1.667058	-1.159679	-28.055479	1.650970	-1.103751	-27.993327	1.538501	-1.108039	-28.021205	1.586140	-1.100058	-28.148710	1.561617	-1.119647	-27.850863	1.542384	-1.177922	-27.893456	1.527312	-0.917516	-27.951345	0.765895	-1.641817	-27.611317	1.574505	-0.641266	-28.099831	-0.051104	-2.040146	-27.634322	1.544976	-0.618783	-28.079382	-0.041469	-2.065973	-27.650847	1.552099	-0.634806	-28.118759	-0.052459	-2.065970	-28.195623	0.962257	-1.090086	-28.198861	0.932846	-1.187478	-27.816775	0.975112	-1.144242	-27.795989	0.961778	-1.201513	-28.151672	0.472665	-1.099671	-27.834600	0.468617	-1.140157	-28.165057	-0.051371	-1.102690	-28.196074	-0.071533	-1.146084	-27.787077	-0.031413	-1.105857	-27.818215	-0.071493	-1.191730
247	3.417787	00:00:03:31	-27.987160	1.660106	-1.208133	-27.931664	1.665140	-1.145281	-28.072124	1.677545	-1.106920	-28.014934	1.556577	-1.126782	-28.003049	1.572695	-1.108415	-28.159120	1.550935	-1.129474	-27.857577	1.522758	-1.148402	-27.884172	1.553681	-0.870305	-27.985438	0.778857	-1.647810	-27.589851	1.508187	-0.656241	-28.078845	-0.052367	-2.056160	-27.625867	1.552796	-0.629127	-28.108393	-0.058623	-2.023803	-27.645742	1.524139	-0.654629	-28.088166	-0.030427	-2.081136	-28.138566	0.998540	-1.118952	-28.195311	0.950957	-1.149973	-27.833011	0.962400	-1.159047	-27.814226	0.978784	-1.207933	-28.160437	0.448188	-1.104280	-27.804896	0.466045	-1.148651	-28.184682	-0.046481	-1.068576	-28.197058	-0.089778	-1.119434	-27.829537	-0.075103	-1.111784	-27.856688	-0.062946	-1.178376
248	3.431681	00:00:03:32	-28.015235	1.641493	-1.240032	-27.909469	1.646299	-1.115910	-28.057495	1.650921	-1.119318	-28.014892	1.559841	-1.167751	-27.992105	1.549141	-1.107451	-28.167217	1.554624	-1.124946	-27.854834	1.538808	-1.176525	-27.908188	1.521272	-0.897099	-27.980146	0.753913	-1.619178	-27.641217	1.546736	-0.674352	-28.118211	-0.063216	-2.036143	-27.617989	1.522326	-0.619509	-28.066794	-0.039955	-2.021951	-27.664365	1.551013	-0.664580	-28.097763	-0.030677	-2.073824	-28.153500	0.972916	-1.096528	-28.150712	0.956597	-1.120400	-27.823936	1.009115	-1.138908	-27.834490	0.966758	-1.198786	-28.152780	0.458448	-1.110060	-27.853907	0.470942	-1.154820	-28.190088	-0.051857	-1.058549	-28.193283	-0.079108	-1.108100	-27.798648	-0.048256	-1.138072	-27.850409	-0.058456	-1.153425
249	3.445574	00:00:03:33	-28.015687	1.663212	-1.267733	-27.942304	1.714163	-1.106709	-28.039090	1.669726	-1.084761	-27.974008	1.546448	-1.168827	-28.020528	1.559120	-1.075554	-28.166413	1.531424	-1.134667	-27.855747	1.557987	-1.187310	-27.891065	1.544674	-0.875420	-27.976909	0.769603	-1.619302	-27.626110	1.523350	-0.660300	-28.094353	-0.052579	-2.043167	-27.628483	1.537152	-0.678909	-28.072186	-0.063897	-2.104310	-27.657131	1.503069	-0.598973	-28.064581	-0.085710	-2.063114	-28.189336	0.964554	-1.086982	-28.155636	0.960142	-1.149777	-27.810312	0.984082	-1.126510	-27.812556	0.978109	-1.198979	-28.161009	0.437908	-1.107977	-27.832205	0.458501	-1.152753	-28.179780	-0.038989	-1.114174	-28.152214	-0.063724	-1.150803	-27.853715	-0.050960	-1.118277	-27.851612	-0.078376	-1.164285
250	3.459468	00:00:03:34	-28.024661	1.648642	-1.237321	-27.914895	1.674047	-1.123535	-28.050696	1.693261	-1.112399	-27.988253	1.528214	-1.158940	-27.982237	1.578163	-1.120887	-28.145463	1.561283	-1.149595	-27.856877	1.539723	-1.159768	-27.904557	1.529703	-0.870865	-27.990776	0.726264	-1.598058	-27.626522	1.541352	-0.661248	-28.105140	-0.053493	-2.069853	-27.653897	1.523388	-0.664752	-28.083552	-0.022137	-2.076912	-27.679787	1.539670	-0.639074	-28.097876	-0.043877	-2.072066	-28.197717	0.979651	-1.078128	-28.157960	1.000314	-1.151727	-27.843277	0.995681	-1.152885	-27.839692	0.993975	-1.223046	-28.160124	0.484615	-1.107071	-27.818189	0.469344	-1.108285	-28.154022	-0.045546	-1.091883	-28.207275	-0.072228	-1.123913	-27.793560	-0.051118	-1.122781	-27.869526	-0.092534	-1.172531
251	3.473361	00:00:03:35	-28.032105	1.645501	-1.216709	-27.963206	1.666787	-1.144670	-28.017117	1.704215	-1.108004	-27.991717	1.554168	-1.161341	-27.976128	1.532051	-1.130719	-28.142873	1.547334	-1.138251	-27.820830	1.523352	-1.169887	-27.860118	1.539476	-0.898881	-27.959478	0.723400	-1.612756	-27.638805	1.548386	-0.618856	-28.113492	-0.045279	-2.078859	-27.606935	1.578956	-0.636617	-28.098092	-0.044135	-2.067567	-27.618125	1.516796	-0.678325	-28.089269	-0.027276	-2.045468	-28.164283	0.966478	-1.061999	-28.165122	0.922226	-1.158754	-27.802395	0.982885	-1.106791	-27.799606	0.970898	-1.187071	-28.177360	0.439484	-1.081993	-27.829407	0.442361	-1.188400	-28.149179	-0.064274	-1.074134	-28.168001	-0.041547	-1.126245	-27.830356	-0.003130	-1.109832	-27.812147	-0.048069	-1.160455
252	3.487255	00:00:03:36	-28.006662	1.643443	-1.264690	-27.970717	1.697298	-1.137672	-28.055819	1.664652	-1.104467	-27.962419	1.552442	-1.165294	-28.030974	1.575726	-1.085741	-28.162936	1.518376	-1.168758	-27.864601	1.566432	-1.146158	-27.866569	1.535488	-0.930071	-27.972777	0.729274	-1.615025	-27.636512	1.532861	-0.618465	-28.096184	-0.027113	-2.059493	-27.654745	1.532557	-0.631203	-28.111200	-0.060464	-2.050917	-27.629721	1.526346	-0.665971	-28.082656	-0.032555	-2.062256	-28.156858	0.951255	-1.075263	-28.146049	0.975775	-1.148797	-27.804921	0.971964	-1.123533	-27.815965	0.933403	-1.203000	-28.164895	0.425198	-1.105954	-27.807711	0.463313	-1.141316	-28.174599	-0.019222	-1.092612	-28.172322	-0.071082	-1.117145	-27.816386	-0.039220	-1.117306	-27.822063	-0.085778	-1.156424
253	3.501148	00:00:03:37	-27.989486	1.663116	-1.260529	-27.934974	1.666471	-1.120722	-28.047106	1.651130	-1.109085	-28.014645	1.522415	-1.177900	-27.980719	1.566213	-1.119944	-28.184731	1.546244	-1.142178	-27.822199	1.555808	-1.189494	-27.866717	1.516780	-0.891828	-27.975779	0.754506	-1.623959	-27.608782	1.545976	-0.654112	-28.099307	-0.031946	-2.053241	-27.635078	1.519253	-0.671073	-28.088263	-0.046349	-2.081545	-27.645595	1.511502	-0.651314	-28.097069	-0.061678	-2.063585	-28.190072	0.986119	-1.072237	-28.169262	0.972341	-1.134536	-27.811475	0.949073	-1.104683	-27.812026	0.909495	-1.201766	-28.180790	0.471029	-1.124290	-27.778536	0.450880	-1.151916	-28.136917	-0.018201	-1.089020	-28.164269	-0.046088	-1.116447	-27.832163	-0.091235	-1.105273	-27.828156	-0.077234	-1.181377
254	3.515041	00:00:03:38	-28.029778	1.648225	-1.250788	-27.947513	1.673280	-1.107769	-28.039295	1.669319	-1.099785	-27.977475	1.511393	-1.132201	-27.988569	1.543346	-1.129523	-28.163752	1.514014	-1.130202	-27.871965	1.549890	-1.154082	-27.889148	1.557116	-0.890052	-27.973841	0.760523	-1.630180	-27.638060	1.562812	-0.641623	-28.061607	-0.053877	-2.057874	-27.625165	1.539095	-0.636320	-28.068309	-0.038903	-2.088034	-27.637740	1.509433	-0.636910	-28.114103	-0.064607	-2.061810	-28.171622	0.989895	-1.096340	-28.176475	0.977070	-1.157146	-27.812694	0.996324	-1.156147	-27.832086	0.959296	-1.202817	-28.191466	0.482134	-1.112351	-27.839494	0.457590	-1.152989	-28.159757	-0.029876	-1.044722	-28.165196	-0.097055	-1.119866	-27.792555	-0.037576	-1.097143	-27.834316	-0.037497	-1.149711
255	3.528935	00:00:03:39	-28.025860	1.617079	-1.257009	-27.920851	1.668062	-1.124094	-28.024218	1.640596	-1.127569	-28.009721	1.557815	-1.177790	-27.985212	1.544647	-1.123843	-28.146448	1.571057	-1.170081	-27.824288	1.554404	-1.161593	-27.878373	1.526304	-0.912160	-27.985912	0.754449	-1.635630	-27.625290	1.542639	-0.679389	-28.090347	-0.046860	-2.049253	-27.632384	1.502156	-0.655974	-28.077170	-0.053329	-2.074151	-27.640689	1.520940	-0.643033	-28.100288	-0.069136	-2.041976	-28.173479	0.983017	-1.085735	-28.168130	0.974096	-1.144515	-27.794739	0.950779	-1.139912	-27.833134	0.983747	-1.206570	-28.150642	0.449749	-1.094981	-27.808423	0.456158	-1.120269	-28.149331	-0.039808	-1.065400	-28.162016	-0.067918	-1.131825	-27.823628	-0.051263	-1.119951	-27.838857	-0.075259	-1.128441
256	3.542828	00:00:03:40	-28.019927	1.637447	-1.219487	-27.930844	1.644339	-1.133208	-28.037402	1.665204	-1.097575	-28.003067	1.507637	-1.164702	-27.981556	1.541701	-1.170326	-28.136532	1.520242	-1.152933	-27.856440	1.529849	-1.175161	-27.828627	1.567677	-0.894034	-27.983001	0.737937	-1.614470	-27.596265	1.532293	-0.632192	-28.077081	-0.036232	-2.062557	-27.607901	1.532754	-0.631430	-28.087377	-0.058757	-2.054872	-27.622470	1.514140	-0.653179	-28.097340	-0.031713	-2.064378	-28.177227	0.995470	-1.104507	-28.155356	0.964201	-1.141699	-27.819497	1.020131	-1.132974	-27.821753	0.953946	-1.221884	-28.167917	0.454890	-1.117730	-27.787952	0.451102	-1.140923	-28.137464	-0.011162	-1.050837	-28.185138	-0.056598	-1.163364	-27.825832	-0.038566	-1.125387	-27.788024	-0.071219	-1.186509
257	3.556722	00:00:03:41	-27.996245	1.626564	-1.243819	-27.924035	1.680580	-1.107440	-28.053135	1.672851	-1.129690	-27.987984	1.527319	-1.150856	-27.989746	1.549284	-1.121867	-28.145121	1.538993	-1.138282	-27.886802	1.543397	-1.190486	-27.881994	1.559128	-0.902711	-27.969311	0.758696	-1.619057	-27.641199	1.513459	-0.664113	-28.100144	-0.047409	-2.087637	-27.644658	1.538263	-0.621914	-28.094211	-0.028127	-2.057131	-27.641693	1.530384	-0.611253	-28.107801	-0.031673	-2.039897	-28.172967	0.981834	-1.058232	-28.177827	0.931224	-1.164169	-27.806918	0.959273	-1.145729	-27.789344	0.973895	-1.172447	-28.188800	0.438496	-1.134699	-27.813274	0.462831	-1.155916	-28.128929	-0.007501	-1.069546	-28.184935	-0.058452	-1.113300	-27.819341	-0.056827	-1.106921	-27.822335	-0.077855	-1.189680
258	3.570615	00:00:03:42	-27.994263	1.631159	-1.253489	-27.913263	1.656345	-1.135916	-28.051617	1.689083	-1.091119	-28.008983	1.554659	-1.143639	-27.973150	1.588824	-1.105715	-28.162385	1.572501	-1.133630	-27.875913	1.538687	-1.197451	-27.868301	1.521658	-0.889112	-27.963573	0.775351	-1.626255	-27.597870	1.561109	-0.661923	-28.124449	-0.038838	-2.080084	-27.618528	1.524344	-0.595177	-28.086344	-0.049000	-2.058937	-27.619763	1.526742	-0.628164	-28.098257	-0.047716	-2.034129	-28.185203	0.948440	-1.093964	-28.184604	0.962970	-1.126448	-27.819164	0.997340	-1.133666	-27.795327	0.960313	-1.182186	-28.133122	0.490327	-1.102012	-27.807372	0.448205	-1.114266	-28.162807	-0.027059	-1.058133	-28.170201	-0.062587	-1.135240	-27.815492	-0.067558	-1.067744	-27.831760	-0.072755	-1.175074
259	3.584509	00:00:03:43	-28.035900	1.629327	-1.239768	-27.915995	1.658078	-1.116261	-28.053298	1.683338	-1.145837	-27.991763	1.571094	-1.155837	-27.989254	1.558261	-1.117372	-28.112432	1.540660	-1.109063	-27.844721	1.557528	-1.185563	-27.863683	1.561470	-0.870529	-27.982895	0.729456	-1.605723	-27.640443	1.515670	-0.662834	-28.114261	-0.065804	-2.039728	-27.604336	1.531567	-0.645234	-28.086042	-0.062837	-2.029050	-27.634155	1.558114	-0.653441	-28.073633	-0.062651	-2.082592	-28.124489	0.982959	-1.094881	-28.179454	0.954549	-1.153640	-27.791349	0.985153	-1.113820	-27.829702	0.935030	-1.170036	-28.159258	0.454456	-1.142145	-27.831331	0.452592	-1.123089	-28.171667	-0.055382	-1.082432	-28.188296	-0.059928	-1.129103	-27.784939	-0.035622	-1.132910	-27.803670	-0.051126	-1.136788
260	3.598402	00:00:03:44	-27.992380	1.598181	-1.251788	-27.941205	1.695613	-1.093601	-28.074893	1.696476	-1.143427	-28.000009	1.555724	-1.163514	-27.980520	1.572477	-1.123183	-28.119767	1.529241	-1.125547	-27.853094	1.553455	-1.182258	-27.875247	1.525471	-0.883674	-27.968339	0.733436	-1.655432	-27.616899	1.537249	-0.640505	-28.096359	-0.051477	-2.075404	-27.651973	1.535238	-0.650919	-28.098057	-0.035065	-2.045074	-27.627256	1.529814	-0.648846	-28.075601	-0.033354	-2.072705	-28.159649	0.966759	-1.080194	-28.162355	0.933344	-1.149339	-27.796339	0.993418	-1.124852	-27.820836	1.019975	-1.206070	-28.172909	0.448715	-1.125390	-27.805927	0.446787	-1.147253	-28.157000	-0.022265	-1.090358	-28.141549	-0.089370	-1.114393	-27.809093	-0.105135	-1.067267	-27.822357	-0.070369	-1.211852
261	3.612296	00:00:03:45	-27.997990	1.643332	-1.259729	-27.951683	1.672533	-1.153000	-28.088896	1.665074	-1.148860	-28.003839	1.551104	-1.158506	-28.012601	1.551197	-1.095628	-28.124911	1.537954	-1.145570	-27.855832	1.539612	-1.176154	-27.875281	1.523731	-0.911666	-27.926891	0.726243	-1.648014	-27.624051	1.525603	-0.658478	-28.136402	-0.069621	-2.080150	-27.619649	1.531783	-0.655354	-28.082840	-0.047492	-2.051840	-27.608136	1.533878	-0.647349	-28.071346	-0.051934	-2.064541	-28.181361	0.970223	-1.060221	-28.192998	0.915261	-1.110481	-27.791882	0.981562	-1.185004	-27.812134	0.957396	-1.183129	-28.211919	0.438683	-1.095163	-27.838932	0.452948	-1.159611	-28.175137	-0.042345	-1.082280	-28.136626	-0.075828	-1.132107	-27.799873	-0.042211	-1.118702	-27.815608	-0.068065	-1.162731
262	3.626189	00:00:03:46	-28.023596	1.636267	-1.250548	-27.953323	1.687950	-1.150605	-28.047014	1.672686	-1.151950	-28.024718	1.544841	-1.138329	-28.006683	1.551865	-1.120208	-28.144599	1.535164	-1.113201	-27.846020	1.537511	-1.156790	-27.879016	1.531702	-0.871967	-27.967859	0.764683	-1.607499	-27.582218	1.552200	-0.666373	-28.103700	-0.004581	-2.064469	-27.610197	1.520663	-0.625131	-28.059958	-0.081389	-2.057395	-27.615533	1.521912	-0.638432	-28.087937	-0.060953	-2.066618	-28.177131	1.017041	-1.106098	-28.188882	0.946242	-1.109601	-27.813242	0.984682	-1.117612	-27.824535	0.970616	-1.235638	-28.183053	0.435336	-1.094892	-27.810091	0.426808	-1.118716	-28.164388	-0.061616	-1.086572	-28.164829	-0.070205	-1.150422	-27.847340	-0.048492	-1.114427	-27.830801	-0.066878	-1.160582
263	3.640082	00:00:03:47	-28.018451	1.655533	-1.231418	-27.934846	1.671537	-1.119800	-28.027927	1.678341	-1.120256	-28.023146	1.566048	-1.185271	-28.043086	1.557025	-1.133543	-28.124232	1.515711	-1.156012	-27.830550	1.561085	-1.169375	-27.900922	1.519281	-0.882637	-27.986381	0.747596	-1.630652	-27.603240	1.540657	-0.663446	-28.084275	-0.056168	-2.054142	-27.617433	1.529796	-0.637695	-28.110378	-0.076677	-2.056203	-27.622610	1.545502	-0.667852	-28.088601	-0.072324	-2.067324	-28.169912	0.952092	-1.051269	-28.169032	0.934889	-1.126144	-27.814499	0.966679	-1.120519	-27.845590	0.978423	-1.206885	-28.174355	0.420066	-1.090970	-27.828947	0.466972	-1.168983	-28.152584	-0.044248	-1.073311	-28.158595	-0.088327	-1.132842	-27.805399	-0.054739	-1.121210	-27.818065	-0.078696	-1.173456
264	3.653976	00:00:03:48	-28.020666	1.641014	-1.253497	-27.936065	1.694612	-1.136972	-28.027764	1.688105	-1.097890	-28.022970	1.531194	-1.204829	-27.967540	1.552690	-1.121226	-28.152072	1.570559	-1.120040	-27.845941	1.557115	-1.160358	-27.910066	1.520761	-0.904625	-28.006195	0.756674	-1.635357	-27.617603	1.525677	-0.663558	-28.078693	-0.035917	-2.070851	-27.639201	1.519413	-0.662546	-28.110808	-0.050382	-2.060110	-27.612135	1.538649	-0.661308	-28.100182	-0.035205	-2.066312	-28.161159	0.994409	-1.057412	-28.163700	0.981849	-1.124217	-27.834151	0.986702	-1.155912	-27.823107	0.956098	-1.204191	-28.171152	0.433470	-1.121385	-27.831544	0.437280	-1.136030	-28.171484	-0.026014	-1.074924	-28.167573	-0.082108	-1.130105	-27.831658	-0.031957	-1.089885	-27.827868	-0.081895	-1.202124
265	3.667869	00:00:03:49	-28.012367	1.648969	-1.217304	-27.940791	1.657983	-1.139326	-28.057878	1.693175	-1.117321	-27.969516	1.528392	-1.125789	-27.993254	1.529567	-1.097395	-28.132213	1.513167	-1.143173	-27.847658	1.559624	-1.175597	-27.883651	1.495061	-0.863515	-27.962632	0.736075	-1.620827	-27.644402	1.521093	-0.641684	-28.130515	-0.029036	-2.050840	-27.620862	1.507852	-0.632258	-28.066698	-0.078719	-2.063417	-27.628096	1.503593	-0.663515	-28.088015	-0.028934	-2.086562	-28.167988	0.946087	-1.060377	-28.186560	0.966548	-1.146878	-27.782472	0.982156	-1.136752	-27.830281	0.971507	-1.172525	-28.153983	0.450873	-1.116056	-27.804138	0.432229	-1.154331	-28.196585	-0.048163	-1.079266	-28.167531	-0.054082	-1.136263	-27.835259	-0.057828	-1.120580	-27.823359	-0.062129	-1.183823
266	3.681763	00:00:03:50	-28.027376	1.642150	-1.233690	-27.942046	1.680754	-1.146269	-28.072544	1.671672	-1.106147	-27.993283	1.588354	-1.179283	-28.028487	1.585665	-1.102535	-28.147540	1.562790	-1.159360	-27.839374	1.517186	-1.198833	-27.872537	1.518315	-0.912184	-27.963333	0.749659	-1.609915	-27.602643	1.537372	-0.663538	-28.084051	-0.060173	-2.061965	-27.653665	1.522232	-0.657093	-28.105306	-0.010598	-2.084119	-27.613236	1.500080	-0.688361	-28.097351	-0.053032	-2.058538	-28.172633	0.976874	-1.076045	-28.143925	0.963349	-1.125903	-27.782351	0.971184	-1.132034	-27.807397	0.971077	-1.199631	-28.177519	0.478187	-1.089493	-27.818741	0.467329	-1.160179	-28.175832	-0.014663	-1.058636	-28.173710	-0.069829	-1.128943	-27.801950	-0.035305	-1.115257	-27.832452	-0.050876	-1.171343
267	3.695656	00:00:03:51	-28.011721	1.627685	-1.257736	-27.921981	1.665741	-1.091689	-28.079403	1.673804	-1.135440	-27.999001	1.539190	-1.161578	-28.001728	1.550701	-1.121652	-28.161641	1.547652	-1.121843	-27.841587	1.545384	-1.194899	-27.917517	1.534980	-0.897387	-28.009241	0.761410	-1.627329	-27.612088	1.518334	-0.668425	-28.094332	-0.023518	-2.055265	-27.619431	1.538869	-0.665010	-28.102934	-0.069226	-2.067494	-27.606629	1.544658	-0.637133	-28.092083	-0.021390	-2.059583	-28.200316	0.992362	-1.059733	-28.180087	0.932277	-1.128178	-27.844664	0.949921	-1.128807	-27.824407	0.996279	-1.179590	-28.157254	0.450058	-1.100773	-27.816124	0.462829	-1.145125	-28.147825	-0.056665	-1.048987	-28.198318	-0.053991	-1.122818	-27.806596	-0.038488	-1.089658	-27.821235	-0.098199	-1.154759
268	3.709550	00:00:03:52	-28.033872	1.623014	-1.226217	-27.892013	1.663856	-1.131466	-28.050748	1.675822	-1.117049	-27.999685	1.511666	-1.170272	-27.960761	1.528733	-1.111322	-28.141591	1.556644	-1.138019	-27.856558	1.566144	-1.202765	-27.868939	1.555138	-0.907320	-27.952408	0.717118	-1.634539	-27.614910	1.520083	-0.645705	-28.075898	-0.044530	-2.024619	-27.632649	1.503522	-0.633241	-28.102681	-0.038703	-2.068922	-27.613633	1.528413	-0.635892	-28.090595	-0.015593	-2.055870	-28.153454	0.970868	-1.076896	-28.190849	0.987804	-1.116937	-27.783382	0.985873	-1.136288	-27.846125	0.974728	-1.218081	-28.166009	0.456421	-1.120985	-27.828501	0.453493	-1.163218	-28.173070	-0.077065	-1.062961	-28.146724	-0.072750	-1.115468	-27.779354	-0.047466	-1.104983	-27.826328	-0.078886	-1.168309
269	3.723443	00:00:03:53	-28.045071	1.629062	-1.242288	-27.906539	1.666106	-1.165082	-28.062062	1.665561	-1.123960	-27.998682	1.540831	-1.120541	-27.969474	1.551534	-1.134566	-28.143016	1.527626	-1.163378	-27.860909	1.545506	-1.163497	-27.901194	1.539312	-0.900926	-27.971385	0.728272	-1.608907	-27.622872	1.530065	-0.663632	-28.111997	-0.022003	-2.071203	-27.606071	1.526103	-0.619096	-28.082606	-0.051732	-2.033597	-27.604883	1.563166	-0.658272	-28.088241	-0.034907	-2.062565	-28.158424	0.955721	-1.092809	-28.180936	0.953834	-1.131189	-27.814536	0.974106	-1.136942	-27.845195	0.971681	-1.215008	-28.163989	0.476591	-1.096195	-27.808233	0.449886	-1.152361	-28.150782	-0.051708	-1.073750	-28.162947	-0.074534	-1.102283	-27.806593	-0.032877	-1.135067	-27.795114	-0.064258	-1.170777
270	3.737337	00:00:03:54	-28.021487	1.617278	-1.236558	-27.935792	1.670266	-1.102021	-28.025804	1.674631	-1.117192	-27.972880	1.547817	-1.151773	-28.003182	1.555874	-1.123717	-28.115160	1.506081	-1.111060	-27.837858	1.539393	-1.163356	-27.861007	1.504799	-0.901145	-27.954643	0.735577	-1.631204	-27.638806	1.537193	-0.638875	-28.092490	-0.027205	-2.089453	-27.624916	1.541896	-0.658998	-28.109563	-0.076346	-2.064067	-27.589711	1.522899	-0.660582	-28.115555	-0.056457	-2.061879	-28.159537	0.974160	-1.069202	-28.170845	0.938581	-1.140067	-27.805195	0.976489	-1.132041	-27.810674	0.978942	-1.199207	-28.149920	0.453129	-1.129966	-27.832643	0.466542	-1.153500	-28.140821	-0.035251	-1.056194	-28.178443	-0.046677	-1.096856	-27.810786	-0.020555	-1.100313	-27.817286	-0.053065	-1.175711
271	3.751230	00:00:03:55	-28.001713	1.624034	-1.270449	-27.939760	1.693863	-1.127908	-28.069990	1.666412	-1.116238	-27.979763	1.530634	-1.144205	-27.971520	1.547224	-1.120531	-28.142228	1.530177	-1.154597	-27.832481	1.539868	-1.152424	-27.870257	1.526777	-0.870628	-27.984457	0.747746	-1.617707	-27.612922	1.533331	-0.637338	-28.069251	-0.054381	-2.064774	-27.643327	1.502880	-0.651414	-28.082976	-0.056518	-2.075095	-27.607682	1.526415	-0.657424	-28.085956	-0.054975	-2.084093	-28.151240	0.965684	-1.077346	-28.168361	0.965877	-1.134085	-27.770808	1.012940	-1.128582	-27.811589	0.967224	-1.195160	-28.156715	0.449668	-1.103267	-27.809139	0.466369	-1.178108	-28.214253	-0.058774	-1.062019	-28.148827	-0.026276	-1.104326	-27.832176	-0.072049	-1.106860	-27.831227	-0.032304	-1.178810
272	3.765123	00:00:03:56	-28.047108	1.640342	-1.248951	-27.950209	1.673634	-1.145944	-28.050659	1.672117	-1.119482	-28.014048	1.543095	-1.175056	-27.964412	1.571280	-1.124177	-28.148479	1.543006	-1.162494	-27.849058	1.531990	-1.164290	-27.908865	1.545809	-0.890759	-27.959558	0.758610	-1.600529	-27.630082	1.518933	-0.634222	-28.084307	-0.033690	-2.055102	-27.620555	1.537652	-0.632182	-28.087301	-0.023950	-2.093790	-27.612436	1.534517	-0.647493	-28.092110	-0.046388	-2.083069	-28.181545	0.988970	-1.085112	-28.178075	0.948560	-1.116369	-27.784178	0.989846	-1.113085	-27.790650	0.959883	-1.196759	-28.145204	0.446779	-1.122433	-27.828026	0.478827	-1.150649	-28.163124	0.002595	-1.078327	-28.157244	-0.044248	-1.121768	-27.819678	-0.037009	-1.125529	-27.791490	-0.055953	-1.171834
273	3.779017	00:00:03:57	-28.019301	1.655598	-1.237373	-27.936401	1.690270	-1.124432	-28.070559	1.685951	-1.135081	-27.972261	1.532283	-1.185647	-27.988927	1.552066	-1.085366	-28.140930	1.569241	-1.126064	-27.848903	1.540728	-1.205079	-27.884019	1.547409	-0.875973	-27.961632	0.735736	-1.617352	-27.634236	1.515907	-0.653176	-28.074594	-0.013616	-2.069324	-27.637188	1.507845	-0.626076	-28.040202	-0.059281	-2.087449	-27.587957	1.554867	-0.646811	-28.119390	-0.046389	-2.048417	-28.180706	1.012214	-1.105442	-28.172375	1.002176	-1.110906	-27.808561	0.977768	-1.143076	-27.833652	0.964915	-1.205138	-28.145600	0.465591	-1.101562	-27.812753	0.457232	-1.171096	-28.213430	-0.059055	-1.062162	-28.191910	-0.047427	-1.120631	-27.798046	-0.056443	-1.131008	-27.829006	-0.060842	-1.154196
274	3.792910	00:00:03:58	-28.005375	1.619387	-1.230879	-27.906889	1.647942	-1.142584	-28.078278	1.657197	-1.132686	-27.971250	1.549596	-1.154501	-28.000515	1.535249	-1.097564	-28.165991	1.538318	-1.107398	-27.856441	1.530834	-1.197477	-27.864370	1.534822	-0.877230	-27.971397	0.747578	-1.616845	-27.610074	1.516180	-0.670370	-28.120038	-0.056726	-2.044389	-27.617922	1.514800	-0.642332	-28.157304	-0.038757	-2.064049	-27.638828	1.545217	-0.646927	-28.081198	-0.043444	-2.056581	-28.178179	0.941857	-1.074125	-28.200677	0.979949	-1.120711	-27.797260	0.949176	-1.149865	-27.842210	1.002111	-1.208230	-28.147881	0.473425	-1.088570	-27.823042	0.440302	-1.150266	-28.146998	-0.039197	-1.088678	-28.223205	-0.053219	-1.121895	-27.813824	-0.047614	-1.112548	-27.772196	-0.066993	-1.188794
275	3.806804	00:00:03:59	-27.999148	1.617011	-1.206644	-27.902736	1.686977	-1.160376	-28.035505	1.664456	-1.102996	-28.031977	1.546129	-1.149202	-27.976830	1.559587	-1.116667	-28.160017	1.553384	-1.129512	-27.851661	1.538374	-1.176554	-27.869274	1.519464	-0.905443	-27.975571	0.751643	-1.619167	-27.595426	1.530547	-0.652870	-28.114643	-0.059775	-2.094321	-27.632797	1.537763	-0.653196	-28.115959	-0.057188	-2.089573	-27.601904	1.576674	-0.646069	-28.092702	-0.057202	-2.047060	-28.179865	0.968816	-1.066462	-28.163979	0.963652	-1.150060	-27.818032	1.010551	-1.114118	-27.856555	0.930552	-1.197964	-28.181832	0.479323	-1.110178	-27.806718	0.463774	-1.181325	-28.180210	-0.041124	-1.078715	-28.181999	-0.103936	-1.106179	-27.800053	-0.049877	-1.128804	-27.845227	-0.055345	-1.183802
276	3.820697	00:00:03:60	-28.037044	1.605656	-1.276260	-27.928169	1.658959	-1.148166	-28.030335	1.654480	-1.095751	-28.006429	1.545667	-1.157027	-27.964825	1.538426	-1.085130	-28.158922	1.543342	-1.119694	-27.863445	1.500398	-1.174528	-27.866306	1.523406	-0.924436	-27.984435	0.761657	-1.630014	-27.622497	1.496941	-0.652301	-28.120831	-0.048815	-2.066500	-27.605383	1.550694	-0.628679	-28.124532	-0.053141	-2.053176	-27.600531	1.526790	-0.658730	-28.109840	-0.032346	-2.056196	-28.171940	0.968051	-1.076550	-28.172726	0.966709	-1.114388	-27.804447	0.989485	-1.126563	-27.824393	0.982935	-1.220610	-28.147434	0.463070	-1.092720	-27.826394	0.473316	-1.160162	-28.170059	-0.065421	-1.067804	-28.207822	-0.083128	-1.156184	-27.808188	-0.058423	-1.105293	-27.782204	-0.064503	-1.175559
277	3.834591	00:00:03:61	-28.006425	1.651311	-1.218762	-27.924231	1.644472	-1.140697	-28.057219	1.643855	-1.118326	-28.019149	1.564841	-1.160019	-27.976672	1.571886	-1.143058	-28.134701	1.524664	-1.139642	-27.855664	1.534564	-1.197171	-27.875703	1.523223	-0.917418	-27.936857	0.737044	-1.628920	-27.608775	1.552751	-0.612628	-28.116604	-0.062156	-2.051478	-27.638329	1.514473	-0.640016	-28.101378	-0.040376	-2.088864	-27.595764	1.519950	-0.652424	-28.093969	-0.040753	-2.071030	-28.134101	1.000847	-1.048260	-28.176006	0.977193	-1.138857	-27.829817	0.967931	-1.137662	-27.839683	0.980225	-1.170319	-28.162950	0.436033	-1.100240	-27.795269	0.460462	-1.172376	-28.170108	-0.008345	-1.037534	-28.172686	-0.091308	-1.121011	-27.821559	-0.039380	-1.115363	-27.830545	-0.081769	-1.198825
278	3.848484	00:00:03:62	-28.015448	1.630372	-1.236592	-27.942900	1.676161	-1.141939	-28.072107	1.662564	-1.141566	-27.986883	1.575597	-1.162496	-27.991798	1.529077	-1.133687	-28.164422	1.552831	-1.153772	-27.836402	1.576972	-1.186771	-27.893118	1.560770	-0.911635	-27.972327	0.726382	-1.650895	-27.603353	1.521981	-0.676039	-28.118480	-0.049592	-2.076357	-27.609218	1.530682	-0.643423	-28.086683	-0.038225	-2.058946	-27.630549	1.520810	-0.659100	-28.101784	-0.058525	-2.027110	-28.158057	0.963289	-1.081212	-28.169861	0.968625	-1.178779	-27.857598	0.974737	-1.137458	-27.823744	0.976618	-1.173265	-28.167617	0.460860	-1.139061	-27.810865	0.463392	-1.157586	-28.127107	-0.040356	-1.051861	-28.189015	-0.083343	-1.131474	-27.792458	-0.065109	-1.130739	-27.837260	-0.083481	-1.184028
279	3.862378	00:00:03:63	-27.993867	1.631959	-1.252255	-27.950600	1.634187	-1.143053	-28.028445	1.698503	-1.088248	-27.988640	1.521868	-1.134738	-27.982038	1.572341	-1.122782	-28.141061	1.518501	-1.098668	-27.854298	1.570671	-1.160438	-27.877328	1.560061	-0.899898	-27.993302	0.755492	-1.605453	-27.592596	1.509549	-0.663262	-28.100117	-0.021540	-2.061517	-27.599223	1.498260	-0.651446	-28.109705	-0.054061	-2.085647	-27.606579	1.533742	-0.656463	-28.107628	-0.030539	-2.073463	-28.159391	0.984099	-1.015997	-28.181591	0.970112	-1.123966	-27.836991	0.986215	-1.132863	-27.833719	0.940045	-1.195443	-28.180632	0.465171	-1.114554	-27.810877	0.461650	-1.197538	-28.186596	-0.014310	-1.054804	-28.175052	-0.057771	-1.082468	-27.818592	-0.039409	-1.119124	-27.836255	-0.055930	-1.196258
280	3.876271	00:00:03:64	-28.017200	1.616452	-1.244103	-27.906460	1.643783	-1.132108	-28.062408	1.685661	-1.101960	-27.987152	1.522524	-1.160055	-27.987902	1.561059	-1.125928	-28.138477	1.535767	-1.106015	-27.859799	1.550483	-1.214613	-27.861575	1.521413	-0.921954	-27.963959	0.711046	-1.629683	-27.624886	1.509795	-0.652592	-28.072334	-0.030098	-2.044798	-27.615889	1.521969	-0.656079	-28.113955	-0.059080	-2.044190	-27.608893	1.524559	-0.633794	-28.092287	-0.081490	-2.070741	-28.151376	0.992423	-1.063183	-28.162528	0.980594	-1.117940	-27.800508	0.956566	-1.136803	-27.823753	0.960906	-1.202093	-28.164584	0.494722	-1.121537	-27.802187	0.450468	-1.173297	-28.148750	-0.058995	-1.073784	-28.163792	-0.047852	-1.132877	-27.818524	-0.052478	-1.104328	-27.827092	-0.055184	-1.193640
281	3.890164	00:00:03:65	-28.012979	1.634886	-1.229135	-27.933306	1.630364	-1.130567	-28.074037	1.645656	-1.104144	-27.987543	1.553932	-1.158457	-28.022006	1.580598	-1.117220	-28.163647	1.570182	-1.119127	-27.864456	1.523257	-1.193541	-27.856000	1.549440	-0.877233	-27.950106	0.707367	-1.632786	-27.606341	1.526756	-0.683277	-28.081855	-0.042548	-2.065436	-27.615336	1.529857	-0.665485	-28.103809	-0.026526	-2.055725	-27.631309	1.530704	-0.671611	-28.070042	-0.018196	-2.066558	-28.159340	0.967644	-1.058576	-28.148255	0.976802	-1.158690	-27.844443	0.974904	-1.129069	-27.830803	0.960938	-1.179773	-28.156854	0.459488	-1.092818	-27.845166	0.443129	-1.140290	-28.153849	-0.050379	-1.072795	-28.219160	-0.071375	-1.068702	-27.827297	-0.033833	-1.115357	-27.811562	-0.046220	-1.169627
282	3.904058	00:00:03:66	-28.013174	1.636404	-1.254417	-27.929705	1.689525	-1.146561	-28.067272	1.655729	-1.116434	-27.991130	1.510613	-1.126563	-27.976479	1.563179	-1.136487	-28.146917	1.554139	-1.151775	-27.853507	1.549810	-1.199800	-27.861030	1.560575	-0.891228	-27.968647	0.759134	-1.639632	-27.619155	1.531364	-0.651573	-28.109768	-0.042850	-2.058282	-27.620300	1.533386	-0.673579	-28.098383	-0.036465	-2.057121	-27.590769	1.551787	-0.646291	-28.107099	-0.051678	-2.057224	-28.136164	1.021699	-1.071309	-28.197707	0.970150	-1.125747	-27.811296	0.970830	-1.121187	-27.828414	0.954580	-1.197861	-28.176600	0.426965	-1.105313	-27.820598	0.479489	-1.151210	-28.151583	-0.079150	-1.061075	-28.169653	-0.070959	-1.086132	-27.840406	-0.045543	-1.137185	-27.841991	-0.059001	-1.167824
283	3.917951	00:00:03:67	-28.043192	1.679116	-1.212934	-27.908912	1.663911	-1.143206	-28.054458	1.664101	-1.108082	-27.998925	1.535185	-1.160043	-27.983444	1.575195	-1.126578	-28.149149	1.528176	-1.148916	-27.848426	1.550154	-1.186497	-27.882558	1.534072	-0.900150	-27.998650	0.722723	-1.621058	-27.594005	1.539770	-0.638959	-28.103722	-0.027355	-2.057784	-27.616582	1.523387	-0.656838	-28.106187	-0.028609	-2.084809	-27.614896	1.511862	-0.647525	-28.084093	-0.073160	-2.070438	-28.158142	0.958331	-1.101955	-28.142200	0.948749	-1.144705	-27.811895	0.998783	-1.137079	-27.832741	0.959762	-1.196153	-28.153710	0.456580	-1.072485	-27.835595	0.451365	-1.119064	-28.192367	-0.050391	-1.055418	-28.171526	-0.064315	-1.127400	-27.815784	-0.051284	-1.144950	-27.825264	-0.086606	-1.154994
284	3.931845	00:00:03:68	-28.015797	1.643194	-1.229906	-27.928594	1.681789	-1.128921	-28.045349	1.681979	-1.109285	-28.001641	1.577898	-1.170493	-27.977966	1.520930	-1.139261	-28.130397	1.558348	-1.166756	-27.839903	1.527733	-1.202784	-27.902901	1.497205	-0.891726	-27.990632	0.785135	-1.609285	-27.602273	1.566466	-0.650115	-28.074991	-0.029002	-2.071692	-27.591675	1.501040	-0.649249	-28.120440	-0.042227	-2.085557	-27.605980	1.531820	-0.662154	-28.096702	-0.051842	-2.079048	-28.148145	0.977182	-1.073085	-28.170429	0.972889	-1.130021	-27.834499	0.982608	-1.125655	-27.819478	0.948801	-1.171748	-28.190961	0.468538	-1.103672	-27.839525	0.453960	-1.174259	-28.185555	-0.043344	-1.054860	-28.174761	-0.059327	-1.083291	-27.838124	-0.068002	-1.099508	-27.796355	-0.062738	-1.199021
285	3.945738	00:00:03:69	-28.003497	1.617875	-1.257673	-27.905711	1.686812	-1.146181	-28.053643	1.689583	-1.103380	-27.998953	1.569979	-1.151854	-27.996504	1.539772	-1.113843	-28.164180	1.573454	-1.124556	-27.832543	1.515763	-1.188579	-27.857466	1.555699	-0.898707	-27.952061	0.740819	-1.660756	-27.636384	1.546030	-0.662721	-28.070100	-0.043766	-2.078858	-27.579173	1.529859	-0.646138	-28.095974	-0.064808	-2.043795	-27.615707	1.500531	-0.670566	-28.072286	-0.043506	-2.056853	-28.160227	0.962207	-1.049374	-28.199645	0.941293	-1.130071	-27.819130	1.008099	-1.109017	-27.808520	0.980558	-1.166716	-28.173359	0.463508	-1.089400	-27.805229	0.471022	-1.166449	-28.172540	-0.027288	-1.053570	-28.137062	-0.055563	-1.126438	-27.797538	-0.028684	-1.100721	-27.795492	-0.062938	-1.188994
286	3.959632	00:00:03:70	-28.030110	1.632826	-1.197015	-27.951658	1.622380	-1.134984	-28.019207	1.681341	-1.116917	-28.007719	1.538591	-1.154618	-28.030143	1.556874	-1.149476	-28.148251	1.542800	-1.134689	-27.837208	1.551352	-1.176541	-27.894352	1.538130	-0.919330	-27.981372	0.763090	-1.624495	-27.552248	1.526218	-0.634820	-28.104220	-0.069121	-2.055359	-27.574462	1.523368	-0.678597	-28.109935	-0.049032	-2.061343	-27.617504	1.539038	-0.670186	-28.108783	-0.019478	-2.049836	-28.158799	0.991806	-1.093425	-28.158562	0.974755	-1.162465	-27.787625	0.999912	-1.151418	-27.816439	0.950719	-1.194063	-28.192832	0.478398	-1.091961	-27.802790	0.450462	-1.181890	-28.167978	-0.041597	-1.064766	-28.165125	-0.089926	-1.122381	-27.796776	-0.087111	-1.133253	-27.820443	-0.054996	-1.167190
287	3.973525	00:00:03:71	-28.045823	1.639048	-1.242421	-27.926548	1.643688	-1.152677	-28.027794	1.634053	-1.134099	-28.015613	1.552987	-1.155983	-27.984073	1.569870	-1.103178	-28.136973	1.576142	-1.138852	-27.803867	1.509805	-1.185918	-27.895211	1.516739	-0.886698	-27.983590	0.732687	-1.631089	-27.594596	1.534272	-0.672701	-28.120193	-0.058518	-2.048827	-27.613949	1.527770	-0.653367	-28.102699	-0.056471	-2.061016	-27.585587	1.521664	-0.662542	-28.120721	-0.029337	-2.061721	-28.162906	1.017108	-1.082258	-28.176814	0.957697	-1.143903	-27.790545	1.007515	-1.129468	-27.815288	0.981384	-1.172698	-28.139567	0.443154	-1.114637	-27.785019	0.458643	-1.129989	-28.150953	-0.020189	-1.060037	-28.173598	-0.068544	-1.101602	-27.806969	-0.050962	-1.099671	-27.831360	-0.076846	-1.166402
288	3.987419	00:00:03:00	-28.016608	1.601307	-1.227334	-27.921839	1.684544	-1.131331	-28.064288	1.704894	-1.101935	-28.009262	1.548663	-1.124448	-28.006310	1.562651	-1.092542	-28.157364	1.559770	-1.137827	-27.880651	1.575982	-1.217115	-27.882277	1.553821	-0.881223	-27.958851	0.742648	-1.640423	-27.625950	1.546423	-0.654450	-28.084123	-0.040189	-2.060723	-27.588120	1.527904	-0.664410	-28.102043	-0.022074	-2.041478	-27.579271	1.506784	-0.637420	-28.095079	-0.016702	-2.043916	-28.182933	0.987600	-1.113248	-28.192382	0.983255	-1.129840	-27.803195	0.943653	-1.145664	-27.797414	0.963350	-1.200052	-28.173583	0.463444	-1.072407	-27.793661	0.441090	-1.165234	-28.163084	-0.058569	-1.068736	-28.172274	-0.071890	-1.122412	-27.829667	-0.043256	-1.121664	-27.824850	-0.063622	-1.148398
289	4.001312	00:00:04:01	-28.016689	1.654388	-1.232243	-27.906752	1.683456	-1.152020	-28.016110	1.706170	-1.096096	-27.999562	1.558132	-1.168017	-27.998214	1.554109	-1.079174	-28.127737	1.539171	-1.144417	-27.884402	1.536488	-1.214401	-27.865268	1.515005	-0.880111	-27.992674	0.730577	-1.598582	-27.629720	1.513633	-0.679366	-28.133710	-0.057386	-2.045820	-27.591589	1.502233	-0.642019	-28.063382	-0.081634	-2.103613	-27.610780	1.533335	-0.709845	-28.120010	-0.060262	-2.072995	-28.162113	0.939632	-1.095462	-28.178056	0.978600	-1.131974	-27.805697	0.988302	-1.161108	-27.840492	0.932865	-1.201254	-28.167248	0.439288	-1.110166	-27.813333	0.440334	-1.180478	-28.157840	-0.046734	-1.090558	-28.159752	-0.071452	-1.106317	-27.804260	-0.055695	-1.118368	-27.827377	-0.084499	-1.215995
290	4.015205	00:00:04:02	-28.003192	1.625622	-1.247915	-27.923470	1.659620	-1.144764	-28.045418	1.667657	-1.139727	-27.982344	1.545995	-1.173200	-27.975629	1.554045	-1.119993	-28.170052	1.546053	-1.147348	-27.858102	1.553004	-1.187163	-27.876056	1.525256	-0.874254	-27.995605	0.729568	-1.592036	-27.577364	1.550315	-0.670595	-28.100237	-0.046205	-2.070381	-27.609903	1.508464	-0.638587	-28.059073	-0.054246	-2.046559	-27.594702	1.547941	-0.642707	-28.096941	-0.027369	-2.070188	-28.203578	1.002183	-1.080430	-28.176578	0.938612	-1.147932	-27.824881	0.966973	-1.119187	-27.841289	0.962770	-1.213137	-28.154177	0.489810	-1.059786	-27.848572	0.459748	-1.184749	-28.186857	-0.055422	-1.027665	-28.156804	-0.073165	-1.101196	-27.814228	-0.059400	-1.119357	-27.856760	-0.058851	-1.189261
291	4.029099	00:00:04:03	-28.026789	1.652422	-1.208328	-27.913196	1.671422	-1.109356	-28.052622	1.684764	-1.114937	-27.985641	1.571839	-1.157535	-28.011530	1.534976	-1.130340	-28.160067	1.548436	-1.119913	-27.832947	1.538643	-1.206682	-27.869837	1.529433	-0.870175	-28.005267	0.739952	-1.637172	-27.600562	1.498192	-0.649475	-28.075389	-0.025592	-2.050476	-27.586686	1.533740	-0.646002	-28.081670	-0.062900	-2.047876	-27.621117	1.527711	-0.654001	-28.084236	-0.038534	-2.059461	-28.129588	0.973705	-1.070517	-28.158206	0.979053	-1.134240	-27.821469	1.004330	-1.135201	-27.812030	0.964013	-1.171273	-28.160151	0.457253	-1.099760	-27.814379	0.434057	-1.131828	-28.172272	-0.061423	-1.037888	-28.176416	-0.058185	-1.109414	-27.813470	-0.034420	-1.096744	-27.851389	-0.041743	-1.150049
292	4.042992	00:00:04:04	-28.035965	1.621837	-1.232571	-27.927341	1.607351	-1.112560	-28.034764	1.689679	-1.104233	-28.007146	1.539658	-1.158603	-28.011559	1.568489	-1.095707	-28.154569	1.533250	-1.143908	-27.853163	1.537997	-1.171216	-27.903576	1.562669	-0.909040	-27.978867	0.762859	-1.622973	-27.588351	1.511273	-0.650635	-28.056169	-0.020634	-2.065741	-27.611187	1.516850	-0.662073	-28.114341	-0.033979	-2.040128	-27.617792	1.529927	-0.673575	-28.086858	-0.034047	-2.064582	-28.169044	0.958693	-1.094890	-28.176138	0.942641	-1.153669	-27.814966	0.985446	-1.134242	-27.844068	0.968477	-1.200586	-28.189904	0.412616	-1.109844	-27.814107	0.494589	-1.172089	-28.152398	-0.042527	-1.056865	-28.185174	-0.058754	-1.108381	-27.797963	-0.043740	-1.149037	-27.856707	-0.054550	-1.191956
293	4.056886	00:00:04:05	-28.030809	1.624149	-1.213029	-27.928338	1.710001	-1.151900	-28.066099	1.661561	-1.100707	-28.008520	1.548167	-1.134978	-27.973408	1.566720	-1.091308	-28.162991	1.501992	-1.160359	-27.870800	1.557845	-1.184450	-27.873932	1.528412	-0.889339	-27.997623	0.770198	-1.634670	-27.610086	1.523935	-0.667392	-28.112478	-0.046707	-2.050688	-27.597119	1.517540	-0.686667	-28.106532	-0.044246	-2.060719	-27.581557	1.503930	-0.662412	-28.132477	-0.049094	-2.054035	-28.172059	0.974893	-1.083414	-28.139086	0.954399	-1.122670	-27.776571	0.972843	-1.157481	-27.823055	0.959458	-1.207671	-28.178386	0.460199	-1.079663	-27.802037	0.461565	-1.154792	-28.173922	-0.052264	-1.074949	-28.165372	-0.100880	-1.104857	-27.812594	-0.024901	-1.126847	-27.801029	-0.055863	-1.172324
294	4.070779	00:00:04:06	-28.034328	1.629550	-1.264201	-27.907346	1.662219	-1.156787	-28.075987	1.686348	-1.106670	-28.000325	1.522294	-1.167714	-27.989308	1.549450	-1.109064	-28.135103	1.570662	-1.139820	-27.860755	1.547056	-1.166281	-27.876294	1.518427	-0.893301	-27.949990	0.736382	-1.609163	-27.601275	1.525550	-0.665142	-28.090393	-0.037737	-2.057820	-27.598570	1.550570	-0.635476	-28.094646	-0.056329	-2.066702	-27.589938	1.536736	-0.631402	-28.105399	-0.071636	-2.030821	-28.152418	0.983110	-1.084319	-28.172248	0.943822	-1.162096	-27.810035	0.983474	-1.158310	-27.837520	0.952725	-1.205579	-28.142043	0.460838	-1.091461	-27.806147	0.471131	-1.125678	-28.204598	-0.035456	-1.077669	-28.153707	-0.103436	-1.085677	-27.828029	-0.055028	-1.131066	-27.804868	-0.065996	-1.183057
295	4.084673	00:00:04:07	-27.994540	1.631859	-1.237806	-27.926251	1.652578	-1.150745	-28.052099	1.650147	-1.123072	-27.997627	1.538480	-1.187105	-27.968423	1.556189	-1.094271	-28.169687	1.559913	-1.118726	-27.864177	1.545091	-1.177486	-27.870285	1.517027	-0.908456	-27.976481	0.769531	-1.604621	-27.620019	1.536006	-0.621077	-28.076839	-0.057997	-2.069447	-27.575820	1.544318	-0.663367	-28.112302	-0.028256	-2.084277	-27.608855	1.523782	-0.666970	-28.094249	-0.005525	-2.080929	-28.172137	0.988855	-1.087483	-28.178646	0.942790	-1.154756	-27.797158	1.017659	-1.140116	-27.836492	0.994107	-1.210411	-28.153137	0.463463	-1.109220	-27.809645	0.447488	-1.164821	-28.172867	-0.035993	-1.114927	-28.156205	-0.075562	-1.108318	-27.798951	-0.019627	-1.111666	-27.822761	-0.052666	-1.151262
296	4.098566	00:00:04:08	-28.001793	1.635484	-1.211375	-27.928921	1.678440	-1.108931	-28.038621	1.692878	-1.118243	-27.958797	1.539673	-1.157892	-28.022330	1.545700	-1.091488	-28.161806	1.571760	-1.119844	-27.882911	1.525096	-1.190476	-27.872695	1.537853	-0.894799	-27.989099	0.736659	-1.613176	-27.588925	1.530653	-0.677224	-28.082809	-0.065012	-2.084173	-27.606775	1.557438	-0.645148	-28.081412	-0.058593	-2.065894	-27.609085	1.512158	-0.649309	-28.112594	-0.022764	-2.074632	-28.171119	0.958381	-1.089116	-28.147102	0.963419	-1.123184	-27.790264	1.004530	-1.148205	-27.820193	0.986070	-1.195395	-28.145076	0.446030	-1.095543	-27.820238	0.475563	-1.150486	-28.155560	-0.049860	-1.062724	-28.179275	-0.062563	-1.119136	-27.840553	-0.068855	-1.126906	-27.818991	-0.077513	-1.173017
297	4.112460	00:00:04:09	-28.033364	1.614567	-1.249543	-27.943806	1.655171	-1.150806	-28.060289	1.695078	-1.105727	-27.953614	1.527105	-1.132530	-27.956212	1.561456	-1.121447	-28.124528	1.509448	-1.154471	-27.878426	1.548933	-1.221875	-27.870363	1.530194	-0.927245	-27.948653	0.738245	-1.625814	-27.584966	1.542603	-0.665435	-28.076951	-0.032694	-2.037452	-27.603451	1.530791	-0.677192	-28.106635	-0.062805	-2.077294	-27.619174	1.535007	-0.671613	-28.074733	-0.034417	-2.120636	-28.147219	0.980937	-1.099145	-28.175812	0.950930	-1.135710	-27.789200	0.978957	-1.171268	-27.810161	0.942668	-1.223516	-28.166806	0.465313	-1.106301	-27.777375	0.457849	-1.184445	-28.179823	-0.049329	-1.075470	-28.167517	-0.084819	-1.117985	-27.809741	-0.047955	-1.146926	-27.831082	-0.067477	-1.162934
298	4.126353	00:00:04:10	-28.016673	1.645354	-1.234530	-27.932919	1.673230	-1.145809	-28.009056	1.687305	-1.141972	-27.982439	1.575435	-1.140242	-28.032151	1.557208	-1.098738	-28.148354	1.540248	-1.144211	-27.869436	1.490618	-1.177272	-27.906234	1.562212	-0.890143	-27.959499	0.760304	-1.610204	-27.606933	1.523102	-0.634652	-28.084527	-0.062257	-2.064309	-27.610461	1.520434	-0.650868	-28.062832	-0.078737	-2.068179	-27.611404	1.535708	-0.667039	-28.108785	-0.053683	-2.056102	-28.162945	0.961433	-1.072827	-28.180277	0.948567	-1.135235	-27.768115	0.952969	-1.119973	-27.855110	0.970696	-1.208624	-28.165731	0.469429	-1.120438	-27.822114	0.449091	-1.150457	-28.181216	-0.052063	-1.041601	-28.152239	-0.044399	-1.129401	-27.802244	-0.067780	-1.137343	-27.844172	-0.066918	-1.176577
299	4.140246	00:00:04:11	-28.002694	1.672526	-1.223471	-27.931308	1.681900	-1.121224	-28.040362	1.682796	-1.105768	-28.006148	1.533524	-1.162769	-27.987700	1.564162	-1.136589	-28.126317	1.556236	-1.113981	-27.866306	1.555872	-1.194590	-27.868460	1.524881	-0.928282	-27.970848	0.754595	-1.622358	-27.603256	1.551814	-0.677633	-28.122812	-0.048508	-2.069129	-27.578002	1.550737	-0.684585	-28.105247	-0.025106	-2.068597	-27.566403	1.534412	-0.651106	-28.090980	-0.036143	-2.052575	-28.153563	0.968609	-1.083310	-28.148029	0.970003	-1.137557	-27.816826	1.001041	-1.161471	-27.795837	0.942883	-1.193494	-28.191246	0.458224	-1.087031	-27.828862	0.434924	-1.147819	-28.163274	-0.068495	-1.056674	-28.151745	-0.060539	-1.133123	-27.796407	-0.051754	-1.106644	-27.835090	-0.072426	-1.183247
300	4.154140	00:00:04:12	-28.015137	1.628843	-1.247955	-27.935339	1.655800	-1.103630	-28.052346	1.657431	-1.142868	-27.966214	1.534633	-1.161661	-28.023286	1.574672	-1.156642	-28.149962	1.586228	-1.127576	-27.868479	1.522176	-1.176396	-27.888433	1.560418	-0.901033	-27.983185	0.741016	-1.588523	-27.617216	1.496442	-0.673353	-28.122329	-0.044483	-2.052003	-27.595628	1.541142	-0.663522	-28.072559	-0.010430	-2.009644	-27.586222	1.530862	-0.653641	-28.139330	-0.030058	-2.086727	-28.150250	0.993705	-1.075528	-28.178867	0.955539	-1.110938	-27.790877	0.974331	-1.131681	-27.812884	0.976311	-1.197492	-28.170278	0.437217	-1.089063	-27.855207	0.419096	-1.186095	-28.161133	-0.052194	-1.045664	-28.165789	-0.060561	-1.116499	-27.845146	-0.063893	-1.133824	-27.820705	-0.069399	-1.157805
301	4.168033	00:00:04:13	-28.020938	1.638588	-1.247015	-27.962494	1.679624	-1.139758	-28.049789	1.663489	-1.113724	-27.997376	1.529644	-1.151059	-28.024021	1.574755	-1.106520	-28.163902	1.570634	-1.137334	-27.855888	1.543151	-1.202391	-27.874450	1.528485	-0.902362	-27.968598	0.741200	-1.597232	-27.589495	1.534611	-0.679089	-28.097384	-0.050251	-2.033792	-27.619328	1.534794	-0.653772	-28.077595	-0.048207	-2.058089	-27.591854	1.525461	-0.672800	-28.118201	-0.044374	-2.075633	-28.160114	0.993041	-1.094579	-28.206882	0.936662	-1.138500	-27.826501	1.004470	-1.157436	-27.801489	1.001110	-1.214804	-28.148590	0.452451	-1.129885	-27.804634	0.458566	-1.175632	-28.189522	-0.042520	-1.043437	-28.185681	-0.055547	-1.089960	-27.818211	-0.039268	-1.095779	-27.833986	-0.054971	-1.202653
302	4.181927	00:00:04:14	-27.992391	1.656798	-1.229082	-27.944787	1.627712	-1.158003	-28.044611	1.687359	-1.138131	-28.027654	1.530332	-1.144014	-27.987092	1.551063	-1.109995	-28.153744	1.541797	-1.137802	-27.879103	1.575622	-1.217050	-27.839073	1.557749	-0.928374	-27.988878	0.733401	-1.632187	-27.583971	1.515173	-0.680253	-28.106797	-0.027148	-2.079624	-27.587785	1.552712	-0.663404	-28.099706	-0.040554	-2.044491	-27.580820	1.523836	-0.670209	-28.096521	-0.028513	-2.087012	-28.168955	0.993024	-1.035587	-28.198658	0.974828	-1.109854	-27.852854	0.992353	-1.184980	-27.797794	0.976353	-1.161937	-28.197291	0.479977	-1.087859	-27.807981	0.451117	-1.160311	-28.135792	-0.061077	-1.039843	-28.166308	-0.068567	-1.104480	-27.784963	-0.039064	-1.151600	-27.789334	-0.067573	-1.173482
303	4.195820	00:00:04:15	-27.998876	1.601262	-1.263797	-27.936420	1.680974	-1.156904	-28.065527	1.677594	-1.116401	-28.013248	1.545512	-1.118208	-27.988441	1.547997	-1.114934	-28.156562	1.506133	-1.133364	-27.832917	1.539070	-1.181362	-27.866307	1.539546	-0.888381	-27.958855	0.720941	-1.668355	-27.612570	1.533656	-0.683054	-28.105560	-0.049360	-2.073972	-27.598600	1.534466	-0.684726	-28.095821	-0.071313	-2.035724	-27.601843	1.528076	-0.674891	-28.100049	-0.019802	-2.072283	-28.154284	0.973418	-1.109322	-28.178601	0.959676	-1.124723	-27.768811	1.007618	-1.164719	-27.800797	0.946665	-1.197522	-28.155751	0.439068	-1.092719	-27.817807	0.463075	-1.160712	-28.150952	-0.033067	-1.045339	-28.155655	-0.046802	-1.087614	-27.818033	-0.055110	-1.105850	-27.819870	-0.079623	-1.184860
304	4.209714	00:00:04:16	-27.980783	1.636056	-1.258423	-27.919800	1.664339	-1.134396	-28.073815	1.689975	-1.101639	-27.990854	1.558499	-1.147135	-27.999120	1.559564	-1.111917	-28.157511	1.575430	-1.127094	-27.853984	1.514480	-1.186069	-27.850242	1.574864	-0.914195	-27.967772	0.734555	-1.637856	-27.605437	1.559616	-0.667895	-28.057381	-0.049556	-2.037021	-27.577074	1.527362	-0.686387	-28.100645	-0.028232	-2.065065	-27.595993	1.542496	-0.687127	-28.094023	-0.057056	-2.073838	-28.172269	0.997514	-1.069252	-28.167981	0.973688	-1.083804	-27.751456	0.958485	-1.165335	-27.805841	0.959511	-1.204510	-28.176184	0.438219	-1.108342	-27.815727	0.465952	-1.190758	-28.179149	-0.072704	-1.044298	-28.171626	-0.061448	-1.107668	-27.822717	-0.074042	-1.129520	-27.819519	-0.063649	-1.179481
305	4.223607	00:00:04:17	-28.010816	1.614426	-1.257461	-27.923650	1.655930	-1.144255	-28.043759	1.655567	-1.107533	-28.001691	1.578033	-1.159617	-27.982241	1.569076	-1.092523	-28.154705	1.525475	-1.116476	-27.846579	1.518847	-1.203091	-27.838226	1.541514	-0.892592	-27.985085	0.739290	-1.620828	-27.575880	1.543498	-0.668893	-28.091805	-0.040098	-2.046285	-27.648780	1.530289	-0.659168	-28.065063	-0.054128	-2.065368	-27.588117	1.481789	-0.642942	-28.064199	-0.051057	-2.055864	-28.167135	1.004151	-1.064705	-28.195492	0.963949	-1.123153	-27.813315	0.984071	-1.133090	-27.834543	0.937632	-1.187644	-28.171771	0.466985	-1.089438	-27.831304	0.484884	-1.160160	-28.182648	-0.058958	-1.040662	-28.187409	-0.061789	-1.147318	-27.809130	0.006619	-1.124406	-27.836679	-0.066626	-1.176388
306	4.237501	00:00:04:18	-28.006366	1.618234	-1.245962	-27.954179	1.686191	-1.129296	-28.046681	1.650374	-1.123428	-27.967210	1.594033	-1.149952	-28.019032	1.579569	-1.129639	-28.147865	1.559061	-1.128474	-27.826439	1.565400	-1.191333	-27.874727	1.553876	-0.904394	-27.986883	0.721103	-1.610588	-27.571648	1.515010	-0.644449	-28.126489	-0.096576	-2.060132	-27.587556	1.564166	-0.672852	-28.062422	-0.057172	-2.039277	-27.567347	1.543494	-0.707989	-28.106707	-0.065396	-2.058647	-28.165297	0.962778	-1.078833	-28.153293	0.959190	-1.131877	-27.794146	0.992502	-1.153859	-27.799802	0.924714	-1.217042	-28.192395	0.480507	-1.064626	-27.817473	0.473367	-1.140095	-28.157484	-0.045756	-1.078849	-28.172980	-0.074697	-1.095262	-27.808674	-0.064656	-1.151270	-27.812001	-0.063024	-1.203202
307	4.251394	00:00:04:19	-28.023777	1.645366	-1.261468	-27.931469	1.665454	-1.124991	-28.046426	1.656651	-1.118727	-27.974959	1.532439	-1.153402	-27.967682	1.521696	-1.117345	-28.134260	1.537690	-1.161039	-27.860979	1.565149	-1.194015	-27.870273	1.549034	-0.918158	-27.969992	0.779862	-1.619118	-27.584902	1.516986	-0.643813	-28.097313	-0.041242	-2.033954	-27.598732	1.522469	-0.679424	-28.097501	-0.056189	-2.072685	-27.627740	1.528717	-0.667575	-28.095981	-0.062162	-2.039387	-28.156732	0.979308	-1.065613	-28.200973	0.995732	-1.136494	-27.804369	0.962562	-1.141891	-27.805118	0.971669	-1.184103	-28.162822	0.466322	-1.101145	-27.800943	0.444969	-1.155985	-28.157285	-0.038364	-1.079157	-28.172742	-0.036945	-1.127083	-27.815630	-0.073417	-1.152317	-27.811174	-0.028048	-1.149608
308	4.265287	00:00:04:20	-27.992338	1.621047	-1.257362	-27.933199	1.668464	-1.137899	-28.056929	1.626717	-1.093533	-28.005820	1.520787	-1.138866	-27.966285	1.546858	-1.109803	-28.149395	1.534455	-1.127019	-27.875477	1.544864	-1.173324	-27.885708	1.547122	-0.890769	-28.001509	0.780442	-1.600205	-27.587984	1.569307	-0.719528	-28.102568	-0.029626	-2.042862	-27.604621	1.535844	-0.678004	-28.081247	-0.052487	-2.059667	-27.560370	1.539627	-0.666992	-28.097368	-0.050800	-2.053122	-28.177914	0.985043	-1.048642	-28.155579	0.985823	-1.092744	-27.820361	0.979586	-1.127064	-27.823915	0.981481	-1.208934	-28.163828	0.421238	-1.044816	-27.841969	0.495455	-1.121399	-28.151979	-0.025069	-1.058718	-28.186755	-0.053905	-1.116164	-27.807564	-0.033870	-1.129693	-27.829150	-0.049944	-1.173980
309	4.279181	00:00:04:21	-28.002136	1.615598	-1.248223	-27.944058	1.684287	-1.122037	-28.024724	1.657270	-1.112020	-28.016214	1.571836	-1.146290	-27.986931	1.545648	-1.096982	-28.115412	1.528518	-1.143356	-27.862411	1.553583	-1.162273	-27.878853	1.517864	-0.929303	-27.990833	0.753952	-1.661099	-27.609041	1.498187	-0.655936	-28.083057	-0.054418	-2.048868	-27.578013	1.527447	-0.657267	-28.111844	-0.039345	-2.029366	-27.571088	1.540248	-0.682479	-28.102517	-0.043728	-2.073911	-28.160522	0.998135	-1.062565	-28.168532	0.979528	-1.109307	-27.819149	0.994397	-1.149384	-27.817666	0.976889	-1.207976	-28.179911	0.436065	-1.098998	-27.827880	0.448885	-1.160504	-28.144601	-0.026494	-1.038079	-28.195978	-0.068913	-1.113128	-27.811974	-0.053865	-1.163375	-27.814750	-0.073408	-1.189063
310	4.293074	00:00:04:22	-28.030131	1.634453	-1.224251	-27.908426	1.681640	-1.103417	-28.028582	1.684112	-1.114239	-28.002728	1.529325	-1.146222	-27.960009	1.542555	-1.102840	-28.148942	1.547833	-1.107396	-27.859888	1.546738	-1.189997	-27.872902	1.547099	-0.923232	-27.962762	0.739544	-1.623425	-27.580230	1.533763	-0.683142	-28.076926	-0.044891	-2.074964	-27.587028	1.521055	-0.663591	-28.099134	-0.039704	-2.055875	-27.588521	1.546870	-0.686907	-28.070402	-0.018618	-2.060367	-28.187400	0.960233	-1.057229	-28.214406	0.961032	-1.158193	-27.813656	0.989285	-1.131561	-27.785069	0.958356	-1.193819	-28.200055	0.431115	-1.068776	-27.817404	0.472431	-1.139913	-28.132100	-0.062802	-1.051271	-28.172246	-0.051261	-1.120069	-27.817751	-0.052418	-1.139487	-27.816268	-0.049245	-1.188453
311	4.306968	00:00:04:23	-27.993700	1.630882	-1.265679	-27.946765	1.654341	-1.149110	-28.036545	1.676916	-1.135700	-27.944934	1.546619	-1.141080	-27.961901	1.544093	-1.135016	-28.126678	1.514073	-1.151944	-27.844202	1.521715	-1.215205	-27.824923	1.562679	-0.901572	-27.952207	0.773409	-1.641662	-27.597536	1.540772	-0.697841	-28.099630	-0.049186	-2.069789	-27.568062	1.540424	-0.642904	-28.097664	-0.040125	-2.041081	-27.580336	1.554957	-0.637094	-28.115920	-0.085671	-2.064458	-28.132205	0.990611	-1.078457	-28.179376	0.974097	-1.106595	-27.841844	0.986956	-1.157356	-27.802464	0.918127	-1.188284	-28.179073	0.441507	-1.091734	-27.811348	0.478795	-1.154747	-28.184797	-0.043553	-1.019867	-28.163264	-0.057590	-1.105875	-27.787729	-0.043608	-1.151068	-27.820717	-0.097971	-1.177139
312	4.320861	00:00:04:24	-28.033570	1.657822	-1.236477	-27.943964	1.676660	-1.091794	-28.030735	1.661872	-1.093105	-27.983479	1.562225	-1.127737	-27.955532	1.570277	-1.131165	-28.126517	1.554946	-1.134686	-27.834049	1.540249	-1.158874	-27.855164	1.548786	-0.906802	-27.980418	0.718756	-1.605248	-27.615119	1.535860	-0.676064	-28.088389	-0.041343	-2.042140	-27.597652	1.532528	-0.689400	-28.112642	-0.057372	-2.059212	-27.594426	1.538019	-0.701286	-28.109855	-0.074909	-2.062200	-28.158951	0.979648	-1.104071	-28.202702	0.978541	-1.114157	-27.793197	0.978759	-1.160220	-27.772775	0.943046	-1.212539	-28.177052	0.439425	-1.088398	-27.828773	0.449456	-1.177262	-28.153441	-0.046686	-1.063773	-28.149537	-0.053669	-1.111378	-27.791255	-0.046080	-1.142472	-27.824176	-0.060283	-1.171441
313	4.334755	00:00:04:25	-28.023485	1.653388	-1.230657	-27.952824	1.699943	-1.113065	-28.052954	1.678018	-1.123550	-28.013853	1.543636	-1.119949	-28.020740	1.578032	-1.107743	-28.155459	1.533594	-1.131019	-27.842877	1.542501	-1.168978	-27.867735	1.537952	-0.900300	-27.930336	0.764393	-1.622116	-27.604270	1.516293	-0.670614	-28.074700	-0.023663	-2.038700	-27.611688	1.523184	-0.664231	-28.076353	-0.032759	-2.095392	-27.569781	1.512600	-0.662318	-28.089102	-0.043797	-2.070247	-28.150627	0.983221	-1.106144	-28.170350	0.927890	-1.130704	-27.807898	0.982205	-1.128961	-27.821983	0.967008	-1.215069	-28.182656	0.473495	-1.070315	-27.831583	0.442647	-1.143224	-28.177586	-0.072130	-1.051428	-28.174332	-0.061886	-1.106370	-27.796227	-0.033607	-1.134055	-27.803675	-0.058025	-1.195945
314	4.348648	00:00:04:26	-27.988789	1.646562	-1.251500	-27.934180	1.688294	-1.144939	-28.051662	1.706663	-1.129821	-27.993280	1.553525	-1.174520	-27.986498	1.569602	-1.124698	-28.191299	1.530565	-1.107399	-27.861630	1.568292	-1.143167	-27.861695	1.513379	-0.897908	-27.988147	0.752387	-1.631397	-27.565937	1.558668	-0.668406	-28.104063	-0.047738	-2.069585	-27.583784	1.524189	-0.703591	-28.098024	-0.034636	-2.069688	-27.624503	1.537193	-0.714255	-28.077379	-0.050774	-2.063015	-28.168371	0.986754	-1.109028	-28.170386	0.994588	-1.131745	-27.811250	1.009972	-1.148701	-27.807624	0.938080	-1.207731	-28.180284	0.458443	-1.084876	-27.829991	0.447427	-1.183666	-28.143697	-0.051859	-1.055276	-28.147916	-0.068968	-1.118475	-27.843796	-0.050326	-1.154415	-27.807074	-0.058473	-1.155115
315	4.362542	00:00:04:27	-28.028315	1.646225	-1.284181	-27.921727	1.701330	-1.147460	-28.032448	1.680177	-1.087340	-27.985839	1.524002	-1.126777	-27.984870	1.556969	-1.116657	-28.127939	1.563842	-1.137699	-27.812321	1.545174	-1.159853	-27.872663	1.540405	-0.935049	-27.980000	0.759972	-1.646830	-27.575412	1.519500	-0.684715	-28.063824	-0.051799	-2.088513	-27.564351	1.527131	-0.665310	-28.076823	-0.024123	-2.039663	-27.606911	1.545294	-0.673737	-28.114214	-0.044084	-2.063963	-28.130885	0.984098	-1.062709	-28.178881	0.962552	-1.104327	-27.831672	0.978966	-1.165170	-27.827207	0.942426	-1.202047	-28.187529	0.474464	-1.084303	-27.805925	0.446390	-1.201198	-28.163853	-0.022186	-1.057572	-28.165134	-0.064199	-1.109444	-27.798811	-0.059316	-1.125430	-27.802943	-0.062352	-1.184726
316	4.376435	00:00:04:28	-27.996533	1.628308	-1.238567	-27.965385	1.668887	-1.151710	-28.066249	1.665225	-1.121522	-27.995550	1.523256	-1.188264	-28.003214	1.567486	-1.124902	-28.166760	1.527618	-1.135607	-27.856326	1.538199	-1.219200	-27.839287	1.555631	-0.873695	-27.950746	0.769281	-1.616770	-27.602233	1.546111	-0.664703	-28.119795	-0.051541	-2.051907	-27.590891	1.543947	-0.670579	-28.071914	-0.048744	-2.076275	-27.604635	1.539347	-0.697384	-28.051855	-0.037506	-2.070184	-28.169888	0.974090	-1.084331	-28.161165	0.988005	-1.140412	-27.836898	0.967399	-1.148835	-27.825345	0.959696	-1.214433	-28.174676	0.448099	-1.074863	-27.825156	0.483584	-1.185933	-28.151604	-0.071733	-1.057400	-28.194923	-0.065772	-1.110925	-27.820054	-0.029644	-1.133609	-27.821009	-0.073505	-1.199461
317	4.390328	00:00:04:29	-27.977902	1.639638	-1.226374	-27.926766	1.661627	-1.153417	-28.045981	1.647199	-1.118526	-27.982997	1.543511	-1.182646	-28.006367	1.547016	-1.114817	-28.163444	1.539090	-1.094835	-27.832914	1.525569	-1.200648	-27.887187	1.558186	-0.899361	-27.988480	0.727957	-1.648946	-27.618468	1.536917	-0.681882	-28.103820	-0.022586	-2.068518	-27.586001	1.537385	-0.687081	-28.087936	-0.051879	-2.075501	-27.608862	1.536246	-0.668469	-28.087425	-0.049772	-2.053008	-28.163150	0.971266	-1.090620	-28.159981	0.946669	-1.117852	-27.799755	0.966040	-1.151103	-27.816561	0.945267	-1.221218	-28.166090	0.441872	-1.097249	-27.810449	0.442634	-1.175430	-28.137794	-0.039199	-1.051407	-28.121737	-0.051042	-1.127838	-27.811230	-0.053621	-1.156523	-27.807865	-0.082936	-1.191690
318	4.404222	00:00:04:30	-28.015748	1.614439	-1.230210	-27.947450	1.645972	-1.138092	-28.037274	1.672263	-1.147468	-27.966974	1.547257	-1.153773	-28.026794	1.531124	-1.129274	-28.135168	1.534827	-1.115085	-27.865013	1.568209	-1.192665	-27.881482	1.537118	-0.909636	-27.985132	0.758738	-1.636878	-27.571666	1.542510	-0.668368	-28.096161	-0.025133	-2.067414	-27.595715	1.556821	-0.679436	-28.094678	-0.063860	-2.079007	-27.564962	1.530826	-0.638708	-28.111840	-0.076110	-2.051877	-28.167790	0.978949	-1.096161	-28.169837	0.947729	-1.157864	-27.828239	0.981576	-1.184804	-27.816473	0.941432	-1.207988	-28.165759	0.429535	-1.114661	-27.832584	0.449027	-1.154622	-28.183415	-0.057170	-1.073224	-28.187775	-0.060962	-1.114231	-27.816034	-0.075662	-1.141233	-27.825279	-0.070361	-1.177961
319	4.418115	00:00:04:31	-28.029502	1.627808	-1.210687	-27.943139	1.677291	-1.121534	-28.033047	1.653976	-1.094747	-28.006363	1.558280	-1.140603	-28.010221	1.542510	-1.123017	-28.126150	1.548178	-1.123583	-27.847196	1.528922	-1.139365	-27.841603	1.535764	-0.899037	-27.988081	0.755601	-1.605272	-27.603298	1.546133	-0.691480	-28.099975	-0.036951	-2.036649	-27.602769	1.536540	-0.675402	-28.081027	-0.070521	-2.087249	-27.606461	1.537569	-0.681072	-28.121097	-0.033821	-2.081144	-28.169272	1.003294	-1.039543	-28.176114	0.983259	-1.143311	-27.800357	0.969892	-1.171673	-27.831300	0.978188	-1.185575	-28.167127	0.441049	-1.089139	-27.819442	0.464051	-1.183154	-28.185283	-0.074736	-1.047494	-28.182042	-0.077316	-1.120571	-27.825019	-0.045570	-1.125822	-27.824415	-0.052055	-1.166631
320	4.432009	00:00:04:32	-28.017317	1.647875	-1.238630	-27.918823	1.633822	-1.111978	-28.069428	1.683224	-1.142605	-27.977883	1.539791	-1.172441	-28.004590	1.502013	-1.116522	-28.189458	1.554945	-1.109451	-27.851902	1.534515	-1.203833	-27.879729	1.556030	-0.915363	-27.990872	0.752450	-1.636617	-27.605503	1.532979	-0.666883	-28.107342	-0.042615	-2.078909	-27.573023	1.527830	-0.705674	-28.080028	-0.018712	-2.030146	-27.587719	1.525945	-0.689708	-28.103794	-0.023035	-2.055713	-28.132077	0.988668	-1.080785	-28.174037	0.933886	-1.148897	-27.824849	0.972414	-1.111154	-27.830931	0.962861	-1.208104	-28.194511	0.422986	-1.079641	-27.842198	0.429898	-1.190745	-28.157138	-0.027614	-1.065789	-28.156732	-0.080437	-1.114633	-27.807483	-0.061812	-1.125091	-27.862665	-0.059024	-1.208392
321	4.445902	00:00:04:33	-28.015243	1.653158	-1.244071	-27.920993	1.657573	-1.115196	-28.021409	1.691901	-1.126499	-27.993306	1.511182	-1.145538	-27.934778	1.546112	-1.108999	-28.151929	1.565751	-1.128999	-27.861196	1.544684	-1.202956	-27.859855	1.492462	-0.900851	-27.960159	0.766450	-1.617253	-27.606038	1.536621	-0.654570	-28.124697	-0.004030	-2.053679	-27.563923	1.504902	-0.716773	-28.090288	-0.032178	-2.058509	-27.568385	1.500931	-0.700807	-28.092897	-0.020335	-2.080994	-28.185512	0.986061	-1.083851	-28.170573	0.976744	-1.122589	-27.792755	1.008433	-1.154476	-27.798815	0.928563	-1.205924	-28.144037	0.475911	-1.085489	-27.821881	0.464692	-1.158914	-28.166999	-0.031423	-1.066194	-28.176959	-0.076742	-1.091461	-27.842180	-0.031999	-1.118626	-27.809709	-0.068507	-1.124155
322	4.459796	00:00:04:34	-27.993424	1.639918	-1.261039	-27.917422	1.679948	-1.121597	-28.043876	1.691390	-1.125218	-27.997497	1.559374	-1.155274	-27.960377	1.580670	-1.150307	-28.129490	1.543164	-1.132221	-27.831538	1.524100	-1.201891	-27.838883	1.538525	-0.897815	-27.935733	0.757347	-1.591599	-27.579860	1.538937	-0.673011	-28.069267	-0.054538	-2.062638	-27.570261	1.519147	-0.669570	-28.092342	-0.043139	-2.068432	-27.550345	1.524322	-0.700692	-28.089292	-0.043920	-2.063533	-28.176735	0.968762	-1.064811	-28.169872	0.942132	-1.111324	-27.819896	0.963890	-1.166837	-27.801804	0.964568	-1.204497	-28.157210	0.487979	-1.083826	-27.835149	0.451046	-1.190991	-28.132007	-0.036564	-1.044885	-28.177535	-0.082289	-1.077285	-27.817576	-0.072517	-1.120859	-27.797643	-0.073793	-1.195662
323	4.473689	00:00:04:35	-27.987578	1.643057	-1.265173	-27.924171	1.682291	-1.125987	-28.036818	1.675455	-1.130748	-27.971698	1.540653	-1.167496	-28.000574	1.538221	-1.113565	-28.182793	1.525743	-1.115649	-27.837731	1.556687	-1.158670	-27.859267	1.529441	-0.875831	-27.956498	0.764167	-1.606939	-27.599887	1.546316	-0.672678	-28.083548	-0.058005	-2.037440	-27.592506	1.530396	-0.691107	-28.117657	-0.067069	-2.088244	-27.583172	1.543068	-0.680005	-28.135333	-0.039779	-2.078900	-28.127535	0.984532	-1.067835	-28.167674	0.973798	-1.131472	-27.791732	1.022173	-1.147135	-27.835693	0.952691	-1.231069	-28.180831	0.472144	-1.089845	-27.815143	0.479534	-1.164631	-28.158302	-0.039257	-1.065607	-28.204888	-0.073100	-1.105453	-27.813128	-0.033579	-1.117157	-27.850548	-0.072593	-1.229637
324	4.487583	00:00:04:36	-27.985078	1.609751	-1.220906	-27.930823	1.669504	-1.116197	-28.057727	1.695122	-1.125259	-27.992495	1.514136	-1.147190	-27.978326	1.536780	-1.138092	-28.128278	1.546853	-1.130496	-27.814658	1.533572	-1.182102	-27.867327	1.512440	-0.905066	-27.953422	0.769584	-1.610054	-27.630100	1.515496	-0.685976	-28.072702	-0.025075	-2.075871	-27.575708	1.532263	-0.674162	-28.080279	-0.051724	-2.045374	-27.604705	1.522736	-0.670722	-28.074620	-0.077804	-2.064409	-28.154160	0.980837	-1.070542	-28.151941	0.960728	-1.121056	-27.800549	0.965771	-1.121875	-27.817322	0.971834	-1.202720	-28.152970	0.461703	-1.102409	-27.835565	0.438835	-1.175968	-28.127651	-0.061320	-1.033736	-28.174343	-0.048209	-1.123653	-27.794713	-0.026977	-1.141529	-27.852376	-0.062046	-1.191373
325	4.501476	00:00:04:37	-28.010107	1.626357	-1.248311	-27.912016	1.668341	-1.120427	-28.045932	1.680518	-1.077632	-28.038333	1.535134	-1.159491	-27.977656	1.547732	-1.134831	-28.146630	1.569164	-1.122371	-27.828446	1.515720	-1.218196	-27.860390	1.536191	-0.922606	-27.946368	0.757438	-1.623667	-27.556263	1.506769	-0.683383	-28.097536	-0.046144	-2.059938	-27.584277	1.514509	-0.661310	-28.093485	-0.075983	-2.074336	-27.620429	1.523407	-0.691778	-28.097733	-0.051994	-2.045756	-28.147723	0.961107	-1.069874	-28.154743	0.979484	-1.154108	-27.818127	0.994776	-1.142068	-27.821883	0.938036	-1.221665	-28.189747	0.477236	-1.100475	-27.809390	0.459069	-1.136468	-28.155460	-0.039794	-1.065370	-28.208406	-0.086315	-1.102113	-27.808570	-0.034646	-1.131044	-27.841337	-0.070742	-1.186032
326	4.515369	00:00:04:38	-28.012300	1.638564	-1.225543	-27.935564	1.684960	-1.154224	-28.037577	1.676967	-1.098565	-27.996531	1.589154	-1.163386	-27.996698	1.560746	-1.128427	-28.154943	1.548155	-1.109494	-27.817268	1.517680	-1.218384	-27.851691	1.516401	-0.907813	-27.927769	0.743280	-1.635406	-27.571545	1.529401	-0.681904	-28.095043	-0.027984	-2.056756	-27.556255	1.506239	-0.690931	-28.099592	-0.043707	-2.062010	-27.615036	1.518073	-0.654520	-28.070985	-0.077278	-2.060504	-28.163795	0.986821	-1.073870	-28.178892	0.985081	-1.125544	-27.790694	0.993691	-1.143929	-27.822807	0.957871	-1.210390	-28.167685	0.471483	-1.071730	-27.803900	0.441581	-1.135611	-28.180590	-0.052517	-1.045033	-28.203826	-0.026942	-1.093573	-27.822002	-0.086685	-1.140199	-27.803059	-0.043517	-1.210551
327	4.529263	00:00:04:39	-28.012638	1.611437	-1.240775	-27.949311	1.653771	-1.129924	-28.021357	1.673515	-1.125120	-28.020645	1.572215	-1.129021	-28.026687	1.550288	-1.118868	-28.124955	1.566527	-1.129610	-27.866437	1.564408	-1.186945	-27.863636	1.550384	-0.895937	-27.968907	0.760604	-1.602772	-27.588071	1.544637	-0.656518	-28.088099	-0.051535	-2.076297	-27.579676	1.503914	-0.687419	-28.100513	-0.068981	-2.025696	-27.601547	1.551418	-0.672241	-28.095408	-0.031586	-2.066792	-28.162114	0.987500	-1.077718	-28.128839	0.959016	-1.072408	-27.843874	0.988057	-1.156499	-27.885310	0.985819	-1.200592	-28.184907	0.437693	-1.083724	-27.823786	0.483588	-1.190694	-28.161962	-0.024622	-1.042903	-28.168223	-0.051419	-1.133188	-27.818277	-0.059213	-1.107001	-27.841054	-0.102434	-1.198849
328	4.543156	00:00:04:40	-28.007798	1.655860	-1.229708	-27.960185	1.651258	-1.174378	-28.066411	1.672317	-1.100987	-28.015835	1.531783	-1.146185	-28.006892	1.554659	-1.107407	-28.137642	1.576719	-1.120085	-27.845420	1.517416	-1.169411	-27.839235	1.512963	-0.919774	-27.968112	0.775911	-1.605484	-27.590162	1.530142	-0.681514	-28.096903	-0.038939	-2.056226	-27.574389	1.510553	-0.670944	-28.102620	-0.059760	-2.046816	-27.597926	1.532631	-0.705917	-28.105579	-0.042110	-2.063643	-28.157635	1.003902	-1.080309	-28.145871	0.981743	-1.123811	-27.802296	0.962954	-1.158424	-27.836882	0.953707	-1.214274	-28.182431	0.441992	-1.075718	-27.807375	0.461623	-1.150956	-28.193458	-0.054864	-1.051443	-28.166913	-0.059951	-1.116523	-27.838848	-0.013889	-1.112894	-27.840471	-0.065627	-1.178128
329	4.557050	00:00:04:41	-28.015830	1.638097	-1.231530	-27.914186	1.640595	-1.125296	-28.034719	1.687056	-1.122002	-28.008068	1.567871	-1.149929	-27.988613	1.560564	-1.118631	-28.150253	1.570648	-1.095357	-27.846745	1.554170	-1.160402	-27.869674	1.554749	-0.879375	-27.944202	0.735948	-1.613484	-27.609912	1.575920	-0.682707	-28.083325	-0.038709	-2.043055	-27.564970	1.525473	-0.684302	-28.085537	-0.068563	-2.053470	-27.549773	1.558746	-0.713224	-28.076861	-0.044386	-2.063374	-28.162908	0.997862	-1.088594	-28.193714	0.984233	-1.131202	-27.802965	0.978279	-1.153379	-27.832402	0.967947	-1.230257	-28.154273	0.456515	-1.077624	-27.808219	0.481023	-1.175712	-28.182834	-0.043500	-1.039141	-28.166390	-0.055475	-1.110743	-27.799043	-0.036127	-1.109603	-27.814779	-0.073199	-1.175480
330	4.570943	00:00:04:42	-27.998960	1.595562	-1.245234	-27.946057	1.705448	-1.144834	-28.033494	1.670469	-1.108923	-27.996947	1.530021	-1.188689	-27.955008	1.559321	-1.130938	-28.138702	1.550285	-1.112550	-27.836716	1.554935	-1.183741	-27.831909	1.551229	-0.887828	-27.985503	0.754898	-1.650662	-27.575174	1.542826	-0.689626	-28.117996	-0.027998	-2.085646	-27.558529	1.516823	-0.719762	-28.085172	-0.033824	-2.022766	-27.578489	1.527444	-0.695136	-28.147305	-0.028260	-2.091046	-28.178524	0.970234	-1.087648	-28.184164	0.951718	-1.147256	-27.789233	0.944932	-1.165979	-27.828914	0.944758	-1.207146	-28.147060	0.485060	-1.088953	-27.788057	0.431408	-1.153916	-28.157391	-0.060994	-1.039867	-28.194529	-0.086066	-1.094205	-27.795938	-0.054429	-1.143671	-27.820969	-0.083880	-1.197134
331	4.584837	00:00:04:43	-27.991272	1.680737	-1.234359	-27.940352	1.663778	-1.156059	-28.036189	1.692510	-1.139226	-28.009007	1.526519	-1.162211	-27.941288	1.535494	-1.109068	-28.127412	1.563884	-1.154267	-27.834372	1.536833	-1.209487	-27.842437	1.530867	-0.921302	-28.010316	0.753572	-1.635778	-27.543924	1.521447	-0.694940	-28.093047	-0.062236	-2.040041	-27.607415	1.561009	-0.690100	-28.081102	-0.061086	-2.066081	-27.597879	1.515488	-0.692832	-28.108643	-0.058216	-2.056484	-28.177813	0.982559	-1.066647	-28.168064	0.978642	-1.131934	-27.808051	0.962353	-1.140261	-27.852285	0.984332	-1.219650	-28.174543	0.472975	-1.091584	-27.805727	0.470981	-1.132656	-28.182121	-0.029821	-1.038984	-28.153832	-0.070884	-1.108574	-27.832986	-0.023866	-1.126307	-27.833035	-0.046563	-1.176303
332	4.598730	00:00:04:44	-28.001607	1.635154	-1.247837	-27.926312	1.682459	-1.152817	-28.044680	1.694412	-1.105340	-28.003216	1.511706	-1.148483	-27.962953	1.552425	-1.095022	-28.158149	1.560689	-1.122036	-27.858493	1.558412	-1.204639	-27.874994	1.542206	-0.901237	-27.953422	0.728023	-1.607208	-27.563892	1.543945	-0.620913	-28.115956	-0.036641	-2.043222	-27.599575	1.560968	-0.668598	-28.082970	-0.047096	-2.055253	-27.569014	1.537321	-0.674289	-28.095925	-0.079955	-2.046031	-28.176599	1.006214	-1.108783	-28.162970	0.947613	-1.094807	-27.842462	1.002752	-1.132931	-27.808079	0.947235	-1.205725	-28.180971	0.454249	-1.111778	-27.815804	0.481666	-1.158496	-28.188177	-0.024934	-1.049580	-28.163765	-0.071206	-1.096315	-27.812393	-0.024467	-1.134149	-27.821874	-0.060442	-1.181039
333	4.612624	00:00:04:45	-28.017896	1.636690	-1.219083	-27.907900	1.645555	-1.157148	-28.050700	1.671549	-1.116972	-28.009623	1.556795	-1.152924	-27.974470	1.525963	-1.143702	-28.155503	1.535699	-1.152340	-27.852872	1.551040	-1.187085	-27.858919	1.552306	-0.932993	-27.985021	0.774627	-1.631893	-27.559048	1.563074	-0.710249	-28.146003	-0.053022	-2.046747	-27.569510	1.526290	-0.694367	-28.082143	-0.029745	-2.051859	-27.580052	1.522702	-0.675377	-28.082304	-0.042600	-2.062623	-28.169227	0.988679	-1.078661	-28.182551	0.967593	-1.141655	-27.809179	0.990755	-1.130768	-27.820992	0.978339	-1.190620	-28.177627	0.453613	-1.101944	-27.838904	0.438378	-1.167047	-28.130084	-0.035545	-1.049162	-28.212895	-0.071613	-1.114765	-27.789169	-0.037896	-1.117278	-27.821768	-0.059835	-1.169314
334	4.626517	00:00:04:46	-28.009938	1.627528	-1.216375	-27.930602	1.665514	-1.163036	-28.041926	1.699252	-1.123915	-28.013637	1.558132	-1.174009	-27.993410	1.541888	-1.119809	-28.159827	1.530814	-1.138987	-27.872074	1.552830	-1.188756	-27.839788	1.548469	-0.915019	-28.006335	0.762774	-1.636657	-27.560021	1.526504	-0.682612	-28.109603	-0.024014	-2.080034	-27.579747	1.543890	-0.685394	-28.108152	-0.046148	-2.063456	-27.591701	1.545945	-0.682711	-28.122184	-0.045235	-2.057190	-28.188272	0.962528	-1.085343	-28.169422	1.005274	-1.115091	-27.803727	0.953482	-1.169978	-27.836182	0.965260	-1.203982	-28.178939	0.453275	-1.091962	-27.836407	0.453569	-1.191535	-28.197921	-0.039268	-1.047603	-28.161392	-0.055768	-1.092499	-27.810740	-0.051868	-1.151104	-27.821694	-0.064259	-1.223831
335	4.640410	00:00:04:47	-27.997643	1.617671	-1.235980	-27.939165	1.658046	-1.179536	-28.005093	1.668814	-1.109415	-27.982271	1.542439	-1.145844	-27.960691	1.549933	-1.125860	-28.143319	1.514732	-1.130230	-27.847012	1.574348	-1.190488	-27.826221	1.535040	-0.896089	-27.970219	0.752148	-1.645048	-27.590383	1.512436	-0.676705	-28.103446	-0.056705	-2.060446	-27.559171	1.511207	-0.716085	-28.115487	-0.056046	-2.080414	-27.561492	1.529402	-0.638233	-28.088028	-0.051205	-2.057886	-28.156568	0.995861	-1.063006	-28.169854	0.970964	-1.137863	-27.818485	0.990419	-1.169481	-27.829801	0.961476	-1.229835	-28.173112	0.449072	-1.084398	-27.801198	0.436102	-1.172346	-28.157466	-0.040029	-1.050625	-28.161414	-0.076578	-1.106427	-27.837581	-0.030059	-1.164055	-27.826794	-0.056590	-1.183091
336	4.654304	00:00:04:48	-28.019090	1.634380	-1.271992	-27.926037	1.681935	-1.092364	-28.047457	1.680029	-1.112345	-28.006330	1.572606	-1.162786	-27.992231	1.551654	-1.111714	-28.157579	1.535228	-1.111170	-27.834554	1.526134	-1.189354	-27.879406	1.545170	-0.899554	-27.975947	0.775634	-1.666159	-27.550898	1.560621	-0.666637	-28.111565	-0.027804	-2.044858	-27.580862	1.531467	-0.677871	-28.113136	-0.053311	-2.069602	-27.583700	1.491261	-0.689666	-28.093044	-0.009968	-2.061695	-28.143237	0.995594	-1.096685	-28.172448	0.981221	-1.099312	-27.792881	0.977855	-1.133916	-27.792386	0.946954	-1.199775	-28.207307	0.480377	-1.090529	-27.883857	0.455668	-1.192126	-28.170875	-0.027255	-1.038148	-28.142508	-0.051858	-1.111968	-27.788339	-0.033437	-1.136088	-27.875883	-0.018643	-1.194332
337	4.668197	00:00:04:49	-28.022991	1.625374	-1.239730	-27.898023	1.706738	-1.142270	-28.033229	1.685676	-1.131709	-27.992934	1.562874	-1.182179	-27.982937	1.523274	-1.136003	-28.120313	1.524265	-1.122783	-27.847782	1.547461	-1.197489	-27.861289	1.545557	-0.892826	-27.941358	0.754712	-1.635077	-27.584319	1.513735	-0.662211	-28.081045	-0.055648	-2.046148	-27.580625	1.535409	-0.716039	-28.086473	-0.067869	-2.074284	-27.584852	1.540015	-0.712345	-28.116576	-0.042007	-2.040706	-28.166390	0.961636	-1.056732	-28.150017	0.949196	-1.108802	-27.803315	0.984138	-1.161113	-27.810917	0.969973	-1.222688	-28.171962	0.472671	-1.080929	-27.829099	0.445717	-1.154043	-28.158363	-0.038028	-1.066899	-28.167177	-0.063078	-1.091578	-27.825852	-0.049674	-1.131349	-27.842026	-0.090037	-1.212798
338	4.682091	00:00:04:50	-28.004968	1.641938	-1.246796	-27.974090	1.684803	-1.138361	-28.069285	1.650149	-1.131760	-28.001007	1.535795	-1.173942	-27.984352	1.533849	-1.114842	-28.153492	1.521905	-1.149688	-27.813407	1.528365	-1.174854	-27.850504	1.525991	-0.903701	-27.953275	0.721050	-1.622818	-27.558204	1.527447	-0.709042	-28.122161	-0.056325	-2.039195	-27.571983	1.531476	-0.668012	-28.098195	-0.014781	-2.061649	-27.594277	1.545267	-0.694118	-28.103487	-0.059621	-2.055060	-28.156742	0.993992	-1.040185	-28.151537	0.965265	-1.105681	-27.811481	0.987010	-1.151148	-27.846308	0.976340	-1.191483	-28.177768	0.464936	-1.060452	-27.830214	0.455499	-1.175048	-28.183146	-0.064741	-1.052227	-28.169326	-0.070869	-1.088968	-27.790954	-0.036440	-1.132632	-27.793141	-0.065992	-1.159895
339	4.695984	00:00:04:51	-28.018012	1.633248	-1.234499	-27.934972	1.669231	-1.148623	-28.025402	1.667355	-1.106625	-27.994823	1.552205	-1.141065	-27.986374	1.556103	-1.128591	-28.118354	1.534121	-1.115041	-27.858555	1.567002	-1.163915	-27.859758	1.523786	-0.887832	-28.004412	0.740086	-1.647524	-27.546426	1.539476	-0.693055	-28.092309	-0.063710	-2.051295	-27.561248	1.550407	-0.681589	-28.103748	-0.067946	-2.070463	-27.574535	1.522247	-0.655640	-28.109111	-0.019355	-2.055192	-28.170987	0.985909	-1.093079	-28.175496	0.991662	-1.131526	-27.847693	1.006298	-1.151800	-27.824469	0.952153	-1.219623	-28.164037	0.497308	-1.091419	-27.797543	0.490242	-1.158913	-28.169565	-0.029124	-1.072221	-28.167409	-0.059492	-1.113346	-27.840076	-0.051750	-1.107825	-27.821548	-0.061010	-1.179340
340	4.709878	00:00:04:52	-28.049481	1.634534	-1.233364	-27.907672	1.660912	-1.130431	-28.072550	1.683381	-1.123932	-28.001791	1.543976	-1.149807	-27.982479	1.561461	-1.124110	-28.150490	1.534459	-1.118692	-27.825635	1.548689	-1.215081	-27.825598	1.524800	-0.917195	-27.957887	0.734370	-1.636888	-27.565950	1.507894	-0.679494	-28.143591	-0.039114	-2.087624	-27.598504	1.550469	-0.682067	-28.122011	-0.059614	-2.075944	-27.572923	1.509462	-0.687736	-28.104901	-0.075547	-2.066479	-28.154516	0.965622	-1.042552	-28.176005	0.997028	-1.140663	-27.800104	0.983331	-1.149384	-27.803843	0.987647	-1.194229	-28.145729	0.419174	-1.127666	-27.825597	0.461829	-1.177189	-28.139995	-0.056325	-1.031424	-28.219621	-0.077502	-1.100350	-27.802225	-0.063431	-1.151890	-27.835568	-0.054702	-1.203149
341	4.723771	00:00:04:53	-28.002425	1.636416	-1.217004	-27.918755	1.660738	-1.169984	-28.020636	1.666589	-1.101095	-28.003960	1.571476	-1.166779	-27.987436	1.575473	-1.148668	-28.101364	1.558546	-1.100081	-27.868837	1.534587	-1.206958	-27.895519	1.526747	-0.877499	-27.973172	0.723268	-1.652049	-27.556198	1.548644	-0.688691	-28.092286	-0.062243	-2.065487	-27.589396	1.531665	-0.707470	-28.084896	-0.037063	-2.081047	-27.555989	1.520460	-0.727331	-28.096593	-0.049735	-2.079136	-28.146731	1.007109	-1.106877	-28.157125	0.992128	-1.112713	-27.813591	0.974657	-1.184075	-27.825217	0.935261	-1.169821	-28.228801	0.446296	-1.083002	-27.790390	0.467533	-1.171880	-28.179347	-0.051163	-1.053023	-28.179246	-0.058241	-1.115802	-27.789744	-0.058604	-1.163389	-27.830321	-0.059723	-1.166291
342	4.737665	00:00:04:54	-28.031051	1.655942	-1.205460	-27.919366	1.652128	-1.144099	-28.032417	1.662853	-1.126770	-27.995799	1.544756	-1.172331	-28.005965	1.518096	-1.123076	-28.150481	1.530406	-1.138466	-27.856566	1.534420	-1.182041	-27.831651	1.509923	-0.915133	-27.953787	0.759138	-1.615210	-27.552839	1.539594	-0.662539	-28.082200	-0.034216	-2.059869	-27.562984	1.525428	-0.704898	-28.088469	-0.056679	-2.034887	-27.584215	1.529382	-0.668694	-28.086844	-0.055169	-2.083325	-28.162432	0.972706	-1.041018	-28.200258	0.975970	-1.127995	-27.809057	0.982841	-1.153633	-27.838623	0.974078	-1.230024	-28.156089	0.468686	-1.079751	-27.836024	0.417558	-1.194599	-28.170326	-0.054442	-1.047617	-28.171833	-0.066877	-1.101877	-27.787268	-0.040396	-1.146623	-27.861164	-0.045778	-1.198053
343	4.751558	00:00:04:55	-28.012412	1.636533	-1.211450	-27.928743	1.689673	-1.152795	-28.057716	1.687975	-1.129022	-27.988072	1.553224	-1.158945	-28.007043	1.565031	-1.129217	-28.135142	1.586150	-1.097969	-27.843366	1.535028	-1.180532	-27.855703	1.547426	-0.916317	-27.964054	0.753685	-1.616244	-27.574819	1.536679	-0.719878	-28.089459	-0.011831	-2.060447	-27.558536	1.519166	-0.698775	-28.102949	-0.031696	-2.058802	-27.563782	1.545816	-0.691925	-28.096009	-0.047850	-2.047250	-28.166207	0.978489	-1.093368	-28.187554	0.921894	-1.089798	-27.814757	0.937048	-1.196071	-27.829607	0.976163	-1.220004	-28.181949	0.472627	-1.079137	-27.818616	0.446190	-1.167527	-28.196141	-0.040918	-1.044545	-28.136598	-0.076977	-1.090865	-27.782851	-0.057019	-1.149891	-27.843910	-0.069530	-1.203612
344	4.765451	00:00:04:56	-28.017433	1.621908	-1.273220	-27.919871	1.684817	-1.130361	-28.061845	1.708083	-1.063713	-27.993427	1.530142	-1.215395	-27.983490	1.546324	-1.116321	-28.123101	1.552918	-1.133068	-27.842247	1.538751	-1.186096	-27.864958	1.510493	-0.905014	-27.951494	0.756339	-1.601724	-27.549291	1.512479	-0.686842	-28.076400	-0.045060	-2.079994	-27.601027	1.507823	-0.684322	-28.068920	-0.050588	-2.068046	-27.559953	1.496346	-0.684328	-28.098577	-0.028940	-2.041988	-28.142041	0.982862	-1.078795	-28.176840	0.944111	-1.133574	-27.801168	0.969653	-1.134899	-27.799974	0.943259	-1.205489	-28.146874	0.451510	-1.062501	-27.797303	0.472750	-1.155211	-28.125394	-0.072928	-1.041703	-28.173686	-0.043332	-1.085937	-27.844485	-0.066603	-1.118876	-27.821137	-0.092318	-1.182156
345	4.779345	00:00:04:57	-27.978044	1.602207	-1.211418	-27.923013	1.668274	-1.136126	-28.067995	1.672693	-1.110719	-28.038432	1.536253	-1.130706	-27.982549	1.555330	-1.107462	-28.165746	1.530865	-1.148576	-27.812809	1.554059	-1.209761	-27.864067	1.543515	-0.929854	-27.984822	0.762179	-1.638879	-27.560247	1.514963	-0.678088	-28.083881	-0.039987	-2.036040	-27.572788	1.536464	-0.672189	-28.084620	-0.022522	-2.046506	-27.573060	1.525746	-0.699850	-28.123238	-0.053182	-2.070687	-28.160118	0.956885	-1.065510	-28.171966	0.943356	-1.113223	-27.798016	0.996119	-1.136692	-27.807653	0.964490	-1.197404	-28.131783	0.427793	-1.059752	-27.835664	0.472332	-1.174947	-28.157563	-0.024832	-1.066242	-28.173969	-0.058028	-1.106080	-27.787060	-0.039876	-1.129701	-27.875748	-0.060789	-1.193754
346	4.793238	00:00:04:58	-28.014377	1.644091	-1.255753	-27.929709	1.653816	-1.147720	-28.059801	1.694633	-1.138363	-27.986480	1.566258	-1.151869	-27.990939	1.562093	-1.110804	-28.171677	1.544396	-1.098593	-27.867776	1.551459	-1.214350	-27.837454	1.535850	-0.900609	-27.963520	0.718970	-1.624320	-27.576471	1.521632	-0.700384	-28.101600	-0.048997	-2.033650	-27.597168	1.552447	-0.696866	-28.096017	-0.068593	-2.055383	-27.601908	1.519889	-0.688179	-28.103918	-0.047328	-2.034335	-28.166413	1.003888	-1.070338	-28.209420	0.964179	-1.118917	-27.807718	0.982431	-1.178962	-27.818368	0.951029	-1.211605	-28.193438	0.456854	-1.085552	-27.792372	0.461265	-1.166270	-28.141332	-0.059718	-1.055871	-28.171149	-0.082501	-1.078012	-27.835572	-0.012289	-1.117486	-27.835803	-0.079708	-1.176045
347	4.807132	00:00:04:59	-28.034325	1.639947	-1.265447	-27.920564	1.679618	-1.136515	-28.007843	1.688089	-1.080296	-27.974172	1.540809	-1.142684	-27.992386	1.589252	-1.149149	-28.114733	1.530606	-1.121439	-27.863392	1.531259	-1.200248	-27.872175	1.522347	-0.911692	-27.982850	0.788794	-1.610751	-27.539688	1.532499	-0.697186	-28.114387	-0.020417	-2.074065	-27.570823	1.543793	-0.673885	-28.098719	-0.031682	-2.068178	-27.554171	1.553518	-0.667938	-28.106129	-0.051368	-2.094954	-28.141308	1.008746	-1.068771	-28.166661	0.923987	-1.130283	-27.793881	0.977763	-1.157377	-27.849261	0.951721	-1.233592	-28.198399	0.457505	-1.091225	-27.812511	0.461333	-1.156784	-28.130189	-0.060969	-1.060064	-28.171742	-0.050089	-1.090969	-27.843596	-0.028824	-1.123541	-27.815225	-0.083671	-1.188410
348	4.821025	00:00:04:60	-28.019074	1.639657	-1.265590	-27.925695	1.660927	-1.151868	-28.030727	1.667575	-1.113760	-27.999670	1.519899	-1.178075	-27.981721	1.587189	-1.119432	-28.113986	1.552883	-1.125119	-27.854729	1.542357	-1.204629	-27.830912	1.526305	-0.911236	-27.972868	0.762123	-1.613472	-27.587811	1.532455	-0.690222	-28.110836	0.001796	-2.086978	-27.582848	1.553757	-0.702530	-28.100357	-0.032964	-2.063283	-27.535756	1.527214	-0.694308	-28.076788	-0.051277	-2.078783	-28.162326	0.986415	-1.069476	-28.167728	0.989548	-1.124727	-27.798173	0.986705	-1.176084	-27.828280	0.959251	-1.199739	-28.179833	0.456131	-1.082116	-27.807411	0.450823	-1.181061	-28.165141	-0.048018	-1.050398	-28.175766	-0.054603	-1.113669	-27.820123	-0.052130	-1.145180	-27.829846	-0.060534	-1.181333
349	4.834919	00:00:04:61	-28.037990	1.613507	-1.241224	-27.938296	1.673060	-1.141513	-28.034303	1.656841	-1.118731	-28.016350	1.518068	-1.159601	-27.994845	1.515731	-1.115973	-28.140790	1.548079	-1.069115	-27.842218	1.555447	-1.194391	-27.855343	1.513473	-0.906497	-27.978265	0.752133	-1.652056	-27.563436	1.531498	-0.743991	-28.076258	-0.058753	-2.087645	-27.549209	1.554621	-0.711941	-28.092580	-0.045957	-2.068780	-27.553805	1.517583	-0.709394	-28.053768	-0.024295	-2.089187	-28.135525	0.976240	-1.054918	-28.174195	0.969244	-1.165061	-27.800220	0.987500	-1.159313	-27.858912	0.960868	-1.218874	-28.172796	0.487114	-1.066210	-27.803939	0.448037	-1.181449	-28.176798	-0.045666	-1.033087	-28.181865	-0.092543	-1.107252	-27.784937	-0.027717	-1.116268	-27.844137	-0.065550	-1.220300
350	4.848812	00:00:04:62	-27.986275	1.626086	-1.261498	-27.950471	1.672932	-1.191720	-28.053287	1.680665	-1.142748	-27.987736	1.525520	-1.175023	-27.959277	1.557698	-1.157087	-28.112400	1.547119	-1.160924	-27.841458	1.548238	-1.160143	-27.866179	1.531451	-0.903689	-27.984962	0.772268	-1.626112	-27.572039	1.527691	-0.723151	-28.057729	-0.008685	-2.058396	-27.590548	1.510127	-0.709577	-28.101586	-0.037953	-2.098545	-27.592071	1.516112	-0.682381	-28.069924	-0.057200	-2.079170	-28.160217	0.926690	-1.069336	-28.158724	0.990019	-1.125601	-27.816030	1.003318	-1.170552	-27.787823	0.952458	-1.202751	-28.147487	0.460846	-1.102068	-27.842118	0.470576	-1.145998	-28.147740	-0.045554	-1.061372	-28.144122	-0.062294	-1.102118	-27.796436	-0.059898	-1.140381	-27.814614	-0.088675	-1.195355
351	4.862706	00:00:04:63	-28.003366	1.631854	-1.251284	-27.928243	1.656489	-1.171776	-28.055980	1.684368	-1.115350	-27.999658	1.547698	-1.116800	-27.961862	1.569293	-1.109380	-28.170698	1.544026	-1.102118	-27.895825	1.551810	-1.228713	-27.860539	1.538777	-0.915810	-27.959915	0.744573	-1.630809	-27.557662	1.534673	-0.681982	-28.076933	-0.053716	-2.078230	-27.546214	1.519935	-0.687280	-28.089233	-0.047023	-2.048330	-27.584850	1.521848	-0.690783	-28.106474	-0.064189	-2.035353	-28.153852	0.980831	-1.040231	-28.167172	0.975730	-1.142343	-27.826344	0.993834	-1.167813	-27.791349	0.966844	-1.220316	-28.148782	0.483229	-1.081034	-27.806837	0.454713	-1.159205	-28.151190	-0.016129	-1.045951	-28.152565	-0.057180	-1.100292	-27.818962	-0.052530	-1.166813	-27.799052	-0.089750	-1.170669
352	4.876599	00:00:04:64	-28.007974	1.610944	-1.244384	-27.892645	1.697912	-1.156152	-28.025516	1.656508	-1.096942	-28.032903	1.542768	-1.180491	-27.960199	1.556320	-1.121448	-28.155913	1.548411	-1.102163	-27.872897	1.551022	-1.183100	-27.845764	1.528583	-0.908830	-27.961697	0.767474	-1.608563	-27.554684	1.547454	-0.693462	-28.104118	-0.052213	-2.088434	-27.576887	1.509879	-0.692138	-28.085888	-0.037411	-2.075225	-27.547426	1.536579	-0.656145	-28.103331	-0.028231	-2.080393	-28.171546	0.959807	-1.069516	-28.164480	0.967043	-1.115333	-27.818656	0.984798	-1.179432	-27.804665	0.949955	-1.214103	-28.163875	0.485263	-1.074200	-27.834521	0.463934	-1.153324	-28.135390	-0.045038	-1.028225	-28.171896	-0.076827	-1.130902	-27.800962	-0.057845	-1.140747	-27.804942	-0.117524	-1.191460
353	4.890492	00:00:04:65	-28.028566	1.635967	-1.232916	-27.916575	1.634386	-1.164396	-28.028182	1.665406	-1.112699	-27.993729	1.526848	-1.145364	-27.970546	1.562409	-1.116428	-28.130759	1.565318	-1.141559	-27.833177	1.543785	-1.162915	-27.854985	1.542832	-0.921841	-27.966243	0.752718	-1.612917	-27.569083	1.528825	-0.657655	-28.092225	-0.050151	-2.072974	-27.582227	1.522984	-0.702798	-28.070869	-0.037036	-2.078916	-27.536322	1.541695	-0.676909	-28.089653	-0.058999	-2.065823	-28.144223	1.012853	-1.058885	-28.162990	0.984173	-1.130543	-27.812069	0.982280	-1.137423	-27.817617	0.947761	-1.198396	-28.170672	0.476785	-1.111786	-27.810594	0.483427	-1.130813	-28.152837	-0.045499	-1.060189	-28.183330	-0.051976	-1.084872	-27.806471	-0.041555	-1.134284	-27.803748	-0.060205	-1.188544
354	4.904386	00:00:04:66	-27.997457	1.648717	-1.262619	-27.921781	1.680188	-1.115308	-28.047175	1.691369	-1.095964	-28.010594	1.509566	-1.163754	-27.981479	1.551271	-1.116401	-28.122921	1.555244	-1.144639	-27.872630	1.554290	-1.183826	-27.885546	1.542670	-0.911225	-27.960368	0.739284	-1.640230	-27.548062	1.523256	-0.689755	-28.112936	-0.045490	-2.075020	-27.573112	1.530286	-0.686250	-28.104925	-0.046893	-2.049837	-27.559882	1.533810	-0.709496	-28.084883	-0.047337	-2.078658	-28.135008	0.993572	-1.052093	-28.185720	0.981959	-1.137548	-27.807998	0.973525	-1.178144	-27.839722	0.940935	-1.234839	-28.165222	0.469891	-1.094545	-27.845695	0.464553	-1.130981	-28.166318	-0.048347	-1.024984	-28.183013	-0.091764	-1.099218	-27.831667	-0.045150	-1.099056	-27.836301	-0.053186	-1.230921
355	4.918279	00:00:04:67	-27.995546	1.621298	-1.253276	-27.927382	1.674392	-1.124832	-28.052489	1.699143	-1.112692	-28.003538	1.569695	-1.183198	-28.014907	1.533371	-1.125665	-28.158231	1.526904	-1.123558	-27.850007	1.559519	-1.186247	-27.863509	1.550729	-0.912791	-27.961087	0.758220	-1.627327	-27.543778	1.524934	-0.680445	-28.081341	-0.086737	-2.070615	-27.577226	1.510035	-0.687330	-28.073345	-0.061926	-2.043786	-27.590493	1.562229	-0.665941	-28.100123	-0.063479	-2.043937	-28.156270	0.971634	-1.073418	-28.176040	0.937619	-1.132879	-27.821150	0.997401	-1.147689	-27.826712	0.954606	-1.205911	-28.169985	0.448636	-1.100275	-27.794261	0.482520	-1.152358	-28.142604	-0.023842	-1.060613	-28.164547	-0.027332	-1.091252	-27.803035	-0.062100	-1.179867	-27.842385	-0.048964	-1.181711
356	4.932173	00:00:04:68	-28.023696	1.638381	-1.222255	-27.921206	1.643809	-1.122799	-28.038862	1.686423	-1.087164	-28.002433	1.561379	-1.155285	-28.018604	1.530233	-1.091635	-28.113050	1.510988	-1.108267	-27.841134	1.584391	-1.172683	-27.866950	1.548851	-0.910144	-27.956206	0.750954	-1.635285	-27.570754	1.507458	-0.682191	-28.091822	-0.057469	-2.094823	-27.559787	1.524530	-0.704627	-28.105623	-0.044943	-2.060035	-27.567860	1.536952	-0.699547	-28.089888	-0.044496	-2.030263	-28.179337	0.970730	-1.062866	-28.168273	0.954932	-1.143585	-27.808630	1.001864	-1.164426	-27.841970	0.958760	-1.218932	-28.146198	0.432029	-1.093312	-27.823476	0.465236	-1.164224	-28.143436	-0.022443	-1.060143	-28.205247	-0.069320	-1.099926	-27.824697	-0.043147	-1.140122	-27.841593	-0.036214	-1.184280
357	4.946066	00:00:04:69	-28.036904	1.612446	-1.202691	-27.915360	1.650990	-1.139970	-28.069768	1.693863	-1.115028	-27.989614	1.562667	-1.159799	-27.964049	1.547081	-1.145524	-28.134178	1.541955	-1.108905	-27.888843	1.500883	-1.196501	-27.841289	1.525315	-0.863974	-27.975130	0.734320	-1.646416	-27.583257	1.528604	-0.666346	-28.085707	-0.049530	-2.067901	-27.573864	1.495389	-0.709743	-28.094753	-0.066202	-2.069787	-27.550698	1.534793	-0.728945	-28.117486	-0.030102	-2.086973	-28.168296	0.961912	-1.044910	-28.133153	0.963906	-1.159427	-27.774497	0.998834	-1.170013	-27.803417	0.971858	-1.212496	-28.215289	0.459854	-1.071505	-27.813685	0.449237	-1.147324	-28.155166	-0.043907	-1.046857	-28.173168	-0.055152	-1.093434	-27.814952	-0.069684	-1.154802	-27.809718	-0.092125	-1.191231
358	4.959960	00:00:04:70	-28.020836	1.637351	-1.207832	-27.957009	1.652467	-1.170102	-28.081609	1.676044	-1.112616	-27.991817	1.557658	-1.157138	-27.989015	1.578000	-1.146199	-28.134022	1.533442	-1.146434	-27.845656	1.556750	-1.171795	-27.831957	1.513782	-0.901754	-27.964119	0.772701	-1.607826	-27.556086	1.530942	-0.703475	-28.086606	-0.054497	-2.050847	-27.575103	1.513636	-0.706503	-28.104332	-0.024290	-2.054082	-27.550961	1.538817	-0.711779	-28.058339	-0.039056	-2.031780	-28.161819	1.020842	-1.057834	-28.164179	0.963714	-1.161669	-27.812139	1.005292	-1.201951	-27.846041	0.971997	-1.201690	-28.195097	0.477650	-1.100290	-27.805822	0.463333	-1.209456	-28.160497	-0.048045	-1.032174	-28.170727	-0.050236	-1.090076	-27.800268	-0.014771	-1.125898	-27.819572	-0.061436	-1.213373
359	4.973853	00:00:04:71	-28.036561	1.632330	-1.243376	-27.978975	1.681762	-1.147964	-28.050906	1.666927	-1.100432	-28.017781	1.540908	-1.148460	-27.981355	1.551245	-1.128100	-28.136445	1.541519	-1.098278	-27.844932	1.532239	-1.198429	-27.834160	1.535349	-0.904434	-27.994492	0.716174	-1.664030	-27.563735	1.517011	-0.694714	-28.075763	-0.030721	-2.062200	-27.572840	1.523890	-0.701962	-28.127978	-0.063068	-2.059622	-27.569294	1.553567	-0.663483	-28.106347	-0.044814	-2.071352	-28.148698	1.009418	-1.061077	-28.151231	0.987551	-1.139219	-27.819541	0.991653	-1.164426	-27.829067	1.004749	-1.222042	-28.137790	0.463351	-1.082135	-27.813932	0.447680	-1.173701	-28.127836	-0.060587	-1.045939	-28.168221	-0.043197	-1.096044	-27.805261	-0.059035	-1.161042	-27.846418	-0.066120	-1.182672
360	4.987747	00:00:04:00	-28.000133	1.649085	-1.211088	-27.912726	1.665433	-1.137595	-28.044097	1.675886	-1.127263	-27.993479	1.538571	-1.178734	-27.972939	1.569359	-1.131389	-28.171867	1.598254	-1.154935	-27.860377	1.527426	-1.203182	-27.818919	1.541342	-0.923189	-27.950793	0.733712	-1.641599	-27.556260	1.557482	-0.678098	-28.098026	-0.022819	-2.055829	-27.562504	1.534805	-0.704500	-28.071689	-0.030966	-2.049381	-27.596268	1.518019	-0.692838	-28.059219	-0.036770	-2.062801	-28.119629	0.989312	-1.040552	-28.168971	0.960120	-1.112714	-27.821134	0.982111	-1.165341	-27.830561	0.967039	-1.193155	-28.153500	0.425264	-1.096793	-27.832550	0.462902	-1.175609	-28.168463	-0.057500	-1.048945	-28.167331	-0.069600	-1.111763	-27.824151	-0.039408	-1.159564	-27.808801	-0.035743	-1.243154
361	5.001640	00:00:05:01	-28.014476	1.637918	-1.267899	-27.910601	1.643124	-1.137609	-28.058882	1.669548	-1.090670	-27.985056	1.519732	-1.141181	-27.960940	1.551296	-1.113381	-28.150102	1.523622	-1.099969	-27.823829	1.563531	-1.198869	-27.861085	1.483117	-0.890398	-27.948586	0.752296	-1.643579	-27.563318	1.509899	-0.685831	-28.099384	-0.027092	-2.072717	-27.526407	1.547256	-0.715975	-28.113036	-0.011782	-2.060812	-27.575994	1.531008	-0.661174	-28.105470	-0.020713	-2.063452	-28.146026	0.975810	-1.055674	-28.192678	0.973405	-1.120690	-27.800119	0.979835	-1.152065	-27.820303	0.952841	-1.200962	-28.182397	0.438625	-1.074459	-27.803512	0.456825	-1.153996	-28.172104	-0.077666	-1.082007	-28.176463	-0.067650	-1.075332	-27.793317	-0.081673	-1.115452	-27.818605	-0.049866	-1.152656
362	5.015533	00:00:05:02	-28.007151	1.658063	-1.219984	-27.927981	1.654670	-1.167797	-28.033971	1.680483	-1.080171	-27.980767	1.568957	-1.170758	-27.982874	1.563274	-1.148471	-28.144855	1.534778	-1.108256	-27.832540	1.528177	-1.188594	-27.884624	1.556842	-0.916424	-27.996665	0.751299	-1.650607	-27.564861	1.547585	-0.719852	-28.094241	-0.029727	-2.055804	-27.585655	1.511997	-0.695880	-28.106027	-0.044897	-2.073269	-27.591735	1.534127	-0.718409	-28.088824	-0.049093	-2.058496	-28.163928	0.981206	-1.055311	-28.209883	0.960390	-1.149687	-27.792750	0.982306	-1.140192	-27.842576	0.945271	-1.173528	-28.171769	0.481602	-1.053551	-27.811698	0.443948	-1.165861	-28.164284	-0.060719	-1.035557	-28.160351	-0.081900	-1.120395	-27.821532	-0.035342	-1.152433	-27.852340	-0.059174	-1.231803
363	5.029427	00:00:05:03	-28.009351	1.637636	-1.227137	-27.962139	1.675105	-1.108010	-28.045563	1.708710	-1.076069	-28.012072	1.556051	-1.131512	-27.987013	1.576348	-1.160520	-28.142972	1.560957	-1.123938	-27.842115	1.550592	-1.177260	-27.849612	1.548783	-0.897815	-27.995986	0.724034	-1.620554	-27.574652	1.565402	-0.685580	-28.101925	-0.073453	-2.053163	-27.559389	1.537931	-0.713775	-28.124525	-0.039934	-2.063595	-27.534779	1.523409	-0.696367	-28.128758	-0.048923	-2.054282	-28.132650	1.000869	-1.072156	-28.166503	0.936521	-1.130573	-27.812678	0.972979	-1.128678	-27.811718	0.981262	-1.223499	-28.151634	0.417828	-1.082329	-27.797879	0.420131	-1.171274	-28.156919	-0.037309	-1.038887	-28.159139	-0.070060	-1.089460	-27.811363	-0.012008	-1.136462	-27.814152	-0.085029	-1.189336
364	5.043320	00:00:05:04	-28.031897	1.636503	-1.238566	-27.930773	1.665571	-1.152922	-28.070930	1.674015	-1.095789	-28.020443	1.529736	-1.153504	-27.993022	1.559625	-1.101015	-28.124589	1.580507	-1.116482	-27.862448	1.558604	-1.182294	-27.859786	1.545424	-0.892375	-28.011174	0.747458	-1.640279	-27.574346	1.520382	-0.690555	-28.097584	-0.027173	-2.084158	-27.553706	1.490370	-0.673063	-28.096785	-0.053565	-2.065038	-27.552828	1.529263	-0.701597	-28.100566	-0.049261	-2.088748	-28.169893	0.987966	-1.056813	-28.154119	0.961235	-1.136679	-27.779367	0.997934	-1.156128	-27.821972	0.946478	-1.225123	-28.125843	0.451668	-1.097881	-27.813324	0.453702	-1.170449	-28.162467	-0.056738	-1.034937	-28.162448	-0.071013	-1.119522	-27.836671	-0.059373	-1.137981	-27.795032	-0.063691	-1.194387
365	5.057214	00:00:05:05	-28.002916	1.656186	-1.269063	-27.931205	1.637587	-1.128011	-28.023558	1.681096	-1.095041	-28.007349	1.501037	-1.140968	-27.962528	1.573856	-1.125142	-28.147869	1.546872	-1.146708	-27.890910	1.539353	-1.168489	-27.851297	1.521421	-0.930631	-27.973385	0.756895	-1.590393	-27.553057	1.515514	-0.676765	-28.109257	-0.017860	-2.034156	-27.562678	1.530599	-0.715723	-28.094378	-0.035409	-2.047823	-27.534198	1.506670	-0.696639	-28.070031	-0.045918	-2.051981	-28.167063	0.966249	-1.045711	-28.163575	0.967063	-1.132806	-27.807241	1.014509	-1.153849	-27.820819	0.993749	-1.215657	-28.167181	0.483386	-1.102455	-27.830818	0.446724	-1.161978	-28.166946	-0.030677	-1.048104	-28.199409	-0.049971	-1.116089	-27.844850	-0.018679	-1.160948	-27.800644	-0.050700	-1.161056
366	5.071107	00:00:05:06	-28.006110	1.594118	-1.252936	-27.924584	1.698136	-1.154619	-28.049173	1.675505	-1.127461	-28.044542	1.559500	-1.142779	-27.986864	1.586692	-1.116167	-28.140775	1.562636	-1.140560	-27.844208	1.557826	-1.171466	-27.821618	1.545686	-0.905886	-27.961088	0.749536	-1.619347	-27.560392	1.564536	-0.696375	-28.104172	-0.026437	-2.075738	-27.574935	1.517670	-0.712453	-28.080072	-0.044076	-2.057462	-27.553192	1.535468	-0.683893	-28.103642	-0.050488	-2.087830	-28.167958	0.964117	-1.065158	-28.150326	0.969598	-1.109104	-27.825488	0.992313	-1.147445	-27.807592	0.949069	-1.226963	-28.177609	0.471028	-1.093178	-27.838579	0.462846	-1.184891	-28.137043	-0.038558	-1.035362	-28.175249	-0.085294	-1.106627	-27.794539	-0.062131	-1.141736	-27.821917	-0.086371	-1.188794
367	5.085001	00:00:05:07	-28.014174	1.625949	-1.232113	-27.960467	1.690019	-1.141605	-28.033939	1.659920	-1.111708	-28.018760	1.558190	-1.160685	-27.962805	1.589652	-1.106018	-28.162622	1.519506	-1.091737	-27.842750	1.537589	-1.201628	-27.833876	1.536124	-0.886425	-27.969665	0.743251	-1.620199	-27.543303	1.508176	-0.702038	-28.061120	-0.037026	-2.071911	-27.573245	1.519427	-0.688408	-28.082578	-0.007994	-2.058277	-27.583438	1.542087	-0.689784	-28.099225	-0.058522	-2.048129	-28.136718	0.965469	-1.049342	-28.165904	0.967503	-1.102719	-27.824187	0.959679	-1.174195	-27.836222	0.989683	-1.207194	-28.206900	0.482142	-1.106637	-27.821832	0.426154	-1.195945	-28.139416	-0.029453	-1.032247	-28.188860	-0.059617	-1.110174	-27.807320	-0.042545	-1.132324	-27.806331	-0.088724	-1.184923
368	5.098894	00:00:05:08	-28.016622	1.598378	-1.226662	-27.921405	1.652389	-1.125406	-28.047763	1.687953	-1.118328	-28.007982	1.531093	-1.154834	-27.997925	1.563314	-1.125218	-28.102969	1.556957	-1.071385	-27.888093	1.551736	-1.195819	-27.881203	1.569526	-0.905611	-27.952613	0.753639	-1.643310	-27.536702	1.516117	-0.723064	-28.047308	-0.075578	-2.068358	-27.578568	1.564823	-0.699105	-28.098221	-0.055721	-2.068357	-27.547018	1.547504	-0.684609	-28.099099	-0.057290	-2.077033	-28.165195	0.942593	-1.041857	-28.164919	0.950113	-1.116845	-27.813345	1.002389	-1.146869	-27.823655	0.952057	-1.207760	-28.152951	0.460259	-1.107056	-27.849796	0.432436	-1.167111	-28.171361	-0.043241	-1.051220	-28.189521	-0.083931	-1.101328	-27.809085	-0.029453	-1.121610	-27.821008	-0.070368	-1.179370
369	5.112788	00:00:05:09	-28.026400	1.624777	-1.229927	-27.944728	1.649823	-1.126842	-28.044563	1.640116	-1.096155	-28.013101	1.525181	-1.170343	-27.973204	1.558135	-1.107856	-28.123409	1.521291	-1.141360	-27.847407	1.534224	-1.209766	-27.825608	1.553687	-0.891059	-27.954105	0.718788	-1.658721	-27.536427	1.521982	-0.702377	-28.098248	-0.049589	-2.087091	-27.548278	1.552570	-0.691314	-28.101657	-0.051622	-2.067541	-27.589338	1.536139	-0.698219	-28.087389	-0.033808	-2.062195	-28.145366	0.983819	-1.043583	-28.145658	0.962607	-1.124159	-27.831881	0.996084	-1.171867	-27.825535	0.950418	-1.232527	-28.173136	0.444018	-1.108088	-27.850815	0.440452	-1.170382	-28.139194	-0.057459	-1.024860	-28.141912	-0.079671	-1.155387	-27.796575	-0.010372	-1.158936	-27.806120	-0.043521	-1.183758
370	5.126681	00:00:05:10	-28.008654	1.614480	-1.277790	-27.937109	1.650774	-1.124546	-28.034476	1.667062	-1.142449	-28.002499	1.534219	-1.170605	-27.990293	1.559276	-1.112002	-28.162665	1.545363	-1.099187	-27.839841	1.572316	-1.172018	-27.868006	1.529953	-0.909903	-28.001858	0.707516	-1.631456	-27.531232	1.541901	-0.699365	-28.117342	-0.056661	-2.025948	-27.580085	1.582092	-0.727100	-28.140628	-0.025449	-2.079204	-27.549569	1.529586	-0.694547	-28.082935	-0.026378	-2.069453	-28.182589	1.007488	-1.023602	-28.166934	1.005922	-1.123521	-27.818639	0.946099	-1.130386	-27.814855	0.960087	-1.193618	-28.154183	0.451450	-1.088679	-27.820355	0.460245	-1.207204	-28.194745	-0.025814	-1.031745	-28.187548	-0.064058	-1.104153	-27.837202	-0.064096	-1.132000	-27.811978	-0.076796	-1.164130
371	5.140574	00:00:05:11	-28.022370	1.617771	-1.242471	-27.918517	1.682786	-1.114508	-28.054415	1.681856	-1.071810	-27.997201	1.558993	-1.159589	-27.991132	1.563731	-1.107952	-28.145825	1.528562	-1.121095	-27.904662	1.557033	-1.165028	-27.856276	1.508572	-0.902407	-27.959015	0.732490	-1.632606	-27.579612	1.546668	-0.696184	-28.087379	-0.050801	-2.064491	-27.570322	1.506014	-0.681020	-28.104224	-0.077223	-2.031863	-27.537541	1.533668	-0.731782	-28.090909	-0.073966	-2.041358	-28.190034	0.970191	-1.082450	-28.181869	0.954042	-1.102883	-27.819587	0.978314	-1.158955	-27.826880	0.982332	-1.204503	-28.172596	0.469297	-1.107286	-27.800831	0.461709	-1.159660	-28.181523	-0.031044	-1.064517	-28.130488	-0.078074	-1.078742	-27.812651	-0.067694	-1.114697	-27.846044	-0.074259	-1.210039
372	5.154468	00:00:05:12	-28.025504	1.664810	-1.245879	-27.914538	1.654342	-1.170320	-28.023660	1.669282	-1.126678	-27.981772	1.564002	-1.147488	-27.962038	1.567375	-1.107674	-28.141783	1.540068	-1.110107	-27.875819	1.533554	-1.214252	-27.827440	1.520718	-0.922043	-27.956001	0.754202	-1.641192	-27.571465	1.542925	-0.736061	-28.101684	-0.070057	-2.081719	-27.561962	1.578648	-0.688508	-28.076825	-0.058675	-2.044646	-27.549709	1.535672	-0.693956	-28.092658	-0.048446	-2.085790	-28.180086	0.983315	-1.053882	-28.215668	0.951566	-1.134506	-27.777301	0.951647	-1.162171	-27.839748	0.945043	-1.206672	-28.171311	0.474699	-1.087619	-27.823374	0.454094	-1.180424	-28.141039	-0.070876	-1.051158	-28.139446	-0.066417	-1.118551	-27.814136	-0.082677	-1.154977	-27.816823	-0.084506	-1.190748
373	5.168361	00:00:05:13	-28.032390	1.624753	-1.247736	-27.950053	1.653498	-1.172826	-28.050897	1.704067	-1.089615	-27.989823	1.549455	-1.152637	-28.010611	1.543419	-1.122513	-28.125571	1.538792	-1.110342	-27.828939	1.544614	-1.205341	-27.835490	1.542802	-0.935150	-27.975936	0.755335	-1.617976	-27.517879	1.549805	-0.714328	-28.089347	-0.056937	-2.073623	-27.566500	1.530037	-0.695135	-28.110544	-0.042184	-2.065479	-27.579384	1.531549	-0.717958	-28.087291	-0.041822	-2.067351	-28.132849	1.008962	-1.068530	-28.195305	0.944854	-1.141968	-27.799034	0.992379	-1.147138	-27.821499	0.921646	-1.212266	-28.171241	0.494586	-1.081491	-27.812733	0.453308	-1.174307	-28.102110	-0.059905	-1.050589	-28.180955	-0.037260	-1.067794	-27.800814	-0.058723	-1.105362	-27.805643	-0.069164	-1.203537
374	5.182255	00:00:05:14	-28.048229	1.635165	-1.260729	-27.940636	1.689270	-1.132417	-28.030285	1.678767	-1.075320	-28.016445	1.573156	-1.174059	-27.964939	1.555716	-1.110067	-28.125950	1.520403	-1.117232	-27.862515	1.552520	-1.204615	-27.852173	1.503671	-0.915041	-27.981678	0.764311	-1.645268	-27.548991	1.507910	-0.728064	-28.103573	-0.029566	-2.056858	-27.543968	1.536756	-0.710317	-28.112275	-0.069898	-2.072953	-27.543349	1.530839	-0.679016	-28.110701	-0.091074	-2.048493	-28.140410	0.970954	-1.093020	-28.180134	1.010398	-1.118963	-27.825607	0.962785	-1.154775	-27.831702	0.975127	-1.240806	-28.137755	0.453986	-1.067121	-27.790421	0.469348	-1.155748	-28.110741	-0.044432	-1.032676	-28.188627	-0.088890	-1.124412	-27.823850	-0.062935	-1.141538	-27.830466	-0.089703	-1.211486
375	5.196148	00:00:05:15	-28.024023	1.644514	-1.243084	-27.922571	1.655505	-1.168792	-28.037480	1.691560	-1.127222	-27.975859	1.551335	-1.168810	-27.971446	1.554683	-1.130996	-28.125412	1.539291	-1.129133	-27.861445	1.542042	-1.197602	-27.857767	1.551843	-0.924721	-27.979739	0.733067	-1.635264	-27.530959	1.511006	-0.702831	-28.078807	-0.046884	-2.037639	-27.554962	1.536853	-0.723430	-28.101996	-0.050475	-2.080242	-27.561967	1.554212	-0.717623	-28.103079	-0.032600	-2.072706	-28.152084	0.966617	-1.048298	-28.165857	0.937705	-1.109307	-27.823785	1.003798	-1.197308	-27.849065	0.953425	-1.217130	-28.170032	0.481129	-1.068954	-27.824763	0.484357	-1.135686	-28.160505	-0.038538	-1.039192	-28.152575	-0.060635	-1.092466	-27.789614	-0.012366	-1.113486	-27.815409	-0.075520	-1.185470
376	5.210042	00:00:05:16	-27.974705	1.643321	-1.234130	-27.972089	1.675301	-1.110657	-28.028413	1.666473	-1.113874	-28.012504	1.535353	-1.166046	-27.984606	1.586906	-1.094017	-28.134098	1.546243	-1.134065	-27.870797	1.509517	-1.142815	-27.823485	1.550399	-0.924110	-27.970386	0.743716	-1.628139	-27.592783	1.511639	-0.692422	-28.133301	-0.055689	-2.059874	-27.560081	1.516287	-0.710679	-28.072006	-0.048319	-2.060847	-27.559573	1.525832	-0.718731	-28.098633	-0.025767	-2.078918	-28.160908	0.977658	-1.089287	-28.149863	0.978794	-1.139386	-27.799915	1.008656	-1.188593	-27.827865	0.959212	-1.189337	-28.172528	0.465590	-1.093779	-27.822076	0.472544	-1.189677	-28.173505	-0.038636	-1.043290	-28.159419	-0.091509	-1.104067	-27.820844	-0.033046	-1.145335	-27.845920	-0.069602	-1.181320
377	5.223935	00:00:05:17	-28.004426	1.645289	-1.246472	-27.921433	1.659914	-1.130010	-28.066419	1.667645	-1.138572	-27.980580	1.556543	-1.155250	-27.991113	1.544258	-1.131010	-28.132926	1.527794	-1.111447	-27.843824	1.539652	-1.169109	-27.856878	1.513979	-0.915364	-27.990965	0.748196	-1.609699	-27.515841	1.550415	-0.701972	-28.102841	-0.018246	-2.046835	-27.578362	1.549491	-0.700735	-28.102236	-0.021397	-2.059417	-27.562083	1.507233	-0.720892	-28.078521	-0.037059	-2.052392	-28.156575	0.968760	-1.064941	-28.160488	0.939841	-1.132086	-27.812991	1.005618	-1.174408	-27.808847	0.962974	-1.207752	-28.167512	0.461789	-1.077776	-27.826550	0.468566	-1.150313	-28.173864	-0.073866	-1.012255	-28.155695	-0.115192	-1.109446	-27.848625	-0.079221	-1.117469	-27.838996	-0.093270	-1.209959
378	5.237829	00:00:05:18	-28.048262	1.621132	-1.260085	-27.942543	1.689361	-1.174294	-28.019242	1.654436	-1.120165	-27.987084	1.511264	-1.146857	-27.990697	1.560834	-1.083171	-28.141271	1.552979	-1.135036	-27.830032	1.570464	-1.192620	-27.859876	1.553665	-0.908979	-27.931608	0.736506	-1.601764	-27.558391	1.564314	-0.690888	-28.049933	-0.051285	-2.050854	-27.555675	1.537731	-0.703063	-28.064094	-0.061940	-2.047997	-27.559730	1.527038	-0.714981	-28.089997	-0.046481	-2.064154	-28.150406	0.959944	-1.048855	-28.194802	0.976756	-1.136323	-27.824386	0.979107	-1.171502	-27.821808	0.947102	-1.197112	-28.180342	0.446215	-1.085182	-27.810459	0.477853	-1.172816	-28.121902	-0.049359	-1.018740	-28.158946	-0.049414	-1.103454	-27.830448	-0.042241	-1.119964	-27.827403	-0.097413	-1.193459
379	5.251722	00:00:05:19	-28.006686	1.650403	-1.223131	-27.888695	1.674525	-1.138422	-28.040495	1.687373	-1.164524	-28.010967	1.547724	-1.178814	-27.961304	1.524210	-1.125155	-28.120219	1.550758	-1.100315	-27.831047	1.560602	-1.199444	-27.843536	1.522543	-0.925879	-27.966237	0.768218	-1.623591	-27.547053	1.562898	-0.663814	-28.085917	-0.038364	-2.061461	-27.534960	1.522009	-0.696192	-28.102425	-0.032055	-2.066252	-27.560594	1.539134	-0.687665	-28.070644	-0.048884	-2.055637	-28.116683	0.995239	-1.067895	-28.153965	0.930395	-1.127954	-27.827419	1.004394	-1.149867	-27.817264	0.979707	-1.229276	-28.190773	0.472589	-1.084702	-27.838645	0.433676	-1.161654	-28.153384	-0.063934	-1.041675	-28.173044	-0.082565	-1.119638	-27.819749	-0.065630	-1.138703	-27.837224	-0.078744	-1.232353
380	5.265615	00:00:05:20	-28.025585	1.621965	-1.236647	-27.926401	1.630716	-1.168712	-28.072157	1.680503	-1.126150	-28.002702	1.524198	-1.135129	-27.983231	1.555437	-1.144307	-28.128369	1.547454	-1.070806	-27.869176	1.584845	-1.192217	-27.862289	1.544245	-0.925981	-27.953085	0.744906	-1.628181	-27.568416	1.555337	-0.688162	-28.082054	-0.080035	-2.096528	-27.551481	1.526655	-0.679451	-28.054724	-0.032856	-2.055988	-27.521616	1.533577	-0.699800	-28.077419	-0.045538	-2.083042	-28.134719	0.986793	-1.064006	-28.161241	0.972480	-1.119263	-27.793663	0.956249	-1.139903	-27.799503	0.951211	-1.205807	-28.168480	0.466679	-1.104023	-27.850620	0.467678	-1.178677	-28.138981	-0.041851	-1.080567	-28.176472	-0.083266	-1.083809	-27.803485	-0.027036	-1.122280	-27.823629	-0.090236	-1.228440
381	5.279509	00:00:05:21	-28.003407	1.632322	-1.238724	-27.927784	1.669128	-1.143680	-28.067719	1.670963	-1.097593	-28.016308	1.545632	-1.134643	-27.988004	1.568958	-1.116207	-28.106412	1.531335	-1.106674	-27.873366	1.559397	-1.225011	-27.824342	1.561147	-0.935073	-27.987078	0.734118	-1.638357	-27.562129	1.529715	-0.715568	-28.121701	-0.015637	-2.044025	-27.547711	1.508935	-0.696983	-28.086083	0.005728	-2.083150	-27.532820	1.543600	-0.705002	-28.120899	-0.014630	-2.088461	-28.170255	0.983837	-1.070976	-28.154982	0.980031	-1.110976	-27.788949	0.981138	-1.158434	-27.842806	0.988871	-1.204748	-28.134211	0.469493	-1.064966	-27.821077	0.454231	-1.170583	-28.163009	-0.028884	-1.052232	-28.185613	-0.088231	-1.080899	-27.797502	-0.053191	-1.141007	-27.836542	-0.076757	-1.182313
382	5.293402	00:00:05:22	-28.016038	1.651752	-1.227010	-27.943160	1.657758	-1.151580	-28.063247	1.673521	-1.081261	-27.971980	1.533236	-1.153098	-27.965934	1.577849	-1.122265	-28.111147	1.562228	-1.108087	-27.831894	1.531313	-1.231526	-27.826380	1.549468	-0.903789	-27.965431	0.745761	-1.621450	-27.534429	1.525842	-0.682181	-28.066224	-0.034330	-2.067944	-27.586051	1.566642	-0.686916	-28.053586	-0.077725	-2.064493	-27.557273	1.552530	-0.697709	-28.112613	-0.062971	-2.067935	-28.171796	1.001600	-1.065793	-28.186481	0.962117	-1.116859	-27.837792	0.961560	-1.156151	-27.822050	0.947735	-1.220214	-28.167672	0.461890	-1.076046	-27.845865	0.451550	-1.203547	-28.155983	-0.061286	-1.016990	-28.128779	-0.094042	-1.104990	-27.839488	-0.033172	-1.135115	-27.805933	-0.042014	-1.177509
383	5.307296	00:00:05:23	-28.011616	1.632689	-1.235044	-27.937694	1.666839	-1.186765	-28.031050	1.669898	-1.116538	-28.001933	1.551875	-1.172673	-27.980216	1.570607	-1.099094	-28.146635	1.536592	-1.127948	-27.866340	1.544626	-1.216357	-27.841582	1.549307	-0.907097	-27.979413	0.727457	-1.614686	-27.537163	1.536072	-0.736928	-28.084362	-0.054799	-2.066878	-27.521575	1.512090	-0.699825	-28.069222	-0.059025	-2.074331	-27.565615	1.559597	-0.708437	-28.117415	-0.058638	-2.060080	-28.134958	0.974403	-1.093966	-28.190228	0.958423	-1.118228	-27.807139	0.952862	-1.167392	-27.833492	0.958069	-1.244070	-28.181022	0.443809	-1.100638	-27.851941	0.442299	-1.156849	-28.150083	-0.052558	-1.009777	-28.128761	-0.060463	-1.087883	-27.833062	-0.062371	-1.133670	-27.835676	-0.046036	-1.223119
384	5.321189	00:00:05:24	-27.997380	1.613346	-1.233049	-27.959309	1.697423	-1.126786	-28.031240	1.673597	-1.126342	-27.992550	1.570526	-1.142297	-27.959954	1.554137	-1.115925	-28.118474	1.529621	-1.127736	-27.865460	1.543573	-1.212156	-27.859401	1.541629	-0.917259	-27.992563	0.786209	-1.612818	-27.555390	1.557081	-0.741977	-28.069517	-0.045974	-2.069409	-27.562644	1.525770	-0.702131	-28.075864	-0.037100	-2.085274	-27.562853	1.542968	-0.699840	-28.099509	-0.077868	-2.072634	-28.139973	0.975504	-1.046715	-28.183474	0.985155	-1.133255	-27.825326	0.978711	-1.175329	-27.828907	0.939678	-1.227962	-28.154784	0.481609	-1.091038	-27.810639	0.460916	-1.138475	-28.166928	-0.031481	-1.035292	-28.191719	-0.082819	-1.123614	-27.807261	-0.037876	-1.129680	-27.806734	-0.082223	-1.208934
385	5.335083	00:00:05:25	-28.009190	1.675226	-1.219996	-27.923828	1.679672	-1.135936	-28.024593	1.657424	-1.115374	-27.980042	1.511902	-1.181154	-27.969030	1.548582	-1.134193	-28.158588	1.547870	-1.111918	-27.843030	1.542247	-1.188656	-27.856073	1.550502	-0.916326	-28.000954	0.755877	-1.648137	-27.572933	1.537602	-0.686527	-28.114036	-0.053571	-2.048819	-27.542305	1.542376	-0.696459	-28.087369	-0.044043	-2.066270	-27.536564	1.506665	-0.684864	-28.099545	-0.042405	-2.085686	-28.162041	0.972272	-1.053494	-28.162513	0.970374	-1.127817	-27.793110	0.992142	-1.155287	-27.829019	0.964570	-1.209648	-28.166209	0.444380	-1.105771	-27.814178	0.434966	-1.173127	-28.175148	-0.056964	-1.037549	-28.153048	-0.061512	-1.114052	-27.804688	-0.033308	-1.154888	-27.810562	-0.072174	-1.216544
386	5.348976	00:00:05:26	-27.997611	1.611487	-1.225913	-27.943894	1.663926	-1.136798	-28.074151	1.676403	-1.096474	-27.999950	1.553023	-1.148404	-28.009531	1.570591	-1.143169	-28.162794	1.571980	-1.091096	-27.860157	1.530256	-1.210846	-27.846780	1.530454	-0.931683	-27.954471	0.739786	-1.616928	-27.499841	1.522164	-0.732539	-28.113935	-0.029938	-2.035232	-27.533572	1.516753	-0.703755	-28.085230	-0.069711	-2.079976	-27.564326	1.556811	-0.697530	-28.090192	-0.025287	-2.044726	-28.163497	0.980083	-1.046273	-28.184000	1.010798	-1.126406	-27.813219	1.007861	-1.161563	-27.820408	0.951864	-1.224420	-28.175082	0.429607	-1.067725	-27.829907	0.439326	-1.203524	-28.165175	-0.017115	-1.026813	-28.134776	-0.024403	-1.100604	-27.840361	-0.028978	-1.174940	-27.813440	-0.053669	-1.202336
387	5.362870	00:00:05:27	-27.996217	1.637825	-1.202028	-27.920065	1.658631	-1.135368	-28.039984	1.675569	-1.094441	-27.963076	1.545343	-1.140871	-27.986986	1.560024	-1.118595	-28.138859	1.525277	-1.144053	-27.860390	1.516650	-1.161735	-27.832567	1.529062	-0.916317	-27.950996	0.739159	-1.649512	-27.551846	1.516290	-0.720777	-28.085195	-0.048523	-2.068430	-27.551401	1.544316	-0.715040	-28.107451	-0.061111	-2.057606	-27.529533	1.545570	-0.707803	-28.082552	-0.064072	-2.075908	-28.159984	0.968351	-1.021462	-28.162706	0.937820	-1.114900	-27.833396	0.999326	-1.185209	-27.812716	0.932299	-1.219369	-28.158372	0.450454	-1.073506	-27.792948	0.467942	-1.199929	-28.155198	-0.072890	-1.057914	-28.177158	-0.048327	-1.101799	-27.798027	-0.027779	-1.150921	-27.849818	-0.042604	-1.202535
388	5.376763	00:00:05:28	-27.986981	1.643087	-1.227900	-27.913686	1.703470	-1.168640	-28.033754	1.676504	-1.106223	-28.012316	1.531278	-1.148643	-27.953667	1.551600	-1.090492	-28.141571	1.570373	-1.129795	-27.855620	1.552105	-1.201626	-27.815177	1.518373	-0.936306	-27.949214	0.757617	-1.610392	-27.554011	1.541369	-0.718462	-28.085209	-0.069975	-2.079245	-27.563490	1.528814	-0.717268	-28.072469	-0.050160	-2.074732	-27.554573	1.537367	-0.710678	-28.099375	-0.054189	-2.093523	-28.168963	0.979496	-1.048494	-28.190261	0.928464	-1.129177	-27.796297	0.977343	-1.177189	-27.832609	0.932221	-1.218859	-28.136783	0.432092	-1.119070	-27.833002	0.466746	-1.169252	-28.177628	-0.071990	-1.040347	-28.172225	-0.081199	-1.094518	-27.803237	-0.039463	-1.130628	-27.817418	-0.028240	-1.196281
389	5.390656	00:00:05:29	-28.020905	1.623727	-1.228670	-27.936068	1.686091	-1.158482	-28.026237	1.668209	-1.093225	-27.956140	1.558509	-1.117677	-27.958042	1.553780	-1.114200	-28.141786	1.540544	-1.100949	-27.847611	1.560378	-1.209842	-27.848202	1.543492	-0.944212	-27.970043	0.761039	-1.644867	-27.552519	1.538523	-0.724265	-28.084770	-0.038342	-2.038565	-27.524057	1.488414	-0.693261	-28.114246	-0.026025	-2.106249	-27.528107	1.550280	-0.732296	-28.085061	-0.051168	-2.074193	-28.141955	1.001272	-1.057596	-28.133257	0.976800	-1.133506	-27.821891	0.978566	-1.168710	-27.819330	0.978348	-1.207290	-28.159975	0.438858	-1.078939	-27.826238	0.449648	-1.194696	-28.143141	-0.034090	-1.034979	-28.197747	-0.067032	-1.080086	-27.846741	-0.038655	-1.149568	-27.799983	-0.083535	-1.213570
390	5.404550	00:00:05:30	-28.004876	1.616251	-1.241896	-27.904530	1.643360	-1.150718	-28.066920	1.685551	-1.073630	-27.997155	1.541826	-1.166680	-27.987444	1.567970	-1.096135	-28.142487	1.528097	-1.083695	-27.835037	1.534195	-1.201481	-27.851064	1.522286	-0.926383	-27.992819	0.760258	-1.635364	-27.548693	1.495790	-0.693883	-28.099647	-0.048073	-2.034276	-27.543873	1.513790	-0.696303	-28.088425	-0.036215	-2.072368	-27.580080	1.526421	-0.721528	-28.097529	-0.015706	-2.114808	-28.181918	0.970804	-1.042019	-28.154384	0.966095	-1.109381	-27.819666	0.980815	-1.161495	-27.838040	0.960053	-1.229716	-28.154877	0.462210	-1.078885	-27.820553	0.468597	-1.194292	-28.132132	-0.067564	-1.021271	-28.170955	-0.060546	-1.102860	-27.834063	-0.041568	-1.140251	-27.802828	-0.075754	-1.162317
391	5.418443	00:00:05:31	-28.019091	1.622585	-1.227734	-27.965725	1.686178	-1.172448	-28.059612	1.684362	-1.112873	-27.999679	1.537641	-1.170222	-27.972411	1.531553	-1.105377	-28.135504	1.519013	-1.112811	-27.843439	1.543060	-1.192794	-27.856957	1.566614	-0.906675	-27.965423	0.771095	-1.676335	-27.566231	1.543178	-0.725774	-28.115491	-0.033082	-2.046485	-27.513349	1.550264	-0.690011	-28.087679	-0.065929	-2.086543	-27.544664	1.550223	-0.712488	-28.107213	-0.037898	-2.098043	-28.168839	1.012026	-1.014048	-28.189062	0.953516	-1.089567	-27.807302	0.989307	-1.185134	-27.852542	0.959627	-1.182114	-28.161182	0.450124	-1.112266	-27.823830	0.464489	-1.201653	-28.151373	-0.031368	-1.026529	-28.163502	-0.084232	-1.089490	-27.791377	-0.071806	-1.135972	-27.812331	-0.070606	-1.203567
392	5.432337	00:00:05:32	-28.044969	1.663925	-1.212862	-27.907545	1.667623	-1.125978	-28.055463	1.673151	-1.119261	-27.997593	1.526569	-1.199580	-27.987232	1.555370	-1.110425	-28.177188	1.545701	-1.113065	-27.870038	1.584963	-1.236557	-27.818418	1.542292	-0.886405	-27.975169	0.746020	-1.641337	-27.519212	1.535042	-0.687764	-28.132821	-0.041481	-2.051571	-27.546156	1.533428	-0.737652	-28.089491	-0.067455	-2.091012	-27.562877	1.580789	-0.733833	-28.119656	-0.073432	-2.045373	-28.143426	0.974786	-1.087998	-28.129827	0.964605	-1.088962	-27.821866	0.998418	-1.174208	-27.837390	0.972222	-1.218745	-28.192744	0.503065	-1.095275	-27.827859	0.450133	-1.157759	-28.139305	-0.022387	-1.035762	-28.173586	-0.074151	-1.124682	-27.821536	-0.053100	-1.139952	-27.799249	-0.060952	-1.189805
393	5.446230	00:00:05:33	-28.012760	1.617336	-1.218589	-27.920488	1.677983	-1.143838	-28.043715	1.685663	-1.079770	-27.977576	1.546162	-1.171381	-27.996554	1.539276	-1.118954	-28.157378	1.547971	-1.111186	-27.848277	1.558934	-1.161025	-27.842773	1.518842	-0.896412	-27.977336	0.762646	-1.613842	-27.527259	1.509144	-0.749644	-28.102983	-0.022808	-2.061545	-27.564779	1.541506	-0.713621	-28.128672	-0.045513	-2.045826	-27.542420	1.545563	-0.696850	-28.133477	-0.056978	-2.071418	-28.166619	0.961829	-1.084457	-28.169147	0.961008	-1.148040	-27.804215	0.986826	-1.141844	-27.848126	0.985545	-1.171776	-28.174222	0.440586	-1.105595	-27.807331	0.441364	-1.193774	-28.158231	-0.029711	-1.036556	-28.166057	-0.036264	-1.095813	-27.830580	-0.036537	-1.121385	-27.842285	-0.030242	-1.196129
394	5.460124	00:00:05:34	-28.025424	1.633398	-1.242650	-27.911333	1.658799	-1.180493	-28.052677	1.690152	-1.111394	-28.000815	1.566093	-1.170194	-27.970882	1.557813	-1.092040	-28.127206	1.569647	-1.128232	-27.834655	1.554910	-1.164359	-27.845396	1.565403	-0.926168	-27.968921	0.728003	-1.613315	-27.550720	1.523328	-0.698032	-28.088189	-0.039832	-2.054699	-27.529647	1.506978	-0.731205	-28.123310	-0.044185	-2.039422	-27.531967	1.545424	-0.721029	-28.094956	-0.040953	-2.053808	-28.124566	0.993017	-1.053262	-28.167720	0.932018	-1.101086	-27.829032	0.965087	-1.157001	-27.830018	0.935517	-1.205492	-28.155962	0.475144	-1.090860	-27.826249	0.482034	-1.210623	-28.176635	-0.055561	-1.029963	-28.170742	-0.055913	-1.111227	-27.820167	-0.048593	-1.131025	-27.805443	-0.023299	-1.214531
395	5.474017	00:00:05:35	-28.027785	1.608216	-1.227341	-27.950435	1.678957	-1.126809	-28.031364	1.651087	-1.108291	-27.998563	1.553495	-1.172951	-27.951193	1.554396	-1.096948	-28.157414	1.539239	-1.131682	-27.833134	1.507005	-1.191878	-27.852389	1.560823	-0.954650	-27.992782	0.763870	-1.647051	-27.537071	1.518345	-0.705359	-28.107052	-0.018229	-2.085472	-27.543563	1.536335	-0.709394	-28.096788	-0.044938	-2.073303	-27.536847	1.515786	-0.727110	-28.099474	-0.038460	-2.058318	-28.169313	0.984065	-1.074839	-28.162798	0.971162	-1.128545	-27.790938	0.978668	-1.177827	-27.830562	0.964807	-1.211496	-28.191320	0.445138	-1.055231	-27.818312	0.446864	-1.195713	-28.165188	-0.020817	-1.056370	-28.151868	-0.082137	-1.074698	-27.824163	-0.040549	-1.165591	-27.817756	-0.057730	-1.189430
396	5.487911	00:00:05:36	-28.012144	1.610054	-1.206287	-27.898066	1.677898	-1.144671	-28.061595	1.664655	-1.103062	-27.995378	1.545774	-1.140798	-27.997868	1.548114	-1.133810	-28.121755	1.548322	-1.117587	-27.868187	1.553474	-1.224563	-27.857274	1.529967	-0.944921	-27.964929	0.753388	-1.629463	-27.534154	1.525543	-0.706880	-28.116584	-0.028198	-2.061936	-27.542943	1.527263	-0.736711	-28.071193	-0.027053	-2.065405	-27.530757	1.523272	-0.699455	-28.083352	-0.041383	-2.061850	-28.152012	0.988294	-1.084326	-28.190197	0.967900	-1.095679	-27.781633	0.997038	-1.179886	-27.815706	0.967661	-1.213277	-28.174428	0.455738	-1.072523	-27.839685	0.434133	-1.176267	-28.143178	-0.054876	-1.037808	-28.175406	-0.084266	-1.113035	-27.817715	-0.062839	-1.140207	-27.807480	-0.065907	-1.171480
397	5.501804	00:00:05:37	-28.016261	1.636081	-1.230719	-27.941289	1.679162	-1.157326	-28.002794	1.663107	-1.105404	-28.004171	1.570353	-1.171788	-27.986932	1.546247	-1.091817	-28.112413	1.547576	-1.115115	-27.848570	1.538403	-1.175326	-27.835587	1.525595	-0.926062	-27.985892	0.756796	-1.641688	-27.573428	1.520818	-0.721202	-28.092919	-0.074834	-2.061597	-27.568483	1.546591	-0.722497	-28.087998	-0.048392	-2.080260	-27.574449	1.552496	-0.714863	-28.104491	-0.030232	-2.063916	-28.136936	0.993112	-1.059759	-28.170470	0.917531	-1.136372	-27.836592	0.953497	-1.145677	-27.856623	0.948126	-1.211399	-28.170513	0.448958	-1.064406	-27.796681	0.454090	-1.205862	-28.128351	-0.040311	-1.058358	-28.196145	-0.068840	-1.108546	-27.799111	-0.044178	-1.161674	-27.840714	-0.082926	-1.195965
398	5.515697	00:00:05:38	-28.039216	1.655237	-1.249558	-27.890916	1.667740	-1.150353	-28.039401	1.652450	-1.109550	-27.981968	1.558478	-1.144691	-27.970570	1.556867	-1.092476	-28.136379	1.541020	-1.127517	-27.869700	1.566580	-1.212492	-27.823688	1.531171	-0.930800	-28.002689	0.776425	-1.657320	-27.573534	1.500404	-0.712526	-28.089228	-0.022225	-2.061885	-27.499425	1.526542	-0.704068	-28.106128	-0.052741	-2.018520	-27.531852	1.556184	-0.728893	-28.098962	-0.047718	-2.064380	-28.183819	0.979221	-1.075196	-28.165981	0.989481	-1.083354	-27.795587	0.965952	-1.209072	-27.870867	0.976139	-1.202411	-28.170778	0.473590	-1.069364	-27.770675	0.470818	-1.164949	-28.136779	-0.033373	-1.032277	-28.151887	-0.068461	-1.076438	-27.792862	-0.045371	-1.139170	-27.820892	-0.046633	-1.231967
399	5.529591	00:00:05:39	-28.012515	1.617665	-1.221408	-27.903902	1.669892	-1.131214	-28.040246	1.664334	-1.111136	-28.001636	1.587693	-1.148520	-27.972226	1.543753	-1.108916	-28.111667	1.544929	-1.121274	-27.829368	1.525015	-1.202125	-27.788260	1.512216	-0.945740	-27.974386	0.763860	-1.607195	-27.547106	1.520078	-0.727842	-28.084252	-0.037915	-2.031855	-27.550882	1.555164	-0.728138	-28.093712	-0.033509	-2.076036	-27.526597	1.506626	-0.695517	-28.125374	-0.034302	-2.066927	-28.143214	0.993378	-1.084580	-28.145011	0.945219	-1.136999	-27.831496	1.015944	-1.163895	-27.829040	0.986271	-1.180113	-28.173392	0.465486	-1.078459	-27.826599	0.490573	-1.189148	-28.127493	-0.051350	-1.058575	-28.181280	-0.043789	-1.092001	-27.804570	-0.048611	-1.119765	-27.828910	-0.079198	-1.193248
400	5.543484	00:00:05:40	-28.000927	1.625099	-1.263284	-27.948912	1.678704	-1.160915	-28.058079	1.664010	-1.096229	-27.978162	1.529108	-1.113463	-28.015633	1.585333	-1.099618	-28.147499	1.565336	-1.118408	-27.857608	1.572354	-1.203341	-27.850823	1.558062	-0.957140	-27.995329	0.779727	-1.625592	-27.567165	1.530399	-0.706011	-28.100863	-0.038718	-2.067190	-27.542169	1.517173	-0.691671	-28.086727	-0.043909	-2.070786	-27.526762	1.537110	-0.682519	-28.085458	-0.049719	-2.053816	-28.182248	0.994553	-1.059312	-28.170831	0.980447	-1.111331	-27.824745	0.996437	-1.176782	-27.801762	0.976994	-1.235271	-28.136202	0.439631	-1.094046	-27.797651	0.480380	-1.184818	-28.166142	-0.036599	-1.054255	-28.203910	-0.065437	-1.104752	-27.798861	-0.034062	-1.157156	-27.801808	-0.083112	-1.168420
401	5.557378	00:00:05:41	-28.028814	1.629287	-1.248627	-27.956730	1.632833	-1.135434	-28.043189	1.641147	-1.093086	-28.015221	1.562508	-1.137990	-27.987045	1.520074	-1.112168	-28.148637	1.552717	-1.128033	-27.848865	1.519797	-1.213932	-27.858112	1.551255	-0.945243	-27.994993	0.721334	-1.621802	-27.533839	1.539998	-0.697821	-28.081161	-0.020575	-2.057709	-27.568399	1.553405	-0.709801	-28.092194	-0.056590	-2.083863	-27.533263	1.509598	-0.693173	-28.096895	-0.033391	-2.089729	-28.143626	1.006758	-1.049488	-28.179092	0.982109	-1.121267	-27.798525	0.990332	-1.169880	-27.818310	0.940760	-1.219291	-28.134072	0.458302	-1.084120	-27.825599	0.459159	-1.187326	-28.155554	-0.045091	-1.027933	-28.169842	-0.085002	-1.085823	-27.801006	-0.063333	-1.184669	-27.825875	-0.069094	-1.210482
402	5.571271	00:00:05:42	-28.028517	1.616622	-1.224511	-27.933713	1.689528	-1.161115	-28.041696	1.646056	-1.112624	-28.003028	1.548775	-1.150999	-27.989418	1.578940	-1.116532	-28.148397	1.512797	-1.120496	-27.824359	1.549767	-1.191081	-27.859035	1.523888	-0.912919	-27.959195	0.727934	-1.643181	-27.525553	1.528490	-0.722628	-28.100597	-0.048396	-2.062437	-27.537462	1.520449	-0.703649	-28.108140	-0.030116	-2.090410	-27.520318	1.540734	-0.699589	-28.083312	-0.045920	-2.038818	-28.136388	0.957450	-1.065442	-28.169609	0.965235	-1.133012	-27.809736	0.984918	-1.174171	-27.841788	0.948799	-1.200790	-28.122830	0.460315	-1.037070	-27.834307	0.463232	-1.172286	-28.133929	-0.037718	-1.036806	-28.180588	-0.047540	-1.126062	-27.825121	-0.045662	-1.112595	-27.837057	-0.079248	-1.194902
403	5.585165	00:00:05:43	-28.014594	1.620747	-1.250034	-27.913197	1.644577	-1.120545	-28.040516	1.700495	-1.090670	-28.011445	1.516186	-1.172345	-27.950856	1.537548	-1.121981	-28.133009	1.519248	-1.106576	-27.860455	1.531531	-1.195192	-27.853664	1.571820	-0.918625	-27.932455	0.754026	-1.633384	-27.580328	1.552499	-0.729282	-28.095737	-0.038733	-2.038489	-27.529220	1.491295	-0.699507	-28.111537	-0.039475	-2.062818	-27.559360	1.525579	-0.724458	-28.094657	-0.049533	-2.055936	-28.179672	0.986150	-1.031566	-28.168312	0.948000	-1.086268	-27.828006	0.970345	-1.180047	-27.811742	0.946151	-1.215567	-28.152619	0.485563	-1.076785	-27.845565	0.435705	-1.179119	-28.163942	-0.081055	-1.057473	-28.150883	-0.089219	-1.091598	-27.832126	-0.063339	-1.153265	-27.818016	-0.065014	-1.215557
404	5.599058	00:00:05:44	-28.001666	1.637218	-1.236131	-27.938146	1.665747	-1.118634	-28.032257	1.688010	-1.090063	-27.986357	1.507525	-1.171456	-27.990575	1.561282	-1.132308	-28.121623	1.555504	-1.103534	-27.863398	1.558783	-1.188460	-27.827205	1.516178	-0.912924	-28.006916	0.736865	-1.612305	-27.569696	1.553939	-0.703481	-28.098416	-0.038475	-2.081515	-27.549617	1.509694	-0.730589	-28.071044	-0.031818	-2.049009	-27.549206	1.546734	-0.711303	-28.101168	-0.017098	-2.071104	-28.141141	0.973760	-1.053241	-28.176098	0.956656	-1.132283	-27.817075	0.975936	-1.144071	-27.846572	0.989223	-1.208128	-28.185297	0.438980	-1.061729	-27.833469	0.455386	-1.191091	-28.151856	-0.030390	-1.017947	-28.145726	-0.068001	-1.089820	-27.815729	-0.043877	-1.122437	-27.811559	-0.069569	-1.180861
405	5.612952	00:00:05:45	-28.049212	1.599403	-1.253808	-27.896667	1.671157	-1.144818	-28.047926	1.686067	-1.071993	-27.960457	1.537633	-1.164215	-28.006350	1.562958	-1.125580	-28.170323	1.540276	-1.105122	-27.864069	1.540529	-1.209234	-27.784555	1.560465	-0.917590	-27.986646	0.771131	-1.623489	-27.526825	1.557079	-0.721896	-28.080427	-0.033072	-2.061907	-27.545790	1.545426	-0.706333	-28.092264	-0.049278	-2.033478	-27.541612	1.559504	-0.718743	-28.098916	-0.045428	-2.059013	-28.137994	0.971323	-1.081553	-28.144667	0.959712	-1.090766	-27.793431	0.977513	-1.156252	-27.812796	0.965425	-1.224058	-28.172423	0.439344	-1.075509	-27.832452	0.465789	-1.165242	-28.182059	-0.032734	-1.019772	-28.178517	-0.091651	-1.090812	-27.851375	-0.035117	-1.135459	-27.821014	-0.073880	-1.180380
406	5.626845	00:00:05:46	-28.029731	1.667846	-1.223459	-27.919886	1.666934	-1.155778	-28.063754	1.670500	-1.112031	-28.006711	1.508313	-1.149769	-27.995364	1.575880	-1.107656	-28.137161	1.563683	-1.101948	-27.864045	1.528041	-1.225952	-27.823704	1.531517	-0.921852	-27.969956	0.710174	-1.630519	-27.536120	1.559171	-0.714465	-28.120680	-0.056230	-2.073983	-27.532970	1.550500	-0.687363	-28.085620	-0.050918	-2.074248	-27.557626	1.506352	-0.742074	-28.098526	-0.028203	-2.050948	-28.153161	0.987793	-1.054491	-28.171113	0.958112	-1.120289	-27.814435	0.995028	-1.177004	-27.833063	0.965814	-1.233790	-28.140721	0.463147	-1.082915	-27.796578	0.477793	-1.200216	-28.149325	-0.054493	-1.029442	-28.167316	-0.058132	-1.105691	-27.814340	-0.043951	-1.163200	-27.815804	-0.053723	-1.234914
407	5.640738	00:00:05:47	-28.010901	1.616734	-1.231990	-27.956025	1.667192	-1.154324	-28.051349	1.651015	-1.133778	-28.003135	1.555326	-1.140740	-27.970976	1.533712	-1.107356	-28.099969	1.526523	-1.087303	-27.859716	1.551102	-1.217643	-27.824582	1.528919	-0.926426	-27.948162	0.733169	-1.631654	-27.580188	1.526974	-0.734534	-28.098049	-0.032826	-2.062640	-27.555631	1.536626	-0.740051	-28.070172	-0.105615	-2.075052	-27.564885	1.541483	-0.721447	-28.120533	-0.015176	-2.037847	-28.150807	0.942638	-1.057443	-28.149089	0.970143	-1.125190	-27.797106	0.987923	-1.172351	-27.843020	0.951858	-1.208846	-28.155185	0.441355	-1.108882	-27.804981	0.481775	-1.201763	-28.180921	-0.033673	-1.027129	-28.157326	-0.083980	-1.087630	-27.791538	-0.079310	-1.150831	-27.834248	-0.043544	-1.182750
408	5.654632	00:00:05:48	-28.040205	1.630382	-1.237826	-27.927583	1.686281	-1.145925	-28.034245	1.698931	-1.098150	-28.037198	1.533761	-1.167474	-28.014261	1.542096	-1.134568	-28.093209	1.569668	-1.117300	-27.849663	1.494005	-1.208489	-27.831090	1.500577	-0.892094	-27.995698	0.763516	-1.629113	-27.525167	1.537033	-0.742960	-28.068048	-0.026436	-2.040409	-27.522685	1.511084	-0.725460	-28.069220	-0.057843	-2.065226	-27.559703	1.528339	-0.740508	-28.110107	-0.069150	-2.080906	-28.141892	0.991400	-1.024760	-28.204289	0.957796	-1.121029	-27.796184	0.993862	-1.152482	-27.825614	0.958645	-1.240533	-28.202847	0.465118	-1.074187	-27.820881	0.485172	-1.216703	-28.123595	-0.032009	-1.000717	-28.134931	-0.065599	-1.075870	-27.822029	-0.061584	-1.148635	-27.815333	-0.073226	-1.200039
409	5.668525	00:00:05:49	-28.024778	1.635148	-1.210719	-27.917037	1.697970	-1.127333	-28.061560	1.671930	-1.074923	-27.995789	1.558210	-1.196156	-27.965771	1.553160	-1.109945	-28.139707	1.513474	-1.127384	-27.871893	1.531314	-1.199608	-27.851063	1.533188	-0.896881	-27.942160	0.726093	-1.620916	-27.542213	1.544790	-0.744871	-28.091436	-0.044614	-2.052364	-27.575961	1.566444	-0.739446	-28.077568	-0.042022	-2.056533	-27.518331	1.525290	-0.720164	-28.056791	0.017588	-2.081034	-28.130946	0.993792	-1.056490	-28.161450	0.972843	-1.082511	-27.812839	0.987755	-1.167146	-27.819762	0.939618	-1.198935	-28.189643	0.471301	-1.057796	-27.789666	0.453202	-1.171610	-28.171470	-0.031975	-1.048452	-28.171129	-0.050223	-1.078143	-27.792938	-0.049788	-1.132090	-27.816704	-0.079000	-1.213338
410	5.682419	00:00:05:50	-28.022552	1.631907	-1.238319	-27.908791	1.685594	-1.126189	-28.047729	1.663523	-1.079940	-27.994431	1.547593	-1.180795	-27.991207	1.560937	-1.122778	-28.139554	1.527643	-1.086026	-27.874760	1.561083	-1.182334	-27.829660	1.526100	-0.886928	-27.964158	0.759647	-1.645691	-27.552111	1.529538	-0.734704	-28.114002	-0.016974	-2.056631	-27.512425	1.573261	-0.696553	-28.095639	-0.050721	-2.083185	-27.527611	1.533378	-0.735455	-28.088531	-0.060380	-2.054931	-28.145825	0.962449	-1.039948	-28.171870	0.910041	-1.136246	-27.824073	0.990842	-1.209622	-27.844236	0.937370	-1.223948	-28.162539	0.488267	-1.081739	-27.862215	0.477324	-1.207160	-28.154412	-0.024457	-1.030048	-28.156152	-0.050131	-1.094061	-27.826617	-0.046182	-1.171294	-27.824900	-0.059170	-1.222899
411	5.696312	00:00:05:51	-28.026305	1.637115	-1.233470	-27.949094	1.676317	-1.149785	-28.055172	1.656629	-1.108148	-28.025806	1.550380	-1.165682	-27.958082	1.554359	-1.118332	-28.136616	1.545714	-1.111803	-27.849963	1.525360	-1.231826	-27.859323	1.532417	-0.913938	-27.958761	0.777488	-1.641074	-27.557846	1.507765	-0.736399	-28.089119	-0.049828	-2.075728	-27.534921	1.541306	-0.715179	-28.059597	-0.048054	-2.044669	-27.535510	1.541885	-0.689386	-28.102167	-0.053598	-2.059071	-28.165492	0.932314	-1.091458	-28.161917	0.950866	-1.126131	-27.804841	0.962693	-1.180505	-27.849029	0.958970	-1.234113	-28.170443	0.456682	-1.093005	-27.824008	0.432119	-1.186953	-28.155241	-0.022753	-1.033269	-28.163313	-0.057237	-1.113661	-27.793768	-0.045287	-1.160613	-27.838778	-0.071391	-1.167390
412	5.710206	00:00:05:52	-28.008894	1.618067	-1.260507	-27.893749	1.658765	-1.134902	-28.001491	1.694650	-1.106570	-27.981430	1.546745	-1.129938	-28.010603	1.540289	-1.114649	-28.134199	1.576001	-1.069731	-27.867067	1.511888	-1.192068	-27.795488	1.547542	-0.915875	-27.969071	0.745500	-1.635045	-27.506581	1.526122	-0.714175	-28.102678	-0.042619	-2.057522	-27.561227	1.528426	-0.723561	-28.087608	-0.091494	-2.075426	-27.519922	1.515999	-0.704466	-28.088162	-0.049246	-2.059004	-28.185422	1.011815	-1.077071	-28.162556	0.997602	-1.111135	-27.793295	0.963356	-1.178662	-27.805420	0.990577	-1.200507	-28.162919	0.473280	-1.073357	-27.791401	0.471766	-1.177253	-28.151146	-0.053259	-1.021439	-28.159561	-0.075021	-1.065419	-27.803658	-0.095994	-1.147083	-27.851565	-0.044333	-1.205696
413	5.724099	00:00:05:53	-28.011525	1.597772	-1.242878	-27.906409	1.682267	-1.129519	-28.033726	1.669180	-1.116753	-28.001142	1.543773	-1.149888	-28.002156	1.544478	-1.138493	-28.121865	1.540450	-1.126678	-27.849699	1.580469	-1.219040	-27.833972	1.529799	-0.910320	-27.988787	0.763549	-1.621625	-27.540168	1.532773	-0.740366	-28.083931	-0.040302	-2.080268	-27.517848	1.511121	-0.718012	-28.085094	-0.052447	-2.071320	-27.491183	1.531189	-0.709214	-28.085979	-0.035231	-2.063886	-28.201224	0.970165	-1.071464	-28.185442	0.982935	-1.105161	-27.801499	0.982086	-1.147344	-27.844037	0.944104	-1.227657	-28.166460	0.459543	-1.045263	-27.830504	0.455208	-1.174860	-28.172937	-0.026847	-1.031478	-28.144221	-0.053672	-1.131130	-27.794320	-0.088914	-1.157633	-27.833300	-0.094951	-1.187405
414	5.737993	00:00:05:54	-27.974893	1.621858	-1.225337	-27.930463	1.705116	-1.126089	-28.065105	1.645906	-1.090944	-27.998721	1.542398	-1.141854	-28.002673	1.538265	-1.157028	-28.127277	1.573304	-1.134210	-27.798350	1.563947	-1.211978	-27.834628	1.581176	-0.928640	-27.938697	0.745897	-1.630642	-27.575744	1.561640	-0.725261	-28.063431	-0.033909	-2.070930	-27.536588	1.556301	-0.702860	-28.092498	-0.044196	-2.049866	-27.550492	1.562751	-0.745936	-28.099799	-0.049326	-2.049562	-28.172516	0.985775	-1.034056	-28.150532	0.967765	-1.095738	-27.802595	0.969167	-1.143611	-27.826802	0.982486	-1.242803	-28.154287	0.422048	-1.066687	-27.817967	0.447261	-1.171599	-28.157894	-0.058690	-1.074782	-28.170102	-0.078613	-1.109511	-27.820066	-0.041089	-1.147776	-27.863552	-0.078962	-1.242617
415	5.751886	00:00:05:55	-28.022545	1.603930	-1.264152	-27.945212	1.695424	-1.149151	-28.047859	1.695775	-1.086606	-27.995509	1.555771	-1.140039	-27.979497	1.557476	-1.138073	-28.128445	1.547428	-1.107914	-27.879804	1.538425	-1.208419	-27.852607	1.538457	-0.929431	-27.992410	0.717612	-1.629149	-27.527538	1.529404	-0.717085	-28.119451	-0.031271	-2.084602	-27.572122	1.535450	-0.728975	-28.093033	-0.024604	-2.090387	-27.527216	1.521275	-0.726759	-28.115945	-0.016359	-2.061053	-28.154020	0.977454	-1.058500	-28.143680	0.950823	-1.133590	-27.797124	1.014655	-1.197334	-27.822996	0.941444	-1.212847	-28.134311	0.444766	-1.082683	-27.805367	0.440435	-1.195396	-28.118324	-0.021926	-1.049303	-28.177901	-0.076952	-1.081163	-27.813248	-0.016930	-1.147884	-27.821224	-0.076969	-1.206512
416	5.765779	00:00:05:56	-27.993264	1.654693	-1.236864	-27.905803	1.653099	-1.168799	-28.053341	1.658949	-1.081914	-27.991992	1.566539	-1.163070	-27.987312	1.565660	-1.139007	-28.116142	1.534614	-1.131960	-27.886637	1.522980	-1.243102	-27.868954	1.558061	-0.936333	-27.952883	0.739218	-1.638136	-27.547733	1.518149	-0.750264	-28.140934	-0.009937	-2.070916	-27.512437	1.536909	-0.745257	-28.077725	-0.033238	-2.034773	-27.537213	1.505491	-0.747338	-28.069214	-0.046110	-2.061818	-28.136000	1.020782	-1.025066	-28.180566	0.923433	-1.073322	-27.834462	0.970364	-1.154040	-27.812651	0.957331	-1.228730	-28.165506	0.447278	-1.075114	-27.825267	0.453690	-1.186733	-28.173814	-0.025136	-1.040643	-28.164451	-0.065584	-1.108244	-27.800825	-0.043538	-1.138393	-27.805209	-0.072898	-1.220512
417	5.779673	00:00:05:57	-28.046875	1.639390	-1.234481	-27.915315	1.659738	-1.169821	-28.047660	1.670496	-1.143421	-27.991383	1.553684	-1.138478	-27.963797	1.533843	-1.166303	-28.130543	1.506847	-1.073073	-27.879503	1.527247	-1.201349	-27.866046	1.557721	-0.895149	-27.964608	0.756181	-1.634316	-27.565291	1.511631	-0.697521	-28.086360	-0.051235	-2.029537	-27.553927	1.529121	-0.720715	-28.094281	-0.061922	-2.042439	-27.565453	1.513244	-0.728700	-28.091053	-0.065366	-2.060288	-28.141343	0.980628	-1.060402	-28.143888	0.961684	-1.102026	-27.821191	0.997605	-1.198897	-27.813088	0.937976	-1.210024	-28.146091	0.432991	-1.089862	-27.813897	0.484579	-1.201168	-28.146776	-0.024996	-1.029123	-28.176628	-0.057250	-1.061917	-27.792132	-0.030085	-1.142682	-27.805717	-0.045395	-1.191852
418	5.793566	00:00:05:58	-28.015154	1.605208	-1.229408	-27.943083	1.683062	-1.181138	-28.086158	1.666265	-1.141629	-27.996156	1.536618	-1.152639	-27.985527	1.568619	-1.118624	-28.097935	1.586029	-1.124447	-27.839367	1.567968	-1.203374	-27.836037	1.557446	-0.901565	-27.954647	0.780870	-1.643256	-27.514756	1.542403	-0.713993	-28.084817	-0.048405	-2.068769	-27.513926	1.534625	-0.719217	-28.095503	-0.047544	-2.092090	-27.543356	1.492370	-0.731563	-28.099808	-0.030975	-2.038516	-28.111225	0.975120	-1.049707	-28.169902	0.943632	-1.090017	-27.830224	0.978184	-1.130653	-27.839764	1.001823	-1.215732	-28.142543	0.454221	-1.088337	-27.839210	0.456756	-1.184464	-28.162902	-0.028635	-1.015352	-28.173680	-0.035057	-1.110005	-27.814182	-0.045413	-1.167362	-27.846033	-0.068504	-1.177709
419	5.807460	00:00:05:59	-28.013989	1.627468	-1.232756	-27.913296	1.648380	-1.126277	-28.039024	1.685318	-1.104946	-27.992777	1.565415	-1.156652	-28.002925	1.568816	-1.109981	-28.142094	1.567932	-1.107374	-27.857911	1.566045	-1.233704	-27.832664	1.533014	-0.935409	-27.951603	0.685834	-1.642452	-27.511270	1.492280	-0.712359	-28.086550	0.000273	-2.093464	-27.533097	1.544243	-0.723494	-28.072661	-0.050007	-2.056907	-27.529350	1.530627	-0.730521	-28.087391	-0.043718	-2.045712	-28.175618	0.989638	-1.057983	-28.182479	0.954360	-1.130397	-27.799597	0.992161	-1.167312	-27.845987	0.957727	-1.225768	-28.176635	0.470535	-1.137183	-27.822377	0.468388	-1.166694	-28.176433	-0.061191	-1.027774	-28.174617	-0.045296	-1.092316	-27.814244	-0.033288	-1.168811	-27.859475	-0.037362	-1.225490
420	5.821353	00:00:05:60	-28.017943	1.647534	-1.241562	-27.923724	1.667541	-1.136485	-28.046003	1.655030	-1.117527	-27.996551	1.558417	-1.149065	-27.977389	1.540540	-1.100279	-28.152962	1.563437	-1.115350	-27.855492	1.550513	-1.179877	-27.810892	1.533944	-0.907332	-27.964770	0.730734	-1.640071	-27.508139	1.521103	-0.745318	-28.073616	-0.026051	-2.066395	-27.525904	1.528980	-0.735725	-28.074911	-0.008454	-2.078351	-27.522993	1.522501	-0.740697	-28.088517	-0.039285	-2.085831	-28.172758	0.966785	-1.041214	-28.156887	0.939050	-1.131036	-27.793660	0.984403	-1.163186	-27.826355	0.941485	-1.233476	-28.167970	0.441449	-1.051217	-27.794784	0.446845	-1.175919	-28.153134	-0.049278	-1.031277	-28.157437	-0.045995	-1.124323	-27.771357	-0.050516	-1.144423	-27.828624	-0.083250	-1.222161
421	5.835247	00:00:05:61	-28.023990	1.645916	-1.210273	-27.928583	1.688275	-1.133433	-28.051862	1.675511	-1.123355	-27.973028	1.545414	-1.155069	-27.991108	1.545018	-1.132277	-28.111784	1.551719	-1.117901	-27.887863	1.541508	-1.178317	-27.832122	1.509035	-0.919148	-28.007206	0.779263	-1.602890	-27.527381	1.526236	-0.753590	-28.086755	-0.049398	-2.040661	-27.519220	1.553629	-0.710385	-28.080596	-0.052220	-2.081115	-27.533142	1.518133	-0.720019	-28.083315	-0.042972	-2.093162	-28.156865	0.953702	-1.048503	-28.176353	0.954317	-1.106768	-27.843074	0.960191	-1.166338	-27.844873	0.979000	-1.270252	-28.140728	0.450449	-1.077824	-27.831220	0.476532	-1.163500	-28.124322	-0.029796	-1.013999	-28.182777	-0.059102	-1.094307	-27.806157	-0.053281	-1.152298	-27.819916	-0.077245	-1.205375
422	5.849140	00:00:05:62	-28.038372	1.648139	-1.191574	-27.914391	1.647822	-1.134077	-28.037285	1.685309	-1.125297	-27.979599	1.555253	-1.167679	-27.939816	1.536284	-1.118818	-28.120327	1.539706	-1.113095	-27.851633	1.550194	-1.203263	-27.824527	1.540045	-0.926856	-27.975335	0.718878	-1.653837	-27.531116	1.536065	-0.711462	-28.101439	-0.035063	-2.050449	-27.507561	1.517550	-0.729699	-28.100045	-0.044298	-2.073470	-27.534312	1.545326	-0.729371	-28.090574	-0.063449	-2.018482	-28.148912	0.977502	-1.062889	-28.170394	0.950156	-1.103126	-27.842290	0.996445	-1.207547	-27.843172	0.942610	-1.209307	-28.140468	0.460851	-1.088949	-27.847650	0.457788	-1.169999	-28.171718	-0.042124	-1.010376	-28.161795	-0.062656	-1.078803	-27.833536	-0.049857	-1.144318	-27.830355	-0.110108	-1.215820
423	5.863034	00:00:05:63	-28.029091	1.619998	-1.223853	-27.953453	1.666752	-1.157900	-28.013512	1.684966	-1.103623	-27.981737	1.552301	-1.156386	-27.957167	1.563331	-1.148634	-28.150186	1.536397	-1.138379	-27.851328	1.529721	-1.205260	-27.825169	1.492961	-0.928915	-27.965267	0.781352	-1.605999	-27.534416	1.524691	-0.752482	-28.119694	-0.038270	-2.065104	-27.533949	1.540578	-0.727652	-28.109171	-0.043256	-2.072840	-27.551973	1.558809	-0.711217	-28.100175	-0.033695	-2.054310	-28.155456	1.009381	-1.072201	-28.164345	0.955534	-1.121735	-27.811957	0.992905	-1.170650	-27.851704	0.966019	-1.244769	-28.147817	0.455216	-1.087976	-27.791952	0.457469	-1.178598	-28.140549	-0.057245	-1.040233	-28.168783	-0.093851	-1.114252	-27.788015	-0.054081	-1.171255	-27.835287	-0.103179	-1.195361
424	5.876927	00:00:05:64	-28.004813	1.628487	-1.277813	-27.931018	1.645389	-1.154861	-28.095366	1.668805	-1.087433	-28.011747	1.535529	-1.143259	-27.969201	1.555111	-1.071589	-28.139337	1.540263	-1.103912	-27.837809	1.524018	-1.250543	-27.817519	1.542302	-0.933593	-27.988789	0.737397	-1.622675	-27.504387	1.533405	-0.719893	-28.095565	-0.059387	-2.045520	-27.526359	1.527149	-0.706625	-28.137855	-0.065649	-2.068864	-27.537992	1.528591	-0.716951	-28.068609	-0.057988	-2.046792	-28.166292	0.960853	-1.053019	-28.136880	0.945407	-1.118778	-27.830546	0.979624	-1.184319	-27.841136	0.973501	-1.214289	-28.155203	0.444638	-1.045972	-27.804095	0.426703	-1.198262	-28.171016	-0.044800	-1.034511	-28.139335	-0.034224	-1.084550	-27.792496	-0.050649	-1.129621	-27.810849	-0.071450	-1.193157
425	5.890820	00:00:05:65	-28.031114	1.648088	-1.269156	-27.933421	1.648070	-1.151537	-28.067919	1.670957	-1.109977	-27.991138	1.520609	-1.152798	-27.968566	1.547248	-1.133607	-28.131176	1.552275	-1.090859	-27.841007	1.506850	-1.217881	-27.830891	1.570523	-0.922359	-27.971896	0.747742	-1.663951	-27.530687	1.547399	-0.731004	-28.112014	-0.042677	-2.064353	-27.533414	1.529032	-0.692463	-28.102757	-0.056836	-2.051873	-27.531411	1.556752	-0.709603	-28.096336	-0.045743	-2.070242	-28.176305	0.956614	-1.088825	-28.165425	0.958570	-1.112796	-27.824110	0.971272	-1.154050	-27.834308	0.966771	-1.231242	-28.161672	0.435482	-1.086980	-27.794478	0.455335	-1.180075	-28.162304	-0.017550	-1.066093	-28.164896	-0.033585	-1.069395	-27.804126	-0.004444	-1.183264	-27.850445	-0.051541	-1.202054
426	5.904714	00:00:05:66	-28.013035	1.646989	-1.259573	-27.938894	1.639420	-1.156754	-28.033374	1.667266	-1.105295	-28.007867	1.512862	-1.144947	-27.972283	1.572483	-1.091003	-28.145522	1.530336	-1.113265	-27.870574	1.558597	-1.167513	-27.808459	1.543653	-0.915692	-27.990908	0.766093	-1.611080	-27.539856	1.493991	-0.749443	-28.086493	-0.063861	-2.043132	-27.562243	1.533237	-0.752688	-28.098487	-0.037379	-2.068286	-27.517057	1.554925	-0.747113	-28.082144	-0.062657	-2.079220	-28.167387	0.996111	-1.031254	-28.198001	0.967043	-1.085436	-27.828415	0.987072	-1.188007	-27.812083	0.962881	-1.219219	-28.141256	0.467630	-1.047479	-27.829363	0.440653	-1.169540	-28.151803	-0.025391	-1.044754	-28.133817	-0.077643	-1.108268	-27.796461	-0.062223	-1.161365	-27.800160	-0.065235	-1.203091
427	5.918607	00:00:05:67	-28.005778	1.599684	-1.224713	-27.904816	1.692030	-1.197433	-28.027533	1.659471	-1.095179	-27.971005	1.546704	-1.123824	-27.983990	1.546103	-1.157123	-28.143837	1.544575	-1.094338	-27.845613	1.548415	-1.194718	-27.822094	1.527979	-0.890798	-28.016261	0.776272	-1.616421	-27.513882	1.584445	-0.734678	-28.072103	-0.065690	-2.040605	-27.482131	1.553679	-0.716351	-28.115628	-0.040319	-2.068306	-27.543783	1.527325	-0.716345	-28.111369	-0.021561	-2.051409	-28.183976	0.982662	-1.089234	-28.181945	0.978620	-1.087070	-27.799320	0.979269	-1.184559	-27.833623	0.951020	-1.214137	-28.134790	0.471498	-1.062371	-27.839801	0.429943	-1.200152	-28.129303	-0.039779	-1.028114	-28.199406	-0.049137	-1.080668	-27.808442	-0.081573	-1.151837	-27.813847	-0.052751	-1.209137
428	5.932501	00:00:05:68	-27.988604	1.616239	-1.223209	-27.932354	1.679028	-1.152333	-28.043308	1.662444	-1.121916	-28.004870	1.519624	-1.175059	-27.982734	1.541089	-1.116227	-28.160600	1.537556	-1.123017	-27.838817	1.549719	-1.199019	-27.842182	1.566960	-0.906714	-27.989334	0.773692	-1.636801	-27.516248	1.562732	-0.729426	-28.092363	-0.049871	-2.116851	-27.528674	1.550036	-0.731719	-28.092942	-0.039825	-2.056483	-27.560639	1.550871	-0.721320	-28.101153	-0.061327	-2.045084	-28.175455	0.974102	-1.032530	-28.159681	0.934418	-1.074674	-27.775063	0.975135	-1.171548	-27.834463	0.971506	-1.224994	-28.115845	0.452747	-1.053667	-27.800432	0.455351	-1.211915	-28.143882	-0.062087	-1.028359	-28.155009	-0.059755	-1.080017	-27.816128	-0.034681	-1.122069	-27.814593	-0.047792	-1.166645
429	5.946394	00:00:05:69	-28.023175	1.666342	-1.269451	-27.923002	1.659528	-1.145192	-28.046441	1.659214	-1.112374	-27.984000	1.563158	-1.147720	-28.010912	1.546480	-1.100167	-28.146087	1.566404	-1.108899	-27.837444	1.535569	-1.200370	-27.835601	1.559149	-0.914510	-27.969751	0.746053	-1.655757	-27.500812	1.519559	-0.749621	-28.089443	-0.034759	-2.053456	-27.490542	1.529739	-0.749057	-28.114569	-0.059511	-2.039211	-27.530117	1.532593	-0.735076	-28.110178	-0.028434	-2.044656	-28.128589	0.988636	-1.073075	-28.192755	0.984362	-1.131432	-27.794484	0.969939	-1.204446	-27.831366	0.959164	-1.229126	-28.175838	0.455435	-1.055536	-27.830371	0.466615	-1.212616	-28.133987	-0.031284	-1.054100	-28.171628	-0.053912	-1.112749	-27.794483	-0.039096	-1.168179	-27.832570	-0.074067	-1.213498
430	5.960288	00:00:05:70	-27.997406	1.640562	-1.220463	-27.943837	1.678352	-1.143334	-28.014999	1.684216	-1.117472	-27.995815	1.550288	-1.156702	-27.972558	1.529302	-1.119047	-28.112109	1.585646	-1.133727	-27.851693	1.539106	-1.220157	-27.819361	1.544307	-0.923598	-27.989870	0.757909	-1.622456	-27.510006	1.555738	-0.724990	-28.095939	-0.045088	-2.060280	-27.535360	1.522026	-0.754604	-28.100238	-0.052904	-2.052315	-27.522631	1.538455	-0.739359	-28.069596	-0.062024	-2.060268	-28.143758	0.972491	-1.028742	-28.153302	0.963480	-1.109951	-27.819059	1.001468	-1.172542	-27.837942	0.954102	-1.224030	-28.146549	0.473542	-1.042610	-27.821889	0.476599	-1.178430	-28.120242	-0.062461	-1.046282	-28.158202	-0.072675	-1.077213	-27.774831	-0.037450	-1.158054	-27.838677	-0.044041	-1.188505
431	5.974181	00:00:05:71	-28.024024	1.625354	-1.251438	-27.932622	1.650167	-1.127349	-28.071221	1.643731	-1.119179	-28.018584	1.543957	-1.140414	-27.980415	1.541357	-1.121575	-28.142847	1.561334	-1.090507	-27.861022	1.528207	-1.181353	-27.825940	1.532234	-0.944933	-28.011599	0.730077	-1.631883	-27.545168	1.517362	-0.727263	-28.090653	-0.070972	-2.037864	-27.528553	1.546367	-0.756702	-28.112608	-0.028866	-2.072203	-27.528776	1.529901	-0.738893	-28.095181	-0.048109	-2.035904	-28.134983	1.015747	-1.037214	-28.187543	0.972320	-1.124465	-27.781732	0.980612	-1.118749	-27.827054	0.959768	-1.223570	-28.186075	0.459381	-1.074528	-27.798701	0.434741	-1.178422	-28.141451	-0.079417	-1.044317	-28.162771	-0.046783	-1.086892	-27.839773	-0.070931	-1.176186	-27.812309	-0.070445	-1.187818
432	5.988075	00:00:05:00	-28.009346	1.654991	-1.245247	-27.946370	1.646953	-1.133210	-28.057484	1.691570	-1.102835	-27.997977	1.548066	-1.144067	-27.977873	1.556901	-1.122071	-28.114753	1.522812	-1.122683	-27.865704	1.518614	-1.206848	-27.842890	1.538175	-0.950248	-27.983042	0.760263	-1.626167	-27.531517	1.524106	-0.751112	-28.115322	-0.027616	-2.058725	-27.532347	1.551125	-0.765505	-28.091196	-0.063530	-2.025900	-27.521696	1.528177	-0.737501	-28.124402	-0.027166	-2.090631	-28.143176	0.962344	-1.062405	-28.147397	0.964421	-1.123262	-27.820575	0.982146	-1.163774	-27.823806	0.955280	-1.200912	-28.140406	0.463471	-1.067999	-27.803104	0.453466	-1.192760	-28.150983	-0.056024	-1.033287	-28.190156	-0.036452	-1.088124	-27.824848	-0.027335	-1.139221	-27.828535	-0.051205	-1.221433
433	6.001968	00:00:06:01	-28.009578	1.600857	-1.219998	-27.921933	1.674905	-1.160255	-28.045115	1.674914	-1.120994	-27.987617	1.572586	-1.168787	-27.968867	1.547320	-1.137320	-28.118538	1.555742	-1.134750	-27.833407	1.526599	-1.213759	-27.814089	1.513735	-0.899103	-27.951775	0.735450	-1.622270	-27.526686	1.514091	-0.736679	-28.113113	-0.049505	-2.051292	-27.538082	1.493941	-0.749074	-28.090057	-0.024763	-2.053236	-27.512752	1.557361	-0.718625	-28.086318	-0.050591	-2.048415	-28.135967	0.933372	-1.038065	-28.155340	0.956640	-1.121034	-27.809711	0.990815	-1.158868	-27.834279	0.954119	-1.258240	-28.168305	0.466566	-1.082421	-27.831880	0.499202	-1.176800	-28.171147	-0.037815	-1.050670	-28.167680	-0.062486	-1.076955	-27.788806	-0.026093	-1.169805	-27.813313	-0.080992	-1.229516
434	6.015861	00:00:06:02	-27.992271	1.628590	-1.244923	-27.913816	1.680178	-1.119474	-28.039431	1.667940	-1.098637	-27.973302	1.557367	-1.110590	-27.981724	1.519743	-1.111149	-28.161294	1.543761	-1.092449	-27.877531	1.535767	-1.186443	-27.831421	1.530094	-0.938347	-27.986164	0.767590	-1.639266	-27.522570	1.538055	-0.754198	-28.074874	-0.046826	-2.071617	-27.536246	1.522255	-0.736101	-28.085280	-0.048930	-2.054440	-27.527702	1.538289	-0.744160	-28.105534	-0.050218	-2.062878	-28.142452	1.008546	-1.031909	-28.178755	0.959113	-1.103355	-27.822463	0.976678	-1.172821	-27.798777	0.958878	-1.206389	-28.138462	0.425939	-1.077190	-27.824721	0.469735	-1.178009	-28.141349	-0.032496	-1.018111	-28.168731	-0.074275	-1.069069	-27.805469	-0.007526	-1.138257	-27.827780	-0.050986	-1.205932
435	6.029755	00:00:06:03	-28.007963	1.654515	-1.264584	-27.952580	1.644774	-1.165332	-28.019213	1.659891	-1.123667	-28.011819	1.498315	-1.129956	-27.977812	1.546358	-1.141903	-28.125396	1.530556	-1.122028	-27.873660	1.537776	-1.221455	-27.823892	1.535090	-0.928954	-27.988174	0.769624	-1.622659	-27.531689	1.537887	-0.723194	-28.081253	-0.051168	-2.056560	-27.507450	1.548085	-0.720571	-28.101628	-0.061419	-2.054532	-27.515527	1.566276	-0.704640	-28.100790	-0.052355	-2.067124	-28.148275	0.977848	-1.063511	-28.166094	0.943779	-1.135515	-27.820430	0.973435	-1.159264	-27.857173	0.934072	-1.213820	-28.150966	0.436004	-1.092050	-27.825390	0.454471	-1.169557	-28.145058	-0.074551	-1.042626	-28.153177	-0.058439	-1.067556	-27.804120	-0.061616	-1.130685	-27.828251	-0.065233	-1.190290
436	6.043648	00:00:06:04	-28.024338	1.633726	-1.208257	-27.941867	1.668015	-1.134281	-28.037197	1.689901	-1.117431	-27.997531	1.534825	-1.198111	-28.002417	1.563483	-1.130251	-28.120968	1.527001	-1.088398	-27.867699	1.547037	-1.207931	-27.840572	1.558653	-0.884799	-27.977561	0.746092	-1.619268	-27.525985	1.524730	-0.743993	-28.117967	-0.068183	-2.072616	-27.508681	1.530056	-0.706816	-28.083025	-0.027293	-2.057387	-27.531434	1.509831	-0.713723	-28.102781	-0.042215	-2.091896	-28.144722	0.985318	-1.094294	-28.165888	0.982538	-1.091166	-27.809968	0.972165	-1.176411	-27.826378	0.937357	-1.221825	-28.162926	0.463756	-1.103215	-27.834362	0.436005	-1.181469	-28.152254	-0.053166	-1.013015	-28.142802	-0.069752	-1.050767	-27.821628	-0.018413	-1.165993	-27.818964	-0.034053	-1.177127
437	6.057542	00:00:06:05	-28.022421	1.626970	-1.225533	-27.925966	1.629436	-1.178231	-28.038426	1.680955	-1.099337	-28.027509	1.526973	-1.165420	-27.968245	1.569329	-1.137931	-28.138720	1.545398	-1.117244	-27.855484	1.523175	-1.208831	-27.818058	1.545493	-0.939023	-27.949751	0.761436	-1.630000	-27.533821	1.526224	-0.773356	-28.076614	-0.043407	-2.018221	-27.525874	1.549538	-0.756454	-28.117609	-0.034850	-2.079564	-27.529683	1.521045	-0.708396	-28.107939	-0.047411	-2.054671	-28.127482	0.985315	-1.090750	-28.190930	0.975370	-1.115779	-27.837877	0.957720	-1.183544	-27.828647	0.975883	-1.231644	-28.143956	0.456495	-1.068336	-27.837938	0.461604	-1.197840	-28.143962	-0.053641	-1.046261	-28.158723	-0.088853	-1.130512	-27.805131	-0.014225	-1.118823	-27.868579	-0.051681	-1.222708
438	6.071435	00:00:06:06	-28.030000	1.631126	-1.226222	-27.924439	1.653419	-1.115268	-28.037719	1.670280	-1.103208	-27.944078	1.554019	-1.149560	-27.967117	1.553009	-1.144819	-28.113318	1.531531	-1.105493	-27.837898	1.543339	-1.205187	-27.828006	1.518460	-0.919520	-27.980901	0.759762	-1.639583	-27.550855	1.551362	-0.716396	-28.058145	-0.049330	-2.044191	-27.516394	1.492780	-0.731372	-28.083531	-0.043529	-2.099669	-27.560705	1.543954	-0.745128	-28.110414	-0.051689	-2.072957	-28.172197	0.943823	-1.043285	-28.144525	0.942309	-1.081044	-27.822530	0.968483	-1.204353	-27.816595	1.000237	-1.184620	-28.185718	0.446137	-1.095641	-27.824843	0.452982	-1.183335	-28.129680	-0.033166	-1.045779	-28.178656	-0.041428	-1.086026	-27.842484	-0.076973	-1.099034	-27.850422	-0.068373	-1.219547
439	6.085329	00:00:06:07	-28.007886	1.615984	-1.244794	-27.943533	1.646168	-1.150610	-28.040931	1.678752	-1.086968	-27.974291	1.528315	-1.140722	-27.986945	1.547625	-1.085878	-28.125361	1.539761	-1.093385	-27.859786	1.516709	-1.200198	-27.860793	1.512411	-0.921673	-27.983204	0.748664	-1.645344	-27.538020	1.544272	-0.755548	-28.087395	-0.006773	-2.047205	-27.502351	1.492237	-0.755661	-28.084557	-0.065108	-2.057766	-27.525117	1.502775	-0.753344	-28.102502	-0.044401	-2.066922	-28.131914	0.957373	-1.051392	-28.139129	0.982624	-1.145801	-27.806331	1.006737	-1.166385	-27.823058	0.934869	-1.257594	-28.135521	0.489336	-1.075460	-27.837530	0.454339	-1.164069	-28.115171	-0.063923	-1.015628	-28.186618	-0.103741	-1.075406	-27.803378	-0.025482	-1.147938	-27.815167	-0.050850	-1.212724
440	6.099222	00:00:06:08	-28.040140	1.640502	-1.222802	-27.925725	1.688557	-1.137510	-28.038403	1.664059	-1.105942	-28.015753	1.549292	-1.162230	-27.995753	1.580570	-1.136228	-28.117483	1.532607	-1.116188	-27.833889	1.567197	-1.223920	-27.826370	1.564188	-0.919799	-27.955132	0.732762	-1.643719	-27.505468	1.517594	-0.724260	-28.097818	-0.045721	-2.061354	-27.539819	1.533090	-0.750009	-28.107657	-0.018867	-2.060662	-27.498373	1.518864	-0.745030	-28.080044	-0.044692	-2.064580	-28.131099	0.962795	-1.054777	-28.140374	0.978618	-1.109000	-27.850352	1.004747	-1.154590	-27.820778	0.966072	-1.223699	-28.143933	0.487862	-1.047201	-27.832999	0.492727	-1.188905	-28.140382	-0.057691	-1.032355	-28.184660	-0.045824	-1.091409	-27.810844	-0.049514	-1.159440	-27.853756	-0.036577	-1.185004
441	6.113116	00:00:06:09	-28.021242	1.650624	-1.231496	-27.952213	1.665615	-1.141549	-28.023209	1.670065	-1.135808	-27.992116	1.561066	-1.167655	-27.977914	1.568944	-1.115397	-28.153781	1.547069	-1.065581	-27.881562	1.559764	-1.227028	-27.850510	1.516063	-0.916133	-27.991261	0.745362	-1.634099	-27.541645	1.554168	-0.729770	-28.077661	-0.017989	-2.068551	-27.508647	1.544482	-0.740349	-28.088942	-0.017060	-2.040409	-27.493735	1.517807	-0.735035	-28.077007	-0.037011	-2.054663	-28.158301	0.951767	-1.047961	-28.194159	0.965760	-1.113334	-27.803976	0.995130	-1.187517	-27.818506	0.945471	-1.230006	-28.135323	0.469665	-1.092937	-27.812912	0.479100	-1.187983	-28.143304	-0.095248	-1.026217	-28.149030	-0.053566	-1.066054	-27.823282	-0.045108	-1.133584	-27.829328	-0.091150	-1.212665
442	6.127009	00:00:06:10	-28.055204	1.601090	-1.237619	-27.916547	1.672599	-1.156065	-28.015705	1.665926	-1.118017	-27.973518	1.533075	-1.165187	-27.962502	1.541404	-1.113418	-28.134780	1.553639	-1.118428	-27.871743	1.548397	-1.191809	-27.816117	1.526783	-0.935060	-27.990684	0.762889	-1.631058	-27.529687	1.584195	-0.743758	-28.116250	-0.045748	-2.090088	-27.521622	1.534648	-0.740657	-28.087123	-0.060329	-2.043863	-27.549085	1.536421	-0.720113	-28.094804	-0.041548	-2.078624	-28.130112	0.983033	-1.079670	-28.177646	0.959174	-1.090069	-27.826392	0.977625	-1.155605	-27.839729	0.970834	-1.215611	-28.184465	0.474847	-1.036996	-27.843923	0.441418	-1.206289	-28.108054	-0.042818	-1.034130	-28.149567	-0.047263	-1.075289	-27.810123	-0.024681	-1.172147	-27.817030	-0.089028	-1.202218
443	6.140902	00:00:06:11	-28.035158	1.652722	-1.212290	-27.924509	1.698698	-1.148995	-28.040792	1.664794	-1.143421	-27.974137	1.560726	-1.165265	-27.969503	1.562587	-1.110805	-28.140296	1.541668	-1.111697	-27.863541	1.519048	-1.195861	-27.825340	1.538041	-0.916602	-27.971090	0.753053	-1.615248	-27.562151	1.567905	-0.732336	-28.081779	-0.015376	-2.079232	-27.525449	1.507605	-0.724607	-28.065235	-0.036838	-2.044217	-27.510886	1.521282	-0.747992	-28.112723	-0.026119	-2.087363	-28.133032	0.991327	-1.049442	-28.143184	0.980754	-1.121381	-27.825275	0.993358	-1.178385	-27.852142	0.969760	-1.217959	-28.167104	0.468448	-1.102283	-27.825635	0.475365	-1.203308	-28.141032	-0.031753	-1.037644	-28.163682	-0.070612	-1.078128	-27.839031	-0.050909	-1.145346	-27.827711	-0.068772	-1.204522
444	6.154796	00:00:06:12	-28.023906	1.617218	-1.247659	-27.937496	1.674587	-1.158827	-28.010614	1.665556	-1.132816	-27.995139	1.540338	-1.134660	-28.003224	1.552935	-1.126780	-28.164945	1.534896	-1.076179	-27.889258	1.537430	-1.198993	-27.795466	1.529939	-0.923436	-27.998992	0.734163	-1.624178	-27.548499	1.503070	-0.752258	-28.079406	-0.048828	-2.083701	-27.510838	1.535882	-0.765758	-28.108173	-0.017314	-2.042750	-27.519498	1.530648	-0.735072	-28.089116	-0.053979	-2.084809	-28.149697	0.984164	-1.029356	-28.170522	0.963679	-1.077677	-27.801239	0.995361	-1.187269	-27.831399	0.951589	-1.230811	-28.180309	0.461485	-1.070274	-27.829870	0.426693	-1.202845	-28.145379	-0.041459	-1.036628	-28.162279	-0.093023	-1.084417	-27.832206	-0.053874	-1.151340	-27.848645	-0.050922	-1.177923
445	6.168689	00:00:06:13	-28.048184	1.628780	-1.245635	-27.950362	1.699380	-1.135850	-28.036862	1.686609	-1.099082	-27.999587	1.536866	-1.182219	-27.983390	1.567151	-1.128184	-28.120809	1.549060	-1.083977	-27.863022	1.522017	-1.202556	-27.818722	1.540709	-0.902206	-27.983430	0.723559	-1.646333	-27.502505	1.536102	-0.743479	-28.121117	-0.051540	-2.056671	-27.521089	1.493915	-0.744355	-28.079562	-0.059306	-2.066181	-27.539504	1.519673	-0.737961	-28.110177	-0.077988	-2.089134	-28.180452	0.978720	-1.085494	-28.183883	0.972696	-1.111212	-27.817019	0.996744	-1.190694	-27.822850	0.985104	-1.211251	-28.147719	0.471335	-1.057291	-27.839738	0.470143	-1.166999	-28.128845	-0.079141	-1.026883	-28.189219	-0.067984	-1.062017	-27.794850	-0.005646	-1.179820	-27.803129	-0.054373	-1.202571
446	6.182583	00:00:06:14	-28.023863	1.624591	-1.200200	-27.921135	1.693146	-1.142348	-28.054073	1.669236	-1.123348	-28.002524	1.579999	-1.131904	-27.946470	1.570231	-1.135840	-28.139898	1.529229	-1.109874	-27.851915	1.592033	-1.207732	-27.825658	1.562818	-0.958686	-27.965989	0.750777	-1.632075	-27.539678	1.521765	-0.728603	-28.051821	-0.060269	-2.043858	-27.553706	1.542236	-0.759202	-28.044636	-0.036578	-2.079275	-27.499774	1.530061	-0.770925	-28.075076	-0.059156	-2.055460	-28.107860	0.985050	-1.073797	-28.179591	0.968724	-1.131401	-27.810566	1.006000	-1.171084	-27.855603	0.940877	-1.281458	-28.168424	0.433330	-1.052344	-27.812351	0.453903	-1.209804	-28.108615	-0.050826	-1.032763	-28.153175	-0.080076	-1.122081	-27.779779	-0.044500	-1.173064	-27.820909	-0.065989	-1.212777
447	6.196476	00:00:06:15	-27.989712	1.642267	-1.227389	-27.891344	1.680213	-1.151900	-28.027775	1.686532	-1.100058	-28.007992	1.520895	-1.148292	-28.008130	1.551528	-1.150755	-28.152012	1.574945	-1.076572	-27.881409	1.535819	-1.217484	-27.825444	1.517453	-0.903815	-27.978417	0.738870	-1.648701	-27.501781	1.543285	-0.743194	-28.117066	-0.041086	-2.078001	-27.527721	1.518049	-0.733332	-28.087371	-0.061170	-2.081268	-27.522833	1.531471	-0.768897	-28.087365	-0.043201	-2.026488	-28.185262	1.017086	-1.020700	-28.168449	0.949304	-1.084918	-27.803937	0.996130	-1.175994	-27.814282	0.968493	-1.235840	-28.165531	0.460071	-1.075829	-27.807011	0.485819	-1.168903	-28.154186	-0.050257	-1.037781	-28.183606	-0.084840	-1.085138	-27.830870	-0.074018	-1.169309	-27.825307	-0.097193	-1.224492
448	6.210370	00:00:06:16	-28.039838	1.648606	-1.225772	-27.950469	1.659628	-1.147398	-28.057518	1.671179	-1.121470	-28.003758	1.525148	-1.187161	-27.987801	1.556514	-1.163675	-28.136966	1.535527	-1.105910	-27.834122	1.523652	-1.213395	-27.830796	1.523792	-0.915925	-27.976015	0.801407	-1.625042	-27.508437	1.548936	-0.747191	-28.089966	-0.044043	-2.074285	-27.478907	1.537993	-0.731874	-28.114165	-0.029718	-2.064438	-27.539977	1.526601	-0.734034	-28.095926	-0.060779	-2.094279	-28.096174	0.989385	-1.048914	-28.201030	0.963925	-1.115546	-27.787009	0.983883	-1.162215	-27.843392	0.940864	-1.229340	-28.155210	0.470827	-1.065000	-27.794639	0.433861	-1.191730	-28.127063	-0.022556	-1.048909	-28.185373	-0.049181	-1.087627	-27.781226	-0.074272	-1.152962	-27.833771	-0.070765	-1.208800
449	6.224263	00:00:06:17	-28.028702	1.660541	-1.216080	-27.905631	1.642469	-1.123759	-28.030007	1.691532	-1.124149	-27.962546	1.504737	-1.172639	-27.980655	1.540467	-1.158801	-28.126133	1.516093	-1.109631	-27.843674	1.536475	-1.190084	-27.850841	1.535230	-0.965933	-27.987417	0.768190	-1.641845	-27.563953	1.523221	-0.739339	-28.069453	-0.003375	-2.085705	-27.504995	1.509633	-0.721887	-28.096791	-0.045505	-2.077789	-27.519658	1.554204	-0.750191	-28.076771	-0.044625	-2.050273	-28.127921	0.958021	-1.051180	-28.165488	1.016676	-1.152862	-27.809975	0.994462	-1.143432	-27.842976	0.969581	-1.249874	-28.155656	0.415998	-1.079589	-27.776994	0.466849	-1.188585	-28.131509	-0.026097	-1.032778	-28.183213	-0.060854	-1.065253	-27.840092	-0.048108	-1.141289	-27.797523	-0.075172	-1.210224
450	6.238157	00:00:06:18	-28.038552	1.639542	-1.227150	-27.888059	1.684933	-1.147922	-28.015923	1.673496	-1.112362	-27.971187	1.531175	-1.166921	-27.957594	1.541747	-1.141360	-28.114817	1.543379	-1.114428	-27.887626	1.512778	-1.179495	-27.838221	1.553852	-0.904321	-27.969764	0.717447	-1.648301	-27.540415	1.503419	-0.745709	-28.066038	-0.070287	-2.061991	-27.540951	1.548064	-0.742889	-28.076729	-0.018011	-2.007641	-27.508092	1.529781	-0.747266	-28.059780	-0.053195	-2.064287	-28.148673	0.944217	-1.009226	-28.137813	0.957344	-1.117326	-27.803897	1.006469	-1.172477	-27.822307	0.956222	-1.237821	-28.145326	0.436696	-1.038639	-27.795674	0.451132	-1.189128	-28.129454	-0.012810	-1.046355	-28.139220	-0.067311	-1.095634	-27.818369	-0.050151	-1.160091	-27.818882	-0.075269	-1.209285
451	6.252050	00:00:06:19	-27.980180	1.631337	-1.217668	-27.908058	1.676811	-1.134305	-28.034599	1.655752	-1.076139	-27.977651	1.563080	-1.164186	-27.968558	1.555821	-1.129067	-28.129277	1.542271	-1.141216	-27.873361	1.526386	-1.215078	-27.827667	1.530796	-0.909917	-27.965543	0.744704	-1.604057	-27.549445	1.527092	-0.733690	-28.075424	-0.036347	-2.084906	-27.489484	1.524968	-0.764526	-28.100575	-0.064925	-2.081303	-27.527542	1.500197	-0.728060	-28.097119	-0.045299	-2.072053	-28.132234	0.972689	-1.054752	-28.155978	0.971947	-1.131488	-27.780717	0.965758	-1.167228	-27.843426	0.953986	-1.230625	-28.151519	0.468587	-1.029931	-27.855995	0.460256	-1.169797	-28.146848	-0.047130	-1.090197	-28.134082	-0.056455	-1.059807	-27.808788	-0.022922	-1.175304	-27.814792	-0.100169	-1.214767
452	6.265943	00:00:06:20	-28.014728	1.649559	-1.268196	-27.922381	1.668808	-1.153263	-28.038060	1.659914	-1.079358	-27.992974	1.560608	-1.151764	-27.970551	1.586377	-1.128173	-28.160492	1.563365	-1.100522	-27.876376	1.541829	-1.197323	-27.841587	1.529165	-0.895039	-27.940204	0.770644	-1.627103	-27.518793	1.534668	-0.761498	-28.060116	-0.043424	-2.041380	-27.505823	1.564426	-0.726072	-28.079345	-0.076301	-2.071422	-27.530836	1.525016	-0.746342	-28.138021	-0.027730	-2.073326	-28.126393	0.984879	-1.029336	-28.161278	0.978402	-1.110443	-27.826395	0.993094	-1.154994	-27.848837	0.992123	-1.268182	-28.175166	0.497277	-1.037028	-27.841336	0.443828	-1.198560	-28.173988	-0.071187	-1.024692	-28.157432	-0.076325	-1.073202	-27.801216	-0.054920	-1.134828	-27.872531	-0.090345	-1.220221
453	6.279837	00:00:06:21	-27.996525	1.641354	-1.255259	-27.922395	1.641086	-1.140068	-28.046830	1.710685	-1.093405	-27.977068	1.554522	-1.156067	-27.971840	1.540400	-1.129428	-28.132478	1.551060	-1.129102	-27.836789	1.548701	-1.224759	-27.826734	1.524378	-0.940691	-27.968010	0.753746	-1.626942	-27.505926	1.545226	-0.749110	-28.102958	-0.010853	-2.047433	-27.504260	1.540453	-0.730219	-28.108361	-0.029882	-2.070933	-27.492173	1.528653	-0.787798	-28.087245	-0.055564	-2.111331	-28.145403	0.949788	-1.049446	-28.149252	0.962360	-1.106094	-27.774102	0.985624	-1.153819	-27.825395	0.934651	-1.228833	-28.152756	0.488547	-1.074354	-27.786602	0.447143	-1.217329	-28.123953	-0.069256	-1.024779	-28.171004	-0.061906	-1.105792	-27.787681	-0.047979	-1.166826	-27.850195	-0.065221	-1.220803
454	6.293730	00:00:06:22	-28.001172	1.632532	-1.255344	-27.909123	1.661666	-1.172362	-28.030546	1.662194	-1.092221	-28.016255	1.549046	-1.158970	-27.981336	1.564851	-1.087691	-28.149822	1.537932	-1.126891	-27.862702	1.547399	-1.193760	-27.813555	1.516395	-0.918300	-27.981490	0.758300	-1.667383	-27.519433	1.510818	-0.767398	-28.100417	-0.061306	-2.035527	-27.479387	1.589507	-0.732940	-28.129351	-0.048470	-2.077966	-27.514852	1.534434	-0.759076	-28.112732	-0.032811	-2.061974	-28.125458	0.975810	-1.067011	-28.156152	0.948181	-1.095966	-27.793193	0.975852	-1.155135	-27.832757	0.944493	-1.177916	-28.128286	0.452989	-1.062342	-27.782547	0.475691	-1.196102	-28.141420	-0.034208	-1.022648	-28.134114	-0.076960	-1.067857	-27.779787	-0.078076	-1.154403	-27.857793	-0.068345	-1.221421
455	6.307624	00:00:06:23	-28.013534	1.600971	-1.266562	-27.921981	1.680205	-1.162363	-28.009939	1.669706	-1.107484	-28.024340	1.529508	-1.163272	-27.966215	1.546714	-1.152084	-28.136359	1.556788	-1.104899	-27.865765	1.548569	-1.220697	-27.827976	1.540353	-0.935156	-27.967445	0.740245	-1.644428	-27.513710	1.529182	-0.734823	-28.082317	-0.073759	-2.093967	-27.521323	1.519895	-0.725545	-28.098296	-0.061493	-2.068140	-27.530969	1.553164	-0.707802	-28.106215	-0.019493	-2.036065	-28.148245	0.993572	-1.019775	-28.151440	0.999229	-1.109877	-27.824818	0.991156	-1.178754	-27.840615	0.961162	-1.231112	-28.181208	0.439050	-1.063326	-27.803331	0.470964	-1.191062	-28.144869	-0.037124	-1.038578	-28.173947	-0.059431	-1.089635	-27.800069	-0.097328	-1.121775	-27.832634	-0.086824	-1.230425
456	6.321517	00:00:06:24	-28.018302	1.672032	-1.215146	-27.918317	1.682096	-1.169824	-28.018955	1.681354	-1.111543	-28.004162	1.521612	-1.156764	-27.978713	1.511284	-1.144006	-28.138487	1.540217	-1.115027	-27.836156	1.562455	-1.157913	-27.857571	1.516236	-0.948884	-27.948621	0.736309	-1.624428	-27.489997	1.524162	-0.732473	-28.097764	-0.028514	-2.087843	-27.508266	1.517657	-0.733990	-28.098662	-0.028459	-2.047087	-27.496163	1.530753	-0.768979	-28.078541	-0.055788	-2.067703	-28.133754	1.004676	-1.045620	-28.182655	0.981322	-1.104871	-27.808999	0.966496	-1.165399	-27.822402	0.960197	-1.221768	-28.109693	0.478172	-1.061262	-27.790893	0.437609	-1.202920	-28.154979	-0.026902	-1.031263	-28.147311	-0.061160	-1.090777	-27.816804	-0.017093	-1.168575	-27.797503	-0.080199	-1.233631
457	6.335411	00:00:06:25	-28.036349	1.604784	-1.252333	-27.935560	1.675934	-1.141340	-28.046154	1.701464	-1.109885	-28.031320	1.542921	-1.117722	-27.973334	1.544121	-1.155613	-28.133831	1.536991	-1.121543	-27.840386	1.549705	-1.197777	-27.822467	1.546256	-0.923901	-27.982866	0.741134	-1.620050	-27.509245	1.547032	-0.760282	-28.104178	-0.031424	-2.041461	-27.508269	1.533360	-0.763405	-28.105592	-0.038603	-2.044003	-27.524204	1.515549	-0.760050	-28.053024	-0.062362	-2.054165	-28.178935	0.972032	-1.047859	-28.187609	0.947414	-1.098692	-27.800720	0.983128	-1.184375	-27.823847	0.989554	-1.220513	-28.132374	0.472815	-1.077575	-27.855709	0.410503	-1.214827	-28.122131	-0.076557	-1.058805	-28.159556	-0.063915	-1.070982	-27.824354	-0.071507	-1.167838	-27.822483	-0.072428	-1.237189
458	6.349304	00:00:06:26	-28.001005	1.601742	-1.249087	-27.949236	1.672239	-1.121310	-28.050081	1.686445	-1.092580	-28.000339	1.555869	-1.202664	-27.979557	1.578548	-1.133473	-28.132061	1.498885	-1.094838	-27.836089	1.543461	-1.215609	-27.801071	1.533579	-0.925449	-27.988183	0.781779	-1.645165	-27.511690	1.517699	-0.751128	-28.138093	-0.039151	-2.093007	-27.538511	1.513065	-0.783637	-28.095912	-0.035982	-2.037239	-27.493694	1.533090	-0.718296	-28.086958	-0.026147	-2.067454	-28.140682	0.999745	-1.062393	-28.159339	0.972887	-1.108589	-27.801873	0.993349	-1.153620	-27.855764	0.950797	-1.237065	-28.178910	0.477854	-1.035846	-27.821327	0.431176	-1.162809	-28.159356	-0.051336	-1.027720	-28.173482	-0.051837	-1.094436	-27.799776	-0.047452	-1.143265	-27.835937	-0.054322	-1.194463
459	6.363198	00:00:06:27	-28.017996	1.641895	-1.237431	-27.936290	1.672604	-1.128992	-28.013247	1.651683	-1.114328	-27.981610	1.524060	-1.147833	-27.961346	1.574551	-1.129345	-28.161545	1.535504	-1.098803	-27.861844	1.571429	-1.211407	-27.818013	1.529641	-0.927481	-27.989761	0.743304	-1.654870	-27.519955	1.524873	-0.749350	-28.112093	-0.043627	-2.076700	-27.522692	1.511980	-0.744768	-28.094379	-0.044534	-2.058562	-27.524441	1.518262	-0.724204	-28.116795	-0.058789	-2.078214	-28.172173	0.968924	-1.018460	-28.166648	0.955660	-1.093443	-27.820398	0.989022	-1.187320	-27.826457	0.927254	-1.222066	-28.176965	0.450916	-1.060161	-27.843396	0.459303	-1.162766	-28.140322	-0.047592	-1.039688	-28.157805	-0.063041	-1.081313	-27.824383	-0.072915	-1.133842	-27.801230	-0.067196	-1.219162
460	6.377091	00:00:06:28	-28.001012	1.638454	-1.221157	-27.933510	1.675612	-1.155459	-28.015755	1.666804	-1.109001	-28.002428	1.544136	-1.158925	-27.984126	1.541265	-1.143322	-28.140439	1.554372	-1.076473	-27.818664	1.527636	-1.218483	-27.807549	1.543706	-0.918216	-27.960266	0.734925	-1.641613	-27.507299	1.506862	-0.756905	-28.096896	-0.021498	-2.123195	-27.478647	1.530121	-0.725439	-28.123622	-0.062764	-2.038892	-27.507951	1.545198	-0.763486	-28.105512	-0.082420	-2.084875	-28.156432	0.968853	-1.058914	-28.141895	0.975188	-1.086694	-27.761358	0.986179	-1.164202	-27.827886	0.911063	-1.178090	-28.120427	0.479560	-1.050331	-27.777765	0.455023	-1.189455	-28.135596	-0.061570	-0.992388	-28.160157	-0.072534	-1.074383	-27.794892	-0.044899	-1.131157	-27.833038	-0.045746	-1.223399
461	6.390984	00:00:06:29	-28.033058	1.653368	-1.224043	-27.906149	1.669890	-1.123373	-28.027040	1.667924	-1.079925	-27.964701	1.500342	-1.162862	-27.955191	1.557985	-1.116430	-28.124266	1.565362	-1.085893	-27.823680	1.556306	-1.189855	-27.813569	1.524560	-0.942648	-27.983752	0.773301	-1.616776	-27.505603	1.570113	-0.746235	-28.096964	-0.011110	-2.090068	-27.499068	1.535601	-0.749842	-28.087174	-0.066379	-2.066597	-27.501967	1.552652	-0.742203	-28.078063	-0.019125	-2.076270	-28.145334	0.992520	-1.024879	-28.146464	0.963123	-1.127897	-27.806201	0.994771	-1.185677	-27.850802	0.992944	-1.229854	-28.160433	0.468706	-1.049726	-27.836538	0.454352	-1.178805	-28.163813	-0.046234	-1.038493	-28.169330	-0.049853	-1.080615	-27.836055	-0.050627	-1.174795	-27.837032	-0.090401	-1.194683
462	6.404878	00:00:06:30	-28.027933	1.656285	-1.239142	-27.914640	1.646489	-1.129393	-28.017028	1.664835	-1.116458	-27.976696	1.560616	-1.133846	-28.005839	1.544580	-1.128840	-28.150743	1.556064	-1.101405	-27.886254	1.540689	-1.178841	-27.839744	1.553318	-0.941827	-27.956921	0.755840	-1.634334	-27.524301	1.533990	-0.740030	-28.088788	-0.037823	-2.061338	-27.522762	1.559465	-0.755040	-28.081951	-0.067205	-2.051642	-27.521909	1.504400	-0.733797	-28.067392	-0.049563	-2.047877	-28.161993	0.982332	-1.031626	-28.199042	0.963517	-1.106527	-27.798678	0.976104	-1.149028	-27.852926	0.961981	-1.244372	-28.161741	0.462280	-1.079376	-27.851055	0.437663	-1.159385	-28.141093	-0.067562	-0.986073	-28.159069	-0.091854	-1.067587	-27.819490	-0.080065	-1.146691	-27.841937	-0.082700	-1.252098
463	6.418771	00:00:06:31	-28.042257	1.662626	-1.220809	-27.963897	1.652066	-1.155048	-28.030097	1.686159	-1.103627	-28.024984	1.520366	-1.167047	-27.980246	1.572057	-1.121357	-28.110822	1.534516	-1.066486	-27.860833	1.527295	-1.221258	-27.779884	1.533233	-0.907503	-27.964768	0.783601	-1.625199	-27.495958	1.539479	-0.752666	-28.109496	-0.054206	-2.036637	-27.494760	1.549116	-0.746156	-28.067491	-0.056309	-2.065070	-27.495211	1.509563	-0.758761	-28.096727	-0.034711	-2.077539	-28.189208	0.980692	-1.035191	-28.157389	0.937223	-1.083797	-27.829280	0.986327	-1.196389	-27.819632	0.986619	-1.246429	-28.173561	0.449300	-1.068071	-27.780613	0.456213	-1.198655	-28.136947	-0.056427	-1.032471	-28.181067	-0.057792	-1.105187	-27.838441	-0.042114	-1.181244	-27.854540	-0.075897	-1.192234
464	6.432665	00:00:06:32	-28.017204	1.668820	-1.220714	-27.918452	1.658555	-1.159856	-28.030203	1.666495	-1.108703	-27.973140	1.545966	-1.183151	-27.959306	1.560496	-1.162015	-28.137011	1.537202	-1.122785	-27.851626	1.570409	-1.229482	-27.823234	1.534736	-0.944996	-27.996175	0.723942	-1.657804	-27.531105	1.524647	-0.757272	-28.091085	-0.080604	-2.066069	-27.512686	1.543393	-0.773601	-28.094735	-0.013461	-2.095367	-27.506809	1.538071	-0.773254	-28.078497	-0.056884	-2.057717	-28.129764	0.963702	-1.048951	-28.180956	0.955813	-1.145646	-27.792228	0.980849	-1.219058	-27.838041	0.994479	-1.244332	-28.127995	0.473003	-1.051817	-27.802186	0.464111	-1.214607	-28.133151	-0.023837	-1.040777	-28.163595	-0.065044	-1.114511	-27.792504	-0.016809	-1.166013	-27.840686	-0.056245	-1.223642
465	6.446558	00:00:06:33	-28.001832	1.625167	-1.277461	-27.914322	1.648437	-1.160732	-28.039347	1.675294	-1.101183	-28.018280	1.547504	-1.147352	-27.966473	1.545358	-1.123587	-28.129757	1.530977	-1.098692	-27.859415	1.545725	-1.201382	-27.819783	1.564931	-0.889609	-28.010774	0.712770	-1.611448	-27.514596	1.525921	-0.732944	-28.099796	-0.039660	-2.082966	-27.527242	1.550538	-0.724160	-28.095485	-0.072597	-2.030417	-27.533647	1.528660	-0.770353	-28.074246	-0.038513	-2.032954	-28.165206	0.995673	-1.043667	-28.151530	0.983250	-1.101852	-27.802182	1.021167	-1.197952	-27.847773	0.949429	-1.237310	-28.155384	0.450496	-1.048809	-27.808842	0.438363	-1.190181	-28.127947	-0.073894	-1.021545	-28.191391	-0.073899	-1.081304	-27.781454	-0.005319	-1.167418	-27.815294	-0.070152	-1.203924
466	6.460452	00:00:06:34	-28.030863	1.638111	-1.227364	-27.923484	1.654119	-1.123196	-28.031777	1.683036	-1.129268	-27.968668	1.513570	-1.180374	-27.990951	1.566845	-1.087444	-28.140762	1.553507	-1.130077	-27.856318	1.546920	-1.212057	-27.838989	1.501595	-0.911225	-27.957530	0.742558	-1.627488	-27.516911	1.537139	-0.755402	-28.084622	-0.019306	-2.089465	-27.509898	1.495320	-0.731184	-28.114637	-0.046547	-2.085802	-27.526986	1.527724	-0.791423	-28.067767	-0.044912	-2.059543	-28.176541	1.011541	-1.043527	-28.158182	0.948103	-1.106895	-27.833291	1.003383	-1.175981	-27.840858	0.935867	-1.238687	-28.162996	0.459371	-1.066864	-27.818279	0.452231	-1.185752	-28.183809	-0.043793	-1.016353	-28.143409	-0.076251	-1.059997	-27.820069	-0.030734	-1.179886	-27.853229	-0.075669	-1.217680
467	6.474345	00:00:06:35	-28.005247	1.648669	-1.250480	-27.909811	1.642596	-1.165311	-28.026703	1.680558	-1.072695	-28.009866	1.556334	-1.170303	-27.987627	1.544600	-1.128985	-28.155507	1.550351	-1.100395	-27.862469	1.541841	-1.218998	-27.830923	1.554219	-0.903512	-27.989178	0.758912	-1.642724	-27.498775	1.547998	-0.742197	-28.100032	-0.048215	-2.074034	-27.515984	1.546670	-0.755213	-28.101141	0.001623	-2.070751	-27.519669	1.543536	-0.760085	-28.108648	-0.061795	-2.054622	-28.142288	0.980758	-1.039632	-28.175038	0.993839	-1.119104	-27.833758	0.971783	-1.165941	-27.826996	0.976479	-1.221265	-28.145831	0.447029	-1.076420	-27.848708	0.456171	-1.200766	-28.153419	-0.048933	-1.011839	-28.119329	-0.080097	-1.095189	-27.819930	-0.040151	-1.165381	-27.832564	-0.065344	-1.217918
468	6.488239	00:00:06:36	-28.030058	1.618240	-1.230992	-27.918960	1.688107	-1.162892	-28.055409	1.651468	-1.094916	-27.976586	1.536924	-1.166514	-27.992276	1.573304	-1.116546	-28.149612	1.559025	-1.135194	-27.855230	1.522321	-1.217454	-27.801500	1.532039	-0.921856	-27.958700	0.752348	-1.638487	-27.491363	1.556276	-0.752310	-28.081794	-0.071445	-2.047495	-27.546529	1.557510	-0.765469	-28.095651	-0.064714	-2.060931	-27.469329	1.524044	-0.789901	-28.080783	-0.034667	-2.059903	-28.131773	1.011510	-1.064202	-28.166321	0.959527	-1.130814	-27.790124	0.991829	-1.176355	-27.845798	0.955832	-1.226898	-28.171464	0.479409	-1.057305	-27.833710	0.446025	-1.179999	-28.109924	-0.034233	-1.073433	-28.158488	-0.057045	-1.074117	-27.811845	-0.063760	-1.171761	-27.807319	-0.090663	-1.222097
469	6.502132	00:00:06:37	-28.026431	1.611658	-1.252409	-27.905586	1.743305	-1.151819	-28.028108	1.672836	-1.126479	-28.014383	1.501749	-1.145564	-27.975159	1.512285	-1.118428	-28.129847	1.571942	-1.145638	-27.820295	1.522404	-1.201024	-27.820861	1.520588	-0.942927	-27.943377	0.741544	-1.649030	-27.489551	1.551809	-0.787203	-28.079068	-0.031403	-2.058310	-27.490448	1.516459	-0.735285	-28.073990	-0.034845	-2.061546	-27.511504	1.540152	-0.736100	-28.109269	-0.078540	-2.058544	-28.142447	1.002178	-1.044304	-28.191004	0.982571	-1.118897	-27.758950	0.952968	-1.201464	-27.854592	0.942585	-1.261379	-28.184696	0.434261	-1.085167	-27.830152	0.441748	-1.183171	-28.158405	-0.038361	-1.016970	-28.165186	-0.091974	-1.077439	-27.810253	-0.028115	-1.175379	-27.861531	-0.063874	-1.200360
470	6.516025	00:00:06:38	-28.004933	1.640417	-1.261206	-27.939897	1.649046	-1.147246	-28.049216	1.661715	-1.105473	-28.008526	1.545213	-1.152593	-27.951447	1.590674	-1.109376	-28.141178	1.562174	-1.121589	-27.838473	1.536453	-1.192428	-27.810205	1.540422	-0.925574	-27.972866	0.736209	-1.644143	-27.525685	1.526249	-0.744944	-28.076323	-0.036629	-2.066404	-27.486771	1.539146	-0.763332	-28.126993	-0.052906	-2.056948	-27.492333	1.489039	-0.775721	-28.093391	-0.062153	-2.048512	-28.161283	0.990338	-1.050167	-28.168246	0.933287	-1.069215	-27.826158	0.980918	-1.172530	-27.803753	0.954044	-1.232219	-28.112869	0.473545	-1.049367	-27.836490	0.470340	-1.203910	-28.152757	-0.047435	-1.020381	-28.210390	-0.049592	-1.118214	-27.812618	-0.120944	-1.184482	-27.826974	-0.086910	-1.224420
471	6.529919	00:00:06:39	-28.019003	1.628122	-1.235478	-27.925467	1.662518	-1.126327	-28.059783	1.694222	-1.102466	-27.999241	1.536932	-1.157891	-27.976225	1.552672	-1.126635	-28.125682	1.530112	-1.085270	-27.855633	1.545627	-1.218166	-27.793801	1.513481	-0.939057	-27.972892	0.721115	-1.642029	-27.491942	1.530384	-0.730059	-28.119453	-0.010434	-2.070564	-27.507287	1.507124	-0.767113	-28.093713	-0.039996	-2.041892	-27.500792	1.532729	-0.763044	-28.135328	-0.006950	-2.078509	-28.158977	0.952997	-1.046763	-28.162524	0.953669	-1.119889	-27.813797	0.977794	-1.170015	-27.818062	0.951396	-1.237757	-28.187528	0.476361	-1.063970	-27.836348	0.461963	-1.229521	-28.161537	-0.049243	-1.041519	-28.153630	-0.042786	-1.060324	-27.810608	-0.056182	-1.164337	-27.848452	-0.078804	-1.206055
472	6.543812	00:00:06:40	-28.036107	1.628210	-1.263843	-27.910339	1.670915	-1.136051	-28.027631	1.687750	-1.138650	-27.986142	1.574864	-1.180089	-27.999900	1.560737	-1.155051	-28.134341	1.561211	-1.137650	-27.841556	1.556668	-1.231218	-27.836769	1.536289	-0.894979	-28.005088	0.710810	-1.621562	-27.491470	1.517889	-0.768325	-28.081091	-0.070427	-2.066347	-27.488398	1.521915	-0.788033	-28.122167	-0.060586	-2.062575	-27.487608	1.528988	-0.755185	-28.080946	-0.036784	-2.063393	-28.130812	0.957935	-1.057394	-28.198287	0.961691	-1.105331	-27.832249	0.979195	-1.151549	-27.812666	0.999659	-1.231027	-28.146966	0.474239	-1.076058	-27.813121	0.475801	-1.197786	-28.108230	-0.054402	-1.025375	-28.169915	-0.011437	-1.097730	-27.770687	-0.043792	-1.172923	-27.862565	-0.065608	-1.197317
473	6.557706	00:00:06:41	-28.002776	1.625766	-1.226563	-27.912848	1.659817	-1.153109	-28.053222	1.679620	-1.132719	-28.005420	1.570275	-1.158322	-27.972065	1.583278	-1.112487	-28.158174	1.553281	-1.088930	-27.868053	1.534951	-1.220918	-27.811997	1.520454	-0.945602	-27.960233	0.779697	-1.611674	-27.490262	1.537195	-0.784369	-28.086400	-0.029163	-2.081491	-27.500967	1.507404	-0.769395	-28.112748	-0.072716	-2.052389	-27.513589	1.574971	-0.744840	-28.071774	-0.084862	-2.060263	-28.131107	0.957222	-1.018203	-28.154024	0.949374	-1.093914	-27.812608	0.941002	-1.187152	-27.858086	0.983959	-1.225973	-28.160213	0.481387	-1.031551	-27.843021	0.452137	-1.199681	-28.124790	-0.061272	-1.038479	-28.143691	-0.055925	-1.070632	-27.808975	-0.053401	-1.160917	-27.817897	-0.074131	-1.197846
474	6.571599	00:00:06:42	-27.989460	1.631320	-1.227772	-27.920189	1.688938	-1.136315	-28.014169	1.675094	-1.091855	-27.982767	1.500716	-1.140855	-27.987257	1.564955	-1.148290	-28.108168	1.539412	-1.064869	-27.851206	1.559119	-1.193691	-27.815205	1.543400	-0.961026	-27.971881	0.752005	-1.635145	-27.488424	1.521491	-0.762113	-28.070199	-0.048091	-2.093000	-27.512345	1.576089	-0.731902	-28.101650	-0.033540	-2.045471	-27.503981	1.520942	-0.757687	-28.133270	-0.076821	-2.062218	-28.158785	0.961451	-1.041755	-28.164646	0.959832	-1.074770	-27.828829	1.006858	-1.171808	-27.852375	0.965366	-1.244262	-28.133618	0.456620	-1.101005	-27.826844	0.452982	-1.211972	-28.121645	-0.071402	-1.004951	-28.137247	-0.073018	-1.070842	-27.788197	-0.036792	-1.168159	-27.822548	-0.086232	-1.202682
475	6.585493	00:00:06:43	-28.028065	1.610089	-1.207333	-27.945196	1.646355	-1.161284	-28.046967	1.677669	-1.099055	-28.010720	1.544392	-1.177542	-27.951513	1.546808	-1.114473	-28.135393	1.555977	-1.103727	-27.861727	1.545970	-1.213458	-27.831510	1.553474	-0.928158	-27.976671	0.730532	-1.617039	-27.491868	1.516035	-0.791588	-28.135152	-0.055662	-2.070733	-27.536849	1.519369	-0.789415	-28.117326	-0.058689	-2.071135	-27.506020	1.555456	-0.762323	-28.078521	-0.051257	-2.062763	-28.127064	0.995933	-1.040910	-28.168849	0.967600	-1.111806	-27.810436	0.969185	-1.207622	-27.828847	0.978357	-1.226646	-28.147088	0.434331	-1.087126	-27.816512	0.451376	-1.212753	-28.143972	-0.052852	-1.031923	-28.170767	-0.061706	-1.050507	-27.803928	-0.052045	-1.153303	-27.824709	-0.067842	-1.223349
476	6.599386	00:00:06:44	-27.997086	1.612418	-1.231132	-27.951769	1.680689	-1.116495	-28.073564	1.690534	-1.082873	-28.009104	1.540956	-1.163621	-27.991319	1.589942	-1.136593	-28.103265	1.525365	-1.152442	-27.833639	1.547195	-1.230816	-27.821002	1.514239	-0.916201	-27.961582	0.753341	-1.632699	-27.494522	1.536117	-0.774387	-28.077384	-0.028339	-2.042555	-27.488203	1.525378	-0.774230	-28.081056	-0.051135	-2.051264	-27.474962	1.518105	-0.759715	-28.077564	-0.039741	-2.053228	-28.157040	0.996249	-1.054185	-28.181115	0.959437	-1.083081	-27.797459	0.998065	-1.180034	-27.806432	1.007378	-1.192475	-28.121000	0.446919	-1.046753	-27.810988	0.449364	-1.222847	-28.148607	-0.017174	-1.019826	-28.138718	-0.052026	-1.085413	-27.802891	-0.015959	-1.168771	-27.846128	-0.064134	-1.241663
477	6.613280	00:00:06:45	-28.034945	1.636200	-1.247172	-27.917077	1.668308	-1.158044	-28.029086	1.668291	-1.119246	-28.024176	1.562505	-1.165554	-27.983151	1.569914	-1.147389	-28.143208	1.572770	-1.102035	-27.844433	1.537631	-1.221518	-27.828523	1.542866	-0.974933	-27.971242	0.721642	-1.629200	-27.496261	1.535920	-0.738912	-28.075223	-0.021367	-2.061523	-27.531971	1.557886	-0.772854	-28.106273	-0.020268	-2.068689	-27.500344	1.511011	-0.760222	-28.093840	-0.043836	-2.058004	-28.140633	1.010081	-1.028045	-28.182836	0.971139	-1.102112	-27.842818	0.973000	-1.188141	-27.811045	0.965096	-1.232807	-28.167122	0.464459	-1.033407	-27.820569	0.423689	-1.185311	-28.132744	-0.039310	-1.031544	-28.174178	-0.046082	-1.079505	-27.817478	-0.066047	-1.168524	-27.808853	-0.088874	-1.160129
478	6.627173	00:00:06:46	-28.052256	1.613258	-1.256724	-27.917337	1.691955	-1.132398	-28.032479	1.671425	-1.099589	-28.009826	1.576185	-1.138502	-27.967597	1.532050	-1.139373	-28.111911	1.557734	-1.109282	-27.870884	1.549494	-1.210242	-27.815097	1.565389	-0.945435	-27.970901	0.735339	-1.645400	-27.522928	1.549478	-0.756363	-28.069958	-0.060165	-2.055252	-27.498704	1.536518	-0.723588	-28.090287	-0.016993	-2.071628	-27.495321	1.512289	-0.797605	-28.085862	-0.042173	-2.079251	-28.147410	0.981964	-1.061426	-28.132541	0.960182	-1.088870	-27.815569	0.969511	-1.210848	-27.827693	0.965408	-1.253080	-28.158732	0.446063	-1.077665	-27.819775	0.465493	-1.193841	-28.119013	-0.032538	-1.046583	-28.159636	-0.079656	-1.084723	-27.787246	-0.004178	-1.133432	-27.833836	-0.079888	-1.220397
479	6.641066	00:00:06:47	-28.031033	1.639597	-1.244780	-27.931654	1.671111	-1.167461	-28.037951	1.665987	-1.113891	-27.967547	1.573799	-1.121964	-27.979727	1.550253	-1.152878	-28.126153	1.558798	-1.100092	-27.843695	1.552894	-1.216500	-27.800720	1.541050	-0.944329	-27.967440	0.742028	-1.655376	-27.486156	1.539550	-0.743793	-28.110622	-0.041431	-2.039257	-27.464015	1.533258	-0.741539	-28.100053	-0.032541	-2.072162	-27.490800	1.543515	-0.760227	-28.098645	-0.034970	-2.065571	-28.138261	0.979032	-1.034589	-28.150419	0.969840	-1.093786	-27.827273	0.992669	-1.187977	-27.822507	0.967778	-1.232854	-28.177248	0.451288	-1.042885	-27.841999	0.468307	-1.201869	-28.159245	-0.053987	-1.010962	-28.153014	-0.031385	-1.064661	-27.839719	-0.008855	-1.156738	-27.841822	-0.035788	-1.214294
480	6.654960	00:00:06:48	-28.034441	1.635930	-1.239730	-27.924675	1.671420	-1.140690	-28.033942	1.682359	-1.096329	-28.015583	1.557299	-1.175030	-27.978498	1.566032	-1.146041	-28.119214	1.521132	-1.109677	-27.827076	1.538678	-1.225316	-27.846893	1.546724	-0.940608	-27.973691	0.736534	-1.631099	-27.518249	1.546451	-0.776477	-28.087706	-0.022039	-2.052499	-27.528478	1.556657	-0.794825	-28.093886	-0.076649	-2.054657	-27.509526	1.537893	-0.778568	-28.099343	-0.050190	-2.049413	-28.126679	0.993591	-1.053234	-28.170917	0.979723	-1.108279	-27.840871	0.982983	-1.191629	-27.853930	0.961023	-1.205209	-28.146526	0.460808	-1.069268	-27.826564	0.464408	-1.190582	-28.134113	-0.046559	-1.027696	-28.135019	-0.055991	-1.056691	-27.829536	-0.031720	-1.152971	-27.802886	-0.073594	-1.191295
481	6.668853	00:00:06:49	-28.017237	1.623128	-1.231605	-27.952644	1.671512	-1.158160	-28.032538	1.617878	-1.080430	-27.985466	1.563278	-1.164416	-28.014887	1.546180	-1.159564	-28.104846	1.555360	-1.098189	-27.851639	1.520233	-1.232954	-27.825895	1.512404	-0.932497	-27.946229	0.728312	-1.646789	-27.480646	1.529400	-0.766427	-28.093616	-0.040376	-2.036038	-27.470992	1.521497	-0.769011	-28.092491	-0.013650	-2.068508	-27.505968	1.531638	-0.782061	-28.102191	-0.030633	-2.093190	-28.161183	0.989979	-1.061929	-28.178553	0.949855	-1.107142	-27.798611	0.973130	-1.188889	-27.804788	0.966308	-1.258107	-28.123535	0.483259	-1.071118	-27.847523	0.471164	-1.169098	-28.115773	-0.071188	-1.065557	-28.185932	-0.063405	-1.091904	-27.792297	-0.035020	-1.145711	-27.830107	-0.079383	-1.199764
482	6.682747	00:00:06:50	-28.020819	1.599978	-1.238649	-27.903845	1.666735	-1.142030	-28.054308	1.685933	-1.139486	-28.006447	1.542736	-1.151433	-27.961484	1.559559	-1.094942	-28.134255	1.545425	-1.090717	-27.866982	1.544677	-1.222268	-27.839298	1.547119	-0.930588	-27.969476	0.742235	-1.636142	-27.484212	1.520581	-0.760433	-28.103775	-0.074258	-2.056149	-27.514996	1.519030	-0.756056	-28.049473	-0.049023	-2.063852	-27.528596	1.547321	-0.786934	-28.068468	-0.031864	-2.065767	-28.169542	0.982553	-1.029068	-28.194489	0.973452	-1.109469	-27.792833	0.990856	-1.162773	-27.838060	0.995990	-1.245184	-28.174311	0.441351	-1.079768	-27.780163	0.475959	-1.211987	-28.127982	-0.063137	-1.029242	-28.173915	-0.040089	-1.057615	-27.841524	-0.071523	-1.138251	-27.826435	-0.061925	-1.202603
483	6.696640	00:00:06:51	-28.027001	1.636357	-1.251574	-27.915306	1.675435	-1.155691	-28.052486	1.684694	-1.099547	-27.963561	1.549909	-1.163421	-27.939778	1.540455	-1.123429	-28.139919	1.537555	-1.104687	-27.874788	1.529804	-1.198614	-27.798983	1.529318	-0.941825	-27.982844	0.760793	-1.647027	-27.498861	1.511587	-0.771338	-28.109864	-0.044331	-2.034482	-27.510648	1.518996	-0.754114	-28.088521	-0.083526	-2.080454	-27.514821	1.531122	-0.783411	-28.129417	-0.031566	-2.103639	-28.144691	0.963349	-1.044479	-28.155111	0.971080	-1.096124	-27.832370	0.983659	-1.186152	-27.828196	0.951856	-1.228094	-28.164778	0.471201	-1.055157	-27.812844	0.427397	-1.207163	-28.136043	-0.047689	-1.037369	-28.177540	-0.058680	-1.067599	-27.810381	-0.057305	-1.167912	-27.804501	-0.075095	-1.172826
484	6.710534	00:00:06:52	-28.010290	1.655154	-1.241506	-27.929742	1.655659	-1.159141	-28.035212	1.703227	-1.093020	-28.006369	1.599154	-1.180019	-27.956347	1.549031	-1.139602	-28.135149	1.538760	-1.112198	-27.846517	1.563765	-1.218163	-27.807384	1.575126	-0.953260	-27.956650	0.744037	-1.651122	-27.494893	1.523723	-0.775048	-28.107536	-0.057158	-2.071056	-27.496740	1.554228	-0.766509	-28.087173	-0.052383	-2.040683	-27.503466	1.527543	-0.755866	-28.072226	-0.048981	-2.081025	-28.125474	0.967659	-1.054822	-28.170978	0.959687	-1.081235	-27.799403	0.998928	-1.198603	-27.824925	0.935960	-1.238300	-28.132558	0.456260	-1.041356	-27.794953	0.465526	-1.208050	-28.136124	-0.051789	-1.037299	-28.207468	-0.057461	-1.107920	-27.810783	-0.036892	-1.183876	-27.827540	-0.063303	-1.210981
485	6.724427	00:00:06:53	-28.029724	1.626640	-1.244263	-27.904302	1.671737	-1.127537	-28.017298	1.682653	-1.120699	-28.011972	1.518269	-1.136344	-27.985279	1.535844	-1.168184	-28.133162	1.559599	-1.106447	-27.878585	1.586681	-1.192534	-27.822110	1.523730	-0.918346	-27.960497	0.755077	-1.613547	-27.501515	1.522874	-0.761334	-28.082674	-0.026584	-2.040514	-27.533307	1.526473	-0.782035	-28.104144	-0.045671	-2.051231	-27.503015	1.535556	-0.802562	-28.097143	-0.005216	-2.065989	-28.124246	0.974614	-1.090902	-28.156199	0.961567	-1.099855	-27.777918	0.977341	-1.193089	-27.850552	0.963860	-1.262217	-28.155170	0.441217	-1.046641	-27.816384	0.475337	-1.163388	-28.126461	-0.074293	-1.007299	-28.122594	-0.073585	-1.086612	-27.824960	-0.056761	-1.190137	-27.856032	-0.034551	-1.224796
486	6.738321	00:00:06:54	-28.030155	1.606039	-1.239306	-27.917639	1.694084	-1.128495	-27.996349	1.662640	-1.117845	-27.984734	1.525148	-1.173627	-27.953540	1.598182	-1.128857	-28.118301	1.542047	-1.110656	-27.862742	1.540706	-1.212957	-27.843342	1.558934	-0.925891	-27.962286	0.740051	-1.604776	-27.513900	1.579974	-0.783857	-28.106117	-0.019519	-2.054360	-27.468184	1.506396	-0.755662	-28.119904	0.012423	-2.064302	-27.489075	1.531463	-0.752358	-28.101683	-0.037597	-2.078605	-28.162022	0.987851	-1.058698	-28.159944	0.972601	-1.094912	-27.815643	0.988011	-1.185502	-27.864170	0.992027	-1.226893	-28.130287	0.501017	-1.048260	-27.796043	0.447291	-1.198919	-28.157173	-0.067852	-1.039155	-28.182485	-0.039643	-1.052260	-27.793064	-0.034554	-1.209733	-27.847004	-0.058579	-1.182622
487	6.752214	00:00:06:55	-28.042129	1.630725	-1.240140	-27.937821	1.643954	-1.175696	-27.998835	1.644348	-1.087387	-27.996144	1.536857	-1.110595	-27.966130	1.551194	-1.155243	-28.134328	1.519259	-1.123579	-27.891300	1.558015	-1.237593	-27.826381	1.543779	-0.944014	-27.948973	0.745219	-1.658689	-27.495710	1.529321	-0.765987	-28.092520	-0.029058	-2.098896	-27.510681	1.511924	-0.746690	-28.093508	-0.041527	-2.059519	-27.495113	1.549237	-0.797713	-28.115856	-0.039848	-2.075319	-28.149554	0.990477	-1.026232	-28.170466	0.970252	-1.112030	-27.838298	1.018881	-1.188568	-27.842941	0.964102	-1.269611	-28.155077	0.433174	-1.083105	-27.802223	0.481297	-1.167174	-28.164085	-0.034015	-1.021521	-28.165632	-0.084108	-1.100310	-27.820822	-0.049581	-1.155685	-27.848065	-0.044594	-1.232796
488	6.766107	00:00:06:56	-28.027482	1.652574	-1.242027	-27.898248	1.672383	-1.119802	-28.047714	1.675863	-1.096370	-28.010517	1.533114	-1.172117	-27.954308	1.531188	-1.117515	-28.109992	1.565463	-1.128913	-27.867630	1.521433	-1.263771	-27.796049	1.544033	-0.972286	-27.954174	0.724897	-1.666519	-27.483762	1.518282	-0.777694	-28.086567	-0.047354	-2.073599	-27.512252	1.550596	-0.770779	-28.081689	-0.037625	-2.092199	-27.499399	1.510050	-0.754344	-28.070075	-0.046907	-2.055452	-28.152929	0.967290	-1.026530	-28.198831	0.971659	-1.064144	-27.801497	0.974520	-1.194734	-27.826032	0.975681	-1.206051	-28.145280	0.445372	-1.081412	-27.828354	0.479217	-1.203724	-28.129887	-0.041228	-1.045937	-28.147795	-0.056049	-1.065036	-27.784089	-0.040271	-1.132206	-27.824732	-0.076779	-1.211284
489	6.780001	00:00:06:57	-28.033489	1.653603	-1.248123	-27.936948	1.654263	-1.155824	-28.025750	1.630775	-1.114732	-27.988105	1.559456	-1.165202	-27.969110	1.534964	-1.096089	-28.126002	1.534051	-1.119881	-27.853227	1.545127	-1.239626	-27.785986	1.573481	-0.931153	-27.988782	0.722204	-1.627699	-27.495722	1.543563	-0.756397	-28.072669	-0.025201	-2.081963	-27.481682	1.553340	-0.774189	-28.102987	-0.037374	-2.027791	-27.463544	1.520752	-0.782144	-28.111451	-0.029251	-2.063783	-28.153830	0.999246	-1.064783	-28.153126	0.946382	-1.099372	-27.817609	0.960784	-1.197811	-27.857756	0.957358	-1.222760	-28.160072	0.480695	-1.056174	-27.789090	0.423662	-1.186682	-28.124266	-0.008861	-1.022765	-28.179569	-0.073712	-1.044930	-27.825028	-0.049985	-1.173450	-27.847386	-0.051125	-1.234866
490	6.793894	00:00:06:58	-28.058820	1.621216	-1.235133	-27.919164	1.659753	-1.187107	-28.030408	1.645756	-1.142131	-27.976244	1.542134	-1.158188	-27.993207	1.573134	-1.123042	-28.137916	1.514801	-1.135211	-27.874500	1.556576	-1.234801	-27.812348	1.544996	-0.909554	-27.964926	0.775021	-1.644828	-27.469607	1.534612	-0.775393	-28.082699	-0.014609	-2.079348	-27.485002	1.512061	-0.742812	-28.098385	-0.041615	-2.086267	-27.495549	1.549853	-0.772640	-28.090918	-0.040538	-2.038851	-28.139766	0.968585	-1.028112	-28.148785	0.982026	-1.128469	-27.787668	0.956312	-1.178881	-27.815425	0.939675	-1.250676	-28.169511	0.470425	-1.068375	-27.834619	0.456548	-1.236612	-28.136903	-0.058667	-1.010506	-28.151599	-0.048834	-1.047654	-27.816930	-0.043855	-1.184523	-27.837602	-0.051599	-1.216668
491	6.807788	00:00:06:59	-28.024533	1.678144	-1.214253	-27.901666	1.681916	-1.144926	-28.020171	1.691020	-1.086456	-28.003279	1.564017	-1.134470	-28.000006	1.567200	-1.117753	-28.098028	1.570392	-1.106589	-27.835923	1.539606	-1.226852	-27.801951	1.555202	-0.947516	-27.966126	0.760074	-1.656179	-27.491721	1.528632	-0.769850	-28.078978	-0.069945	-2.035472	-27.490649	1.495091	-0.763678	-28.070684	-0.053208	-2.034471	-27.489027	1.530638	-0.768101	-28.069960	-0.059901	-2.045788	-28.119923	0.969199	-1.054632	-28.171503	0.946602	-1.101976	-27.800268	0.987549	-1.175181	-27.840111	0.976550	-1.219924	-28.172798	0.451609	-1.077180	-27.835150	0.465813	-1.215633	-28.124110	-0.013944	-1.045322	-28.168774	-0.032297	-1.057751	-27.837677	-0.050961	-1.148001	-27.820742	-0.042181	-1.226537
492	6.821681	00:00:06:60	-28.028833	1.643876	-1.256321	-27.947234	1.695468	-1.184940	-28.022578	1.670502	-1.089939	-27.987707	1.581262	-1.145736	-27.950319	1.568747	-1.142521	-28.151467	1.553372	-1.087772	-27.863607	1.544214	-1.175799	-27.832504	1.542459	-0.954192	-27.960619	0.734921	-1.651823	-27.486278	1.544421	-0.751100	-28.070503	-0.063685	-2.055785	-27.525725	1.542401	-0.775512	-28.104274	-0.043501	-2.056106	-27.498673	1.534016	-0.779243	-28.075903	-0.049524	-2.049505	-28.141127	0.984554	-1.075298	-28.143230	0.964616	-1.077427	-27.825890	0.952350	-1.153312	-27.825341	0.971755	-1.233486	-28.143223	0.483728	-1.042484	-27.825049	0.448758	-1.243284	-28.121649	-0.066667	-1.007194	-28.156412	-0.074669	-1.061905	-27.809834	-0.028141	-1.185115	-27.854280	-0.097329	-1.217305
493	6.835575	00:00:06:61	-28.003406	1.587877	-1.256970	-27.922030	1.675597	-1.144760	-28.052007	1.674756	-1.102192	-27.990622	1.546721	-1.167008	-27.958969	1.581501	-1.109995	-28.130819	1.546437	-1.101792	-27.895164	1.529755	-1.181417	-27.824095	1.530575	-0.940328	-27.967240	0.737799	-1.634325	-27.522617	1.540971	-0.778427	-28.079219	-0.054996	-2.083154	-27.496719	1.536290	-0.770156	-28.100250	-0.026794	-2.057854	-27.525907	1.526964	-0.773214	-28.077304	-0.029804	-2.069637	-28.109850	0.975159	-1.029600	-28.135115	0.946928	-1.117004	-27.799164	1.012247	-1.179887	-27.845077	0.942541	-1.251150	-28.150789	0.464731	-1.034564	-27.841291	0.485225	-1.207053	-28.142257	-0.043125	-1.050782	-28.178438	-0.058788	-1.057024	-27.805395	-0.035796	-1.176593	-27.819858	-0.072676	-1.267329
494	6.849468	00:00:06:62	-28.036031	1.626330	-1.247133	-27.935539	1.673170	-1.171944	-28.062907	1.674126	-1.108369	-28.000200	1.577444	-1.167246	-27.989632	1.541474	-1.121662	-28.130008	1.570118	-1.106935	-27.871256	1.524965	-1.216222	-27.805307	1.525828	-0.935730	-27.981424	0.755996	-1.658671	-27.504273	1.535906	-0.785115	-28.111980	-0.078472	-2.043027	-27.485007	1.511182	-0.744891	-28.095054	0.001172	-2.050384	-27.484508	1.533479	-0.759379	-28.129312	-0.048988	-2.077976	-28.135939	0.998451	-1.066444	-28.141965	0.982264	-1.076089	-27.793788	0.946884	-1.173229	-27.824037	0.973508	-1.269195	-28.139663	0.441792	-1.064716	-27.828476	0.433888	-1.193148	-28.116855	-0.100225	-1.028666	-28.162776	-0.057546	-1.078953	-27.819925	-0.058392	-1.141885	-27.808246	-0.031197	-1.228354
495	6.863362	00:00:06:63	-28.018270	1.650844	-1.246585	-27.933162	1.686495	-1.126909	-28.016781	1.701489	-1.108032	-27.993516	1.524759	-1.171378	-27.970037	1.545077	-1.145892	-28.141175	1.546870	-1.104745	-27.860668	1.549304	-1.192821	-27.813759	1.544299	-0.985682	-27.968705	0.760890	-1.639235	-27.496578	1.521352	-0.768360	-28.067974	-0.045372	-2.076021	-27.468919	1.538628	-0.771042	-28.068692	-0.047879	-2.061990	-27.517920	1.525584	-0.767861	-28.073636	-0.045318	-2.034798	-28.148588	0.986340	-1.029544	-28.180741	0.955601	-1.115512	-27.819446	0.971789	-1.181561	-27.818190	0.968288	-1.258280	-28.122919	0.483839	-1.071939	-27.831448	0.459338	-1.187833	-28.136406	-0.053719	-1.021837	-28.146870	-0.068374	-1.064877	-27.849995	-0.061361	-1.183118	-27.828153	-0.063447	-1.230330
496	6.877255	00:00:06:64	-28.023211	1.629958	-1.250386	-27.928007	1.659515	-1.164339	-28.024947	1.720279	-1.115021	-27.972716	1.563713	-1.185181	-27.969363	1.533670	-1.149685	-28.109830	1.554329	-1.104359	-27.861954	1.543401	-1.217365	-27.815434	1.531514	-0.935645	-27.942000	0.768186	-1.661331	-27.509642	1.514494	-0.797924	-28.098063	-0.059006	-2.058119	-27.492042	1.549115	-0.783277	-28.083612	-0.011448	-2.080999	-27.473158	1.557265	-0.812888	-28.063099	-0.030887	-2.056756	-28.141083	0.969291	-1.000946	-28.169993	0.963789	-1.099858	-27.813817	0.970398	-1.171725	-27.836166	0.995933	-1.253973	-28.147908	0.463115	-1.069987	-27.791243	0.432585	-1.214070	-28.116856	-0.007114	-1.040164	-28.150142	-0.020041	-1.059887	-27.806539	-0.045863	-1.170992	-27.855331	-0.056783	-1.216294
497	6.891148	00:00:06:65	-28.028923	1.634078	-1.216705	-27.921426	1.667325	-1.163504	-28.047117	1.650049	-1.122676	-27.983339	1.541535	-1.148377	-27.964650	1.545947	-1.132176	-28.131877	1.572180	-1.100369	-27.862927	1.584077	-1.217893	-27.806514	1.549101	-0.925123	-27.967397	0.700102	-1.673131	-27.493251	1.560819	-0.777133	-28.109013	-0.045204	-2.091278	-27.478889	1.521558	-0.784350	-28.084373	-0.049189	-2.048227	-27.508819	1.569548	-0.783303	-28.086121	-0.030762	-2.042834	-28.103890	0.982049	-1.038345	-28.159395	0.968591	-1.109763	-27.818673	1.002591	-1.212212	-27.839051	0.936498	-1.241954	-28.179229	0.487983	-1.052112	-27.842411	0.493567	-1.197173	-28.124813	-0.048932	-1.040687	-28.142440	-0.052864	-1.103262	-27.822137	-0.034102	-1.137324	-27.805690	-0.046239	-1.212576
498	6.905042	00:00:06:66	-28.032199	1.652022	-1.230121	-27.935242	1.655841	-1.157695	-28.036228	1.673545	-1.106038	-28.023090	1.574476	-1.162293	-27.964293	1.566183	-1.153552	-28.144158	1.555885	-1.113909	-27.832061	1.505825	-1.227952	-27.836106	1.526906	-0.889143	-27.971653	0.746361	-1.665879	-27.491907	1.535750	-0.806652	-28.095033	-0.005818	-2.061637	-27.490003	1.529518	-0.833660	-28.084875	-0.060718	-2.055878	-27.512120	1.523641	-0.771318	-28.103238	-0.083444	-2.072495	-28.138235	0.989614	-1.044265	-28.140995	0.972774	-1.087512	-27.829174	0.987649	-1.193581	-27.852199	0.933073	-1.240730	-28.150584	0.458854	-1.060620	-27.827938	0.453781	-1.215846	-28.154611	-0.085258	-1.024223	-28.187302	-0.068319	-1.072251	-27.802781	-0.010279	-1.179633	-27.841789	-0.047907	-1.219900
499	6.918935	00:00:06:67	-28.009831	1.635430	-1.257142	-27.942994	1.648267	-1.145072	-28.042092	1.662251	-1.096047	-27.967279	1.538143	-1.163608	-27.967409	1.523346	-1.098515	-28.154679	1.518366	-1.089246	-27.844563	1.564898	-1.220344	-27.810697	1.543136	-0.956885	-27.990732	0.738260	-1.632304	-27.506775	1.517080	-0.783628	-28.104668	-0.050825	-2.067959	-27.505908	1.567101	-0.778671	-28.107568	-0.027674	-2.082828	-27.448560	1.533927	-0.784643	-28.076343	-0.057738	-2.065763	-28.157797	1.006902	-1.031982	-28.168545	0.975126	-1.115369	-27.818606	0.987194	-1.189851	-27.841937	0.953405	-1.238939	-28.202715	0.468791	-1.083239	-27.809518	0.477406	-1.207738	-28.132415	-0.032288	-1.039204	-28.175768	-0.062714	-1.087561	-27.840738	-0.059182	-1.168167	-27.857983	-0.069996	-1.210829
500	6.932829	00:00:06:68	-28.022974	1.646829	-1.241677	-27.919389	1.681815	-1.158666	-28.041781	1.665979	-1.109247	-27.991644	1.540453	-1.168619	-27.986880	1.564031	-1.143718	-28.131558	1.538857	-1.088692	-27.902378	1.547748	-1.209599	-27.801287	1.560761	-0.907621	-27.985850	0.772216	-1.630835	-27.480358	1.546950	-0.743065	-28.085435	-0.055985	-2.051588	-27.498577	1.506114	-0.793096	-28.091655	-0.061430	-2.064918	-27.486939	1.555215	-0.786626	-28.085229	-0.055527	-2.104019	-28.146641	0.980127	-1.067544	-28.172108	0.960118	-1.088175	-27.819576	1.002887	-1.222164	-27.813786	0.954704	-1.296081	-28.144011	0.460981	-1.066070	-27.835045	0.456528	-1.231502	-28.133537	-0.064245	-1.023224	-28.176857	-0.040849	-1.063615	-27.788226	-0.049027	-1.196214	-27.832113	-0.090113	-1.212631
501	6.946722	00:00:06:69	-28.049268	1.634442	-1.246856	-27.944690	1.680485	-1.171876	-28.034508	1.690863	-1.118689	-27.974219	1.548005	-1.181561	-27.995461	1.568613	-1.175480	-28.138637	1.531361	-1.103840	-27.875488	1.528898	-1.250573	-27.840225	1.565533	-0.929954	-27.979357	0.763226	-1.640475	-27.488139	1.501014	-0.782769	-28.089496	-0.017560	-2.064115	-27.491984	1.534293	-0.744316	-28.068645	-0.037396	-2.079998	-27.508018	1.554294	-0.754361	-28.113596	-0.022715	-2.049749	-28.117699	1.012009	-1.022592	-28.124628	0.941615	-1.036623	-27.788718	0.977806	-1.171067	-27.827423	0.988455	-1.243650	-28.161635	0.450126	-1.068969	-27.832494	0.461266	-1.222148	-28.143272	-0.039459	-1.018147	-28.161670	-0.050506	-1.030787	-27.791941	-0.030270	-1.185699	-27.820201	-0.040280	-1.209075
502	6.960616	00:00:06:70	-28.016074	1.649279	-1.240319	-27.942672	1.693232	-1.155141	-28.017157	1.663700	-1.075453	-27.983113	1.549916	-1.161520	-27.976826	1.563300	-1.141893	-28.147707	1.573702	-1.086779	-27.853553	1.558294	-1.205207	-27.780723	1.539299	-0.944917	-27.976658	0.765569	-1.623678	-27.471564	1.503789	-0.810287	-28.073264	-0.062567	-2.064357	-27.486045	1.529196	-0.777310	-28.123788	-0.033516	-2.077711	-27.481721	1.521742	-0.783763	-28.092428	-0.066301	-2.089747	-28.129944	0.989852	-1.068806	-28.174529	0.978632	-1.051569	-27.870013	0.983814	-1.193848	-27.828423	0.978461	-1.214375	-28.159083	0.462249	-1.047789	-27.811452	0.439923	-1.195276	-28.121019	-0.055506	-1.019666	-28.116708	-0.081463	-1.061661	-27.811733	-0.060536	-1.163000	-27.844627	-0.046436	-1.218103
503	6.974509	00:00:06:71	-28.034958	1.640163	-1.248799	-27.914001	1.681247	-1.147252	-28.038513	1.662715	-1.085893	-27.977316	1.537393	-1.164438	-27.993276	1.555594	-1.143682	-28.128284	1.530773	-1.092687	-27.867518	1.547003	-1.197018	-27.788473	1.519290	-0.939019	-27.958651	0.763911	-1.636042	-27.506465	1.539603	-0.765429	-28.101818	-0.058649	-2.029861	-27.479517	1.556936	-0.775791	-28.111670	-0.045436	-2.073631	-27.492596	1.499958	-0.777399	-28.074553	-0.037241	-2.069880	-28.121413	0.984045	-1.037970	-28.160727	0.981509	-1.098625	-27.793258	0.985343	-1.193224	-27.844730	0.991937	-1.252790	-28.129236	0.443487	-1.027623	-27.816855	0.462720	-1.185356	-28.148053	-0.039908	-1.045324	-28.184375	-0.070403	-1.082284	-27.817404	-0.061958	-1.148028	-27.838014	-0.071244	-1.214180
504	6.988403	00:00:06:00	-28.043438	1.651311	-1.209048	-27.946653	1.685534	-1.146282	-28.023558	1.693152	-1.102487	-27.994473	1.526680	-1.166373	-27.967529	1.574263	-1.102623	-28.148062	1.523119	-1.090337	-27.846364	1.530166	-1.214240	-27.792466	1.514703	-0.943387	-27.971658	0.772061	-1.662381	-27.478070	1.519953	-0.794960	-28.108576	-0.081645	-2.043554	-27.479361	1.541783	-0.757347	-28.085855	-0.050765	-2.070289	-27.473385	1.528486	-0.774207	-28.108320	-0.064529	-2.038349	-28.169434	0.948413	-1.033011	-28.129890	0.957248	-1.086442	-27.825991	1.000444	-1.191981	-27.859677	0.948415	-1.209618	-28.149802	0.403738	-1.058973	-27.815288	0.439702	-1.199094	-28.144387	-0.027049	-1.011651	-28.179356	-0.067751	-1.049616	-27.798096	-0.046593	-1.189845	-27.808555	-0.038220	-1.199228
505	7.002296	00:00:07:01	-28.026395	1.662446	-1.220867	-27.937474	1.658595	-1.188128	-28.009163	1.646395	-1.078345	-28.008583	1.553255	-1.160631	-27.961441	1.535749	-1.123277	-28.088443	1.544863	-1.079171	-27.865393	1.535914	-1.220401	-27.811818	1.544778	-0.939545	-27.942477	0.771361	-1.602556	-27.507915	1.524589	-0.784836	-28.103447	-0.054102	-2.063164	-27.516319	1.546422	-0.795443	-28.080045	-0.024536	-2.075464	-27.474645	1.544382	-0.766748	-28.107999	-0.063522	-2.050360	-28.131181	1.007117	-1.038363	-28.147675	0.973820	-1.110438	-27.799990	0.994854	-1.211369	-27.824775	0.944888	-1.245260	-28.168831	0.390768	-1.048772	-27.830908	0.435889	-1.215845	-28.152327	-0.047520	-1.021037	-28.135271	-0.044926	-1.062875	-27.826771	-0.057861	-1.137935	-27.843234	-0.057952	-1.243391
506	7.016189	00:00:07:02	-28.010449	1.653757	-1.220363	-27.910384	1.636301	-1.131059	-28.033017	1.644671	-1.115307	-28.000861	1.537911	-1.146233	-27.977244	1.552220	-1.100481	-28.137627	1.545028	-1.112444	-27.852657	1.524758	-1.189837	-27.799826	1.534705	-0.950740	-27.958329	0.768743	-1.643870	-27.491907	1.536370	-0.775164	-28.106826	-0.066173	-2.078324	-27.474864	1.553300	-0.762987	-28.065037	-0.080024	-2.062789	-27.487123	1.483479	-0.776002	-28.071721	-0.075989	-2.092150	-28.143796	0.985179	-1.035464	-28.152601	0.977306	-1.071356	-27.803297	1.015837	-1.222712	-27.842316	0.974377	-1.220079	-28.178091	0.464486	-1.038098	-27.800923	0.447307	-1.186128	-28.136258	-0.064358	-1.024223	-28.140709	-0.058428	-1.045387	-27.802020	-0.053031	-1.170550	-27.853795	-0.080769	-1.221472
507	7.030083	00:00:07:03	-28.050750	1.615054	-1.198382	-27.938163	1.678880	-1.179010	-28.021739	1.672718	-1.100435	-27.990049	1.548216	-1.128935	-27.989435	1.546609	-1.146793	-28.134283	1.569890	-1.077239	-27.879891	1.551732	-1.214045	-27.791541	1.528837	-0.959671	-27.969050	0.732117	-1.673567	-27.469068	1.545115	-0.787698	-28.103412	-0.079784	-2.078146	-27.494926	1.533617	-0.786885	-28.118643	-0.030602	-2.077645	-27.516679	1.533193	-0.799816	-28.107650	-0.051516	-2.046766	-28.155058	0.981581	-1.030729	-28.146454	0.983228	-1.066375	-27.820887	0.974986	-1.216540	-27.836324	0.967226	-1.251440	-28.129313	0.456087	-1.065410	-27.791360	0.469915	-1.239618	-28.160375	-0.057148	-1.025838	-28.169844	-0.072618	-1.080851	-27.792325	-0.100469	-1.154846	-27.858183	-0.052349	-1.223010
508	7.043976	00:00:07:04	-28.037465	1.680006	-1.185135	-27.897482	1.676226	-1.145607	-28.011777	1.678821	-1.098656	-27.982636	1.527716	-1.173602	-27.984739	1.523168	-1.131118	-28.137521	1.538434	-1.097625	-27.873006	1.538664	-1.209870	-27.851016	1.541388	-0.957266	-27.996736	0.765065	-1.648142	-27.497064	1.517765	-0.786918	-28.082028	-0.013740	-2.074153	-27.521211	1.528990	-0.819668	-28.091572	-0.080511	-2.073851	-27.491493	1.553752	-0.750021	-28.102186	-0.065984	-2.036441	-28.147140	0.975474	-1.051953	-28.177987	0.950179	-1.097260	-27.843139	0.975782	-1.186709	-27.829323	0.936413	-1.252025	-28.145153	0.464783	-1.027691	-27.813304	0.456326	-1.208635	-28.135045	-0.024315	-1.049155	-28.159064	-0.065269	-1.073891	-27.793149	-0.044509	-1.182372	-27.817036	-0.046493	-1.232396
509	7.057870	00:00:07:05	-28.041057	1.606271	-1.193060	-27.952838	1.668966	-1.181855	-28.053705	1.685282	-1.078400	-27.998917	1.533962	-1.141562	-27.957326	1.562424	-1.125971	-28.102686	1.554239	-1.130184	-27.856949	1.527684	-1.210543	-27.800563	1.530910	-0.918263	-27.990765	0.756176	-1.633432	-27.484577	1.507421	-0.802477	-28.113353	-0.038292	-2.058791	-27.467369	1.491379	-0.787930	-28.086877	-0.033065	-2.040127	-27.489847	1.515379	-0.799187	-28.089318	-0.038987	-2.050208	-28.137909	0.981064	-1.013506	-28.131754	0.974567	-1.105476	-27.802057	0.964004	-1.205781	-27.823052	0.949808	-1.224285	-28.116951	0.448587	-1.074087	-27.829388	0.430193	-1.208132	-28.142340	-0.044990	-1.011638	-28.175042	-0.051211	-1.087055	-27.828973	-0.051487	-1.188426	-27.818518	-0.054590	-1.184836
510	7.071763	00:00:07:06	-28.032033	1.622856	-1.235595	-27.901853	1.656466	-1.183315	-28.024835	1.636077	-1.112417	-28.004200	1.545511	-1.178759	-27.970963	1.529482	-1.122556	-28.169161	1.538724	-1.079347	-27.850935	1.526304	-1.185751	-27.786428	1.530672	-0.912062	-27.979114	0.768013	-1.663085	-27.490437	1.543782	-0.779650	-28.077643	-0.047290	-2.052083	-27.487133	1.530503	-0.775844	-28.126050	-0.055447	-2.081219	-27.467633	1.528286	-0.777997	-28.063009	-0.091812	-2.064531	-28.132490	0.987344	-1.034681	-28.157007	0.940862	-1.052495	-27.782360	0.959670	-1.198920	-27.846090	0.966934	-1.265070	-28.153533	0.445029	-1.033960	-27.835847	0.432650	-1.213977	-28.140209	-0.030216	-1.026635	-28.145681	-0.082496	-1.093900	-27.805648	-0.051064	-1.194649	-27.810517	-0.050395	-1.189660
511	7.085657	00:00:07:07	-28.020459	1.668988	-1.222457	-27.902288	1.646492	-1.177735	-28.020465	1.666130	-1.094608	-27.987983	1.539869	-1.156740	-27.975057	1.532437	-1.103536	-28.108333	1.562539	-1.106461	-27.869817	1.533192	-1.229847	-27.833464	1.542219	-0.913598	-27.975267	0.765322	-1.683206	-27.517996	1.539234	-0.776075	-28.099709	-0.050760	-2.068823	-27.488026	1.521913	-0.786945	-28.092845	-0.041612	-2.059205	-27.491286	1.520974	-0.788517	-28.105893	-0.042579	-2.032119	-28.140164	0.981675	-1.042310	-28.155357	0.955760	-1.124323	-27.803284	0.984683	-1.188137	-27.825417	0.955459	-1.245535	-28.127027	0.477995	-1.059171	-27.797334	0.453879	-1.228175	-28.141424	-0.017624	-1.036432	-28.151766	-0.056809	-1.075285	-27.826523	-0.038626	-1.197747	-27.827928	-0.086928	-1.241238
512	7.099550	00:00:07:08	-28.011022	1.614923	-1.220402	-27.930595	1.666520	-1.130807	-28.047138	1.676009	-1.098181	-27.978814	1.530410	-1.149118	-27.959483	1.567814	-1.151440	-28.119117	1.552175	-1.077266	-27.843507	1.539129	-1.189970	-27.793316	1.533536	-0.949127	-27.989718	0.767842	-1.649951	-27.468034	1.544636	-0.786343	-28.100966	-0.034149	-2.019810	-27.487468	1.529838	-0.791519	-28.099531	-0.028439	-2.049070	-27.507619	1.506652	-0.784812	-28.068114	-0.031475	-2.040682	-28.141522	1.000315	-1.041636	-28.166574	0.966790	-1.084723	-27.801551	0.970588	-1.199377	-27.807174	0.954481	-1.248566	-28.121572	0.447598	-1.075568	-27.806544	0.473503	-1.205877	-28.117692	-0.029394	-1.005697	-28.166333	-0.081579	-1.077601	-27.777255	-0.039672	-1.130349	-27.837373	-0.073945	-1.203291
513	7.113444	00:00:07:09	-28.025820	1.635209	-1.257570	-27.954174	1.686752	-1.131942	-28.045600	1.670246	-1.085765	-28.006100	1.541162	-1.109134	-27.984500	1.524792	-1.122593	-28.124358	1.518159	-1.115441	-27.846712	1.517029	-1.233730	-27.812722	1.534712	-0.922616	-27.986365	0.776825	-1.622517	-27.484771	1.537118	-0.773896	-28.105970	-0.070851	-2.072449	-27.494181	1.548677	-0.797689	-28.109721	-0.034039	-2.082137	-27.503058	1.516120	-0.787528	-28.092969	-0.028938	-2.045207	-28.126118	0.994317	-1.047610	-28.175356	0.936550	-1.071190	-27.815862	0.993627	-1.176720	-27.822249	0.977462	-1.241279	-28.143580	0.445213	-1.052926	-27.850915	0.432445	-1.224362	-28.138639	-0.101415	-1.001699	-28.147494	-0.100364	-1.045732	-27.807952	-0.051202	-1.175139	-27.840558	-0.063045	-1.225920
514	7.127337	00:00:07:10	-28.042080	1.602363	-1.194449	-27.923673	1.689833	-1.150544	-28.024542	1.680370	-1.088389	-27.987201	1.549547	-1.144304	-27.992229	1.579888	-1.097697	-28.107023	1.536946	-1.098067	-27.867886	1.526253	-1.237903	-27.818619	1.539808	-0.951472	-27.959718	0.738984	-1.628617	-27.455683	1.542448	-0.783700	-28.089426	-0.035525	-2.060349	-27.490259	1.528400	-0.781786	-28.086828	-0.021623	-2.049821	-27.507400	1.510017	-0.771922	-28.132701	-0.042206	-2.066571	-28.146957	0.959255	-1.037962	-28.162366	0.952201	-1.102894	-27.798278	0.966495	-1.198851	-27.805338	0.958160	-1.255152	-28.138692	0.452549	-1.053146	-27.816740	0.460696	-1.235828	-28.127151	-0.012190	-1.014694	-28.136699	-0.075894	-1.054865	-27.826283	-0.044595	-1.175473	-27.835194	-0.082457	-1.209243
515	7.141230	00:00:07:11	-28.020762	1.619747	-1.247581	-27.897879	1.689290	-1.155220	-28.047139	1.690636	-1.100921	-27.980754	1.522591	-1.149945	-27.976374	1.582381	-1.130296	-28.120319	1.566324	-1.114863	-27.863288	1.548081	-1.235574	-27.784271	1.517341	-0.901964	-27.980079	0.731021	-1.631690	-27.480084	1.527000	-0.787905	-28.097214	-0.013068	-2.058158	-27.482544	1.528676	-0.780180	-28.080164	-0.072306	-2.075373	-27.463870	1.515866	-0.802182	-28.087101	-0.013529	-2.034068	-28.126771	0.979278	-1.029197	-28.176141	0.946058	-1.094342	-27.805157	0.988309	-1.196220	-27.848145	0.949037	-1.234211	-28.155351	0.445751	-1.075120	-27.831811	0.430224	-1.204819	-28.132319	-0.044781	-1.023142	-28.142913	-0.082137	-1.081744	-27.807501	-0.033794	-1.158978	-27.835489	-0.060798	-1.215745
516	7.155124	00:00:07:12	-27.990187	1.645684	-1.206092	-27.940121	1.655361	-1.155438	-28.038559	1.649080	-1.099258	-27.995946	1.566222	-1.159455	-27.983809	1.571954	-1.125133	-28.121923	1.538658	-1.120423	-27.842709	1.531845	-1.220987	-27.811997	1.551275	-0.911778	-27.975943	0.749203	-1.643367	-27.481674	1.528921	-0.766047	-28.068447	-0.040629	-2.095922	-27.499002	1.524253	-0.779704	-28.098064	-0.042348	-2.064705	-27.459909	1.547230	-0.757055	-28.093569	-0.046719	-2.052058	-28.138360	0.995239	-1.070018	-28.147615	0.955540	-1.075811	-27.779292	0.981329	-1.175066	-27.839957	0.948635	-1.258829	-28.144872	0.442679	-1.051911	-27.811626	0.457010	-1.197531	-28.123448	-0.057977	-0.977519	-28.167509	-0.093577	-1.085281	-27.825363	-0.076553	-1.180311	-27.862556	-0.086644	-1.228890
517	7.169017	00:00:07:13	-28.058209	1.625695	-1.233986	-27.939040	1.684265	-1.141506	-28.057643	1.662600	-1.101893	-27.994081	1.522858	-1.155043	-27.980902	1.546606	-1.112189	-28.124603	1.570141	-1.096902	-27.869503	1.550394	-1.206016	-27.815116	1.556272	-0.955477	-28.003467	0.743475	-1.639761	-27.477926	1.559375	-0.806696	-28.105104	-0.016690	-2.052796	-27.475642	1.517695	-0.789739	-28.113322	-0.042388	-2.064449	-27.479698	1.537430	-0.803681	-28.110797	-0.042523	-2.027153	-28.171441	0.959683	-1.040640	-28.144636	0.953996	-1.116788	-27.786889	0.971804	-1.192086	-27.851412	0.946918	-1.228335	-28.141935	0.469549	-1.090256	-27.790275	0.464878	-1.177454	-28.124744	-0.047193	-1.030787	-28.159311	-0.074467	-1.086174	-27.826076	-0.032171	-1.180718	-27.823267	-0.051081	-1.217271
518	7.182911	00:00:07:14	-28.031596	1.635259	-1.268051	-27.926849	1.700466	-1.155324	-28.022627	1.668304	-1.117086	-27.975642	1.550135	-1.161894	-27.963914	1.549719	-1.134511	-28.117227	1.542097	-1.095318	-27.885303	1.551706	-1.229078	-27.833941	1.533888	-0.992108	-27.968960	0.753201	-1.665689	-27.493234	1.520118	-0.775757	-28.114786	-0.050584	-2.098802	-27.481573	1.538426	-0.791418	-28.110189	-0.046785	-2.087900	-27.465626	1.534862	-0.802473	-28.086814	-0.043624	-2.062922	-28.106177	0.999216	-1.043393	-28.167826	0.963896	-1.109980	-27.819173	0.990517	-1.185471	-27.830727	0.965525	-1.253935	-28.148451	0.468195	-1.072162	-27.829733	0.443870	-1.199648	-28.141737	-0.049358	-1.014975	-28.149597	-0.059194	-1.068824	-27.810136	-0.043875	-1.181980	-27.806856	-0.090776	-1.190524
519	7.196804	00:00:07:15	-28.046891	1.621724	-1.253669	-27.905559	1.671635	-1.137952	-28.015669	1.641783	-1.108735	-27.988545	1.547386	-1.131645	-28.009810	1.548321	-1.118821	-28.153196	1.545061	-1.098510	-27.873883	1.564489	-1.225484	-27.807489	1.533883	-0.973886	-27.991920	0.715004	-1.652235	-27.482555	1.531171	-0.796056	-28.097576	-0.066846	-2.049532	-27.473286	1.551267	-0.806820	-28.072626	-0.049182	-2.050223	-27.469531	1.537843	-0.751564	-28.124231	-0.024688	-2.072485	-28.115146	0.989049	-1.013767	-28.161928	0.966570	-1.122127	-27.851848	1.007405	-1.185955	-27.851485	0.980958	-1.254445	-28.139911	0.477253	-1.069539	-27.832845	0.448604	-1.217078	-28.138429	-0.039536	-1.006604	-28.156098	-0.073916	-1.079178	-27.823557	-0.015435	-1.174417	-27.842724	-0.093798	-1.226165
520	7.210698	00:00:07:16	-28.028306	1.617485	-1.243972	-27.943414	1.646424	-1.140839	-28.047902	1.653084	-1.104480	-27.989213	1.530862	-1.163121	-27.996902	1.568188	-1.102809	-28.088428	1.580581	-1.099073	-27.851117	1.570646	-1.220500	-27.750988	1.554066	-0.918449	-27.977481	0.747811	-1.631701	-27.521664	1.557752	-0.780497	-28.094761	-0.053568	-2.075155	-27.472417	1.533962	-0.789696	-28.112877	-0.056608	-2.060563	-27.475041	1.526802	-0.812284	-28.061138	-0.045297	-2.071864	-28.155103	1.004391	-1.051665	-28.160320	0.960293	-1.040360	-27.799779	0.980981	-1.174472	-27.850082	0.951522	-1.247576	-28.145138	0.454702	-1.064305	-27.808991	0.481992	-1.177989	-28.158710	-0.034846	-1.023896	-28.168855	-0.071135	-1.060378	-27.813412	-0.041209	-1.167247	-27.834546	-0.083894	-1.205708
521	7.224591	00:00:07:17	-28.009527	1.629400	-1.211470	-27.943780	1.677770	-1.156259	-28.024701	1.681962	-1.099554	-27.985780	1.550326	-1.144491	-27.993739	1.560537	-1.138516	-28.128928	1.540534	-1.081787	-27.827530	1.505988	-1.191703	-27.811266	1.509567	-0.945938	-27.959671	0.756787	-1.659616	-27.490453	1.531068	-0.783245	-28.102823	-0.042664	-2.053158	-27.493146	1.546130	-0.765788	-28.116254	-0.049387	-2.084344	-27.486202	1.556356	-0.747362	-28.097295	-0.036321	-2.064308	-28.136069	0.945137	-1.041991	-28.146386	0.961293	-1.094015	-27.788187	0.982683	-1.225947	-27.811974	0.937689	-1.199300	-28.151638	0.455493	-1.071904	-27.836958	0.476466	-1.212066	-28.122627	-0.053731	-1.013321	-28.153796	-0.088868	-1.058434	-27.796900	-0.032420	-1.138275	-27.806794	-0.056709	-1.242088
522	7.238485	00:00:07:18	-28.003155	1.643276	-1.239865	-27.895622	1.664588	-1.182706	-28.008314	1.669931	-1.085933	-27.978044	1.550646	-1.125301	-27.950857	1.594318	-1.137758	-28.135131	1.566105	-1.115826	-27.876433	1.556714	-1.215058	-27.831228	1.521341	-0.938577	-27.979271	0.754289	-1.626156	-27.481642	1.557539	-0.784764	-28.130948	-0.033124	-2.069681	-27.463577	1.537613	-0.738260	-28.089161	-0.037959	-2.047808	-27.466614	1.525007	-0.793947	-28.109428	-0.056647	-2.031558	-28.155341	0.999831	-1.058555	-28.160721	0.968678	-1.069689	-27.810354	0.993745	-1.179083	-27.820356	0.977360	-1.235578	-28.174053	0.444740	-1.041239	-27.828096	0.463821	-1.229075	-28.139998	-0.060804	-1.001145	-28.111048	-0.029221	-1.085073	-27.813662	-0.013385	-1.166295	-27.849274	-0.069779	-1.237168
523	7.252378	00:00:07:19	-28.037082	1.635514	-1.207972	-27.936591	1.669218	-1.152788	-28.010882	1.690983	-1.094997	-27.992946	1.539608	-1.147856	-28.012667	1.537556	-1.096330	-28.104702	1.513479	-1.086739	-27.866702	1.541829	-1.204663	-27.806894	1.515908	-0.945261	-27.982422	0.757121	-1.605381	-27.472736	1.540426	-0.766560	-28.117539	-0.048300	-2.083775	-27.486233	1.534941	-0.794466	-28.075741	-0.055823	-2.068915	-27.452264	1.539635	-0.785202	-28.081270	-0.047788	-2.061840	-28.154955	0.987245	-1.047059	-28.149928	0.939100	-1.064256	-27.803572	0.989291	-1.205948	-27.837229	0.963152	-1.206784	-28.118711	0.457068	-1.060941	-27.812837	0.455767	-1.222064	-28.133428	-0.078329	-1.027617	-28.173068	-0.064257	-1.056424	-27.777594	-0.028618	-1.181895	-27.809576	-0.053047	-1.214884
524	7.266271	00:00:07:20	-28.023084	1.616535	-1.216833	-27.907617	1.692584	-1.146418	-28.011255	1.678108	-1.117621	-27.997481	1.542195	-1.169557	-27.966370	1.568750	-1.128656	-28.168743	1.543947	-1.125155	-27.852722	1.550751	-1.215846	-27.826036	1.530849	-0.946502	-27.962244	0.751537	-1.619370	-27.502808	1.546851	-0.794053	-28.083721	-0.046711	-2.091509	-27.497837	1.505610	-0.779664	-28.119065	-0.053064	-2.037767	-27.465622	1.496666	-0.756194	-28.089473	-0.049660	-2.068491	-28.135932	1.000030	-1.031344	-28.168341	0.944386	-1.066655	-27.795494	0.969255	-1.175346	-27.839925	0.956786	-1.235114	-28.166968	0.460597	-1.043429	-27.786033	0.446290	-1.216682	-28.116964	-0.066507	-1.013894	-28.169878	-0.055085	-1.077309	-27.805954	-0.032225	-1.182420	-27.840297	-0.053689	-1.223714
525	7.280165	00:00:07:21	-28.010510	1.633950	-1.237350	-27.933228	1.671982	-1.129478	-28.036928	1.693512	-1.112032	-28.026710	1.560693	-1.202078	-27.989262	1.521798	-1.140869	-28.128459	1.557293	-1.074503	-27.847754	1.554117	-1.240171	-27.813003	1.551496	-0.916947	-27.980470	0.747912	-1.656726	-27.471228	1.563843	-0.805992	-28.074345	-0.084302	-2.043904	-27.452151	1.522008	-0.802519	-28.129001	-0.040470	-2.050987	-27.475501	1.546618	-0.801590	-28.097162	-0.072202	-2.047663	-28.141195	0.981041	-1.042221	-28.148455	0.951794	-1.097421	-27.810900	0.976322	-1.190512	-27.836539	0.963730	-1.242023	-28.154396	0.431236	-1.029575	-27.843323	0.462570	-1.200385	-28.133163	0.008269	-1.019780	-28.168350	-0.057482	-1.029661	-27.809802	-0.058073	-1.199734	-27.817517	-0.062829	-1.191340
526	7.294058	00:00:07:22	-28.012228	1.628486	-1.221051	-27.939357	1.669634	-1.160913	-28.043370	1.682679	-1.124642	-28.000114	1.547718	-1.164615	-27.998322	1.546184	-1.155837	-28.146093	1.535405	-1.113582	-27.866956	1.555003	-1.207671	-27.807089	1.563246	-0.939141	-28.005054	0.780677	-1.649836	-27.503994	1.549413	-0.781271	-28.088299	-0.066755	-2.053762	-27.464721	1.528271	-0.782799	-28.107339	-0.057709	-2.039815	-27.476006	1.513436	-0.797255	-28.103215	-0.026914	-2.067731	-28.111700	0.996807	-1.021928	-28.131534	0.954776	-1.107325	-27.782797	0.993038	-1.181805	-27.824535	0.962306	-1.247486	-28.174583	0.461094	-1.054219	-27.829025	0.442291	-1.197450	-28.144474	-0.077708	-0.999421	-28.153815	-0.066340	-1.067884	-27.806483	-0.040604	-1.194968	-27.852993	-0.078382	-1.253436
527	7.307952	00:00:07:23	-28.020460	1.638854	-1.220460	-27.920464	1.710225	-1.175410	-28.050423	1.622593	-1.113015	-27.979826	1.565929	-1.159823	-28.001651	1.527460	-1.125869	-28.144220	1.530183	-1.055753	-27.865483	1.561036	-1.218599	-27.798666	1.546678	-0.939449	-28.020455	0.725263	-1.641762	-27.455237	1.548992	-0.790374	-28.097273	-0.067408	-2.074111	-27.480141	1.553367	-0.805741	-28.128788	-0.028175	-2.032797	-27.466296	1.523677	-0.797905	-28.084243	-0.063245	-2.059549	-28.119290	0.968171	-1.020399	-28.151501	0.954033	-1.104955	-27.836469	1.007788	-1.185875	-27.822280	1.011035	-1.251624	-28.137085	0.458908	-1.034225	-27.820227	0.464528	-1.202090	-28.106377	-0.041782	-1.023417	-28.170779	-0.056277	-1.065787	-27.833818	-0.053104	-1.170248	-27.826984	-0.059717	-1.203490
528	7.321845	00:00:07:24	-28.035384	1.622005	-1.247435	-27.916161	1.676103	-1.145437	-28.038067	1.704147	-1.109529	-28.000524	1.520644	-1.149229	-27.958549	1.603187	-1.136610	-28.147502	1.531194	-1.078817	-27.856950	1.537114	-1.244431	-27.789781	1.529959	-0.901337	-27.970858	0.757272	-1.653588	-27.488733	1.542248	-0.802915	-28.131799	-0.052205	-2.094525	-27.463616	1.538546	-0.794401	-28.059897	-0.061449	-2.067990	-27.475398	1.560767	-0.791189	-28.097351	-0.046217	-2.067492	-28.126531	0.974321	-1.031925	-28.171410	0.964151	-1.055864	-27.841634	0.978503	-1.207350	-27.848342	0.965196	-1.246123	-28.112070	0.450754	-1.027818	-27.845223	0.459647	-1.204730	-28.139767	-0.032669	-1.013292	-28.141770	-0.035866	-1.073666	-27.785123	-0.030252	-1.178194	-27.828228	-0.057428	-1.257797
529	7.335739	00:00:07:25	-28.027890	1.627090	-1.198535	-27.927278	1.674679	-1.148923	-28.050193	1.639855	-1.099613	-27.944306	1.548152	-1.147644	-27.974115	1.574201	-1.103855	-28.132255	1.570048	-1.069153	-27.836915	1.545574	-1.217503	-27.812316	1.547228	-0.945434	-27.958165	0.770753	-1.650545	-27.477254	1.546841	-0.819563	-28.117575	-0.011821	-2.079622	-27.451730	1.512508	-0.803126	-28.089000	-0.048876	-2.055443	-27.474686	1.532287	-0.769511	-28.110044	-0.056591	-2.051081	-28.101929	0.964697	-1.042118	-28.134828	0.955848	-1.084633	-27.798862	0.977005	-1.206844	-27.829220	0.950702	-1.270338	-28.149392	0.449469	-1.068593	-27.835522	0.467964	-1.220106	-28.131033	-0.086831	-1.058799	-28.163068	-0.060536	-1.076714	-27.800835	-0.061392	-1.179331	-27.825534	-0.020314	-1.225889
530	7.349632	00:00:07:26	-28.013459	1.616238	-1.212421	-27.901073	1.655235	-1.161740	-28.058013	1.663162	-1.097645	-27.982910	1.548454	-1.140733	-27.954876	1.581653	-1.139926	-28.119631	1.545653	-1.108976	-27.854890	1.544300	-1.254436	-27.806562	1.543684	-0.938259	-27.961957	0.744306	-1.662549	-27.491663	1.495921	-0.791059	-28.084706	-0.044324	-2.085508	-27.502722	1.500517	-0.815254	-28.075067	-0.063515	-2.031497	-27.482949	1.512777	-0.761650	-28.099079	-0.077755	-2.094976	-28.132593	0.981508	-1.052336	-28.155707	0.967837	-1.093753	-27.784544	0.952435	-1.180449	-27.842576	0.946515	-1.229066	-28.142753	0.469323	-1.058186	-27.827182	0.448076	-1.216085	-28.099753	-0.013385	-0.996828	-28.179308	-0.065234	-1.052258	-27.819549	-0.044855	-1.175814	-27.846864	-0.059795	-1.247699
531	7.363526	00:00:07:27	-28.048715	1.629491	-1.245259	-27.924204	1.662917	-1.154053	-28.044932	1.674546	-1.088978	-27.988058	1.558871	-1.161731	-28.003044	1.540177	-1.128093	-28.107754	1.541183	-1.092629	-27.870004	1.546006	-1.222638	-27.840162	1.523158	-0.946463	-27.957138	0.755019	-1.624622	-27.474631	1.496806	-0.803063	-28.060205	-0.037441	-2.083117	-27.473195	1.537294	-0.804769	-28.098620	-0.020301	-2.056994	-27.462311	1.541997	-0.786110	-28.107370	-0.028334	-2.066628	-28.117529	1.006421	-1.045363	-28.169535	0.949814	-1.082658	-27.822352	0.977550	-1.187057	-27.850643	0.969162	-1.220075	-28.138848	0.443843	-1.093920	-27.825197	0.478500	-1.214537	-28.127474	-0.025553	-1.029459	-28.183835	-0.086804	-1.073702	-27.782736	-0.078918	-1.190753	-27.828425	-0.089567	-1.231986
532	7.377419	00:00:07:28	-28.033938	1.618072	-1.199633	-27.965202	1.679095	-1.165142	-28.017211	1.648036	-1.102122	-27.985683	1.551111	-1.158591	-27.968217	1.548579	-1.107074	-28.151571	1.563363	-1.093044	-27.841974	1.538413	-1.236857	-27.791788	1.532324	-0.958786	-28.005354	0.740307	-1.649891	-27.469446	1.523344	-0.808516	-28.113814	-0.024677	-2.016212	-27.485016	1.518734	-0.814858	-28.077597	-0.072307	-2.067271	-27.447168	1.560624	-0.817744	-28.078538	-0.035341	-2.049984	-28.133167	0.994652	-1.025266	-28.154863	0.922997	-1.085939	-27.802624	0.956981	-1.203475	-27.803953	0.961856	-1.239107	-28.116933	0.453160	-1.042227	-27.818766	0.472978	-1.194603	-28.128469	-0.056870	-1.035912	-28.112710	-0.052544	-1.110327	-27.822020	-0.051121	-1.164853	-27.834375	-0.059469	-1.246992
533	7.391312	00:00:07:29	-28.011364	1.637173	-1.246519	-27.939726	1.675052	-1.148283	-28.020359	1.659164	-1.102399	-27.991420	1.527204	-1.135869	-27.965929	1.528565	-1.141473	-28.140501	1.515608	-1.094016	-27.828928	1.518348	-1.218903	-27.756054	1.541820	-0.969288	-27.993030	0.743860	-1.638923	-27.461881	1.521538	-0.810981	-28.093278	-0.047873	-2.059821	-27.459001	1.533548	-0.826505	-28.094439	-0.074936	-2.050238	-27.494859	1.500332	-0.784384	-28.092588	-0.048554	-2.054818	-28.102688	0.984413	-1.044696	-28.167660	0.975823	-1.089771	-27.805105	0.960339	-1.211400	-27.818438	0.968800	-1.249864	-28.132075	0.454824	-1.034568	-27.800583	0.457125	-1.193325	-28.126229	-0.073131	-1.041470	-28.183667	-0.069899	-1.086546	-27.793392	-0.037923	-1.188148	-27.816171	-0.057649	-1.217441
534	7.405206	00:00:07:30	-28.020974	1.646771	-1.229338	-27.920633	1.699928	-1.137115	-28.017346	1.681342	-1.090911	-27.969293	1.554668	-1.149702	-27.985510	1.571959	-1.121742	-28.101151	1.572440	-1.062135	-27.825804	1.565206	-1.197364	-27.778923	1.545440	-0.969043	-27.943502	0.770582	-1.662639	-27.457400	1.503947	-0.788100	-28.082286	-0.056542	-2.045808	-27.464325	1.548272	-0.759636	-28.107782	-0.064701	-2.084084	-27.482535	1.532225	-0.796393	-28.079097	-0.045901	-2.071928	-28.135654	0.971428	-1.059962	-28.154402	0.957086	-1.057965	-27.828868	1.031931	-1.197109	-27.818697	0.960726	-1.286054	-28.138851	0.469366	-1.044184	-27.814729	0.473677	-1.242343	-28.118912	-0.034305	-1.001210	-28.113991	-0.065254	-1.069856	-27.791325	-0.038451	-1.189794	-27.810898	-0.051607	-1.256242
535	7.419099	00:00:07:31	-28.017931	1.639200	-1.242268	-27.942475	1.712837	-1.160208	-28.048853	1.653491	-1.097984	-27.984023	1.531032	-1.168006	-27.971207	1.574694	-1.118936	-28.122453	1.556856	-1.099528	-27.847341	1.556154	-1.221302	-27.814313	1.554525	-0.941706	-27.951848	0.726296	-1.665780	-27.468347	1.548972	-0.803212	-28.064342	-0.068401	-2.041987	-27.461385	1.531824	-0.805726	-28.103010	-0.039098	-2.092405	-27.475266	1.546170	-0.799408	-28.119630	-0.059566	-2.086511	-28.152029	1.000377	-1.023994	-28.162027	0.954738	-1.098878	-27.802847	0.997798	-1.178646	-27.848412	0.944544	-1.236220	-28.131393	0.457322	-1.071596	-27.855574	0.443199	-1.207732	-28.125835	-0.043486	-1.036436	-28.152089	-0.066681	-1.063838	-27.800928	-0.036602	-1.163242	-27.776817	-0.028607	-1.211275
536	7.432993	00:00:07:32	-28.030100	1.621217	-1.273183	-27.904313	1.693152	-1.179839	-28.036857	1.684519	-1.099012	-27.964096	1.549103	-1.156883	-27.989687	1.568603	-1.131363	-28.119959	1.563448	-1.099464	-27.875285	1.535849	-1.205899	-27.785605	1.535865	-0.935024	-27.973462	0.745074	-1.605928	-27.481110	1.557198	-0.800982	-28.077914	-0.043172	-2.028296	-27.509663	1.507281	-0.824010	-28.107388	-0.038072	-2.053139	-27.487166	1.536151	-0.798635	-28.070491	-0.045843	-2.091414	-28.134893	0.989251	-1.058076	-28.164081	0.977579	-1.091864	-27.809701	0.985693	-1.225254	-27.820928	0.984077	-1.244229	-28.109728	0.464653	-1.046393	-27.829479	0.439768	-1.217130	-28.109110	-0.069277	-1.036483	-28.170936	-0.044707	-1.070893	-27.802505	-0.052719	-1.162209	-27.829383	-0.058297	-1.258590
537	7.446886	00:00:07:33	-27.997384	1.638070	-1.221584	-27.918791	1.662230	-1.152322	-28.019099	1.711624	-1.110484	-27.989870	1.566090	-1.176596	-28.004155	1.524092	-1.142808	-28.099888	1.545665	-1.085962	-27.847569	1.554141	-1.244246	-27.773352	1.543724	-0.951253	-27.965798	0.741021	-1.656825	-27.476303	1.527178	-0.787035	-28.074358	-0.043933	-2.043610	-27.502750	1.553764	-0.804757	-28.090840	-0.049086	-2.068695	-27.451124	1.558826	-0.817326	-28.094366	-0.037803	-2.076152	-28.151470	0.992511	-1.006606	-28.176428	0.947899	-1.063244	-27.819442	1.001040	-1.214830	-27.814266	0.960601	-1.248724	-28.129849	0.464093	-1.047674	-27.835567	0.467912	-1.221647	-28.127219	-0.059121	-1.039952	-28.175388	-0.070370	-1.070799	-27.810125	-0.047248	-1.176801	-27.812727	-0.045392	-1.227265
538	7.460780	00:00:07:34	-28.046845	1.577965	-1.264794	-27.903321	1.658647	-1.172032	-28.023494	1.671041	-1.081275	-27.999105	1.532157	-1.148325	-27.990727	1.551676	-1.131183	-28.138714	1.536366	-1.088214	-27.848573	1.552547	-1.225445	-27.789312	1.546907	-0.942668	-27.961278	0.767918	-1.646295	-27.483679	1.569277	-0.780465	-28.096059	-0.018442	-2.068528	-27.460139	1.520481	-0.777402	-28.103897	-0.062780	-2.093584	-27.485516	1.567799	-0.791844	-28.091496	-0.054512	-2.069656	-28.110931	0.971969	-1.058859	-28.146997	0.974567	-1.065047	-27.848616	0.948271	-1.216410	-27.839177	0.954143	-1.213807	-28.116726	0.462040	-1.061719	-27.828961	0.450077	-1.216985	-28.134101	-0.043994	-1.032120	-28.123505	-0.062064	-1.053624	-27.804513	-0.027358	-1.191062	-27.812668	-0.062340	-1.207197
539	7.474673	00:00:07:35	-28.023403	1.624555	-1.221438	-27.916872	1.672525	-1.158306	-28.040870	1.662460	-1.128526	-28.010823	1.529910	-1.145380	-27.985777	1.551295	-1.115073	-28.131504	1.561328	-1.047289	-27.862534	1.548731	-1.218527	-27.819631	1.518756	-0.928145	-27.990880	0.758191	-1.640869	-27.454878	1.499214	-0.801204	-28.081285	-0.025083	-2.018281	-27.443502	1.537982	-0.810113	-28.069998	-0.035151	-2.061571	-27.460029	1.520854	-0.813297	-28.104892	-0.065643	-2.088518	-28.118383	0.975185	-1.022214	-28.175823	0.946258	-1.086417	-27.818323	0.957792	-1.184805	-27.839114	0.971078	-1.282812	-28.151170	0.465898	-1.017106	-27.817314	0.455315	-1.219526	-28.126073	-0.051638	-0.982106	-28.158852	-0.059302	-1.051091	-27.801034	-0.035045	-1.177767	-27.836204	-0.060714	-1.222524
540	7.488567	00:00:07:36	-28.032415	1.627396	-1.243521	-27.923498	1.686884	-1.136351	-28.058125	1.669358	-1.123174	-27.984407	1.549014	-1.182153	-27.953156	1.559386	-1.114965	-28.126862	1.524766	-1.068285	-27.874383	1.558245	-1.221299	-27.828411	1.512491	-0.969432	-27.960427	0.749656	-1.629528	-27.490272	1.552424	-0.788815	-28.133685	-0.014661	-2.049457	-27.477725	1.547431	-0.805100	-28.097815	-0.066877	-2.051218	-27.475561	1.513444	-0.788336	-28.106502	-0.044197	-2.056668	-28.121723	0.990539	-1.050731	-28.165096	0.962360	-1.085715	-27.813320	0.982377	-1.207825	-27.841563	0.991212	-1.252888	-28.120117	0.461021	-1.027392	-27.845227	0.495400	-1.239416	-28.143397	-0.049336	-1.022269	-28.128998	-0.067693	-1.047481	-27.825947	-0.025694	-1.179937	-27.812477	-0.060907	-1.224567
541	7.502460	00:00:07:37	-28.025456	1.650125	-1.232958	-27.938218	1.711511	-1.102107	-28.025216	1.675416	-1.089576	-27.997939	1.533246	-1.181351	-28.001643	1.555199	-1.131921	-28.140884	1.524271	-1.095454	-27.864917	1.549547	-1.216087	-27.808647	1.546399	-0.960194	-27.938250	0.762417	-1.682367	-27.490003	1.546636	-0.783889	-28.125758	-0.045868	-2.067726	-27.459486	1.532968	-0.834551	-28.098494	-0.076503	-2.072653	-27.454057	1.544018	-0.810761	-28.107848	-0.051907	-2.048936	-28.148376	0.989282	-1.044352	-28.150713	0.971736	-1.102585	-27.803341	0.975968	-1.200636	-27.818076	0.941492	-1.243396	-28.112551	0.472688	-1.049110	-27.847034	0.464141	-1.244186	-28.118606	-0.050941	-1.018257	-28.146979	-0.106740	-1.070265	-27.817063	-0.048954	-1.186235	-27.864490	-0.064287	-1.235598
542	7.516353	00:00:07:38	-28.034392	1.629516	-1.238283	-27.924229	1.672414	-1.145932	-28.019876	1.661986	-1.109224	-27.967986	1.566094	-1.167095	-27.972125	1.592027	-1.110242	-28.143980	1.535438	-1.100733	-27.866626	1.542565	-1.214563	-27.780808	1.552541	-0.962390	-27.974376	0.770801	-1.643902	-27.470847	1.510015	-0.787698	-28.106527	-0.046540	-2.086693	-27.473845	1.564931	-0.787763	-28.109244	-0.069579	-2.085210	-27.462534	1.525609	-0.824687	-28.091667	-0.043399	-2.092015	-28.134690	0.991671	-1.000712	-28.178544	0.952645	-1.082057	-27.806236	0.971323	-1.202709	-27.839329	0.973437	-1.270255	-28.160231	0.495112	-1.066900	-27.807061	0.443944	-1.249967	-28.139668	-0.024938	-1.036839	-28.179120	-0.054948	-1.057730	-27.796419	-0.061231	-1.187219	-27.834812	-0.079777	-1.225727
543	7.530247	00:00:07:39	-28.028312	1.631482	-1.240501	-27.907891	1.687632	-1.122538	-28.034571	1.653687	-1.084885	-27.980766	1.557076	-1.155404	-27.967096	1.586223	-1.139872	-28.148723	1.542944	-1.067774	-27.844808	1.526595	-1.236267	-27.801085	1.531794	-0.942315	-28.006610	0.722047	-1.662588	-27.443651	1.534154	-0.808637	-28.104774	0.001698	-2.069841	-27.467271	1.537974	-0.824523	-28.079712	-0.039653	-2.041723	-27.488456	1.511723	-0.812070	-28.096975	-0.000070	-2.075241	-28.144728	1.010062	-1.070338	-28.172830	0.989224	-1.096305	-27.833692	1.015099	-1.156467	-27.795782	0.974876	-1.239940	-28.160713	0.451197	-1.028389	-27.788204	0.464292	-1.203177	-28.123789	-0.036264	-1.009368	-28.161587	-0.051219	-1.053440	-27.811982	-0.052332	-1.162108	-27.831031	-0.054652	-1.237603
544	7.544140	00:00:07:40	-28.068049	1.624502	-1.278834	-27.956208	1.687553	-1.136157	-28.049565	1.693146	-1.113241	-27.990767	1.553466	-1.161839	-27.965750	1.537126	-1.133539	-28.130646	1.532859	-1.105343	-27.849001	1.524578	-1.207858	-27.777595	1.521313	-0.954317	-27.979261	0.743687	-1.640601	-27.502308	1.537473	-0.797692	-28.098778	-0.044945	-2.043838	-27.443729	1.530883	-0.804605	-28.064187	-0.036056	-2.068046	-27.455562	1.530212	-0.836909	-28.090869	-0.044789	-2.025336	-28.153468	0.989558	-1.037058	-28.167231	0.952042	-1.086401	-27.832335	0.999279	-1.188406	-27.854072	0.953304	-1.270013	-28.141353	0.470653	-1.056968	-27.804681	0.443931	-1.223691	-28.105475	-0.052914	-1.030842	-28.155875	-0.055886	-1.033963	-27.811489	-0.040836	-1.172238	-27.830475	-0.083029	-1.232101
545	7.558034	00:00:07:41	-28.012289	1.624609	-1.280836	-27.942512	1.694776	-1.177770	-28.021716	1.653584	-1.097128	-27.984224	1.539957	-1.173874	-27.963173	1.538066	-1.126856	-28.125595	1.533873	-1.092803	-27.888002	1.551450	-1.218805	-27.797783	1.530626	-0.955017	-27.967421	0.752135	-1.629588	-27.476996	1.524570	-0.835077	-28.105516	-0.024221	-2.070418	-27.505116	1.548014	-0.809837	-28.094459	-0.066975	-2.053284	-27.474354	1.498421	-0.781961	-28.080313	-0.055307	-2.075017	-28.144677	0.962456	-1.025237	-28.133554	0.962355	-1.073835	-27.795242	1.030838	-1.192902	-27.837158	0.983022	-1.255640	-28.150338	0.467088	-1.044439	-27.825311	0.456330	-1.189657	-28.146294	-0.048095	-1.030512	-28.127238	-0.097867	-1.086186	-27.801988	-0.035622	-1.197220	-27.863621	-0.059307	-1.227894
546	7.571927	00:00:07:42	-28.023400	1.599914	-1.228418	-27.955400	1.656925	-1.149684	-28.003313	1.659158	-1.111713	-28.018244	1.531138	-1.134185	-27.961783	1.598546	-1.115626	-28.125025	1.531234	-1.081472	-27.877967	1.553624	-1.223776	-27.794571	1.546571	-0.955370	-27.990511	0.748583	-1.607610	-27.462117	1.534246	-0.795879	-28.110369	-0.042877	-2.053584	-27.493853	1.540691	-0.787269	-28.078233	-0.055349	-2.050501	-27.456775	1.532889	-0.822668	-28.092742	-0.059511	-2.092440	-28.141568	0.979023	-1.029114	-28.161021	0.987173	-1.077142	-27.853988	1.028872	-1.182561	-27.851211	0.976919	-1.269871	-28.153661	0.469000	-1.038678	-27.817695	0.462639	-1.207212	-28.106460	-0.034033	-1.024273	-28.149692	-0.045266	-1.058868	-27.835074	-0.019131	-1.164638	-27.855350	-0.096697	-1.229792
547	7.585821	00:00:07:43	-28.037112	1.617540	-1.249718	-27.918480	1.665277	-1.149019	-28.017598	1.718126	-1.116058	-27.993304	1.543659	-1.181001	-27.959737	1.552486	-1.134320	-28.121002	1.546561	-1.101903	-27.868025	1.529474	-1.218061	-27.799312	1.509033	-0.951188	-28.045040	0.736493	-1.636347	-27.464746	1.533730	-0.802315	-28.069840	-0.038422	-2.084696	-27.481324	1.521296	-0.824646	-28.094018	-0.025978	-2.103782	-27.402093	1.553389	-0.764666	-28.094457	-0.029233	-2.061822	-28.122598	0.964269	-1.033983	-28.164113	0.971479	-1.099632	-27.817239	0.985928	-1.227979	-27.856648	0.952681	-1.248886	-28.157476	0.434631	-1.034132	-27.847497	0.449818	-1.223428	-28.111446	-0.071313	-0.969221	-28.179484	-0.078961	-1.065690	-27.825767	-0.034502	-1.201939	-27.857106	-0.087731	-1.213729
548	7.599714	00:00:07:44	-28.021486	1.634452	-1.257019	-27.933648	1.666871	-1.146893	-28.026010	1.647260	-1.123907	-27.983836	1.546100	-1.154658	-27.965532	1.572063	-1.112125	-28.137784	1.532834	-1.050561	-27.872372	1.559067	-1.238336	-27.811504	1.562456	-0.918436	-27.976632	0.721575	-1.642685	-27.468922	1.549915	-0.788129	-28.080212	-0.050434	-2.051237	-27.475067	1.520888	-0.797565	-28.085569	-0.035788	-2.086896	-27.507325	1.516609	-0.794404	-28.072535	-0.057750	-2.054359	-28.118204	1.008727	-1.054009	-28.121720	0.952063	-1.086243	-27.783565	0.977844	-1.207549	-27.844911	0.921936	-1.244276	-28.124486	0.464719	-1.057878	-27.822658	0.473602	-1.212692	-28.153791	-0.077618	-1.027394	-28.127669	-0.062288	-1.061301	-27.807221	-0.016353	-1.209533	-27.835398	-0.037028	-1.243915
549	7.613608	00:00:07:45	-28.030124	1.642086	-1.226935	-27.910049	1.641380	-1.139550	-28.015333	1.667175	-1.088990	-27.999332	1.552573	-1.172349	-27.967544	1.532870	-1.115327	-28.147265	1.553443	-1.089039	-27.844166	1.550285	-1.247693	-27.783672	1.571316	-0.918364	-27.974986	0.757221	-1.630852	-27.469154	1.490938	-0.819870	-28.082270	-0.022939	-2.056670	-27.463604	1.525575	-0.822444	-28.102260	-0.071522	-2.023355	-27.469069	1.540581	-0.800370	-28.093041	-0.033496	-2.052006	-28.127663	0.979353	-1.041236	-28.152994	0.966981	-1.096749	-27.807951	1.001237	-1.198791	-27.845520	0.962126	-1.256709	-28.166508	0.454049	-1.020287	-27.815222	0.472399	-1.205800	-28.104795	-0.021456	-1.017891	-28.133450	-0.057630	-1.065209	-27.804311	-0.062045	-1.184862	-27.818727	-0.078469	-1.245773
550	7.627501	00:00:07:46	-28.003354	1.619396	-1.232568	-27.931104	1.703185	-1.178614	-28.051833	1.660675	-1.111415	-27.983227	1.556618	-1.171760	-27.993857	1.556178	-1.155267	-28.091117	1.534846	-1.079227	-27.865077	1.558489	-1.211578	-27.784704	1.531345	-0.938948	-27.934926	0.757260	-1.622790	-27.481812	1.520745	-0.803264	-28.106437	-0.066801	-2.064225	-27.472064	1.516049	-0.815873	-28.064739	-0.050271	-2.058428	-27.461470	1.529751	-0.800881	-28.079819	0.018204	-2.089514	-28.119857	0.955509	-1.039657	-28.149943	0.975871	-1.093844	-27.817443	0.959577	-1.211978	-27.839823	0.964163	-1.270512	-28.150797	0.433619	-1.057467	-27.827944	0.476804	-1.237261	-28.140989	-0.010823	-1.031267	-28.157469	-0.072421	-1.098197	-27.817744	-0.043989	-1.164617	-27.827716	-0.075123	-1.250664
551	7.641394	00:00:07:47	-28.050622	1.602268	-1.246139	-27.909537	1.676785	-1.169052	-28.010130	1.691865	-1.125171	-27.978836	1.558493	-1.135813	-27.953718	1.558737	-1.126400	-28.095428	1.561751	-1.086124	-27.859348	1.543885	-1.227861	-27.804465	1.530331	-0.947921	-27.962366	0.787872	-1.615750	-27.451100	1.514868	-0.783236	-28.079808	-0.079337	-2.060252	-27.463739	1.516477	-0.807734	-28.069867	-0.037819	-2.068233	-27.490615	1.532298	-0.823921	-28.099965	-0.055160	-2.064317	-28.134290	0.972239	-1.040393	-28.142605	0.979716	-1.128902	-27.811984	0.989361	-1.209653	-27.839742	0.946729	-1.246940	-28.120962	0.500701	-1.022791	-27.850516	0.465128	-1.200175	-28.146754	-0.032313	-0.999279	-28.167610	-0.061952	-1.061759	-27.807216	-0.076790	-1.166283	-27.837145	-0.041059	-1.265042
552	7.655288	00:00:07:48	-28.010895	1.630785	-1.227407	-27.932792	1.660542	-1.153111	-28.026843	1.664646	-1.090936	-27.998152	1.546632	-1.157850	-27.989644	1.536085	-1.133309	-28.100633	1.533198	-1.051410	-27.862685	1.524804	-1.226709	-27.769629	1.560819	-0.951191	-27.974462	0.751699	-1.627313	-27.484636	1.529237	-0.809316	-28.077963	-0.057462	-2.085339	-27.462034	1.526671	-0.808575	-28.052881	-0.046712	-2.062414	-27.468385	1.564144	-0.794159	-28.119175	-0.057255	-2.056475	-28.129608	0.989702	-1.006869	-28.174146	0.974904	-1.059896	-27.832578	0.981515	-1.192112	-27.819241	0.952217	-1.283175	-28.183431	0.452957	-1.057407	-27.822835	0.450798	-1.231463	-28.111672	-0.039413	-1.016997	-28.183440	-0.088409	-1.035516	-27.824330	-0.076922	-1.150224	-27.816323	-0.055308	-1.263013
553	7.669181	00:00:07:49	-28.030485	1.611640	-1.246271	-27.917759	1.678849	-1.183197	-28.051009	1.708282	-1.093821	-27.983238	1.516093	-1.156903	-27.991403	1.558168	-1.133685	-28.097466	1.571692	-1.092982	-27.856396	1.535369	-1.235709	-27.789370	1.556105	-0.932893	-28.011641	0.751505	-1.651051	-27.462170	1.529321	-0.810376	-28.090907	-0.041273	-2.046553	-27.472600	1.520078	-0.842417	-28.112751	-0.028392	-2.062476	-27.489704	1.513691	-0.812165	-28.072710	-0.044790	-2.094432	-28.106013	0.993823	-0.990631	-28.144540	0.986200	-1.101157	-27.814624	0.966823	-1.222836	-27.804815	0.984985	-1.207740	-28.149121	0.472337	-1.045031	-27.818499	0.483728	-1.205470	-28.079582	-0.023140	-1.000156	-28.141782	-0.056517	-1.046043	-27.802424	-0.040931	-1.222720	-27.858412	-0.077201	-1.220211
554	7.683075	00:00:07:50	-28.035436	1.645696	-1.229214	-27.935913	1.662958	-1.148110	-28.039368	1.642698	-1.080493	-28.002667	1.536515	-1.156950	-28.004202	1.558509	-1.124303	-28.114733	1.556349	-1.080507	-27.850397	1.537690	-1.209906	-27.809928	1.543190	-0.945860	-28.001435	0.772083	-1.650050	-27.480508	1.532476	-0.796548	-28.121840	-0.031293	-2.055756	-27.456136	1.546148	-0.804524	-28.110156	-0.057461	-2.050998	-27.443639	1.543314	-0.807386	-28.114296	-0.038591	-2.054494	-28.132672	0.957426	-1.018893	-28.151631	0.946872	-1.094130	-27.811262	1.002977	-1.194810	-27.850142	0.960692	-1.274062	-28.133859	0.465772	-1.044964	-27.849853	0.426350	-1.184642	-28.136396	-0.055923	-1.033782	-28.198067	-0.063068	-1.060250	-27.814755	-0.036355	-1.174214	-27.805303	-0.055822	-1.266984
555	7.696968	00:00:07:51	-28.058140	1.633900	-1.237336	-27.940382	1.666091	-1.117752	-28.048684	1.675204	-1.109612	-27.983532	1.551744	-1.156722	-27.998965	1.579832	-1.124148	-28.078682	1.579212	-1.087622	-27.864568	1.521569	-1.229282	-27.796947	1.544198	-0.937754	-27.984291	0.715779	-1.671470	-27.483820	1.522303	-0.801264	-28.101562	-0.037365	-2.026998	-27.459334	1.553805	-0.788571	-28.087089	-0.040926	-2.060507	-27.448859	1.469468	-0.844235	-28.104208	-0.048466	-2.048776	-28.104948	0.977884	-1.017869	-28.159853	1.020277	-1.077576	-27.818204	1.001930	-1.187300	-27.817466	0.942833	-1.226500	-28.130873	0.485306	-1.056119	-27.794346	0.459041	-1.234386	-28.130673	-0.056381	-1.029124	-28.147143	-0.054596	-1.039633	-27.812021	-0.061392	-1.161753	-27.806700	-0.061004	-1.234504
556	7.710862	00:00:07:52	-28.012185	1.637636	-1.256399	-27.943848	1.630806	-1.175304	-28.011359	1.656399	-1.104868	-27.974359	1.573709	-1.177271	-27.964551	1.581367	-1.151596	-28.113729	1.536410	-1.083771	-27.864568	1.541434	-1.223174	-27.809911	1.557793	-0.942698	-28.003593	0.755380	-1.670367	-27.482831	1.524162	-0.820357	-28.105672	-0.036872	-2.066340	-27.428425	1.518752	-0.824491	-28.086366	-0.028154	-2.045110	-27.483152	1.500940	-0.836922	-28.108204	-0.068326	-2.050061	-28.098472	0.943425	-1.018560	-28.149905	0.966417	-1.069661	-27.810956	0.965097	-1.202215	-27.847435	0.955938	-1.246527	-28.164350	0.455851	-1.055784	-27.827111	0.432684	-1.205664	-28.129448	-0.085149	-0.996718	-28.115085	-0.048292	-1.044280	-27.823421	-0.023026	-1.145243	-27.836559	-0.075982	-1.240718
557	7.724755	00:00:07:53	-28.035570	1.618658	-1.208260	-27.917863	1.659503	-1.147005	-28.043094	1.691500	-1.100874	-27.998116	1.551637	-1.154623	-27.951828	1.537527	-1.119299	-28.129998	1.536043	-1.082491	-27.868172	1.545300	-1.231978	-27.809317	1.523017	-0.929285	-27.988315	0.782410	-1.619003	-27.450477	1.540887	-0.792069	-28.094070	-0.045777	-2.068322	-27.481756	1.551767	-0.788796	-28.086619	-0.026273	-2.067781	-27.452092	1.497609	-0.826241	-28.084491	-0.052609	-2.050629	-28.115591	0.988154	-1.025236	-28.153507	0.998774	-1.050740	-27.820948	1.000454	-1.216983	-27.840871	0.989335	-1.245792	-28.118841	0.464352	-1.030367	-27.842432	0.471781	-1.206520	-28.117028	-0.029256	-1.036675	-28.172321	-0.058786	-1.040607	-27.822793	-0.025707	-1.204145	-27.885532	-0.067719	-1.226867
558	7.738649	00:00:07:54	-28.034885	1.599553	-1.218952	-27.939341	1.696510	-1.155336	-28.033421	1.659017	-1.081653	-27.992601	1.546259	-1.162463	-27.987020	1.552484	-1.112473	-28.131290	1.546049	-1.071994	-27.893156	1.545201	-1.236746	-27.801205	1.531427	-0.958037	-27.958303	0.726153	-1.635663	-27.466892	1.541373	-0.851556	-28.090449	-0.038408	-2.044659	-27.482693	1.531733	-0.841234	-28.105245	-0.056886	-2.047944	-27.451897	1.512950	-0.825021	-28.088695	-0.010257	-2.077085	-28.143938	0.996310	-1.018418	-28.142249	1.001645	-1.063846	-27.794291	0.966627	-1.193484	-27.820375	0.951856	-1.250590	-28.159176	0.456485	-1.052748	-27.792471	0.456090	-1.200100	-28.130404	-0.080215	-1.032161	-28.172676	-0.094892	-1.067311	-27.839694	-0.023947	-1.213756	-27.823854	-0.053801	-1.220967
559	7.752542	00:00:07:55	-28.024069	1.616781	-1.241020	-27.939598	1.668712	-1.138955	-28.003632	1.666151	-1.141944	-27.975952	1.557078	-1.155841	-27.971995	1.547781	-1.104363	-28.115984	1.537118	-1.056787	-27.871122	1.548537	-1.249570	-27.785564	1.540252	-0.921292	-27.966132	0.769319	-1.646174	-27.455689	1.525444	-0.787083	-28.109430	-0.026624	-2.050177	-27.427934	1.528320	-0.844833	-28.098555	-0.049784	-2.085165	-27.489179	1.539721	-0.842608	-28.101506	-0.052041	-2.066603	-28.128775	0.983170	-0.996218	-28.139337	1.005896	-1.077344	-27.810700	0.974383	-1.202899	-27.862265	0.977356	-1.243029	-28.148407	0.503136	-1.059841	-27.803099	0.471654	-1.188512	-28.113261	-0.047838	-1.014508	-28.167877	-0.052560	-1.077644	-27.819863	-0.045130	-1.193050	-27.843410	-0.079568	-1.260523
560	7.766435	00:00:07:56	-28.011493	1.640173	-1.221270	-27.923415	1.669047	-1.157071	-28.031835	1.672757	-1.105173	-28.002322	1.565810	-1.158869	-27.984219	1.535617	-1.117159	-28.104741	1.574745	-1.100206	-27.855399	1.553648	-1.237903	-27.795677	1.530853	-0.946336	-27.973323	0.735979	-1.627352	-27.487936	1.529995	-0.804960	-28.077141	-0.011792	-2.055730	-27.479429	1.496853	-0.806050	-28.100300	-0.035541	-2.047034	-27.452389	1.543675	-0.800427	-28.138867	-0.019404	-2.056191	-28.135395	0.989250	-1.039848	-28.135881	0.954829	-1.053153	-27.808601	0.952480	-1.234724	-27.866312	0.919531	-1.276072	-28.135275	0.448363	-1.054616	-27.821076	0.479953	-1.219181	-28.146112	-0.027262	-0.998832	-28.150876	-0.029230	-1.075311	-27.830668	-0.072928	-1.166808	-27.852976	-0.077504	-1.240365
561	7.780329	00:00:07:57	-28.030907	1.634897	-1.251266	-27.914037	1.664849	-1.176045	-28.027568	1.676737	-1.087917	-27.989976	1.524352	-1.145310	-27.970669	1.548424	-1.144296	-28.109092	1.541928	-1.100946	-27.878442	1.540154	-1.232038	-27.805220	1.544890	-0.939858	-27.957474	0.736681	-1.632097	-27.432394	1.526966	-0.828589	-28.067052	-0.047449	-2.053602	-27.455190	1.562125	-0.826128	-28.064743	-0.021644	-2.060738	-27.454841	1.556843	-0.820666	-28.098380	-0.042463	-2.071858	-28.087233	0.997958	-1.026490	-28.150778	0.987754	-1.077349	-27.814377	0.990057	-1.215377	-27.876479	0.966248	-1.238268	-28.160553	0.454541	-1.044545	-27.838691	0.441267	-1.235907	-28.143503	-0.055184	-1.002366	-28.152523	-0.055205	-1.052185	-27.815231	-0.048518	-1.166150	-27.872679	-0.046033	-1.224923
562	7.794222	00:00:07:58	-28.008264	1.651668	-1.242626	-27.925248	1.698498	-1.141961	-28.028144	1.658320	-1.078906	-28.024570	1.557518	-1.191986	-27.990241	1.558205	-1.143019	-28.107929	1.560124	-1.065915	-27.869990	1.559049	-1.233470	-27.808675	1.503293	-0.935845	-27.954918	0.756730	-1.685885	-27.434329	1.550923	-0.816568	-28.098021	-0.049921	-2.057147	-27.469503	1.503348	-0.815069	-28.069634	-0.074334	-2.052034	-27.485899	1.548693	-0.802120	-28.093754	-0.040048	-2.054532	-28.135274	0.968739	-1.024417	-28.133537	0.973193	-1.083564	-27.827397	0.981364	-1.196613	-27.845894	0.962838	-1.256864	-28.154767	0.489304	-1.054272	-27.859058	0.453209	-1.225804	-28.093711	-0.054512	-1.005671	-28.159836	-0.106745	-1.059365	-27.824881	-0.060329	-1.187750	-27.853279	-0.104801	-1.204946
563	7.808116	00:00:07:59	-28.008490	1.658252	-1.222015	-27.885514	1.656256	-1.166906	-28.033591	1.677716	-1.074967	-27.987284	1.554301	-1.132555	-27.968069	1.558349	-1.112986	-28.134210	1.571212	-1.072445	-27.845333	1.529048	-1.230698	-27.820576	1.560525	-0.957418	-27.975086	0.726199	-1.626079	-27.480584	1.543399	-0.840602	-28.110281	-0.036082	-2.064671	-27.469089	1.522945	-0.850409	-28.091740	-0.046805	-2.053873	-27.442863	1.521470	-0.816179	-28.097475	-0.053663	-2.066503	-28.120623	1.006404	-1.038952	-28.172385	0.966929	-1.067730	-27.804927	0.987508	-1.219354	-27.841381	0.964878	-1.251519	-28.118631	0.491932	-1.048172	-27.806473	0.454264	-1.207896	-28.124867	-0.044996	-0.964645	-28.193382	-0.058993	-1.004346	-27.789020	-0.046752	-1.170073	-27.844712	-0.055963	-1.239689
564	7.822009	00:00:07:60	-28.031937	1.600009	-1.247994	-27.933073	1.682061	-1.148352	-28.028329	1.664201	-1.068557	-28.001038	1.560208	-1.146814	-27.965938	1.574995	-1.098039	-28.120538	1.559850	-1.086898	-27.850941	1.530721	-1.266596	-27.784766	1.565270	-0.949288	-27.998061	0.710393	-1.633008	-27.447826	1.525862	-0.821662	-28.102264	-0.044098	-2.045610	-27.478769	1.530998	-0.811323	-28.104060	-0.074480	-2.066529	-27.467341	1.513265	-0.824251	-28.096846	-0.017765	-2.041354	-28.105234	0.989942	-1.032682	-28.126673	0.957732	-1.066313	-27.825053	0.968536	-1.222036	-27.853752	0.985118	-1.261616	-28.134203	0.452933	-1.035500	-27.832782	0.444093	-1.215949	-28.133091	-0.047767	-1.001810	-28.137063	-0.078470	-1.032051	-27.809815	-0.022446	-1.214301	-27.837043	-0.046106	-1.236527
565	7.835903	00:00:07:61	-28.008629	1.614750	-1.244139	-27.931054	1.634826	-1.129429	-28.025142	1.654779	-1.091397	-27.979671	1.529179	-1.170555	-27.948616	1.538395	-1.123979	-28.146622	1.540425	-1.093852	-27.832951	1.525201	-1.251426	-27.795266	1.514235	-0.941274	-27.992979	0.748714	-1.641227	-27.463285	1.531603	-0.822442	-28.090791	-0.047680	-2.083109	-27.462336	1.524851	-0.828501	-28.084803	-0.005656	-2.068955	-27.479475	1.523311	-0.786021	-28.097754	-0.069912	-2.046237	-28.133753	0.956392	-1.041198	-28.163091	0.962736	-1.089890	-27.805844	0.979412	-1.234920	-27.839272	0.936146	-1.271974	-28.146265	0.480547	-1.055829	-27.828846	0.441044	-1.188064	-28.119702	-0.054431	-1.032482	-28.147306	-0.067238	-1.037004	-27.829983	-0.055450	-1.188013	-27.844685	-0.070350	-1.227596
566	7.849796	00:00:07:62	-28.003891	1.655435	-1.187377	-27.936435	1.673750	-1.170558	-28.042632	1.640428	-1.132830	-28.008581	1.521588	-1.131906	-28.003488	1.574821	-1.106243	-28.152783	1.549572	-1.059518	-27.883671	1.547567	-1.215842	-27.752860	1.560133	-0.949984	-27.957816	0.766733	-1.664419	-27.468375	1.520786	-0.815212	-28.100859	-0.039136	-2.073430	-27.475047	1.537268	-0.846219	-28.097464	-0.034287	-2.089705	-27.456368	1.527282	-0.811965	-28.095829	-0.050256	-2.060630	-28.119313	0.949055	-1.011513	-28.131816	0.965791	-1.084946	-27.814455	0.963790	-1.212353	-27.868636	0.983035	-1.261325	-28.134758	0.456614	-1.058572	-27.823427	0.475122	-1.215359	-28.154207	-0.040567	-1.057140	-28.129707	-0.062549	-1.083582	-27.802636	-0.041165	-1.183305	-27.849912	-0.066081	-1.256211
567	7.863690	00:00:07:63	-28.037625	1.625800	-1.244155	-27.919919	1.678123	-1.160147	-27.992642	1.685545	-1.098938	-27.984566	1.518751	-1.153873	-28.029659	1.556530	-1.123594	-28.121599	1.530469	-1.097072	-27.869501	1.548265	-1.230381	-27.774155	1.561892	-0.937594	-27.975744	0.744858	-1.676046	-27.481573	1.510380	-0.780588	-28.073590	-0.015252	-2.096747	-27.448229	1.525087	-0.841431	-28.100861	-0.015361	-2.090427	-27.452511	1.550596	-0.799633	-28.082324	-0.014186	-2.085467	-28.127623	0.988297	-1.028875	-28.154982	0.965755	-1.088936	-27.823179	1.015695	-1.175963	-27.813274	0.959559	-1.298120	-28.123055	0.445362	-1.011537	-27.843515	0.493491	-1.242155	-28.097719	-0.044940	-1.009248	-28.153381	-0.068265	-1.042007	-27.792815	-0.062700	-1.201454	-27.858168	-0.031574	-1.224685
568	7.877583	00:00:07:64	-28.016638	1.645767	-1.206960	-27.928454	1.619192	-1.161570	-28.034282	1.647736	-1.070834	-28.002960	1.531007	-1.150963	-27.992589	1.575048	-1.114894	-28.133095	1.537714	-1.074473	-27.860771	1.529785	-1.237181	-27.791608	1.526219	-0.955801	-27.983180	0.760562	-1.640463	-27.422310	1.537544	-0.839873	-28.127711	-0.059895	-2.042155	-27.474453	1.519985	-0.827226	-28.080262	-0.049664	-2.060416	-27.432997	1.573554	-0.808776	-28.066726	-0.057411	-2.051906	-28.111014	0.959886	-1.024037	-28.135057	0.980731	-1.084130	-27.869454	0.981852	-1.190477	-27.854830	0.956605	-1.256263	-28.151348	0.427258	-1.060807	-27.813574	0.460008	-1.251659	-28.113366	-0.030868	-0.991302	-28.154873	-0.068870	-1.045332	-27.816767	-0.040845	-1.202376	-27.854785	-0.082663	-1.240758
569	7.891476	00:00:07:65	-28.050262	1.625597	-1.255093	-27.923920	1.675986	-1.177672	-28.044123	1.653238	-1.083043	-27.987374	1.544328	-1.166299	-28.000544	1.551365	-1.140593	-28.115857	1.531664	-1.104018	-27.862347	1.534911	-1.233496	-27.796208	1.492990	-0.948034	-28.001190	0.771781	-1.651985	-27.445733	1.505314	-0.829417	-28.140400	-0.024371	-2.065355	-27.461110	1.519772	-0.839646	-28.087844	-0.026522	-2.052360	-27.513220	1.509538	-0.831273	-28.119471	-0.051709	-2.040381	-28.102501	1.010843	-1.039308	-28.145368	0.946661	-1.070509	-27.818572	0.987516	-1.248665	-27.811951	0.967719	-1.248351	-28.145810	0.436360	-1.055190	-27.837724	0.462138	-1.214234	-28.110394	-0.048591	-1.018183	-28.149563	-0.042639	-1.045222	-27.821881	-0.049430	-1.192137	-27.847388	-0.062856	-1.251564
570	7.905370	00:00:07:66	-28.062744	1.646129	-1.255666	-27.931160	1.669798	-1.150013	-28.037968	1.674877	-1.082384	-28.004835	1.554166	-1.174980	-27.994473	1.576723	-1.131649	-28.113770	1.556777	-1.071697	-27.846823	1.541656	-1.223750	-27.806376	1.545185	-0.924883	-27.966175	0.760434	-1.636158	-27.472618	1.518823	-0.805736	-28.113964	-0.052154	-2.055118	-27.466239	1.541309	-0.832107	-28.112071	-0.041407	-2.024277	-27.453015	1.540544	-0.843661	-28.098721	-0.052908	-2.057422	-28.112379	0.995488	-1.020887	-28.148032	0.960934	-1.091994	-27.770412	0.989903	-1.215227	-27.850814	0.966599	-1.244109	-28.108481	0.471428	-1.012746	-27.846398	0.476779	-1.184438	-28.122953	-0.066482	-0.988354	-28.152520	-0.040628	-1.043861	-27.798796	-0.028968	-1.173865	-27.820557	-0.055638	-1.273606
571	7.919263	00:00:07:67	-28.014816	1.646581	-1.232355	-27.943789	1.665963	-1.134537	-28.036064	1.669035	-1.102103	-27.979393	1.553453	-1.170778	-27.961535	1.576369	-1.127757	-28.109165	1.538768	-1.064286	-27.878313	1.525242	-1.213761	-27.780212	1.562408	-0.945193	-27.987195	0.737149	-1.659363	-27.454965	1.532789	-0.831754	-28.096669	-0.066256	-2.060392	-27.453546	1.559589	-0.836047	-28.105376	-0.025340	-2.062576	-27.447727	1.522924	-0.819910	-28.131897	-0.024068	-2.070638	-28.122141	0.975017	-1.050924	-28.132140	0.938612	-1.077975	-27.852611	0.968494	-1.220155	-27.869068	0.957956	-1.249140	-28.128849	0.481498	-1.041708	-27.838441	0.446882	-1.228841	-28.134508	-0.035184	-1.015612	-28.167875	-0.064530	-1.047482	-27.829066	-0.066565	-1.196398	-27.834456	-0.070294	-1.239570
572	7.933157	00:00:07:68	-28.026040	1.634903	-1.208684	-27.923632	1.676039	-1.178030	-28.009811	1.655443	-1.081723	-27.981518	1.546274	-1.164296	-27.966687	1.553482	-1.122415	-28.117754	1.548372	-1.097145	-27.864701	1.538073	-1.205986	-27.767881	1.558683	-0.947921	-27.971144	0.724920	-1.644760	-27.469241	1.548982	-0.847984	-28.115943	-0.041009	-2.066092	-27.471859	1.526441	-0.817121	-28.106527	-0.049600	-2.089180	-27.475432	1.559309	-0.829357	-28.096127	-0.015420	-2.081928	-28.128685	0.981483	-1.005610	-28.127858	0.969505	-1.081219	-27.798149	0.996804	-1.206269	-27.846795	0.925150	-1.250575	-28.119251	0.446801	-1.033269	-27.824666	0.432009	-1.218724	-28.121299	-0.033323	-1.009209	-28.173897	-0.065877	-1.046771	-27.810840	-0.052405	-1.193604	-27.827102	-0.095286	-1.227995
573	7.947050	00:00:07:69	-28.029856	1.625672	-1.241204	-27.946600	1.674436	-1.166680	-28.017094	1.660079	-1.070364	-28.009654	1.522963	-1.153301	-27.960478	1.552395	-1.092840	-28.114908	1.547441	-1.079305	-27.872527	1.553512	-1.272756	-27.780102	1.508875	-0.955454	-27.973647	0.761198	-1.640519	-27.448797	1.517492	-0.831728	-28.087962	-0.038565	-2.042995	-27.474995	1.509356	-0.826087	-28.096497	0.010159	-2.043109	-27.484622	1.531660	-0.834981	-28.078768	-0.038600	-2.080001	-28.131127	0.989067	-1.058150	-28.123531	0.988447	-1.090438	-27.800889	0.979955	-1.196727	-27.842094	0.937925	-1.267972	-28.140390	0.448451	-1.068440	-27.832139	0.465361	-1.246860	-28.105260	-0.047711	-1.021516	-28.125233	-0.062464	-1.040112	-27.841221	-0.052602	-1.196068	-27.857130	-0.079299	-1.216673
574	7.960944	00:00:07:70	-28.042454	1.632053	-1.237732	-27.898076	1.662594	-1.166878	-28.059371	1.649703	-1.084033	-27.984631	1.561096	-1.162077	-27.968304	1.547815	-1.112543	-28.150083	1.558266	-1.051462	-27.864423	1.523491	-1.246575	-27.781247	1.498215	-0.967497	-27.978036	0.730665	-1.639213	-27.441712	1.502205	-0.825667	-28.086518	-0.048930	-2.081574	-27.462348	1.542488	-0.809078	-28.076337	-0.085918	-2.075786	-27.480310	1.527399	-0.844778	-28.110374	-0.030695	-2.065080	-28.128107	0.964635	-1.030731	-28.156005	0.964690	-1.087388	-27.830203	0.979369	-1.230698	-27.846143	0.980045	-1.248686	-28.133246	0.448828	-1.035961	-27.807610	0.460797	-1.199183	-28.118163	-0.089239	-1.012456	-28.195085	-0.053142	-1.048909	-27.819700	-0.049707	-1.206489	-27.877801	-0.058276	-1.234584
575	7.974837	00:00:07:71	-27.991015	1.638127	-1.238783	-27.883368	1.659225	-1.167652	-27.996067	1.651549	-1.082152	-27.986350	1.562906	-1.179045	-27.985849	1.559419	-1.155057	-28.159095	1.545320	-1.087734	-27.879706	1.522679	-1.228265	-27.799785	1.517699	-0.980783	-27.978515	0.743364	-1.632057	-27.473437	1.541257	-0.860439	-28.091882	-0.043357	-2.064378	-27.432553	1.545287	-0.821624	-28.107307	-0.030201	-2.090020	-27.467031	1.560104	-0.850887	-28.104347	-0.079591	-2.071762	-28.101797	0.951037	-1.000221	-28.167783	0.966818	-1.083247	-27.831210	0.976396	-1.206641	-27.811553	0.970939	-1.253682	-28.132287	0.470504	-1.033661	-27.817062	0.463461	-1.243445	-28.132244	-0.032087	-1.018426	-28.163004	-0.044458	-1.059274	-27.835977	-0.046656	-1.188449	-27.828985	-0.048628	-1.252556
576	7.988731	00:00:07:00	-28.044674	1.617290	-1.253312	-27.926285	1.672202	-1.141565	-28.042557	1.655556	-1.110109	-27.983708	1.510334	-1.161503	-27.983384	1.536771	-1.138696	-28.108573	1.530708	-1.087476	-27.890888	1.528580	-1.259113	-27.796182	1.561099	-0.952923	-27.992822	0.765481	-1.658087	-27.472037	1.553293	-0.823122	-28.097738	-0.075371	-2.071045	-27.441942	1.527783	-0.848740	-28.083386	-0.009952	-2.076276	-27.477994	1.542082	-0.834438	-28.116835	-0.101539	-2.060698	-28.100564	0.956297	-1.014285	-28.147609	0.974621	-1.114219	-27.796107	0.975015	-1.210586	-27.865696	0.962122	-1.259121	-28.141497	0.433238	-1.030395	-27.834524	0.448901	-1.246784	-28.119927	-0.049927	-1.032070	-28.151271	-0.086599	-1.051842	-27.814531	-0.058869	-1.181348	-27.811397	-0.042631	-1.240507
577	8.002624	00:00:08:01	-28.022235	1.607010	-1.256126	-27.943381	1.648983	-1.182658	-28.037152	1.682997	-1.121653	-27.972527	1.554124	-1.144525	-27.955029	1.526704	-1.115240	-28.126750	1.509954	-1.095809	-27.828853	1.566146	-1.265988	-27.771122	1.540091	-0.964139	-27.976223	0.710793	-1.656301	-27.466740	1.533512	-0.823584	-28.095314	-0.011055	-2.076485	-27.433548	1.539133	-0.841025	-28.059578	-0.033591	-2.040933	-27.451613	1.526178	-0.812368	-28.100101	-0.036529	-2.057000	-28.100943	0.961550	-1.031970	-28.142711	0.970876	-1.070345	-27.825887	0.958269	-1.216385	-27.863630	0.971842	-1.286791	-28.172253	0.485633	-1.034724	-27.833734	0.472314	-1.221028	-28.128348	-0.056428	-1.014897	-28.153123	-0.061915	-1.069545	-27.806080	-0.063374	-1.171716	-27.831153	-0.038417	-1.254347
578	8.016517	00:00:08:02	-28.003616	1.643392	-1.220241	-27.908579	1.672961	-1.161830	-28.013409	1.685766	-1.079634	-27.965734	1.513780	-1.153411	-27.955919	1.560200	-1.167154	-28.133445	1.515043	-1.068588	-27.854836	1.534762	-1.207706	-27.748227	1.549857	-0.969446	-27.975034	0.767608	-1.664925	-27.445583	1.545436	-0.827278	-28.082794	-0.063203	-2.083863	-27.458962	1.521873	-0.841203	-28.090956	-0.052534	-2.024377	-27.434187	1.495361	-0.834363	-28.096829	-0.063533	-2.060745	-28.142525	0.978937	-1.015918	-28.163072	0.952420	-1.077848	-27.812488	0.985369	-1.208298	-27.852086	0.977618	-1.268644	-28.156366	0.442712	-1.025350	-27.846261	0.476475	-1.240740	-28.150224	-0.012726	-1.013247	-28.170906	-0.074282	-1.035508	-27.801228	-0.069769	-1.177790	-27.838569	-0.077073	-1.204428
579	8.030411	00:00:08:03	-28.045191	1.643799	-1.221125	-27.923454	1.674996	-1.197031	-28.015746	1.684935	-1.110815	-27.996214	1.547191	-1.145457	-27.962531	1.562972	-1.163308	-28.102296	1.516117	-1.097706	-27.877658	1.520915	-1.217654	-27.775144	1.546588	-0.961260	-27.991143	0.738139	-1.659544	-27.437584	1.560159	-0.848013	-28.081324	-0.051580	-2.060966	-27.437935	1.511897	-0.836450	-28.086320	-0.065865	-2.040732	-27.463038	1.518310	-0.822732	-28.087541	-0.073360	-2.032685	-28.152320	0.986288	-0.999760	-28.135744	0.959385	-1.073021	-27.829518	0.969375	-1.247000	-27.851280	0.924463	-1.238512	-28.135666	0.438733	-1.057927	-27.796944	0.446844	-1.217116	-28.151093	-0.018545	-1.042072	-28.145845	-0.066267	-1.077420	-27.828680	-0.045116	-1.219775	-27.837237	-0.060361	-1.228675
580	8.044304	00:00:08:04	-28.010893	1.627396	-1.223560	-27.903087	1.660385	-1.157721	-28.020784	1.672635	-1.087806	-27.988475	1.580947	-1.163687	-27.953585	1.588521	-1.127493	-28.093761	1.531113	-1.069162	-27.862010	1.546800	-1.239869	-27.763586	1.557692	-0.955610	-27.989857	0.764857	-1.623124	-27.450780	1.538665	-0.833845	-28.087002	-0.013066	-2.063617	-27.478398	1.529576	-0.838225	-28.122109	-0.046567	-2.068393	-27.447451	1.497436	-0.852287	-28.112474	-0.032666	-2.070323	-28.129989	0.985325	-1.039551	-28.150798	0.973276	-1.085977	-27.821384	0.947671	-1.213053	-27.832502	0.947242	-1.259404	-28.122149	0.455506	-1.035706	-27.806203	0.472417	-1.231941	-28.147794	-0.049605	-1.030939	-28.170009	-0.083030	-1.055378	-27.806886	-0.041460	-1.180734	-27.851421	-0.077283	-1.244464
581	8.058198	00:00:08:05	-28.026745	1.668585	-1.265653	-27.904814	1.649575	-1.176939	-28.035025	1.687146	-1.108525	-28.014095	1.536453	-1.122267	-27.966367	1.581277	-1.133347	-28.148631	1.548390	-1.061511	-27.868493	1.535352	-1.263783	-27.795699	1.529980	-0.936553	-27.960916	0.734293	-1.644888	-27.444509	1.530716	-0.839757	-28.068825	-0.015207	-2.070603	-27.467517	1.535949	-0.845351	-28.078603	-0.044710	-2.070966	-27.429525	1.529544	-0.851944	-28.088318	-0.070063	-2.091370	-28.122860	0.974371	-1.016285	-28.148650	0.930925	-1.079385	-27.821455	0.972795	-1.208455	-27.811135	0.980734	-1.266083	-28.134486	0.452975	-1.043730	-27.831956	0.457967	-1.268646	-28.136333	-0.042526	-1.024926	-28.140034	-0.055892	-1.031793	-27.805661	-0.013561	-1.202807	-27.837510	-0.081626	-1.235630
582	8.072091	00:00:08:06	-28.022858	1.623335	-1.198636	-27.930753	1.673470	-1.163731	-28.015305	1.670713	-1.094426	-27.989109	1.566065	-1.158908	-27.975710	1.558561	-1.120906	-28.116465	1.576511	-1.078539	-27.836675	1.570675	-1.214680	-27.756209	1.542171	-0.924795	-28.006891	0.767393	-1.623302	-27.423441	1.522534	-0.846819	-28.070889	-0.056726	-2.039516	-27.451504	1.577955	-0.841355	-28.082721	-0.064216	-2.043598	-27.446878	1.532955	-0.877725	-28.106879	-0.048573	-2.051716	-28.131093	1.008763	-1.038131	-28.175389	0.984235	-1.082080	-27.812557	0.998958	-1.227344	-27.814835	0.979751	-1.264268	-28.158626	0.464821	-1.036123	-27.834336	0.441371	-1.242188	-28.087124	-0.057143	-0.988385	-28.146106	-0.050096	-1.026970	-27.820942	-0.039697	-1.164906	-27.841069	-0.018147	-1.231016
583	8.085985	00:00:08:07	-28.051526	1.621580	-1.210855	-27.912050	1.659472	-1.160507	-28.003001	1.674535	-1.087615	-27.951331	1.541667	-1.167939	-27.974779	1.539561	-1.145726	-28.103419	1.568940	-1.087606	-27.854822	1.566979	-1.257800	-27.815132	1.561051	-0.940097	-27.971655	0.734217	-1.656259	-27.441035	1.545101	-0.842683	-28.112877	-0.005153	-2.033150	-27.433088	1.508089	-0.843623	-28.117134	-0.046479	-2.081716	-27.470284	1.500566	-0.847161	-28.084132	-0.024681	-2.060485	-28.086741	0.979331	-1.029305	-28.132725	0.976862	-1.083192	-27.838105	0.991274	-1.213021	-27.868907	0.974447	-1.265707	-28.159397	0.442828	-1.021382	-27.825882	0.503079	-1.214684	-28.126625	-0.014175	-1.003229	-28.147289	-0.052913	-1.062755	-27.802331	-0.038251	-1.180690	-27.819011	-0.054355	-1.258967
584	8.099878	00:00:08:08	-28.037793	1.616994	-1.233113	-27.948836	1.650758	-1.175868	-28.043898	1.662018	-1.136734	-27.981994	1.547167	-1.159849	-27.982613	1.596430	-1.099841	-28.099447	1.530965	-1.093980	-27.855969	1.539030	-1.263727	-27.759718	1.535124	-0.951490	-27.972458	0.737392	-1.639450	-27.434261	1.533442	-0.812763	-28.091557	-0.061929	-2.089107	-27.426537	1.523936	-0.869139	-28.103619	-0.070596	-2.073014	-27.422331	1.557575	-0.826586	-28.078332	-0.028237	-2.084347	-28.148973	0.981745	-1.041331	-28.152720	0.942822	-1.083469	-27.819329	0.975932	-1.221633	-27.853085	0.978982	-1.248370	-28.105764	0.466236	-1.022016	-27.860622	0.452409	-1.238641	-28.093497	-0.055284	-1.041378	-28.154413	-0.090422	-1.046749	-27.819474	-0.077303	-1.175618	-27.839662	-0.059103	-1.245389
585	8.113772	00:00:08:09	-28.051748	1.619385	-1.253756	-27.934358	1.663722	-1.165264	-28.053492	1.660411	-1.108673	-27.978666	1.522447	-1.182273	-27.953993	1.569378	-1.150508	-28.130185	1.513994	-1.087171	-27.821119	1.546398	-1.220937	-27.745051	1.554070	-0.960749	-27.981746	0.764183	-1.644571	-27.459415	1.513531	-0.816308	-28.086969	-0.054129	-2.046139	-27.436550	1.530415	-0.858770	-28.099532	-0.042099	-2.071523	-27.450533	1.523258	-0.848348	-28.113623	-0.037461	-2.064682	-28.136967	0.994669	-1.050058	-28.152535	0.964085	-1.080687	-27.835550	0.982582	-1.195915	-27.817484	0.976282	-1.238082	-28.111051	0.476142	-1.080106	-27.849406	0.471799	-1.248006	-28.116205	-0.038002	-1.013974	-28.127641	-0.076960	-1.064734	-27.798210	-0.057933	-1.198898	-27.832424	-0.050775	-1.222131
586	8.127665	00:00:08:10	-28.019479	1.600003	-1.232283	-27.966355	1.689483	-1.157596	-28.039810	1.704158	-1.067305	-27.990932	1.546244	-1.150124	-27.964223	1.578461	-1.141868	-28.123090	1.566698	-1.071993	-27.875903	1.521232	-1.236733	-27.762622	1.540118	-0.935402	-28.000458	0.732363	-1.650219	-27.432571	1.556562	-0.820928	-28.094904	-0.053966	-2.023339	-27.480604	1.534704	-0.815614	-28.090558	-0.037723	-2.070491	-27.447097	1.542968	-0.838278	-28.100913	-0.065088	-2.059471	-28.127107	0.994068	-1.003195	-28.146589	0.938461	-1.067342	-27.817705	1.004528	-1.183852	-27.840381	0.958391	-1.263492	-28.137822	0.468517	-1.020182	-27.814381	0.456516	-1.227686	-28.144065	-0.075053	-0.996343	-28.155930	-0.070747	-1.066829	-27.787969	-0.090164	-1.184835	-27.836241	-0.069677	-1.231263
587	8.141558	00:00:08:11	-28.019937	1.638718	-1.232454	-27.940757	1.668774	-1.136509	-27.998373	1.668637	-1.061758	-28.017144	1.538312	-1.167669	-28.005376	1.594827	-1.129856	-28.124174	1.564338	-1.066868	-27.852749	1.538805	-1.232982	-27.754177	1.543117	-0.937654	-27.974048	0.758363	-1.618141	-27.438399	1.525743	-0.818069	-28.130054	-0.054142	-2.046029	-27.422489	1.522690	-0.849978	-28.126824	-0.045670	-2.053835	-27.426799	1.512319	-0.847579	-28.118476	-0.043857	-2.048269	-28.120529	0.966180	-1.017709	-28.143882	0.970557	-1.070648	-27.831408	0.990429	-1.230478	-27.857100	0.968561	-1.254868	-28.090703	0.481708	-1.035609	-27.839842	0.453641	-1.211433	-28.121857	-0.057475	-0.993447	-28.128208	-0.072276	-1.096651	-27.804437	-0.049118	-1.198136	-27.873701	-0.079551	-1.231427
588	8.155452	00:00:08:12	-28.067993	1.625048	-1.227328	-27.903092	1.680290	-1.165173	-28.044717	1.631069	-1.046832	-27.986512	1.546831	-1.158860	-27.993887	1.574325	-1.102077	-28.101184	1.521109	-1.109134	-27.840631	1.523814	-1.236363	-27.764727	1.519014	-0.962197	-27.995515	0.747579	-1.670008	-27.435587	1.543265	-0.823054	-28.108280	-0.064625	-2.052280	-27.466085	1.524727	-0.853618	-28.063736	-0.066619	-2.079628	-27.451220	1.530274	-0.862013	-28.112722	-0.050574	-2.059724	-28.119858	0.993659	-1.020553	-28.161886	0.949934	-1.059102	-27.801855	0.961564	-1.228847	-27.848772	0.943721	-1.250709	-28.154606	0.473063	-1.050762	-27.870565	0.475741	-1.219107	-28.128663	-0.046444	-1.035519	-28.140198	-0.067707	-1.044912	-27.814232	-0.072521	-1.200510	-27.835039	-0.035860	-1.236156
589	8.169345	00:00:08:13	-28.019276	1.628305	-1.234453	-27.930114	1.678998	-1.168760	-28.014812	1.658580	-1.095641	-28.002319	1.533437	-1.155270	-27.978277	1.585089	-1.113320	-28.115949	1.546247	-1.084469	-27.868275	1.555323	-1.227852	-27.763276	1.557096	-0.944678	-27.971858	0.759813	-1.646202	-27.465057	1.494530	-0.815307	-28.085042	-0.033406	-2.082923	-27.434566	1.559599	-0.854960	-28.081761	-0.005333	-2.080544	-27.463987	1.524718	-0.819656	-28.100502	-0.049778	-2.078672	-28.132252	0.982567	-1.027758	-28.158043	0.976229	-1.054929	-27.833303	0.994566	-1.204366	-27.834811	0.966274	-1.260125	-28.135688	0.441471	-1.031856	-27.823959	0.477252	-1.237821	-28.122084	-0.028877	-1.014315	-28.159041	-0.071350	-1.068868	-27.775724	-0.037189	-1.171961	-27.863762	-0.064785	-1.208814
590	8.183239	00:00:08:14	-28.038270	1.649140	-1.231008	-27.919477	1.658221	-1.183548	-28.011132	1.668199	-1.116001	-28.001158	1.548777	-1.140740	-27.953004	1.585959	-1.129544	-28.124418	1.544010	-1.072211	-27.860144	1.518144	-1.235975	-27.785907	1.539445	-0.975303	-27.985652	0.709468	-1.654050	-27.439863	1.517620	-0.818845	-28.098771	-0.031630	-2.050617	-27.423728	1.542276	-0.835543	-28.099132	-0.034468	-2.060849	-27.463312	1.543668	-0.850735	-28.105788	-0.052408	-2.052338	-28.123446	0.961236	-1.027827	-28.191977	0.963591	-1.097855	-27.831155	0.965697	-1.166366	-27.853075	0.977785	-1.240697	-28.156880	0.437401	-1.057298	-27.857540	0.442288	-1.229619	-28.109787	-0.043912	-1.008229	-28.137052	-0.066413	-1.070953	-27.818434	-0.075805	-1.174789	-27.839860	-0.053387	-1.262096
591	8.197132	00:00:08:15	-28.048469	1.607295	-1.230542	-27.940024	1.657885	-1.162681	-28.034184	1.703049	-1.100326	-27.966175	1.540718	-1.169602	-27.986719	1.572121	-1.131693	-28.108678	1.560432	-1.088280	-27.903888	1.553430	-1.246461	-27.777341	1.535957	-0.964217	-27.963635	0.749780	-1.634295	-27.430653	1.544104	-0.830178	-28.104793	-0.022754	-2.099492	-27.433998	1.543072	-0.882714	-28.102675	-0.019038	-2.062183	-27.404270	1.540280	-0.851325	-28.081541	-0.036357	-2.081106	-28.122713	0.977153	-1.025898	-28.158723	0.957318	-1.046009	-27.813346	0.979172	-1.194617	-27.810924	0.931476	-1.237847	-28.133833	0.452821	-1.034570	-27.807814	0.470788	-1.211295	-28.118257	-0.041809	-1.010036	-28.143221	-0.060471	-1.059546	-27.810030	-0.021846	-1.204421	-27.875369	-0.085239	-1.247044
592	8.211026	00:00:08:16	-27.997606	1.634321	-1.213427	-27.906667	1.666548	-1.160106	-28.018200	1.681553	-1.110666	-27.969029	1.567395	-1.152515	-28.003381	1.568334	-1.087153	-28.140662	1.543174	-1.070236	-27.853796	1.552342	-1.236431	-27.785035	1.576418	-0.949753	-27.967374	0.787087	-1.639522	-27.469238	1.541031	-0.834976	-28.102460	-0.064943	-2.053732	-27.445170	1.540727	-0.846399	-28.104107	-0.034576	-2.104008	-27.439755	1.520863	-0.827811	-28.079320	-0.073350	-2.063311	-28.145110	0.977335	-1.030692	-28.131078	0.996985	-1.084372	-27.783377	0.982900	-1.231943	-27.848479	0.954107	-1.237672	-28.152681	0.458736	-1.016785	-27.846250	0.488210	-1.223500	-28.117616	-0.072581	-1.005221	-28.144226	-0.046011	-1.062744	-27.816794	-0.018081	-1.205692	-27.849474	-0.092117	-1.243878
593	8.224919	00:00:08:17	-28.033755	1.615375	-1.224615	-27.900613	1.654016	-1.170214	-28.039488	1.663171	-1.100810	-28.012252	1.537645	-1.170526	-27.957416	1.523219	-1.086800	-28.080847	1.553826	-1.104338	-27.892049	1.536655	-1.236500	-27.777828	1.570299	-0.991641	-27.983479	0.757727	-1.656390	-27.446919	1.515283	-0.870689	-28.083813	-0.048938	-2.062314	-27.435362	1.542308	-0.845597	-28.078723	-0.049144	-2.044604	-27.458260	1.513185	-0.829744	-28.115831	-0.068170	-2.048354	-28.115129	0.975192	-1.037831	-28.132623	0.946832	-1.080984	-27.815817	0.961712	-1.202191	-27.853607	0.980634	-1.278806	-28.128298	0.473535	-1.045756	-27.832836	0.444947	-1.239326	-28.110731	-0.065815	-1.027877	-28.130126	-0.057314	-1.044315	-27.782803	-0.047241	-1.188017	-27.864539	-0.078294	-1.254857
594	8.238813	00:00:08:18	-28.018628	1.636874	-1.253157	-27.883273	1.643579	-1.191018	-28.009418	1.666112	-1.114080	-28.004503	1.549053	-1.140524	-27.996255	1.545161	-1.114449	-28.104134	1.538160	-1.108527	-27.849848	1.571639	-1.243980	-27.763118	1.574552	-0.962691	-27.987178	0.750880	-1.659125	-27.446743	1.526817	-0.847112	-28.081637	-0.042851	-2.069352	-27.454746	1.516835	-0.865104	-28.084167	-0.022480	-2.057597	-27.434665	1.514948	-0.838795	-28.089953	-0.031022	-2.067277	-28.114120	0.941327	-1.032337	-28.148413	0.959313	-1.068396	-27.815599	0.985766	-1.195178	-27.848497	0.972371	-1.253844	-28.127503	0.466832	-1.045770	-27.856893	0.432586	-1.216806	-28.097793	-0.022533	-1.012700	-28.159749	-0.066061	-1.047423	-27.810255	-0.025763	-1.236870	-27.847882	-0.073766	-1.248960
595	8.252706	00:00:08:19	-28.052706	1.635090	-1.234559	-27.900643	1.664020	-1.159468	-28.010865	1.693016	-1.067657	-27.978283	1.529920	-1.181588	-28.001784	1.561796	-1.117417	-28.142558	1.514658	-1.082771	-27.856951	1.545280	-1.233561	-27.776735	1.551350	-0.961364	-28.008472	0.733134	-1.669712	-27.452954	1.570604	-0.833984	-28.089935	-0.050394	-2.094647	-27.473083	1.512408	-0.855493	-28.100424	-0.034918	-2.032046	-27.472628	1.549348	-0.803847	-28.063813	-0.036797	-2.091274	-28.125599	0.950484	-0.997893	-28.123583	0.965244	-1.068844	-27.804267	0.979043	-1.214235	-27.829850	0.946791	-1.263970	-28.132215	0.465251	-1.016980	-27.836402	0.487797	-1.240851	-28.102191	-0.061386	-1.010361	-28.134538	-0.066068	-1.050027	-27.812500	-0.050644	-1.183358	-27.847546	-0.083608	-1.242763
596	8.266599	00:00:08:20	-28.043013	1.645177	-1.261472	-27.888806	1.713863	-1.145210	-28.011735	1.698815	-1.097886	-28.028689	1.562955	-1.150128	-27.991798	1.560915	-1.116044	-28.116113	1.526497	-1.044183	-27.868454	1.551892	-1.233793	-27.811381	1.554361	-0.940750	-27.997393	0.769282	-1.635475	-27.433136	1.505036	-0.842997	-28.094363	-0.054411	-2.057707	-27.438155	1.513368	-0.827856	-28.109664	-0.065017	-2.048965	-27.462518	1.537432	-0.834224	-28.093751	-0.038806	-2.035501	-28.123386	0.954829	-1.048835	-28.148521	0.965380	-1.052811	-27.832434	0.968721	-1.210854	-27.865012	0.944637	-1.232863	-28.121458	0.466421	-1.057531	-27.819633	0.470039	-1.239493	-28.121454	-0.051174	-1.016981	-28.141607	-0.041133	-1.045193	-27.842410	-0.040467	-1.198387	-27.831944	-0.048734	-1.224766
597	8.280493	00:00:08:21	-28.029672	1.620971	-1.229985	-27.901648	1.658082	-1.132209	-28.019417	1.719687	-1.098079	-27.934859	1.501707	-1.195805	-27.964576	1.537808	-1.134312	-28.123653	1.533131	-1.062959	-27.841569	1.522350	-1.223008	-27.762815	1.537221	-0.945279	-27.945781	0.771288	-1.662206	-27.437714	1.540169	-0.851987	-28.105969	-0.027161	-2.080045	-27.399506	1.535828	-0.849477	-28.089994	-0.032544	-2.064693	-27.452290	1.519918	-0.838311	-28.086727	-0.053324	-2.078284	-28.118174	0.982228	-1.014388	-28.106936	0.985907	-1.069208	-27.818242	0.971184	-1.204585	-27.818344	0.980784	-1.266784	-28.097592	0.456829	-1.043326	-27.831426	0.442722	-1.238970	-28.093776	-0.033620	-1.017966	-28.145783	-0.086566	-1.057340	-27.819739	-0.020059	-1.168405	-27.868480	-0.082531	-1.266505
598	8.294386	00:00:08:22	-28.044157	1.624976	-1.227187	-27.912113	1.654938	-1.138730	-28.002303	1.650235	-1.096233	-28.008055	1.582243	-1.168439	-27.941535	1.571910	-1.113989	-28.126871	1.535851	-1.123885	-27.869630	1.550538	-1.197568	-27.784724	1.546753	-0.954814	-27.989317	0.749178	-1.658857	-27.446226	1.530534	-0.847118	-28.134062	-0.019336	-2.071924	-27.424430	1.534627	-0.846881	-28.094516	-0.036930	-2.059776	-27.447303	1.543068	-0.835270	-28.086478	-0.059576	-2.036926	-28.085225	0.971261	-1.020311	-28.156556	0.965808	-1.090673	-27.813200	0.970262	-1.227612	-27.863775	0.948315	-1.258421	-28.113021	0.442717	-1.051968	-27.834464	0.474362	-1.222264	-28.111584	-0.080240	-1.014489	-28.112283	-0.054098	-1.047116	-27.812351	-0.040187	-1.195515	-27.833940	-0.081740	-1.232977
599	8.308280	00:00:08:23	-28.034925	1.668671	-1.224729	-27.936885	1.673375	-1.145750	-27.998132	1.669531	-1.103920	-27.968727	1.552635	-1.145929	-27.959032	1.573633	-1.119491	-28.096411	1.573085	-1.076119	-27.850701	1.552120	-1.282991	-27.782699	1.528056	-0.965704	-27.996409	0.747206	-1.637088	-27.457925	1.547100	-0.854521	-28.091818	-0.042530	-2.077540	-27.438840	1.515229	-0.822650	-28.091097	-0.046472	-2.069120	-27.433842	1.543381	-0.818502	-28.096169	-0.040084	-2.069806	-28.148124	0.965724	-1.019959	-28.145669	0.942757	-1.099583	-27.814926	0.987242	-1.187043	-27.830093	0.981149	-1.282228	-28.138962	0.460656	-1.042952	-27.832212	0.456183	-1.210532	-28.158374	-0.023014	-1.026817	-28.129729	-0.075340	-1.045582	-27.783358	-0.012250	-1.192460	-27.881458	-0.031152	-1.266587
600	8.322173	00:00:08:24	-28.018559	1.614792	-1.233237	-27.900106	1.658797	-1.185016	-28.029195	1.676621	-1.090144	-27.993373	1.546153	-1.167312	-27.976488	1.537157	-1.129209	-28.106400	1.530888	-1.097880	-27.879137	1.540056	-1.242814	-27.769405	1.526470	-0.967643	-27.968594	0.729536	-1.657697	-27.446101	1.530939	-0.852999	-28.094365	-0.033852	-2.088731	-27.445874	1.555152	-0.821999	-28.088821	-0.034691	-2.080657	-27.455696	1.537573	-0.827672	-28.089306	-0.062225	-2.086187	-28.087363	0.978971	-1.037346	-28.170873	0.972522	-1.050938	-27.802542	0.982500	-1.210431	-27.854998	0.965089	-1.262385	-28.112927	0.460189	-1.069343	-27.825347	0.455170	-1.205495	-28.101357	-0.030046	-0.992488	-28.173896	-0.056105	-1.064662	-27.813334	-0.073428	-1.193082	-27.855121	-0.043002	-1.229849
601	8.336067	00:00:08:25	-28.033311	1.630048	-1.216755	-27.934270	1.658536	-1.184348	-28.000924	1.638418	-1.093148	-28.011995	1.552477	-1.186828	-28.012884	1.558346	-1.118075	-28.130787	1.567609	-1.082800	-27.871629	1.589268	-1.257809	-27.790190	1.529138	-0.970251	-27.971147	0.750739	-1.673127	-27.438090	1.540977	-0.817922	-28.128832	-0.043613	-2.088524	-27.452122	1.514481	-0.840352	-28.099850	-0.042498	-2.070090	-27.445038	1.507593	-0.847071	-28.101803	-0.024896	-2.073707	-28.114867	0.960695	-1.049607	-28.133653	0.952656	-1.089901	-27.818601	0.979167	-1.227573	-27.846249	0.942002	-1.260404	-28.139331	0.464551	-1.062475	-27.803010	0.448546	-1.231894	-28.153767	-0.023632	-0.983391	-28.157819	-0.041839	-1.068718	-27.812276	-0.040953	-1.206559	-27.832941	-0.035739	-1.244258
602	8.349960	00:00:08:26	-28.022311	1.639799	-1.239358	-27.913137	1.685164	-1.165711	-27.992987	1.647448	-1.094518	-27.996527	1.532908	-1.170396	-27.992566	1.566632	-1.130418	-28.095528	1.555519	-1.044636	-27.903141	1.516238	-1.251641	-27.777590	1.562614	-0.960147	-27.994489	0.750163	-1.665998	-27.448340	1.539260	-0.840512	-28.142479	-0.052374	-2.049748	-27.425334	1.522819	-0.830854	-28.095690	-0.041261	-2.047489	-27.452346	1.548387	-0.826600	-28.079162	-0.062117	-2.058427	-28.131027	0.975299	-1.042023	-28.129908	0.959205	-1.074529	-27.827060	1.006672	-1.228043	-27.856333	0.979164	-1.258895	-28.132823	0.472176	-1.027683	-27.822813	0.431449	-1.233411	-28.108818	-0.019764	-0.993269	-28.162066	-0.090048	-1.056826	-27.795653	-0.022383	-1.185467	-27.849931	-0.044591	-1.255462
603	8.363854	00:00:08:27	-28.020466	1.636807	-1.228331	-27.917914	1.674060	-1.178744	-28.010925	1.665782	-1.082031	-27.979216	1.556556	-1.164545	-27.959495	1.554213	-1.110319	-28.109380	1.564539	-1.085752	-27.854391	1.550938	-1.230576	-27.810279	1.530952	-0.988166	-27.973366	0.757311	-1.650696	-27.437697	1.503403	-0.840707	-28.091604	-0.070882	-2.102281	-27.457163	1.547630	-0.825614	-28.124475	-0.058128	-2.061875	-27.440023	1.548169	-0.859798	-28.055926	-0.027109	-2.066737	-28.118333	1.011410	-1.046235	-28.151418	0.951637	-1.062219	-27.811322	0.958231	-1.193679	-27.844392	0.968549	-1.248760	-28.150609	0.463315	-1.029237	-27.857323	0.437632	-1.268747	-28.123755	-0.014354	-1.032972	-28.154570	-0.090672	-1.057486	-27.787311	-0.047183	-1.188321	-27.877042	-0.055227	-1.230255
604	8.377747	00:00:08:28	-27.974232	1.616118	-1.228141	-27.934444	1.671789	-1.137276	-28.041158	1.655573	-1.081156	-27.991739	1.543942	-1.162850	-27.972415	1.588234	-1.139372	-28.143665	1.526482	-1.089002	-27.855697	1.528837	-1.218865	-27.799056	1.534405	-0.978082	-27.983490	0.757094	-1.648139	-27.431976	1.523881	-0.825496	-28.103298	-0.015952	-2.060763	-27.426546	1.505246	-0.867871	-28.142514	-0.053265	-2.018471	-27.442990	1.535795	-0.822987	-28.110027	-0.039171	-2.055774	-28.124501	1.014846	-1.027969	-28.137446	0.998092	-1.091671	-27.791071	0.958821	-1.186376	-27.853839	0.945760	-1.257330	-28.098442	0.471268	-1.043456	-27.793891	0.450435	-1.222192	-28.102183	-0.051259	-1.031438	-28.168799	-0.065245	-1.049360	-27.801344	-0.074871	-1.194278	-27.843833	-0.063736	-1.250820
605	8.391640	00:00:08:29	-28.050659	1.653233	-1.223883	-27.918607	1.663317	-1.184929	-28.032291	1.646072	-1.066352	-27.990952	1.558790	-1.187206	-27.971926	1.555448	-1.149572	-28.133761	1.539584	-1.084413	-27.884248	1.521873	-1.254760	-27.789037	1.506366	-0.963032	-27.986745	0.789696	-1.656671	-27.476941	1.532327	-0.826955	-28.062878	-0.041463	-2.069450	-27.447547	1.534787	-0.879291	-28.115355	-0.037399	-2.076601	-27.476720	1.526949	-0.857020	-28.101019	-0.066572	-2.053022	-28.116470	0.968331	-1.035689	-28.140519	0.937237	-1.044525	-27.806129	0.959381	-1.186704	-27.822773	0.959864	-1.244462	-28.129176	0.476345	-1.027248	-27.831790	0.469138	-1.228620	-28.106681	-0.065817	-1.008602	-28.127485	-0.047156	-1.064712	-27.834605	-0.063082	-1.186844	-27.847510	-0.083196	-1.256410
606	8.405534	00:00:08:30	-28.009352	1.648029	-1.259908	-27.903142	1.662094	-1.154359	-28.036932	1.679440	-1.086387	-27.986399	1.559985	-1.209213	-27.990225	1.550682	-1.142920	-28.127664	1.575706	-1.083529	-27.824214	1.535517	-1.229940	-27.747161	1.542557	-0.987359	-27.985087	0.735148	-1.624518	-27.442675	1.526110	-0.841686	-28.093001	-0.070753	-2.066791	-27.455282	1.534597	-0.838714	-28.097902	-0.023861	-2.061134	-27.438169	1.525491	-0.873467	-28.087376	-0.030739	-2.050888	-28.097928	0.973607	-1.006196	-28.164210	0.950336	-1.092858	-27.827324	1.002759	-1.201479	-27.836644	0.963183	-1.229493	-28.119688	0.458188	-1.005473	-27.852615	0.446404	-1.203967	-28.100498	-0.077936	-0.999558	-28.138543	-0.082363	-1.071072	-27.786430	-0.066162	-1.198192	-27.833771	-0.069913	-1.219135
607	8.419427	00:00:08:31	-28.031278	1.617650	-1.217893	-27.921634	1.689044	-1.168396	-28.004300	1.702432	-1.088339	-27.985844	1.572615	-1.176956	-27.947223	1.556076	-1.108298	-28.105113	1.541787	-1.076519	-27.858209	1.557611	-1.212972	-27.799989	1.552183	-0.967440	-28.008020	0.755137	-1.681797	-27.446794	1.547886	-0.831941	-28.085338	-0.051583	-2.062192	-27.451528	1.536660	-0.838655	-28.095586	-0.044593	-2.054658	-27.461567	1.522015	-0.839641	-28.110818	-0.028286	-2.072906	-28.089107	0.989492	-1.036068	-28.147603	0.982493	-1.079213	-27.802904	1.010504	-1.206718	-27.844761	0.946677	-1.272397	-28.134030	0.458678	-1.058950	-27.807491	0.444728	-1.211709	-28.112367	-0.046954	-1.017146	-28.146897	-0.058423	-1.039838	-27.809662	-0.030098	-1.191646	-27.873587	-0.113517	-1.243862
608	8.433321	00:00:08:32	-28.018797	1.612941	-1.206069	-27.884399	1.719342	-1.171315	-28.041321	1.678660	-1.118495	-27.967167	1.521257	-1.195161	-27.967397	1.553493	-1.119997	-28.109165	1.540972	-1.097772	-27.884618	1.554514	-1.219857	-27.795131	1.526887	-0.966109	-27.947895	0.770243	-1.656565	-27.491631	1.528535	-0.850404	-28.109560	-0.049041	-2.089529	-27.451782	1.529147	-0.851512	-28.092428	-0.042880	-2.047418	-27.469442	1.504242	-0.847972	-28.089479	-0.045988	-2.024278	-28.103101	0.978347	-1.025098	-28.142500	0.950546	-1.101244	-27.833375	0.991557	-1.223894	-27.847561	0.922969	-1.238249	-28.141540	0.438048	-1.052958	-27.791589	0.469636	-1.234051	-28.123963	-0.055957	-1.014088	-28.172808	-0.062798	-1.093678	-27.829751	-0.056128	-1.184406	-27.873518	-0.053519	-1.235469
609	8.447214	00:00:08:33	-28.033793	1.628084	-1.233050	-27.951551	1.682469	-1.186817	-28.013166	1.660984	-1.110940	-27.980412	1.543307	-1.166393	-27.971792	1.547921	-1.145532	-28.111405	1.523771	-1.112472	-27.889518	1.564200	-1.251645	-27.747853	1.524125	-0.959343	-27.977125	0.755263	-1.675783	-27.451592	1.496863	-0.865222	-28.110708	-0.007514	-2.068715	-27.454755	1.521970	-0.827000	-28.105301	-0.036760	-2.058890	-27.438134	1.517340	-0.845129	-28.093828	-0.036134	-2.079868	-28.110063	0.973274	-1.028922	-28.145054	0.979353	-1.071460	-27.820244	0.957526	-1.236157	-27.847762	0.955601	-1.256362	-28.129356	0.470456	-1.030422	-27.833385	0.469304	-1.226378	-28.102608	-0.027278	-1.014917	-28.145346	-0.072093	-1.048157	-27.774419	-0.057354	-1.221464	-27.841147	-0.059088	-1.222005
610	8.461108	00:00:08:34	-28.075891	1.637497	-1.213418	-27.934809	1.675359	-1.160914	-28.040137	1.704045	-1.091266	-27.990927	1.538357	-1.161782	-27.968718	1.583789	-1.142878	-28.106407	1.531090	-1.108731	-27.863072	1.530570	-1.227607	-27.786538	1.562848	-0.979915	-27.975221	0.775746	-1.686530	-27.460899	1.547141	-0.837085	-28.111015	-0.084216	-2.043146	-27.405634	1.536154	-0.871602	-28.106914	-0.046806	-2.065127	-27.456978	1.567942	-0.861347	-28.125142	-0.061486	-2.098842	-28.118256	0.983625	-1.011067	-28.170557	0.998620	-1.086736	-27.820857	0.970653	-1.235338	-27.836308	0.998761	-1.268982	-28.159466	0.463127	-1.052837	-27.823243	0.496433	-1.219998	-28.115182	-0.007736	-1.021291	-28.137344	-0.056446	-1.087992	-27.807466	-0.056859	-1.165096	-27.844510	-0.081406	-1.229839
611	8.475001	00:00:08:35	-28.018598	1.645446	-1.230802	-27.915943	1.669240	-1.165340	-28.005624	1.650487	-1.114351	-27.993869	1.525559	-1.163248	-27.971604	1.574764	-1.150322	-28.105182	1.557653	-1.081435	-27.846441	1.515655	-1.226930	-27.771109	1.542057	-0.962926	-27.963601	0.766798	-1.652907	-27.445198	1.509794	-0.842539	-28.086772	-0.074744	-2.075847	-27.440248	1.496645	-0.848631	-28.136097	-0.054606	-2.046858	-27.477281	1.540101	-0.834499	-28.060684	-0.043237	-2.047127	-28.122418	1.006438	-1.043318	-28.162603	0.949506	-1.086775	-27.805806	1.000984	-1.224544	-27.849214	0.959942	-1.267390	-28.146718	0.478466	-1.034444	-27.793181	0.474955	-1.238793	-28.141710	-0.060958	-1.001059	-28.134675	-0.083960	-1.064845	-27.816030	-0.047665	-1.171863	-27.874060	-0.030386	-1.252500
612	8.488895	00:00:08:36	-28.062730	1.638418	-1.223844	-27.888006	1.670986	-1.136197	-28.033385	1.676203	-1.078949	-27.983256	1.530136	-1.164686	-27.961238	1.542126	-1.142070	-28.122236	1.566169	-1.099370	-27.856631	1.537680	-1.229943	-27.788075	1.534761	-0.967608	-27.978979	0.743319	-1.631955	-27.464944	1.527130	-0.855688	-28.086654	-0.093452	-2.052515	-27.464027	1.551399	-0.811711	-28.096161	-0.039467	-2.074645	-27.431966	1.536701	-0.828798	-28.073465	-0.042126	-2.077316	-28.143230	0.997969	-1.029535	-28.164373	0.959788	-1.048417	-27.819001	0.986543	-1.239811	-27.819149	0.948345	-1.249034	-28.115796	0.457499	-1.066840	-27.830562	0.423791	-1.204315	-28.111258	-0.053932	-1.019526	-28.170925	-0.051537	-1.083693	-27.809515	-0.032549	-1.220283	-27.785477	-0.068064	-1.233851
613	8.502788	00:00:08:37	-28.012301	1.631077	-1.207529	-27.930591	1.659167	-1.177644	-28.041700	1.692612	-1.077305	-28.030179	1.546302	-1.158962	-27.963616	1.542088	-1.134341	-28.111726	1.518654	-1.103207	-27.882955	1.567902	-1.217875	-27.791007	1.531679	-0.962850	-27.965099	0.776511	-1.641980	-27.436524	1.562998	-0.821311	-28.116615	-0.030328	-2.046135	-27.451108	1.527567	-0.849639	-28.058968	-0.082875	-2.074872	-27.421891	1.516563	-0.840509	-28.111890	-0.061574	-2.067118	-28.132738	0.996446	-1.019762	-28.144280	0.939617	-1.071652	-27.809861	0.970622	-1.224144	-27.829987	1.005395	-1.237899	-28.158305	0.471317	-1.049300	-27.828035	0.445066	-1.241452	-28.126870	-0.047915	-1.023870	-28.148712	-0.036163	-1.052709	-27.827040	-0.047084	-1.223322	-27.822762	-0.066851	-1.262350
614	8.516681	00:00:08:38	-28.016747	1.620281	-1.226211	-27.908648	1.677923	-1.156444	-28.020398	1.677562	-1.114012	-27.991472	1.532816	-1.178215	-27.982389	1.543363	-1.127914	-28.114016	1.512581	-1.067115	-27.831394	1.531530	-1.250582	-27.825435	1.494979	-0.966578	-28.020981	0.756471	-1.619291	-27.452958	1.526521	-0.835241	-28.109912	-0.027431	-2.090117	-27.433865	1.510692	-0.837013	-28.094872	-0.056418	-2.075155	-27.482152	1.537285	-0.837328	-28.068473	-0.025647	-2.055063	-28.122431	0.982842	-1.034211	-28.135053	0.987259	-1.084991	-27.824703	0.987939	-1.219279	-27.849501	0.949685	-1.287187	-28.130941	0.473744	-1.036766	-27.818190	0.439470	-1.214754	-28.131373	-0.051270	-1.027542	-28.140395	-0.079892	-1.035674	-27.827827	-0.047026	-1.186623	-27.836565	-0.093562	-1.246475
615	8.530575	00:00:08:39	-28.019471	1.626060	-1.229052	-27.941241	1.649622	-1.179754	-28.025816	1.681489	-1.115533	-28.008627	1.503569	-1.154357	-27.944486	1.540248	-1.120640	-28.114299	1.550819	-1.075051	-27.874194	1.518478	-1.256227	-27.801151	1.543670	-0.926591	-27.956804	0.746502	-1.678896	-27.450120	1.570249	-0.841660	-28.079342	-0.077793	-2.057605	-27.441366	1.549822	-0.877450	-28.095111	-0.060029	-2.074783	-27.451814	1.532565	-0.848608	-28.089226	-0.040175	-2.059187	-28.081486	0.998522	-1.012740	-28.137391	0.946273	-1.054978	-27.830805	0.964329	-1.186494	-27.833259	0.977991	-1.263286	-28.120506	0.441719	-1.060824	-27.848154	0.451171	-1.231763	-28.144498	-0.036893	-0.993539	-28.156252	-0.055144	-1.049150	-27.836509	-0.057005	-1.177669	-27.829365	-0.097125	-1.244982
616	8.544468	00:00:08:40	-28.063613	1.649720	-1.231173	-27.911424	1.662743	-1.145025	-28.025974	1.688109	-1.111670	-27.992860	1.543108	-1.158567	-27.962038	1.546810	-1.110550	-28.137692	1.529639	-1.094230	-27.879813	1.541254	-1.259977	-27.770751	1.525870	-0.958497	-27.969133	0.770789	-1.645324	-27.471860	1.529891	-0.826126	-28.108699	-0.031471	-2.036663	-27.452924	1.505062	-0.886347	-28.097217	-0.033887	-2.042040	-27.436672	1.511927	-0.818437	-28.091091	-0.041726	-2.060766	-28.103197	0.976591	-1.059718	-28.145304	0.952012	-1.052039	-27.804098	1.008328	-1.210472	-27.847719	0.956834	-1.249142	-28.143652	0.447146	-1.032226	-27.819453	0.467258	-1.225619	-28.116437	-0.044838	-0.980673	-28.164061	-0.091845	-1.050493	-27.820324	-0.034110	-1.209788	-27.852313	-0.054948	-1.227060
617	8.558362	00:00:08:41	-28.056601	1.633666	-1.228922	-27.909480	1.632614	-1.159027	-28.016183	1.697870	-1.076992	-27.958528	1.535334	-1.155904	-27.971291	1.559589	-1.131229	-28.109138	1.530785	-1.074732	-27.869369	1.527391	-1.239772	-27.765159	1.532811	-0.967712	-27.971349	0.744366	-1.634318	-27.432842	1.543089	-0.868302	-28.093801	-0.029743	-2.063567	-27.458565	1.536066	-0.861805	-28.091245	-0.061285	-2.082245	-27.445474	1.523585	-0.844609	-28.070301	-0.014819	-2.068819	-28.110050	0.943435	-1.018660	-28.143466	0.975095	-1.097222	-27.852410	0.985423	-1.224353	-27.855660	0.964951	-1.274921	-28.113372	0.417430	-1.061762	-27.828183	0.466153	-1.222925	-28.118196	-0.053645	-1.024908	-28.137098	-0.061487	-1.055046	-27.809261	-0.040401	-1.207405	-27.876158	-0.076161	-1.232733
618	8.572255	00:00:08:42	-28.039540	1.635058	-1.210177	-27.887364	1.667203	-1.154892	-28.017933	1.652840	-1.093486	-27.990409	1.521331	-1.161605	-27.974133	1.517130	-1.111946	-28.120249	1.579923	-1.073683	-27.861231	1.551905	-1.241403	-27.790877	1.532368	-0.957385	-27.973480	0.788758	-1.670026	-27.479392	1.504888	-0.834712	-28.100483	-0.035931	-2.063272	-27.446186	1.524395	-0.859268	-28.072592	-0.024358	-2.058949	-27.454663	1.531136	-0.827055	-28.121152	-0.074232	-2.072598	-28.132298	0.983566	-1.030596	-28.157690	0.962633	-1.076475	-27.840392	0.980194	-1.241260	-27.857559	0.992229	-1.242663	-28.142151	0.477599	-1.035446	-27.795129	0.428538	-1.197479	-28.102864	-0.050951	-1.016769	-28.145134	-0.068457	-1.081692	-27.802930	-0.070229	-1.181566	-27.846785	-0.074155	-1.235435
619	8.586149	00:00:08:43	-28.048788	1.628854	-1.211988	-27.920104	1.665963	-1.164150	-28.002740	1.649836	-1.061278	-28.010586	1.552655	-1.145921	-28.014606	1.566916	-1.098331	-28.147185	1.570433	-1.087831	-27.821683	1.555992	-1.252052	-27.769466	1.534630	-0.945650	-27.984159	0.771055	-1.664881	-27.458594	1.523385	-0.825912	-28.080474	-0.026833	-2.073678	-27.453025	1.514652	-0.834330	-28.097561	-0.051887	-2.086974	-27.477684	1.515233	-0.864333	-28.125730	-0.032200	-2.066781	-28.128638	0.989762	-1.011660	-28.157477	0.987274	-1.058047	-27.826750	0.964807	-1.234240	-27.826846	0.973254	-1.239124	-28.125317	0.465644	-1.028824	-27.803809	0.449247	-1.222562	-28.145285	-0.068390	-1.006946	-28.141745	-0.079007	-1.045427	-27.808525	-0.046055	-1.176099	-27.826616	-0.084735	-1.217357
620	8.600042	00:00:08:44	-28.046605	1.623269	-1.212923	-27.942018	1.662771	-1.155184	-28.034542	1.663422	-1.095841	-27.989536	1.534102	-1.113718	-27.996294	1.565670	-1.090098	-28.132699	1.535205	-1.082790	-27.871900	1.520225	-1.230032	-27.800621	1.521589	-0.949470	-27.970462	0.745458	-1.637641	-27.451952	1.528719	-0.829315	-28.081007	-0.073313	-2.059882	-27.447307	1.513955	-0.885638	-28.098076	-0.043254	-2.033698	-27.452405	1.537936	-0.821274	-28.098965	-0.041658	-2.077503	-28.131144	0.967590	-1.005287	-28.150689	0.944937	-1.071268	-27.801503	0.978138	-1.255135	-27.823289	0.980481	-1.255374	-28.113410	0.460116	-1.060453	-27.852113	0.480446	-1.234816	-28.086139	-0.039856	-0.984750	-28.129670	-0.087161	-1.052561	-27.802334	-0.083732	-1.187861	-27.833133	-0.066051	-1.240449
621	8.613936	00:00:08:45	-28.018958	1.625109	-1.212137	-27.905093	1.681512	-1.160237	-27.984391	1.703044	-1.086987	-27.992288	1.546100	-1.163932	-27.975358	1.568065	-1.074079	-28.121495	1.547896	-1.092787	-27.851661	1.530216	-1.238789	-27.762167	1.540333	-0.955848	-27.996924	0.737843	-1.653937	-27.440713	1.515274	-0.824319	-28.101424	-0.036235	-2.057536	-27.452974	1.533349	-0.850731	-28.091436	-0.048147	-2.057693	-27.428569	1.532413	-0.846993	-28.081237	-0.058034	-2.050540	-28.129739	0.978130	-1.046266	-28.160630	0.985096	-1.044221	-27.815667	1.004814	-1.232127	-27.813126	1.005353	-1.265208	-28.147039	0.441143	-1.050833	-27.815932	0.435246	-1.232269	-28.110830	-0.027874	-1.040848	-28.159914	-0.065284	-1.055495	-27.813288	-0.053136	-1.162389	-27.829838	-0.054601	-1.215553
622	8.627829	00:00:08:46	-28.034936	1.626189	-1.260263	-27.906281	1.656093	-1.154882	-28.038742	1.670644	-1.088978	-27.999208	1.505413	-1.147781	-27.985628	1.552430	-1.142395	-28.152921	1.503269	-1.079815	-27.888917	1.535703	-1.241155	-27.787638	1.548306	-0.966198	-27.994556	0.760066	-1.656899	-27.479062	1.517321	-0.851891	-28.099512	-0.035520	-2.059400	-27.453770	1.555343	-0.846439	-28.096145	-0.049263	-2.080375	-27.463760	1.517764	-0.829150	-28.088435	-0.046308	-2.038470	-28.092088	0.985569	-1.022687	-28.156346	0.937695	-1.055261	-27.839103	0.997374	-1.222178	-27.863130	0.995940	-1.227749	-28.133813	0.463259	-1.048375	-27.842085	0.478528	-1.238057	-28.123550	-0.040682	-1.016895	-28.129069	-0.078390	-1.039830	-27.833090	-0.003654	-1.174269	-27.843246	-0.089934	-1.251690
623	8.641722	00:00:08:47	-28.036718	1.630367	-1.231104	-27.921237	1.668149	-1.172516	-28.016551	1.674667	-1.098650	-28.010835	1.513107	-1.170716	-27.980837	1.573620	-1.134794	-28.120366	1.538014	-1.100248	-27.867969	1.554816	-1.263224	-27.758177	1.538259	-0.986241	-27.971637	0.741096	-1.649595	-27.414213	1.509266	-0.847392	-28.068740	-0.042359	-2.055125	-27.442948	1.521284	-0.846361	-28.084977	-0.034517	-2.074530	-27.460354	1.535873	-0.836993	-28.076312	-0.047562	-2.042059	-28.108761	0.970021	-1.009007	-28.153503	0.969123	-1.046483	-27.822082	0.970698	-1.218563	-27.835349	0.956441	-1.234542	-28.133272	0.454439	-1.050745	-27.839493	0.470076	-1.203109	-28.097068	-0.055471	-0.997577	-28.164757	-0.051838	-1.046492	-27.833302	-0.039898	-1.204748	-27.859093	-0.080612	-1.236648
624	8.655616	00:00:08:48	-28.060949	1.607087	-1.254128	-27.921515	1.656428	-1.183381	-28.013758	1.667911	-1.108893	-27.983650	1.571640	-1.163019	-27.985227	1.546721	-1.113889	-28.132300	1.560521	-1.092171	-27.858859	1.562518	-1.239919	-27.789556	1.523822	-0.946652	-27.955553	0.758640	-1.680220	-27.450819	1.527970	-0.808002	-28.089734	-0.046966	-2.067740	-27.429849	1.546111	-0.855512	-28.095309	-0.043867	-2.092173	-27.420963	1.555209	-0.856619	-28.082027	-0.031144	-2.056978	-28.130246	0.976722	-1.030730	-28.139252	0.997958	-1.074671	-27.799236	0.992600	-1.236904	-27.831311	0.944835	-1.270070	-28.126038	0.457457	-1.038824	-27.814624	0.459517	-1.241735	-28.139726	-0.041737	-0.973953	-28.150228	-0.049478	-1.080772	-27.793720	-0.033491	-1.176738	-27.837086	-0.040962	-1.224814
625	8.669509	00:00:08:49	-28.032738	1.651371	-1.232505	-27.943669	1.683354	-1.172095	-28.027838	1.681480	-1.131790	-27.991327	1.533708	-1.142162	-27.987670	1.562064	-1.133744	-28.132076	1.541297	-1.059938	-27.851631	1.552179	-1.213819	-27.800254	1.522063	-0.979133	-27.997545	0.750143	-1.662460	-27.457697	1.543609	-0.849480	-28.093765	-0.056268	-2.070279	-27.478545	1.538271	-0.839085	-28.069198	-0.040887	-2.049997	-27.460120	1.521246	-0.829494	-28.096269	-0.058179	-2.078427	-28.163975	0.990223	-1.049585	-28.170140	0.966588	-1.073962	-27.814505	0.960966	-1.198759	-27.823217	1.011168	-1.229257	-28.109681	0.444993	-1.029405	-27.808265	0.478903	-1.243660	-28.113920	-0.030630	-1.000326	-28.181545	-0.075793	-1.057069	-27.789402	-0.063446	-1.206512	-27.820853	-0.076818	-1.246495
626	8.683403	00:00:08:50	-28.042336	1.634394	-1.215064	-27.907371	1.704582	-1.142195	-28.022162	1.697839	-1.102393	-27.985980	1.590843	-1.170505	-27.984929	1.563116	-1.117907	-28.125569	1.554423	-1.073077	-27.874055	1.571944	-1.215212	-27.762099	1.548865	-0.956847	-28.014531	0.756579	-1.653416	-27.469562	1.537071	-0.845774	-28.089095	-0.058885	-2.040708	-27.406065	1.494522	-0.860616	-28.090942	-0.040446	-2.065129	-27.447050	1.504420	-0.826212	-28.115182	-0.049048	-2.098676	-28.100832	0.991679	-1.045795	-28.139393	0.955603	-1.096905	-27.810774	0.987691	-1.210185	-27.836856	0.960198	-1.261224	-28.162859	0.465542	-1.046332	-27.832187	0.473382	-1.249774	-28.113760	-0.038245	-1.029287	-28.164574	-0.082628	-1.034542	-27.827692	-0.047403	-1.198518	-27.855083	-0.061897	-1.234643
627	8.697296	00:00:08:51	-28.002824	1.614562	-1.224667	-27.923822	1.668867	-1.166000	-28.010280	1.705034	-1.123498	-27.992387	1.551910	-1.143107	-27.968849	1.546176	-1.107661	-28.101843	1.549930	-1.082514	-27.868967	1.524536	-1.196471	-27.749823	1.535642	-0.963051	-27.991492	0.743044	-1.657432	-27.419881	1.523046	-0.855912	-28.077938	-0.043343	-2.062113	-27.430253	1.528209	-0.849605	-28.074978	-0.049143	-2.068974	-27.458176	1.546898	-0.840991	-28.073736	-0.011022	-2.074596	-28.083150	0.988575	-1.064908	-28.152145	0.992139	-1.071929	-27.816224	0.961800	-1.215615	-27.868283	0.957279	-1.251904	-28.123187	0.481496	-1.019122	-27.835883	0.469012	-1.221176	-28.120962	-0.022114	-0.988257	-28.132129	-0.055000	-1.049420	-27.815716	-0.068920	-1.170007	-27.860732	-0.083425	-1.249080
628	8.711190	00:00:08:52	-28.038610	1.611037	-1.216790	-27.930536	1.678118	-1.171712	-28.029565	1.708281	-1.106684	-28.029182	1.528568	-1.181788	-27.985035	1.554417	-1.135682	-28.138061	1.547515	-1.104878	-27.870325	1.521314	-1.180351	-27.761162	1.541036	-0.949914	-27.976264	0.734701	-1.643416	-27.449912	1.520675	-0.852330	-28.095278	-0.049592	-2.034718	-27.470679	1.525527	-0.854497	-28.049187	-0.039714	-2.072166	-27.461304	1.526029	-0.804359	-28.105992	-0.053291	-2.071392	-28.127182	0.981244	-1.026523	-28.135396	0.960158	-1.094860	-27.785579	0.977666	-1.175155	-27.860599	0.964262	-1.239667	-28.139469	0.431926	-1.026203	-27.847319	0.442380	-1.252590	-28.112026	-0.035192	-1.015344	-28.162261	-0.078546	-1.075919	-27.821361	-0.061792	-1.202124	-27.844714	-0.068211	-1.249446
629	8.725083	00:00:08:53	-28.059408	1.638909	-1.254439	-27.913486	1.657801	-1.138538	-28.029326	1.666074	-1.135853	-27.950790	1.557865	-1.167165	-27.964966	1.540948	-1.127382	-28.128054	1.521306	-1.087819	-27.888222	1.548011	-1.267380	-27.754352	1.555536	-0.956657	-28.010836	0.734492	-1.620615	-27.420219	1.562959	-0.833212	-28.105684	-0.040414	-2.078016	-27.435146	1.561681	-0.845477	-28.095305	-0.036126	-2.046309	-27.430387	1.517099	-0.820886	-28.098608	-0.072913	-2.090288	-28.139120	0.966785	-0.998627	-28.136359	0.928610	-1.067877	-27.812553	1.003526	-1.193257	-27.852731	0.980840	-1.253569	-28.119640	0.456718	-1.050337	-27.840669	0.444952	-1.217374	-28.111844	-0.053454	-1.019466	-28.131954	-0.074133	-1.044159	-27.789707	-0.068907	-1.205273	-27.855871	-0.055163	-1.222603
630	8.738977	00:00:08:54	-28.029299	1.668351	-1.196967	-27.929602	1.711174	-1.147123	-28.031126	1.666456	-1.090053	-28.010464	1.528335	-1.160448	-27.969732	1.574226	-1.115994	-28.089370	1.543741	-1.059156	-27.868882	1.561577	-1.266335	-27.752538	1.538153	-0.954155	-27.997039	0.732659	-1.652245	-27.439182	1.510448	-0.833041	-28.074461	0.000182	-2.088453	-27.426340	1.537805	-0.869892	-28.109250	-0.070420	-2.059701	-27.460006	1.496107	-0.847614	-28.115241	-0.040141	-2.070634	-28.109489	0.969613	-0.992476	-28.148550	0.955395	-1.084462	-27.800827	1.022609	-1.209889	-27.849133	0.949689	-1.275174	-28.134862	0.449146	-1.027840	-27.854064	0.471906	-1.240179	-28.116245	-0.054619	-1.005618	-28.130822	-0.098153	-1.066742	-27.843874	-0.063647	-1.170609	-27.842314	-0.069283	-1.205075
631	8.752870	00:00:08:55	-28.050410	1.580765	-1.223763	-27.915783	1.664787	-1.162212	-28.016510	1.668362	-1.097263	-28.021936	1.555955	-1.161574	-27.976909	1.573473	-1.105693	-28.141478	1.540965	-1.086376	-27.868455	1.548634	-1.269521	-27.800528	1.511112	-0.944868	-27.987006	0.742964	-1.676953	-27.466807	1.538370	-0.813329	-28.090515	-0.060861	-2.061426	-27.430539	1.546216	-0.856366	-28.081719	-0.016525	-2.075363	-27.454951	1.533621	-0.855869	-28.080463	-0.057435	-2.067477	-28.126372	0.995188	-1.048825	-28.168492	0.954834	-1.047062	-27.804800	0.963890	-1.208838	-27.830672	0.944176	-1.265953	-28.108714	0.464052	-1.025494	-27.804790	0.434261	-1.220202	-28.108259	-0.070460	-1.021443	-28.160304	-0.086325	-1.019723	-27.820810	-0.059661	-1.180042	-27.840499	-0.048279	-1.233076
632	8.766763	00:00:08:56	-28.020785	1.657760	-1.207282	-27.900906	1.688210	-1.157673	-28.014819	1.658873	-1.125550	-28.010453	1.558833	-1.171881	-27.968756	1.536907	-1.125799	-28.133163	1.530252	-1.091621	-27.873180	1.537994	-1.253068	-27.761129	1.505299	-0.959912	-27.988070	0.751204	-1.632851	-27.473895	1.508069	-0.859239	-28.093830	-0.049659	-2.096475	-27.439458	1.499088	-0.845792	-28.117691	-0.031138	-2.066136	-27.444006	1.556685	-0.837271	-28.129183	-0.063848	-2.052502	-28.101194	1.016374	-0.982558	-28.194375	0.979453	-1.067104	-27.824669	0.985455	-1.217717	-27.830754	0.961345	-1.236913	-28.142178	0.471696	-1.031907	-27.832989	0.458676	-1.239435	-28.115979	-0.033712	-0.992102	-28.129190	-0.089290	-1.066027	-27.831825	-0.037730	-1.230875	-27.836378	-0.054501	-1.244507
633	8.780657	00:00:08:57	-28.039023	1.634241	-1.260004	-27.894870	1.644520	-1.146968	-27.999710	1.663400	-1.092180	-28.013725	1.546003	-1.142127	-27.973023	1.526093	-1.105675	-28.156045	1.549796	-1.084787	-27.873775	1.539033	-1.246238	-27.762867	1.525341	-0.980491	-27.976281	0.757309	-1.662349	-27.446680	1.547747	-0.868808	-28.104488	-0.011307	-2.066947	-27.435587	1.518439	-0.854196	-28.076143	-0.033986	-2.056137	-27.438286	1.530849	-0.827958	-28.104043	-0.047059	-2.059566	-28.105650	0.994955	-1.016810	-28.138159	0.948891	-1.043883	-27.826391	0.966344	-1.210317	-27.829575	0.984030	-1.270841	-28.108914	0.471612	-1.064949	-27.862360	0.448284	-1.224607	-28.110355	-0.045420	-1.009216	-28.171931	-0.086094	-1.036497	-27.816199	-0.054246	-1.184107	-27.818811	-0.054722	-1.223332
634	8.794550	00:00:08:58	-28.015036	1.636084	-1.247326	-27.932753	1.649696	-1.156569	-28.035769	1.646301	-1.093298	-27.997415	1.506842	-1.178617	-27.961006	1.550746	-1.109988	-28.110150	1.545024	-1.058283	-27.885350	1.572290	-1.236067	-27.757291	1.545889	-0.989319	-27.985079	0.725745	-1.647584	-27.440844	1.527588	-0.854362	-28.074006	-0.058404	-2.055087	-27.455911	1.508576	-0.839092	-28.087184	-0.061393	-2.083893	-27.457369	1.524939	-0.824306	-28.088335	-0.031823	-2.054717	-28.125470	0.973482	-1.041352	-28.167337	0.941734	-1.075131	-27.840082	0.967128	-1.207529	-27.876669	0.956973	-1.228525	-28.155246	0.466657	-1.007450	-27.822123	0.467143	-1.211838	-28.111536	-0.038542	-1.017209	-28.141720	-0.072119	-1.025305	-27.812503	-0.006685	-1.196278	-27.857396	-0.066117	-1.253533
635	8.808444	00:00:08:59	-28.037493	1.644890	-1.227886	-27.930229	1.655735	-1.158388	-27.995774	1.663075	-1.087611	-28.015353	1.570554	-1.122068	-27.975784	1.547554	-1.121464	-28.106726	1.530229	-1.105475	-27.855312	1.514971	-1.248856	-27.788339	1.513154	-0.952870	-27.986994	0.726209	-1.686173	-27.473537	1.534441	-0.802602	-28.094984	-0.043939	-2.067083	-27.473565	1.551456	-0.855526	-28.105865	-0.034607	-2.087682	-27.457885	1.522893	-0.835806	-28.115002	-0.049877	-2.068024	-28.139212	0.984638	-1.027921	-28.152227	0.984091	-1.094910	-27.810102	0.993591	-1.211179	-27.830797	0.961143	-1.254845	-28.114630	0.484358	-1.032827	-27.826668	0.441867	-1.211676	-28.133482	-0.032840	-1.020522	-28.125242	-0.059826	-1.042853	-27.795003	-0.048378	-1.212630	-27.798700	-0.056054	-1.234417
636	8.822337	00:00:08:60	-28.036476	1.618494	-1.226671	-27.934147	1.670418	-1.135311	-28.033639	1.695203	-1.133707	-27.989745	1.536771	-1.182729	-27.988031	1.569851	-1.079456	-28.081484	1.566835	-1.075470	-27.881271	1.532668	-1.225962	-27.792148	1.569512	-0.979506	-27.979091	0.748965	-1.653934	-27.425898	1.544018	-0.840821	-28.077248	-0.050301	-2.045700	-27.459692	1.551009	-0.833950	-28.099176	-0.051116	-2.041176	-27.438606	1.515848	-0.848511	-28.113866	-0.042821	-2.082853	-28.111753	0.977497	-0.998013	-28.160666	0.934834	-1.065705	-27.820905	1.005241	-1.219884	-27.845392	0.979090	-1.275741	-28.145783	0.460214	-1.039617	-27.827767	0.448656	-1.203216	-28.105947	-0.029271	-1.008377	-28.126914	-0.072766	-1.054121	-27.808376	-0.058042	-1.239541	-27.843417	-0.061014	-1.254441
637	8.836231	00:00:08:61	-28.046391	1.651145	-1.229188	-27.946999	1.636156	-1.155947	-28.041192	1.673595	-1.121024	-27.987579	1.542962	-1.140642	-27.954657	1.557856	-1.129983	-28.107342	1.537622	-1.084585	-27.890800	1.547494	-1.238860	-27.781589	1.523111	-0.969753	-27.993917	0.753775	-1.638863	-27.467599	1.537452	-0.841666	-28.101644	-0.033081	-2.041760	-27.424377	1.509536	-0.824862	-28.089927	-0.043446	-2.061890	-27.447759	1.517781	-0.848907	-28.089136	0.004531	-2.041596	-28.117391	0.995794	-1.000645	-28.140169	0.961563	-1.076209	-27.843527	0.965111	-1.215497	-27.839653	0.937016	-1.235947	-28.154123	0.466732	-1.082460	-27.833327	0.465210	-1.235363	-28.094783	-0.040874	-0.986165	-28.141292	-0.063804	-1.050490	-27.810841	-0.056194	-1.151441	-27.836347	-0.093625	-1.223809
638	8.850124	00:00:08:62	-28.053554	1.652443	-1.202784	-27.917350	1.685102	-1.156606	-28.042665	1.672185	-1.078576	-27.961068	1.535255	-1.157473	-27.940581	1.571697	-1.085553	-28.114400	1.538022	-1.056301	-27.848080	1.558292	-1.223552	-27.812215	1.524081	-0.959755	-27.961234	0.747245	-1.660233	-27.440140	1.509310	-0.880203	-28.101393	-0.063965	-2.045951	-27.462764	1.568721	-0.853417	-28.074921	-0.042233	-2.049512	-27.437199	1.529364	-0.841162	-28.061368	-0.056306	-2.059706	-28.144297	0.969879	-1.052453	-28.123322	0.984756	-1.080705	-27.809469	0.982806	-1.217728	-27.851778	0.950581	-1.262281	-28.121438	0.434400	-1.026357	-27.826757	0.466093	-1.216190	-28.089732	-0.027179	-0.999286	-28.133350	-0.060712	-1.053699	-27.763027	-0.057275	-1.207488	-27.839173	-0.050276	-1.250940
639	8.864018	00:00:08:63	-28.025783	1.630328	-1.228962	-27.901701	1.684543	-1.139121	-28.055914	1.688548	-1.086584	-28.021106	1.567780	-1.181559	-27.986920	1.536870	-1.130488	-28.156042	1.546209	-1.081674	-27.859670	1.534832	-1.253991	-27.770562	1.522685	-0.971645	-28.011136	0.724421	-1.654323	-27.468848	1.525393	-0.856144	-28.119307	-0.031846	-2.027795	-27.460179	1.542962	-0.853030	-28.093470	-0.049787	-2.056002	-27.419918	1.515385	-0.850793	-28.066726	-0.051737	-2.067130	-28.117928	0.997675	-1.035590	-28.119807	0.970633	-1.064920	-27.787695	1.002603	-1.218404	-27.835605	0.939519	-1.278497	-28.121090	0.456749	-1.040060	-27.848456	0.451882	-1.241237	-28.114193	-0.021410	-1.040252	-28.146542	-0.087027	-1.030461	-27.771868	-0.044901	-1.193558	-27.844356	-0.071666	-1.251534
640	8.877911	00:00:08:64	-28.043801	1.663418	-1.239694	-27.921979	1.685936	-1.168634	-28.043361	1.645398	-1.092961	-27.998121	1.565937	-1.140379	-27.986268	1.544655	-1.123033	-28.124501	1.559870	-1.078713	-27.864943	1.546663	-1.243145	-27.772172	1.559947	-0.988025	-27.987713	0.768206	-1.643424	-27.392672	1.506364	-0.850554	-28.102466	-0.019932	-2.066685	-27.460188	1.543233	-0.809654	-28.093746	-0.086417	-2.071125	-27.436703	1.523302	-0.830889	-28.103788	-0.060966	-2.059681	-28.146524	1.013625	-1.010703	-28.124657	0.938580	-1.074037	-27.814415	0.977212	-1.194089	-27.816252	1.003636	-1.268812	-28.148282	0.431949	-1.038881	-27.841762	0.426337	-1.233308	-28.122912	-0.031742	-1.041827	-28.143858	-0.059171	-1.066615	-27.794620	-0.065975	-1.179283	-27.851310	-0.078890	-1.248537
641	8.891804	00:00:08:65	-28.026304	1.612201	-1.256432	-27.929946	1.669069	-1.154448	-28.013937	1.675136	-1.101168	-28.005961	1.552514	-1.154767	-28.007690	1.553469	-1.144957	-28.108939	1.526430	-1.099119	-27.854306	1.510013	-1.217034	-27.791350	1.526938	-0.958212	-27.978123	0.744425	-1.631834	-27.471329	1.554054	-0.843016	-28.132220	-0.064791	-2.078650	-27.416440	1.556075	-0.838292	-28.106130	-0.043535	-2.016819	-27.442695	1.553600	-0.816084	-28.073908	-0.073827	-2.068399	-28.121594	0.988063	-0.988391	-28.161779	0.967148	-1.029906	-27.791263	0.967079	-1.201423	-27.839352	1.003162	-1.272249	-28.125714	0.447155	-1.064630	-27.801955	0.456974	-1.192220	-28.136303	-0.019569	-0.993020	-28.142784	-0.096268	-1.068306	-27.796812	-0.028555	-1.185029	-27.851491	-0.073284	-1.224573
642	8.905698	00:00:08:66	-28.083655	1.600663	-1.238449	-27.906464	1.681513	-1.174056	-28.034398	1.685685	-1.120411	-27.966121	1.563179	-1.127702	-27.963950	1.567132	-1.131541	-28.144930	1.534773	-1.043098	-27.841101	1.546158	-1.237529	-27.788668	1.553383	-0.950220	-27.978179	0.775902	-1.641468	-27.467537	1.525776	-0.856922	-28.111152	-0.044701	-2.071833	-27.425455	1.515934	-0.837280	-28.115034	-0.064115	-2.047018	-27.428373	1.528917	-0.832588	-28.083604	-0.066757	-2.057876	-28.092074	1.005947	-1.032028	-28.164466	0.963589	-1.071624	-27.811686	0.978367	-1.213801	-27.845032	0.967516	-1.286497	-28.144710	0.465530	-1.044848	-27.832446	0.468757	-1.233350	-28.117173	-0.051949	-1.022496	-28.150248	-0.073354	-1.073358	-27.801198	-0.071930	-1.195224	-27.844354	-0.070603	-1.237085
643	8.919591	00:00:08:67	-28.056911	1.608402	-1.239100	-27.930281	1.670699	-1.172751	-28.019200	1.653684	-1.091745	-28.009414	1.582902	-1.148431	-27.989382	1.559118	-1.149465	-28.103879	1.545702	-1.064840	-27.910884	1.572255	-1.219353	-27.796214	1.536582	-0.978808	-27.959707	0.759288	-1.671569	-27.439849	1.522072	-0.845679	-28.086634	-0.051449	-2.059099	-27.455345	1.538238	-0.845557	-28.090822	-0.068808	-2.049032	-27.436772	1.572749	-0.850766	-28.106440	-0.068405	-2.070392	-28.122408	0.987506	-1.021542	-28.135864	0.959019	-1.068800	-27.833376	0.993009	-1.218505	-27.817103	0.949073	-1.268475	-28.146299	0.476506	-1.049791	-27.836907	0.444686	-1.229159	-28.121115	-0.058649	-0.996602	-28.178195	-0.080628	-1.040961	-27.831544	-0.033891	-1.163298	-27.857559	-0.078685	-1.241264
644	8.933485	00:00:08:68	-28.041498	1.660918	-1.231993	-27.937126	1.671381	-1.157504	-28.014306	1.653102	-1.086629	-27.992021	1.568788	-1.128391	-27.958888	1.557286	-1.145237	-28.135254	1.529708	-1.085891	-27.869879	1.556487	-1.220115	-27.793022	1.557244	-0.955699	-27.972728	0.761949	-1.645595	-27.446256	1.575427	-0.857446	-28.100717	-0.052774	-2.090413	-27.410431	1.554320	-0.825930	-28.118241	-0.048367	-2.063206	-27.466406	1.509666	-0.830587	-28.081272	-0.058255	-2.058247	-28.109876	1.008414	-1.035739	-28.165291	0.974042	-1.069925	-27.832746	0.977433	-1.179107	-27.840763	0.979856	-1.250216	-28.147269	0.450812	-1.018580	-27.845840	0.439631	-1.224224	-28.129499	-0.042389	-0.992386	-28.166307	-0.074397	-1.047261	-27.801301	-0.048663	-1.201212	-27.858693	-0.087778	-1.235067
645	8.947378	00:00:08:69	-28.047528	1.619309	-1.224550	-27.934313	1.679075	-1.158534	-28.021571	1.664883	-1.124987	-27.981885	1.545081	-1.135396	-27.997731	1.576233	-1.126497	-28.112543	1.529767	-1.080272	-27.858914	1.538654	-1.266332	-27.807113	1.549669	-0.963868	-27.973364	0.723929	-1.642077	-27.430319	1.529889	-0.865306	-28.090932	-0.082132	-2.068420	-27.430204	1.558529	-0.846563	-28.068193	-0.043735	-2.051460	-27.464550	1.532655	-0.846630	-28.081305	-0.040739	-2.052342	-28.122444	1.006842	-1.024705	-28.129608	0.997073	-1.063910	-27.810713	0.965035	-1.205674	-27.821447	0.974085	-1.245558	-28.159645	0.462017	-1.024917	-27.861486	0.467962	-1.241504	-28.123434	-0.042576	-1.009915	-28.129078	-0.068358	-1.097969	-27.814791	-0.041367	-1.166584	-27.833611	-0.098503	-1.220566
646	8.961272	00:00:08:70	-27.989431	1.643120	-1.219363	-27.950768	1.670914	-1.170179	-28.023963	1.680241	-1.071633	-28.022880	1.518326	-1.151008	-27.975330	1.517459	-1.146158	-28.095251	1.527079	-1.096169	-27.832390	1.529656	-1.237747	-27.789127	1.540389	-0.951330	-28.007046	0.734724	-1.667199	-27.426038	1.530346	-0.853797	-28.079639	-0.037064	-2.037164	-27.430869	1.549257	-0.820377	-28.101553	-0.073738	-2.071845	-27.435516	1.552219	-0.868738	-28.063176	-0.052348	-2.035935	-28.110978	0.981462	-1.039079	-28.173303	0.979647	-1.075235	-27.796126	0.976560	-1.201824	-27.837716	0.970432	-1.272219	-28.128430	0.476951	-1.063807	-27.841069	0.456182	-1.221873	-28.126325	-0.071056	-1.019752	-28.136555	-0.047869	-1.036794	-27.841398	-0.035567	-1.193727	-27.845064	-0.093966	-1.248711
647	8.975165	00:00:08:71	-28.041490	1.613854	-1.204941	-27.912033	1.692745	-1.186937	-28.028504	1.664815	-1.127781	-28.007060	1.526018	-1.185653	-27.972518	1.570445	-1.101838	-28.116230	1.561235	-1.095608	-27.867068	1.532226	-1.235863	-27.771637	1.540949	-0.953512	-27.948457	0.721796	-1.671766	-27.475674	1.531722	-0.790193	-28.083749	-0.037556	-2.083682	-27.480975	1.567465	-0.837907	-28.069691	-0.056246	-2.053371	-27.464941	1.504476	-0.828880	-28.099668	-0.024732	-2.058825	-28.106205	0.971667	-1.043881	-28.145575	0.995482	-1.061054	-27.774539	0.972575	-1.198152	-27.864020	0.942311	-1.283469	-28.124155	0.480437	-1.050251	-27.831977	0.451828	-1.250567	-28.109723	-0.059376	-0.991752	-28.133237	-0.007532	-1.072851	-27.826094	-0.036998	-1.171959	-27.849017	-0.019262	-1.226855
648	8.989059	00:00:08:00	-28.016984	1.636396	-1.238105	-27.926648	1.669494	-1.163999	-28.014116	1.694761	-1.101992	-27.971382	1.535579	-1.151335	-27.967892	1.595482	-1.096646	-28.118056	1.556769	-1.071731	-27.864300	1.572601	-1.230630	-27.748226	1.538252	-0.994566	-28.019888	0.758516	-1.649213	-27.448495	1.530827	-0.820044	-28.077564	-0.035629	-2.065734	-27.466854	1.523073	-0.872714	-28.090784	-0.020245	-2.057725	-27.452222	1.550302	-0.850729	-28.093212	-0.042876	-2.074166	-28.121828	1.014732	-1.029673	-28.149345	0.981539	-1.071321	-27.860028	0.941902	-1.230125	-27.836794	0.956972	-1.229349	-28.129344	0.485073	-1.030993	-27.837367	0.456048	-1.231461	-28.143462	-0.040985	-1.027879	-28.140453	-0.077892	-1.075135	-27.812260	-0.043151	-1.171737	-27.860029	-0.073903	-1.254501
649	9.002952	00:00:09:01	-28.014531	1.647877	-1.197643	-27.906684	1.648744	-1.118763	-28.046127	1.684844	-1.080375	-27.973317	1.517487	-1.152300	-28.021484	1.552016	-1.090034	-28.113765	1.544930	-1.066877	-27.865524	1.535939	-1.225270	-27.784869	1.513440	-0.959609	-27.955427	0.751943	-1.656919	-27.440371	1.546953	-0.842356	-28.103950	-0.058546	-2.054094	-27.435267	1.538601	-0.848546	-28.112366	-0.046119	-2.055359	-27.466667	1.515494	-0.858650	-28.088440	-0.083377	-2.069930	-28.138684	0.994806	-1.036641	-28.153786	0.980010	-1.100346	-27.816296	0.974876	-1.182458	-27.829595	0.960908	-1.283478	-28.115650	0.458082	-1.043483	-27.798029	0.459086	-1.203249	-28.108378	-0.035235	-0.999567	-28.158652	-0.071263	-1.064566	-27.806790	-0.029134	-1.192227	-27.887578	-0.086994	-1.263372
650	9.016845	00:00:09:02	-28.035904	1.628421	-1.226156	-27.935486	1.696629	-1.182721	-28.045785	1.656777	-1.116889	-27.986813	1.577361	-1.162601	-27.943285	1.570366	-1.154846	-28.100684	1.562275	-1.085050	-27.889468	1.559336	-1.215328	-27.765959	1.531495	-0.943149	-27.973392	0.754929	-1.647272	-27.418163	1.548877	-0.849613	-28.088862	-0.068060	-2.068003	-27.471027	1.532343	-0.845913	-28.091536	-0.061520	-2.051249	-27.441618	1.549192	-0.839494	-28.098155	-0.046592	-2.038355	-28.116913	0.969189	-1.027849	-28.138004	0.950492	-1.071597	-27.835231	0.962937	-1.207131	-27.834560	0.996280	-1.251358	-28.121527	0.471953	-1.025239	-27.822142	0.451982	-1.229677	-28.136078	-0.054955	-1.025813	-28.133104	-0.046993	-1.057743	-27.806999	-0.051154	-1.201895	-27.854404	-0.077330	-1.234349
651	9.030739	00:00:09:03	-28.044999	1.630899	-1.220669	-27.922524	1.658378	-1.180952	-28.011385	1.645123	-1.092683	-27.956179	1.518658	-1.132581	-27.967088	1.541708	-1.161837	-28.143155	1.547848	-1.121899	-27.872124	1.559984	-1.263673	-27.793792	1.526053	-0.957684	-27.980945	0.735739	-1.637714	-27.470779	1.561652	-0.817800	-28.099503	-0.047817	-2.083410	-27.416253	1.527734	-0.845461	-28.080697	-0.034907	-2.083396	-27.465406	1.550685	-0.859744	-28.105208	-0.046233	-2.056563	-28.108094	0.971158	-1.041589	-28.135048	0.967400	-1.080778	-27.821180	0.989492	-1.194779	-27.895536	0.952794	-1.240098	-28.139502	0.462532	-1.033724	-27.853885	0.470627	-1.220096	-28.115732	-0.086869	-1.003778	-28.159421	-0.050479	-1.044644	-27.818398	-0.050589	-1.194243	-27.829571	-0.090591	-1.212906
652	9.044632	00:00:09:04	-28.050443	1.628624	-1.254831	-27.903532	1.677585	-1.121620	-28.021655	1.686442	-1.082665	-27.956093	1.554420	-1.168625	-27.943897	1.556534	-1.108564	-28.129778	1.522679	-1.083282	-27.868973	1.540779	-1.273746	-27.761838	1.548025	-0.978093	-27.995316	0.741064	-1.643184	-27.452885	1.509865	-0.834220	-28.084974	-0.084405	-2.059237	-27.429201	1.555409	-0.831218	-28.063196	-0.058864	-2.050716	-27.430836	1.522957	-0.832462	-28.078988	-0.043073	-2.075175	-28.095090	0.972619	-1.074209	-28.163407	0.954014	-1.081056	-27.826191	0.964270	-1.235528	-27.830966	0.954488	-1.278351	-28.153674	0.453725	-1.044525	-27.812428	0.474598	-1.232282	-28.105966	-0.040979	-1.011884	-28.166949	-0.059759	-1.089340	-27.810352	-0.027141	-1.211061	-27.821092	-0.059159	-1.241454
653	9.058526	00:00:09:05	-28.038755	1.649282	-1.243441	-27.934856	1.654444	-1.189431	-27.994417	1.682984	-1.089666	-28.000016	1.565718	-1.164487	-27.982509	1.562131	-1.140748	-28.116273	1.540497	-1.050551	-27.866941	1.528040	-1.253451	-27.796153	1.528583	-0.989641	-27.970534	0.781194	-1.674770	-27.443422	1.498125	-0.857062	-28.102234	-0.042131	-2.072863	-27.428665	1.538215	-0.830957	-28.086485	-0.065843	-2.037119	-27.429653	1.523240	-0.778413	-28.111934	-0.045269	-2.058908	-28.099641	0.961024	-1.048728	-28.147164	0.980511	-1.088826	-27.819821	0.987526	-1.186826	-27.840823	0.964929	-1.243456	-28.108549	0.473717	-1.029498	-27.815895	0.461672	-1.228598	-28.134522	-0.049034	-0.971217	-28.163123	-0.064127	-1.043868	-27.822617	-0.055571	-1.192122	-27.824550	-0.090958	-1.239646
654	9.072419	00:00:09:06	-28.010182	1.603789	-1.245127	-27.935630	1.661487	-1.181995	-28.028037	1.680138	-1.087118	-28.002928	1.557670	-1.197498	-27.965087	1.540423	-1.102404	-28.080099	1.497938	-1.087041	-27.865453	1.549984	-1.217528	-27.756156	1.518571	-0.969618	-27.973947	0.749456	-1.672530	-27.452145	1.506151	-0.863135	-28.106184	-0.051927	-2.067307	-27.415279	1.519214	-0.880134	-28.111808	-0.052339	-2.034101	-27.436735	1.499071	-0.842969	-28.091963	-0.037820	-2.068149	-28.117941	0.987517	-1.028283	-28.154399	0.938188	-1.061688	-27.795457	0.981649	-1.222106	-27.842111	0.989835	-1.273678	-28.111819	0.447918	-1.047497	-27.851164	0.436974	-1.219637	-28.137184	-0.047794	-1.024367	-28.154795	-0.086084	-1.059901	-27.834636	-0.042906	-1.192640	-27.836158	-0.089897	-1.220812
655	9.086313	00:00:09:07	-28.024069	1.616920	-1.259626	-27.924474	1.685540	-1.147337	-28.031740	1.660964	-1.078412	-27.986508	1.525663	-1.156410	-27.984220	1.546858	-1.113573	-28.116093	1.547479	-1.112224	-27.858126	1.573347	-1.249114	-27.799878	1.550542	-0.985644	-27.965915	0.767090	-1.657572	-27.466875	1.545657	-0.846368	-28.105459	-0.048458	-2.014642	-27.456033	1.532735	-0.850424	-28.100576	-0.065432	-2.079408	-27.449057	1.479669	-0.860369	-28.110182	-0.070974	-2.031938	-28.110860	0.972657	-1.054687	-28.170835	0.980877	-1.073430	-27.849002	0.968432	-1.202256	-27.831772	0.980802	-1.274211	-28.119468	0.449345	-1.032312	-27.804559	0.432887	-1.224180	-28.130843	-0.058168	-1.022808	-28.137392	-0.069983	-1.083765	-27.801522	-0.026447	-1.177285	-27.821317	-0.066163	-1.234541
656	9.100206	00:00:09:08	-28.037749	1.622826	-1.234048	-27.909244	1.699477	-1.151973	-28.002693	1.666735	-1.128240	-27.983835	1.532419	-1.177591	-27.978173	1.586923	-1.141438	-28.099736	1.572682	-1.097890	-27.826841	1.534571	-1.234737	-27.776503	1.527921	-0.963698	-28.001418	0.764715	-1.643446	-27.451121	1.554854	-0.787095	-28.080475	-0.046414	-2.069230	-27.465340	1.495392	-0.845435	-28.088157	-0.043818	-2.046050	-27.452348	1.542441	-0.850394	-28.105095	-0.033359	-2.058012	-28.102951	0.965277	-1.040607	-28.137650	0.959208	-1.093330	-27.831965	0.986638	-1.224018	-27.821246	0.951894	-1.303303	-28.157207	0.487506	-1.033402	-27.816199	0.474807	-1.229763	-28.126070	-0.050999	-1.040330	-28.168399	-0.050905	-1.049649	-27.839561	-0.050240	-1.181939	-27.849153	-0.045079	-1.222887
657	9.114100	00:00:09:09	-28.041037	1.642925	-1.222895	-27.907403	1.683057	-1.162196	-28.022655	1.678253	-1.087362	-28.010198	1.522365	-1.175187	-27.966959	1.552849	-1.127959	-28.130920	1.556258	-1.130005	-27.880497	1.547372	-1.242329	-27.768819	1.523356	-0.978226	-27.985510	0.753756	-1.675845	-27.457126	1.522857	-0.858265	-28.100625	-0.081138	-2.077023	-27.434849	1.530776	-0.806848	-28.111066	-0.039128	-2.079226	-27.454638	1.524042	-0.822908	-28.085918	-0.008414	-2.029050	-28.122762	0.952692	-1.018651	-28.134377	0.959628	-1.087976	-27.807900	0.991735	-1.215080	-27.846434	0.939018	-1.274169	-28.156643	0.479145	-1.066306	-27.814907	0.482480	-1.228339	-28.116665	-0.049982	-0.977907	-28.133612	-0.077863	-1.080328	-27.804597	-0.055145	-1.198682	-27.850560	-0.066808	-1.261691
658	9.127993	00:00:09:10	-28.036985	1.618164	-1.215015	-27.891464	1.673724	-1.163870	-27.994814	1.682590	-1.107726	-28.003751	1.540550	-1.117737	-27.984279	1.544337	-1.133104	-28.153480	1.551291	-1.067214	-27.833552	1.553414	-1.253535	-27.786376	1.526087	-0.969287	-27.944070	0.730580	-1.640951	-27.420458	1.570373	-0.821857	-28.072086	-0.041379	-2.084171	-27.457703	1.516048	-0.831955	-28.095005	-0.037783	-2.020390	-27.435437	1.516257	-0.834747	-28.079686	-0.048397	-2.045400	-28.136249	0.975101	-1.032438	-28.163469	0.971204	-1.052670	-27.812995	0.980962	-1.250194	-27.834016	0.955084	-1.249701	-28.161739	0.427738	-1.015658	-27.829615	0.451854	-1.228888	-28.175365	-0.066236	-1.019936	-28.171939	-0.097338	-1.067283	-27.816684	-0.042858	-1.178345	-27.830842	-0.073189	-1.227148
659	9.141886	00:00:09:11	-28.014462	1.655385	-1.244393	-27.934733	1.681362	-1.163502	-28.023357	1.688669	-1.106546	-28.013700	1.537588	-1.150299	-27.989649	1.562419	-1.115319	-28.135232	1.575507	-1.086118	-27.893726	1.548620	-1.217046	-27.763218	1.525751	-0.982284	-28.026383	0.777305	-1.672136	-27.443064	1.544952	-0.847541	-28.100946	-0.045200	-2.071156	-27.436835	1.514638	-0.844999	-28.077237	-0.030129	-2.061139	-27.460437	1.553589	-0.822720	-28.096769	-0.007771	-2.052039	-28.128191	0.947956	-1.030211	-28.171560	0.955988	-1.054881	-27.805041	0.986628	-1.215494	-27.845835	0.955226	-1.261620	-28.126820	0.460411	-1.039190	-27.805145	0.457652	-1.205292	-28.109647	-0.032709	-0.991760	-28.114887	-0.047935	-1.055821	-27.795383	-0.054021	-1.205527	-27.809995	-0.056054	-1.240969
660	9.155780	00:00:09:12	-28.028175	1.641489	-1.219911	-27.920981	1.671799	-1.141862	-28.020860	1.659652	-1.113618	-27.959533	1.547598	-1.154396	-27.982061	1.541203	-1.151981	-28.110439	1.548059	-1.067250	-27.847010	1.553791	-1.236209	-27.785541	1.536400	-0.940877	-27.980269	0.745182	-1.662802	-27.468968	1.502175	-0.827184	-28.099408	-0.033913	-2.056526	-27.424741	1.524448	-0.848389	-28.118085	-0.021939	-2.059796	-27.455081	1.556005	-0.832232	-28.129472	-0.031062	-2.070690	-28.118668	0.962585	-1.058577	-28.155228	0.971151	-1.066086	-27.804401	0.977002	-1.185041	-27.867183	0.973098	-1.293112	-28.133873	0.439246	-1.028316	-27.796261	0.467698	-1.204165	-28.110778	-0.039500	-1.028324	-28.134273	-0.070781	-1.057657	-27.822643	-0.021140	-1.183843	-27.842623	-0.077763	-1.229048
661	9.169673	00:00:09:13	-28.030539	1.605559	-1.227124	-27.914562	1.675081	-1.159536	-28.041346	1.665971	-1.096238	-27.998350	1.537110	-1.157271	-28.021098	1.566370	-1.108357	-28.118973	1.560452	-1.077962	-27.855274	1.533841	-1.225006	-27.789581	1.540561	-0.955373	-27.992042	0.725234	-1.625430	-27.449511	1.536646	-0.829879	-28.096266	-0.063778	-2.053713	-27.449045	1.551681	-0.827099	-28.094884	-0.054514	-2.081729	-27.442182	1.558220	-0.846872	-28.092580	-0.052962	-2.074567	-28.130902	0.985083	-1.064759	-28.125132	0.945503	-1.078287	-27.809766	0.978036	-1.228699	-27.818402	0.979146	-1.283814	-28.127951	0.438396	-1.037436	-27.803686	0.471156	-1.237474	-28.119883	-0.044987	-1.015154	-28.138570	-0.065970	-1.096709	-27.845002	0.004432	-1.206166	-27.848499	-0.053735	-1.273711
662	9.183567	00:00:09:14	-28.032076	1.631521	-1.230425	-27.910285	1.676009	-1.173095	-28.001535	1.690990	-1.113575	-27.988219	1.574709	-1.158805	-27.984495	1.562266	-1.129074	-28.131514	1.558484	-1.048883	-27.855726	1.557147	-1.244994	-27.812701	1.485237	-0.996967	-27.992338	0.761843	-1.649815	-27.429399	1.531110	-0.834619	-28.084374	-0.024680	-2.078702	-27.450769	1.511895	-0.852110	-28.092073	-0.069535	-2.066988	-27.444954	1.504642	-0.835132	-28.085978	-0.049608	-2.087700	-28.096144	0.983039	-0.999991	-28.151936	0.940056	-1.088406	-27.842202	0.987532	-1.190866	-27.826908	0.956485	-1.262325	-28.132594	0.445742	-1.035422	-27.809324	0.448458	-1.254352	-28.145606	-0.049871	-1.031598	-28.141553	-0.051860	-1.042170	-27.795480	-0.044704	-1.184188	-27.838569	-0.075370	-1.227719
663	9.197460	00:00:09:15	-28.037281	1.649707	-1.217842	-27.918582	1.665168	-1.161490	-28.015963	1.676799	-1.112460	-27.994335	1.531991	-1.182546	-27.955958	1.536132	-1.152387	-28.093881	1.503260	-1.087088	-27.877544	1.546088	-1.261383	-27.775854	1.513708	-0.983593	-27.979243	0.766008	-1.648529	-27.450400	1.544799	-0.858090	-28.071743	-0.040258	-2.059435	-27.471114	1.530015	-0.856065	-28.084165	-0.031701	-2.052693	-27.471752	1.553462	-0.836551	-28.085485	-0.010721	-2.087429	-28.128697	0.983112	-1.016647	-28.149495	0.950046	-1.053825	-27.794640	0.975382	-1.221428	-27.843574	0.962803	-1.258005	-28.096449	0.484265	-1.047671	-27.823209	0.454218	-1.227761	-28.141704	-0.027486	-1.003518	-28.144102	-0.035413	-1.061890	-27.822107	-0.042856	-1.176103	-27.841011	-0.066095	-1.274670
664	9.211354	00:00:09:16	-28.035590	1.648477	-1.228768	-27.938229	1.666058	-1.174474	-28.047023	1.653987	-1.122396	-28.013574	1.543521	-1.134178	-27.958710	1.558345	-1.136665	-28.092149	1.564359	-1.133508	-27.860312	1.565840	-1.226056	-27.771257	1.530873	-0.960360	-27.965205	0.749903	-1.648787	-27.443872	1.527731	-0.837417	-28.104987	-0.059117	-2.081206	-27.445843	1.528165	-0.835824	-28.081428	-0.035774	-2.068084	-27.458216	1.522504	-0.879769	-28.090955	-0.042293	-2.073339	-28.105850	0.964510	-1.035278	-28.127974	0.978124	-1.090795	-27.800239	1.008835	-1.201434	-27.863884	0.981812	-1.269326	-28.102488	0.458609	-1.040549	-27.830831	0.463065	-1.253954	-28.124819	-0.042763	-1.008411	-28.120469	-0.066221	-1.068951	-27.826386	-0.023333	-1.171790	-27.840282	-0.071750	-1.220513
665	9.225247	00:00:09:17	-28.050235	1.634252	-1.196786	-27.907425	1.677832	-1.154031	-28.028686	1.664506	-1.087936	-27.996827	1.570099	-1.160679	-27.976927	1.571057	-1.129804	-28.138347	1.546405	-1.049675	-27.867418	1.518624	-1.265388	-27.775531	1.541269	-0.970553	-27.966257	0.736327	-1.653740	-27.447154	1.516293	-0.844894	-28.103832	-0.049857	-2.070662	-27.445557	1.514935	-0.851962	-28.120508	-0.047505	-2.086198	-27.447397	1.494774	-0.833035	-28.107190	-0.074233	-2.046512	-28.107532	0.963623	-1.024659	-28.141220	0.992835	-1.053116	-27.834793	0.985416	-1.217910	-27.819722	0.987000	-1.261690	-28.152209	0.461284	-1.067778	-27.824501	0.471161	-1.229286	-28.132216	-0.070032	-1.013725	-28.143280	-0.043833	-1.033918	-27.845652	-0.070757	-1.206296	-27.816462	-0.061271	-1.203740
666	9.239141	00:00:09:18	-28.042883	1.621653	-1.249174	-27.923550	1.669351	-1.139362	-28.005312	1.660503	-1.083779	-27.997950	1.527402	-1.127133	-27.960420	1.583818	-1.122163	-28.109665	1.564747	-1.079189	-27.836632	1.551810	-1.225467	-27.788690	1.562381	-0.974193	-27.986695	0.719915	-1.674738	-27.425272	1.561871	-0.834333	-28.085654	-0.041036	-2.062314	-27.466537	1.540231	-0.820005	-28.097073	-0.055572	-2.061569	-27.432280	1.501843	-0.829510	-28.091475	-0.065891	-2.078997	-28.141623	0.969571	-1.046752	-28.143267	0.955316	-1.048371	-27.815869	0.969063	-1.206665	-27.854910	0.971163	-1.250604	-28.153844	0.458997	-1.053667	-27.827323	0.441954	-1.230526	-28.107312	-0.037802	-0.998122	-28.160264	-0.071557	-1.087616	-27.823355	-0.045053	-1.174198	-27.837774	-0.062484	-1.214535
667	9.253034	00:00:09:19	-28.022031	1.625257	-1.218615	-27.919490	1.683641	-1.177887	-28.017454	1.657057	-1.106298	-28.001159	1.550947	-1.140741	-27.948727	1.584269	-1.139619	-28.124248	1.533006	-1.088193	-27.855329	1.545809	-1.243267	-27.797291	1.521757	-0.976961	-27.998020	0.791734	-1.658406	-27.443347	1.523671	-0.845205	-28.103393	-0.032684	-2.079478	-27.462511	1.530167	-0.827263	-28.075299	-0.026393	-2.075318	-27.410321	1.520233	-0.865991	-28.084308	-0.055242	-2.082198	-28.145686	1.003664	-1.042248	-28.136303	0.980567	-1.076416	-27.815179	0.995390	-1.190009	-27.873888	0.942254	-1.266458	-28.114643	0.437110	-1.014541	-27.841442	0.449958	-1.232749	-28.144489	-0.030904	-0.992183	-28.134915	-0.052780	-1.056457	-27.824527	-0.034266	-1.210010	-27.825344	-0.075395	-1.230957
668	9.266927	00:00:09:20	-28.027957	1.620365	-1.223140	-27.912485	1.669532	-1.180450	-28.029670	1.669929	-1.110000	-27.976328	1.565517	-1.168810	-27.960111	1.566086	-1.100561	-28.134364	1.540891	-1.065441	-27.884300	1.557580	-1.260122	-27.774085	1.548520	-0.985422	-27.966953	0.735329	-1.639249	-27.463789	1.522498	-0.823122	-28.097901	-0.069512	-2.010361	-27.457664	1.492135	-0.817776	-28.076496	-0.051592	-2.037312	-27.426019	1.530939	-0.825901	-28.083041	-0.015584	-2.064730	-28.108148	0.970805	-1.024135	-28.145679	0.972900	-1.100888	-27.851003	0.983232	-1.226491	-27.846753	0.971520	-1.268855	-28.149022	0.452851	-1.056395	-27.842666	0.470496	-1.234017	-28.104188	-0.038882	-1.020937	-28.140892	-0.065535	-1.060977	-27.817204	-0.044291	-1.198399	-27.873161	-0.040162	-1.251373
669	9.280821	00:00:09:21	-28.046023	1.638229	-1.233221	-27.917892	1.659933	-1.168380	-28.025645	1.664401	-1.102561	-28.000020	1.537490	-1.163873	-27.965274	1.541245	-1.150139	-28.126064	1.556207	-1.097304	-27.860600	1.552049	-1.214197	-27.759069	1.519091	-0.951784	-28.012243	0.731848	-1.632609	-27.436988	1.519249	-0.819820	-28.107129	-0.056426	-2.075204	-27.440291	1.553625	-0.829595	-28.099955	-0.075534	-2.079960	-27.417514	1.499925	-0.835778	-28.110703	-0.073056	-2.063948	-28.136397	0.974623	-1.047134	-28.151191	0.956539	-1.082805	-27.823490	0.970412	-1.191727	-27.837395	0.959877	-1.253200	-28.147420	0.437677	-1.061071	-27.827690	0.485446	-1.229759	-28.089164	-0.029454	-1.033780	-28.154823	-0.055710	-1.057118	-27.804896	-0.054793	-1.210070	-27.852945	-0.087605	-1.239249
670	9.294714	00:00:09:22	-28.032366	1.631511	-1.235034	-27.938486	1.680350	-1.164765	-28.022265	1.665440	-1.092593	-27.990856	1.550111	-1.185218	-27.949089	1.534836	-1.083173	-28.112761	1.544425	-1.090493	-27.871290	1.536753	-1.216517	-27.795331	1.528979	-0.973734	-27.963148	0.750208	-1.653291	-27.461183	1.515685	-0.867356	-28.057115	-0.028032	-2.058360	-27.490330	1.539843	-0.857623	-28.098655	-0.063062	-2.083183	-27.436830	1.506864	-0.839499	-28.111924	-0.056951	-2.080218	-28.096608	0.988727	-1.023075	-28.142812	0.945274	-1.089936	-27.814386	0.993829	-1.213321	-27.830373	0.963262	-1.297117	-28.148225	0.460073	-1.058667	-27.817857	0.471631	-1.210545	-28.115283	-0.051230	-1.007785	-28.128110	-0.062254	-1.069604	-27.824643	-0.032329	-1.208510	-27.834294	-0.067012	-1.253376
671	9.308608	00:00:09:23	-28.050861	1.618432	-1.223380	-27.906828	1.670539	-1.152901	-27.997808	1.665613	-1.073910	-28.006170	1.522721	-1.165973	-27.934947	1.562025	-1.137032	-28.142898	1.559695	-1.102164	-27.875665	1.566499	-1.245462	-27.784861	1.541125	-0.963237	-27.958238	0.739028	-1.641634	-27.471900	1.516853	-0.851624	-28.094943	-0.044711	-2.065742	-27.465176	1.501118	-0.852960	-28.090239	-0.073809	-2.072299	-27.434492	1.514828	-0.877626	-28.112205	-0.058898	-2.044507	-28.109738	0.985744	-1.015656	-28.140344	0.960134	-1.044377	-27.819219	0.988193	-1.213007	-27.816149	0.972546	-1.244184	-28.109235	0.448260	-1.048994	-27.842603	0.444112	-1.241145	-28.093987	-0.041684	-0.984634	-28.153032	-0.025575	-1.043458	-27.799452	-0.050227	-1.203919	-27.869735	-0.066145	-1.238146
672	9.322501	00:00:09:24	-28.056524	1.625578	-1.231906	-27.905448	1.647056	-1.149303	-28.032485	1.671737	-1.108498	-28.013492	1.540010	-1.147438	-27.976608	1.550903	-1.133857	-28.146759	1.539983	-1.085099	-27.852481	1.552350	-1.238367	-27.761260	1.534812	-0.942163	-27.988533	0.743833	-1.616930	-27.453637	1.529304	-0.860166	-28.107030	-0.044759	-2.071291	-27.426372	1.535618	-0.874925	-28.122294	-0.039535	-2.066468	-27.439824	1.518710	-0.842410	-28.107528	-0.025178	-2.079941	-28.115707	0.992802	-1.013945	-28.164089	0.999005	-1.070711	-27.826132	0.949520	-1.251714	-27.812600	0.964678	-1.228337	-28.121904	0.455024	-1.028365	-27.818983	0.445921	-1.223907	-28.099455	-0.042421	-1.062325	-28.126357	-0.056335	-1.017933	-27.809519	-0.036143	-1.209029	-27.840484	-0.086659	-1.244252
673	9.336395	00:00:09:25	-28.028092	1.652482	-1.247108	-27.909718	1.665862	-1.156046	-28.032334	1.655206	-1.088541	-28.023539	1.542013	-1.161869	-27.984439	1.538558	-1.131524	-28.122776	1.549614	-1.078720	-27.873556	1.556687	-1.251160	-27.770706	1.517936	-0.970777	-27.984967	0.774219	-1.669227	-27.455857	1.481204	-0.855609	-28.118165	-0.031501	-2.028735	-27.433602	1.553273	-0.830616	-28.062945	-0.043513	-2.090382	-27.459596	1.483544	-0.848951	-28.103830	-0.018089	-2.085776	-28.133967	0.977285	-1.011922	-28.132981	0.942656	-1.103052	-27.827972	0.962387	-1.217508	-27.861755	0.983832	-1.268910	-28.119612	0.435576	-1.048253	-27.855900	0.442622	-1.231818	-28.112094	-0.067941	-1.012485	-28.142375	-0.045972	-1.078799	-27.805503	-0.016777	-1.194962	-27.857595	-0.099158	-1.250671
674	9.350288	00:00:09:26	-28.030068	1.647447	-1.260770	-27.941573	1.678837	-1.141555	-28.022311	1.670863	-1.114574	-27.984151	1.526053	-1.156387	-27.994874	1.582376	-1.122230	-28.125169	1.543607	-1.115247	-27.865770	1.512615	-1.234714	-27.771275	1.540224	-0.959407	-27.980705	0.751867	-1.654970	-27.416190	1.493485	-0.834400	-28.102511	-0.063960	-2.065230	-27.471114	1.514096	-0.837448	-28.092899	-0.036836	-2.033992	-27.428766	1.548654	-0.836947	-28.101675	-0.091769	-2.050190	-28.118128	0.998011	-1.009308	-28.144099	0.956359	-1.100502	-27.815230	0.971532	-1.207950	-27.863259	0.926977	-1.256249	-28.126536	0.476327	-1.037234	-27.816990	0.475112	-1.223426	-28.082539	-0.077630	-1.000982	-28.160317	-0.057756	-1.073838	-27.792944	-0.027891	-1.164745	-27.840493	-0.086592	-1.228725
675	9.364182	00:00:09:27	-28.035586	1.634428	-1.221472	-27.931782	1.654587	-1.144636	-28.020647	1.671279	-1.127599	-27.950288	1.537034	-1.151503	-27.969069	1.577386	-1.106945	-28.120555	1.552705	-1.064231	-27.833200	1.524768	-1.276878	-27.794803	1.515157	-0.964266	-27.996053	0.721724	-1.648667	-27.413383	1.498559	-0.829429	-28.082829	-0.043549	-2.053929	-27.464944	1.504779	-0.835872	-28.099732	-0.063028	-2.068195	-27.450894	1.501207	-0.843956	-28.082377	-0.049974	-2.040887	-28.130457	0.973183	-1.050269	-28.158535	0.954083	-1.098265	-27.830724	0.981099	-1.206607	-27.837526	0.922261	-1.296412	-28.144392	0.434782	-1.062207	-27.845587	0.458590	-1.239209	-28.110863	-0.039907	-0.993385	-28.166537	-0.057992	-1.030660	-27.804752	-0.044393	-1.199162	-27.855054	-0.031339	-1.235106
676	9.378075	00:00:09:28	-28.004001	1.623999	-1.225536	-27.899375	1.668874	-1.154504	-28.015517	1.627000	-1.116450	-28.000549	1.527612	-1.199222	-27.989984	1.537318	-1.118966	-28.103643	1.534087	-1.099502	-27.869971	1.529121	-1.274129	-27.792263	1.531311	-0.956249	-27.981473	0.705552	-1.645177	-27.440617	1.521101	-0.873200	-28.096898	-0.087145	-2.055015	-27.444134	1.536877	-0.818193	-28.086289	-0.070387	-2.064198	-27.431530	1.528983	-0.830797	-28.099964	-0.045708	-2.064303	-28.117030	1.014295	-1.030952	-28.158982	0.966218	-1.121666	-27.801687	1.006461	-1.223552	-27.836939	0.952490	-1.264905	-28.140603	0.446369	-1.064391	-27.822626	0.430967	-1.235434	-28.135273	-0.026534	-1.020280	-28.140973	-0.054277	-1.049416	-27.855462	-0.020107	-1.186646	-27.835453	-0.097929	-1.243886
677	9.391968	00:00:09:29	-28.039539	1.612537	-1.246519	-27.922600	1.666800	-1.172386	-28.018346	1.667678	-1.081164	-27.983424	1.548470	-1.149147	-27.983410	1.549628	-1.131296	-28.112169	1.575881	-1.046116	-27.852207	1.534561	-1.259048	-27.775557	1.522522	-0.977847	-27.994350	0.776543	-1.631969	-27.451923	1.523356	-0.822482	-28.088348	-0.039843	-2.070530	-27.434951	1.523185	-0.840473	-28.114227	-0.049116	-2.046166	-27.461031	1.525624	-0.861433	-28.096747	-0.023658	-2.099699	-28.114585	1.001990	-1.019507	-28.150817	0.954584	-1.071227	-27.810653	0.965628	-1.256767	-27.875929	0.939486	-1.275922	-28.190193	0.447647	-1.047414	-27.815674	0.461770	-1.225369	-28.110653	-0.058567	-1.005190	-28.149522	-0.058527	-1.061763	-27.787682	-0.047107	-1.195125	-27.845091	-0.055034	-1.270347
678	9.405862	00:00:09:30	-28.005998	1.604233	-1.249174	-27.915500	1.665915	-1.154390	-28.027573	1.650473	-1.121419	-28.011057	1.539235	-1.148640	-27.952740	1.536893	-1.149939	-28.139642	1.537847	-1.076227	-27.855027	1.551162	-1.237306	-27.769779	1.562966	-0.971611	-27.983867	0.752631	-1.640735	-27.473260	1.509904	-0.845272	-28.094905	-0.031950	-2.062188	-27.426944	1.518905	-0.829779	-28.092598	-0.067747	-2.052999	-27.431131	1.508394	-0.835054	-28.095610	-0.022862	-2.065648	-28.095824	0.969893	-1.039780	-28.173267	0.978252	-1.080777	-27.828060	0.996189	-1.208414	-27.854381	0.953513	-1.227874	-28.115365	0.473805	-1.078461	-27.834509	0.481845	-1.215824	-28.107243	-0.039815	-1.000461	-28.156107	-0.072653	-1.067505	-27.802220	-0.024327	-1.196835	-27.835288	-0.079046	-1.251457
679	9.419755	00:00:09:31	-28.037066	1.655213	-1.247129	-27.942264	1.696695	-1.162415	-28.058792	1.679818	-1.096144	-28.010120	1.571639	-1.152422	-28.001623	1.553317	-1.150644	-28.076857	1.545071	-1.078239	-27.837352	1.523408	-1.249491	-27.783532	1.536628	-0.958642	-27.985180	0.762945	-1.634377	-27.440810	1.531787	-0.807984	-28.069352	-0.032225	-2.081386	-27.444255	1.510681	-0.834406	-28.071920	-0.003903	-2.070719	-27.446357	1.512094	-0.809857	-28.051473	-0.052101	-2.061487	-28.119347	0.944549	-1.021165	-28.161362	0.973650	-1.082866	-27.808497	0.989846	-1.248050	-27.833792	0.968191	-1.242856	-28.113471	0.458942	-1.063238	-27.801054	0.452978	-1.232191	-28.102318	-0.061097	-0.989545	-28.162639	-0.065719	-1.070578	-27.829904	-0.060618	-1.177018	-27.844392	-0.055693	-1.258932
680	9.433649	00:00:09:32	-28.037797	1.660317	-1.222688	-27.924291	1.691232	-1.185685	-28.029537	1.665194	-1.106008	-27.999961	1.546440	-1.163426	-27.991536	1.555272	-1.136633	-28.125119	1.527422	-1.094574	-27.874121	1.516945	-1.232728	-27.774590	1.529925	-0.988384	-27.972736	0.762444	-1.635844	-27.439012	1.526552	-0.873726	-28.086931	-0.005017	-2.058258	-27.459621	1.481852	-0.806801	-28.113405	-0.042101	-2.077782	-27.446892	1.472489	-0.842622	-28.062038	-0.065282	-2.050282	-28.152311	0.999148	-1.014420	-28.169405	0.958120	-1.089234	-27.829460	0.972526	-1.215561	-27.858046	0.929385	-1.262970	-28.131095	0.444179	-1.076259	-27.827650	0.434991	-1.212380	-28.112654	-0.043554	-1.007283	-28.168142	-0.079167	-1.053480	-27.796154	-0.042706	-1.188012	-27.864033	-0.078928	-1.217134
681	9.447542	00:00:09:33	-27.994996	1.661151	-1.237298	-27.925297	1.683081	-1.165868	-28.053271	1.696154	-1.073104	-27.970933	1.547487	-1.146527	-27.970220	1.550252	-1.110321	-28.079295	1.539432	-1.063789	-27.851058	1.553558	-1.262798	-27.796248	1.514656	-0.920682	-27.968795	0.747328	-1.629515	-27.463613	1.504135	-0.851072	-28.064967	-0.065815	-2.076028	-27.433316	1.489378	-0.835996	-28.075674	-0.051462	-2.080958	-27.400827	1.519342	-0.885670	-28.105316	-0.040540	-2.050578	-28.134374	0.986208	-1.051283	-28.137541	1.011094	-1.063616	-27.838599	0.964955	-1.225898	-27.849436	0.941043	-1.250968	-28.130630	0.448993	-1.026746	-27.827640	0.460277	-1.204623	-28.114336	-0.040319	-0.997876	-28.152403	-0.079405	-1.052994	-27.838996	-0.028834	-1.189575	-27.837569	-0.092886	-1.234136
682	9.461436	00:00:09:34	-28.046727	1.649464	-1.230352	-27.937030	1.697106	-1.170293	-28.042037	1.680169	-1.096618	-28.010882	1.535189	-1.170015	-27.968911	1.548752	-1.133914	-28.114701	1.516710	-1.074766	-27.854158	1.535073	-1.223060	-27.770974	1.501215	-0.966453	-27.997101	0.737212	-1.632942	-27.440532	1.489168	-0.850433	-28.116921	-0.053828	-2.050559	-27.439732	1.541110	-0.842939	-28.107341	-0.019206	-2.026213	-27.442273	1.497396	-0.863915	-28.069964	-0.097954	-2.055418	-28.096088	1.015273	-1.062126	-28.153622	0.951836	-1.113490	-27.800013	0.989859	-1.225634	-27.800030	0.937845	-1.263765	-28.142957	0.461092	-1.068951	-27.851993	0.461026	-1.218247	-28.122545	-0.036188	-1.020149	-28.146469	-0.072590	-1.043121	-27.826535	-0.062871	-1.175904	-27.878460	-0.063490	-1.252344
683	9.475329	00:00:09:35	-28.019978	1.627995	-1.222861	-27.926765	1.672155	-1.150762	-28.002193	1.713788	-1.107860	-27.946684	1.552924	-1.167630	-27.979830	1.538184	-1.118250	-28.108401	1.554321	-1.086741	-27.896271	1.535382	-1.214190	-27.802743	1.529246	-1.009831	-27.980854	0.768836	-1.645009	-27.464725	1.532697	-0.846908	-28.114935	-0.073820	-2.082581	-27.460033	1.496867	-0.829009	-28.097530	-0.029829	-2.088412	-27.448947	1.503214	-0.861546	-28.091631	-0.057480	-2.033517	-28.101601	0.965454	-1.037567	-28.144324	0.980226	-1.086289	-27.828380	0.958171	-1.178072	-27.845895	0.995104	-1.291974	-28.186546	0.470811	-1.026867	-27.822155	0.480863	-1.239144	-28.125445	-0.049622	-1.030297	-28.139146	-0.046445	-1.064669	-27.801764	-0.047356	-1.191727	-27.828848	-0.050215	-1.237808
684	9.489223	00:00:09:36	-28.029090	1.620303	-1.228327	-27.917461	1.641115	-1.145029	-28.001065	1.666538	-1.095802	-28.014969	1.545078	-1.177052	-27.917246	1.574836	-1.104346	-28.140648	1.538583	-1.071562	-27.867314	1.547973	-1.261959	-27.768800	1.492612	-0.983777	-28.005003	0.742739	-1.649792	-27.456995	1.517665	-0.838998	-28.064992	-0.060127	-2.062909	-27.451212	1.530722	-0.841950	-28.105799	-0.030930	-2.063868	-27.452421	1.506834	-0.852470	-28.099674	-0.042976	-2.051777	-28.143839	0.985175	-1.034274	-28.167273	0.960099	-1.056302	-27.801219	0.970020	-1.232891	-27.820481	0.950651	-1.311048	-28.142037	0.465107	-1.035111	-27.830247	0.449876	-1.221631	-28.134487	-0.038509	-0.994618	-28.161114	-0.078703	-1.046508	-27.818836	-0.061845	-1.193389	-27.834399	-0.078898	-1.253273
685	9.503116	00:00:09:37	-28.046714	1.625306	-1.218856	-27.929885	1.658665	-1.148101	-28.008912	1.664527	-1.129939	-27.997948	1.533026	-1.194201	-27.995530	1.542560	-1.104509	-28.132270	1.524869	-1.085247	-27.860039	1.538618	-1.264493	-27.777325	1.520216	-0.947333	-27.974096	0.760341	-1.642727	-27.451384	1.504289	-0.840221	-28.098707	-0.069460	-2.049948	-27.467817	1.528730	-0.841646	-28.101228	-0.036538	-2.073000	-27.455004	1.493742	-0.843106	-28.090134	-0.034271	-2.052680	-28.114968	0.958936	-1.021333	-28.156331	0.964263	-1.092908	-27.839252	0.979382	-1.185132	-27.842962	0.951967	-1.267510	-28.111840	0.444458	-1.017338	-27.843204	0.466756	-1.247204	-28.119503	-0.028915	-1.019786	-28.153155	-0.059145	-1.080240	-27.821764	-0.031368	-1.198284	-27.838471	-0.056906	-1.236445
686	9.517009	00:00:09:38	-28.042828	1.659535	-1.237072	-27.893929	1.662720	-1.171352	-27.981305	1.668670	-1.097757	-27.999510	1.507816	-1.144741	-27.994913	1.526597	-1.125665	-28.079786	1.529333	-1.067787	-27.865779	1.546134	-1.222496	-27.802359	1.540368	-0.974629	-27.975538	0.745739	-1.634034	-27.455048	1.472053	-0.867011	-28.070668	-0.072730	-2.062546	-27.458251	1.519831	-0.849313	-28.101648	-0.048218	-2.059044	-27.466918	1.479251	-0.826089	-28.101545	-0.052864	-2.049938	-28.110833	0.978949	-1.055674	-28.161231	0.916315	-1.089160	-27.799979	0.981887	-1.207861	-27.837337	0.964697	-1.236541	-28.146769	0.439776	-1.022014	-27.843509	0.422343	-1.274174	-28.150497	-0.058820	-1.041154	-28.132176	-0.083324	-1.090295	-27.808606	-0.037740	-1.207898	-27.839250	-0.074461	-1.243078
687	9.530903	00:00:09:39	-28.046783	1.620436	-1.255575	-27.918393	1.675527	-1.165113	-28.010188	1.693880	-1.073541	-27.981489	1.544104	-1.179886	-27.971060	1.551208	-1.130778	-28.102801	1.553341	-1.063677	-27.875963	1.558019	-1.247716	-27.756587	1.508304	-0.969961	-27.985477	0.735469	-1.667047	-27.448028	1.503535	-0.822635	-28.103893	-0.044778	-2.066272	-27.441623	1.530803	-0.825596	-28.116697	-0.039531	-2.040538	-27.446967	1.523681	-0.866681	-28.090506	-0.048269	-2.052670	-28.126830	0.954441	-1.025570	-28.166961	0.954200	-1.082386	-27.831099	0.981288	-1.211742	-27.856324	0.918676	-1.257263	-28.111517	0.483757	-1.025916	-27.876130	0.506321	-1.238848	-28.125114	-0.071590	-1.019625	-28.165961	-0.093639	-1.048729	-27.800122	-0.035075	-1.162825	-27.862568	-0.095240	-1.231235
688	9.544796	00:00:09:40	-28.032949	1.620015	-1.244384	-27.928810	1.668338	-1.144181	-28.048962	1.691121	-1.098721	-28.019925	1.544120	-1.167806	-27.945520	1.545111	-1.130928	-28.146840	1.538865	-1.084368	-27.872411	1.544576	-1.250700	-27.795283	1.537186	-0.954542	-27.984179	0.757196	-1.657904	-27.458307	1.483381	-0.860080	-28.091111	-0.036546	-2.045611	-27.425052	1.498866	-0.843137	-28.039433	-0.058073	-2.038903	-27.447905	1.512448	-0.820696	-28.117775	-0.048267	-2.102092	-28.128952	0.987933	-0.995915	-28.125641	0.955233	-1.079817	-27.818358	0.975406	-1.214956	-27.844184	0.967294	-1.240169	-28.118071	0.451433	-1.050200	-27.803591	0.457450	-1.216144	-28.153548	-0.036755	-0.986469	-28.157964	-0.034030	-1.044856	-27.796379	-0.037944	-1.213224	-27.847842	-0.072363	-1.241778
689	9.558690	00:00:09:41	-28.043234	1.628644	-1.242109	-27.936431	1.662607	-1.156317	-28.027101	1.682814	-1.063405	-27.983963	1.535847	-1.172559	-27.960058	1.551456	-1.129265	-28.127387	1.551010	-1.081968	-27.864596	1.547822	-1.224579	-27.789284	1.506374	-0.985135	-27.964929	0.736196	-1.689963	-27.467942	1.509190	-0.856448	-28.111676	-0.039195	-2.060187	-27.447935	1.495180	-0.852180	-28.115374	-0.078304	-2.084791	-27.444980	1.484506	-0.858152	-28.078709	-0.056747	-2.039650	-28.133249	0.985532	-1.040032	-28.141932	0.976258	-1.046032	-27.783102	0.939070	-1.215364	-27.827540	0.947624	-1.276774	-28.129511	0.469875	-1.047267	-27.826462	0.457890	-1.221650	-28.126675	-0.026235	-1.001444	-28.125585	-0.038910	-1.022532	-27.819831	-0.036217	-1.207732	-27.842416	-0.082781	-1.237923
690	9.572583	00:00:09:42	-28.040847	1.617573	-1.223523	-27.898682	1.680917	-1.190661	-28.013993	1.674803	-1.132002	-27.994508	1.538319	-1.139533	-27.969664	1.558639	-1.141213	-28.085887	1.529251	-1.079560	-27.859102	1.546202	-1.233227	-27.777439	1.535501	-0.985732	-28.004888	0.744854	-1.672294	-27.446984	1.510918	-0.841684	-28.041999	-0.029233	-2.040374	-27.416351	1.524771	-0.840010	-28.104757	-0.039144	-2.050182	-27.458838	1.499386	-0.874227	-28.087924	-0.033922	-2.048339	-28.120625	0.976382	-1.059255	-28.176736	0.988063	-1.080923	-27.831084	0.972732	-1.208520	-27.822669	0.983780	-1.254671	-28.156468	0.455703	-1.067506	-27.841845	0.476578	-1.219106	-28.130034	-0.075880	-1.011224	-28.116223	-0.075072	-1.089856	-27.809703	-0.018348	-1.165949	-27.835681	-0.078005	-1.259955
691	9.586477	00:00:09:43	-28.025218	1.651848	-1.239349	-27.921073	1.664313	-1.168429	-28.013640	1.655243	-1.067297	-27.953002	1.543229	-1.165801	-28.030748	1.547489	-1.134222	-28.143427	1.523472	-1.089439	-27.853331	1.516190	-1.224507	-27.764306	1.523681	-0.959192	-27.993154	0.789407	-1.625396	-27.482900	1.487138	-0.857164	-28.108527	-0.053102	-2.065590	-27.460339	1.511744	-0.840576	-28.127372	-0.054890	-2.094619	-27.421456	1.494138	-0.855753	-28.097746	-0.040258	-2.084615	-28.111429	0.958969	-1.048078	-28.109762	0.948678	-1.073534	-27.835424	0.954196	-1.188346	-27.820975	0.967818	-1.250053	-28.120585	0.454063	-1.029050	-27.831806	0.422523	-1.238870	-28.133222	-0.071118	-1.006332	-28.141080	-0.042086	-1.066124	-27.801529	-0.044493	-1.195619	-27.865635	-0.055322	-1.251710
692	9.600370	00:00:09:44	-28.066848	1.632610	-1.216181	-27.917577	1.670135	-1.172451	-28.023459	1.664750	-1.139252	-27.987046	1.529378	-1.193491	-27.980426	1.558709	-1.129622	-28.123058	1.505200	-1.085870	-27.866902	1.528519	-1.214383	-27.782878	1.486444	-0.942785	-27.999973	0.774017	-1.663872	-27.453081	1.513404	-0.830297	-28.086538	-0.043385	-2.072787	-27.433996	1.502232	-0.842798	-28.069671	-0.028981	-2.043698	-27.462349	1.512496	-0.854167	-28.104270	-0.029033	-2.081390	-28.126317	0.946018	-1.047160	-28.143111	0.983099	-1.083675	-27.831168	0.977651	-1.256550	-27.868258	0.965143	-1.253435	-28.145605	0.437186	-1.062780	-27.843875	0.475601	-1.241063	-28.133321	-0.024819	-1.012711	-28.158813	-0.064858	-1.047760	-27.796801	-0.064349	-1.184680	-27.841647	-0.073968	-1.241437
693	9.614264	00:00:09:45	-28.022480	1.652047	-1.221837	-27.915327	1.650719	-1.193545	-28.041595	1.670509	-1.110837	-27.968792	1.553573	-1.174744	-27.977172	1.536971	-1.151756	-28.140796	1.531215	-1.091872	-27.859017	1.554447	-1.226785	-27.785037	1.537290	-0.996456	-27.985868	0.779787	-1.656168	-27.437362	1.486023	-0.832251	-28.090550	-0.036144	-2.082378	-27.447665	1.512450	-0.846799	-28.086143	-0.064576	-2.059423	-27.465549	1.465732	-0.841048	-28.109953	-0.034198	-2.077904	-28.116293	1.025355	-1.040094	-28.168489	0.955364	-1.068364	-27.822697	0.999976	-1.245007	-27.837700	1.009376	-1.287623	-28.137524	0.463842	-1.042093	-27.819169	0.462018	-1.252992	-28.119370	-0.069423	-0.999143	-28.162723	-0.060352	-1.053911	-27.812219	-0.027686	-1.208543	-27.870100	-0.068575	-1.251357
694	9.628157	00:00:09:46	-28.041276	1.627375	-1.247470	-27.920769	1.678998	-1.131442	-28.031248	1.673446	-1.075194	-27.964468	1.520267	-1.150886	-27.950372	1.544856	-1.109455	-28.148942	1.541201	-1.093887	-27.858502	1.529575	-1.232730	-27.777078	1.515500	-0.980036	-27.994967	0.754885	-1.648347	-27.488455	1.513764	-0.833067	-28.098788	-0.070487	-2.043814	-27.428498	1.504123	-0.814144	-28.095373	-0.056102	-2.045864	-27.455091	1.520771	-0.883522	-28.100480	-0.068517	-2.028036	-28.100310	0.985396	-1.021543	-28.148617	0.952119	-1.097757	-27.828282	0.988095	-1.224216	-27.835750	0.959891	-1.264438	-28.143489	0.435104	-1.022139	-27.848466	0.503206	-1.229542	-28.126441	-0.043382	-0.991698	-28.147129	-0.077136	-1.068486	-27.786487	-0.053617	-1.183595	-27.841473	-0.064786	-1.263158
695	9.642050	00:00:09:47	-28.035800	1.635526	-1.226085	-27.899297	1.662332	-1.175653	-28.038308	1.678167	-1.079865	-27.989229	1.514932	-1.179192	-27.990047	1.555376	-1.138621	-28.114146	1.546776	-1.081572	-27.881377	1.565805	-1.239019	-27.757920	1.513855	-0.966632	-27.945615	0.741704	-1.627280	-27.464561	1.447693	-0.866859	-28.077606	-0.051504	-2.054285	-27.478367	1.495141	-0.843974	-28.106371	-0.066790	-2.054064	-27.454930	1.519170	-0.836895	-28.111552	-0.056866	-2.052562	-28.123802	0.993252	-1.011183	-28.155044	0.934338	-1.052408	-27.834710	0.991143	-1.205077	-27.838819	0.953364	-1.258711	-28.133518	0.482571	-1.040994	-27.841814	0.461551	-1.230531	-28.097710	-0.042277	-1.010387	-28.143396	-0.071838	-1.084027	-27.780678	-0.052534	-1.203161	-27.833054	-0.082894	-1.245925
696	9.655944	00:00:09:48	-28.024935	1.652524	-1.202024	-27.938662	1.671356	-1.192426	-28.014006	1.634986	-1.117977	-27.977762	1.547129	-1.169272	-27.958799	1.580554	-1.139741	-28.114124	1.564417	-1.057579	-27.840061	1.519083	-1.256510	-27.795538	1.551318	-0.972752	-27.985853	0.779302	-1.627833	-27.461724	1.492078	-0.848077	-28.105737	-0.047257	-2.022393	-27.465623	1.511338	-0.820841	-28.070679	-0.049330	-2.052802	-27.431641	1.488872	-0.829614	-28.098310	-0.056066	-2.058660	-28.073952	0.975489	-1.038385	-28.135451	0.957625	-1.089879	-27.801240	1.017902	-1.223848	-27.837911	0.980711	-1.303388	-28.129314	0.487980	-1.027150	-27.803354	0.469070	-1.218739	-28.130228	-0.053391	-1.014509	-28.152852	-0.062468	-1.028052	-27.822084	-0.030092	-1.183938	-27.823900	-0.063000	-1.212893
697	9.669837	00:00:09:49	-28.029092	1.634406	-1.217037	-27.933416	1.686230	-1.126946	-28.036604	1.667330	-1.085738	-27.990847	1.513044	-1.162935	-27.950536	1.535800	-1.127519	-28.135666	1.542353	-1.100639	-27.858022	1.519515	-1.216966	-27.803616	1.543975	-0.939413	-27.981808	0.785235	-1.668714	-27.438938	1.488937	-0.844267	-28.121461	-0.055764	-2.044515	-27.446471	1.525039	-0.850482	-28.080368	-0.040472	-2.071257	-27.454083	1.518174	-0.847443	-28.107578	-0.060477	-2.057504	-28.146112	0.965375	-1.040242	-28.133033	0.975080	-1.073391	-27.838643	0.984229	-1.233843	-27.889235	0.951176	-1.246980	-28.119043	0.443156	-1.047643	-27.828028	0.475170	-1.208509	-28.146375	-0.050791	-1.004093	-28.148839	-0.059061	-1.041005	-27.826526	-0.085613	-1.220400	-27.828294	-0.065875	-1.232092
698	9.683731	00:00:09:50	-28.041243	1.635823	-1.216707	-27.942351	1.660524	-1.167798	-28.037413	1.677960	-1.101732	-28.001570	1.543122	-1.176136	-27.984360	1.561849	-1.131709	-28.142827	1.529359	-1.097810	-27.912131	1.566149	-1.260143	-27.799879	1.527571	-0.997158	-27.997933	0.712592	-1.671424	-27.430448	1.493338	-0.810782	-28.098470	-0.063890	-2.061658	-27.455797	1.529427	-0.850415	-28.067997	-0.013345	-2.071891	-27.448236	1.484216	-0.881828	-28.100942	-0.052085	-2.066767	-28.127929	0.941529	-1.047086	-28.159107	0.953114	-1.075617	-27.834724	0.963982	-1.238988	-27.842268	0.983954	-1.265469	-28.120811	0.438109	-1.050477	-27.826605	0.446231	-1.202928	-28.138399	-0.042462	-1.004568	-28.153715	-0.065268	-1.069092	-27.809713	-0.004678	-1.202512	-27.849574	-0.043487	-1.240199
699	9.697624	00:00:09:51	-28.053632	1.642570	-1.237091	-27.900570	1.689477	-1.151053	-28.019912	1.637149	-1.080121	-27.998262	1.548999	-1.154281	-27.996270	1.581558	-1.091793	-28.110064	1.543667	-1.083456	-27.918813	1.546894	-1.241545	-27.775178	1.494858	-0.996885	-27.975834	0.741119	-1.645838	-27.452019	1.500165	-0.825052	-28.080992	-0.025933	-2.075053	-27.449949	1.525155	-0.885635	-28.051942	-0.068771	-2.051402	-27.429278	1.486655	-0.835630	-28.089004	-0.029787	-2.098860	-28.107783	0.943929	-1.038765	-28.191864	0.985000	-1.071251	-27.812544	0.974056	-1.202398	-27.830909	0.949964	-1.258168	-28.140112	0.471056	-1.022288	-27.824050	0.477565	-1.219665	-28.096884	-0.043713	-1.013241	-28.175030	-0.073627	-1.056881	-27.800896	-0.012538	-1.172570	-27.833425	-0.071679	-1.221263
700	9.711518	00:00:09:52	-28.052548	1.646476	-1.217382	-27.947181	1.689734	-1.142322	-28.009160	1.672358	-1.099058	-27.968193	1.544442	-1.189059	-27.987771	1.514877	-1.151274	-28.139634	1.564467	-1.089217	-27.880922	1.562739	-1.195951	-27.781355	1.532311	-0.974748	-27.978273	0.785187	-1.661101	-27.453127	1.484640	-0.846806	-28.096269	-0.028378	-2.087595	-27.425710	1.509502	-0.840118	-28.091796	-0.073301	-2.043354	-27.430305	1.511545	-0.849737	-28.078487	-0.053849	-2.099327	-28.098910	0.978400	-1.023601	-28.174326	0.957968	-1.056591	-27.842282	0.979288	-1.203085	-27.805893	0.946144	-1.258225	-28.149042	0.461121	-1.046627	-27.859517	0.455946	-1.246866	-28.127701	-0.038549	-0.996469	-28.132184	-0.044540	-1.071084	-27.813852	-0.036297	-1.204753	-27.898204	-0.073265	-1.248593
701	9.725411	00:00:09:53	-28.032927	1.625753	-1.231728	-27.880143	1.649008	-1.160124	-28.033597	1.667538	-1.158831	-27.988851	1.537157	-1.174183	-27.974339	1.526975	-1.122102	-28.101249	1.553487	-1.096143	-27.854564	1.545515	-1.216840	-27.798589	1.537647	-0.950601	-27.976645	0.775214	-1.693760	-27.467140	1.540983	-0.819537	-28.075985	-0.032034	-2.035282	-27.449965	1.471271	-0.869505	-28.092500	-0.087085	-2.065516	-27.452079	1.515726	-0.857380	-28.092094	-0.025541	-2.053361	-28.104931	1.002474	-1.039489	-28.192663	0.965733	-1.077815	-27.823709	0.932644	-1.226598	-27.852145	0.956320	-1.279044	-28.125491	0.470495	-1.030530	-27.831397	0.415163	-1.210841	-28.130919	-0.023244	-1.018571	-28.124042	-0.052131	-1.068950	-27.783148	-0.048106	-1.199710	-27.870342	-0.042640	-1.258944
702	9.739305	00:00:09:54	-28.054079	1.628896	-1.216546	-27.901469	1.691531	-1.133251	-28.018750	1.672155	-1.113255	-28.003148	1.548994	-1.157401	-27.959112	1.527088	-1.128667	-28.127398	1.559950	-1.100859	-27.849269	1.530424	-1.235841	-27.760414	1.512715	-0.961313	-27.967514	0.763846	-1.666732	-27.480716	1.489485	-0.812850	-28.043038	-0.066398	-2.065446	-27.465203	1.529560	-0.842533	-28.074478	-0.039465	-2.053299	-27.455780	1.476661	-0.857499	-28.094994	-0.053130	-2.087996	-28.137356	0.976557	-1.026653	-28.142746	0.952521	-1.076205	-27.802041	0.972172	-1.242732	-27.821440	0.928868	-1.261326	-28.128251	0.462738	-1.041459	-27.833105	0.438567	-1.250655	-28.129526	-0.026434	-0.999465	-28.152328	-0.050023	-1.056186	-27.828694	-0.017770	-1.190422	-27.853637	-0.062567	-1.222327
703	9.753198	00:00:09:55	-28.049076	1.636154	-1.233559	-27.909841	1.718277	-1.159989	-28.017417	1.677661	-1.103198	-28.009791	1.529396	-1.156680	-27.955807	1.537869	-1.146070	-28.103341	1.526395	-1.124530	-27.876338	1.539584	-1.276339	-27.779847	1.504449	-0.974614	-27.979798	0.759321	-1.621384	-27.434721	1.461395	-0.842516	-28.085907	-0.058947	-2.051779	-27.431458	1.481284	-0.855761	-28.083567	-0.028178	-2.064744	-27.466205	1.500558	-0.825784	-28.068159	-0.043285	-2.073801	-28.088672	0.970590	-1.007945	-28.161077	0.959571	-1.051950	-27.821814	0.976476	-1.232978	-27.866545	0.944201	-1.289084	-28.164198	0.438381	-1.020620	-27.808428	0.465564	-1.229352	-28.107630	-0.036915	-1.019840	-28.168000	-0.076730	-1.047804	-27.810623	-0.014808	-1.182866	-27.853861	-0.077075	-1.250480
704	9.767091	00:00:09:56	-28.064835	1.627891	-1.217493	-27.924591	1.673564	-1.192279	-28.017941	1.686378	-1.092126	-27.963312	1.515468	-1.177793	-27.995229	1.506889	-1.127671	-28.098626	1.519385	-1.087752	-27.871554	1.541801	-1.225681	-27.812601	1.516464	-0.954271	-27.994508	0.751726	-1.662108	-27.459726	1.490189	-0.838253	-28.080718	-0.036914	-2.063756	-27.465240	1.502052	-0.852571	-28.094378	-0.034837	-2.092180	-27.460992	1.485410	-0.840564	-28.112581	-0.034048	-2.082863	-28.089161	0.987095	-1.023305	-28.132938	0.964511	-1.065988	-27.824841	0.984434	-1.244781	-27.865660	0.954330	-1.260866	-28.152737	0.466754	-1.057928	-27.803613	0.447204	-1.202679	-28.137327	-0.061007	-0.994180	-28.116225	-0.055425	-1.025571	-27.831076	-0.014783	-1.204582	-27.846948	-0.045626	-1.247660
705	9.780985	00:00:09:57	-28.048592	1.644304	-1.229080	-27.915337	1.668110	-1.180188	-28.033397	1.672571	-1.114174	-27.977155	1.532663	-1.179132	-27.960359	1.569337	-1.104275	-28.148230	1.550862	-1.085378	-27.854235	1.571394	-1.228707	-27.767560	1.503395	-0.981507	-27.938365	0.742330	-1.677774	-27.449854	1.485120	-0.856280	-28.103650	-0.008687	-2.041201	-27.447843	1.489956	-0.838527	-28.119026	-0.057801	-2.070225	-27.450127	1.495737	-0.869665	-28.104989	-0.031597	-2.044604	-28.103960	0.983978	-1.050554	-28.127991	0.951900	-1.053249	-27.808735	0.965257	-1.215334	-27.813745	0.962503	-1.270883	-28.149157	0.435056	-1.024224	-27.825812	0.420081	-1.237598	-28.123373	-0.061202	-1.005330	-28.145322	-0.069036	-1.044853	-27.824120	-0.065287	-1.200172	-27.830212	-0.062256	-1.264289
706	9.794878	00:00:09:58	-28.047119	1.644013	-1.223657	-27.899593	1.637902	-1.172560	-28.039846	1.675051	-1.071666	-27.980859	1.574457	-1.165934	-27.962761	1.509928	-1.132838	-28.123427	1.532642	-1.067378	-27.899658	1.535673	-1.197618	-27.778413	1.518055	-0.954381	-27.968469	0.781539	-1.678482	-27.466026	1.496448	-0.844641	-28.107863	-0.023918	-2.046100	-27.434436	1.501226	-0.831736	-28.100578	-0.070908	-2.064211	-27.430432	1.514858	-0.850359	-28.080216	-0.037882	-2.042076	-28.141377	0.964629	-1.011492	-28.158020	0.986643	-1.091419	-27.840926	0.989545	-1.222735	-27.884703	0.977648	-1.258486	-28.148878	0.462581	-1.047904	-27.831360	0.472073	-1.245329	-28.121290	-0.044122	-1.022215	-28.165498	-0.060756	-1.062964	-27.818232	-0.027195	-1.181499	-27.840883	-0.098455	-1.219947
707	9.808772	00:00:09:59	-28.025699	1.639141	-1.206753	-27.970684	1.653923	-1.133945	-28.021870	1.641302	-1.079638	-27.992385	1.557367	-1.136422	-28.008169	1.549186	-1.125905	-28.112427	1.568645	-1.069211	-27.878599	1.537022	-1.302405	-27.786983	1.488751	-0.982349	-28.008130	0.788476	-1.642992	-27.448137	1.521743	-0.854706	-28.114114	-0.060992	-2.046502	-27.436500	1.501688	-0.845005	-28.113106	-0.062053	-2.088487	-27.431727	1.465431	-0.869114	-28.102791	-0.025603	-2.063489	-28.145888	0.998875	-1.044457	-28.189959	0.969969	-1.106800	-27.796174	1.001902	-1.241876	-27.832007	0.985863	-1.277828	-28.137684	0.459354	-1.059721	-27.813508	0.449648	-1.229170	-28.120802	-0.046444	-1.017755	-28.147586	-0.080488	-1.061193	-27.814733	-0.032322	-1.202531	-27.848650	-0.052656	-1.253539
708	9.822665	00:00:09:60	-28.031784	1.624774	-1.242820	-27.927667	1.656390	-1.148062	-28.017481	1.694281	-1.114979	-27.969959	1.561466	-1.130819	-27.974877	1.533597	-1.138058	-28.152785	1.535512	-1.063359	-27.863870	1.564950	-1.274806	-27.802018	1.508850	-0.964484	-27.988814	0.732493	-1.653250	-27.461473	1.467981	-0.855029	-28.094668	-0.050778	-2.059655	-27.472363	1.499245	-0.850361	-28.110339	-0.047587	-2.055928	-27.442925	1.485513	-0.850329	-28.109794	-0.074949	-2.087027	-28.122756	0.962505	-0.999186	-28.174470	0.977124	-1.067361	-27.812825	0.995701	-1.200845	-27.852022	0.988044	-1.278642	-28.113089	0.439461	-1.053543	-27.853619	0.477855	-1.260194	-28.124866	-0.045693	-1.026883	-28.120861	-0.046485	-1.082650	-27.809326	-0.027931	-1.192398	-27.855565	-0.101379	-1.244477
709	9.836559	00:00:09:61	-28.067299	1.662846	-1.219864	-27.912780	1.713380	-1.184532	-28.012189	1.664375	-1.066050	-27.996360	1.538456	-1.171749	-27.963647	1.532153	-1.118094	-28.121770	1.531060	-1.081878	-27.887236	1.550701	-1.237345	-27.770996	1.502612	-0.998286	-27.991727	0.734907	-1.651378	-27.448138	1.520761	-0.866296	-28.105172	-0.046238	-2.071536	-27.443951	1.463943	-0.854689	-28.089988	-0.047635	-2.060904	-27.439546	1.506570	-0.861017	-28.115973	-0.063245	-2.059364	-28.104510	1.002123	-1.034593	-28.146580	0.976007	-1.092013	-27.773060	0.964326	-1.172843	-27.855904	0.950883	-1.224932	-28.128719	0.465832	-1.087505	-27.836006	0.442544	-1.223760	-28.122552	-0.060999	-1.011202	-28.147712	-0.046995	-1.071893	-27.840663	-0.040392	-1.179194	-27.848318	-0.051773	-1.248477
710	9.850452	00:00:09:62	-28.032891	1.630397	-1.236648	-27.907040	1.657781	-1.164044	-27.985153	1.635817	-1.116876	-28.002624	1.565479	-1.166742	-27.945349	1.531183	-1.112204	-28.110710	1.529565	-1.091582	-27.835890	1.558829	-1.254412	-27.760494	1.516061	-0.958474	-27.986595	0.755750	-1.636379	-27.473115	1.493903	-0.804749	-28.087284	-0.041309	-2.064711	-27.438029	1.505380	-0.849077	-28.094935	-0.047475	-2.057232	-27.451103	1.505514	-0.841166	-28.106656	-0.024133	-2.069297	-28.102371	0.960655	-1.048093	-28.156866	0.970931	-1.108398	-27.797691	0.995519	-1.209979	-27.858604	0.961359	-1.250704	-28.138738	0.458936	-1.066431	-27.806663	0.465803	-1.207935	-28.119041	-0.071662	-0.997986	-28.153618	-0.067507	-1.032942	-27.834052	-0.030717	-1.203104	-27.842645	-0.089174	-1.250589
711	9.864346	00:00:09:63	-28.072330	1.628469	-1.237567	-27.919176	1.690580	-1.174197	-28.019789	1.648471	-1.085746	-28.019102	1.511420	-1.167131	-27.974200	1.546259	-1.143054	-28.111655	1.538140	-1.057536	-27.863627	1.562142	-1.233775	-27.780481	1.507087	-0.985508	-27.949192	0.720491	-1.637424	-27.476192	1.464516	-0.842787	-28.063794	-0.018051	-2.080521	-27.453809	1.495276	-0.838469	-28.095094	-0.039441	-2.061177	-27.420375	1.487142	-0.851800	-28.084067	-0.043438	-2.093853	-28.134294	0.986571	-1.038989	-28.187285	0.967511	-1.093495	-27.807603	0.967350	-1.235389	-27.852977	0.967291	-1.243779	-28.139336	0.435630	-1.079812	-27.825512	0.471377	-1.213583	-28.158476	-0.058996	-1.001918	-28.163783	-0.124548	-1.057745	-27.800980	-0.032034	-1.188775	-27.841387	-0.074075	-1.241827
712	9.878239	00:00:09:64	-28.042003	1.631174	-1.238450	-27.915594	1.684926	-1.157759	-28.033348	1.680340	-1.104439	-28.022271	1.537849	-1.180947	-27.974587	1.546478	-1.141855	-28.143318	1.530831	-1.060114	-27.859141	1.527718	-1.247510	-27.792619	1.509862	-0.963388	-27.971968	0.735616	-1.627283	-27.438127	1.455026	-0.847802	-28.076962	-0.061463	-2.066864	-27.438310	1.481964	-0.835433	-28.082670	-0.076769	-2.090247	-27.416456	1.493128	-0.838412	-28.099726	-0.042081	-2.082438	-28.149657	0.994068	-1.022155	-28.153954	0.983363	-1.076848	-27.801721	0.983118	-1.207173	-27.851547	0.935974	-1.242707	-28.113392	0.456057	-1.058749	-27.840128	0.480222	-1.244909	-28.102325	-0.058066	-1.002407	-28.159853	-0.069989	-1.055108	-27.809485	-0.060501	-1.163448	-27.869018	-0.065655	-1.237499
713	9.892132	00:00:09:65	-28.013851	1.623890	-1.237019	-27.921206	1.674067	-1.163601	-28.012271	1.679314	-1.102350	-27.991195	1.560451	-1.163031	-27.996145	1.564817	-1.122282	-28.139847	1.522725	-1.087161	-27.859026	1.518515	-1.258974	-27.804762	1.517295	-0.945622	-27.970717	0.747888	-1.659574	-27.404259	1.495228	-0.834996	-28.105046	-0.036042	-2.048130	-27.456773	1.464443	-0.841367	-28.089031	-0.053037	-2.085357	-27.449571	1.501430	-0.844636	-28.095326	-0.025298	-2.049358	-28.142602	0.993010	-1.048423	-28.157937	0.965878	-1.111718	-27.804308	0.961763	-1.224392	-27.861001	0.969697	-1.250315	-28.140266	0.458143	-1.038916	-27.800993	0.460731	-1.216042	-28.132669	-0.090633	-1.046264	-28.152741	-0.080531	-1.051106	-27.822002	-0.042264	-1.226418	-27.834231	-0.090101	-1.231532
714	9.906026	00:00:09:66	-28.035481	1.612607	-1.250197	-27.921064	1.692521	-1.130649	-28.035088	1.651788	-1.158572	-27.993909	1.539365	-1.168057	-27.993569	1.539178	-1.141468	-28.116343	1.551693	-1.054143	-27.856541	1.524422	-1.230867	-27.785901	1.520378	-0.933719	-27.960407	0.727568	-1.632423	-27.451111	1.490252	-0.849589	-28.083408	-0.049338	-2.066418	-27.431232	1.498396	-0.849393	-28.110367	-0.076637	-2.047412	-27.456770	1.489239	-0.873829	-28.084137	-0.028069	-2.060421	-28.121778	0.954536	-1.055975	-28.140571	0.944298	-1.047242	-27.799073	0.991827	-1.225943	-27.877594	0.989044	-1.288904	-28.140213	0.454793	-1.056582	-27.829541	0.437761	-1.200637	-28.143596	-0.054955	-1.052756	-28.153327	-0.065891	-1.074626	-27.793066	-0.012001	-1.221706	-27.845507	-0.074815	-1.232342
715	9.919919	00:00:09:67	-28.025203	1.650966	-1.248639	-27.922504	1.657993	-1.138020	-28.010944	1.655768	-1.072146	-27.994626	1.545029	-1.184826	-27.978421	1.514857	-1.106234	-28.116176	1.539647	-1.101260	-27.870148	1.538314	-1.214730	-27.789178	1.480148	-0.973599	-27.977009	0.737356	-1.687360	-27.417227	1.484957	-0.884873	-28.129625	-0.040694	-2.058621	-27.489913	1.473748	-0.837815	-28.107663	-0.061470	-2.039674	-27.463200	1.475888	-0.835798	-28.084855	-0.027434	-2.069320	-28.125831	0.961855	-1.017121	-28.116215	0.936422	-1.100217	-27.802567	0.993412	-1.255885	-27.855699	0.941557	-1.261270	-28.174124	0.424495	-1.071880	-27.858798	0.456050	-1.236576	-28.096164	-0.014381	-1.018623	-28.144706	-0.054271	-1.052615	-27.826404	-0.052145	-1.200956	-27.836679	-0.075355	-1.270499
716	9.933813	00:00:09:68	-28.023918	1.627125	-1.264067	-27.914231	1.671509	-1.166146	-28.021210	1.681549	-1.097244	-27.992010	1.520478	-1.165768	-27.950680	1.588347	-1.140934	-28.107164	1.540979	-1.080452	-27.881395	1.524121	-1.246983	-27.769626	1.506611	-1.007667	-28.002551	0.750134	-1.632357	-27.470697	1.479887	-0.852590	-28.142746	-0.073206	-2.061419	-27.449877	1.522081	-0.834809	-28.073032	-0.077961	-2.067593	-27.422293	1.506088	-0.857639	-28.079399	-0.041960	-2.048707	-28.116453	0.981541	-1.032559	-28.165963	0.971370	-1.064754	-27.847645	0.977503	-1.241235	-27.843377	0.967472	-1.258901	-28.142656	0.473358	-1.022251	-27.832977	0.452640	-1.237421	-28.124439	-0.058237	-1.024429	-28.142915	-0.074489	-1.072191	-27.842129	-0.052412	-1.178553	-27.848428	-0.053705	-1.283597
717	9.947706	00:00:09:69	-28.013265	1.629930	-1.233733	-27.927676	1.665316	-1.167227	-28.043293	1.679279	-1.107821	-27.994273	1.559573	-1.190352	-27.944528	1.542151	-1.130761	-28.134723	1.536644	-1.113501	-27.874529	1.535437	-1.224368	-27.795406	1.530142	-0.961011	-27.967862	0.719639	-1.637622	-27.452453	1.463396	-0.853608	-28.088165	-0.068696	-2.057209	-27.450061	1.487925	-0.868945	-28.126672	-0.073805	-2.045447	-27.444243	1.506245	-0.881732	-28.088424	-0.076116	-2.053673	-28.148993	0.951878	-1.030215	-28.153669	0.943767	-1.068034	-27.802957	0.960427	-1.224113	-27.836280	0.939560	-1.258649	-28.142714	0.455387	-1.048213	-27.860595	0.448379	-1.228513	-28.127122	-0.074710	-1.020855	-28.171952	-0.064295	-1.049402	-27.841011	-0.059439	-1.216183	-27.847531	-0.062793	-1.239031
718	9.961600	00:00:09:70	-28.032728	1.628685	-1.212290	-27.920693	1.699676	-1.167774	-28.045293	1.681295	-1.077928	-27.978971	1.549116	-1.166709	-27.993059	1.565995	-1.101502	-28.113663	1.548512	-1.085636	-27.847052	1.523832	-1.246454	-27.821968	1.504932	-0.967510	-27.998872	0.766161	-1.656345	-27.495506	1.469790	-0.861238	-28.081303	-0.030476	-2.057358	-27.432856	1.490991	-0.867563	-28.092513	-0.047522	-2.060060	-27.453148	1.475975	-0.843494	-28.083365	-0.062629	-2.077098	-28.119870	0.999380	-1.019978	-28.164164	0.995383	-1.094511	-27.855922	0.995514	-1.206544	-27.884726	0.947116	-1.270610	-28.130277	0.475717	-1.026515	-27.840860	0.479842	-1.206066	-28.109650	-0.025578	-1.026807	-28.167548	-0.073351	-1.103456	-27.828943	-0.045709	-1.175820	-27.859377	-0.078292	-1.268893
719	9.975493	00:00:09:71	-28.050372	1.619591	-1.246947	-27.890536	1.677611	-1.146664	-28.018498	1.693215	-1.110264	-27.982012	1.541340	-1.176469	-27.947688	1.552444	-1.146930	-28.135808	1.543364	-1.107047	-27.897508	1.581455	-1.253399	-27.787023	1.526649	-0.974744	-27.966455	0.734339	-1.667384	-27.461953	1.484989	-0.847106	-28.081884	-0.039646	-2.047316	-27.447754	1.486852	-0.863819	-28.110919	-0.037013	-2.022455	-27.430763	1.511215	-0.842537	-28.100720	-0.044409	-2.026546	-28.116258	0.979771	-1.004811	-28.142606	0.967783	-1.095374	-27.823323	0.960522	-1.233400	-27.864302	0.981854	-1.268618	-28.147206	0.436264	-1.039449	-27.864210	0.468007	-1.260010	-28.109892	-0.020717	-1.011920	-28.153897	-0.061006	-1.074467	-27.809989	-0.076659	-1.209891	-27.826166	-0.057858	-1.247358
720	9.989387	00:00:09:00	-28.038797	1.627587	-1.185551	-27.897407	1.646196	-1.171911	-28.018919	1.659892	-1.076770	-28.009616	1.512028	-1.164394	-27.967028	1.540715	-1.132498	-28.135928	1.563635	-1.098893	-27.885383	1.574805	-1.252862	-27.776897	1.516830	-0.988569	-27.962945	0.755633	-1.676473	-27.438085	1.469793	-0.834153	-28.102998	-0.062692	-2.064384	-27.451096	1.478064	-0.854997	-28.073680	-0.058396	-2.095910	-27.483730	1.489751	-0.885427	-28.125258	-0.071171	-2.056421	-28.103312	0.947922	-1.035920	-28.160409	0.937923	-1.084887	-27.810101	0.988803	-1.210348	-27.820296	0.966162	-1.262896	-28.143297	0.454948	-1.043491	-27.823562	0.450499	-1.224008	-28.113032	-0.058060	-1.016972	-28.161601	-0.071587	-1.080091	-27.850038	-0.052346	-1.180252	-27.870429	-0.082760	-1.244527
721	10.003280	00:00:10:01	-28.039534	1.579308	-1.199359	-27.931601	1.669881	-1.151399	-28.017962	1.680902	-1.111374	-27.992464	1.567272	-1.187786	-27.966143	1.572683	-1.115245	-28.133524	1.557938	-1.071807	-27.880078	1.561988	-1.256176	-27.776883	1.527977	-0.998919	-28.011270	0.740916	-1.710649	-27.457578	1.471552	-0.871350	-28.080790	-0.063541	-2.084885	-27.467827	1.486501	-0.896191	-28.096557	-0.067501	-2.084591	-27.505608	1.488242	-0.836560	-28.107768	-0.020816	-2.060995	-28.107266	1.000433	-1.058029	-28.148241	0.972377	-1.062816	-27.812595	0.960609	-1.213094	-27.871040	0.938256	-1.283500	-28.159299	0.472641	-1.071131	-27.840897	0.459793	-1.266955	-28.134628	-0.058318	-1.014315	-28.118631	-0.048632	-1.072180	-27.783220	-0.039603	-1.163898	-27.837000	-0.067369	-1.229250
722	10.017173	00:00:10:02	-28.040739	1.610403	-1.207362	-27.921423	1.672943	-1.173069	-28.045939	1.679100	-1.073670	-28.006331	1.559443	-1.207902	-27.983289	1.564107	-1.128944	-28.116992	1.536434	-1.085540	-27.897955	1.569341	-1.259863	-27.813863	1.538428	-0.994476	-28.003623	0.720981	-1.662846	-27.450512	1.488319	-0.865863	-28.090829	-0.064121	-2.074908	-27.464110	1.491166	-0.853275	-28.088464	-0.030700	-2.065474	-27.447863	1.511965	-0.826854	-28.096835	-0.062216	-2.039158	-28.138749	0.966161	-1.022059	-28.144697	0.958830	-1.093930	-27.779326	0.948421	-1.212478	-27.874387	0.951816	-1.298402	-28.152750	0.424110	-1.011333	-27.827820	0.447007	-1.235030	-28.126174	-0.035409	-1.035227	-28.153321	-0.049991	-1.058505	-27.807381	-0.036803	-1.207540	-27.827194	-0.053118	-1.241328
723	10.031067	00:00:10:03	-28.023825	1.611091	-1.238168	-27.927690	1.674363	-1.130422	-28.031051	1.691962	-1.119087	-28.013021	1.541073	-1.149654	-27.959502	1.553572	-1.145177	-28.137746	1.574019	-1.069547	-27.839113	1.551117	-1.245473	-27.792619	1.482346	-1.004222	-27.985030	0.765572	-1.633484	-27.461218	1.476074	-0.852731	-28.092664	-0.060889	-2.066761	-27.442266	1.491182	-0.824670	-28.095243	-0.037440	-2.051762	-27.445222	1.459115	-0.862697	-28.093531	-0.050345	-2.040117	-28.126349	0.978734	-1.024243	-28.160160	0.955278	-1.126451	-27.845466	0.976065	-1.205902	-27.817982	0.947581	-1.279690	-28.141034	0.461049	-1.000368	-27.855883	0.466042	-1.207939	-28.080565	-0.053249	-0.976995	-28.138854	-0.047718	-1.058423	-27.797433	-0.034983	-1.208697	-27.835097	-0.061566	-1.240128
724	10.044960	00:00:10:04	-28.011042	1.606844	-1.223269	-27.923726	1.663172	-1.163054	-28.028695	1.689056	-1.073514	-27.971603	1.540432	-1.171026	-27.972055	1.559345	-1.122264	-28.133054	1.559177	-1.086172	-27.861428	1.558240	-1.257848	-27.792208	1.487920	-0.978372	-27.994237	0.761858	-1.640876	-27.456996	1.517333	-0.854891	-28.090434	-0.037722	-2.034600	-27.463255	1.479107	-0.848989	-28.111165	-0.059507	-2.078385	-27.451564	1.491022	-0.843280	-28.088670	-0.044918	-2.082388	-28.115115	0.984805	-1.040720	-28.145614	0.991634	-1.120053	-27.827600	0.965036	-1.233783	-27.839061	0.952658	-1.272706	-28.148211	0.438070	-1.056710	-27.851016	0.439547	-1.228317	-28.132387	-0.028124	-1.033420	-28.156639	-0.071676	-1.068842	-27.815075	-0.029103	-1.185528	-27.876560	-0.086381	-1.236228
725	10.058854	00:00:10:05	-28.021914	1.643758	-1.258910	-27.922923	1.661473	-1.138446	-28.012448	1.655547	-1.086120	-28.002866	1.557843	-1.171875	-27.966827	1.555022	-1.141198	-28.119155	1.548186	-1.116094	-27.868759	1.542781	-1.252592	-27.815990	1.516765	-0.999588	-27.973153	0.778869	-1.654049	-27.455618	1.472374	-0.863907	-28.071848	-0.019781	-2.088192	-27.473660	1.486584	-0.861952	-28.071498	-0.042348	-2.021373	-27.449338	1.453308	-0.840824	-28.089640	-0.082759	-2.077521	-28.115487	0.952404	-1.049224	-28.140488	0.952509	-1.085138	-27.839471	0.988589	-1.237719	-27.812869	0.990923	-1.268660	-28.137628	0.464738	-1.042322	-27.863552	0.470816	-1.236884	-28.118850	-0.046715	-1.025488	-28.149814	-0.079852	-1.082442	-27.842177	-0.062836	-1.191301	-27.865142	-0.094128	-1.232519
726	10.072747	00:00:10:06	-28.055596	1.665472	-1.215904	-27.916665	1.672251	-1.147673	-28.014068	1.656930	-1.108738	-28.006858	1.521207	-1.160761	-27.999936	1.541965	-1.098370	-28.117174	1.552495	-1.078086	-27.850336	1.526495	-1.238778	-27.772576	1.526566	-0.971002	-27.980996	0.735918	-1.665987	-27.454091	1.455410	-0.859087	-28.105577	-0.026727	-2.079990	-27.465845	1.499526	-0.863840	-28.107456	-0.058187	-2.050812	-27.449043	1.484025	-0.867860	-28.101738	-0.038930	-2.062632	-28.129548	0.976396	-1.026015	-28.146186	0.942880	-1.077149	-27.839140	0.984205	-1.204265	-27.869104	0.974481	-1.263761	-28.140316	0.451448	-1.043514	-27.840735	0.493137	-1.208432	-28.159055	-0.045844	-1.029386	-28.141136	-0.060313	-1.077309	-27.806715	-0.035639	-1.216702	-27.846914	-0.045779	-1.245838
727	10.086641	00:00:10:07	-28.041654	1.652622	-1.241353	-27.952399	1.644019	-1.171019	-28.025159	1.666878	-1.117167	-27.984332	1.555889	-1.177337	-27.967221	1.539928	-1.137541	-28.128769	1.556361	-1.091270	-27.832295	1.545515	-1.280009	-27.803355	1.495275	-1.000117	-27.990972	0.769155	-1.621596	-27.471814	1.467508	-0.869879	-28.096993	-0.066773	-2.062185	-27.458562	1.457643	-0.803620	-28.087662	-0.067107	-2.057569	-27.433541	1.506976	-0.827823	-28.071519	-0.013415	-2.075986	-28.127994	0.953722	-1.028186	-28.159764	0.986660	-1.065544	-27.794172	0.981160	-1.247699	-27.819750	0.966509	-1.282612	-28.099145	0.456845	-1.081277	-27.838927	0.459571	-1.244243	-28.128494	-0.087148	-0.984048	-28.141779	-0.047506	-1.084375	-27.805614	-0.051269	-1.191992	-27.854162	-0.053518	-1.243175
728	10.100534	00:00:10:08	-28.035669	1.610709	-1.265039	-27.921329	1.667501	-1.144282	-28.034249	1.655389	-1.045658	-28.007646	1.533249	-1.164098	-27.972936	1.528959	-1.136197	-28.132050	1.544927	-1.100732	-27.897028	1.537331	-1.239145	-27.774772	1.499755	-0.946536	-27.995475	0.765828	-1.663522	-27.484651	1.476921	-0.888299	-28.064617	-0.026221	-2.060700	-27.444919	1.487375	-0.836381	-28.113747	-0.067633	-2.046415	-27.454283	1.465450	-0.846756	-28.121077	-0.061843	-2.049521	-28.105511	0.999469	-1.036251	-28.167033	0.932163	-1.074103	-27.823664	0.983177	-1.207622	-27.855752	0.960413	-1.258047	-28.111853	0.415643	-1.060062	-27.808599	0.456124	-1.215119	-28.137021	-0.030216	-0.994868	-28.163987	-0.068198	-1.066716	-27.782383	-0.044093	-1.198316	-27.859364	-0.034076	-1.249574
729	10.114428	00:00:10:09	-28.021442	1.617856	-1.241926	-27.906718	1.661134	-1.155595	-28.032823	1.683310	-1.099305	-27.970498	1.558985	-1.143366	-27.966930	1.538454	-1.126823	-28.117081	1.562138	-1.081809	-27.892381	1.561443	-1.282627	-27.779292	1.488096	-0.997303	-27.993083	0.744451	-1.648515	-27.449293	1.495832	-0.859366	-28.091327	-0.044103	-2.060805	-27.457462	1.463033	-0.838561	-28.083166	-0.054048	-2.059317	-27.488457	1.454562	-0.886496	-28.092474	-0.050345	-2.071943	-28.149881	0.979193	-1.026374	-28.179854	0.939341	-1.088262	-27.819623	0.977116	-1.200448	-27.826818	0.991741	-1.288436	-28.144080	0.442833	-1.007573	-27.845432	0.473116	-1.221951	-28.125100	-0.051260	-1.027855	-28.129701	-0.041780	-1.068580	-27.794137	-0.070678	-1.159002	-27.820067	-0.061470	-1.272092
730	10.128321	00:00:10:10	-28.009689	1.647972	-1.203716	-27.914764	1.644826	-1.143821	-28.048380	1.679700	-1.097026	-27.997594	1.538284	-1.147340	-27.979819	1.570212	-1.128009	-28.100647	1.533842	-1.094183	-27.889192	1.558946	-1.207290	-27.789541	1.509769	-0.976499	-27.961446	0.739751	-1.637597	-27.463940	1.472757	-0.853732	-28.106203	-0.031538	-2.053451	-27.467589	1.462940	-0.857444	-28.099724	-0.051008	-2.050609	-27.451209	1.444475	-0.844275	-28.118154	-0.029888	-2.065408	-28.136765	0.958215	-1.069955	-28.153890	0.964611	-1.093758	-27.816026	0.995911	-1.224040	-27.858151	0.909952	-1.276129	-28.159262	0.475692	-1.028045	-27.881000	0.472132	-1.239163	-28.103814	-0.032767	-0.991719	-28.164727	-0.081727	-1.050628	-27.807596	-0.074098	-1.237247	-27.851987	-0.080649	-1.252807
731	10.142214	00:00:10:11	-28.016400	1.643841	-1.233573	-27.910180	1.650317	-1.198967	-28.003104	1.621999	-1.098728	-27.977784	1.535136	-1.163492	-27.975207	1.571701	-1.127127	-28.124362	1.522932	-1.098704	-27.863593	1.549032	-1.237977	-27.782980	1.524664	-0.954611	-27.988385	0.751108	-1.667585	-27.458710	1.503775	-0.842169	-28.127337	-0.043703	-2.031951	-27.438313	1.470708	-0.874462	-28.106000	-0.070214	-2.067748	-27.446185	1.468206	-0.865115	-28.107183	-0.059042	-2.082259	-28.111683	0.963741	-1.064609	-28.171479	0.999013	-1.067673	-27.816267	0.965363	-1.248139	-27.852573	0.953195	-1.267710	-28.123568	0.480294	-1.094669	-27.846404	0.450904	-1.249078	-28.128906	-0.046932	-1.034538	-28.168516	-0.083753	-1.060850	-27.774812	-0.063674	-1.233473	-27.840920	-0.063448	-1.261326
732	10.156108	00:00:10:12	-28.035772	1.621812	-1.231289	-27.909360	1.715240	-1.148869	-27.995585	1.692239	-1.082713	-28.011937	1.530398	-1.168487	-28.011026	1.553625	-1.165112	-28.101522	1.551683	-1.080834	-27.871513	1.576734	-1.239941	-27.793647	1.511763	-0.966569	-27.992836	0.737418	-1.671792	-27.430284	1.454449	-0.866169	-28.101792	-0.028639	-2.058649	-27.435050	1.501981	-0.869548	-28.076309	-0.046899	-2.058256	-27.462781	1.475956	-0.819385	-28.107632	-0.027409	-2.059067	-28.130910	1.002606	-1.033207	-28.149353	0.975034	-1.080870	-27.819277	1.005580	-1.223539	-27.872813	0.964929	-1.295701	-28.124920	0.430308	-1.083593	-27.829982	0.469165	-1.249315	-28.123652	-0.040068	-1.004787	-28.147758	-0.048822	-1.060157	-27.786777	-0.043614	-1.199082	-27.860570	-0.043599	-1.252868
733	10.170001	00:00:10:13	-28.030624	1.604452	-1.275249	-27.937100	1.648610	-1.162091	-28.038725	1.706005	-1.088909	-28.011111	1.571630	-1.154567	-27.997606	1.563849	-1.106262	-28.124877	1.505982	-1.081008	-27.869133	1.552901	-1.243519	-27.792094	1.465355	-0.995695	-27.993907	0.716737	-1.631939	-27.468412	1.500102	-0.861452	-28.111049	-0.044744	-2.072414	-27.467599	1.501044	-0.846609	-28.093489	-0.083537	-2.061600	-27.454255	1.500463	-0.862567	-28.078239	-0.020768	-2.039465	-28.122311	0.958506	-1.043706	-28.169829	0.955714	-1.077215	-27.802056	0.985144	-1.224526	-27.849981	0.966009	-1.307474	-28.114153	0.483782	-1.094293	-27.872511	0.464619	-1.219702	-28.108984	-0.025485	-0.998522	-28.156810	-0.059655	-1.052281	-27.816844	-0.039001	-1.198798	-27.856981	-0.073345	-1.215619
734	10.183895	00:00:10:14	-28.064030	1.642403	-1.236776	-27.941720	1.641298	-1.165764	-28.046949	1.669772	-1.125319	-27.979726	1.544579	-1.167560	-27.997345	1.528916	-1.132771	-28.125662	1.521149	-1.100616	-27.898105	1.521706	-1.264239	-27.781067	1.497541	-0.969819	-27.974926	0.758544	-1.648885	-27.452237	1.473147	-0.867216	-28.093930	-0.050106	-2.094872	-27.430745	1.486770	-0.834423	-28.092026	-0.052828	-2.052295	-27.456975	1.464617	-0.852588	-28.108533	-0.036449	-2.060049	-28.110206	0.993074	-1.073762	-28.161138	0.971555	-1.087511	-27.806083	0.969036	-1.211150	-27.840285	0.949615	-1.265920	-28.130945	0.421197	-1.060830	-27.816062	0.446815	-1.238201	-28.112537	-0.044410	-1.033260	-28.162162	-0.049095	-1.071777	-27.836763	-0.064910	-1.206780	-27.831223	-0.049385	-1.285824
735	10.197788	00:00:10:15	-28.029484	1.651327	-1.213851	-27.924702	1.660716	-1.146312	-28.024718	1.646031	-1.092835	-28.017182	1.567390	-1.162604	-27.943470	1.540238	-1.095255	-28.121179	1.542078	-1.060473	-27.885380	1.535859	-1.226295	-27.783457	1.549675	-0.992335	-27.983142	0.764996	-1.637385	-27.435012	1.469533	-0.850071	-28.098952	-0.035689	-2.054190	-27.455121	1.499585	-0.875828	-28.117825	-0.036306	-2.076366	-27.444475	1.473963	-0.886481	-28.067976	-0.038637	-2.052062	-28.105840	0.960209	-1.029091	-28.150601	0.968178	-1.079780	-27.845225	0.989174	-1.257360	-27.857268	0.912985	-1.255919	-28.151296	0.451736	-1.038883	-27.825420	0.474064	-1.234406	-28.122558	-0.067612	-1.021290	-28.159432	-0.046117	-1.074830	-27.826305	-0.039815	-1.191799	-27.849599	-0.031695	-1.264458
736	10.211682	00:00:10:16	-28.060889	1.650494	-1.254266	-27.917477	1.655333	-1.152723	-28.012223	1.689856	-1.097730	-27.986104	1.546206	-1.189126	-27.956033	1.534600	-1.159532	-28.155699	1.522252	-1.106755	-27.886777	1.528666	-1.248032	-27.818161	1.526520	-0.963492	-27.976888	0.739698	-1.640568	-27.457053	1.476213	-0.848852	-28.100591	-0.055616	-2.078303	-27.470708	1.442971	-0.888514	-28.083722	-0.086984	-2.074315	-27.442735	1.503138	-0.871251	-28.095351	-0.037200	-2.078662	-28.139609	0.973838	-1.017489	-28.151559	0.936817	-1.084840	-27.808946	0.996244	-1.235773	-27.845556	0.960853	-1.247848	-28.128200	0.477116	-1.024460	-27.848495	0.443846	-1.227397	-28.137512	-0.017326	-1.025702	-28.180197	-0.041039	-1.062831	-27.841777	-0.075896	-1.173263	-27.872413	-0.027441	-1.238226
737	10.225575	00:00:10:17	-28.044871	1.654678	-1.242910	-27.939907	1.683082	-1.159287	-28.007872	1.689893	-1.096359	-27.981636	1.524551	-1.177706	-28.008171	1.554374	-1.125829	-28.112380	1.527326	-1.107062	-27.874231	1.539847	-1.270993	-27.801585	1.508813	-0.966486	-27.976382	0.774556	-1.686449	-27.449169	1.467749	-0.863351	-28.091373	-0.023457	-2.066721	-27.460397	1.479579	-0.856771	-28.061045	-0.036940	-2.062703	-27.427934	1.507795	-0.828367	-28.107994	-0.042704	-2.061452	-28.155826	0.978057	-1.017626	-28.174213	0.954843	-1.110658	-27.812019	0.949006	-1.207853	-27.875554	0.965957	-1.280185	-28.166149	0.468386	-1.075677	-27.853644	0.463614	-1.229150	-28.123738	-0.062446	-1.012661	-28.153249	-0.069389	-1.068380	-27.820750	-0.056034	-1.202737	-27.840761	-0.075402	-1.230491
738	10.239469	00:00:10:18	-28.018403	1.612697	-1.192904	-27.894795	1.667394	-1.172865	-28.009617	1.650321	-1.107026	-28.000122	1.557950	-1.173598	-27.975661	1.564797	-1.138765	-28.134059	1.530448	-1.093163	-27.851675	1.534542	-1.263430	-27.776317	1.490072	-0.933631	-27.979317	0.733141	-1.654357	-27.434977	1.513949	-0.872553	-28.114001	-0.069246	-2.030056	-27.472050	1.520446	-0.847812	-28.094443	-0.027820	-2.038289	-27.454943	1.484183	-0.835325	-28.109812	-0.073264	-2.056567	-28.148688	0.952157	-1.050327	-28.121831	0.957869	-1.060942	-27.814793	0.955438	-1.187727	-27.860029	0.958459	-1.263631	-28.135183	0.451002	-1.059018	-27.850738	0.460766	-1.212752	-28.136173	-0.093217	-1.009609	-28.178449	-0.045471	-1.088570	-27.809393	-0.037335	-1.185755	-27.866751	-0.086461	-1.241921
739	10.253362	00:00:10:19	-28.047288	1.597944	-1.228537	-27.913264	1.675378	-1.135906	-28.053720	1.666021	-1.064907	-27.998867	1.550289	-1.179723	-27.988426	1.559645	-1.147415	-28.105197	1.564157	-1.104045	-27.874001	1.521622	-1.233829	-27.763586	1.519704	-0.980978	-27.994495	0.749752	-1.634644	-27.469480	1.479584	-0.873377	-28.116467	-0.047336	-2.069414	-27.463020	1.474853	-0.860122	-28.094333	-0.031824	-2.073555	-27.495137	1.485252	-0.840688	-28.107959	-0.031011	-2.060487	-28.120914	0.952919	-1.012142	-28.146300	0.992263	-1.068603	-27.854443	0.959080	-1.203566	-27.833091	0.959209	-1.264220	-28.156403	0.445838	-1.039349	-27.818918	0.448292	-1.246368	-28.137242	-0.031281	-1.043425	-28.142457	-0.059282	-1.075497	-27.811920	-0.033894	-1.207032	-27.855269	-0.065915	-1.247589
740	10.267255	00:00:10:20	-28.022780	1.642956	-1.207840	-27.910059	1.681406	-1.159510	-28.033275	1.675477	-1.073293	-28.003871	1.534656	-1.145760	-27.989404	1.550074	-1.172061	-28.138569	1.525654	-1.108426	-27.858578	1.522599	-1.268609	-27.773027	1.524924	-0.976932	-27.978100	0.741181	-1.639648	-27.406632	1.472119	-0.868222	-28.075459	-0.075477	-2.027153	-27.462449	1.477488	-0.846348	-28.102508	-0.043581	-2.038055	-27.456199	1.474324	-0.833353	-28.128139	-0.045365	-2.045307	-28.123379	1.003527	-1.041097	-28.147704	0.923455	-1.091712	-27.831952	0.971514	-1.195304	-27.829672	0.963290	-1.250475	-28.151572	0.463960	-1.087610	-27.830828	0.449778	-1.239956	-28.127962	-0.046252	-1.024122	-28.157246	-0.098846	-1.068983	-27.839684	-0.041144	-1.173866	-27.861890	-0.071340	-1.231914
741	10.281149	00:00:10:21	-28.024649	1.635450	-1.221347	-27.930474	1.694501	-1.141424	-28.024897	1.673053	-1.081580	-27.968209	1.553534	-1.153430	-27.972964	1.539289	-1.137015	-28.161699	1.567623	-1.106148	-27.879219	1.535870	-1.233196	-27.806467	1.502194	-0.954570	-27.989600	0.768767	-1.629338	-27.465884	1.483761	-0.851552	-28.107881	-0.044676	-2.058468	-27.457338	1.481994	-0.830081	-28.116794	-0.058711	-2.049048	-27.440453	1.460916	-0.828816	-28.110907	-0.027337	-2.067210	-28.121512	0.966673	-1.011762	-28.149503	0.980166	-1.116679	-27.843597	0.965020	-1.222079	-27.827337	0.965291	-1.268206	-28.160985	0.441879	-1.040659	-27.816222	0.456727	-1.241745	-28.098441	-0.056873	-1.049784	-28.166495	-0.047190	-1.060744	-27.805436	-0.049891	-1.184782	-27.844919	-0.053424	-1.227401
742	10.295042	00:00:10:22	-28.048110	1.638479	-1.186273	-27.894319	1.668591	-1.170051	-28.001828	1.685365	-1.086869	-27.981760	1.493242	-1.159154	-27.963814	1.534575	-1.162916	-28.109730	1.565220	-1.061711	-27.859260	1.546597	-1.257533	-27.768171	1.524401	-0.965743	-27.996978	0.741804	-1.607777	-27.453051	1.492061	-0.856036	-28.094382	-0.076181	-2.042617	-27.423615	1.457185	-0.872175	-28.102077	-0.043173	-2.071004	-27.454411	1.474924	-0.839049	-28.085721	-0.032023	-2.019295	-28.096393	0.961116	-1.040160	-28.174875	0.967120	-1.082473	-27.794541	0.972013	-1.208850	-27.853796	0.948091	-1.268650	-28.111432	0.442573	-1.039506	-27.843889	0.453083	-1.239263	-28.130659	-0.052502	-1.051488	-28.149776	-0.056939	-1.055073	-27.825391	-0.081042	-1.193803	-27.853423	-0.080801	-1.240894
743	10.308936	00:00:10:23	-28.037624	1.652203	-1.220800	-27.909495	1.660549	-1.161209	-28.004316	1.654949	-1.071696	-27.985394	1.512869	-1.170202	-27.950087	1.566923	-1.113225	-28.117178	1.537467	-1.114345	-27.881476	1.500433	-1.222790	-27.787178	1.523226	-0.976582	-27.973771	0.776560	-1.662653	-27.451134	1.485757	-0.847773	-28.109441	-0.030273	-2.075286	-27.423837	1.475785	-0.849301	-28.096704	-0.051729	-2.076912	-27.454770	1.510055	-0.851862	-28.094704	-0.063202	-2.075436	-28.129227	0.976986	-1.045947	-28.159175	0.935975	-1.070921	-27.816956	0.941808	-1.206830	-27.865677	0.959654	-1.283283	-28.129352	0.465879	-1.046247	-27.842054	0.450742	-1.230917	-28.100733	-0.047831	-1.001684	-28.175397	-0.076377	-1.053007	-27.815497	-0.051568	-1.175336	-27.850758	-0.059149	-1.260316
744	10.322829	00:00:10:24	-28.026342	1.646271	-1.207495	-27.908549	1.663610	-1.156273	-28.034168	1.683317	-1.105837	-27.977968	1.512170	-1.173246	-27.946153	1.519303	-1.138667	-28.141134	1.520162	-1.091852	-27.888040	1.530198	-1.246142	-27.789163	1.519218	-0.985320	-27.980226	0.757651	-1.660185	-27.469937	1.486737	-0.865864	-28.112416	-0.045615	-2.072331	-27.457896	1.450917	-0.838174	-28.079767	-0.033602	-2.046638	-27.466973	1.447892	-0.836824	-28.113834	-0.042022	-2.059313	-28.138980	0.932108	-1.054817	-28.164633	0.972805	-1.122794	-27.806688	0.989223	-1.240773	-27.829566	0.984225	-1.290235	-28.138170	0.466734	-1.049439	-27.872651	0.451953	-1.232752	-28.115307	-0.065410	-1.025561	-28.121894	-0.058907	-1.061568	-27.846637	-0.067873	-1.175215	-27.830993	-0.055344	-1.287843
745	10.336723	00:00:10:25	-28.022352	1.660800	-1.227807	-27.895765	1.637286	-1.159303	-28.043042	1.665855	-1.088256	-27.996849	1.535536	-1.167020	-27.989029	1.546574	-1.118389	-28.116084	1.554147	-1.095661	-27.866056	1.525971	-1.246544	-27.818832	1.492975	-0.932981	-27.982468	0.744988	-1.658463	-27.504439	1.468436	-0.851950	-28.099224	-0.056221	-2.082648	-27.466508	1.473568	-0.875184	-28.102892	-0.043327	-2.066400	-27.463959	1.482868	-0.863070	-28.074737	-0.061060	-2.069281	-28.117828	0.979699	-1.035868	-28.158163	0.964643	-1.083809	-27.816495	0.994214	-1.218326	-27.890063	0.972241	-1.314225	-28.155908	0.433618	-1.026678	-27.851194	0.458400	-1.203277	-28.135625	-0.037349	-1.013477	-28.171295	-0.073399	-1.054500	-27.820686	-0.034408	-1.195794	-27.829572	-0.087569	-1.239413
746	10.350616	00:00:10:26	-28.052168	1.644390	-1.233564	-27.907703	1.689212	-1.152844	-28.006173	1.705985	-1.071561	-27.989854	1.546461	-1.165892	-27.962873	1.550652	-1.140049	-28.124233	1.539902	-1.104793	-27.867304	1.522169	-1.229969	-27.800779	1.518461	-0.989456	-27.987268	0.735718	-1.689428	-27.433475	1.455867	-0.864923	-28.100993	-0.065114	-2.059730	-27.460986	1.459689	-0.836548	-28.051998	-0.087478	-2.065219	-27.477123	1.475000	-0.842675	-28.097861	-0.043388	-2.038852	-28.139973	0.950188	-1.017701	-28.142024	0.989590	-1.085311	-27.803543	0.939723	-1.211824	-27.863730	0.949485	-1.254019	-28.125505	0.429086	-1.049190	-27.832227	0.468148	-1.218258	-28.125152	-0.045130	-1.021838	-28.154347	-0.088704	-1.054185	-27.834947	-0.051393	-1.206279	-27.856864	-0.052366	-1.238955
747	10.364510	00:00:10:27	-28.031315	1.664425	-1.255257	-27.940652	1.672939	-1.165178	-28.019737	1.675250	-1.085014	-27.989088	1.555656	-1.155191	-28.005372	1.537099	-1.144133	-28.155970	1.582672	-1.089740	-27.852575	1.522081	-1.235907	-27.784007	1.512667	-0.952642	-27.974992	0.760425	-1.634650	-27.472760	1.470679	-0.838238	-28.112095	-0.021669	-2.033086	-27.463529	1.467252	-0.835368	-28.089116	-0.033961	-2.033493	-27.440635	1.447761	-0.874097	-28.076344	-0.044375	-2.082998	-28.095413	0.971734	-1.031437	-28.146025	0.973575	-1.077210	-27.819204	0.986293	-1.233399	-27.865310	0.952041	-1.250854	-28.096962	0.488509	-1.043772	-27.837759	0.455046	-1.204602	-28.122457	-0.045510	-1.020786	-28.169686	-0.077748	-1.092228	-27.784214	-0.053782	-1.184986	-27.840357	-0.064458	-1.254856
748	10.378403	00:00:10:28	-28.063139	1.590233	-1.209738	-27.911893	1.691366	-1.174770	-28.023698	1.673717	-1.096685	-27.994529	1.526073	-1.181866	-27.960797	1.560299	-1.136827	-28.115934	1.550889	-1.123336	-27.864244	1.529727	-1.244183	-27.810799	1.483945	-0.974562	-27.976297	0.776609	-1.680151	-27.476467	1.471295	-0.839870	-28.064780	-0.079168	-2.060244	-27.464050	1.448241	-0.880368	-28.100769	-0.049601	-2.114425	-27.459358	1.451007	-0.856197	-28.114832	-0.019520	-2.043459	-28.132335	0.974902	-1.022971	-28.165241	0.960341	-1.068189	-27.831088	0.973672	-1.204853	-27.861245	0.983102	-1.242610	-28.140728	0.464025	-1.066398	-27.847714	0.461622	-1.255378	-28.097900	-0.069205	-1.012661	-28.143479	-0.045545	-1.068708	-27.820766	-0.045043	-1.211896	-27.842055	-0.011503	-1.241280
749	10.392296	00:00:10:29	-28.026931	1.652243	-1.238852	-27.937614	1.678678	-1.159272	-28.017497	1.668751	-1.080040	-28.012748	1.520832	-1.155627	-27.983674	1.558874	-1.143213	-28.125459	1.523211	-1.095346	-27.861092	1.535477	-1.233080	-27.812302	1.488445	-0.964495	-27.964526	0.757668	-1.649663	-27.457369	1.467744	-0.831352	-28.085602	-0.030370	-2.094419	-27.463212	1.455732	-0.880694	-28.107511	-0.024047	-2.082077	-27.467812	1.471875	-0.855184	-28.081362	-0.043962	-2.095022	-28.146860	0.999052	-1.048722	-28.175626	0.950848	-1.066516	-27.818386	0.983413	-1.221826	-27.861036	0.967656	-1.262178	-28.129202	0.466423	-1.049723	-27.809341	0.429376	-1.232040	-28.120348	-0.069223	-1.048188	-28.149415	-0.050055	-1.059774	-27.822867	-0.051145	-1.236201	-27.843696	-0.076783	-1.255825
750	10.406190	00:00:10:30	-28.038642	1.667181	-1.233724	-27.895119	1.643625	-1.145808	-28.002834	1.688031	-1.090450	-27.998407	1.561563	-1.158728	-27.966328	1.558899	-1.148021	-28.122317	1.521678	-1.064361	-27.841850	1.533332	-1.251482	-27.810157	1.509408	-0.976726	-27.996622	0.719719	-1.612084	-27.439012	1.475400	-0.816562	-28.137221	-0.066302	-2.090977	-27.428567	1.476960	-0.845687	-28.097167	-0.046360	-2.048423	-27.451371	1.458961	-0.874841	-28.093756	-0.071666	-2.099798	-28.137760	0.967388	-1.023215	-28.139699	0.963479	-1.116171	-27.780269	0.983884	-1.238640	-27.863846	0.964126	-1.279235	-28.162796	0.491930	-1.058798	-27.870735	0.465334	-1.222096	-28.130066	-0.067870	-1.022413	-28.134838	-0.034723	-1.087557	-27.814938	-0.037516	-1.196376	-27.834606	-0.105579	-1.261319
751	10.420083	00:00:10:31	-28.012802	1.636448	-1.227503	-27.925374	1.682286	-1.173747	-28.051451	1.654836	-1.123029	-27.970420	1.516278	-1.186694	-27.948018	1.540736	-1.140916	-28.112746	1.526518	-1.108103	-27.893118	1.538275	-1.215780	-27.799609	1.497420	-0.979982	-27.961665	0.742640	-1.643467	-27.454542	1.461294	-0.847131	-28.082564	-0.054419	-2.083069	-27.445773	1.490805	-0.839169	-28.095762	-0.043314	-2.060032	-27.465792	1.430293	-0.856216	-28.075255	-0.045123	-2.049705	-28.124022	0.969847	-1.034618	-28.131060	0.980095	-1.061782	-27.819490	1.001256	-1.230908	-27.882005	0.959537	-1.263543	-28.149171	0.460826	-1.057561	-27.853999	0.447684	-1.218875	-28.123334	-0.067730	-1.015370	-28.164108	-0.079547	-1.055205	-27.846737	-0.079084	-1.191742	-27.842667	-0.051153	-1.257990
752	10.433977	00:00:10:32	-28.026865	1.660495	-1.242548	-27.922661	1.676419	-1.167026	-28.051393	1.687253	-1.076464	-28.003042	1.542818	-1.150601	-27.972808	1.564009	-1.096550	-28.112185	1.556824	-1.085729	-27.862770	1.557432	-1.243192	-27.791758	1.489285	-0.994785	-28.010621	0.769618	-1.632359	-27.459514	1.465902	-0.864943	-28.079695	-0.046115	-2.091999	-27.438594	1.446589	-0.844552	-28.088073	-0.027957	-2.086403	-27.453638	1.473238	-0.868692	-28.125326	-0.084757	-2.032684	-28.146271	0.947152	-1.027899	-28.147563	0.949430	-1.070340	-27.839321	1.010477	-1.240833	-27.860725	0.971344	-1.291089	-28.160447	0.449814	-1.037166	-27.831275	0.438863	-1.231322	-28.108963	-0.029555	-1.028330	-28.113318	-0.083752	-1.043380	-27.819931	-0.058839	-1.185520	-27.815896	-0.058871	-1.254175
753	10.447870	00:00:10:33	-28.028708	1.635335	-1.209905	-27.914214	1.690457	-1.160934	-28.023872	1.682340	-1.126126	-28.017099	1.533014	-1.148680	-27.954480	1.560398	-1.131923	-28.128333	1.563328	-1.115050	-27.867065	1.563335	-1.237473	-27.787703	1.479580	-0.937670	-28.018246	0.720809	-1.681583	-27.469771	1.488381	-0.872005	-28.119912	-0.046288	-2.071217	-27.412720	1.473873	-0.868123	-28.096406	-0.068430	-2.080741	-27.447079	1.469265	-0.836103	-28.091523	-0.072403	-2.080844	-28.128153	0.964149	-1.052315	-28.145482	0.970681	-1.047106	-27.797461	0.970035	-1.214735	-27.855248	0.943863	-1.268552	-28.201563	0.468640	-1.023769	-27.843266	0.452063	-1.227214	-28.176346	-0.066549	-0.977027	-28.176561	-0.074110	-1.058767	-27.794267	-0.036567	-1.216111	-27.829957	-0.041371	-1.247012
754	10.461764	00:00:10:34	-28.062925	1.625396	-1.265917	-27.950517	1.661242	-1.165045	-28.008644	1.662176	-1.119053	-28.009812	1.546376	-1.170866	-27.979685	1.540800	-1.138142	-28.123624	1.511425	-1.091650	-27.882415	1.559208	-1.269214	-27.790117	1.513834	-0.989006	-27.974133	0.729102	-1.655838	-27.455389	1.480436	-0.859651	-28.094671	-0.067155	-2.072423	-27.473235	1.468606	-0.850292	-28.108364	-0.084134	-2.063081	-27.448481	1.452361	-0.867641	-28.082953	-0.024175	-2.059855	-28.107465	0.958262	-1.060837	-28.181958	0.972162	-1.067271	-27.807698	0.990234	-1.216323	-27.851715	0.979109	-1.259232	-28.139128	0.447527	-1.055379	-27.823634	0.467069	-1.231182	-28.122312	-0.037305	-0.989260	-28.149281	-0.074222	-1.078668	-27.810840	-0.050179	-1.184749	-27.862352	-0.071006	-1.283285
755	10.475657	00:00:10:35	-28.033728	1.626973	-1.247299	-27.938405	1.674914	-1.165221	-28.033005	1.674599	-1.106298	-28.025511	1.566861	-1.165694	-28.008711	1.520474	-1.156105	-28.141503	1.551134	-1.099974	-27.899042	1.571491	-1.261676	-27.839957	1.509462	-0.975195	-28.005418	0.760403	-1.650318	-27.472117	1.509664	-0.841583	-28.099698	-0.073316	-2.050270	-27.424219	1.477644	-0.844122	-28.101998	-0.058276	-2.055247	-27.453912	1.484043	-0.804190	-28.089873	-0.065822	-2.061304	-28.113747	0.943759	-1.037735	-28.115228	0.997015	-1.102374	-27.814016	0.960551	-1.203689	-27.842789	0.974145	-1.286265	-28.135226	0.439856	-1.037557	-27.830410	0.475941	-1.256168	-28.125224	-0.048315	-1.011861	-28.184417	-0.092567	-1.066291	-27.827604	-0.064257	-1.205137	-27.857907	-0.052985	-1.249545
756	10.489551	00:00:10:36	-28.024729	1.668659	-1.254934	-27.908237	1.657869	-1.156270	-27.969013	1.662868	-1.098967	-27.984546	1.523495	-1.139312	-27.966240	1.523736	-1.109646	-28.127984	1.573502	-1.086550	-27.898389	1.552578	-1.230374	-27.800206	1.493346	-0.991039	-27.967649	0.742575	-1.641925	-27.473784	1.474962	-0.853469	-28.091811	-0.053125	-2.094678	-27.446126	1.445370	-0.868907	-28.109030	-0.054209	-2.088466	-27.446896	1.467096	-0.846626	-28.093980	-0.040236	-2.078595	-28.097177	0.966857	-1.055217	-28.131760	0.986194	-1.088842	-27.837747	0.960937	-1.249104	-27.829496	0.958925	-1.229025	-28.124607	0.484456	-1.027601	-27.827115	0.440780	-1.222015	-28.152406	-0.070845	-0.980770	-28.168355	-0.064001	-1.061592	-27.822949	-0.021303	-1.197550	-27.857795	-0.049818	-1.266542
757	10.503444	00:00:10:37	-28.022200	1.629541	-1.228178	-27.889559	1.668460	-1.148237	-28.008421	1.674154	-1.091894	-27.983459	1.520748	-1.184363	-27.994341	1.563732	-1.132747	-28.107580	1.555857	-1.113316	-27.888259	1.528890	-1.255455	-27.776989	1.485504	-0.989604	-27.977834	0.783865	-1.653017	-27.437648	1.464771	-0.872597	-28.061977	-0.046857	-2.070436	-27.435725	1.460237	-0.847946	-28.057213	-0.016649	-2.058702	-27.466703	1.432138	-0.874250	-28.130744	-0.046040	-2.054485	-28.131132	0.981857	-1.006125	-28.143516	0.933571	-1.068081	-27.828520	0.950318	-1.231677	-27.870175	0.959871	-1.257370	-28.171625	0.451857	-1.023556	-27.869521	0.465779	-1.218131	-28.121632	-0.049789	-1.022827	-28.168757	-0.091387	-1.070693	-27.829099	-0.048698	-1.216941	-27.845675	-0.062202	-1.208612
758	10.517337	00:00:10:38	-28.038143	1.649228	-1.225463	-27.923534	1.679425	-1.139394	-28.052665	1.670692	-1.068214	-27.993235	1.553921	-1.153010	-27.972889	1.579096	-1.115206	-28.097865	1.532576	-1.081170	-27.894725	1.582150	-1.255815	-27.809334	1.502192	-0.994256	-27.973752	0.758254	-1.663294	-27.463012	1.476005	-0.862445	-28.085378	-0.063779	-2.069959	-27.490732	1.467691	-0.855664	-28.103186	-0.039365	-2.069699	-27.464855	1.464330	-0.877396	-28.066784	-0.061507	-2.023262	-28.100044	0.956013	-1.036284	-28.123379	0.951030	-1.080240	-27.799667	1.002158	-1.268595	-27.877942	0.970404	-1.301631	-28.158175	0.463830	-1.026845	-27.828832	0.435292	-1.239858	-28.158387	-0.053070	-1.011020	-28.152846	-0.082368	-1.060870	-27.796151	-0.044688	-1.217905	-27.837541	-0.025632	-1.249846
759	10.531231	00:00:10:39	-28.009157	1.616790	-1.245964	-27.933431	1.709709	-1.162671	-28.038685	1.641012	-1.108606	-27.997598	1.564094	-1.184343	-27.982633	1.518624	-1.150320	-28.112659	1.555125	-1.113806	-27.868297	1.585561	-1.266264	-27.799846	1.481086	-0.985201	-27.984152	0.745765	-1.661486	-27.468833	1.461855	-0.859757	-28.083876	-0.043088	-2.090998	-27.462914	1.439999	-0.848399	-28.095851	-0.043481	-2.070725	-27.450432	1.434517	-0.841365	-28.107844	-0.033867	-2.018288	-28.121255	0.945655	-1.019912	-28.112200	0.986738	-1.119891	-27.837214	0.980124	-1.216019	-27.842198	0.954613	-1.261881	-28.143232	0.438686	-1.062202	-27.848576	0.450656	-1.227602	-28.150399	-0.041867	-1.012972	-28.173914	-0.075000	-1.040245	-27.795938	-0.060188	-1.176051	-27.850278	-0.061662	-1.257545
760	10.545124	00:00:10:40	-28.037192	1.609610	-1.237455	-27.917603	1.654181	-1.177665	-28.007853	1.678368	-1.093332	-28.031121	1.551621	-1.193072	-27.992302	1.556181	-1.125111	-28.140608	1.528329	-1.089336	-27.857000	1.581876	-1.235212	-27.780912	1.523659	-0.950570	-27.972216	0.765665	-1.667305	-27.480116	1.473337	-0.829459	-28.137755	-0.038672	-2.060293	-27.462871	1.462436	-0.889011	-28.048663	-0.028517	-2.074471	-27.431381	1.462122	-0.846716	-28.086028	-0.052313	-2.082437	-28.112781	0.976043	-1.033689	-28.163763	0.969224	-1.089494	-27.801736	0.947915	-1.234695	-27.858896	0.941515	-1.268844	-28.161890	0.449574	-1.038555	-27.837925	0.439296	-1.229513	-28.145557	-0.040253	-1.016769	-28.182167	-0.067636	-1.108007	-27.813868	-0.050707	-1.180589	-27.829092	-0.071258	-1.214856
761	10.559018	00:00:10:41	-28.047597	1.624987	-1.206976	-27.940010	1.677793	-1.133095	-28.004978	1.656686	-1.082080	-28.010019	1.550751	-1.147570	-27.980592	1.536464	-1.150021	-28.108480	1.551292	-1.112475	-27.879747	1.514287	-1.234691	-27.783681	1.493302	-0.974812	-28.012794	0.745226	-1.682479	-27.439280	1.466017	-0.809509	-28.092143	-0.020326	-2.093940	-27.430723	1.478338	-0.859993	-28.085319	-0.048012	-2.078994	-27.469620	1.466972	-0.832525	-28.110077	-0.059548	-2.040468	-28.122396	0.959727	-1.000016	-28.139705	0.937808	-1.072260	-27.790608	1.012744	-1.225118	-27.878005	0.932958	-1.288851	-28.137200	0.445474	-1.042618	-27.814506	0.458124	-1.213900	-28.125740	-0.032298	-1.007841	-28.164133	-0.062639	-1.083325	-27.825109	-0.033959	-1.180392	-27.856306	-0.053245	-1.269595
762	10.572911	00:00:10:42	-28.045906	1.629907	-1.242974	-27.921986	1.668727	-1.153177	-28.005549	1.661549	-1.110658	-27.994265	1.526248	-1.164331	-27.989037	1.544850	-1.114057	-28.124893	1.511104	-1.118803	-27.860126	1.521169	-1.259951	-27.810534	1.515662	-0.970272	-28.000527	0.719157	-1.683114	-27.478555	1.478198	-0.861422	-28.113991	-0.066086	-2.057545	-27.445222	1.474727	-0.836713	-28.087491	-0.039199	-2.048399	-27.448391	1.460679	-0.860973	-28.101613	-0.066225	-2.025161	-28.130426	0.978830	-1.049220	-28.167339	0.969814	-1.097423	-27.834443	0.982956	-1.178725	-27.855719	0.929938	-1.272398	-28.128723	0.463460	-1.044287	-27.838375	0.467862	-1.239053	-28.116534	-0.074466	-1.005800	-28.128920	-0.053888	-1.083301	-27.838758	-0.045449	-1.194570	-27.857452	-0.096821	-1.233285
763	10.586805	00:00:10:43	-28.020755	1.661603	-1.234808	-27.922056	1.681052	-1.161461	-28.026956	1.655600	-1.118958	-28.007276	1.567546	-1.172662	-27.992706	1.557160	-1.129270	-28.156756	1.551708	-1.080058	-27.893181	1.540774	-1.267020	-27.804175	1.511151	-0.974673	-27.936674	0.773846	-1.639835	-27.442169	1.472544	-0.863613	-28.091136	-0.058890	-2.083628	-27.462624	1.455781	-0.882677	-28.105704	-0.041030	-2.044973	-27.464794	1.449302	-0.858204	-28.072954	-0.058938	-2.069833	-28.107064	0.978382	-1.058834	-28.192502	0.960492	-1.106187	-27.821657	0.940116	-1.197335	-27.838493	0.948332	-1.242459	-28.146441	0.465032	-1.054832	-27.846333	0.469426	-1.259140	-28.109084	-0.045451	-1.020177	-28.137879	-0.038024	-1.048526	-27.836657	-0.081725	-1.206129	-27.858442	-0.049030	-1.260361
764	10.600698	00:00:10:44	-28.027445	1.662321	-1.236567	-27.907252	1.688042	-1.151927	-28.018886	1.652640	-1.073010	-27.971289	1.518698	-1.166630	-27.974202	1.551837	-1.147698	-28.105319	1.551403	-1.085530	-27.869359	1.563485	-1.227948	-27.785404	1.518780	-0.971305	-27.962895	0.739022	-1.628662	-27.479473	1.432300	-0.876434	-28.080114	-0.048396	-2.062517	-27.462970	1.480448	-0.855424	-28.118376	-0.036274	-2.071726	-27.450191	1.460307	-0.835582	-28.110149	-0.046913	-2.042261	-28.105663	0.988114	-1.030644	-28.189056	0.958293	-1.082053	-27.829922	0.943501	-1.217665	-27.842242	0.945943	-1.237986	-28.099390	0.467468	-1.057164	-27.815074	0.468089	-1.258808	-28.110281	-0.059307	-1.039131	-28.167523	-0.061493	-1.069439	-27.796791	-0.077703	-1.227000	-27.834681	-0.062599	-1.276235
765	10.614592	00:00:10:45	-28.027512	1.621089	-1.243725	-27.911128	1.666763	-1.143020	-28.003669	1.670053	-1.082276	-28.053708	1.538495	-1.198614	-27.997709	1.529381	-1.119675	-28.120492	1.525278	-1.095051	-27.879809	1.536718	-1.260683	-27.786780	1.520627	-0.988202	-27.971565	0.732925	-1.657142	-27.462985	1.446540	-0.859721	-28.092658	-0.043513	-2.018073	-27.451414	1.479357	-0.822509	-28.113141	-0.061469	-2.017356	-27.434386	1.458245	-0.819874	-28.085568	-0.038385	-2.065407	-28.099985	0.994627	-1.033276	-28.168191	0.957565	-1.085631	-27.818604	0.967260	-1.233816	-27.853048	0.950380	-1.254519	-28.147439	0.453761	-1.019648	-27.829355	0.469764	-1.218506	-28.127445	-0.050288	-1.023403	-28.172607	-0.065211	-1.057823	-27.850589	-0.036749	-1.188808	-27.879000	-0.069174	-1.285342
766	10.628485	00:00:10:46	-28.098787	1.628449	-1.249262	-27.899645	1.673913	-1.164691	-27.994338	1.689597	-1.063518	-28.014040	1.531339	-1.184685	-27.983816	1.548428	-1.132194	-28.133702	1.564673	-1.046976	-27.837899	1.536025	-1.252519	-27.840044	1.485643	-0.973536	-27.978493	0.739184	-1.617896	-27.458297	1.483523	-0.873601	-28.067585	-0.047635	-2.032413	-27.463048	1.487807	-0.858529	-28.103437	-0.017922	-2.040716	-27.454999	1.446623	-0.858681	-28.086205	-0.058459	-2.033833	-28.144623	1.012724	-1.063230	-28.131080	0.985601	-1.088973	-27.811520	0.986386	-1.199787	-27.834222	0.938510	-1.258486	-28.150296	0.457850	-1.051963	-27.828715	0.448726	-1.258813	-28.123005	-0.081795	-1.014183	-28.161717	-0.055891	-1.061071	-27.805834	-0.061267	-1.202857	-27.863558	-0.091463	-1.239475
767	10.642378	00:00:10:47	-28.037659	1.631579	-1.221573	-27.911194	1.644125	-1.145566	-28.013066	1.639407	-1.087275	-27.972099	1.545403	-1.167775	-27.979971	1.562214	-1.139941	-28.130760	1.566172	-1.089224	-27.889329	1.529638	-1.250665	-27.759362	1.493550	-0.959196	-27.988707	0.760869	-1.653915	-27.482070	1.447906	-0.854538	-28.072153	-0.042134	-2.064218	-27.451443	1.479079	-0.856749	-28.112377	-0.047240	-2.058533	-27.459879	1.441232	-0.864413	-28.109298	-0.058515	-2.050549	-28.170296	0.994902	-1.023757	-28.166339	0.959886	-1.074259	-27.848985	0.942879	-1.242559	-27.821759	0.966238	-1.283751	-28.120357	0.453233	-1.061125	-27.853906	0.477595	-1.241613	-28.119606	-0.059225	-1.049588	-28.137688	-0.091276	-1.064721	-27.809719	-0.031361	-1.187698	-27.846316	-0.077554	-1.248262
768	10.656272	00:00:10:48	-28.033118	1.621716	-1.227074	-27.944449	1.667929	-1.157130	-28.009071	1.686339	-1.067071	-27.984075	1.531394	-1.195790	-27.997266	1.584756	-1.140812	-28.099305	1.554151	-1.084236	-27.820157	1.514052	-1.277958	-27.790878	1.518857	-0.956304	-27.983434	0.728386	-1.665030	-27.435947	1.458826	-0.880244	-28.132625	-0.046806	-2.086526	-27.479112	1.480614	-0.852787	-28.080779	-0.052807	-2.060617	-27.457846	1.463378	-0.865481	-28.100447	-0.043850	-2.097126	-28.103009	0.974210	-1.024417	-28.153100	0.964651	-1.122786	-27.817548	1.007397	-1.236105	-27.839582	0.959509	-1.288814	-28.134724	0.459122	-1.031887	-27.860888	0.461447	-1.240039	-28.115534	-0.042901	-1.005365	-28.162624	-0.079034	-1.073914	-27.835684	-0.049106	-1.184493	-27.836636	-0.062928	-1.253036
769	10.670165	00:00:10:49	-28.048298	1.659810	-1.225163	-27.914140	1.650250	-1.151031	-28.032201	1.658079	-1.108710	-27.991618	1.519194	-1.182484	-27.990719	1.548381	-1.127290	-28.134973	1.533548	-1.078698	-27.864889	1.570673	-1.288413	-27.755541	1.526001	-0.990862	-27.991439	0.719809	-1.679183	-27.464909	1.466762	-0.813939	-28.112989	-0.024977	-2.056366	-27.458066	1.484125	-0.872724	-28.093817	-0.055810	-2.058322	-27.462457	1.457289	-0.853634	-28.057457	-0.048324	-2.044974	-28.098826	0.963875	-1.043204	-28.158411	0.959990	-1.097278	-27.836685	0.964432	-1.217189	-27.843000	0.951676	-1.274832	-28.120876	0.446849	-1.036477	-27.800347	0.419715	-1.229666	-28.124449	-0.070169	-1.036958	-28.158390	-0.090790	-1.081553	-27.815955	-0.033951	-1.214993	-27.842594	-0.029630	-1.217034
770	10.684059	00:00:10:50	-28.029370	1.630340	-1.205845	-27.934755	1.656417	-1.155991	-28.043524	1.676438	-1.080343	-28.010419	1.537325	-1.166684	-27.976166	1.550753	-1.126519	-28.144639	1.501543	-1.085984	-27.850808	1.541886	-1.260279	-27.807426	1.506990	-0.966956	-27.979189	0.732511	-1.655720	-27.484155	1.455230	-0.871609	-28.108216	-0.020595	-2.061854	-27.433506	1.483859	-0.848031	-28.065906	-0.060985	-2.073002	-27.459112	1.471318	-0.900295	-28.054208	-0.043078	-2.005564	-28.119043	0.985239	-1.031858	-28.180955	0.966798	-1.092280	-27.843437	0.975047	-1.222094	-27.874377	0.966590	-1.266012	-28.132777	0.458900	-1.051401	-27.820984	0.477266	-1.235249	-28.128820	-0.063568	-1.028791	-28.166154	-0.035418	-1.046199	-27.818038	-0.053487	-1.210660	-27.829969	-0.066441	-1.226111
771	10.697952	00:00:10:51	-28.011789	1.630458	-1.229913	-27.923282	1.652709	-1.186149	-27.993057	1.639380	-1.120422	-28.012797	1.567125	-1.183755	-27.979558	1.556676	-1.129996	-28.127431	1.557726	-1.068992	-27.851986	1.549616	-1.272514	-27.794430	1.482154	-0.972432	-27.986023	0.760355	-1.657923	-27.475484	1.490092	-0.874659	-28.090235	-0.049858	-2.064713	-27.443845	1.470901	-0.838143	-28.089473	-0.045866	-2.070168	-27.433386	1.478127	-0.864629	-28.109814	-0.063811	-2.073580	-28.141942	0.989250	-1.059243	-28.109639	0.938278	-1.092094	-27.844460	0.967230	-1.180869	-27.857058	0.977557	-1.249528	-28.132977	0.466270	-1.040856	-27.851214	0.477695	-1.227557	-28.131909	-0.057092	-1.032409	-28.188932	-0.068666	-1.037719	-27.822415	-0.041991	-1.220760	-27.838431	-0.084378	-1.244141
772	10.711846	00:00:10:52	-28.028064	1.622354	-1.252580	-27.940772	1.685468	-1.179002	-27.995725	1.689328	-1.096650	-27.983583	1.544539	-1.141647	-28.019647	1.543150	-1.124436	-28.112320	1.579761	-1.094852	-27.896446	1.533495	-1.281585	-27.795355	1.496487	-0.951975	-27.985562	0.776249	-1.699416	-27.494806	1.434668	-0.856919	-28.095163	-0.053868	-2.061454	-27.483472	1.455306	-0.845164	-28.102545	-0.035526	-2.062310	-27.485665	1.470678	-0.853830	-28.070839	-0.065968	-2.054659	-28.104987	0.972337	-1.031280	-28.173225	0.984734	-1.091737	-27.809094	0.973663	-1.214253	-27.848515	0.953789	-1.250214	-28.124265	0.466663	-1.050212	-27.819138	0.459491	-1.238958	-28.114388	-0.062459	-1.004814	-28.161590	-0.061530	-1.055774	-27.834463	-0.035592	-1.210625	-27.825915	-0.054313	-1.226722
773	10.725739	00:00:10:53	-28.012247	1.658897	-1.217358	-27.916217	1.663969	-1.167355	-28.037054	1.655005	-1.086822	-27.999830	1.534712	-1.174242	-27.998720	1.548782	-1.143824	-28.147539	1.556029	-1.062207	-27.846723	1.526910	-1.283510	-27.792217	1.480200	-0.980770	-27.988873	0.783289	-1.665275	-27.456179	1.441521	-0.852880	-28.085393	-0.095509	-2.090802	-27.455678	1.472803	-0.813385	-28.068727	-0.045231	-2.067848	-27.473764	1.469826	-0.817623	-28.105132	-0.048688	-2.048147	-28.145422	0.979369	-1.034514	-28.169599	0.939323	-1.093242	-27.832364	0.968237	-1.208906	-27.848571	0.978024	-1.264341	-28.143545	0.438567	-1.060243	-27.820205	0.444551	-1.220787	-28.157402	-0.063095	-1.041209	-28.165000	-0.018468	-1.047692	-27.790311	-0.030450	-1.223150	-27.829384	-0.056090	-1.236239
774	10.739633	00:00:10:54	-28.050670	1.639907	-1.237378	-27.930339	1.658434	-1.166257	-28.032230	1.651549	-1.091819	-27.994130	1.520575	-1.171316	-27.975835	1.549610	-1.152828	-28.125471	1.544098	-1.132867	-27.872047	1.538230	-1.219779	-27.796100	1.485335	-0.974056	-27.991231	0.771551	-1.657871	-27.461310	1.458871	-0.830665	-28.105490	-0.064949	-2.037914	-27.463528	1.461920	-0.854112	-28.054522	-0.028047	-2.065814	-27.437855	1.460568	-0.883650	-28.050250	-0.040545	-2.068301	-28.134803	0.967344	-1.039104	-28.166529	0.958449	-1.095200	-27.783595	0.964642	-1.198197	-27.848932	0.977565	-1.294839	-28.134197	0.464690	-1.049489	-27.791901	0.464548	-1.231144	-28.100274	-0.048820	-0.985288	-28.113682	-0.056082	-1.070221	-27.803135	-0.073166	-1.193715	-27.881406	-0.070779	-1.258845
775	10.753526	00:00:10:55	-28.059214	1.657680	-1.229037	-27.928088	1.673972	-1.196777	-28.035008	1.671028	-1.091917	-27.988671	1.521542	-1.167742	-27.954201	1.537630	-1.131671	-28.145651	1.517320	-1.086369	-27.862833	1.559531	-1.267334	-27.789289	1.515441	-0.947976	-28.006900	0.730587	-1.666475	-27.466772	1.460226	-0.833324	-28.071675	-0.070362	-2.054859	-27.482278	1.471225	-0.857124	-28.121338	-0.042841	-2.060920	-27.442058	1.459876	-0.847181	-28.075226	-0.066144	-2.069297	-28.122176	0.980120	-1.041426	-28.117665	0.958494	-1.087388	-27.816766	1.010401	-1.234182	-27.843590	0.951814	-1.285781	-28.130722	0.469357	-1.042049	-27.825405	0.470601	-1.251977	-28.115553	-0.044693	-0.996810	-28.149185	-0.040282	-1.099306	-27.825793	-0.033032	-1.207640	-27.841899	-0.027302	-1.235027
776	10.767419	00:00:10:56	-28.038899	1.633118	-1.224997	-27.907138	1.655464	-1.131461	-28.028536	1.687172	-1.102628	-27.993357	1.553507	-1.157200	-27.960172	1.580019	-1.114503	-28.120970	1.518591	-1.099764	-27.874039	1.535946	-1.222419	-27.780411	1.495020	-1.021621	-27.983750	0.737517	-1.649924	-27.463677	1.465625	-0.852221	-28.092027	-0.056308	-2.055966	-27.449161	1.447676	-0.857569	-28.091756	-0.072107	-2.070230	-27.475933	1.439960	-0.820884	-28.120413	-0.035460	-2.080197	-28.109472	0.961719	-1.031313	-28.173362	0.975222	-1.085119	-27.779664	0.994414	-1.252435	-27.840905	0.980382	-1.264351	-28.154364	0.434823	-1.046259	-27.843820	0.500297	-1.188094	-28.101196	-0.076693	-1.033327	-28.142455	-0.052379	-1.093337	-27.804621	-0.057846	-1.200746	-27.837623	-0.068630	-1.230144
777	10.781313	00:00:10:57	-28.027653	1.629108	-1.227540	-27.923113	1.673264	-1.166378	-28.034527	1.649077	-1.113909	-27.994905	1.545334	-1.144285	-27.976639	1.548996	-1.143993	-28.113746	1.515283	-1.107754	-27.865228	1.546285	-1.241406	-27.761434	1.500573	-0.954404	-27.997584	0.748097	-1.651826	-27.437555	1.436580	-0.865701	-28.112522	-0.019613	-2.043047	-27.466044	1.420356	-0.853300	-28.111335	-0.003972	-2.095791	-27.434309	1.452563	-0.850413	-28.074032	-0.046028	-2.063156	-28.107465	0.982073	-1.037428	-28.143336	0.970341	-1.095309	-27.824482	0.949445	-1.200552	-27.887992	0.936713	-1.279017	-28.133523	0.443802	-1.083791	-27.834518	0.440232	-1.231561	-28.130647	-0.067297	-1.003299	-28.150483	-0.064346	-1.052096	-27.851391	-0.030825	-1.219782	-27.867874	-0.058787	-1.275886
778	10.795206	00:00:10:58	-28.025340	1.635023	-1.243565	-27.909625	1.682424	-1.174647	-27.993838	1.699364	-1.121347	-28.037002	1.550986	-1.136188	-27.970402	1.528082	-1.143043	-28.140094	1.557285	-1.110037	-27.894262	1.559766	-1.265925	-27.801938	1.475619	-0.970295	-27.962392	0.787371	-1.651690	-27.482736	1.459841	-0.846544	-28.086805	-0.051805	-2.047288	-27.506274	1.442523	-0.834638	-28.100111	-0.050256	-2.070968	-27.440240	1.461251	-0.858333	-28.091086	-0.034885	-2.042934	-28.153645	1.006532	-1.034043	-28.160499	0.984154	-1.102674	-27.817747	0.956985	-1.197969	-27.858850	0.947430	-1.255486	-28.146470	0.466674	-1.075400	-27.836410	0.465164	-1.230886	-28.107917	-0.049310	-1.034806	-28.170699	-0.069241	-1.065935	-27.843766	-0.026450	-1.182520	-27.835606	-0.058895	-1.267355
779	10.809100	00:00:10:59	-28.026706	1.640449	-1.221639	-27.878133	1.661577	-1.145907	-28.039530	1.676403	-1.097244	-28.001836	1.553005	-1.180033	-27.989689	1.555936	-1.150261	-28.092373	1.553257	-1.115101	-27.846380	1.525469	-1.213278	-27.793762	1.514352	-0.988449	-28.006008	0.753869	-1.656322	-27.453326	1.471579	-0.847254	-28.093292	-0.052971	-2.085104	-27.459726	1.474972	-0.862182	-28.104015	-0.058785	-2.038499	-27.476216	1.455902	-0.865679	-28.082876	-0.026269	-2.068436	-28.102568	0.970845	-1.063704	-28.160933	0.944996	-1.063257	-27.802515	0.995795	-1.243865	-27.836387	0.971239	-1.300773	-28.152373	0.416571	-1.040614	-27.853131	0.457256	-1.237546	-28.122514	-0.050578	-1.006227	-28.135811	-0.072257	-1.070774	-27.788144	-0.063647	-1.183571	-27.857169	-0.032659	-1.276381
780	10.822993	00:00:10:60	-28.036313	1.638265	-1.221151	-27.922543	1.651621	-1.156681	-28.015733	1.675451	-1.109524	-28.000193	1.528293	-1.165080	-27.980873	1.573903	-1.130165	-28.119404	1.529096	-1.106155	-27.852223	1.541311	-1.264757	-27.789752	1.501694	-0.990072	-27.967105	0.728898	-1.649005	-27.450348	1.464594	-0.858095	-28.120958	-0.047159	-2.044880	-27.469087	1.441089	-0.835608	-28.084040	-0.038791	-2.049428	-27.455797	1.423973	-0.835852	-28.090880	-0.048935	-2.030522	-28.114275	1.003867	-1.016111	-28.139085	0.947701	-1.078536	-27.810736	0.971576	-1.207570	-27.870302	0.956706	-1.248105	-28.109334	0.428212	-1.022978	-27.833171	0.451323	-1.229064	-28.147457	-0.026164	-0.992746	-28.174952	-0.064824	-1.093301	-27.849718	-0.046555	-1.205360	-27.844242	-0.067480	-1.245881
781	10.836887	00:00:10:61	-28.043048	1.618436	-1.212833	-27.900084	1.674669	-1.157809	-28.027568	1.667813	-1.120624	-28.018185	1.551450	-1.178702	-27.951673	1.539006	-1.123238	-28.120350	1.515840	-1.085258	-27.892970	1.562053	-1.269825	-27.799064	1.490996	-0.988382	-27.982082	0.729962	-1.637471	-27.469066	1.471330	-0.838755	-28.092472	-0.052024	-2.070190	-27.473812	1.479035	-0.861750	-28.079234	-0.046360	-2.077501	-27.473795	1.453374	-0.852250	-28.100919	-0.037829	-2.033948	-28.107392	0.985259	-1.014958	-28.110693	0.952879	-1.115172	-27.819351	0.948223	-1.245548	-27.831142	0.969424	-1.246888	-28.151229	0.459070	-1.077839	-27.855692	0.449170	-1.242344	-28.092666	-0.061177	-1.020176	-28.137454	-0.046213	-1.073071	-27.824552	-0.065652	-1.194285	-27.842598	-0.044742	-1.293496
782	10.850780	00:00:10:62	-28.048532	1.645975	-1.237387	-27.905676	1.653094	-1.182956	-28.042230	1.679919	-1.089624	-27.981179	1.532946	-1.164964	-27.970701	1.537733	-1.146404	-28.114707	1.546534	-1.106904	-27.863507	1.548165	-1.227328	-27.794756	1.515156	-0.986214	-28.004200	0.775574	-1.701794	-27.478598	1.415746	-0.859255	-28.110954	-0.053224	-2.080748	-27.466111	1.461101	-0.852231	-28.067760	-0.039913	-2.068212	-27.455090	1.461652	-0.835761	-28.102189	-0.063791	-2.057658	-28.124214	0.998273	-1.025310	-28.128483	0.964525	-1.124478	-27.819430	0.997336	-1.205282	-27.859390	0.969966	-1.273689	-28.139820	0.483546	-1.062850	-27.834839	0.471949	-1.244621	-28.131061	-0.042893	-1.038371	-28.172300	-0.060371	-1.076574	-27.819685	-0.048957	-1.206035	-27.817819	-0.059226	-1.254030
783	10.864674	00:00:10:63	-28.069203	1.628926	-1.278849	-27.923747	1.677741	-1.143428	-28.044134	1.677246	-1.062578	-28.011118	1.535078	-1.175096	-27.942438	1.526732	-1.136805	-28.134623	1.520413	-1.069328	-27.854804	1.549412	-1.254963	-27.802971	1.497242	-0.970024	-27.983363	0.744592	-1.651508	-27.451992	1.488959	-0.855059	-28.090282	-0.062361	-2.061198	-27.460727	1.467621	-0.841496	-28.074532	-0.069932	-2.044500	-27.455214	1.468998	-0.841620	-28.097665	-0.054138	-2.058855	-28.125463	0.980199	-1.035193	-28.160181	1.025151	-1.100952	-27.801779	0.988154	-1.214829	-27.845896	0.947227	-1.277625	-28.160907	0.459113	-1.039109	-27.789953	0.451221	-1.239761	-28.095602	-0.078647	-1.039079	-28.142954	-0.085516	-1.027944	-27.796927	-0.072028	-1.214146	-27.846818	-0.059548	-1.244957
784	10.878567	00:00:10:64	-28.051596	1.652707	-1.228615	-27.910041	1.630251	-1.188247	-28.018119	1.659568	-1.115588	-27.979828	1.541218	-1.184238	-27.962161	1.545248	-1.139157	-28.118840	1.556205	-1.110023	-27.859846	1.534064	-1.262817	-27.795843	1.526302	-0.985722	-28.006496	0.742662	-1.642653	-27.461333	1.464403	-0.889404	-28.096524	-0.065598	-2.057072	-27.479318	1.444795	-0.859894	-28.091174	-0.029004	-2.074556	-27.450919	1.478193	-0.870674	-28.070759	-0.039870	-2.077812	-28.139627	0.977344	-1.023875	-28.208901	0.952011	-1.083617	-27.817503	0.974496	-1.192507	-27.862847	0.988826	-1.268036	-28.153710	0.474659	-1.059724	-27.821363	0.463586	-1.243799	-28.124937	-0.040405	-1.025881	-28.182226	-0.069375	-1.096268	-27.830700	-0.063306	-1.210564	-27.852474	-0.048535	-1.231479
785	10.892460	00:00:10:65	-28.073540	1.633534	-1.223441	-27.916324	1.690914	-1.151031	-28.050709	1.684206	-1.070424	-28.001465	1.535686	-1.164541	-27.987400	1.563529	-1.140412	-28.127701	1.549594	-1.102243	-27.866357	1.542576	-1.239507	-27.806752	1.509381	-0.980874	-28.004842	0.720302	-1.702630	-27.459282	1.422500	-0.853533	-28.096412	-0.053040	-2.070190	-27.466000	1.460872	-0.872119	-28.093743	-0.050093	-2.067987	-27.428727	1.459995	-0.853551	-28.085147	-0.027988	-2.046738	-28.108846	0.983526	-1.037758	-28.146810	0.941207	-1.065172	-27.818264	0.965484	-1.204554	-27.837984	0.981177	-1.245548	-28.163089	0.448766	-1.053159	-27.844860	0.445396	-1.227018	-28.152964	-0.040887	-1.050724	-28.145641	-0.065863	-1.090932	-27.825323	-0.038414	-1.188165	-27.845549	-0.066684	-1.266245
786	10.906354	00:00:10:66	-28.008234	1.646141	-1.231082	-27.942622	1.680259	-1.146074	-28.032824	1.667064	-1.105967	-28.002875	1.536519	-1.152143	-28.004755	1.543231	-1.132172	-28.111429	1.553536	-1.088354	-27.879960	1.546726	-1.246569	-27.834112	1.504560	-0.977324	-27.973985	0.745091	-1.650434	-27.470854	1.437764	-0.860885	-28.103565	-0.047405	-2.072373	-27.481806	1.457788	-0.826236	-28.087012	-0.040851	-2.078847	-27.469966	1.452642	-0.856488	-28.102550	-0.044624	-2.062375	-28.103026	0.951065	-1.057569	-28.164130	0.959196	-1.081652	-27.826743	0.969008	-1.213919	-27.867248	0.944092	-1.264579	-28.113617	0.465381	-1.028749	-27.823730	0.463970	-1.223037	-28.114594	-0.042691	-1.037417	-28.151384	-0.038306	-1.054516	-27.804563	-0.077337	-1.193625	-27.858902	-0.084275	-1.253547
787	10.920247	00:00:10:67	-28.044137	1.623340	-1.235232	-27.913162	1.673547	-1.164771	-27.998613	1.669673	-1.111589	-27.968634	1.580323	-1.191088	-27.954566	1.555795	-1.158586	-28.104366	1.534584	-1.120217	-27.880330	1.557706	-1.257170	-27.800954	1.494138	-0.993546	-27.975231	0.745568	-1.672454	-27.490596	1.423801	-0.874497	-28.090912	-0.079763	-2.030310	-27.466349	1.455486	-0.847466	-28.112403	-0.056960	-2.087950	-27.437714	1.428373	-0.860296	-28.083609	-0.079550	-2.071189	-28.132436	1.002510	-1.057476	-28.164900	0.990759	-1.090824	-27.844414	0.967704	-1.220132	-27.854029	0.986737	-1.259185	-28.158257	0.442353	-1.080890	-27.840684	0.433833	-1.246800	-28.143940	-0.062307	-1.030504	-28.173242	-0.058905	-1.102229	-27.830188	-0.023390	-1.207464	-27.851017	-0.074666	-1.240113
788	10.934141	00:00:10:68	-28.001826	1.623145	-1.242545	-27.927243	1.633223	-1.135465	-28.050322	1.666946	-1.122994	-27.999574	1.554439	-1.190575	-27.979808	1.558806	-1.131260	-28.129194	1.549387	-1.081376	-27.872016	1.562350	-1.245566	-27.758676	1.524925	-0.971392	-27.977699	0.759135	-1.628432	-27.426512	1.456111	-0.855558	-28.102935	-0.045461	-2.046502	-27.425499	1.459304	-0.876207	-28.086832	-0.049773	-2.047936	-27.475308	1.430588	-0.859522	-28.094541	-0.041814	-2.103599	-28.168122	0.966528	-1.038181	-28.152233	0.957645	-1.092589	-27.816640	0.962852	-1.203088	-27.843935	0.952445	-1.296106	-28.144636	0.470139	-1.066325	-27.848851	0.432191	-1.240432	-28.088421	-0.058487	-0.995809	-28.149409	-0.036715	-1.029756	-27.823676	-0.081962	-1.225388	-27.902205	-0.063052	-1.279879
789	10.948034	00:00:10:69	-28.019387	1.652819	-1.218954	-27.934874	1.646459	-1.181148	-28.036262	1.645046	-1.095189	-28.030954	1.561162	-1.167053	-27.966884	1.546155	-1.111306	-28.135199	1.550240	-1.048771	-27.869983	1.531338	-1.278686	-27.755243	1.480393	-0.965967	-27.984547	0.737092	-1.666556	-27.455425	1.468498	-0.863144	-28.090118	-0.061175	-2.037252	-27.458396	1.452170	-0.847469	-28.097924	-0.065945	-2.043358	-27.464782	1.440429	-0.859197	-28.109330	-0.048497	-2.051904	-28.099530	0.982816	-1.035476	-28.139675	0.954990	-1.088774	-27.807855	0.956479	-1.214438	-27.841044	0.970754	-1.304245	-28.122941	0.451848	-1.057313	-27.833473	0.470618	-1.245747	-28.128908	-0.039942	-0.990624	-28.172985	-0.025464	-1.064878	-27.803133	-0.023046	-1.209569	-27.868017	-0.040244	-1.239016
790	10.961928	00:00:10:70	-28.049314	1.629713	-1.198212	-27.891277	1.669778	-1.142635	-28.042819	1.653721	-1.072681	-27.984475	1.516260	-1.192540	-27.963334	1.537431	-1.154381	-28.132624	1.537982	-1.118170	-27.880035	1.561798	-1.243370	-27.794336	1.521816	-1.004688	-27.943671	0.725843	-1.638187	-27.470134	1.475348	-0.852435	-28.092967	-0.031125	-2.052008	-27.442922	1.426568	-0.861639	-28.108358	-0.058671	-2.062728	-27.471867	1.439477	-0.873636	-28.083385	-0.066430	-2.087859	-28.102949	0.986722	-1.044301	-28.162425	0.976761	-1.092180	-27.803679	0.968872	-1.216829	-27.857308	0.960178	-1.288693	-28.166866	0.455144	-1.068028	-27.828732	0.448968	-1.229915	-28.154028	-0.044736	-0.997306	-28.144742	-0.078790	-1.066855	-27.822833	-0.021951	-1.218633	-27.842207	-0.056397	-1.275095
791	10.975821	00:00:10:71	-28.039221	1.628363	-1.219491	-27.914299	1.663595	-1.202789	-27.999942	1.641257	-1.111090	-27.996131	1.523915	-1.179387	-27.949850	1.515774	-1.127138	-28.123943	1.557400	-1.071082	-27.853890	1.529154	-1.232346	-27.778098	1.487331	-0.969107	-27.995501	0.768432	-1.663729	-27.449690	1.468771	-0.847889	-28.105062	-0.055721	-2.060328	-27.432842	1.476308	-0.872976	-28.096391	-0.060039	-2.060862	-27.448268	1.440028	-0.914562	-28.086106	-0.011154	-2.069647	-28.120483	0.985200	-1.039173	-28.166328	0.944852	-1.118428	-27.828796	0.967221	-1.238879	-27.851860	0.955186	-1.234037	-28.141784	0.475908	-1.032172	-27.833338	0.458452	-1.236299	-28.135121	-0.060296	-1.007620	-28.168649	-0.076779	-1.061143	-27.829232	-0.037867	-1.196427	-27.840825	-0.045464	-1.253859
792	10.989715	00:00:10:00	-28.000725	1.682813	-1.234956	-27.929328	1.684742	-1.149972	-28.011087	1.666280	-1.113692	-27.997850	1.555002	-1.178973	-27.969591	1.553221	-1.123773	-28.117848	1.536866	-1.095127	-27.863242	1.511601	-1.233038	-27.826049	1.499841	-0.985775	-27.975953	0.733172	-1.653780	-27.477933	1.450083	-0.883534	-28.094577	-0.037095	-2.050192	-27.422962	1.485412	-0.869586	-28.081839	-0.037504	-2.064219	-27.477809	1.455336	-0.897353	-28.080214	-0.056032	-2.045105	-28.132600	0.968127	-1.061892	-28.155845	0.963794	-1.099539	-27.817896	0.969849	-1.222858	-27.841475	0.954825	-1.284996	-28.144507	0.474347	-1.073953	-27.815046	0.449391	-1.242602	-28.111774	-0.066816	-1.027387	-28.138420	-0.066238	-1.031719	-27.799188	-0.031719	-1.163429	-27.833790	-0.077547	-1.268319
793	11.003608	00:00:11:01	-28.022209	1.637141	-1.249440	-27.892496	1.676751	-1.169040	-28.012581	1.691341	-1.088057	-28.004023	1.566295	-1.153921	-27.965268	1.539608	-1.172502	-28.131030	1.553620	-1.095437	-27.886345	1.541662	-1.238646	-27.785190	1.490329	-0.987944	-27.971920	0.748854	-1.655757	-27.442348	1.469766	-0.846854	-28.093994	-0.020718	-2.036628	-27.446825	1.450828	-0.857021	-28.084412	-0.063581	-2.095850	-27.438574	1.475350	-0.857878	-28.086210	-0.025110	-2.067483	-28.122607	0.996646	-1.036364	-28.136399	0.973288	-1.104640	-27.838503	0.996508	-1.183099	-27.858909	0.948675	-1.290785	-28.164911	0.443596	-1.052643	-27.831733	0.429315	-1.248094	-28.117924	-0.065719	-1.013989	-28.128110	-0.061974	-1.076885	-27.836428	-0.017064	-1.194863	-27.848746	-0.033869	-1.243070
794	11.017501	00:00:11:02	-28.033073	1.648794	-1.223299	-27.913967	1.631112	-1.201982	-28.014051	1.678727	-1.077179	-28.003661	1.533573	-1.185330	-27.988981	1.515092	-1.131078	-28.157116	1.540881	-1.077628	-27.864119	1.534544	-1.253057	-27.778916	1.495722	-0.939641	-27.981140	0.753986	-1.641380	-27.459208	1.454427	-0.881615	-28.127277	-0.039612	-2.077859	-27.471785	1.437807	-0.881316	-28.094593	-0.037718	-2.099171	-27.453903	1.443035	-0.859994	-28.074679	-0.073155	-2.048093	-28.106510	1.006615	-1.043713	-28.167831	0.982218	-1.086978	-27.836825	0.963161	-1.247802	-27.867394	0.972243	-1.271774	-28.156301	0.479595	-1.051394	-27.826902	0.454084	-1.244388	-28.154157	-0.012514	-1.017069	-28.161035	-0.048342	-1.065283	-27.802437	-0.030013	-1.208832	-27.854131	-0.070576	-1.259965
795	11.031395	00:00:11:03	-28.047774	1.639342	-1.219393	-27.922142	1.670190	-1.150722	-28.000726	1.676246	-1.066685	-28.012071	1.528494	-1.162149	-27.986626	1.556571	-1.156382	-28.131183	1.533315	-1.123666	-27.882451	1.563650	-1.288864	-27.809620	1.502829	-0.987392	-27.961725	0.743145	-1.659507	-27.467084	1.447254	-0.833128	-28.112159	-0.038093	-2.047098	-27.476943	1.448199	-0.866227	-28.126421	-0.018892	-2.052832	-27.444599	1.452724	-0.836281	-28.081722	-0.010454	-2.054612	-28.145592	0.953849	-1.019575	-28.108371	0.966362	-1.089143	-27.831045	0.939146	-1.234212	-27.840037	0.967493	-1.308425	-28.149412	0.467798	-1.055548	-27.821549	0.453914	-1.200296	-28.121312	-0.064322	-1.014468	-28.165488	-0.091830	-1.078906	-27.843832	-0.064827	-1.209119	-27.874715	-0.061956	-1.290906
796	11.045288	00:00:11:04	-28.054731	1.609196	-1.231806	-27.925388	1.650768	-1.155846	-28.038311	1.635946	-1.072551	-27.989883	1.526664	-1.184073	-27.969011	1.554570	-1.157437	-28.153284	1.561375	-1.083590	-27.877719	1.533351	-1.226939	-27.807373	1.484491	-0.990778	-27.956563	0.734756	-1.654404	-27.485408	1.457847	-0.855422	-28.133987	-0.065204	-2.071478	-27.453321	1.452824	-0.841920	-28.035140	-0.012532	-2.093579	-27.422830	1.456368	-0.887395	-28.085640	-0.064470	-2.058771	-28.173607	0.961154	-1.052553	-28.161432	0.922734	-1.104699	-27.828458	0.996110	-1.211979	-27.832821	0.980095	-1.286324	-28.111077	0.462102	-1.082038	-27.846899	0.492470	-1.244210	-28.133925	-0.083057	-1.017587	-28.105916	-0.089079	-1.065497	-27.827141	-0.060252	-1.207825	-27.849850	-0.069247	-1.231163
797	11.059182	00:00:11:05	-28.054730	1.643854	-1.259333	-27.946765	1.650256	-1.166895	-28.054776	1.663621	-1.099497	-27.998260	1.538846	-1.157356	-28.023896	1.542007	-1.164416	-28.129593	1.558149	-1.119533	-27.844234	1.567259	-1.270172	-27.800569	1.494969	-0.991813	-28.008523	0.741818	-1.659119	-27.472232	1.436067	-0.851216	-28.132520	-0.042527	-2.065588	-27.470613	1.436094	-0.855547	-28.096417	-0.041647	-2.054644	-27.484832	1.455534	-0.867385	-28.092998	-0.048126	-2.068318	-28.109060	0.964178	-1.033360	-28.147446	0.960643	-1.141773	-27.819100	0.943535	-1.217674	-27.861948	1.004788	-1.303665	-28.154380	0.456644	-1.053189	-27.830164	0.456034	-1.259053	-28.099479	-0.083810	-1.037545	-28.175612	-0.056916	-1.056883	-27.816727	-0.060167	-1.201254	-27.854997	-0.060795	-1.212656
798	11.073075	00:00:11:06	-28.039684	1.679112	-1.230132	-27.923011	1.650717	-1.167755	-27.997834	1.645093	-1.077602	-28.013381	1.555247	-1.156324	-28.011692	1.565894	-1.123941	-28.158770	1.555005	-1.104401	-27.853405	1.561358	-1.270018	-27.766723	1.486040	-0.969511	-27.982638	0.749742	-1.669608	-27.473737	1.446907	-0.870409	-28.101669	-0.024016	-2.067285	-27.473519	1.448638	-0.872569	-28.089417	-0.034525	-2.060517	-27.447621	1.434470	-0.839080	-28.094830	-0.046270	-2.063475	-28.141257	0.980662	-1.029284	-28.187580	0.951866	-1.092859	-27.833860	0.978483	-1.234983	-27.846845	0.964578	-1.286618	-28.126731	0.436147	-1.062955	-27.849224	0.439312	-1.246551	-28.140237	-0.038580	-1.008754	-28.159898	-0.062287	-1.053966	-27.814995	-0.049040	-1.200296	-27.851812	-0.024294	-1.264113
799	11.086969	00:00:11:07	-28.023291	1.643428	-1.259372	-27.907144	1.672474	-1.144156	-28.029423	1.675392	-1.116596	-27.999529	1.549726	-1.192344	-27.983781	1.558874	-1.158824	-28.148588	1.541154	-1.096123	-27.871175	1.538948	-1.256653	-27.775885	1.478921	-0.974807	-27.988005	0.759367	-1.661406	-27.453371	1.447249	-0.857628	-28.075235	-0.015232	-2.043594	-27.456824	1.453039	-0.839379	-28.082359	-0.041997	-2.060501	-27.513003	1.474437	-0.878095	-28.072223	-0.043386	-2.073113	-28.154604	0.969252	-1.027086	-28.176495	0.977873	-1.094057	-27.844414	0.941791	-1.215764	-27.856329	0.954524	-1.289206	-28.167538	0.475120	-1.040985	-27.801407	0.446463	-1.225194	-28.101233	-0.083870	-1.017412	-28.153270	-0.080540	-1.060621	-27.803005	-0.039676	-1.192918	-27.859150	-0.071072	-1.261931
800	11.100862	00:00:11:08	-28.065773	1.608340	-1.223763	-27.878460	1.641078	-1.154023	-28.006697	1.674040	-1.086577	-28.015559	1.532533	-1.157053	-28.014855	1.532478	-1.113374	-28.137955	1.536824	-1.071100	-27.876441	1.512888	-1.212405	-27.757154	1.495920	-0.956753	-27.972815	0.754624	-1.647293	-27.433335	1.427035	-0.867223	-28.103234	-0.049881	-2.086567	-27.409266	1.473503	-0.850940	-28.113326	-0.034331	-2.038342	-27.468609	1.428231	-0.854368	-28.086166	-0.055881	-2.036353	-28.142275	0.998520	-1.054750	-28.161527	0.984689	-1.108893	-27.807046	0.971731	-1.213839	-27.861996	0.943713	-1.276180	-28.159278	0.426269	-1.058962	-27.859404	0.466199	-1.261444	-28.077796	-0.027329	-1.014735	-28.162489	-0.033353	-1.073080	-27.805380	-0.036391	-1.209663	-27.834798	-0.085068	-1.246886
801	11.114756	00:00:11:09	-28.031939	1.635153	-1.253833	-27.895460	1.641829	-1.138040	-28.026071	1.680108	-1.093588	-27.990983	1.535197	-1.158561	-27.936922	1.531423	-1.160255	-28.114637	1.528029	-1.076539	-27.897627	1.522584	-1.258562	-27.763570	1.486356	-0.969525	-28.024414	0.745150	-1.639053	-27.479489	1.432686	-0.847058	-28.090966	-0.042805	-2.077874	-27.440735	1.449888	-0.837861	-28.092237	-0.052710	-2.057721	-27.502663	1.465235	-0.843429	-28.107482	-0.028666	-2.061405	-28.106956	0.968184	-1.000054	-28.145533	0.960643	-1.089986	-27.832690	0.988245	-1.194505	-27.856467	0.953222	-1.293763	-28.157474	0.447830	-1.058898	-27.822384	0.463073	-1.237711	-28.105228	-0.053062	-1.017436	-28.173669	-0.072688	-1.058677	-27.802119	-0.069155	-1.194783	-27.879120	-0.059772	-1.234680
802	11.128649	00:00:11:10	-28.051062	1.635087	-1.222324	-27.897516	1.650337	-1.172318	-28.037331	1.657673	-1.110771	-27.989918	1.556655	-1.185560	-27.992730	1.552297	-1.123415	-28.123963	1.552614	-1.102176	-27.896523	1.553105	-1.261744	-27.801337	1.498267	-0.996817	-27.979039	0.763626	-1.668143	-27.460179	1.429908	-0.838840	-28.081372	-0.036250	-2.058521	-27.413056	1.422095	-0.840336	-28.077263	-0.040982	-2.042049	-27.470941	1.443108	-0.847513	-28.105838	-0.048976	-2.017164	-28.122375	0.984438	-1.039907	-28.161102	1.001475	-1.067377	-27.836057	0.968371	-1.224553	-27.876820	0.963534	-1.273649	-28.143027	0.434331	-1.046378	-27.863068	0.473581	-1.263506	-28.131653	-0.059478	-0.990527	-28.183919	-0.043340	-1.050465	-27.811846	-0.057033	-1.209682	-27.848409	-0.069542	-1.265780
803	11.142542	00:00:11:11	-28.029220	1.619931	-1.265479	-27.905398	1.662604	-1.130613	-28.051049	1.670027	-1.116139	-27.990210	1.498234	-1.160689	-28.006090	1.573107	-1.138238	-28.100998	1.534372	-1.106830	-27.881354	1.529338	-1.278840	-27.777369	1.498877	-0.975856	-27.958743	0.757655	-1.635171	-27.449838	1.472123	-0.870798	-28.073552	-0.034872	-2.062875	-27.478472	1.448413	-0.909577	-28.080038	-0.038155	-2.044992	-27.451209	1.442278	-0.855174	-28.116147	-0.069219	-2.060303	-28.119827	0.941635	-1.053927	-28.163705	0.948478	-1.069119	-27.812474	1.014047	-1.211716	-27.882256	0.941739	-1.274541	-28.161291	0.441032	-1.022292	-27.832494	0.431170	-1.251125	-28.130652	-0.093239	-0.984097	-28.137982	-0.042385	-1.071098	-27.812335	-0.064464	-1.235817	-27.841704	-0.083873	-1.255770
804	11.156436	00:00:11:12	-28.066322	1.636498	-1.233040	-27.911692	1.673794	-1.173073	-28.014198	1.650102	-1.128205	-28.009429	1.537300	-1.178361	-27.936646	1.538045	-1.151621	-28.077094	1.543337	-1.051907	-27.892065	1.558687	-1.254949	-27.764658	1.520816	-0.945498	-27.989340	0.752462	-1.639262	-27.465535	1.439447	-0.878984	-28.090357	-0.039091	-2.061964	-27.443449	1.441246	-0.867069	-28.101542	-0.045562	-2.063189	-27.444749	1.451267	-0.866584	-28.121088	-0.045976	-2.059233	-28.128671	0.954372	-1.051772	-28.168000	0.942246	-1.052580	-27.820396	1.020140	-1.210257	-27.847731	0.970989	-1.313187	-28.155976	0.466517	-1.054946	-27.851120	0.433961	-1.211054	-28.122901	-0.056403	-1.013940	-28.192220	-0.035200	-1.080431	-27.864613	-0.050050	-1.192816	-27.838453	-0.063581	-1.257333
805	11.170329	00:00:11:13	-27.986782	1.622729	-1.248933	-27.898338	1.695936	-1.144531	-28.021270	1.670700	-1.108020	-28.013059	1.578586	-1.160715	-27.978938	1.543648	-1.178030	-28.123502	1.548091	-1.074424	-27.862438	1.551790	-1.243490	-27.795934	1.474235	-0.955997	-27.987701	0.755086	-1.689322	-27.467934	1.462936	-0.848549	-28.109237	-0.005624	-2.060499	-27.464274	1.422404	-0.862196	-28.099030	-0.041510	-2.069248	-27.486561	1.461468	-0.845164	-28.134478	-0.037323	-2.042911	-28.139775	0.963546	-1.029056	-28.154572	0.966898	-1.119465	-27.819191	0.967318	-1.217865	-27.876396	0.964752	-1.251412	-28.159349	0.473262	-1.042403	-27.850794	0.425090	-1.239445	-28.137634	-0.062753	-1.024287	-28.183965	-0.067301	-1.072368	-27.830583	-0.051813	-1.213011	-27.862416	-0.055713	-1.271216
806	11.184223	00:00:11:14	-28.030591	1.644662	-1.239404	-27.936726	1.672948	-1.150533	-28.033353	1.673451	-1.114005	-27.987996	1.538266	-1.186219	-27.994382	1.527464	-1.137316	-28.097806	1.529104	-1.116399	-27.872591	1.568469	-1.250735	-27.784293	1.485679	-0.936792	-27.985972	0.748070	-1.673483	-27.452474	1.464825	-0.896091	-28.069275	-0.034257	-2.062969	-27.470963	1.452123	-0.837972	-28.098062	-0.075649	-2.072135	-27.450649	1.457942	-0.847922	-28.097742	-0.054951	-2.054469	-28.161154	0.957752	-1.034556	-28.173802	0.992036	-1.098723	-27.834185	0.953543	-1.248093	-27.833056	0.939934	-1.281593	-28.145609	0.432781	-1.046595	-27.844838	0.446638	-1.279556	-28.163066	-0.044954	-1.029866	-28.158018	-0.074356	-1.058646	-27.835868	-0.047466	-1.192830	-27.865867	-0.039685	-1.243791
807	11.198116	00:00:11:15	-28.047089	1.644902	-1.215220	-27.922585	1.648300	-1.169035	-27.997548	1.687592	-1.117908	-27.975633	1.555853	-1.141880	-27.960550	1.520660	-1.146317	-28.134490	1.527788	-1.126731	-27.902674	1.540388	-1.275682	-27.798855	1.493564	-0.959264	-27.985161	0.742086	-1.652518	-27.465412	1.431351	-0.878079	-28.101977	-0.038756	-2.089986	-27.468911	1.423894	-0.867692	-28.119781	-0.040001	-2.079995	-27.478009	1.402471	-0.858912	-28.125664	-0.016695	-2.071810	-28.138111	0.956011	-1.060521	-28.142318	0.975424	-1.084526	-27.848044	0.948638	-1.222118	-27.822845	0.955434	-1.241547	-28.134091	0.477454	-1.044775	-27.849360	0.480306	-1.256299	-28.129752	-0.041437	-1.011004	-28.167975	-0.074003	-1.086973	-27.798904	-0.074226	-1.214129	-27.842516	-0.061996	-1.258212
808	11.212010	00:00:11:16	-28.023783	1.669060	-1.226691	-27.888019	1.702985	-1.132650	-28.021766	1.649669	-1.085404	-28.002920	1.528111	-1.197134	-27.969437	1.550762	-1.097408	-28.110256	1.534551	-1.128040	-27.899072	1.544600	-1.229790	-27.809424	1.481713	-0.970386	-27.989844	0.742806	-1.659975	-27.459263	1.438563	-0.872632	-28.093478	-0.031894	-2.109141	-27.473825	1.449089	-0.867758	-28.085711	-0.046037	-2.085850	-27.473259	1.424084	-0.856819	-28.088379	-0.026527	-2.042724	-28.132305	0.946414	-1.012467	-28.159919	0.970225	-1.098308	-27.818195	0.971702	-1.207271	-27.842346	0.986516	-1.233174	-28.155601	0.456805	-1.054469	-27.821995	0.454644	-1.241696	-28.115672	-0.064127	-1.026599	-28.146560	-0.055032	-1.046362	-27.827648	-0.047819	-1.201982	-27.838840	-0.056010	-1.250996
809	11.225903	00:00:11:17	-28.043430	1.652983	-1.254737	-27.881067	1.664021	-1.167912	-28.006631	1.659574	-1.052086	-27.992126	1.549334	-1.175955	-27.981164	1.530624	-1.118204	-28.123678	1.573074	-1.088594	-27.904168	1.535829	-1.254356	-27.805824	1.470823	-1.011476	-27.989042	0.785947	-1.658186	-27.461148	1.461553	-0.863894	-28.105021	-0.048222	-2.059732	-27.453255	1.458174	-0.848089	-28.129080	-0.047672	-2.102665	-27.488370	1.443485	-0.891171	-28.070817	-0.017294	-2.068390	-28.104752	0.946807	-1.022587	-28.165746	0.945145	-1.088055	-27.803021	0.993240	-1.212253	-27.868310	0.961835	-1.300940	-28.162406	0.486528	-1.032781	-27.858528	0.459410	-1.257063	-28.117268	-0.041598	-1.015591	-28.130638	-0.055596	-1.047656	-27.855677	-0.060198	-1.227110	-27.843818	-0.049496	-1.264697
810	11.239797	00:00:11:18	-28.032119	1.637911	-1.230333	-27.922990	1.679575	-1.169286	-28.057325	1.653454	-1.103376	-28.034919	1.557338	-1.206193	-27.984664	1.518279	-1.160512	-28.117524	1.533348	-1.088778	-27.876705	1.535687	-1.234280	-27.780234	1.516671	-0.970810	-27.976293	0.756425	-1.674051	-27.460972	1.438647	-0.855446	-28.066953	-0.032070	-2.059174	-27.477798	1.449530	-0.861333	-28.121774	-0.070652	-2.066826	-27.483912	1.449312	-0.854601	-28.058562	-0.022520	-2.053308	-28.119402	0.988416	-1.028153	-28.171075	0.957190	-1.092008	-27.831264	0.972548	-1.230123	-27.859025	0.944693	-1.264073	-28.160519	0.436115	-1.033296	-27.817066	0.471096	-1.232838	-28.130106	-0.067609	-1.007436	-28.162390	-0.074897	-1.058284	-27.850436	-0.042704	-1.210581	-27.853984	-0.052963	-1.268373
811	11.253690	00:00:11:19	-28.052143	1.604234	-1.246162	-27.915420	1.647797	-1.175142	-28.046399	1.676652	-1.124847	-28.016390	1.554410	-1.178161	-27.980983	1.554806	-1.105243	-28.136760	1.555573	-1.086474	-27.856641	1.542731	-1.238749	-27.774669	1.517591	-0.974152	-28.000075	0.740862	-1.667582	-27.465585	1.445229	-0.833366	-28.101795	-0.015884	-2.070077	-27.463156	1.460260	-0.874216	-28.089237	-0.064880	-2.061602	-27.437267	1.438454	-0.852247	-28.092207	-0.055477	-2.067268	-28.094142	0.980321	-1.049324	-28.185307	0.968802	-1.081689	-27.808041	0.948538	-1.240478	-27.845757	0.973548	-1.320721	-28.155410	0.469420	-1.064819	-27.835650	0.436870	-1.250197	-28.137769	-0.040820	-1.013256	-28.131216	-0.049959	-1.082860	-27.828848	-0.050068	-1.217130	-27.862536	-0.061418	-1.263354
812	11.267583	00:00:11:20	-28.026975	1.644572	-1.236215	-27.907960	1.630036	-1.161855	-28.012446	1.672734	-1.113121	-28.000846	1.567643	-1.184127	-27.977242	1.556030	-1.143643	-28.124437	1.508312	-1.058142	-27.878578	1.555446	-1.285822	-27.802307	1.464855	-1.001076	-27.993015	0.774921	-1.648924	-27.459233	1.432768	-0.871604	-28.078627	-0.053556	-2.030944	-27.449533	1.448312	-0.873634	-28.089348	-0.040898	-2.039976	-27.471074	1.441952	-0.848873	-28.115040	-0.054997	-2.064925	-28.128749	0.992590	-1.059032	-28.160563	0.965067	-1.081034	-27.828235	0.948453	-1.207660	-27.830799	0.946377	-1.280437	-28.140176	0.463261	-1.048537	-27.826429	0.420435	-1.254265	-28.133743	-0.090097	-1.012185	-28.154827	-0.056400	-1.072351	-27.822196	-0.060636	-1.231077	-27.865828	-0.063379	-1.293738
813	11.281477	00:00:11:21	-28.069161	1.678770	-1.244522	-27.951177	1.634550	-1.131248	-28.016727	1.668037	-1.089329	-27.990999	1.564558	-1.186128	-28.011065	1.545508	-1.166811	-28.106538	1.529152	-1.118458	-27.870860	1.559237	-1.269271	-27.793292	1.484912	-0.975533	-27.982647	0.774990	-1.655449	-27.443200	1.439244	-0.867904	-28.103264	-0.033089	-2.078753	-27.496775	1.433733	-0.851595	-28.086549	-0.064664	-2.044847	-27.470956	1.428978	-0.811802	-28.099520	-0.028667	-2.066338	-28.095593	0.940031	-1.022362	-28.184111	0.981384	-1.087400	-27.844569	0.954189	-1.235721	-27.839341	0.941606	-1.272634	-28.137087	0.458123	-1.053387	-27.804063	0.446915	-1.238797	-28.128415	-0.054564	-1.013868	-28.138121	-0.064607	-1.074940	-27.813891	-0.052938	-1.224243	-27.831368	-0.068718	-1.280858
814	11.295370	00:00:11:22	-28.015870	1.676167	-1.212221	-27.951815	1.638364	-1.150816	-28.000152	1.655830	-1.083168	-28.002362	1.531448	-1.185469	-27.977285	1.563499	-1.150757	-28.102543	1.570147	-1.107025	-27.884329	1.513370	-1.253364	-27.824345	1.489823	-0.969179	-27.991978	0.739417	-1.651995	-27.454157	1.429190	-0.839781	-28.076793	-0.052552	-2.054035	-27.470199	1.464364	-0.859408	-28.099873	-0.062471	-2.055557	-27.485057	1.428014	-0.851120	-28.111796	-0.045699	-2.062309	-28.136241	0.976583	-0.988496	-28.135817	0.960380	-1.089151	-27.829687	0.992347	-1.219742	-27.875125	0.994216	-1.253137	-28.122811	0.411551	-1.049021	-27.843042	0.469122	-1.245307	-28.133907	-0.035163	-1.000189	-28.151668	-0.072627	-1.090323	-27.828926	-0.028315	-1.211980	-27.856617	-0.035834	-1.268565
815	11.309264	00:00:11:23	-28.037092	1.649004	-1.238406	-27.901108	1.684120	-1.136319	-28.007114	1.654021	-1.068506	-27.996940	1.561287	-1.171396	-27.992022	1.575148	-1.116567	-28.101232	1.535176	-1.085975	-27.881377	1.557131	-1.251813	-27.756471	1.512857	-0.955583	-28.006980	0.721005	-1.680019	-27.496558	1.434641	-0.859645	-28.090317	-0.067944	-2.041233	-27.471296	1.452324	-0.858813	-28.097479	-0.043405	-2.054499	-27.449715	1.449474	-0.852590	-28.085834	-0.042367	-2.059843	-28.111232	0.950573	-1.019171	-28.117816	0.935498	-1.100283	-27.811938	0.970653	-1.215179	-27.868581	0.972498	-1.254869	-28.155666	0.480530	-1.078063	-27.816067	0.414586	-1.264164	-28.101000	-0.052338	-1.011943	-28.174696	-0.050298	-1.059189	-27.804988	-0.017224	-1.228450	-27.847233	-0.065919	-1.278481
816	11.323157	00:00:11:24	-28.022462	1.665251	-1.231537	-27.927625	1.656939	-1.160583	-28.020456	1.658202	-1.094036	-28.004289	1.528083	-1.173858	-27.952851	1.526035	-1.108703	-28.117175	1.533460	-1.041243	-27.853632	1.552137	-1.241717	-27.809858	1.487586	-1.008121	-27.966220	0.733445	-1.662792	-27.447896	1.446515	-0.835040	-28.102658	-0.056778	-2.074812	-27.439724	1.432599	-0.851309	-28.088068	-0.051347	-2.032368	-27.455521	1.448634	-0.867119	-28.072415	-0.050789	-2.051747	-28.097996	0.939718	-1.026477	-28.159439	0.935177	-1.107954	-27.819282	0.966973	-1.197788	-27.856298	0.958274	-1.287625	-28.135498	0.445162	-1.043834	-27.845456	0.439689	-1.212916	-28.129196	-0.058389	-1.024902	-28.186020	-0.074194	-1.046098	-27.849037	-0.056467	-1.178827	-27.840554	-0.090014	-1.251776
817	11.337051	00:00:11:25	-28.013670	1.655670	-1.220807	-27.922896	1.672489	-1.137316	-28.028773	1.649932	-1.102991	-27.959139	1.575213	-1.162159	-27.962790	1.534935	-1.103349	-28.123276	1.525866	-1.109777	-27.888490	1.548503	-1.233891	-27.827311	1.474113	-0.987860	-28.010963	0.747552	-1.667061	-27.437515	1.470509	-0.855686	-28.095842	-0.072883	-2.066858	-27.472534	1.432043	-0.831776	-28.113528	-0.070231	-2.041660	-27.434345	1.423172	-0.860712	-28.116898	-0.032673	-2.044404	-28.132884	1.005898	-1.041914	-28.166096	0.932375	-1.110957	-27.848140	0.985218	-1.238372	-27.865368	0.983483	-1.276380	-28.138474	0.484037	-1.085495	-27.813787	0.450748	-1.211653	-28.146646	-0.060298	-1.051747	-28.136554	-0.046295	-1.073501	-27.813750	-0.055620	-1.230307	-27.853029	-0.070303	-1.295490
818	11.350944	00:00:11:26	-28.041063	1.644408	-1.250719	-27.918812	1.644641	-1.153190	-28.013935	1.659273	-1.118328	-27.977793	1.547423	-1.169585	-28.017142	1.542479	-1.151856	-28.128957	1.557558	-1.090759	-27.824294	1.541248	-1.267633	-27.792916	1.497997	-1.021938	-27.979703	0.745936	-1.640613	-27.455432	1.453778	-0.836214	-28.075544	-0.095427	-2.070436	-27.468907	1.439221	-0.899710	-28.119653	-0.074121	-2.072477	-27.452300	1.470957	-0.874598	-28.099238	-0.031227	-2.039684	-28.123602	0.971981	-1.042374	-28.132714	0.956955	-1.091291	-27.829861	0.979186	-1.239714	-27.870670	0.950831	-1.272110	-28.165755	0.470850	-1.071218	-27.856859	0.466148	-1.248290	-28.147592	-0.019883	-1.021466	-28.170669	-0.057913	-1.088870	-27.830761	-0.045062	-1.218411	-27.838207	-0.074597	-1.252391
819	11.364838	00:00:11:27	-28.043268	1.657516	-1.252083	-27.936794	1.656068	-1.142023	-28.028743	1.659399	-1.116370	-27.995023	1.565935	-1.190034	-27.970200	1.570479	-1.157749	-28.107972	1.535371	-1.080325	-27.892270	1.532631	-1.222047	-27.795819	1.472539	-0.971667	-28.004827	0.771101	-1.672113	-27.472564	1.439170	-0.828966	-28.125898	-0.037893	-2.077373	-27.446621	1.431413	-0.855246	-28.094941	-0.052826	-2.049062	-27.476806	1.454319	-0.849644	-28.089725	-0.037393	-2.063907	-28.136839	0.978999	-1.014048	-28.189072	0.960311	-1.058256	-27.832006	0.960040	-1.229138	-27.861464	0.959693	-1.285021	-28.186940	0.434803	-1.093271	-27.823882	0.468838	-1.240360	-28.102636	-0.064920	-1.039271	-28.156560	-0.076105	-1.097820	-27.807023	-0.052017	-1.217385	-27.865196	-0.042176	-1.235837
820	11.378731	00:00:11:28	-28.009600	1.643567	-1.234130	-27.939672	1.655254	-1.184934	-28.015313	1.675100	-1.112264	-28.002123	1.544522	-1.174036	-28.002764	1.558106	-1.140015	-28.125778	1.528154	-1.095791	-27.851886	1.535783	-1.258677	-27.789638	1.507681	-0.974438	-27.997367	0.748942	-1.654398	-27.479119	1.418484	-0.839362	-28.127273	-0.008786	-2.088457	-27.478020	1.431614	-0.893566	-28.113871	-0.063926	-2.076330	-27.461667	1.436295	-0.856231	-28.084099	-0.046395	-2.064232	-28.135532	0.962719	-1.037765	-28.157588	0.957485	-1.081349	-27.842871	0.959320	-1.192669	-27.832582	0.954849	-1.257047	-28.103923	0.425500	-1.065767	-27.868380	0.459949	-1.259960	-28.122791	-0.060148	-1.043704	-28.153878	-0.075503	-1.047225	-27.809904	-0.041548	-1.226803	-27.836070	-0.078798	-1.251408
821	11.392624	00:00:11:29	-28.036494	1.625086	-1.264241	-27.935188	1.676934	-1.146023	-28.009093	1.653195	-1.078736	-27.990425	1.543400	-1.155738	-27.982866	1.517242	-1.162184	-28.129491	1.553687	-1.094348	-27.854740	1.586976	-1.255494	-27.768896	1.487982	-0.975286	-27.977834	0.755899	-1.668619	-27.486915	1.442404	-0.837881	-28.094124	-0.047606	-2.062151	-27.470150	1.446070	-0.856678	-28.091151	-0.034045	-2.069260	-27.486381	1.428936	-0.880180	-28.112747	-0.049457	-2.086455	-28.125617	0.980685	-1.050169	-28.128805	0.973692	-1.132966	-27.824243	0.965345	-1.235015	-27.830020	0.984193	-1.287271	-28.155443	0.439619	-1.066292	-27.866820	0.484845	-1.253499	-28.148634	-0.066607	-1.045911	-28.140297	-0.059331	-1.062140	-27.843543	-0.070984	-1.219637	-27.850326	-0.089101	-1.227086
822	11.406518	00:00:11:30	-28.048826	1.629797	-1.220685	-27.919259	1.670238	-1.188281	-28.056108	1.638046	-1.112549	-27.971893	1.528183	-1.169919	-27.972508	1.550667	-1.146190	-28.089152	1.566133	-1.107744	-27.880656	1.548827	-1.240301	-27.772608	1.503110	-0.977932	-27.957134	0.737891	-1.663634	-27.430679	1.408060	-0.841518	-28.080032	-0.090085	-2.080711	-27.464238	1.424404	-0.904402	-28.078259	-0.076956	-2.045451	-27.487366	1.454495	-0.862048	-28.089263	-0.066407	-2.049337	-28.111638	0.981135	-1.060668	-28.134303	0.952101	-1.103888	-27.821237	0.969808	-1.239428	-27.869287	0.955180	-1.288756	-28.164412	0.467724	-1.037343	-27.810235	0.461145	-1.239713	-28.125042	-0.006145	-1.036858	-28.143888	-0.052441	-1.075183	-27.844161	-0.026377	-1.219038	-27.868279	-0.095427	-1.272974
823	11.420411	00:00:11:31	-28.025461	1.633824	-1.222678	-27.875699	1.683403	-1.168361	-28.030038	1.677816	-1.109684	-28.030066	1.567305	-1.161565	-27.974212	1.534765	-1.137761	-28.148355	1.551758	-1.124199	-27.856104	1.542224	-1.234325	-27.772705	1.507602	-0.944122	-27.971061	0.750509	-1.696700	-27.486639	1.435019	-0.867350	-28.073914	-0.015187	-2.062608	-27.434626	1.446449	-0.856248	-28.096467	-0.024684	-2.059914	-27.444336	1.483637	-0.871535	-28.073646	-0.045973	-2.047712	-28.106993	0.964738	-1.048663	-28.167729	0.983286	-1.101274	-27.823053	1.003623	-1.251934	-27.856746	0.965563	-1.256145	-28.173195	0.454873	-1.048958	-27.820109	0.471007	-1.258761	-28.106845	-0.061676	-1.018007	-28.179731	-0.046363	-1.095311	-27.810937	-0.073870	-1.211464	-27.842857	-0.031872	-1.237386
824	11.434305	00:00:11:32	-28.035342	1.631753	-1.240105	-27.913662	1.648113	-1.154151	-28.041522	1.702991	-1.084848	-28.012031	1.559883	-1.152487	-27.973946	1.569792	-1.102304	-28.128622	1.536957	-1.101537	-27.890429	1.522596	-1.259200	-27.791999	1.494466	-0.984030	-27.981541	0.741617	-1.662989	-27.479197	1.434172	-0.856845	-28.064752	-0.044213	-2.051395	-27.446934	1.445073	-0.860863	-28.107064	-0.053930	-2.047345	-27.469142	1.432835	-0.854362	-28.098436	-0.058699	-2.060970	-28.112993	0.973630	-1.028053	-28.178939	0.997034	-1.097421	-27.805291	0.966661	-1.237340	-27.866348	0.970308	-1.286079	-28.180130	0.461677	-1.028322	-27.824290	0.424859	-1.201532	-28.123566	-0.017929	-1.023552	-28.165923	-0.043171	-1.025661	-27.823272	-0.058176	-1.191492	-27.868886	-0.076299	-1.261904
825	11.448198	00:00:11:33	-28.034882	1.644431	-1.231769	-27.940751	1.627249	-1.154252	-28.015960	1.667010	-1.064655	-28.001690	1.534531	-1.202064	-27.972091	1.508926	-1.111395	-28.133139	1.559247	-1.102596	-27.871648	1.520959	-1.258020	-27.787400	1.523234	-0.949991	-27.967727	0.775522	-1.698792	-27.455630	1.447324	-0.874248	-28.109493	-0.032217	-2.039168	-27.435949	1.425871	-0.849117	-28.080703	-0.021479	-2.031297	-27.497802	1.440646	-0.866926	-28.085281	-0.054211	-2.046000	-28.114591	0.980416	-1.009073	-28.156066	0.957352	-1.076785	-27.798779	0.961937	-1.262165	-27.865366	0.977913	-1.250668	-28.142982	0.446391	-1.051773	-27.820764	0.478969	-1.214004	-28.128003	-0.067557	-1.047467	-28.156299	-0.086513	-1.070985	-27.801222	-0.049990	-1.223102	-27.854243	-0.073984	-1.265902
826	11.462092	00:00:11:34	-28.054473	1.613256	-1.223651	-27.903676	1.655240	-1.158864	-28.054359	1.663264	-1.093104	-27.983570	1.516126	-1.170535	-27.987972	1.538123	-1.129152	-28.157953	1.550988	-1.099265	-27.890314	1.548435	-1.247501	-27.793800	1.486271	-0.973606	-27.977440	0.773750	-1.668305	-27.488742	1.417588	-0.859264	-28.087101	-0.017950	-2.063328	-27.449961	1.444553	-0.850236	-28.055831	-0.034487	-2.039499	-27.463379	1.459645	-0.852029	-28.109394	-0.041827	-2.050216	-28.135044	0.989112	-1.046986	-28.145935	0.982198	-1.055622	-27.818342	0.947642	-1.227238	-27.833772	0.999417	-1.263686	-28.137340	0.438562	-1.019646	-27.869850	0.462784	-1.229513	-28.152805	-0.050564	-1.023597	-28.111530	-0.039947	-1.047456	-27.858112	-0.079803	-1.181553	-27.876905	-0.050865	-1.266280
827	11.475985	00:00:11:35	-28.037235	1.637103	-1.240863	-27.893675	1.689069	-1.148101	-28.034113	1.656279	-1.092339	-27.985425	1.558485	-1.182320	-27.999667	1.530216	-1.165826	-28.094003	1.515359	-1.050132	-27.910562	1.588244	-1.218182	-27.809420	1.495657	-0.981998	-28.008553	0.778178	-1.676969	-27.461281	1.431582	-0.845409	-28.108647	-0.056747	-2.045851	-27.493390	1.421324	-0.845918	-28.113808	-0.047322	-2.030152	-27.474041	1.433813	-0.840448	-28.106992	-0.064683	-2.043790	-28.119767	0.943296	-1.042419	-28.143788	0.960647	-1.093752	-27.837898	0.970310	-1.208961	-27.830608	0.957886	-1.273910	-28.122956	0.504427	-1.075388	-27.844618	0.457385	-1.231902	-28.140228	-0.044080	-1.000256	-28.158931	-0.053937	-1.086892	-27.828124	-0.081566	-1.234591	-27.853256	-0.032627	-1.229049
828	11.489879	00:00:11:36	-28.045869	1.620339	-1.236271	-27.945592	1.668340	-1.167917	-28.034367	1.666608	-1.097111	-27.995308	1.538513	-1.170692	-27.966499	1.540724	-1.144729	-28.117089	1.557211	-1.101546	-27.866710	1.562141	-1.238068	-27.786239	1.521660	-0.984172	-27.987085	0.772137	-1.673857	-27.465787	1.409351	-0.853263	-28.081826	-0.038044	-2.062816	-27.455928	1.415832	-0.881234	-28.097356	-0.022774	-2.054049	-27.487674	1.422388	-0.892745	-28.080405	-0.084282	-2.053437	-28.103154	0.981406	-1.053546	-28.180562	0.958184	-1.106755	-27.848810	0.983778	-1.220231	-27.842075	0.957047	-1.275702	-28.139887	0.430232	-1.064283	-27.821089	0.465301	-1.242018	-28.113473	-0.062519	-1.019206	-28.156823	-0.060738	-1.065238	-27.791618	-0.034360	-1.222869	-27.831698	-0.053982	-1.260856
829	11.503772	00:00:11:37	-28.024966	1.653489	-1.229430	-27.926141	1.662114	-1.194542	-28.017166	1.657317	-1.084725	-27.989187	1.531528	-1.177587	-27.960854	1.555926	-1.150921	-28.131536	1.563428	-1.099927	-27.869541	1.553569	-1.230652	-27.780597	1.465277	-0.973789	-27.997108	0.773752	-1.669880	-27.474662	1.397279	-0.881948	-28.112329	-0.043059	-2.044285	-27.440227	1.472548	-0.862281	-28.098770	-0.043361	-2.054517	-27.467359	1.467484	-0.860004	-28.088378	-0.038424	-2.061340	-28.119965	0.978119	-1.057203	-28.212897	0.957229	-1.105634	-27.824169	0.966650	-1.250424	-27.859289	0.967933	-1.275654	-28.147778	0.452874	-1.045034	-27.820137	0.450862	-1.238962	-28.129988	-0.052152	-1.010271	-28.134376	-0.049859	-1.051704	-27.789800	-0.074300	-1.211802	-27.898689	-0.062550	-1.245776
830	11.517665	00:00:11:38	-28.024264	1.659859	-1.264414	-27.914524	1.663208	-1.175643	-28.021507	1.625470	-1.096980	-27.998534	1.512379	-1.186430	-27.982005	1.548797	-1.139137	-28.159875	1.521885	-1.101745	-27.894512	1.569032	-1.285806	-27.797444	1.516049	-0.972158	-27.950477	0.724493	-1.654389	-27.447740	1.453346	-0.876163	-28.123967	-0.018362	-2.021861	-27.465521	1.428141	-0.850776	-28.063472	-0.074972	-2.061184	-27.481290	1.443971	-0.840997	-28.108369	0.006971	-2.080382	-28.124506	0.997455	-1.060555	-28.185754	0.964695	-1.088628	-27.819352	0.986730	-1.231313	-27.865818	0.955060	-1.283851	-28.165901	0.457979	-1.063034	-27.828410	0.468838	-1.240611	-28.123496	-0.052900	-0.997785	-28.176805	-0.037400	-1.074615	-27.794283	-0.019850	-1.213583	-27.834857	-0.030636	-1.224847
831	11.531559	00:00:11:39	-28.018330	1.655494	-1.252981	-27.914812	1.662175	-1.162763	-28.037840	1.663264	-1.107365	-28.021315	1.560216	-1.189916	-27.967594	1.544796	-1.146769	-28.120147	1.521269	-1.105291	-27.875964	1.516728	-1.259000	-27.797182	1.509825	-0.966869	-27.962100	0.715475	-1.648020	-27.438031	1.420259	-0.878193	-28.065545	-0.022640	-2.039629	-27.450888	1.431811	-0.849971	-28.107629	-0.056596	-2.060091	-27.457268	1.432577	-0.847183	-28.097045	-0.031541	-2.072029	-28.124325	0.964868	-1.073149	-28.126798	0.957128	-1.093257	-27.772903	0.986888	-1.218829	-27.855900	0.943562	-1.298263	-28.131736	0.445460	-1.068432	-27.876240	0.453930	-1.232365	-28.140754	-0.062254	-0.994529	-28.178760	-0.059834	-1.053136	-27.833612	-0.042734	-1.211629	-27.847555	-0.042058	-1.253840
832	11.545452	00:00:11:40	-28.021100	1.632193	-1.243677	-27.935479	1.651671	-1.155130	-28.013792	1.646651	-1.084919	-28.000920	1.547781	-1.197747	-27.977330	1.548987	-1.159378	-28.136703	1.529357	-1.082909	-27.867035	1.536202	-1.285639	-27.787320	1.493664	-0.991584	-27.994803	0.738431	-1.653509	-27.478456	1.461358	-0.834239	-28.098870	-0.071995	-2.077001	-27.491002	1.460708	-0.859512	-28.079955	-0.031131	-2.041562	-27.489848	1.454602	-0.895625	-28.101717	-0.047848	-2.080819	-28.132903	0.958103	-1.040363	-28.177672	0.973052	-1.114955	-27.836387	0.997336	-1.220838	-27.890461	0.952654	-1.262840	-28.140447	0.449104	-1.084922	-27.844784	0.429485	-1.237308	-28.129273	-0.045385	-1.064788	-28.135811	-0.060493	-1.099921	-27.828625	-0.043373	-1.202185	-27.838477	-0.052607	-1.261842
833	11.559346	00:00:11:41	-28.045549	1.653964	-1.241714	-27.912935	1.653886	-1.158936	-28.033009	1.665328	-1.108998	-28.005236	1.561489	-1.179388	-27.987214	1.533135	-1.123350	-28.112212	1.553717	-1.105467	-27.881304	1.535310	-1.210369	-27.785694	1.475689	-1.002548	-28.006644	0.758093	-1.648648	-27.452806	1.451791	-0.861188	-28.096775	-0.071264	-2.057340	-27.471968	1.420591	-0.848027	-28.095213	-0.037373	-2.056508	-27.480496	1.426637	-0.875580	-28.074070	-0.056685	-2.042676	-28.133352	0.982219	-1.046299	-28.164796	0.957475	-1.082000	-27.837317	0.951330	-1.201728	-27.840439	0.987953	-1.265017	-28.147067	0.477044	-1.045939	-27.829692	0.465671	-1.212995	-28.137182	-0.087823	-1.013824	-28.140319	-0.071769	-1.071469	-27.820382	-0.049637	-1.222620	-27.839182	-0.069945	-1.249728
834	11.573239	00:00:11:42	-28.012407	1.646966	-1.262807	-27.913990	1.674725	-1.158513	-28.018670	1.685905	-1.109130	-27.982074	1.550272	-1.205569	-27.993921	1.554626	-1.125436	-28.124570	1.529865	-1.091265	-27.869229	1.544888	-1.278064	-27.799218	1.484480	-0.977353	-27.978548	0.740684	-1.644687	-27.425300	1.408833	-0.859216	-28.090083	-0.034871	-2.079840	-27.464142	1.449927	-0.890475	-28.074120	-0.083078	-2.042872	-27.484921	1.441975	-0.856973	-28.066722	-0.061878	-2.062477	-28.145208	0.988542	-1.034245	-28.182276	0.968059	-1.093276	-27.823297	0.978755	-1.205686	-27.865577	0.922131	-1.282078	-28.146522	0.460274	-1.062288	-27.878908	0.457672	-1.232061	-28.132382	-0.041566	-1.035321	-28.140384	-0.062823	-1.071335	-27.848813	-0.075625	-1.207374	-27.845871	-0.090163	-1.241134
835	11.587133	00:00:11:43	-28.012108	1.637141	-1.219393	-27.916470	1.669182	-1.140677	-28.012739	1.654823	-1.125742	-28.010978	1.518831	-1.191677	-27.968324	1.557863	-1.134172	-28.115889	1.518272	-1.087841	-27.840282	1.536431	-1.239736	-27.792635	1.473472	-0.976489	-28.001709	0.720814	-1.659540	-27.438865	1.426020	-0.860263	-28.099879	-0.051320	-2.078975	-27.452028	1.454810	-0.865571	-28.131267	-0.025410	-2.066447	-27.498177	1.418387	-0.846488	-28.091881	-0.034183	-2.016639	-28.146633	0.948448	-1.042247	-28.194336	0.949745	-1.078389	-27.799532	0.973871	-1.257629	-27.835833	0.968700	-1.278594	-28.128298	0.473155	-1.065368	-27.841407	0.467093	-1.228275	-28.120162	-0.050832	-1.044776	-28.155280	-0.058721	-1.056781	-27.818289	-0.035721	-1.207011	-27.832906	-0.041739	-1.262248
836	11.601026	00:00:11:44	-28.061718	1.654785	-1.237092	-27.940192	1.660680	-1.160440	-28.023558	1.671729	-1.099991	-28.005618	1.586870	-1.179721	-27.946129	1.526919	-1.123708	-28.121943	1.526184	-1.120233	-27.866318	1.533068	-1.255891	-27.785051	1.492694	-0.993754	-27.983567	0.757359	-1.685316	-27.473540	1.429127	-0.883460	-28.105397	-0.042078	-2.070846	-27.459325	1.410332	-0.883159	-28.080322	-0.036211	-2.057118	-27.481603	1.443674	-0.819399	-28.090437	-0.045348	-2.057644	-28.143202	0.973941	-1.072809	-28.168557	0.980360	-1.096840	-27.803256	0.982146	-1.223836	-27.823708	0.957826	-1.303582	-28.160073	0.484759	-1.060180	-27.848389	0.464178	-1.242561	-28.144289	-0.060078	-1.041568	-28.184598	-0.056373	-1.045716	-27.837165	-0.035421	-1.184829	-27.879083	-0.062084	-1.269775
837	11.614920	00:00:11:45	-28.027802	1.653464	-1.218104	-27.922137	1.646988	-1.150707	-28.017841	1.650810	-1.092111	-27.994344	1.545874	-1.174210	-27.969030	1.537166	-1.144615	-28.138139	1.529127	-1.127914	-27.876150	1.539100	-1.257458	-27.778823	1.473488	-0.996427	-27.995980	0.708233	-1.660943	-27.467193	1.450702	-0.846043	-28.094224	-0.045709	-2.079221	-27.426264	1.419914	-0.884238	-28.095448	-0.068966	-2.082305	-27.476772	1.429036	-0.876425	-28.092675	-0.034747	-2.072106	-28.125200	0.973044	-1.054865	-28.170233	0.947833	-1.108459	-27.830667	0.977336	-1.214808	-27.844873	0.955142	-1.251691	-28.146539	0.457128	-1.076361	-27.859698	0.483562	-1.250015	-28.105850	-0.066756	-1.034487	-28.156622	-0.064182	-1.076285	-27.828177	-0.051006	-1.182259	-27.863879	-0.048604	-1.251942
838	11.628813	00:00:11:46	-28.061233	1.638677	-1.217359	-27.922659	1.639732	-1.175494	-28.011241	1.658221	-1.085997	-27.969469	1.541057	-1.186032	-27.980913	1.523610	-1.117909	-28.133431	1.543699	-1.116233	-27.896403	1.526557	-1.246891	-27.808193	1.465443	-0.986556	-27.975550	0.749121	-1.633548	-27.446277	1.433367	-0.890116	-28.087000	-0.059266	-2.046882	-27.472801	1.419240	-0.871226	-28.056035	-0.065385	-2.029521	-27.480029	1.430797	-0.871110	-28.115714	-0.045836	-2.075784	-28.138350	0.999513	-1.019724	-28.190635	0.960634	-1.110231	-27.799638	0.990687	-1.201958	-27.834089	0.956370	-1.280079	-28.152439	0.470434	-1.057508	-27.829880	0.408799	-1.229774	-28.119481	-0.032894	-1.008644	-28.201231	-0.082691	-1.099973	-27.820965	-0.050768	-1.195671	-27.837929	-0.073769	-1.270624
839	11.642706	00:00:11:47	-28.049287	1.652761	-1.226600	-27.956538	1.663663	-1.154725	-28.030365	1.636729	-1.109770	-28.038418	1.534252	-1.205140	-27.975152	1.540268	-1.141507	-28.118328	1.529275	-1.094126	-27.861044	1.564480	-1.263824	-27.784154	1.480428	-0.989807	-27.968441	0.741616	-1.669433	-27.446565	1.411997	-0.870838	-28.097691	-0.081440	-2.087280	-27.478401	1.432277	-0.869723	-28.085855	-0.074117	-2.063502	-27.437945	1.446046	-0.833446	-28.105745	-0.060439	-2.063102	-28.149869	0.970475	-1.033286	-28.172384	0.981922	-1.078795	-27.803196	0.993910	-1.240555	-27.865804	0.959561	-1.288935	-28.162345	0.444018	-1.072828	-27.831202	0.443940	-1.253399	-28.132584	-0.066284	-1.021334	-28.190353	-0.042389	-1.070745	-27.809319	-0.062583	-1.196121	-27.859064	-0.035656	-1.259590
840	11.656600	00:00:11:48	-28.060855	1.657104	-1.208741	-27.918528	1.674588	-1.168477	-28.032437	1.664713	-1.094196	-28.002893	1.519027	-1.159613	-27.938510	1.568484	-1.143461	-28.118450	1.536386	-1.126421	-27.854102	1.549590	-1.250196	-27.808160	1.529333	-0.972319	-27.959320	0.744603	-1.666221	-27.441561	1.448555	-0.866213	-28.080579	-0.092668	-2.053592	-27.479777	1.400014	-0.861948	-28.053897	-0.057039	-2.035934	-27.467418	1.433903	-0.886269	-28.119157	-0.057125	-2.058938	-28.143000	0.960590	-1.039816	-28.139652	0.960853	-1.063302	-27.793612	0.992773	-1.218701	-27.880411	0.950234	-1.263837	-28.137149	0.432569	-1.068380	-27.871425	0.438138	-1.241991	-28.127721	-0.036485	-1.021795	-28.169534	-0.082693	-1.064075	-27.813391	-0.086270	-1.202993	-27.853502	-0.065193	-1.271792
841	11.670493	00:00:11:49	-28.011588	1.640978	-1.220123	-27.929997	1.664550	-1.125037	-28.015499	1.634553	-1.085207	-28.025926	1.556399	-1.153971	-27.967026	1.549173	-1.146222	-28.118495	1.557303	-1.092224	-27.859446	1.544577	-1.262794	-27.842246	1.483728	-0.969561	-27.977315	0.749707	-1.653445	-27.475371	1.438661	-0.887061	-28.117373	-0.043881	-2.099803	-27.441775	1.437614	-0.865701	-28.123317	-0.058930	-2.060341	-27.461027	1.394779	-0.881355	-28.088575	-0.079421	-2.045974	-28.139239	0.974738	-1.064199	-28.186343	0.972099	-1.077966	-27.819601	0.982672	-1.238033	-27.865936	1.005039	-1.296754	-28.126407	0.451917	-1.053589	-27.842504	0.452399	-1.239100	-28.148349	-0.065158	-1.043304	-28.143621	-0.063510	-1.066994	-27.811479	-0.059125	-1.230361	-27.837366	-0.061622	-1.244255
842	11.684387	00:00:11:50	-28.060750	1.635948	-1.259852	-27.888731	1.670253	-1.168673	-28.008860	1.648464	-1.074489	-28.010953	1.543475	-1.178430	-27.999107	1.546813	-1.156611	-28.144291	1.535370	-1.083811	-27.871036	1.538330	-1.241741	-27.793949	1.466833	-0.991102	-28.001619	0.759513	-1.659783	-27.441785	1.431762	-0.891383	-28.078835	-0.044967	-2.084351	-27.443797	1.443577	-0.871328	-28.120227	-0.048750	-2.069250	-27.476553	1.413791	-0.891639	-28.068207	-0.038233	-2.060051	-28.108286	1.008666	-1.065958	-28.151368	0.940200	-1.079350	-27.818016	0.963051	-1.223199	-27.836084	0.981639	-1.308737	-28.148018	0.475678	-1.075073	-27.839150	0.434071	-1.254149	-28.148859	-0.054810	-1.036144	-28.128475	-0.032217	-1.074301	-27.792492	-0.060600	-1.224751	-27.839144	-0.070622	-1.260556
843	11.698280	00:00:11:51	-28.050413	1.611325	-1.251030	-27.934507	1.673113	-1.155253	-28.030822	1.661681	-1.103560	-27.995249	1.559633	-1.158419	-28.010321	1.552453	-1.162558	-28.122285	1.536576	-1.098447	-27.872863	1.550261	-1.246057	-27.773717	1.477533	-0.986410	-27.982564	0.734810	-1.671427	-27.479996	1.427354	-0.885410	-28.063660	-0.075319	-2.053527	-27.471334	1.425327	-0.892315	-28.095230	-0.046889	-2.031205	-27.453360	1.476835	-0.865996	-28.071888	-0.047822	-2.096672	-28.157814	0.950518	-1.066610	-28.173709	0.957606	-1.112803	-27.855597	0.993607	-1.239161	-27.857958	0.963499	-1.284439	-28.153064	0.432617	-1.088722	-27.841597	0.470823	-1.241571	-28.136113	-0.078825	-1.028295	-28.176328	-0.072698	-1.055717	-27.815581	-0.037910	-1.207091	-27.848531	-0.072222	-1.264394
844	11.712174	00:00:11:52	-28.023847	1.651897	-1.217517	-27.906717	1.658195	-1.168614	-28.036557	1.664759	-1.115841	-27.997592	1.531767	-1.208265	-27.976005	1.553120	-1.125645	-28.124438	1.533752	-1.097550	-27.861291	1.531314	-1.249891	-27.806934	1.495392	-0.965444	-28.001084	0.772113	-1.674200	-27.473163	1.420795	-0.863072	-28.080446	-0.059338	-2.053543	-27.464205	1.438538	-0.877005	-28.114701	-0.025286	-2.050394	-27.477055	1.459161	-0.897513	-28.107166	-0.077246	-2.069075	-28.134185	0.968666	-1.031357	-28.138849	0.985178	-1.094056	-27.823383	0.944824	-1.204813	-27.855352	0.972704	-1.303817	-28.157007	0.449037	-1.056562	-27.841481	0.430371	-1.222216	-28.127124	-0.038851	-1.015871	-28.162114	-0.030671	-1.094179	-27.816048	-0.043099	-1.230710	-27.852267	-0.044293	-1.256552
845	11.726067	00:00:11:53	-28.063189	1.654981	-1.245165	-27.930664	1.682004	-1.154335	-28.012735	1.647488	-1.090698	-28.005423	1.563453	-1.198876	-27.983042	1.544437	-1.141766	-28.124246	1.554741	-1.096212	-27.859076	1.538766	-1.252667	-27.790995	1.469878	-0.972004	-27.954291	0.743073	-1.662833	-27.476174	1.454871	-0.858162	-28.104335	-0.042702	-2.067339	-27.476791	1.434627	-0.859470	-28.096562	-0.055598	-2.064635	-27.441353	1.420524	-0.883826	-28.089665	-0.051002	-2.078897	-28.144845	0.972905	-1.047563	-28.173643	0.947711	-1.089820	-27.834455	0.987560	-1.216193	-27.850305	0.988052	-1.277397	-28.143153	0.463076	-1.041134	-27.840927	0.449502	-1.238227	-28.136983	-0.042042	-1.022988	-28.153248	-0.058290	-1.094979	-27.826695	-0.045784	-1.222480	-27.841892	-0.047792	-1.261178
846	11.739961	00:00:11:54	-28.033501	1.664012	-1.229510	-27.940975	1.646968	-1.158090	-28.033773	1.670317	-1.085001	-27.990137	1.528012	-1.166044	-28.006266	1.535967	-1.141408	-28.162619	1.560298	-1.091025	-27.878990	1.580502	-1.268774	-27.814704	1.470733	-0.986802	-27.980600	0.762706	-1.641098	-27.463953	1.445766	-0.872437	-28.062670	-0.035782	-2.059857	-27.488799	1.447853	-0.852590	-28.120697	-0.050053	-2.033722	-27.468085	1.434826	-0.868474	-28.105658	-0.066206	-2.032535	-28.131730	0.984682	-1.042301	-28.149880	0.974289	-1.099104	-27.836657	0.967289	-1.251207	-27.852537	0.948714	-1.254388	-28.139444	0.461632	-1.085765	-27.846453	0.465929	-1.268384	-28.108234	-0.034875	-1.032010	-28.162771	-0.058327	-1.075173	-27.843652	-0.047133	-1.195018	-27.853397	-0.071672	-1.262034
847	11.753854	00:00:11:55	-28.035354	1.665172	-1.258996	-27.944303	1.674522	-1.167443	-28.006809	1.674865	-1.111599	-28.013710	1.538528	-1.160235	-27.965526	1.536927	-1.156244	-28.133651	1.542566	-1.142038	-27.845908	1.523409	-1.280285	-27.774641	1.478100	-0.986915	-27.974000	0.778543	-1.643070	-27.473560	1.438732	-0.889219	-28.096607	-0.051773	-2.079909	-27.456590	1.421026	-0.871536	-28.058110	-0.046713	-2.059296	-27.484014	1.447769	-0.840246	-28.095131	-0.038692	-2.066691	-28.147400	0.946017	-1.068902	-28.148857	0.994842	-1.075297	-27.840221	0.940413	-1.228324	-27.830944	0.950417	-1.286789	-28.126003	0.461535	-1.050669	-27.849631	0.465675	-1.259552	-28.152100	-0.065788	-1.018285	-28.169741	-0.049195	-1.089486	-27.834699	-0.054508	-1.215415	-27.844830	-0.064903	-1.277974
848	11.767747	00:00:11:56	-28.027461	1.632560	-1.210458	-27.896419	1.663185	-1.178145	-28.025831	1.702665	-1.105632	-28.041386	1.555099	-1.173286	-27.950283	1.526400	-1.145912	-28.130837	1.554635	-1.098973	-27.885372	1.551567	-1.250789	-27.783618	1.534233	-0.992121	-27.975850	0.762061	-1.696283	-27.450391	1.436167	-0.878418	-28.110874	-0.023489	-2.056958	-27.472961	1.421823	-0.855031	-28.089869	-0.055277	-2.047645	-27.470978	1.442624	-0.864515	-28.113715	-0.047444	-2.015203	-28.122242	0.960244	-1.064140	-28.146275	0.938785	-1.112156	-27.828474	0.963085	-1.218347	-27.856685	0.959617	-1.277109	-28.150655	0.418922	-1.029793	-27.813606	0.466216	-1.251370	-28.103117	-0.071354	-1.037692	-28.109419	-0.032056	-1.095950	-27.821912	-0.031552	-1.217572	-27.823478	-0.061953	-1.246176
849	11.781641	00:00:11:57	-28.018550	1.667202	-1.232000	-27.929024	1.675995	-1.177865	-28.033471	1.658297	-1.105623	-28.008167	1.564229	-1.197342	-27.980779	1.563085	-1.146229	-28.155565	1.530057	-1.092953	-27.876597	1.560100	-1.249797	-27.768428	1.497708	-1.041188	-27.981830	0.769311	-1.655422	-27.462313	1.434938	-0.855627	-28.094204	-0.033693	-2.069721	-27.475667	1.429207	-0.839782	-28.079648	-0.050745	-2.058739	-27.464169	1.415940	-0.901298	-28.095432	-0.065542	-2.051953	-28.163677	0.956644	-1.061443	-28.120383	0.990406	-1.075747	-27.824836	0.943159	-1.246907	-27.891253	0.944192	-1.278469	-28.124028	0.448634	-1.088460	-27.848412	0.469758	-1.241286	-28.155858	-0.042208	-1.048611	-28.171309	-0.084187	-1.064118	-27.816874	-0.058020	-1.235170	-27.832183	-0.040199	-1.259966
850	11.795534	00:00:11:58	-28.034369	1.655995	-1.245583	-27.919390	1.649620	-1.153685	-28.008895	1.672845	-1.097533	-27.998181	1.540118	-1.190032	-27.975993	1.568574	-1.153287	-28.123344	1.530509	-1.110897	-27.892559	1.534355	-1.286162	-27.792928	1.467226	-0.938628	-27.982067	0.744245	-1.650250	-27.467248	1.411671	-0.859448	-28.080313	-0.017131	-2.057369	-27.479885	1.428051	-0.889443	-28.062957	-0.082548	-2.042613	-27.467452	1.408413	-0.856860	-28.089004	-0.060076	-2.045018	-28.128338	0.939618	-1.056125	-28.134250	0.967365	-1.092536	-27.817125	0.961456	-1.245163	-27.851672	0.937753	-1.288836	-28.150840	0.467566	-1.071075	-27.856951	0.490671	-1.233398	-28.151858	-0.066204	-1.035242	-28.137408	-0.085245	-1.060763	-27.839674	-0.030887	-1.199717	-27.854012	-0.061772	-1.301340
851	11.809428	00:00:11:59	-28.038063	1.648690	-1.212888	-27.903660	1.660207	-1.161475	-28.029308	1.697733	-1.098479	-28.013254	1.545902	-1.150074	-27.987437	1.547876	-1.156803	-28.146262	1.558939	-1.132282	-27.886456	1.554388	-1.254134	-27.800595	1.501857	-1.008881	-27.982714	0.742199	-1.670346	-27.462235	1.426378	-0.867488	-28.106139	-0.034437	-2.062125	-27.454433	1.424862	-0.864997	-28.089625	-0.024224	-2.028109	-27.490411	1.450874	-0.853339	-28.076977	-0.026568	-2.074376	-28.129941	0.972190	-1.031584	-28.177836	1.005452	-1.093653	-27.807224	0.972792	-1.211969	-27.841902	0.971186	-1.276027	-28.139433	0.459325	-1.088312	-27.840302	0.460956	-1.248797	-28.121594	-0.031472	-1.009306	-28.144593	-0.053802	-1.071565	-27.810089	-0.013559	-1.194437	-27.846583	-0.032278	-1.240272
852	11.823321	00:00:11:60	-28.042743	1.647906	-1.231793	-27.928854	1.684202	-1.164666	-28.026330	1.665113	-1.063317	-27.997777	1.536497	-1.159013	-27.964072	1.543761	-1.115241	-28.139926	1.553463	-1.096211	-27.854317	1.573555	-1.216956	-27.801075	1.514550	-0.983865	-28.009937	0.734417	-1.635665	-27.450707	1.442764	-0.865641	-28.077039	-0.035143	-2.118741	-27.439025	1.437311	-0.875634	-28.135332	-0.021945	-2.058340	-27.466690	1.428679	-0.881370	-28.106955	-0.063863	-2.052826	-28.126768	1.011243	-1.060117	-28.174378	0.962084	-1.104629	-27.848324	0.968468	-1.222810	-27.842560	0.967547	-1.267719	-28.139907	0.481736	-1.054971	-27.825060	0.442883	-1.238810	-28.132583	-0.093320	-1.061908	-28.161362	-0.088838	-1.088168	-27.850531	-0.035155	-1.192448	-27.851935	-0.070160	-1.224646
853	11.837215	00:00:11:61	-28.030645	1.628843	-1.209074	-27.900229	1.685158	-1.162850	-28.061812	1.663306	-1.097523	-28.012920	1.556325	-1.188528	-28.001954	1.541030	-1.134102	-28.130960	1.525150	-1.095389	-27.882925	1.562601	-1.243249	-27.778219	1.495713	-0.993599	-28.002398	0.731834	-1.663156	-27.457066	1.409134	-0.885415	-28.104054	-0.048056	-2.081137	-27.445769	1.432715	-0.866729	-28.094647	-0.058041	-2.072304	-27.440597	1.424401	-0.879581	-28.097254	-0.079566	-2.062194	-28.142563	0.953610	-1.042064	-28.157482	0.982475	-1.110397	-27.839127	0.983533	-1.250000	-27.852554	0.954559	-1.280500	-28.157123	0.456824	-1.046492	-27.816516	0.441327	-1.248589	-28.137125	-0.034168	-1.006713	-28.162330	-0.063829	-1.057867	-27.786736	-0.036687	-1.177635	-27.849630	-0.081943	-1.263472
854	11.851108	00:00:11:62	-28.035029	1.642500	-1.177045	-27.906398	1.649260	-1.154479	-28.069692	1.663977	-1.083345	-28.018592	1.561417	-1.159173	-27.976006	1.523437	-1.138635	-28.141612	1.516801	-1.079991	-27.895957	1.542822	-1.241196	-27.800424	1.495347	-0.977503	-27.991730	0.750486	-1.678758	-27.441438	1.420528	-0.850990	-28.097320	-0.057726	-2.042145	-27.462075	1.432565	-0.880687	-28.121515	-0.043783	-2.076608	-27.471019	1.395096	-0.858096	-28.072631	-0.025193	-2.051455	-28.115030	0.989463	-1.037881	-28.178803	0.974326	-1.133389	-27.805544	0.991565	-1.241538	-27.843346	0.959335	-1.273099	-28.148410	0.462808	-1.019639	-27.846125	0.428583	-1.263901	-28.105738	-0.041990	-1.029338	-28.166639	-0.080935	-1.095055	-27.838369	-0.056889	-1.177712	-27.859480	-0.057404	-1.250721
855	11.865002	00:00:11:63	-28.054649	1.681894	-1.252622	-27.915380	1.661508	-1.163935	-28.048180	1.655456	-1.107369	-27.999685	1.524100	-1.176789	-28.005421	1.520623	-1.167213	-28.121988	1.532801	-1.115339	-27.904781	1.535837	-1.257712	-27.792635	1.489121	-0.986198	-27.979273	0.741553	-1.645702	-27.475500	1.430910	-0.882141	-28.074412	-0.049700	-2.056620	-27.445778	1.439373	-0.890753	-28.077876	-0.084886	-2.050668	-27.447441	1.412261	-0.896017	-28.107071	-0.049944	-2.064530	-28.143552	0.964924	-1.053326	-28.161203	0.962451	-1.098644	-27.829519	0.985438	-1.245620	-27.878920	0.955867	-1.264567	-28.175329	0.443491	-1.038959	-27.824185	0.460319	-1.243178	-28.117376	-0.029280	-1.039366	-28.124971	-0.067737	-1.062422	-27.794108	-0.057917	-1.213651	-27.876339	-0.074348	-1.268785
856	11.878895	00:00:11:64	-28.017119	1.635327	-1.239279	-27.930793	1.653401	-1.170055	-28.013035	1.661007	-1.055793	-28.008799	1.541940	-1.217871	-27.978106	1.529615	-1.147173	-28.117849	1.539428	-1.099062	-27.893586	1.546666	-1.261883	-27.789185	1.498787	-0.980413	-27.967650	0.770580	-1.681143	-27.437901	1.437193	-0.864688	-28.101833	-0.016506	-2.079312	-27.474076	1.422100	-0.843286	-28.106828	-0.058644	-2.045971	-27.449890	1.390429	-0.824418	-28.123154	-0.053595	-2.086705	-28.120664	1.000280	-1.026709	-28.155539	0.978136	-1.089100	-27.821737	0.954109	-1.247547	-27.839016	0.960638	-1.291950	-28.152217	0.446553	-1.042556	-27.804294	0.433367	-1.268348	-28.119295	-0.058356	-1.010759	-28.176775	-0.046621	-1.087950	-27.815904	-0.045630	-1.219360	-27.826336	-0.094167	-1.248121
857	11.892788	00:00:11:65	-28.039309	1.633633	-1.241132	-27.908166	1.649532	-1.162997	-28.024781	1.639305	-1.104283	-28.007260	1.566902	-1.175349	-27.972515	1.559089	-1.132416	-28.122495	1.523966	-1.071420	-27.871101	1.522899	-1.280174	-27.755708	1.483608	-0.997421	-28.005508	0.742787	-1.646952	-27.465773	1.378698	-0.876691	-28.118354	-0.032838	-2.038473	-27.453003	1.427137	-0.862455	-28.081431	-0.053421	-2.018750	-27.450959	1.442415	-0.873226	-28.114268	-0.052836	-2.079831	-28.159107	0.994287	-1.061364	-28.182622	0.979423	-1.084466	-27.823914	0.954906	-1.223146	-27.872092	0.934016	-1.255839	-28.157019	0.434021	-1.004543	-27.844453	0.453284	-1.239100	-28.139459	-0.023622	-1.056240	-28.173332	-0.069633	-1.096654	-27.839287	-0.028272	-1.209778	-27.854064	-0.037531	-1.230030
858	11.906682	00:00:11:66	-28.034547	1.618652	-1.227175	-27.928129	1.640903	-1.164462	-28.041608	1.676104	-1.092533	-27.980781	1.543073	-1.172449	-27.986957	1.535251	-1.166961	-28.111379	1.551025	-1.116851	-27.886736	1.564229	-1.239806	-27.815036	1.489936	-0.990662	-27.975471	0.753148	-1.656609	-27.435107	1.452121	-0.853659	-28.100300	-0.063381	-2.086653	-27.461393	1.422969	-0.873272	-28.110845	-0.051784	-2.025635	-27.449110	1.404881	-0.859665	-28.080723	-0.062361	-2.075698	-28.122945	0.961707	-1.042568	-28.174353	0.969123	-1.109348	-27.778161	0.967542	-1.221803	-27.834311	0.953788	-1.281626	-28.127041	0.475976	-1.078533	-27.865451	0.448991	-1.229845	-28.113595	-0.061721	-1.038031	-28.155619	-0.034194	-1.080782	-27.803436	-0.037412	-1.192062	-27.865755	-0.005359	-1.291096
859	11.920575	00:00:11:67	-28.019570	1.661627	-1.214334	-27.926446	1.670391	-1.183811	-28.015079	1.645322	-1.120830	-28.010426	1.520108	-1.141293	-27.967204	1.539714	-1.163439	-28.166109	1.534534	-1.100029	-27.909692	1.502724	-1.266555	-27.766525	1.476197	-0.985887	-27.974925	0.742647	-1.654925	-27.462916	1.450302	-0.867534	-28.087149	-0.048293	-2.057775	-27.455638	1.417645	-0.837288	-28.078427	-0.047190	-2.092053	-27.469629	1.399862	-0.858746	-28.118620	-0.030713	-2.045335	-28.120603	0.940359	-1.007015	-28.142991	0.976952	-1.089760	-27.783220	0.975861	-1.253823	-27.869246	0.953381	-1.270892	-28.174843	0.459103	-1.040151	-27.850344	0.465754	-1.237934	-28.099673	-0.022945	-1.019875	-28.146110	-0.082393	-1.085273	-27.817945	-0.029495	-1.199912	-27.837528	-0.061767	-1.282574
860	11.934469	00:00:11:68	-28.019833	1.628068	-1.237848	-27.947144	1.699369	-1.146617	-28.041607	1.674995	-1.100119	-27.992255	1.546844	-1.163737	-27.953705	1.554850	-1.157243	-28.147431	1.556728	-1.113618	-27.890392	1.549900	-1.264825	-27.777508	1.471825	-0.994695	-28.008272	0.730950	-1.652303	-27.480951	1.430207	-0.865978	-28.100424	-0.051831	-2.063723	-27.478012	1.415457	-0.864526	-28.114768	-0.011027	-2.047231	-27.461186	1.407580	-0.871909	-28.073485	-0.096767	-2.095580	-28.139243	0.974138	-1.019833	-28.181812	0.960602	-1.086701	-27.831731	0.957954	-1.206174	-27.851838	0.972634	-1.268644	-28.169816	0.458236	-1.066327	-27.819878	0.427801	-1.265194	-28.134438	-0.059401	-1.027554	-28.199173	-0.050595	-1.075661	-27.841580	-0.040678	-1.190915	-27.829123	-0.043684	-1.297665
861	11.948362	00:00:11:69	-28.014252	1.628532	-1.231656	-27.940012	1.686407	-1.164962	-28.002570	1.675022	-1.101439	-27.987910	1.527466	-1.195431	-27.955690	1.531037	-1.147128	-28.091094	1.524164	-1.098615	-27.894668	1.535175	-1.245179	-27.769432	1.486922	-0.984783	-28.006055	0.733292	-1.648803	-27.481232	1.402960	-0.851846	-28.096574	-0.085057	-2.057834	-27.466299	1.444513	-0.860898	-28.094843	-0.036859	-2.057672	-27.491728	1.427533	-0.861857	-28.092534	-0.050982	-2.084801	-28.106736	0.956944	-1.071801	-28.141152	0.941092	-1.085304	-27.805540	0.967076	-1.237182	-27.852079	0.937678	-1.274651	-28.117126	0.449816	-1.066399	-27.883676	0.455900	-1.240832	-28.138601	-0.038563	-1.025144	-28.164761	-0.086602	-1.076620	-27.839832	-0.051876	-1.244875	-27.845422	-0.059983	-1.246559
862	11.962256	00:00:11:70	-28.030006	1.653375	-1.236794	-27.915170	1.650573	-1.156633	-28.028072	1.634278	-1.078261	-27.994148	1.530353	-1.191269	-27.978103	1.544619	-1.152425	-28.141494	1.538738	-1.104570	-27.893732	1.592778	-1.257624	-27.798134	1.509583	-1.001164	-27.981282	0.731068	-1.657356	-27.457713	1.420107	-0.910628	-28.118739	0.000816	-2.067752	-27.442461	1.408781	-0.903899	-28.113641	-0.060727	-2.064506	-27.452231	1.420364	-0.878577	-28.107095	-0.038512	-2.072474	-28.125571	0.998230	-1.016320	-28.169409	0.921940	-1.112621	-27.805754	0.957313	-1.206939	-27.865853	0.958883	-1.290704	-28.126831	0.468902	-1.080868	-27.856477	0.475528	-1.197247	-28.114407	-0.085451	-1.032668	-28.155477	-0.068709	-1.082715	-27.820041	-0.001857	-1.207717	-27.871032	-0.049874	-1.273906
863	11.976149	00:00:11:71	-28.044549	1.657557	-1.234779	-27.894562	1.655481	-1.152813	-28.015593	1.693395	-1.099992	-28.017667	1.509137	-1.184724	-27.982520	1.522147	-1.150076	-28.144810	1.556196	-1.123977	-27.834420	1.552391	-1.292343	-27.785136	1.484982	-0.990665	-27.982816	0.757039	-1.684951	-27.462361	1.410066	-0.875347	-28.091247	-0.039003	-2.032889	-27.447259	1.438151	-0.871124	-28.095818	-0.047733	-2.020877	-27.473381	1.428389	-0.873432	-28.127109	-0.041741	-2.055216	-28.119443	0.999679	-1.036747	-28.156303	0.952852	-1.079920	-27.823788	0.975994	-1.219255	-27.876475	0.914335	-1.275467	-28.125983	0.442713	-1.046352	-27.836927	0.454982	-1.227226	-28.162010	-0.008610	-1.021499	-28.184889	-0.027077	-1.088569	-27.822651	-0.045199	-1.227801	-27.859879	-0.078818	-1.265836
864	11.990043	00:00:11:00	-28.049647	1.640162	-1.259834	-27.917761	1.630210	-1.167102	-28.031447	1.654563	-1.090075	-28.011968	1.514448	-1.142988	-27.982259	1.558884	-1.133787	-28.130571	1.544029	-1.093338	-27.858934	1.486021	-1.229554	-27.767256	1.488508	-0.968365	-27.965122	0.741051	-1.674877	-27.490428	1.423177	-0.898380	-28.099075	-0.043227	-2.074995	-27.471983	1.414158	-0.897417	-28.087737	-0.047001	-2.059919	-27.447572	1.402564	-0.848707	-28.085006	-0.054754	-2.059109	-28.111757	0.950260	-1.056226	-28.167559	0.969445	-1.098977	-27.868375	0.994034	-1.222877	-27.835080	0.984623	-1.280944	-28.158854	0.454052	-1.043714	-27.859483	0.478066	-1.299687	-28.133648	-0.055165	-1.053043	-28.124084	-0.053398	-1.089051	-27.828892	-0.069478	-1.202193	-27.845504	-0.052744	-1.271940
865	12.003936	00:00:12:01	-28.022618	1.628779	-1.235329	-27.910924	1.662211	-1.171318	-28.048783	1.650276	-1.080660	-27.991828	1.527505	-1.193860	-27.959204	1.504140	-1.146134	-28.179806	1.544969	-1.081368	-27.859684	1.547145	-1.255386	-27.786860	1.512400	-0.977068	-27.976722	0.732145	-1.651024	-27.451059	1.432044	-0.886551	-28.094455	-0.037279	-2.047398	-27.435554	1.381764	-0.880048	-28.090029	-0.055061	-2.097336	-27.453592	1.388225	-0.874567	-28.127235	-0.020257	-2.061525	-28.124024	0.961312	-1.055291	-28.142417	0.939441	-1.034120	-27.822992	0.972779	-1.199228	-27.834901	0.978903	-1.281294	-28.147935	0.455492	-1.043719	-27.821958	0.464410	-1.247927	-28.126321	-0.054165	-1.057972	-28.137578	-0.063480	-1.078912	-27.821744	-0.090127	-1.183477	-27.865187	-0.093181	-1.251298
866	12.017829	00:00:12:02	-28.050275	1.635638	-1.232263	-27.900420	1.628792	-1.186821	-28.020545	1.640785	-1.091630	-27.985067	1.531364	-1.155849	-27.986518	1.568618	-1.168501	-28.140380	1.560638	-1.084855	-27.866700	1.553447	-1.280349	-27.774893	1.504435	-0.997517	-27.975943	0.746772	-1.669911	-27.422238	1.436488	-0.881803	-28.083105	-0.049687	-2.075948	-27.473066	1.448399	-0.856418	-28.100743	-0.052527	-2.051978	-27.492328	1.419153	-0.888239	-28.096180	-0.078301	-2.054006	-28.139250	0.959781	-1.041497	-28.131947	0.976425	-1.080709	-27.797246	0.962758	-1.228260	-27.842411	0.941344	-1.273531	-28.110056	0.439220	-1.026078	-27.850769	0.455711	-1.264938	-28.146913	-0.046486	-1.025774	-28.195441	-0.040003	-1.091608	-27.829349	-0.053920	-1.212967	-27.845014	-0.069772	-1.280655
867	12.031723	00:00:12:03	-28.029170	1.644806	-1.243588	-27.911676	1.684013	-1.162253	-28.020497	1.676671	-1.121018	-28.002933	1.553062	-1.165994	-27.975476	1.566946	-1.155186	-28.143195	1.543629	-1.099258	-27.875284	1.524623	-1.274372	-27.816414	1.486844	-1.017207	-27.962134	0.758636	-1.651875	-27.480059	1.406340	-0.872976	-28.105235	-0.051446	-2.065613	-27.475958	1.430555	-0.858927	-28.087687	-0.042185	-2.062200	-27.450763	1.388168	-0.881894	-28.088897	-0.045006	-2.082154	-28.113336	0.986772	-1.033908	-28.152760	0.975818	-1.066927	-27.840731	0.974866	-1.253600	-27.839048	0.937441	-1.288115	-28.165962	0.444867	-1.061195	-27.844729	0.420545	-1.253063	-28.129872	-0.036579	-1.038324	-28.210918	-0.047448	-1.078821	-27.834989	-0.051128	-1.192321	-27.831966	-0.075567	-1.245413
868	12.045616	00:00:12:04	-28.040084	1.631901	-1.266668	-27.912385	1.637181	-1.212984	-28.016983	1.673610	-1.110533	-27.984718	1.563857	-1.151498	-27.982757	1.543990	-1.171099	-28.151593	1.499613	-1.088332	-27.884259	1.528217	-1.248481	-27.804931	1.480172	-1.020610	-27.985843	0.769137	-1.622485	-27.475561	1.444066	-0.886523	-28.081551	-0.014473	-2.066023	-27.464890	1.431638	-0.902911	-28.098908	-0.063242	-2.071890	-27.472032	1.417344	-0.890568	-28.105720	-0.059013	-2.055375	-28.134372	0.949152	-1.057781	-28.130746	0.959329	-1.129749	-27.824528	0.971997	-1.233726	-27.833398	0.972591	-1.333176	-28.157435	0.442095	-1.048542	-27.849757	0.460691	-1.251204	-28.134715	-0.036474	-1.044693	-28.136179	-0.070288	-1.079782	-27.829192	-0.075903	-1.201278	-27.847361	-0.080593	-1.232362
869	12.059510	00:00:12:05	-28.012354	1.644842	-1.207536	-27.916009	1.657079	-1.149690	-28.022250	1.661468	-1.127630	-27.967765	1.533036	-1.167530	-27.957761	1.546961	-1.133347	-28.128334	1.563317	-1.095012	-27.856974	1.565020	-1.277670	-27.796102	1.461092	-0.970694	-27.994838	0.764532	-1.671744	-27.488268	1.436533	-0.863710	-28.121362	-0.056510	-2.049719	-27.455733	1.431794	-0.878096	-28.087667	-0.051623	-2.077568	-27.456793	1.424304	-0.892320	-28.085472	-0.042449	-2.079810	-28.143514	0.945810	-1.049475	-28.154666	0.938190	-1.095701	-27.819853	0.991309	-1.201206	-27.859678	0.956919	-1.274196	-28.169904	0.481931	-1.055189	-27.824354	0.471426	-1.234802	-28.120590	-0.060215	-1.008145	-28.143210	-0.060716	-1.080149	-27.814874	-0.043352	-1.199819	-27.861517	-0.068294	-1.252506
870	12.073403	00:00:12:06	-28.047530	1.679237	-1.215628	-27.897353	1.633536	-1.128599	-28.026172	1.650410	-1.118080	-28.010808	1.537104	-1.177265	-28.004586	1.543313	-1.150172	-28.135311	1.541327	-1.095844	-27.846984	1.526969	-1.243214	-27.811125	1.471130	-0.994113	-27.973294	0.746095	-1.645367	-27.504185	1.404127	-0.883776	-28.109718	-0.037774	-2.044355	-27.475295	1.427827	-0.897449	-28.065375	-0.071358	-2.021632	-27.443165	1.419225	-0.863670	-28.086158	-0.039731	-2.045703	-28.153762	0.961868	-1.084276	-28.176471	0.964605	-1.099217	-27.864831	0.982033	-1.231174	-27.861492	0.967180	-1.257917	-28.154689	0.435556	-1.031202	-27.796964	0.462464	-1.237549	-28.136136	-0.039851	-0.995924	-28.177914	-0.063680	-1.066339	-27.801374	-0.042356	-1.225301	-27.836198	-0.086789	-1.238192
871	12.087297	00:00:12:07	-28.036617	1.665767	-1.250833	-27.903342	1.649957	-1.169839	-28.020641	1.653912	-1.070522	-27.971081	1.538452	-1.164947	-27.956106	1.556317	-1.163393	-28.124262	1.554098	-1.088879	-27.895757	1.555110	-1.274930	-27.801802	1.465270	-0.979407	-27.979884	0.742718	-1.643194	-27.473904	1.396732	-0.885311	-28.082795	-0.065170	-2.043179	-27.453011	1.429816	-0.870660	-28.103513	-0.052882	-2.073083	-27.512834	1.405720	-0.896697	-28.066396	-0.065306	-2.057514	-28.140315	0.970483	-1.056438	-28.133658	0.962742	-1.118153	-27.820802	0.986077	-1.230509	-27.851290	0.957774	-1.273734	-28.155508	0.471467	-1.052486	-27.806798	0.467398	-1.248631	-28.130789	-0.070707	-1.034745	-28.167758	-0.030428	-1.074019	-27.829426	-0.068899	-1.224207	-27.846340	-0.070797	-1.240687
872	12.101190	00:00:12:08	-28.011148	1.607804	-1.211973	-27.915453	1.642050	-1.143996	-27.998883	1.680168	-1.088180	-28.004908	1.560732	-1.182306	-27.980958	1.545053	-1.157126	-28.133521	1.562212	-1.128149	-27.868282	1.560292	-1.217364	-27.790927	1.476015	-0.968687	-27.979242	0.734788	-1.662937	-27.439673	1.395572	-0.856966	-28.094464	-0.071239	-2.065431	-27.485593	1.424266	-0.858198	-28.079578	-0.052146	-2.053389	-27.476092	1.429070	-0.876476	-28.119688	-0.036831	-2.083603	-28.125472	0.953953	-1.042100	-28.128206	0.981843	-1.113704	-27.845286	0.948388	-1.231733	-27.846194	0.984497	-1.257789	-28.155701	0.460438	-1.048295	-27.862004	0.451360	-1.253002	-28.123692	-0.030455	-1.007282	-28.167071	-0.082629	-1.082518	-27.847328	-0.035603	-1.194079	-27.826888	-0.068935	-1.286318
873	12.115084	00:00:12:09	-28.034432	1.648060	-1.246682	-27.900561	1.696586	-1.152789	-28.038057	1.654895	-1.108762	-28.012902	1.527540	-1.178206	-27.986274	1.540929	-1.152555	-28.137616	1.539098	-1.095034	-27.869584	1.565462	-1.289844	-27.824531	1.486339	-0.975673	-27.954721	0.745451	-1.654979	-27.462379	1.383612	-0.913288	-28.111652	-0.029863	-2.048004	-27.417716	1.441856	-0.869481	-28.095458	-0.020829	-2.060458	-27.474835	1.409885	-0.880416	-28.123603	-0.057642	-2.069247	-28.112826	0.943674	-1.017621	-28.153773	0.999874	-1.109382	-27.836450	0.959272	-1.206592	-27.866747	0.973837	-1.299901	-28.190772	0.443746	-1.053747	-27.857312	0.439230	-1.263985	-28.133777	-0.054635	-1.039353	-28.147504	-0.043415	-1.067917	-27.825531	-0.055762	-1.199849	-27.872027	-0.042995	-1.252487
874	12.128977	00:00:12:10	-28.036241	1.637577	-1.209764	-27.901457	1.689808	-1.141112	-28.027779	1.658285	-1.134708	-28.026386	1.535582	-1.195033	-28.000751	1.541122	-1.142119	-28.092954	1.568922	-1.104555	-27.879789	1.540510	-1.245991	-27.789037	1.479304	-0.972310	-27.988627	0.731892	-1.613245	-27.489990	1.411962	-0.865356	-28.082800	-0.031855	-2.078229	-27.467944	1.426068	-0.862194	-28.085936	-0.077564	-2.059760	-27.469450	1.424303	-0.888116	-28.090512	-0.048919	-2.054993	-28.129634	0.950712	-1.048919	-28.186211	0.960566	-1.099795	-27.855378	1.001987	-1.248904	-27.848311	0.944772	-1.298270	-28.174455	0.461276	-1.076514	-27.826610	0.487436	-1.261810	-28.135754	-0.045333	-1.015954	-28.147975	-0.030494	-1.088094	-27.826247	-0.044304	-1.215005	-27.880811	-0.120782	-1.235071
875	12.142870	00:00:12:11	-28.004813	1.635289	-1.201342	-27.894023	1.655535	-1.160984	-28.017719	1.654307	-1.097443	-28.021999	1.532568	-1.195294	-27.960385	1.553445	-1.121923	-28.129721	1.573564	-1.122122	-27.865005	1.484905	-1.275895	-27.790340	1.478123	-0.984067	-28.005604	0.755544	-1.669063	-27.452062	1.403234	-0.865083	-28.132167	-0.033721	-2.033945	-27.444402	1.401907	-0.851682	-28.111392	-0.027632	-2.055726	-27.474735	1.440378	-0.876582	-28.085808	-0.079115	-2.066561	-28.135575	0.964076	-1.042015	-28.189015	0.964902	-1.093391	-27.811510	0.966168	-1.223828	-27.893491	0.954679	-1.282188	-28.156467	0.452758	-1.067570	-27.832238	0.448716	-1.252440	-28.122174	-0.065095	-1.019718	-28.153057	-0.067642	-1.058455	-27.838388	-0.062757	-1.218858	-27.856917	-0.058501	-1.259072
876	12.156764	00:00:12:12	-28.007324	1.685722	-1.242731	-27.920760	1.656822	-1.182119	-28.025669	1.679259	-1.101848	-27.993739	1.539526	-1.183198	-27.977579	1.553053	-1.135009	-28.136269	1.547692	-1.134807	-27.892391	1.536509	-1.272921	-27.784749	1.493727	-0.975633	-28.006704	0.743551	-1.646830	-27.467631	1.421678	-0.868102	-28.123862	-0.031357	-2.088825	-27.438701	1.410314	-0.889540	-28.098227	-0.016802	-2.051062	-27.481910	1.431197	-0.863345	-28.062942	-0.011456	-2.072137	-28.099922	0.978072	-1.029360	-28.164982	0.975079	-1.101952	-27.832538	0.987321	-1.245386	-27.857739	0.975106	-1.278539	-28.144459	0.461348	-1.061188	-27.858200	0.462913	-1.247735	-28.137473	-0.061336	-1.040572	-28.151681	-0.079816	-1.086448	-27.828708	-0.067529	-1.219274	-27.863727	-0.055234	-1.291147
877	12.170657	00:00:12:13	-27.994855	1.633307	-1.205026	-27.929094	1.660379	-1.162309	-28.041740	1.660776	-1.098196	-27.966952	1.546969	-1.155015	-27.999517	1.549779	-1.143229	-28.122589	1.534167	-1.090812	-27.873859	1.545270	-1.267177	-27.807490	1.437388	-1.013620	-27.972467	0.746660	-1.668946	-27.475836	1.394681	-0.877028	-28.099478	-0.044762	-2.065788	-27.444954	1.416374	-0.845520	-28.115312	-0.057555	-2.070218	-27.471000	1.428322	-0.880544	-28.088175	-0.041901	-2.075200	-28.160738	0.968002	-1.043635	-28.147135	0.941350	-1.127697	-27.816856	0.943587	-1.239336	-27.846788	0.966272	-1.294231	-28.137085	0.450712	-1.084284	-27.839055	0.453178	-1.248222	-28.161492	-0.052727	-1.020319	-28.162278	-0.091842	-1.024972	-27.841192	-0.070310	-1.233384	-27.878377	-0.043945	-1.258355
878	12.184551	00:00:12:14	-28.055768	1.654432	-1.236580	-27.894778	1.653420	-1.186455	-28.012763	1.656754	-1.103771	-27.983460	1.516262	-1.176412	-27.978422	1.554628	-1.164422	-28.155316	1.564920	-1.137419	-27.875798	1.533885	-1.242707	-27.811542	1.471366	-1.018123	-27.953635	0.761233	-1.666929	-27.453946	1.400949	-0.882292	-28.089906	-0.038145	-2.067690	-27.470414	1.450420	-0.889509	-28.112437	-0.056916	-2.060781	-27.451526	1.421266	-0.827882	-28.105056	-0.066043	-2.072053	-28.157094	0.956836	-1.018211	-28.095160	0.969295	-1.134290	-27.814140	0.963041	-1.237279	-27.850794	0.959054	-1.281009	-28.132280	0.462085	-1.067011	-27.861962	0.490479	-1.273729	-28.107929	-0.051433	-1.014133	-28.166077	-0.075540	-1.068047	-27.834436	-0.052633	-1.182945	-27.859467	-0.081974	-1.263533
879	12.198444	00:00:12:15	-28.031819	1.676782	-1.250331	-27.930358	1.651388	-1.186350	-28.063472	1.644437	-1.105211	-28.005006	1.572549	-1.166230	-28.007614	1.548933	-1.164428	-28.150501	1.558208	-1.102588	-27.868521	1.540114	-1.260241	-27.811887	1.463886	-0.954306	-27.933366	0.742394	-1.662739	-27.460085	1.400329	-0.860664	-28.077856	-0.031459	-2.078541	-27.453070	1.407224	-0.828415	-28.116125	-0.054329	-2.055374	-27.471708	1.412391	-0.885797	-28.102593	-0.041518	-2.069705	-28.141565	0.980534	-1.028353	-28.187894	0.979288	-1.089513	-27.836412	1.000017	-1.217595	-27.828276	0.980991	-1.294559	-28.126085	0.476884	-1.049113	-27.824658	0.493593	-1.259273	-28.124340	-0.089367	-1.055082	-28.134199	-0.026113	-1.041535	-27.868047	-0.071940	-1.195439	-27.871724	-0.029251	-1.243315
880	12.212338	00:00:12:16	-28.052091	1.648764	-1.223706	-27.892000	1.682204	-1.174896	-28.032002	1.671000	-1.055786	-28.010522	1.561191	-1.149352	-27.977379	1.532902	-1.134743	-28.120473	1.529271	-1.091755	-27.838812	1.534973	-1.269628	-27.792142	1.480838	-0.988272	-27.986662	0.742030	-1.632621	-27.486437	1.391607	-0.866133	-28.106210	-0.039122	-2.063782	-27.457163	1.414611	-0.862665	-28.088487	-0.043071	-2.084555	-27.439522	1.429891	-0.877886	-28.114752	-0.046131	-2.085435	-28.094337	0.960836	-1.013059	-28.173004	0.947939	-1.089573	-27.818093	0.954172	-1.209860	-27.854116	0.943979	-1.286429	-28.119248	0.456908	-1.031982	-27.838659	0.460518	-1.267225	-28.155552	-0.058873	-1.008483	-28.134079	-0.047626	-1.089030	-27.819357	-0.052022	-1.210306	-27.848847	-0.060643	-1.265770
881	12.226231	00:00:12:17	-28.024794	1.629967	-1.262425	-27.920257	1.684994	-1.175839	-28.029181	1.647054	-1.093350	-28.002834	1.554377	-1.172949	-27.986262	1.525963	-1.128166	-28.117525	1.564133	-1.093883	-27.900925	1.530828	-1.249287	-27.806558	1.490169	-1.013099	-27.982338	0.744424	-1.639085	-27.485068	1.422793	-0.866701	-28.107375	-0.069119	-2.050777	-27.473240	1.402503	-0.844254	-28.110450	-0.109386	-2.031468	-27.456317	1.428021	-0.872963	-28.167987	-0.054114	-2.058653	-28.141849	0.939739	-1.045888	-28.164096	0.936262	-1.075450	-27.833083	0.966513	-1.225019	-27.849012	0.951087	-1.302185	-28.185393	0.458084	-1.060905	-27.828501	0.455278	-1.263075	-28.122249	-0.063968	-1.045033	-28.143083	-0.074433	-1.075594	-27.814899	-0.058267	-1.225989	-27.885777	-0.084813	-1.270767
882	12.240125	00:00:12:18	-28.023180	1.651532	-1.212866	-27.950128	1.646621	-1.160297	-28.038180	1.661244	-1.106042	-27.996980	1.553831	-1.157395	-28.004899	1.523028	-1.136435	-28.125747	1.540260	-1.108762	-27.867421	1.563897	-1.273166	-27.816275	1.520459	-0.982309	-28.004178	0.758316	-1.646355	-27.454097	1.417340	-0.923213	-28.098731	-0.058056	-2.049856	-27.451711	1.403621	-0.880168	-28.061198	-0.070466	-2.046713	-27.466279	1.429021	-0.895504	-28.077354	-0.060133	-2.067066	-28.112735	0.938973	-1.052616	-28.170983	0.969633	-1.125343	-27.839674	0.977886	-1.209373	-27.875346	0.969534	-1.253019	-28.141344	0.437768	-1.048491	-27.852275	0.444383	-1.259880	-28.122736	-0.057680	-1.032489	-28.175743	-0.059158	-1.071394	-27.859611	-0.063900	-1.218627	-27.857691	-0.047812	-1.283923
883	12.254018	00:00:12:19	-28.043798	1.641036	-1.222177	-27.927463	1.666982	-1.162133	-28.003625	1.643442	-1.080626	-28.024094	1.510397	-1.165486	-27.980095	1.538605	-1.185216	-28.155017	1.540850	-1.120299	-27.869179	1.538177	-1.239823	-27.817216	1.449097	-0.979997	-28.018574	0.748125	-1.639239	-27.464725	1.435557	-0.876789	-28.105903	-0.037484	-2.070620	-27.472422	1.387062	-0.872934	-28.099163	-0.053289	-2.072992	-27.463649	1.417160	-0.902762	-28.113958	-0.027841	-2.094952	-28.132534	0.981198	-1.032789	-28.160159	0.963024	-1.061653	-27.840492	0.985414	-1.197730	-27.874165	0.921910	-1.269719	-28.133644	0.455367	-1.062261	-27.854224	0.430729	-1.253991	-28.121442	-0.056461	-1.043763	-28.187908	-0.055457	-1.076193	-27.829001	-0.052651	-1.235693	-27.855126	-0.071402	-1.267588
884	12.267911	00:00:12:20	-28.061102	1.653959	-1.248310	-27.959062	1.639024	-1.166406	-28.033314	1.642177	-1.112174	-27.973255	1.554524	-1.172595	-27.981498	1.539256	-1.140735	-28.135501	1.573942	-1.093847	-27.875805	1.518327	-1.267186	-27.802325	1.483323	-0.998261	-27.987844	0.730879	-1.663131	-27.516440	1.380086	-0.880826	-28.117280	-0.052605	-2.061097	-27.478341	1.417752	-0.862766	-28.117226	-0.046419	-2.057072	-27.482585	1.390110	-0.900066	-28.102626	-0.046025	-2.054488	-28.126959	0.959557	-1.061018	-28.161816	0.937605	-1.112959	-27.838396	0.937030	-1.239740	-27.859836	0.942560	-1.278611	-28.133302	0.442673	-1.053829	-27.828200	0.466854	-1.255725	-28.149374	-0.058106	-1.019518	-28.150178	-0.068381	-1.076492	-27.810798	-0.061804	-1.197743	-27.839669	-0.042012	-1.242883
885	12.281805	00:00:12:21	-28.039554	1.645364	-1.216388	-27.916014	1.629113	-1.158932	-28.020593	1.675603	-1.083675	-28.028019	1.549908	-1.168591	-27.996339	1.515157	-1.154948	-28.079039	1.565483	-1.106926	-27.853783	1.549884	-1.269203	-27.785931	1.483879	-0.981670	-27.962053	0.762408	-1.688260	-27.444739	1.409470	-0.876006	-28.079093	-0.041928	-2.045971	-27.495307	1.402839	-0.863599	-28.122517	-0.053686	-2.070839	-27.485762	1.446642	-0.861485	-28.107704	-0.034965	-2.052344	-28.132241	0.977770	-1.049173	-28.136874	0.972037	-1.114573	-27.833738	0.970961	-1.228290	-27.846563	0.998666	-1.298687	-28.134225	0.434943	-1.037774	-27.878863	0.419741	-1.284623	-28.121442	-0.027909	-1.026201	-28.169381	-0.042991	-1.057296	-27.807648	-0.039470	-1.217583	-27.824424	-0.053166	-1.269527
886	12.295698	00:00:12:22	-28.059541	1.635632	-1.273236	-27.913005	1.687006	-1.164820	-28.029642	1.669309	-1.092949	-28.033655	1.538083	-1.176136	-27.977162	1.550951	-1.139924	-28.115138	1.538956	-1.125476	-27.844627	1.555227	-1.264653	-27.782454	1.511864	-0.983637	-27.979442	0.717141	-1.684236	-27.456344	1.399382	-0.859204	-28.094747	-0.070494	-2.041690	-27.466665	1.446171	-0.872570	-28.094104	-0.020276	-2.098641	-27.425076	1.413191	-0.855496	-28.087529	-0.031075	-2.065437	-28.102557	0.980428	-1.062035	-28.141889	0.959665	-1.081588	-27.805985	0.960928	-1.248727	-27.889420	0.944468	-1.281338	-28.162632	0.458156	-1.062566	-27.839556	0.445936	-1.269123	-28.154011	-0.048002	-1.021112	-28.137032	-0.073820	-1.068404	-27.828881	-0.074474	-1.213005	-27.865132	-0.056126	-1.274768
887	12.309592	00:00:12:23	-28.067938	1.642294	-1.226585	-27.937183	1.677432	-1.192066	-28.003220	1.672768	-1.100294	-27.983549	1.546042	-1.151395	-27.991406	1.552781	-1.139625	-28.129430	1.576550	-1.104632	-27.871801	1.539769	-1.282988	-27.817931	1.454536	-1.010571	-27.991329	0.760198	-1.690008	-27.477239	1.365608	-0.881922	-28.053352	-0.048145	-2.061885	-27.479347	1.402414	-0.886166	-28.095141	-0.041061	-2.077291	-27.465856	1.411451	-0.898776	-28.109690	-0.070764	-2.098419	-28.112772	0.947596	-1.055970	-28.167874	0.987694	-1.094912	-27.871584	0.947833	-1.256652	-27.856488	0.973837	-1.273345	-28.150660	0.448595	-1.050347	-27.854403	0.482660	-1.262327	-28.150754	-0.023803	-1.019198	-28.166671	-0.019798	-1.107851	-27.813723	-0.079807	-1.207853	-27.830195	-0.062213	-1.265779
888	12.323485	00:00:12:24	-28.025136	1.651378	-1.214703	-27.930434	1.662700	-1.142350	-28.037565	1.663717	-1.095323	-27.981075	1.563289	-1.177409	-27.979809	1.532017	-1.151198	-28.137229	1.556093	-1.087741	-27.865456	1.538315	-1.251753	-27.784644	1.496371	-0.969632	-27.997588	0.723022	-1.630066	-27.480513	1.381076	-0.865513	-28.109646	-0.100411	-2.091965	-27.460053	1.401403	-0.867396	-28.078404	-0.036752	-2.061318	-27.448677	1.408710	-0.870677	-28.100371	-0.086629	-2.045117	-28.115753	0.947034	-1.082654	-28.164013	0.958495	-1.087759	-27.817785	0.942688	-1.232464	-27.851910	0.941180	-1.303640	-28.184725	0.471974	-1.094043	-27.862580	0.480729	-1.289824	-28.151441	-0.019839	-1.034475	-28.165265	-0.038462	-1.069464	-27.834009	-0.050879	-1.215392	-27.851537	-0.042984	-1.270994
889	12.337379	00:00:12:25	-28.037142	1.658074	-1.228157	-27.889668	1.645091	-1.186467	-28.027310	1.643695	-1.126292	-27.978356	1.528367	-1.172193	-28.001636	1.572718	-1.160067	-28.135952	1.557943	-1.101734	-27.885795	1.578986	-1.284108	-27.802764	1.472861	-0.972621	-27.990965	0.719691	-1.686474	-27.462359	1.406572	-0.865668	-28.071652	-0.017576	-2.096583	-27.454187	1.390762	-0.866092	-28.111032	-0.072699	-2.093633	-27.480408	1.418002	-0.900629	-28.068958	-0.041477	-2.052105	-28.128042	0.979298	-1.035741	-28.234113	0.962531	-1.108900	-27.815101	0.947731	-1.235071	-27.899742	0.951672	-1.275974	-28.156741	0.440657	-1.068458	-27.833083	0.468870	-1.267479	-28.128042	-0.053425	-0.989084	-28.135003	-0.057397	-1.128816	-27.824819	-0.047270	-1.211739	-27.870292	-0.083329	-1.280562
890	12.351272	00:00:12:26	-28.048547	1.658214	-1.240343	-27.913422	1.646722	-1.154647	-28.038854	1.658918	-1.139834	-28.006296	1.556927	-1.191058	-27.980186	1.547496	-1.132275	-28.139578	1.538803	-1.110826	-27.896684	1.536251	-1.238580	-27.810221	1.506244	-0.992085	-27.997023	0.747385	-1.645133	-27.457277	1.443709	-0.905986	-28.086507	-0.042061	-2.073319	-27.453974	1.409008	-0.875132	-28.114251	-0.065785	-2.085708	-27.470514	1.389295	-0.868084	-28.103688	-0.065797	-2.060945	-28.139069	0.960037	-1.046452	-28.151454	0.979164	-1.127451	-27.816018	0.983733	-1.227396	-27.843013	0.953582	-1.281073	-28.140717	0.454688	-1.040010	-27.874010	0.475472	-1.251562	-28.148867	-0.022530	-1.043163	-28.180243	-0.052231	-1.090574	-27.845393	-0.052381	-1.188090	-27.822898	-0.057917	-1.279574
891	12.365166	00:00:12:27	-28.005676	1.670563	-1.201431	-27.902786	1.675145	-1.155787	-28.000515	1.646984	-1.116727	-28.003238	1.547553	-1.173325	-28.005927	1.537636	-1.176487	-28.134506	1.536268	-1.101853	-27.906525	1.549865	-1.259919	-27.793346	1.479492	-0.974130	-28.029782	0.733682	-1.640207	-27.468447	1.387134	-0.877366	-28.084701	-0.062584	-2.058690	-27.474628	1.426818	-0.854189	-28.070167	-0.043377	-2.067969	-27.467497	1.399660	-0.929605	-28.104527	-0.042309	-2.086368	-28.135039	0.945089	-1.052602	-28.159280	0.947692	-1.104597	-27.800098	0.974544	-1.288798	-27.878916	0.944843	-1.284444	-28.114129	0.464572	-1.010254	-27.863790	0.486129	-1.245257	-28.149403	-0.066523	-1.063246	-28.171136	-0.084324	-1.096051	-27.815301	-0.009984	-1.221620	-27.877670	-0.046941	-1.260836
892	12.379059	00:00:12:28	-28.055499	1.658740	-1.211924	-27.938767	1.672566	-1.146679	-28.023353	1.666482	-1.103267	-27.994553	1.517495	-1.176862	-27.973607	1.555816	-1.136215	-28.164961	1.558988	-1.098902	-27.881127	1.530586	-1.264871	-27.818614	1.499845	-1.008878	-27.963325	0.767163	-1.654791	-27.454524	1.393087	-0.859960	-28.115529	-0.042660	-2.058397	-27.499334	1.399083	-0.869652	-28.077149	-0.038926	-2.100229	-27.482466	1.404289	-0.913690	-28.067165	-0.056269	-2.050269	-28.153804	0.953475	-1.031315	-28.161659	0.959080	-1.089045	-27.841000	0.976985	-1.227194	-27.871211	0.953531	-1.300636	-28.117826	0.476984	-1.079207	-27.869654	0.500622	-1.229662	-28.117486	-0.021096	-1.049045	-28.152343	-0.059907	-1.064739	-27.837378	-0.069438	-1.187436	-27.846793	-0.061482	-1.261919
893	12.392952	00:00:12:29	-28.046946	1.630967	-1.232031	-27.929411	1.646626	-1.180530	-28.031741	1.666991	-1.090203	-28.005067	1.562251	-1.178514	-28.011935	1.545257	-1.171228	-28.117565	1.596292	-1.117051	-27.875870	1.540789	-1.266077	-27.802785	1.489821	-1.005542	-27.986884	0.703500	-1.626288	-27.499844	1.382536	-0.866541	-28.114851	-0.030296	-2.046414	-27.470320	1.440549	-0.845406	-28.071729	-0.030619	-2.084600	-27.501416	1.403930	-0.863412	-28.115116	-0.072903	-2.070886	-28.119656	0.952693	-1.067122	-28.147747	0.919015	-1.106401	-27.867387	0.978451	-1.266591	-27.842089	0.951324	-1.290389	-28.140956	0.444539	-1.067475	-27.870617	0.441676	-1.237268	-28.150549	-0.093304	-1.002640	-28.169382	-0.077729	-1.090036	-27.807424	-0.045797	-1.198171	-27.843993	-0.045420	-1.249549
894	12.406846	00:00:12:30	-28.044947	1.647325	-1.249213	-27.934673	1.616780	-1.163030	-28.001126	1.677798	-1.121446	-28.013001	1.551206	-1.144641	-27.987687	1.544952	-1.163633	-28.141345	1.553550	-1.128545	-27.886913	1.556385	-1.239023	-27.797373	1.450597	-1.003693	-27.979784	0.726864	-1.639870	-27.467095	1.389177	-0.892797	-28.089838	-0.048719	-2.084588	-27.478092	1.407189	-0.887348	-28.127971	-0.024699	-2.049708	-27.472002	1.391829	-0.853987	-28.063760	-0.061029	-2.021489	-28.142881	0.973764	-1.040842	-28.154238	0.972744	-1.105293	-27.834243	0.967570	-1.263466	-27.862579	0.963561	-1.278131	-28.142853	0.431621	-1.038900	-27.871688	0.422868	-1.211728	-28.133179	-0.038440	-1.026713	-28.150800	-0.063914	-1.064802	-27.852167	-0.052826	-1.202220	-27.834830	-0.058417	-1.246485
895	12.420739	00:00:12:31	-28.044719	1.650420	-1.231704	-27.924119	1.648046	-1.152330	-28.026667	1.659539	-1.080097	-28.002407	1.520281	-1.160228	-28.002509	1.556043	-1.125665	-28.098459	1.563748	-1.121171	-27.860557	1.534203	-1.236617	-27.770047	1.452580	-0.995511	-28.019218	0.739404	-1.677240	-27.464781	1.414195	-0.892742	-28.104198	-0.036155	-2.029460	-27.455068	1.408577	-0.917794	-28.112444	-0.044318	-2.059288	-27.483514	1.418889	-0.878440	-28.105650	-0.041356	-2.039874	-28.126007	0.937993	-1.046484	-28.167140	0.949360	-1.072068	-27.828502	0.990527	-1.228223	-27.871290	0.967417	-1.277347	-28.175669	0.483222	-1.050708	-27.814239	0.441589	-1.244201	-28.145212	-0.042555	-1.011468	-28.145035	-0.073892	-1.095669	-27.812145	-0.058152	-1.207633	-27.830500	-0.037947	-1.268858
896	12.434633	00:00:12:32	-28.065179	1.662796	-1.196872	-27.912463	1.652776	-1.139817	-28.022228	1.651730	-1.104405	-28.029886	1.570963	-1.192320	-27.968221	1.560204	-1.148828	-28.152033	1.527665	-1.099718	-27.880576	1.515136	-1.280005	-27.810709	1.443353	-0.995761	-27.968326	0.727230	-1.634930	-27.481486	1.377132	-0.871085	-28.077706	-0.014044	-2.076322	-27.489340	1.394579	-0.857567	-28.096390	-0.066790	-2.042609	-27.484972	1.393465	-0.907644	-28.085106	-0.039432	-2.063050	-28.153743	0.959336	-1.050381	-28.182198	0.973191	-1.098235	-27.826107	0.974066	-1.205179	-27.874733	0.991668	-1.263825	-28.141016	0.460658	-1.090781	-27.846446	0.463410	-1.234162	-28.110008	-0.053300	-1.025865	-28.151001	-0.072972	-1.092220	-27.826133	-0.065619	-1.221064	-27.841503	-0.061264	-1.274584
897	12.448526	00:00:12:33	-28.067695	1.667029	-1.233122	-27.920859	1.632697	-1.140496	-28.021257	1.666655	-1.064089	-27.981371	1.543031	-1.198745	-27.942407	1.531684	-1.164384	-28.130513	1.528786	-1.086819	-27.867355	1.533352	-1.270451	-27.796296	1.463320	-0.991910	-27.976465	0.732691	-1.661416	-27.483728	1.394207	-0.892953	-28.097423	-0.050197	-2.040663	-27.473688	1.378447	-0.861647	-28.095080	-0.043589	-2.075619	-27.461562	1.377460	-0.873215	-28.086595	-0.045782	-2.061093	-28.150398	0.958909	-1.027139	-28.139682	0.956471	-1.093579	-27.816665	0.976033	-1.245950	-27.856466	0.974097	-1.283572	-28.163027	0.441957	-1.068271	-27.846478	0.463411	-1.250027	-28.090125	-0.054167	-1.029569	-28.163120	-0.064346	-1.084383	-27.828069	-0.010752	-1.167528	-27.865433	-0.024249	-1.284975
898	12.462420	00:00:12:34	-28.027657	1.632163	-1.234623	-27.917209	1.635618	-1.112604	-28.017125	1.643701	-1.092082	-28.033927	1.563097	-1.164251	-27.957218	1.543575	-1.156671	-28.127592	1.509451	-1.150032	-27.856843	1.520751	-1.264370	-27.797419	1.435264	-1.006033	-27.984084	0.733329	-1.656633	-27.490570	1.402364	-0.897385	-28.104696	-0.025134	-2.061953	-27.467272	1.411733	-0.871600	-28.101814	0.008860	-2.080586	-27.458329	1.405290	-0.850544	-28.102249	-0.057208	-2.087164	-28.142811	0.960780	-1.024991	-28.137473	0.942779	-1.077891	-27.813230	0.964717	-1.247386	-27.894554	0.968184	-1.247902	-28.157985	0.462679	-1.078538	-27.817572	0.480393	-1.279997	-28.113658	-0.060511	-1.043760	-28.156036	-0.073410	-1.060474	-27.839533	-0.048138	-1.250035	-27.857413	-0.022745	-1.247824
899	12.476313	00:00:12:35	-28.073128	1.662641	-1.256979	-27.940063	1.662592	-1.153404	-28.026521	1.674666	-1.105206	-28.022083	1.545498	-1.206001	-27.971101	1.523073	-1.120648	-28.110630	1.532155	-1.111443	-27.898466	1.526300	-1.244845	-27.785912	1.459408	-0.992979	-27.989829	0.776860	-1.656701	-27.471666	1.402549	-0.863738	-28.101923	-0.030754	-2.063862	-27.489573	1.392702	-0.888214	-28.080717	-0.012246	-2.088925	-27.472135	1.418113	-0.893483	-28.115125	-0.050086	-2.040307	-28.142283	0.973974	-1.038117	-28.160551	0.966703	-1.107194	-27.811665	0.960416	-1.224517	-27.888895	0.987959	-1.249094	-28.181577	0.476267	-1.074219	-27.847188	0.452709	-1.230114	-28.123240	-0.040640	-1.023829	-28.163360	-0.051858	-1.079984	-27.850252	-0.028968	-1.212510	-27.834513	-0.062973	-1.283139
900	12.490207	00:00:12:36	-28.058785	1.653734	-1.213054	-27.904851	1.648786	-1.175003	-27.998328	1.646750	-1.124888	-28.030498	1.564169	-1.178681	-27.972145	1.557742	-1.128310	-28.129506	1.524280	-1.114129	-27.850260	1.549605	-1.248367	-27.828688	1.476691	-0.992455	-27.971359	0.756621	-1.646710	-27.486658	1.394035	-0.882127	-28.097155	-0.065932	-2.063866	-27.490258	1.408546	-0.882913	-28.098899	-0.066002	-2.078884	-27.460064	1.426831	-0.889029	-28.075451	-0.054268	-2.069774	-28.123736	0.969914	-1.060087	-28.167699	0.918282	-1.107878	-27.849154	0.983338	-1.268834	-27.854298	0.940196	-1.272110	-28.156665	0.447678	-1.091385	-27.826864	0.445192	-1.222992	-28.148714	-0.031505	-1.016965	-28.176480	-0.085227	-1.046015	-27.818714	-0.070660	-1.199825	-27.873615	-0.053632	-1.276322
901	12.504100	00:00:12:37	-28.024952	1.679661	-1.254599	-27.891045	1.645703	-1.167978	-27.999522	1.634820	-1.087499	-27.986597	1.543835	-1.185586	-27.994945	1.568231	-1.141357	-28.084186	1.540779	-1.095635	-27.867101	1.529902	-1.249808	-27.789261	1.466376	-0.997907	-28.014670	0.756554	-1.655017	-27.462226	1.383183	-0.890675	-28.081836	-0.046676	-2.047750	-27.479244	1.371443	-0.879432	-28.076263	-0.027611	-2.058207	-27.455040	1.418257	-0.882918	-28.118895	-0.025575	-2.106799	-28.095195	0.927377	-1.032718	-28.167175	0.979399	-1.084580	-27.863644	0.997367	-1.261001	-27.864894	0.944145	-1.275544	-28.178208	0.454166	-1.025212	-27.859994	0.463590	-1.259745	-28.103671	-0.022537	-1.032480	-28.179456	-0.053495	-1.076975	-27.828077	-0.041297	-1.211782	-27.857327	-0.050300	-1.258010
902	12.517993	00:00:12:38	-28.040040	1.644053	-1.237590	-27.919378	1.637059	-1.140483	-28.011930	1.650961	-1.076292	-27.995285	1.550155	-1.155031	-27.971344	1.556150	-1.150010	-28.136582	1.513080	-1.088546	-27.873743	1.522789	-1.242011	-27.814165	1.435513	-0.982286	-28.006078	0.737685	-1.680661	-27.504338	1.397658	-0.860092	-28.116015	-0.072929	-2.073866	-27.498433	1.407230	-0.890650	-28.102774	-0.075871	-2.069897	-27.489939	1.390361	-0.836398	-28.113491	-0.016470	-2.067707	-28.136057	0.953908	-1.040537	-28.140218	0.946839	-1.083707	-27.831455	0.976832	-1.223580	-27.844382	0.970494	-1.284765	-28.111679	0.444942	-1.056036	-27.845339	0.471993	-1.265970	-28.120384	-0.034987	-0.998705	-28.129302	-0.078925	-1.067783	-27.809757	-0.052185	-1.210450	-27.838798	-0.058934	-1.259826
903	12.531887	00:00:12:39	-28.027937	1.653635	-1.228875	-27.926138	1.657468	-1.161605	-28.060116	1.685116	-1.117571	-27.986274	1.505587	-1.193806	-27.977190	1.524596	-1.128263	-28.107943	1.532639	-1.093349	-27.875763	1.558891	-1.276840	-27.795719	1.459116	-0.981324	-27.983376	0.750988	-1.644920	-27.443025	1.390835	-0.869089	-28.090284	-0.047005	-2.038965	-27.470398	1.387752	-0.891441	-28.124034	-0.038565	-2.059809	-27.485478	1.396890	-0.913718	-28.139008	-0.044880	-2.044666	-28.140599	0.974181	-1.050132	-28.154249	0.967880	-1.117738	-27.863032	0.996876	-1.241498	-27.845640	0.969613	-1.249549	-28.137200	0.462838	-1.069847	-27.790694	0.462043	-1.243735	-28.132355	-0.065121	-1.014416	-28.155715	-0.069844	-1.060461	-27.826766	-0.072735	-1.191479	-27.848424	-0.055477	-1.257249
904	12.545780	00:00:12:40	-28.024909	1.630001	-1.225374	-27.910883	1.653465	-1.146649	-28.021449	1.687713	-1.120602	-28.011329	1.545323	-1.171033	-27.975135	1.542042	-1.161267	-28.084848	1.530918	-1.107297	-27.853832	1.545701	-1.239741	-27.802415	1.435202	-0.990217	-27.981780	0.719188	-1.652838	-27.438505	1.421816	-0.873110	-28.082578	-0.021315	-2.085260	-27.489641	1.376692	-0.886456	-28.111810	-0.086093	-2.086287	-27.477641	1.414161	-0.865133	-28.082973	-0.050405	-2.046970	-28.129041	0.994140	-1.064568	-28.183552	0.939007	-1.109166	-27.844481	0.963990	-1.209975	-27.868193	0.968516	-1.278699	-28.148988	0.478424	-1.096165	-27.849570	0.431435	-1.247185	-28.149101	-0.047429	-1.016843	-28.141790	-0.060931	-1.053255	-27.822959	-0.033185	-1.207920	-27.856300	-0.046117	-1.295309
905	12.559674	00:00:12:41	-28.029710	1.646524	-1.245429	-27.916620	1.654539	-1.176650	-28.036638	1.677429	-1.136090	-27.973403	1.541960	-1.176310	-27.981943	1.546638	-1.128482	-28.144873	1.525232	-1.088004	-27.844642	1.578084	-1.268766	-27.778962	1.440988	-0.982330	-27.962759	0.739492	-1.659855	-27.493499	1.393497	-0.884195	-28.066503	-0.017841	-2.061273	-27.467875	1.392796	-0.875435	-28.101268	-0.053366	-2.067157	-27.476207	1.400601	-0.901346	-28.099773	-0.028880	-2.054265	-28.104913	0.984643	-1.065574	-28.153623	0.939433	-1.085778	-27.799564	0.988289	-1.218393	-27.863946	0.976819	-1.261614	-28.152436	0.480114	-1.106040	-27.860828	0.421183	-1.216260	-28.126698	-0.064185	-1.024944	-28.163216	-0.011185	-1.066301	-27.814988	-0.039795	-1.196073	-27.838181	-0.048944	-1.291721
906	12.573567	00:00:12:42	-28.038071	1.635273	-1.234074	-27.926422	1.660955	-1.161752	-28.031476	1.685294	-1.108749	-28.006923	1.563278	-1.163836	-27.976435	1.548303	-1.174683	-28.109880	1.564537	-1.088400	-27.867847	1.543076	-1.281467	-27.811544	1.457986	-0.991555	-27.968498	0.783204	-1.665761	-27.434636	1.402978	-0.865561	-28.042700	-0.054746	-2.065340	-27.466369	1.387450	-0.844703	-28.068713	-0.053099	-2.070320	-27.452969	1.433403	-0.910795	-28.080391	-0.036605	-2.077697	-28.132259	0.942855	-1.042339	-28.148788	0.985290	-1.078147	-27.836355	0.976783	-1.245739	-27.872530	0.949649	-1.308822	-28.197713	0.458486	-1.055567	-27.843640	0.433254	-1.226939	-28.128528	-0.070646	-1.047108	-28.151891	-0.044956	-1.095081	-27.830185	-0.006900	-1.240373	-27.883479	-0.065219	-1.261765
907	12.587461	00:00:12:43	-28.036194	1.632755	-1.241446	-27.941745	1.625871	-1.143549	-28.046015	1.676638	-1.064428	-27.989883	1.555275	-1.155961	-27.999800	1.540321	-1.157369	-28.113448	1.539659	-1.120080	-27.880720	1.573564	-1.234349	-27.795452	1.479242	-0.987888	-28.020926	0.746848	-1.687004	-27.464914	1.375617	-0.883536	-28.065926	-0.040490	-2.092879	-27.470831	1.407396	-0.892390	-28.103228	-0.042545	-2.058328	-27.447181	1.381621	-0.866168	-28.113019	-0.040857	-2.052140	-28.137126	0.973785	-1.047212	-28.168772	1.000620	-1.097255	-27.825935	0.973026	-1.225453	-27.863544	0.940828	-1.305039	-28.124043	0.451871	-1.070349	-27.851509	0.450211	-1.230964	-28.147040	-0.055621	-1.038411	-28.174006	-0.086805	-1.066566	-27.818676	-0.087596	-1.220127	-27.861310	-0.087855	-1.244413
908	12.601354	00:00:12:44	-28.035736	1.605253	-1.241939	-27.889559	1.665058	-1.143640	-28.022606	1.668965	-1.084146	-28.025160	1.531250	-1.193573	-27.952863	1.564372	-1.150506	-28.137025	1.561290	-1.110815	-27.884523	1.531417	-1.300010	-27.808642	1.458559	-0.972832	-27.972060	0.768615	-1.649175	-27.422280	1.376321	-0.907728	-28.102219	-0.027083	-2.079601	-27.474343	1.427814	-0.890306	-28.098874	-0.054895	-2.041205	-27.501988	1.413607	-0.856157	-28.094838	-0.053138	-2.034788	-28.103279	0.998687	-1.037649	-28.149088	0.993450	-1.102699	-27.828972	1.002119	-1.244963	-27.874141	0.971376	-1.285605	-28.139068	0.468592	-1.077481	-27.844533	0.449060	-1.252722	-28.140966	-0.050371	-1.058584	-28.145710	-0.083117	-1.112135	-27.872556	-0.045692	-1.205704	-27.849770	-0.065674	-1.275149
909	12.615248	00:00:12:45	-28.016588	1.607566	-1.212103	-27.921586	1.649258	-1.114078	-28.004534	1.664182	-1.098229	-28.008576	1.544293	-1.195750	-27.967491	1.506478	-1.152202	-28.120137	1.557893	-1.111128	-27.886440	1.541322	-1.236892	-27.795877	1.477349	-1.002939	-27.973289	0.752719	-1.676360	-27.472088	1.380818	-0.872282	-28.093819	-0.032169	-2.046865	-27.470766	1.404151	-0.871461	-28.124228	-0.056547	-2.033713	-27.453556	1.387849	-0.882686	-28.071547	-0.056559	-2.044901	-28.114268	0.946654	-1.074176	-28.197359	0.970879	-1.071929	-27.837944	0.958565	-1.246120	-27.881594	0.965273	-1.286980	-28.159780	0.438043	-1.048832	-27.866553	0.454041	-1.220521	-28.123037	-0.051692	-1.004891	-28.177541	-0.040672	-1.073702	-27.819771	-0.053660	-1.225769	-27.851137	-0.042653	-1.275287
910	12.629141	00:00:12:46	-28.028467	1.635975	-1.249215	-27.954513	1.621494	-1.166751	-28.055230	1.663531	-1.095532	-27.989393	1.534852	-1.196184	-27.989823	1.538015	-1.158620	-28.119580	1.516090	-1.101449	-27.864965	1.526797	-1.241059	-27.806462	1.465101	-0.984016	-27.995716	0.723587	-1.651143	-27.503677	1.392236	-0.863965	-28.079709	-0.077354	-2.069983	-27.487362	1.430566	-0.890968	-28.080991	-0.082125	-2.070154	-27.478382	1.379291	-0.897333	-28.074003	-0.018380	-2.040204	-28.132234	0.981027	-1.042123	-28.143788	0.955198	-1.109105	-27.848093	0.982602	-1.235950	-27.864204	0.969240	-1.271052	-28.160919	0.459761	-1.057656	-27.841771	0.421608	-1.261945	-28.125360	-0.060708	-0.999745	-28.164397	-0.067003	-1.065366	-27.843890	-0.023662	-1.187533	-27.868777	-0.065986	-1.262649
911	12.643034	00:00:12:47	-28.033078	1.652614	-1.242898	-27.891100	1.648534	-1.170167	-28.029258	1.638133	-1.141423	-27.993600	1.555851	-1.166369	-27.988653	1.528163	-1.151892	-28.123771	1.518868	-1.122656	-27.848491	1.566056	-1.255181	-27.798927	1.452314	-0.987766	-27.976181	0.746502	-1.685078	-27.503502	1.383499	-0.852222	-28.098919	-0.038568	-2.089359	-27.488419	1.421227	-0.884425	-28.080646	-0.017241	-2.040442	-27.451711	1.403261	-0.875218	-28.118775	-0.036886	-2.051548	-28.115386	0.954727	-1.028606	-28.145991	0.956190	-1.078865	-27.823906	0.974029	-1.238809	-27.861739	0.949221	-1.287396	-28.173042	0.438592	-1.064425	-27.850077	0.453495	-1.270595	-28.116393	-0.085289	-1.081278	-28.161843	-0.087026	-1.092735	-27.831556	-0.039626	-1.223695	-27.854884	-0.034248	-1.269427
912	12.656928	00:00:12:48	-28.035860	1.630146	-1.229038	-27.940483	1.681590	-1.177974	-28.020577	1.662648	-1.106464	-27.990137	1.549325	-1.191970	-27.958174	1.536796	-1.152209	-28.129227	1.510464	-1.118425	-27.886782	1.528592	-1.250065	-27.776756	1.473774	-0.982312	-27.998538	0.740492	-1.677199	-27.474890	1.414396	-0.877055	-28.080916	-0.021539	-2.066159	-27.452919	1.395229	-0.861575	-28.086387	-0.040814	-2.055600	-27.471763	1.403265	-0.883876	-28.115470	-0.069984	-2.073971	-28.126450	0.962744	-1.056172	-28.208610	0.949319	-1.111022	-27.802676	0.967910	-1.218350	-27.863040	0.979970	-1.277452	-28.133989	0.461480	-1.062431	-27.833647	0.466666	-1.263721	-28.112837	-0.055563	-1.035451	-28.151890	-0.045566	-1.069890	-27.873787	-0.053181	-1.239300	-27.871554	-0.054578	-1.286453
913	12.670821	00:00:12:49	-28.048562	1.656377	-1.244438	-27.922082	1.664754	-1.126632	-28.041907	1.649469	-1.092129	-27.999727	1.526560	-1.168734	-28.003679	1.511528	-1.157197	-28.127733	1.551555	-1.132817	-27.883801	1.523431	-1.294427	-27.799065	1.492820	-1.012787	-28.001240	0.751806	-1.650943	-27.466422	1.393343	-0.856824	-28.109778	-0.072839	-2.057842	-27.494543	1.394374	-0.913468	-28.112194	-0.043792	-2.062176	-27.449379	1.388249	-0.900967	-28.054562	-0.046007	-2.057830	-28.135761	0.979748	-1.073291	-28.155795	0.950337	-1.109660	-27.845288	0.961136	-1.238330	-27.866606	0.946111	-1.286123	-28.139966	0.453009	-1.056401	-27.849307	0.462108	-1.206724	-28.149607	-0.063621	-1.039131	-28.140576	-0.067282	-1.069351	-27.840438	-0.051657	-1.226873	-27.867810	-0.056102	-1.297785
914	12.684715	00:00:12:50	-28.050399	1.668534	-1.236253	-27.927700	1.670482	-1.147020	-28.018530	1.648064	-1.069262	-28.004421	1.556526	-1.189297	-27.950990	1.524373	-1.200197	-28.136945	1.537755	-1.099435	-27.908594	1.503242	-1.242681	-27.806078	1.446663	-0.991222	-27.979788	0.752993	-1.660494	-27.477426	1.371260	-0.881751	-28.102725	-0.070787	-2.070837	-27.458223	1.397597	-0.881835	-28.069692	-0.033014	-2.057469	-27.470698	1.383647	-0.873751	-28.079557	-0.046928	-2.057461	-28.113746	0.964711	-1.052804	-28.171062	0.963046	-1.103240	-27.851183	0.966798	-1.204073	-27.855895	0.951749	-1.286600	-28.125507	0.419526	-1.044059	-27.861082	0.453283	-1.258341	-28.125664	-0.083438	-1.009823	-28.171349	-0.065525	-1.095522	-27.814547	-0.077718	-1.222531	-27.881955	-0.034200	-1.238219
915	12.698608	00:00:12:51	-28.033055	1.645141	-1.235836	-27.928412	1.671640	-1.157237	-28.039169	1.669211	-1.118445	-28.004617	1.519529	-1.178859	-27.969565	1.566293	-1.156737	-28.118700	1.548059	-1.108890	-27.903629	1.534966	-1.301391	-27.799233	1.471793	-1.010984	-28.007411	0.714490	-1.662482	-27.457904	1.430317	-0.835955	-28.089448	-0.028438	-2.033179	-27.454917	1.405679	-0.882211	-28.090957	-0.038074	-2.033620	-27.480465	1.389887	-0.907919	-28.114753	-0.077080	-2.040451	-28.111595	0.963244	-1.051363	-28.137479	0.960164	-1.085418	-27.809694	0.967663	-1.223542	-27.878246	0.944185	-1.275841	-28.150160	0.422266	-1.054624	-27.815898	0.467556	-1.251589	-28.165151	-0.073107	-1.034144	-28.172246	-0.064856	-1.103461	-27.819065	-0.034525	-1.216435	-27.862472	-0.057980	-1.281203
916	12.712502	00:00:12:52	-28.021380	1.670081	-1.203288	-27.907737	1.644368	-1.115869	-28.021348	1.654605	-1.069832	-27.981205	1.508178	-1.180581	-27.983259	1.534356	-1.162138	-28.115227	1.533528	-1.106402	-27.880047	1.553434	-1.272398	-27.787077	1.468941	-0.983863	-27.940487	0.745143	-1.638836	-27.508482	1.365104	-0.882157	-28.102918	-0.049375	-2.055571	-27.464774	1.402648	-0.882726	-28.084983	-0.050368	-2.043762	-27.495623	1.388094	-0.884537	-28.090420	-0.033657	-2.049648	-28.154074	0.943823	-1.045570	-28.152885	0.982806	-1.109419	-27.787801	0.963440	-1.249551	-27.884601	0.972258	-1.266588	-28.149074	0.473100	-1.066385	-27.833058	0.465125	-1.239076	-28.143135	-0.079760	-1.026788	-28.151701	-0.070880	-1.069208	-27.815387	-0.071656	-1.186965	-27.865502	-0.072499	-1.257928
917	12.726395	00:00:12:53	-28.054314	1.649072	-1.239104	-27.914984	1.627658	-1.180770	-28.026885	1.679781	-1.100724	-28.024656	1.573071	-1.169663	-27.964213	1.530006	-1.130859	-28.142218	1.490387	-1.086645	-27.875863	1.566498	-1.253853	-27.816235	1.486366	-0.981534	-28.007248	0.748120	-1.659432	-27.451464	1.401094	-0.853807	-28.105817	-0.033595	-2.038699	-27.453339	1.390955	-0.864145	-28.090852	-0.007130	-2.078971	-27.472671	1.371336	-0.858013	-28.071021	-0.021903	-2.076445	-28.129247	0.966800	-1.033718	-28.129115	0.951000	-1.125207	-27.845545	0.959970	-1.231126	-27.873486	0.993081	-1.272534	-28.150274	0.450384	-1.022545	-27.815646	0.472692	-1.246910	-28.157249	-0.036399	-1.024380	-28.140002	-0.075603	-1.051967	-27.846871	-0.055259	-1.232140	-27.867293	-0.061039	-1.230607
918	12.740289	00:00:12:54	-27.979897	1.659099	-1.219206	-27.910630	1.652925	-1.133124	-27.995570	1.649473	-1.085508	-27.994858	1.530446	-1.179675	-27.987402	1.534089	-1.167757	-28.109832	1.563313	-1.078389	-27.910044	1.539833	-1.277012	-27.823119	1.477772	-0.986627	-27.989187	0.748582	-1.658196	-27.481392	1.399600	-0.918579	-28.085238	-0.005156	-2.053057	-27.479130	1.382404	-0.876233	-28.099937	-0.060123	-2.060111	-27.489941	1.370008	-0.856626	-28.135480	-0.054551	-2.052067	-28.137724	0.963196	-1.048523	-28.162124	0.964572	-1.112610	-27.824922	0.982291	-1.261160	-27.847828	0.973591	-1.285553	-28.111864	0.461208	-1.060074	-27.837996	0.437517	-1.227636	-28.156715	-0.049563	-1.031995	-28.155061	-0.061563	-1.072198	-27.855578	-0.056023	-1.218924	-27.858593	-0.060440	-1.239727
919	12.754182	00:00:12:55	-28.052078	1.674290	-1.227832	-27.904675	1.666006	-1.144477	-28.042983	1.655385	-1.100207	-27.982092	1.521014	-1.204855	-28.017816	1.536835	-1.147925	-28.124121	1.597370	-1.111831	-27.877538	1.563245	-1.277323	-27.785927	1.473590	-0.980874	-27.965029	0.732943	-1.672381	-27.466619	1.382712	-0.887626	-28.076361	0.007585	-2.045714	-27.487261	1.368472	-0.868212	-28.109526	-0.033504	-2.056611	-27.481358	1.391978	-0.887844	-28.084021	-0.073531	-2.094125	-28.113750	0.960934	-1.044737	-28.135329	0.924326	-1.089452	-27.835548	0.947016	-1.240306	-27.847018	0.979060	-1.262905	-28.191182	0.489240	-1.089835	-27.837501	0.440749	-1.249794	-28.145095	-0.059989	-1.031224	-28.198635	-0.042896	-1.086902	-27.847089	-0.035308	-1.205796	-27.862613	-0.064390	-1.263701
920	12.768075	00:00:12:56	-28.023815	1.614025	-1.257866	-27.927787	1.669018	-1.148803	-28.028704	1.636851	-1.121310	-28.028331	1.529703	-1.176322	-28.008312	1.545098	-1.165723	-28.139366	1.533833	-1.093801	-27.877170	1.550184	-1.288181	-27.774961	1.447151	-1.022861	-27.991648	0.740304	-1.647451	-27.509670	1.388706	-0.903742	-28.103036	-0.046640	-2.096081	-27.488030	1.354647	-0.892734	-28.087717	-0.057455	-2.067992	-27.502786	1.406975	-0.842521	-28.086384	-0.062617	-2.060231	-28.130800	0.992588	-1.035470	-28.173128	0.964040	-1.099352	-27.813989	0.991224	-1.238929	-27.844001	0.957896	-1.292662	-28.163502	0.448405	-1.038508	-27.820506	0.460093	-1.243985	-28.121155	-0.058647	-1.026400	-28.158876	-0.063373	-1.088097	-27.815068	-0.060700	-1.202028	-27.872019	-0.069130	-1.281054
921	12.781969	00:00:12:57	-28.042012	1.685189	-1.232889	-27.927220	1.644435	-1.120491	-27.995350	1.645426	-1.098417	-27.991997	1.571509	-1.213949	-27.977356	1.556019	-1.168771	-28.124388	1.559818	-1.106883	-27.878245	1.525834	-1.278819	-27.773860	1.501110	-1.006908	-28.002407	0.761890	-1.646682	-27.471429	1.389910	-0.920864	-28.114428	-0.053735	-2.020027	-27.489929	1.376812	-0.844809	-28.092991	-0.052276	-2.079740	-27.484512	1.383927	-0.881487	-28.130933	-0.055077	-2.019345	-28.126356	0.939412	-1.067902	-28.176378	0.983872	-1.114616	-27.823835	0.982944	-1.240846	-27.888852	0.956227	-1.289705	-28.157734	0.458519	-1.085043	-27.864187	0.458167	-1.271288	-28.124274	-0.054900	-1.019819	-28.168648	-0.090705	-1.062691	-27.822346	-0.063704	-1.197219	-27.859919	-0.027575	-1.269727
922	12.795862	00:00:12:58	-28.028919	1.626219	-1.228635	-27.917073	1.635458	-1.135689	-28.043940	1.650615	-1.105034	-28.001273	1.544465	-1.197984	-27.955258	1.514834	-1.137154	-28.131687	1.552722	-1.126551	-27.867266	1.533859	-1.270268	-27.811115	1.484722	-1.025982	-27.974528	0.749400	-1.689480	-27.475344	1.382460	-0.908242	-28.131042	-0.051871	-2.034238	-27.502196	1.389769	-0.901423	-28.106039	-0.057681	-2.015536	-27.465085	1.371667	-0.883971	-28.106580	-0.050402	-2.066431	-28.122898	0.960898	-1.055929	-28.151257	0.965558	-1.112292	-27.835508	0.980169	-1.223688	-27.846391	0.977765	-1.273635	-28.167998	0.438980	-1.074917	-27.828434	0.455170	-1.233296	-28.124611	-0.042989	-1.024917	-28.209982	-0.059934	-1.104639	-27.843659	-0.055789	-1.230739	-27.839822	-0.066273	-1.261779
923	12.809756	00:00:12:59	-28.021270	1.646434	-1.228069	-27.923532	1.636482	-1.171018	-28.008502	1.674256	-1.091335	-27.986733	1.543217	-1.171089	-28.000408	1.537522	-1.129319	-28.137342	1.524025	-1.115838	-27.887607	1.550962	-1.273159	-27.783806	1.463707	-1.004313	-27.993885	0.754531	-1.665595	-27.457192	1.395780	-0.894715	-28.097038	-0.020138	-2.060514	-27.466177	1.375715	-0.894318	-28.083791	-0.017199	-2.064674	-27.497490	1.399599	-0.884696	-28.075074	-0.065060	-2.070304	-28.172167	0.997614	-1.036339	-28.180986	0.961224	-1.109118	-27.846483	0.992483	-1.221992	-27.877546	0.942895	-1.298917	-28.157901	0.425022	-1.069839	-27.834756	0.457336	-1.264601	-28.142638	-0.062856	-1.045382	-28.155077	-0.039383	-1.062551	-27.810835	-0.032038	-1.201650	-27.855461	-0.032333	-1.280092
924	12.823649	00:00:12:60	-28.036590	1.645751	-1.234236	-27.907899	1.656063	-1.120550	-28.033494	1.636066	-1.096594	-28.015781	1.563420	-1.203850	-27.986973	1.540254	-1.158485	-28.097537	1.539833	-1.088308	-27.913403	1.558625	-1.278896	-27.825509	1.459495	-0.980223	-27.972375	0.756385	-1.623432	-27.461139	1.401751	-0.866491	-28.091452	-0.054001	-2.065720	-27.468245	1.383552	-0.891049	-28.098069	-0.045272	-2.038823	-27.472361	1.373381	-0.908539	-28.093333	-0.042692	-2.066549	-28.139306	0.938597	-1.045034	-28.186285	0.954767	-1.112840	-27.801596	0.970729	-1.221266	-27.881275	0.960454	-1.288961	-28.154062	0.429412	-1.072974	-27.840409	0.463153	-1.251828	-28.142532	-0.046991	-1.008912	-28.145259	-0.076402	-1.073587	-27.841373	-0.078469	-1.200142	-27.844014	-0.063515	-1.278174
925	12.837543	00:00:12:61	-28.011923	1.655505	-1.271859	-27.921465	1.679097	-1.141383	-28.046340	1.657976	-1.104087	-27.990918	1.554908	-1.173460	-27.975796	1.517220	-1.179190	-28.129802	1.534131	-1.109744	-27.875672	1.535931	-1.218534	-27.799514	1.477815	-0.989228	-28.002297	0.755607	-1.627458	-27.489396	1.428564	-0.871443	-28.086287	-0.029120	-2.081815	-27.479391	1.365883	-0.869445	-28.073311	-0.043321	-2.053812	-27.476707	1.344364	-0.889148	-28.084674	-0.077350	-2.053235	-28.121921	0.984331	-1.054732	-28.150940	0.939556	-1.091149	-27.815448	1.011218	-1.234171	-27.863582	0.963960	-1.287525	-28.150296	0.450072	-1.064436	-27.811132	0.469551	-1.239269	-28.140176	-0.056009	-1.023672	-28.159435	-0.045989	-1.104004	-27.833678	-0.069287	-1.248371	-27.857570	-0.041185	-1.257786
926	12.851436	00:00:12:62	-28.038775	1.601564	-1.210442	-27.912848	1.674572	-1.146114	-28.025628	1.687480	-1.098375	-28.011673	1.531992	-1.205869	-27.979472	1.554212	-1.147731	-28.136930	1.545049	-1.107386	-27.873911	1.570690	-1.266348	-27.793508	1.470315	-0.996799	-27.976757	0.736267	-1.679986	-27.463519	1.381554	-0.913784	-28.105111	-0.048574	-2.053256	-27.465231	1.373781	-0.892605	-28.111975	-0.051185	-2.071859	-27.472991	1.380692	-0.901611	-28.085471	-0.073237	-2.053847	-28.141107	0.990490	-1.058832	-28.192931	0.946746	-1.120679	-27.834906	0.958104	-1.211683	-27.895220	0.990185	-1.293893	-28.157113	0.416187	-1.053902	-27.846115	0.456786	-1.233938	-28.165522	-0.071601	-1.015596	-28.144371	-0.085870	-1.083632	-27.836141	-0.039846	-1.229971	-27.882997	-0.037083	-1.251370
927	12.865330	00:00:12:63	-28.046439	1.684333	-1.240465	-27.904470	1.680071	-1.143989	-28.005971	1.643141	-1.044056	-27.984687	1.545539	-1.192779	-28.004243	1.574345	-1.114512	-28.125041	1.550892	-1.116792	-27.836632	1.562436	-1.235035	-27.824959	1.486031	-0.982771	-28.005478	0.732221	-1.686493	-27.489359	1.363145	-0.891776	-28.080399	-0.033368	-2.070852	-27.452999	1.431804	-0.874413	-28.083998	-0.039768	-2.064429	-27.485536	1.394218	-0.877570	-28.098584	-0.057402	-2.066658	-28.139390	0.957955	-1.083986	-28.161328	0.959770	-1.116321	-27.838478	0.959135	-1.259306	-27.875455	0.978567	-1.310424	-28.135219	0.450259	-1.055366	-27.838993	0.492201	-1.224842	-28.159002	-0.052523	-1.025426	-28.121994	-0.045072	-1.111889	-27.830923	-0.012479	-1.197946	-27.858577	-0.025105	-1.242675
928	12.879223	00:00:12:64	-28.058396	1.643373	-1.204099	-27.926634	1.635802	-1.143033	-28.051349	1.639315	-1.074492	-28.000551	1.523171	-1.189266	-27.990833	1.491216	-1.158160	-28.149974	1.540834	-1.092112	-27.900078	1.575962	-1.248730	-27.787797	1.450182	-0.984973	-27.988576	0.750952	-1.657860	-27.467063	1.422404	-0.873463	-28.064529	-0.004292	-2.032284	-27.482626	1.391317	-0.914854	-28.088912	-0.010360	-2.036248	-27.480595	1.386375	-0.876698	-28.115366	-0.036241	-2.048316	-28.149464	0.985823	-1.054612	-28.162845	0.957563	-1.106139	-27.836189	0.990599	-1.242034	-27.797566	0.978158	-1.268669	-28.150928	0.453278	-1.066172	-27.861709	0.479913	-1.246341	-28.159775	-0.027068	-1.026280	-28.175787	-0.039798	-1.073602	-27.853170	-0.057719	-1.213928	-27.844029	-0.063048	-1.277750
929	12.893116	00:00:12:65	-28.014943	1.661483	-1.265859	-27.923622	1.634572	-1.143198	-28.005762	1.665548	-1.088117	-27.983824	1.532192	-1.186689	-27.994460	1.556196	-1.133873	-28.145847	1.545763	-1.104133	-27.906895	1.553592	-1.253862	-27.845271	1.464099	-1.002751	-27.985402	0.729503	-1.673691	-27.444340	1.402177	-0.902601	-28.087153	-0.032883	-2.064675	-27.475940	1.366130	-0.876374	-28.083014	-0.074307	-2.086768	-27.475686	1.407867	-0.875787	-28.096009	-0.033192	-2.086069	-28.124549	0.966229	-1.037528	-28.152358	0.990672	-1.133559	-27.855193	0.940474	-1.208729	-27.890516	0.946582	-1.285102	-28.162824	0.491971	-1.080437	-27.832098	0.432146	-1.227077	-28.122416	-0.060855	-1.037707	-28.170926	-0.062134	-1.112281	-27.832831	-0.049000	-1.184569	-27.848626	-0.025538	-1.286507
930	12.907010	00:00:12:66	-28.038127	1.647785	-1.237922	-27.930734	1.656032	-1.145853	-28.013222	1.653664	-1.078955	-28.002759	1.555524	-1.173283	-28.021699	1.544017	-1.139053	-28.140937	1.530022	-1.114015	-27.882898	1.542286	-1.250798	-27.807232	1.460209	-0.983174	-28.018992	0.746272	-1.676579	-27.469133	1.379929	-0.839311	-28.106050	-0.044004	-2.076891	-27.461265	1.390884	-0.875146	-28.081627	-0.040086	-2.063670	-27.458479	1.390840	-0.880030	-28.086493	-0.039241	-2.046483	-28.140401	0.963694	-1.053061	-28.183739	0.973413	-1.097379	-27.791882	0.987774	-1.237755	-27.864921	1.003071	-1.280989	-28.132755	0.427740	-1.051395	-27.847420	0.459281	-1.227495	-28.140744	-0.052729	-1.039455	-28.164364	-0.054152	-1.102702	-27.833312	-0.053386	-1.221198	-27.850737	-0.052891	-1.217158
931	12.920903	00:00:12:67	-28.027626	1.649635	-1.237498	-27.897978	1.664301	-1.153038	-28.024559	1.679495	-1.117804	-28.001461	1.534897	-1.205707	-27.954893	1.526081	-1.170277	-28.121560	1.537084	-1.117781	-27.895433	1.524980	-1.294388	-27.830220	1.468285	-0.988229	-28.013412	0.771211	-1.682341	-27.454185	1.392209	-0.909471	-28.100225	-0.020203	-2.067898	-27.479952	1.352236	-0.897359	-28.144864	-0.035060	-2.071868	-27.490881	1.407146	-0.904795	-28.118015	-0.055945	-2.057003	-28.136991	0.971352	-1.063439	-28.153261	0.965660	-1.077834	-27.822149	0.937465	-1.239213	-27.868815	1.006916	-1.317791	-28.125656	0.448624	-1.060955	-27.847256	0.495237	-1.230087	-28.124009	-0.100309	-1.017805	-28.168595	-0.029853	-1.066674	-27.832850	-0.055989	-1.215052	-27.863107	-0.039309	-1.276885
932	12.934797	00:00:12:68	-28.069085	1.649263	-1.235786	-27.917627	1.653704	-1.146683	-28.020239	1.653829	-1.079241	-27.997500	1.490805	-1.217017	-27.958924	1.566553	-1.156257	-28.121468	1.552343	-1.132617	-27.875039	1.538578	-1.257849	-27.791742	1.469765	-0.998817	-27.975025	0.740351	-1.656210	-27.493224	1.356388	-0.902468	-28.049412	-0.057791	-2.113335	-27.461844	1.377810	-0.899230	-28.094833	-0.005685	-2.064597	-27.467339	1.376048	-0.878581	-28.121659	-0.042200	-2.081657	-28.125839	0.978825	-1.065177	-28.157092	0.957530	-1.083589	-27.838904	0.988970	-1.249602	-27.864913	0.934665	-1.261500	-28.162569	0.445758	-1.061313	-27.851487	0.441496	-1.247408	-28.169180	-0.046294	-1.017468	-28.154789	-0.077244	-1.112733	-27.851998	-0.078361	-1.187942	-27.890680	-0.068499	-1.259357
933	12.948690	00:00:12:69	-28.042337	1.617202	-1.230674	-27.939604	1.631908	-1.182904	-28.047687	1.666695	-1.087518	-28.025220	1.518246	-1.199007	-27.966150	1.542070	-1.173051	-28.134352	1.565070	-1.091130	-27.866038	1.539561	-1.227749	-27.816072	1.467830	-1.014610	-27.963009	0.750247	-1.666569	-27.490418	1.361323	-0.861470	-28.082011	-0.026070	-2.070943	-27.494745	1.389754	-0.850740	-28.106060	-0.046088	-2.058257	-27.496945	1.395708	-0.888828	-28.128276	-0.050006	-2.073035	-28.116501	0.959234	-1.046773	-28.169433	0.964561	-1.094206	-27.833002	0.961257	-1.248985	-27.858105	0.967439	-1.273802	-28.143668	0.468592	-1.034433	-27.828440	0.445292	-1.268195	-28.142612	-0.073857	-1.001609	-28.164928	-0.059273	-1.084499	-27.845563	-0.052784	-1.213425	-27.854800	-0.047742	-1.266248
934	12.962584	00:00:12:70	-28.034133	1.640411	-1.267903	-27.945270	1.678534	-1.160085	-28.016759	1.690890	-1.081615	-28.028395	1.538133	-1.212058	-27.971787	1.548191	-1.137207	-28.129745	1.538893	-1.097829	-27.847198	1.549776	-1.307452	-27.846160	1.475095	-1.007149	-27.975929	0.740606	-1.638022	-27.470827	1.402944	-0.883619	-28.096758	-0.069574	-2.022794	-27.472994	1.350234	-0.874646	-28.092897	-0.044104	-2.058946	-27.481364	1.357256	-0.915726	-28.060573	-0.053116	-2.087413	-28.176160	0.945457	-1.081915	-28.170987	0.951234	-1.076684	-27.832280	0.974181	-1.236274	-27.877624	0.960093	-1.296813	-28.122272	0.476718	-1.114814	-27.826854	0.476977	-1.233612	-28.155732	-0.039452	-1.028566	-28.163706	-0.034205	-1.083231	-27.823121	-0.049320	-1.210268	-27.858567	-0.056003	-1.244366
935	12.976477	00:00:12:71	-28.023566	1.663250	-1.229873	-27.925328	1.630932	-1.142465	-28.023836	1.663450	-1.094171	-27.998425	1.547292	-1.182001	-27.982326	1.546034	-1.129786	-28.138340	1.545832	-1.123279	-27.897781	1.540178	-1.297550	-27.818956	1.462808	-0.994264	-27.980672	0.743811	-1.691474	-27.471184	1.395814	-0.891663	-28.096975	-0.028306	-2.031179	-27.465229	1.349837	-0.898609	-28.112492	-0.042364	-2.072059	-27.514142	1.390683	-0.894510	-28.103668	-0.051764	-2.058047	-28.116120	0.954493	-1.055877	-28.166741	0.946192	-1.075270	-27.788314	0.983204	-1.234313	-27.908086	0.969998	-1.270008	-28.177100	0.465527	-1.083697	-27.839906	0.435694	-1.259300	-28.125821	-0.032893	-1.029447	-28.153365	-0.051949	-1.091495	-27.810079	-0.058514	-1.222320	-27.848344	-0.065393	-1.256846
936	12.990371	00:00:12:00	-28.015592	1.630429	-1.243030	-27.910705	1.675657	-1.164236	-28.016091	1.661462	-1.075831	-28.008004	1.539189	-1.198852	-27.984337	1.543627	-1.184873	-28.161353	1.546774	-1.119813	-27.866959	1.524922	-1.271120	-27.846336	1.453035	-0.998139	-27.964157	0.763611	-1.646314	-27.475123	1.383659	-0.874205	-28.077119	-0.042794	-2.057571	-27.443283	1.361317	-0.906204	-28.094194	-0.063718	-2.055846	-27.457213	1.380762	-0.902085	-28.088650	-0.039968	-2.037986	-28.161484	0.922371	-1.093891	-28.166078	0.973879	-1.107455	-27.822030	0.997644	-1.209186	-27.846696	0.984256	-1.258312	-28.134739	0.465182	-1.089405	-27.849242	0.435153	-1.234290	-28.151410	-0.058366	-1.029206	-28.151162	-0.035120	-1.082081	-27.817689	-0.024234	-1.198624	-27.873534	-0.063701	-1.242535
937	13.004264	00:00:13:01	-28.022820	1.661357	-1.240195	-27.919662	1.672332	-1.123509	-28.039636	1.684296	-1.099754	-28.021359	1.586354	-1.161001	-27.972595	1.558351	-1.138222	-28.136994	1.508726	-1.120025	-27.868543	1.541341	-1.248073	-27.792325	1.432284	-0.994283	-27.980208	0.755494	-1.661620	-27.448639	1.361522	-0.909377	-28.069286	-0.036785	-2.073165	-27.472116	1.375610	-0.880048	-28.092609	-0.029396	-2.050802	-27.500621	1.368276	-0.878323	-28.088730	-0.041104	-2.084542	-28.139823	0.968633	-1.067340	-28.165446	0.965854	-1.118389	-27.833255	0.994123	-1.233907	-27.858703	0.964554	-1.297144	-28.172359	0.455821	-1.091694	-27.847013	0.469775	-1.216944	-28.160152	-0.043876	-1.035544	-28.148103	-0.046779	-1.098008	-27.826975	-0.030258	-1.185160	-27.836991	-0.033556	-1.279618
938	13.018157	00:00:13:02	-28.043385	1.671255	-1.212785	-27.903911	1.653427	-1.192977	-28.003263	1.660445	-1.095806	-28.016115	1.554284	-1.213631	-27.993008	1.535399	-1.161964	-28.147722	1.533529	-1.129005	-27.874704	1.543559	-1.269118	-27.838564	1.447776	-0.993926	-27.987516	0.748282	-1.668140	-27.457314	1.363215	-0.912285	-28.071159	-0.054372	-2.070070	-27.472007	1.384611	-0.893467	-28.118011	-0.053978	-2.076265	-27.472001	1.372566	-0.868257	-28.090735	-0.034472	-2.082413	-28.106479	0.970337	-1.060299	-28.164293	0.964037	-1.081704	-27.821770	0.991281	-1.253688	-27.856580	0.987802	-1.249762	-28.149865	0.448927	-1.086248	-27.842573	0.448436	-1.215467	-28.154426	-0.046434	-1.025642	-28.195461	-0.033494	-1.084404	-27.831025	-0.052653	-1.190209	-27.875937	-0.056612	-1.239998
939	13.032051	00:00:13:03	-27.997901	1.646023	-1.242994	-27.913834	1.633286	-1.147765	-28.030169	1.651214	-1.100823	-28.017948	1.552619	-1.196170	-27.999477	1.556888	-1.145948	-28.149019	1.554360	-1.128753	-27.880662	1.557082	-1.296658	-27.833035	1.465239	-0.996859	-27.991344	0.741590	-1.653605	-27.458648	1.342150	-0.874886	-28.115025	-0.039996	-2.050169	-27.477145	1.384528	-0.902235	-28.101815	-0.050004	-2.053662	-27.463525	1.339027	-0.906594	-28.082326	-0.055600	-2.045636	-28.118668	0.968687	-1.009487	-28.191437	0.987136	-1.145339	-27.836488	0.941754	-1.218884	-27.852316	0.937663	-1.284336	-28.132622	0.442597	-1.044930	-27.839299	0.442995	-1.250948	-28.143354	-0.041210	-1.015005	-28.163081	-0.022324	-1.076834	-27.837366	-0.058015	-1.201574	-27.866935	-0.048556	-1.254966
940	13.045944	00:00:13:04	-28.051633	1.641878	-1.242094	-27.920844	1.671894	-1.133043	-28.012966	1.671368	-1.114903	-27.999652	1.568958	-1.191601	-28.007432	1.525951	-1.190578	-28.140355	1.565003	-1.113681	-27.881672	1.550757	-1.258523	-27.817696	1.431520	-1.004057	-27.988592	0.730270	-1.650579	-27.485822	1.380357	-0.910402	-28.084111	-0.055089	-2.051876	-27.521448	1.397348	-0.873861	-28.096727	-0.025891	-2.093553	-27.499904	1.365011	-0.884122	-28.061466	-0.082391	-2.108246	-28.154267	0.975061	-1.083845	-28.190440	0.991243	-1.074702	-27.808255	0.950130	-1.238543	-27.846049	0.947855	-1.283488	-28.135000	0.451710	-1.078717	-27.856099	0.443530	-1.264995	-28.099545	-0.051066	-1.043636	-28.137464	-0.043652	-1.062167	-27.835590	-0.056833	-1.229807	-27.851120	-0.073624	-1.300844
941	13.059838	00:00:13:05	-28.032432	1.627482	-1.211213	-27.916968	1.645240	-1.165603	-28.043203	1.656911	-1.133870	-27.996963	1.522205	-1.188605	-27.970723	1.538854	-1.162031	-28.165852	1.567970	-1.109894	-27.898197	1.551654	-1.282636	-27.786563	1.449051	-0.998482	-27.993860	0.744906	-1.648206	-27.469265	1.367969	-0.854509	-28.087342	-0.010087	-2.080745	-27.464364	1.342918	-0.904977	-28.097067	-0.029629	-2.064643	-27.463351	1.379694	-0.884613	-28.082175	-0.080529	-2.078166	-28.101910	0.990435	-1.023623	-28.185541	0.951898	-1.091326	-27.861544	0.984436	-1.249368	-27.873868	0.941686	-1.287140	-28.159950	0.440172	-1.066616	-27.851133	0.471292	-1.227454	-28.143962	-0.081405	-1.015290	-28.173666	-0.077407	-1.087581	-27.847960	-0.068453	-1.215868	-27.871921	-0.074359	-1.228920
942	13.073731	00:00:13:06	-28.015997	1.654085	-1.255735	-27.926590	1.660284	-1.113383	-28.006699	1.699065	-1.074097	-27.985966	1.521965	-1.167396	-27.986801	1.558612	-1.127117	-28.110568	1.558287	-1.087973	-27.893764	1.538906	-1.273202	-27.813051	1.469084	-0.996436	-28.008482	0.719852	-1.652435	-27.481699	1.401943	-0.872210	-28.098806	-0.047417	-2.062570	-27.458781	1.398803	-0.896375	-28.101376	-0.071369	-2.059325	-27.480014	1.392125	-0.895264	-28.121144	-0.048353	-2.048089	-28.134396	0.926345	-1.060486	-28.189093	0.948104	-1.119128	-27.835148	0.943824	-1.222513	-27.853347	0.946400	-1.302405	-28.144295	0.456397	-1.071956	-27.831424	0.473305	-1.245392	-28.135141	-0.063245	-1.008075	-28.158350	-0.049364	-1.073365	-27.821797	-0.045434	-1.207393	-27.884496	-0.062953	-1.256802
943	13.087625	00:00:13:07	-28.039502	1.661266	-1.236638	-27.916355	1.657266	-1.182809	-28.053672	1.657304	-1.081231	-28.030239	1.532562	-1.145260	-27.986761	1.539253	-1.155372	-28.136807	1.552166	-1.107035	-27.884678	1.514734	-1.247942	-27.796814	1.459177	-1.000697	-27.984769	0.750404	-1.638621	-27.446884	1.368638	-0.908651	-28.086099	-0.056096	-2.044285	-27.464704	1.356228	-0.877297	-28.079155	-0.042192	-2.037281	-27.483149	1.357921	-0.896031	-28.109749	-0.051898	-2.082272	-28.120949	0.993646	-1.070244	-28.108232	0.950011	-1.108028	-27.860658	0.981001	-1.211827	-27.854999	0.948411	-1.255886	-28.177477	0.475634	-1.036400	-27.834405	0.458239	-1.247862	-28.150586	-0.048148	-1.042835	-28.190551	-0.053198	-1.059572	-27.819143	-0.056146	-1.225459	-27.852579	-0.091383	-1.272488
944	13.101518	00:00:13:08	-28.003820	1.662844	-1.238387	-27.915672	1.637281	-1.128373	-28.028538	1.665629	-1.070967	-28.029811	1.521204	-1.163008	-27.989030	1.519373	-1.141985	-28.104506	1.578038	-1.082249	-27.885129	1.581456	-1.243746	-27.814536	1.437494	-1.027041	-27.987754	0.744997	-1.669029	-27.489652	1.372438	-0.901993	-28.070067	-0.030039	-2.034669	-27.444893	1.406796	-0.907133	-28.088301	-0.059065	-2.100075	-27.477854	1.351625	-0.880906	-28.092370	-0.051199	-2.041252	-28.176599	0.953403	-1.060846	-28.203258	0.977916	-1.111460	-27.805513	0.966662	-1.265263	-27.846555	0.976396	-1.299808	-28.130878	0.437358	-1.049448	-27.845779	0.452743	-1.233164	-28.146023	-0.044285	-1.029546	-28.137343	-0.052934	-1.055267	-27.853512	-0.050092	-1.212010	-27.868923	-0.063107	-1.248072
945	13.115412	00:00:13:09	-28.050867	1.653053	-1.217983	-27.907266	1.636325	-1.133445	-28.035330	1.662644	-1.080788	-28.017649	1.567653	-1.182256	-27.981748	1.517692	-1.155486	-28.127657	1.531077	-1.103343	-27.873896	1.547842	-1.258950	-27.788669	1.444732	-0.970965	-27.990912	0.750238	-1.660901	-27.439616	1.359618	-0.890207	-28.121949	-0.031175	-2.056422	-27.476269	1.381369	-0.894403	-28.099412	-0.076391	-2.072510	-27.502216	1.377380	-0.900263	-28.093658	-0.036817	-2.080380	-28.129095	0.964954	-1.059042	-28.168009	0.988891	-1.102352	-27.846043	0.996139	-1.235934	-27.855698	0.936566	-1.297247	-28.127637	0.443096	-1.059872	-27.854813	0.472628	-1.263711	-28.140191	-0.041144	-1.057748	-28.186639	-0.090189	-1.102598	-27.840087	-0.029917	-1.209697	-27.887831	-0.083196	-1.283336
946	13.129305	00:00:13:10	-28.036256	1.650153	-1.237930	-27.942235	1.665353	-1.128388	-28.001109	1.677278	-1.109784	-28.006079	1.513559	-1.183279	-27.997573	1.555899	-1.177147	-28.135484	1.557299	-1.089435	-27.879756	1.538242	-1.247532	-27.799785	1.454073	-0.972251	-27.980907	0.766665	-1.637065	-27.503480	1.373382	-0.901163	-28.091068	-0.045358	-2.091427	-27.483386	1.370830	-0.853889	-28.094331	-0.072854	-2.068864	-27.450974	1.369010	-0.915690	-28.085795	-0.071030	-2.039577	-28.120235	0.991369	-1.066256	-28.153090	0.961015	-1.098061	-27.818799	0.933878	-1.223454	-27.858132	0.934550	-1.298941	-28.167469	0.461270	-1.049466	-27.833652	0.449011	-1.235418	-28.156865	-0.100600	-1.023238	-28.168619	-0.062154	-1.098915	-27.851656	-0.046826	-1.204117	-27.860781	-0.077030	-1.240801
947	13.143198	00:00:13:11	-28.039623	1.646697	-1.246649	-27.921787	1.673614	-1.160863	-28.001378	1.659101	-1.077902	-28.001373	1.537759	-1.199548	-27.990679	1.541246	-1.165593	-28.149729	1.543426	-1.097565	-27.889277	1.529406	-1.240897	-27.805752	1.459832	-0.992605	-27.953734	0.736169	-1.683868	-27.479647	1.390645	-0.882704	-28.096194	-0.039241	-2.065545	-27.448479	1.401199	-0.888714	-28.074802	-0.022140	-2.039661	-27.429179	1.363446	-0.875087	-28.070422	-0.046127	-2.068354	-28.151608	0.970977	-1.037508	-28.172384	0.978004	-1.116777	-27.862667	0.967368	-1.226716	-27.889556	0.935875	-1.291533	-28.124865	0.460048	-1.079815	-27.858395	0.479007	-1.217514	-28.149998	-0.077924	-1.045436	-28.191060	-0.081860	-1.087116	-27.804214	-0.076181	-1.206993	-27.850524	-0.038875	-1.270946
948	13.157092	00:00:13:12	-28.003106	1.639537	-1.219383	-27.931829	1.667986	-1.145406	-28.023975	1.623899	-1.070121	-28.031998	1.535896	-1.202793	-27.996163	1.563848	-1.179452	-28.110955	1.528807	-1.090253	-27.852025	1.525425	-1.275213	-27.799520	1.469044	-1.027466	-28.009701	0.754091	-1.693416	-27.478293	1.376269	-0.881534	-28.089719	-0.047532	-2.086302	-27.455959	1.381649	-0.880067	-28.074872	-0.043139	-2.050856	-27.476840	1.374664	-0.915028	-28.090903	-0.043086	-2.066738	-28.135393	0.980356	-1.062605	-28.134923	0.963096	-1.073550	-27.824781	0.975886	-1.214427	-27.859013	0.957337	-1.294001	-28.163489	0.451823	-1.082415	-27.836652	0.453382	-1.250112	-28.161588	-0.065695	-1.008779	-28.138936	-0.099692	-1.085119	-27.828181	-0.031565	-1.202760	-27.853525	-0.088293	-1.293711
949	13.170985	00:00:13:13	-28.044356	1.654343	-1.230459	-27.911317	1.659713	-1.165142	-28.020423	1.657755	-1.115397	-27.997710	1.529645	-1.166699	-27.983880	1.493910	-1.168455	-28.164756	1.538614	-1.112824	-27.853678	1.514945	-1.277284	-27.785235	1.459399	-1.017526	-28.010511	0.762176	-1.657919	-27.457221	1.384189	-0.910260	-28.117346	-0.043787	-2.088185	-27.457505	1.370119	-0.885118	-28.091399	-0.068097	-2.069755	-27.490185	1.389622	-0.888192	-28.090054	-0.035555	-2.077217	-28.111667	0.978103	-1.068813	-28.165447	0.948576	-1.091455	-27.839622	0.997928	-1.228640	-27.863068	0.946861	-1.279670	-28.162323	0.440688	-1.057929	-27.842644	0.438317	-1.239747	-28.153964	-0.044216	-1.041628	-28.173975	-0.046391	-1.070376	-27.821981	-0.035212	-1.238246	-27.857749	-0.035794	-1.254976
950	13.184879	00:00:13:14	-28.042676	1.641982	-1.213581	-27.924030	1.667115	-1.158270	-28.034260	1.633234	-1.104075	-27.992582	1.551700	-1.185243	-27.985066	1.570792	-1.133918	-28.115332	1.547552	-1.169468	-27.900452	1.537467	-1.272436	-27.824192	1.489672	-1.002568	-27.984474	0.747525	-1.687943	-27.469680	1.350920	-0.851613	-28.115936	-0.003317	-2.037287	-27.469414	1.362404	-0.894344	-28.092441	-0.032630	-2.052916	-27.461840	1.366520	-0.911255	-28.101494	-0.067230	-2.065957	-28.147610	0.970522	-1.054244	-28.162430	0.947272	-1.107694	-27.820537	0.963975	-1.230180	-27.895749	0.911762	-1.288260	-28.158245	0.443240	-1.067098	-27.818901	0.422453	-1.242441	-28.107193	-0.086429	-1.036361	-28.152498	-0.050538	-1.095827	-27.816277	-0.040596	-1.238885	-27.875965	-0.069829	-1.271788
951	13.198772	00:00:13:15	-28.045643	1.641472	-1.187866	-27.909036	1.660560	-1.138950	-28.046347	1.662736	-1.106714	-28.008167	1.538995	-1.172591	-27.993387	1.552475	-1.130057	-28.151519	1.542466	-1.122278	-27.903877	1.552669	-1.263761	-27.820034	1.476489	-1.054685	-27.984965	0.779250	-1.652921	-27.467036	1.397261	-0.896137	-28.108356	-0.049490	-2.064913	-27.489051	1.358594	-0.896892	-28.067647	-0.070167	-2.062997	-27.455240	1.395509	-0.887220	-28.079573	-0.051636	-2.060028	-28.141496	0.962733	-1.019951	-28.151414	0.963840	-1.130263	-27.832404	0.967556	-1.223195	-27.896107	0.927440	-1.278976	-28.140475	0.443905	-1.077013	-27.842119	0.448446	-1.267797	-28.141771	-0.035206	-1.041423	-28.149124	-0.082519	-1.073027	-27.843858	-0.058361	-1.207662	-27.862557	-0.067907	-1.255966
952	13.212666	00:00:13:16	-28.023051	1.614528	-1.243469	-27.922437	1.662310	-1.152981	-28.025685	1.677323	-1.094504	-27.993795	1.511307	-1.191233	-27.986834	1.561707	-1.125659	-28.107895	1.494287	-1.104154	-27.884754	1.534854	-1.278644	-27.755127	1.503961	-0.970344	-27.990706	0.743605	-1.648539	-27.500663	1.378513	-0.861835	-28.082712	-0.046666	-2.044265	-27.478499	1.374784	-0.891681	-28.084283	-0.071844	-2.054143	-27.450194	1.407551	-0.886041	-28.087902	-0.047519	-2.073171	-28.165013	0.971469	-1.043523	-28.150958	0.930334	-1.084643	-27.838263	0.979098	-1.228030	-27.821802	0.979656	-1.261275	-28.169210	0.451217	-1.078643	-27.838500	0.462312	-1.255819	-28.169467	-0.070321	-1.028557	-28.162521	-0.061234	-1.097610	-27.861083	-0.080753	-1.246083	-27.866372	-0.060397	-1.254653
953	13.226559	00:00:13:17	-28.016337	1.629844	-1.257462	-27.927508	1.654278	-1.165315	-28.016606	1.650017	-1.107439	-27.975042	1.531088	-1.206936	-27.982246	1.543263	-1.161089	-28.118005	1.536280	-1.103182	-27.884220	1.526109	-1.252909	-27.800975	1.463680	-0.990173	-27.993432	0.743298	-1.659683	-27.509039	1.401132	-0.853765	-28.074342	-0.061937	-2.043766	-27.493585	1.368057	-0.904211	-28.104123	-0.066657	-2.045852	-27.457003	1.373467	-0.888682	-28.132244	-0.047794	-2.075691	-28.130809	0.979206	-1.062881	-28.136526	0.938046	-1.097129	-27.813371	0.955580	-1.239583	-27.869244	0.965214	-1.304308	-28.137255	0.457732	-1.086319	-27.847904	0.436312	-1.256914	-28.128475	-0.070318	-1.013660	-28.163802	-0.047899	-1.092502	-27.806791	-0.058783	-1.219667	-27.831153	-0.055299	-1.277712
954	13.240453	00:00:13:18	-28.036569	1.647073	-1.231213	-27.904915	1.679578	-1.128348	-28.023186	1.657442	-1.103495	-28.019538	1.538358	-1.161111	-27.998465	1.551193	-1.167343	-28.128659	1.537377	-1.120179	-27.887097	1.547250	-1.238134	-27.796736	1.437618	-1.013942	-28.010318	0.749755	-1.647542	-27.467078	1.389476	-0.852780	-28.072622	-0.066374	-2.079344	-27.476403	1.379893	-0.892689	-28.082191	-0.046988	-2.083646	-27.491025	1.402118	-0.871370	-28.105348	-0.057608	-2.050132	-28.147984	0.960898	-1.031538	-28.191814	0.993499	-1.079075	-27.820446	0.965235	-1.241199	-27.865867	1.006323	-1.294176	-28.146157	0.443425	-1.070783	-27.827473	0.451170	-1.247197	-28.116941	-0.066759	-1.027551	-28.161355	-0.034373	-1.066380	-27.813888	-0.050619	-1.228779	-27.849133	-0.049947	-1.262391
955	13.254346	00:00:13:19	-28.018814	1.664099	-1.231928	-27.924932	1.679122	-1.168515	-28.023002	1.647555	-1.091383	-28.017305	1.544000	-1.201962	-28.006391	1.570229	-1.155748	-28.121950	1.537936	-1.124701	-27.906736	1.515330	-1.272536	-27.814448	1.477954	-0.970173	-28.009659	0.751815	-1.647275	-27.483211	1.353894	-0.900196	-28.090222	-0.063629	-2.049342	-27.496525	1.388406	-0.908482	-28.088817	-0.012319	-2.070726	-27.506556	1.396446	-0.886754	-28.098899	-0.073065	-2.068634	-28.118496	0.980817	-1.058974	-28.164394	0.961147	-1.122108	-27.828559	0.957817	-1.226931	-27.876014	1.005506	-1.272636	-28.151746	0.424329	-1.051190	-27.852738	0.447040	-1.206325	-28.132890	-0.067701	-1.011897	-28.176865	-0.039403	-1.117097	-27.860213	-0.042324	-1.219774	-27.854279	-0.073082	-1.288691
956	13.268239	00:00:13:20	-28.018245	1.653275	-1.232368	-27.915944	1.652588	-1.156991	-28.042230	1.657532	-1.109347	-27.999901	1.534156	-1.173463	-28.012167	1.566294	-1.147617	-28.131492	1.534348	-1.089566	-27.876332	1.531763	-1.282281	-27.791649	1.466913	-1.012876	-28.000264	0.744162	-1.679064	-27.468424	1.369928	-0.901883	-28.075868	-0.039356	-2.046752	-27.482297	1.391952	-0.888857	-28.084959	-0.054328	-2.049750	-27.477605	1.353225	-0.900737	-28.038165	-0.026567	-2.047651	-28.131866	0.980748	-1.043926	-28.158810	0.961316	-1.106960	-27.817091	0.959729	-1.234366	-27.890751	0.968747	-1.296273	-28.164963	0.438390	-1.068097	-27.874128	0.470048	-1.259172	-28.112918	-0.021916	-1.047265	-28.167091	-0.055072	-1.088165	-27.839142	-0.038229	-1.204069	-27.887261	-0.056506	-1.270537
957	13.282133	00:00:13:21	-28.020787	1.663334	-1.253564	-27.949734	1.691907	-1.141732	-28.034144	1.653603	-1.053429	-27.997045	1.533710	-1.192123	-28.034276	1.570022	-1.166821	-28.130513	1.553360	-1.119576	-27.875857	1.570943	-1.243204	-27.836003	1.459753	-0.996750	-27.997660	0.743346	-1.663621	-27.484111	1.356035	-0.881703	-28.065230	-0.069122	-2.065174	-27.485939	1.385547	-0.906605	-28.067194	-0.057787	-2.080535	-27.461074	1.355081	-0.924793	-28.070539	-0.062875	-2.077529	-28.105454	0.963448	-1.043069	-28.155086	0.961678	-1.136239	-27.850935	0.940733	-1.207117	-27.841212	0.976492	-1.296874	-28.121450	0.480079	-1.078327	-27.841190	0.470496	-1.298315	-28.110771	-0.063037	-1.008043	-28.131889	-0.046522	-1.042679	-27.821032	-0.056050	-1.224654	-27.841350	-0.055967	-1.259162
958	13.296026	00:00:13:22	-28.048896	1.623778	-1.210016	-27.924911	1.673318	-1.164554	-28.029724	1.650393	-1.120708	-27.967380	1.518923	-1.193510	-28.025278	1.553041	-1.152730	-28.125737	1.551415	-1.110755	-27.877405	1.533019	-1.286604	-27.786105	1.470514	-0.990269	-27.982619	0.765012	-1.694202	-27.496003	1.334005	-0.873239	-28.093141	-0.031426	-2.061233	-27.465331	1.363494	-0.909841	-28.098068	-0.053278	-2.054901	-27.479184	1.388835	-0.870258	-28.084296	-0.075107	-2.050614	-28.125253	0.981273	-1.046475	-28.208817	0.967890	-1.098539	-27.850184	0.984987	-1.256675	-27.863196	0.971902	-1.266134	-28.166794	0.458776	-1.078726	-27.830564	0.446392	-1.214554	-28.136063	-0.034900	-1.035598	-28.147644	-0.029967	-1.091790	-27.868988	-0.029285	-1.207482	-27.859735	-0.070641	-1.280251
959	13.309920	00:00:13:23	-27.996561	1.652234	-1.229968	-27.937827	1.650511	-1.158156	-28.043175	1.687455	-1.104418	-28.007721	1.538962	-1.181782	-27.983137	1.549041	-1.138790	-28.165971	1.557728	-1.111272	-27.883390	1.567168	-1.273385	-27.803998	1.423280	-0.987801	-27.979837	0.761389	-1.682619	-27.514233	1.401499	-0.860994	-28.083633	-0.026830	-2.062110	-27.484045	1.379583	-0.914188	-28.100468	-0.050059	-2.012651	-27.472744	1.385465	-0.919046	-28.081490	-0.024604	-2.053018	-28.137902	0.953642	-1.072147	-28.170636	0.963808	-1.122804	-27.815688	0.971601	-1.224256	-27.866504	0.991994	-1.293367	-28.154560	0.439910	-1.059794	-27.838563	0.451466	-1.278171	-28.138599	-0.044546	-1.018895	-28.166407	-0.050760	-1.064468	-27.811413	-0.065102	-1.213823	-27.882360	-0.038833	-1.300720
960	13.323813	00:00:13:24	-28.041459	1.645559	-1.243669	-27.923602	1.633661	-1.122193	-28.054085	1.673125	-1.091992	-27.998803	1.562951	-1.186527	-27.975947	1.535551	-1.159261	-28.149877	1.536318	-1.101630	-27.901209	1.553616	-1.310072	-27.810426	1.477997	-0.974467	-27.977144	0.736395	-1.655292	-27.450629	1.380903	-0.850322	-28.091749	-0.039034	-2.050265	-27.476844	1.358184	-0.870022	-28.092206	-0.039759	-2.062341	-27.492365	1.376472	-0.914495	-28.105441	-0.061153	-2.061633	-28.148878	0.962596	-1.052788	-28.131679	0.933505	-1.098495	-27.826257	0.963618	-1.241518	-27.841349	0.953347	-1.298429	-28.153808	0.461837	-1.074003	-27.850934	0.468368	-1.268638	-28.138135	-0.046974	-1.017045	-28.169082	-0.040808	-1.086260	-27.826407	-0.105299	-1.216834	-27.855981	-0.072100	-1.256764
961	13.337707	00:00:13:25	-28.012272	1.683146	-1.210981	-27.930418	1.635871	-1.153724	-28.036471	1.653478	-1.088366	-28.023475	1.530377	-1.208646	-28.014994	1.514743	-1.134165	-28.144522	1.554757	-1.127651	-27.869465	1.574410	-1.260063	-27.807732	1.433480	-0.998757	-28.003913	0.722386	-1.688016	-27.482162	1.371649	-0.899532	-28.093713	-0.059102	-2.044069	-27.501478	1.354597	-0.926396	-28.097088	-0.011267	-2.039397	-27.484463	1.381036	-0.892817	-28.085323	-0.072723	-2.059910	-28.115852	0.940660	-1.067211	-28.157882	0.953015	-1.091554	-27.842058	0.960861	-1.255559	-27.880310	0.974999	-1.285141	-28.164003	0.456278	-1.051158	-27.854885	0.443531	-1.254932	-28.131164	-0.030372	-1.005692	-28.185641	-0.072948	-1.076091	-27.833401	-0.056553	-1.205947	-27.873723	-0.046822	-1.274786
962	13.351600	00:00:13:26	-28.025088	1.674325	-1.236635	-27.904806	1.662511	-1.155443	-28.038153	1.647361	-1.109238	-28.003146	1.540833	-1.148192	-27.979945	1.563949	-1.152091	-28.150300	1.550514	-1.107486	-27.873398	1.532288	-1.318312	-27.802676	1.475976	-0.988330	-27.994654	0.786565	-1.644179	-27.451586	1.354528	-0.890576	-28.101070	-0.075132	-2.068937	-27.479629	1.351509	-0.856132	-28.105991	-0.051689	-2.059942	-27.473313	1.365131	-0.869818	-28.089999	-0.078493	-2.057372	-28.121368	0.948338	-1.080250	-28.170817	0.984473	-1.074409	-27.815585	0.955244	-1.242884	-27.880616	0.969729	-1.252768	-28.137202	0.480160	-1.080439	-27.847764	0.485014	-1.232513	-28.134344	-0.057403	-1.033037	-28.152199	-0.049545	-1.073474	-27.831295	-0.074394	-1.207163	-27.860325	-0.080542	-1.248941
963	13.365494	00:00:13:27	-28.049178	1.644892	-1.211276	-27.919220	1.652189	-1.168537	-28.014138	1.665668	-1.096457	-28.048571	1.529779	-1.177080	-28.030515	1.562099	-1.134023	-28.101840	1.520394	-1.102153	-27.854920	1.545528	-1.241285	-27.785672	1.448606	-1.040407	-27.983806	0.760911	-1.677688	-27.511354	1.353150	-0.891415	-28.069927	-0.059612	-2.047951	-27.465047	1.359466	-0.872359	-28.089944	-0.049845	-2.060257	-27.469352	1.391134	-0.910444	-28.105249	-0.020674	-2.029022	-28.128786	0.936370	-1.084653	-28.177819	0.989512	-1.091174	-27.834961	0.964912	-1.235972	-27.836301	0.965209	-1.273695	-28.130041	0.459466	-1.061474	-27.877456	0.447037	-1.226085	-28.120132	-0.061222	-1.016769	-28.195547	-0.066734	-1.080748	-27.822677	-0.062287	-1.201897	-27.877989	-0.047057	-1.248515
964	13.379387	00:00:13:28	-28.036726	1.698377	-1.232324	-27.906035	1.640552	-1.143438	-28.057638	1.638538	-1.089940	-28.046103	1.542646	-1.188638	-27.994308	1.546443	-1.161853	-28.131947	1.574552	-1.110767	-27.917892	1.545682	-1.300871	-27.814372	1.457058	-0.976403	-27.964224	0.749382	-1.686430	-27.478380	1.374331	-0.900594	-28.108221	-0.055277	-2.068441	-27.451818	1.356345	-0.882660	-28.134724	0.000612	-2.038937	-27.477074	1.375635	-0.877431	-28.096530	-0.054404	-2.052425	-28.120654	0.951886	-1.047871	-28.188684	0.970719	-1.112623	-27.845089	0.936097	-1.238159	-27.863449	0.954799	-1.281892	-28.181841	0.429685	-1.046354	-27.858091	0.463290	-1.264529	-28.122982	-0.038308	-1.045025	-28.171510	-0.062409	-1.086479	-27.816150	-0.044291	-1.222746	-27.861755	-0.030075	-1.285901
965	13.393280	00:00:13:29	-28.020333	1.628083	-1.250334	-27.894720	1.638873	-1.141212	-28.033542	1.653668	-1.079266	-27.979260	1.577151	-1.168310	-27.991608	1.556712	-1.162045	-28.158694	1.525120	-1.075380	-27.873298	1.550424	-1.285486	-27.839453	1.450302	-0.989470	-27.986944	0.747413	-1.649118	-27.495837	1.402061	-0.901122	-28.079506	0.014527	-2.071558	-27.493149	1.392999	-0.891212	-28.082630	-0.039858	-2.056126	-27.486923	1.401460	-0.929205	-28.078668	-0.073945	-2.066916	-28.142322	0.979697	-1.087923	-28.167495	0.950840	-1.099089	-27.857802	0.994884	-1.222688	-27.860467	0.952788	-1.287585	-28.152871	0.466529	-1.066231	-27.865790	0.464178	-1.254701	-28.154322	-0.036227	-1.008224	-28.196044	-0.040921	-1.066163	-27.854205	-0.058740	-1.205936	-27.826193	-0.092522	-1.270419
966	13.407174	00:00:13:30	-28.052426	1.650402	-1.227661	-27.947061	1.634888	-1.170986	-28.026256	1.635812	-1.097613	-28.021695	1.577468	-1.206677	-27.998718	1.552204	-1.140918	-28.143861	1.544599	-1.084371	-27.900619	1.545869	-1.268199	-27.816055	1.443930	-0.956945	-28.009721	0.736578	-1.660421	-27.495451	1.368125	-0.916506	-28.106740	-0.048824	-2.065616	-27.480403	1.366143	-0.901518	-28.078977	-0.059487	-2.067406	-27.489518	1.362082	-0.906970	-28.087431	-0.017044	-2.067296	-28.140658	0.975256	-1.017730	-28.128051	0.959015	-1.088885	-27.822261	0.954849	-1.264055	-27.856902	0.970496	-1.299863	-28.197781	0.425283	-1.059232	-27.837737	0.438102	-1.275309	-28.141401	-0.051599	-1.040241	-28.156890	-0.070725	-1.107457	-27.822930	-0.037306	-1.207361	-27.882369	-0.072061	-1.277466
967	13.421067	00:00:13:31	-28.011291	1.670761	-1.235788	-27.904015	1.653416	-1.143220	-28.023997	1.634967	-1.093627	-28.052441	1.549603	-1.177553	-27.995538	1.549752	-1.166695	-28.132206	1.526090	-1.073314	-27.874414	1.520812	-1.287657	-27.807678	1.445435	-1.018272	-28.011317	0.703767	-1.654816	-27.473876	1.358019	-0.873217	-28.082904	-0.056518	-2.046345	-27.517981	1.351749	-0.881460	-28.101664	-0.030970	-2.073786	-27.487650	1.386941	-0.899564	-28.095913	-0.030796	-2.066161	-28.123510	0.966869	-1.032880	-28.151229	0.986101	-1.079212	-27.831423	0.961973	-1.241452	-27.877174	0.950452	-1.274607	-28.133554	0.445649	-1.072402	-27.818996	0.449134	-1.261825	-28.110205	-0.055160	-1.047789	-28.145410	-0.063085	-1.114656	-27.813448	-0.051539	-1.231444	-27.868001	-0.089974	-1.242391
968	13.434961	00:00:13:32	-28.041251	1.648257	-1.243604	-27.899923	1.671923	-1.166618	-28.016458	1.671757	-1.140102	-28.006703	1.550429	-1.172592	-27.973238	1.545515	-1.154477	-28.172115	1.551786	-1.133873	-27.873976	1.560704	-1.260446	-27.788574	1.469933	-0.988898	-27.990083	0.748134	-1.663868	-27.484396	1.372577	-0.881385	-28.107167	-0.033623	-2.052730	-27.463715	1.356211	-0.875940	-28.070296	-0.037440	-2.054997	-27.452507	1.360672	-0.910414	-28.093198	-0.043957	-2.048352	-28.153349	0.967055	-1.039250	-28.144672	0.975468	-1.107729	-27.832904	0.975659	-1.231173	-27.842916	0.937154	-1.302269	-28.153757	0.448499	-1.065089	-27.838934	0.459019	-1.221868	-28.166525	-0.070821	-0.995286	-28.163766	-0.041012	-1.097939	-27.824201	-0.072817	-1.247290	-27.863098	-0.052869	-1.246063
969	13.448854	00:00:13:33	-28.025235	1.633159	-1.256839	-27.902877	1.652805	-1.180044	-28.023102	1.665134	-1.098716	-27.999025	1.522448	-1.195101	-27.956242	1.571277	-1.168546	-28.155989	1.563633	-1.116137	-27.878425	1.532622	-1.287361	-27.781302	1.421114	-1.006520	-28.002652	0.760126	-1.672719	-27.460114	1.367007	-0.892858	-28.094718	-0.035924	-2.093878	-27.482713	1.366758	-0.897322	-28.069293	-0.010633	-2.067742	-27.464249	1.332717	-0.904236	-28.135905	-0.021362	-2.038344	-28.129066	0.935600	-1.029563	-28.167007	0.980631	-1.087651	-27.861433	0.992969	-1.249160	-27.847801	0.951996	-1.285668	-28.164603	0.424769	-1.091508	-27.813491	0.461941	-1.307415	-28.124737	-0.056746	-1.001916	-28.160415	-0.027828	-1.080277	-27.812027	-0.068749	-1.213012	-27.906432	-0.061580	-1.269636
970	13.462748	00:00:13:34	-28.043238	1.647469	-1.213107	-27.936593	1.650660	-1.124372	-27.996960	1.657081	-1.133334	-28.017938	1.520177	-1.192737	-27.986566	1.513582	-1.172268	-28.145802	1.539915	-1.139498	-27.877083	1.562397	-1.287259	-27.806112	1.450603	-1.013392	-27.965512	0.729553	-1.661643	-27.463353	1.349292	-0.878788	-28.111628	-0.049722	-2.071658	-27.441186	1.353994	-0.895819	-28.049028	-0.019075	-2.064118	-27.476823	1.399660	-0.892120	-28.109401	-0.050664	-2.049051	-28.132300	0.969600	-1.061189	-28.158560	0.968839	-1.113240	-27.824224	0.968084	-1.257915	-27.886022	0.954340	-1.267998	-28.153869	0.468711	-1.099077	-27.842448	0.447015	-1.226061	-28.157349	-0.049341	-1.036425	-28.151497	-0.044145	-1.067945	-27.836135	-0.080655	-1.217944	-27.838268	-0.066189	-1.306148
971	13.476641	00:00:13:35	-28.052633	1.657396	-1.209727	-27.918517	1.656371	-1.179462	-28.000542	1.644281	-1.107371	-28.012353	1.533840	-1.188564	-27.998739	1.550570	-1.139728	-28.149150	1.523523	-1.095685	-27.881018	1.543094	-1.282073	-27.778634	1.439865	-1.037140	-27.996265	0.765380	-1.637722	-27.465922	1.379039	-0.914103	-28.098890	-0.044857	-2.072657	-27.446264	1.335764	-0.851308	-28.133124	-0.046179	-2.035966	-27.478883	1.348516	-0.874053	-28.106773	-0.059486	-2.061695	-28.123655	0.960922	-1.016562	-28.151225	0.934490	-1.092335	-27.843996	0.978596	-1.229307	-27.890539	0.971941	-1.266227	-28.182666	0.447893	-1.081859	-27.884186	0.444639	-1.287881	-28.146772	-0.072998	-0.996822	-28.152199	-0.051420	-1.090999	-27.824119	-0.067467	-1.227728	-27.868406	-0.053295	-1.234907
972	13.490535	00:00:13:36	-28.017096	1.654835	-1.230088	-27.955569	1.645983	-1.131305	-28.016288	1.654565	-1.081913	-28.014651	1.542354	-1.222391	-27.994596	1.552777	-1.146516	-28.133144	1.553212	-1.102093	-27.894967	1.545557	-1.287045	-27.808237	1.451103	-0.989493	-27.993111	0.767188	-1.679112	-27.482715	1.352089	-0.870377	-28.091658	-0.046503	-2.059915	-27.484860	1.350846	-0.889944	-28.078489	-0.036302	-2.073044	-27.464795	1.382200	-0.896704	-28.070394	-0.063798	-2.069613	-28.139040	0.951804	-1.044257	-28.154567	0.982371	-1.100987	-27.831414	0.979448	-1.230686	-27.870363	0.964277	-1.301134	-28.118816	0.457391	-1.096483	-27.884936	0.456068	-1.253327	-28.134419	-0.039650	-1.047760	-28.128736	-0.018287	-1.051844	-27.838204	-0.042718	-1.199126	-27.863981	-0.043134	-1.283060
973	13.504428	00:00:13:37	-28.036320	1.661492	-1.239888	-27.915403	1.688919	-1.122897	-27.995953	1.664800	-1.085917	-27.981458	1.532421	-1.194215	-27.965737	1.524049	-1.160506	-28.124988	1.497455	-1.114673	-27.862297	1.535741	-1.281059	-27.828729	1.481655	-1.005667	-27.997908	0.745570	-1.656646	-27.489880	1.386985	-0.858241	-28.084516	-0.017145	-2.073421	-27.501221	1.379276	-0.882865	-28.094945	-0.030765	-2.100416	-27.469331	1.346119	-0.897886	-28.088683	-0.061728	-2.047394	-28.132962	0.951653	-1.082971	-28.165114	0.974041	-1.099671	-27.829462	0.957070	-1.230254	-27.885094	0.968959	-1.302979	-28.152693	0.460088	-1.056634	-27.860992	0.485461	-1.267281	-28.125735	-0.084792	-1.042337	-28.151704	-0.035491	-1.070440	-27.855037	-0.058661	-1.181771	-27.885454	-0.042580	-1.296926
974	13.518321	00:00:13:38	-28.048620	1.665914	-1.251655	-27.899821	1.660439	-1.168747	-28.041536	1.663783	-1.079391	-27.995023	1.567320	-1.180424	-28.002194	1.556759	-1.160600	-28.146782	1.532265	-1.081155	-27.925345	1.563913	-1.253338	-27.788735	1.418054	-1.013287	-27.986077	0.742567	-1.644970	-27.495117	1.376713	-0.902413	-28.086111	-0.065672	-2.078346	-27.477030	1.336625	-0.903046	-28.072049	-0.069932	-2.058418	-27.464503	1.371701	-0.916158	-28.109451	-0.029869	-2.057282	-28.151628	0.971723	-1.047168	-28.162000	0.984623	-1.087198	-27.851566	1.012924	-1.229956	-27.865849	0.955988	-1.274310	-28.140556	0.460631	-1.068422	-27.868102	0.469644	-1.229445	-28.148054	-0.047021	-1.038903	-28.160387	-0.054728	-1.087244	-27.817283	-0.062095	-1.231197	-27.892315	-0.052901	-1.255111
975	13.532215	00:00:13:39	-28.055124	1.653073	-1.245968	-27.908466	1.658647	-1.168145	-28.038778	1.676801	-1.116559	-28.003751	1.534242	-1.199311	-27.976748	1.546178	-1.178820	-28.152288	1.564253	-1.121075	-27.879813	1.523789	-1.252368	-27.815997	1.445122	-1.020910	-27.989003	0.737890	-1.647633	-27.505155	1.367951	-0.925087	-28.082523	-0.052416	-2.087983	-27.459429	1.358528	-0.917418	-28.069558	-0.046574	-2.070149	-27.488871	1.368628	-0.905644	-28.115426	-0.043374	-2.058655	-28.139400	0.971173	-1.027813	-28.191777	0.967464	-1.138492	-27.849512	0.953856	-1.221874	-27.864509	0.989426	-1.258625	-28.126282	0.429000	-1.058767	-27.848230	0.474951	-1.238375	-28.163337	-0.064457	-1.008719	-28.154636	-0.037666	-1.091214	-27.843597	-0.052772	-1.204773	-27.878962	-0.049823	-1.249470
976	13.546108	00:00:13:40	-28.004662	1.654108	-1.257231	-27.917637	1.660157	-1.138690	-28.036872	1.643168	-1.096030	-27.989470	1.530861	-1.201513	-27.982001	1.535414	-1.177264	-28.114324	1.544399	-1.089912	-27.879452	1.517917	-1.271358	-27.833903	1.459571	-0.987246	-27.994364	0.755073	-1.672634	-27.533754	1.341558	-0.923819	-28.089509	-0.058443	-2.083970	-27.473222	1.339565	-0.892673	-28.094538	-0.059750	-2.057699	-27.510912	1.376698	-0.911282	-28.095641	-0.067434	-2.058422	-28.130498	0.976666	-1.049152	-28.162345	0.951394	-1.110670	-27.870825	0.983334	-1.267621	-27.856057	0.949559	-1.284480	-28.154279	0.430614	-1.038095	-27.835731	0.463910	-1.257047	-28.131890	-0.047704	-1.065883	-28.163950	-0.054728	-1.088735	-27.833684	-0.091152	-1.226501	-27.880554	-0.031366	-1.279614
977	13.560002	00:00:13:41	-28.057796	1.654550	-1.209965	-27.908105	1.652407	-1.152872	-28.022504	1.655806	-1.082370	-28.011847	1.519995	-1.166383	-27.988933	1.532663	-1.172314	-28.131227	1.526994	-1.119772	-27.861111	1.528875	-1.253596	-27.807107	1.445723	-1.027407	-27.968092	0.720701	-1.673709	-27.477580	1.382788	-0.903539	-28.098340	-0.077290	-2.055513	-27.478969	1.339909	-0.890760	-28.087216	-0.025826	-2.083819	-27.488692	1.344091	-0.881232	-28.094468	-0.045496	-2.059639	-28.100631	0.968727	-1.076539	-28.173796	0.979973	-1.100689	-27.830783	0.926277	-1.246421	-27.880554	0.962747	-1.295295	-28.172631	0.470610	-1.073476	-27.836127	0.466536	-1.252648	-28.123597	-0.061166	-1.004934	-28.184360	-0.072298	-1.069403	-27.817593	-0.066962	-1.223305	-27.864137	-0.057260	-1.254775
978	13.573895	00:00:13:42	-28.053209	1.628317	-1.240893	-27.939277	1.659612	-1.163023	-28.014731	1.646401	-1.088882	-27.994715	1.569553	-1.222780	-27.974161	1.558667	-1.155974	-28.164172	1.514084	-1.077858	-27.892024	1.509960	-1.263225	-27.843678	1.430968	-1.012975	-27.987316	0.730130	-1.649694	-27.477419	1.368291	-0.893194	-28.105949	-0.066979	-2.048600	-27.477674	1.345147	-0.921534	-28.107526	-0.027497	-2.069834	-27.459075	1.382952	-0.903060	-28.129240	-0.061658	-2.074378	-28.143963	0.961865	-1.018306	-28.139263	0.985691	-1.118447	-27.844664	0.981873	-1.249698	-27.853333	0.941411	-1.298011	-28.133270	0.468405	-1.059641	-27.841656	0.448376	-1.266228	-28.125834	-0.069354	-1.040887	-28.179307	-0.049608	-1.083586	-27.840935	-0.050894	-1.223410	-27.838314	-0.059594	-1.301206
979	13.587789	00:00:13:43	-28.049893	1.637997	-1.198304	-27.918052	1.685120	-1.196104	-28.021818	1.644507	-1.075715	-27.974217	1.552325	-1.192282	-28.011727	1.563143	-1.186875	-28.153613	1.558606	-1.115789	-27.894471	1.541796	-1.271428	-27.829839	1.442365	-0.998820	-28.001546	0.770653	-1.705891	-27.521215	1.397214	-0.868303	-28.080233	-0.017775	-2.066223	-27.493564	1.365491	-0.889829	-28.099604	-0.038350	-2.045698	-27.485535	1.347446	-0.927211	-28.098568	-0.023124	-2.085307	-28.135241	0.952322	-1.065981	-28.138104	0.929396	-1.102512	-27.818442	0.966609	-1.265778	-27.827661	0.964800	-1.284000	-28.172036	0.452954	-1.095740	-27.795380	0.451222	-1.261052	-28.156645	-0.050577	-1.034313	-28.175635	-0.061548	-1.077507	-27.799061	-0.090306	-1.192359	-27.866750	-0.073519	-1.264516
980	13.601682	00:00:13:44	-28.058540	1.638808	-1.220869	-27.898596	1.658253	-1.165277	-27.995637	1.677065	-1.093530	-27.997390	1.529299	-1.191789	-28.001059	1.559822	-1.167844	-28.135725	1.525463	-1.110718	-27.878358	1.517250	-1.269096	-27.782870	1.443502	-0.998757	-27.982868	0.755465	-1.664636	-27.492736	1.360033	-0.876355	-28.103702	-0.081762	-2.073959	-27.476075	1.363058	-0.923220	-28.094541	-0.049230	-2.055352	-27.471477	1.354743	-0.896984	-28.094441	-0.037148	-2.073574	-28.172103	0.961269	-1.034781	-28.135620	0.982608	-1.086070	-27.826650	0.950521	-1.233081	-27.865056	0.986367	-1.308075	-28.174508	0.459152	-1.057574	-27.831276	0.448998	-1.284503	-28.095011	-0.040660	-1.035141	-28.149064	-0.048979	-1.069905	-27.847828	-0.043028	-1.212409	-27.879518	-0.054217	-1.251470
981	13.615576	00:00:13:45	-28.043988	1.641194	-1.244565	-27.913931	1.661009	-1.188810	-28.030911	1.634445	-1.094499	-27.998293	1.571720	-1.199908	-28.012687	1.562268	-1.147616	-28.113572	1.533973	-1.122406	-27.902806	1.547965	-1.257394	-27.783057	1.442798	-1.002389	-27.972497	0.756097	-1.670392	-27.505685	1.364807	-0.884966	-28.117083	-0.018979	-2.064974	-27.434735	1.364144	-0.864701	-28.094689	-0.052213	-2.069123	-27.477030	1.367308	-0.925455	-28.102282	-0.025612	-2.072871	-28.134431	0.982493	-1.022446	-28.185463	0.958719	-1.094522	-27.816271	0.970161	-1.245551	-27.867132	0.952537	-1.295152	-28.186097	0.436206	-1.086088	-27.823569	0.456542	-1.248156	-28.154614	-0.066978	-1.036859	-28.174417	-0.036236	-1.113366	-27.806256	-0.051454	-1.214282	-27.875451	-0.072154	-1.283189
982	13.629469	00:00:13:46	-28.035229	1.618087	-1.246642	-27.928606	1.671490	-1.135524	-28.022363	1.678348	-1.115211	-28.007208	1.549675	-1.232035	-27.970299	1.535266	-1.162409	-28.169905	1.550698	-1.101124	-27.895842	1.568703	-1.284210	-27.808190	1.441375	-1.003522	-27.980709	0.779293	-1.686360	-27.492922	1.353794	-0.937480	-28.090908	-0.079377	-2.055958	-27.468592	1.374302	-0.907740	-28.097286	-0.061012	-2.066334	-27.457211	1.333709	-0.925910	-28.119746	-0.032209	-2.089746	-28.137491	0.938568	-1.061260	-28.145371	0.970789	-1.093372	-27.846025	0.952965	-1.242522	-27.864355	0.982596	-1.310535	-28.150758	0.433533	-1.094285	-27.833171	0.455784	-1.267701	-28.144406	-0.057193	-1.048470	-28.185518	-0.073194	-1.094253	-27.831810	-0.056479	-1.220507	-27.864964	-0.041422	-1.272116
983	13.643362	00:00:13:47	-28.046576	1.631818	-1.221797	-27.897700	1.665327	-1.191087	-28.051308	1.660046	-1.106022	-27.993266	1.545171	-1.213678	-27.983917	1.564256	-1.166872	-28.132178	1.564059	-1.120585	-27.841206	1.533939	-1.284634	-27.797978	1.431878	-1.019057	-28.000704	0.763776	-1.641100	-27.500176	1.358499	-0.887494	-28.063779	0.017717	-2.078802	-27.487529	1.347925	-0.922550	-28.097561	-0.027550	-2.033759	-27.474777	1.354861	-0.924355	-28.037741	-0.033330	-2.092630	-28.146211	0.954553	-1.086594	-28.177578	0.952715	-1.115532	-27.827280	0.951092	-1.242447	-27.897147	0.953440	-1.285619	-28.176512	0.455350	-1.063609	-27.842752	0.464535	-1.237864	-28.150384	-0.042643	-1.036862	-28.173695	-0.037534	-1.089854	-27.821450	-0.076153	-1.204490	-27.833790	-0.068353	-1.278631
984	13.657256	00:00:13:48	-28.056598	1.640675	-1.238200	-27.886349	1.666020	-1.148304	-28.001318	1.665088	-1.080769	-28.010092	1.539330	-1.191638	-28.004996	1.542474	-1.167334	-28.118498	1.538927	-1.107728	-27.882588	1.548527	-1.279224	-27.848927	1.454578	-1.009554	-28.006993	0.740031	-1.641091	-27.478087	1.360724	-0.890659	-28.095588	-0.030988	-2.071519	-27.482747	1.342060	-0.896105	-28.097123	-0.043761	-2.062865	-27.497711	1.336910	-0.891550	-28.097047	-0.070216	-2.081104	-28.118544	0.971747	-1.052040	-28.158651	0.968351	-1.105968	-27.849914	0.991449	-1.241740	-27.849145	0.963294	-1.283988	-28.145776	0.452455	-1.068633	-27.871307	0.457591	-1.276390	-28.152766	-0.034958	-1.039434	-28.177565	-0.020151	-1.091808	-27.860707	-0.062279	-1.249031	-27.863931	-0.032652	-1.289040
985	13.671149	00:00:13:49	-28.054007	1.666249	-1.218787	-27.903613	1.644509	-1.127136	-28.011799	1.658089	-1.109624	-27.985441	1.558918	-1.159483	-28.036978	1.561845	-1.174139	-28.162813	1.550661	-1.110900	-27.885498	1.565011	-1.303569	-27.836747	1.466997	-1.033295	-27.985768	0.770061	-1.700071	-27.489358	1.383311	-0.908674	-28.109216	-0.045157	-2.062351	-27.498243	1.382384	-0.910688	-28.122552	-0.045273	-2.060966	-27.465405	1.349232	-0.905566	-28.103452	-0.051591	-2.057768	-28.143567	0.956462	-1.103327	-28.149004	0.967758	-1.125447	-27.826942	0.952290	-1.242453	-27.876534	0.970062	-1.306603	-28.163179	0.435228	-1.026377	-27.856688	0.462402	-1.249361	-28.104356	-0.040429	-1.066316	-28.158233	-0.079173	-1.088257	-27.825039	-0.051480	-1.208467	-27.871812	-0.072646	-1.265874
986	13.685043	00:00:13:50	-28.039954	1.659339	-1.237857	-27.909364	1.655866	-1.165951	-28.034083	1.630598	-1.063351	-28.014285	1.539502	-1.182355	-27.995405	1.586924	-1.182489	-28.139482	1.542836	-1.132665	-27.870376	1.530991	-1.285025	-27.819746	1.454565	-0.987451	-27.973018	0.719954	-1.644587	-27.485296	1.365856	-0.906116	-28.080390	-0.033736	-2.064499	-27.500751	1.355568	-0.900924	-28.077339	-0.055178	-2.066536	-27.450220	1.332070	-0.879320	-28.092903	-0.026095	-2.074404	-28.120838	0.965657	-1.055667	-28.168641	0.946949	-1.083231	-27.816366	0.965676	-1.244154	-27.860286	0.962854	-1.284849	-28.156146	0.474566	-1.077338	-27.829749	0.461198	-1.250098	-28.138970	-0.019114	-1.022997	-28.190672	-0.065784	-1.100484	-27.854286	-0.070482	-1.216588	-27.823402	-0.070057	-1.267111
987	13.698936	00:00:13:51	-27.996436	1.673761	-1.232805	-27.901846	1.630185	-1.157273	-27.996137	1.614911	-1.089487	-28.025319	1.524765	-1.189765	-27.990981	1.567649	-1.167797	-28.124883	1.531138	-1.102427	-27.888998	1.552789	-1.280698	-27.800141	1.424129	-1.023948	-27.995747	0.740620	-1.656845	-27.483638	1.350180	-0.906291	-28.098105	-0.064527	-2.034307	-27.467965	1.328359	-0.933228	-28.085277	-0.066866	-2.036313	-27.466142	1.368938	-0.905906	-28.090685	-0.022405	-2.063258	-28.139797	0.980247	-1.071511	-28.141903	0.958399	-1.079727	-27.833131	0.938002	-1.243439	-27.869862	0.968617	-1.313548	-28.155585	0.474773	-1.111568	-27.846869	0.451198	-1.259094	-28.133421	-0.066666	-1.047889	-28.171156	-0.039803	-1.073985	-27.826127	-0.055813	-1.213656	-27.854855	-0.102180	-1.248327
988	13.712830	00:00:13:52	-28.037883	1.643458	-1.231889	-27.930637	1.676952	-1.158582	-28.035705	1.670011	-1.077355	-28.007720	1.521162	-1.192172	-28.005549	1.565522	-1.149930	-28.118694	1.520778	-1.107239	-27.875160	1.554763	-1.271306	-27.813721	1.443799	-1.032142	-28.009683	0.764036	-1.697344	-27.487699	1.327383	-0.928599	-28.059242	-0.029542	-2.025945	-27.497870	1.348917	-0.884854	-28.085066	-0.030517	-2.016252	-27.478274	1.320580	-0.886969	-28.076031	-0.034269	-2.045123	-28.139062	0.960022	-1.069622	-28.161784	0.980305	-1.107129	-27.861514	0.971341	-1.202564	-27.849433	0.971957	-1.293054	-28.154487	0.487684	-1.070529	-27.836445	0.454256	-1.227616	-28.148423	-0.036794	-1.050214	-28.159469	-0.042171	-1.091262	-27.824206	-0.055928	-1.201412	-27.866836	-0.052035	-1.247650
989	13.726723	00:00:13:53	-28.029724	1.699777	-1.232071	-27.958852	1.654873	-1.166084	-28.037931	1.690263	-1.135519	-28.008065	1.521091	-1.186322	-27.998544	1.536939	-1.143192	-28.126762	1.548886	-1.128041	-27.842805	1.533946	-1.263990	-27.795087	1.459433	-0.982487	-27.968934	0.721789	-1.703621	-27.465399	1.346072	-0.883408	-28.089487	-0.022674	-2.053650	-27.484146	1.335500	-0.891905	-28.101961	-0.075029	-2.058217	-27.458727	1.357778	-0.908702	-28.108798	-0.033784	-2.082758	-28.149866	0.981686	-1.083080	-28.151898	0.969765	-1.115345	-27.854270	0.999221	-1.203642	-27.866831	0.937708	-1.272023	-28.131694	0.474740	-1.096826	-27.846484	0.463088	-1.292305	-28.125202	-0.062966	-1.044268	-28.159069	-0.059679	-1.081459	-27.822731	-0.073656	-1.218067	-27.871215	-0.080060	-1.269485
990	13.740617	00:00:13:54	-28.059389	1.618904	-1.253763	-27.911540	1.692963	-1.155692	-27.988181	1.667761	-1.087425	-28.008684	1.533646	-1.160082	-27.981143	1.537851	-1.148810	-28.142934	1.520761	-1.105329	-27.877182	1.541982	-1.242751	-27.811367	1.483348	-0.968050	-27.970739	0.750675	-1.672412	-27.485056	1.369002	-0.871247	-28.094025	-0.020858	-2.078100	-27.492410	1.347229	-0.915448	-28.100166	-0.020768	-2.064145	-27.479468	1.354272	-0.925170	-28.113589	-0.048332	-2.072808	-28.136682	0.951847	-1.062133	-28.157505	0.991643	-1.112173	-27.840606	0.981618	-1.235835	-27.863521	0.980742	-1.301938	-28.144694	0.441686	-1.073324	-27.833241	0.461656	-1.270677	-28.109747	-0.073679	-1.009529	-28.144009	-0.083882	-1.093303	-27.834335	-0.055790	-1.199697	-27.860463	-0.068053	-1.265018
991	13.754510	00:00:13:55	-28.046324	1.627544	-1.250130	-27.929161	1.639637	-1.165039	-28.018795	1.648332	-1.106991	-28.007446	1.558818	-1.157287	-27.958003	1.554107	-1.163308	-28.115221	1.563353	-1.142019	-27.875268	1.560359	-1.242219	-27.824357	1.469182	-1.028356	-28.009939	0.751445	-1.681020	-27.466671	1.343589	-0.880157	-28.075155	-0.030432	-2.053797	-27.520080	1.357823	-0.900167	-28.080069	-0.019701	-2.070349	-27.488051	1.355152	-0.936600	-28.073359	-0.062864	-2.074737	-28.140583	0.946944	-1.077302	-28.182424	0.963574	-1.096939	-27.813511	0.942231	-1.270501	-27.838422	0.961711	-1.277546	-28.159694	0.464274	-1.065190	-27.809926	0.428609	-1.249838	-28.135337	-0.052795	-1.048119	-28.177878	-0.067701	-1.073587	-27.857922	-0.065318	-1.222249	-27.876345	-0.055585	-1.257786
992	13.768403	00:00:13:56	-28.055729	1.677323	-1.235355	-27.955100	1.644043	-1.168909	-27.997817	1.655668	-1.117120	-27.999825	1.547274	-1.207217	-27.999559	1.547740	-1.150585	-28.148784	1.537395	-1.105624	-27.878864	1.553278	-1.307348	-27.823775	1.453295	-0.990102	-27.971857	0.753945	-1.673408	-27.474060	1.357511	-0.921378	-28.112533	-0.058416	-2.064730	-27.483454	1.337703	-0.874774	-28.081242	-0.069815	-2.083766	-27.488881	1.332566	-0.887811	-28.093253	-0.077736	-2.028937	-28.158028	1.003347	-1.036602	-28.148948	0.951186	-1.091683	-27.863160	0.936927	-1.233287	-27.862895	1.016185	-1.272327	-28.169225	0.442969	-1.078482	-27.849703	0.444786	-1.247446	-28.129219	-0.063708	-1.033596	-28.193710	-0.067693	-1.123453	-27.829488	-0.066514	-1.193167	-27.882809	-0.091427	-1.270205
993	13.782297	00:00:13:57	-28.032455	1.663188	-1.214761	-27.919953	1.643219	-1.197827	-28.055211	1.638519	-1.088479	-28.016830	1.545050	-1.180545	-27.934134	1.539772	-1.115569	-28.124801	1.545315	-1.113743	-27.857401	1.565925	-1.257882	-27.798416	1.469374	-1.016777	-28.000592	0.742586	-1.664558	-27.476390	1.362977	-0.916794	-28.080445	-0.072460	-2.061988	-27.490064	1.360612	-0.891349	-28.099537	-0.059476	-2.052878	-27.474414	1.366939	-0.916032	-28.102633	-0.058199	-2.076402	-28.156607	0.966174	-1.052035	-28.178245	0.912842	-1.113633	-27.854237	0.976476	-1.262306	-27.882063	0.929788	-1.266454	-28.153532	0.431995	-1.090728	-27.852225	0.460123	-1.270139	-28.107654	-0.055844	-1.052601	-28.141639	-0.049424	-1.092237	-27.821565	-0.060089	-1.212568	-27.866614	-0.067586	-1.273438
994	13.796190	00:00:13:58	-28.063434	1.652646	-1.226727	-27.916644	1.633741	-1.171695	-28.013882	1.632369	-1.092049	-27.972699	1.554624	-1.181608	-28.010983	1.559393	-1.135454	-28.171132	1.521883	-1.116181	-27.885776	1.553286	-1.310411	-27.819914	1.468605	-1.010484	-28.005703	0.742921	-1.672663	-27.482760	1.354785	-0.908538	-28.096635	-0.052234	-2.077403	-27.449909	1.345084	-0.895349	-28.078641	-0.076200	-2.057161	-27.507668	1.332656	-0.937639	-28.121494	-0.056700	-2.053007	-28.154913	0.939600	-1.059730	-28.180979	0.981613	-1.087897	-27.854374	0.979749	-1.244177	-27.864607	0.978574	-1.323684	-28.145324	0.471529	-1.070268	-27.861015	0.430352	-1.228439	-28.139122	-0.048637	-1.011169	-28.177994	-0.045867	-1.117825	-27.860268	-0.068224	-1.221771	-27.836590	-0.065672	-1.295084
995	13.810084	00:00:13:59	-28.045085	1.662946	-1.256201	-27.906723	1.617748	-1.154161	-28.041025	1.623546	-1.123851	-28.013479	1.523444	-1.203603	-28.020476	1.511251	-1.171730	-28.145552	1.508116	-1.120389	-27.889028	1.577826	-1.259414	-27.788288	1.458816	-0.948885	-27.985693	0.760113	-1.699935	-27.482136	1.375926	-0.925666	-28.091257	-0.016577	-2.058213	-27.474143	1.303904	-0.905650	-28.090615	-0.051095	-2.075826	-27.499349	1.347151	-0.919521	-28.114889	-0.052310	-2.039518	-28.161399	0.956210	-1.105463	-28.170897	0.995218	-1.136913	-27.807433	0.940120	-1.247539	-27.877367	0.961910	-1.287068	-28.148137	0.451704	-1.094973	-27.869105	0.451162	-1.292931	-28.131929	-0.078533	-1.037918	-28.180202	-0.045349	-1.107031	-27.834602	-0.042050	-1.212476	-27.851027	-0.035335	-1.271227
996	13.823977	00:00:13:60	-28.036067	1.640095	-1.242883	-27.894351	1.624499	-1.117535	-28.017981	1.642075	-1.089512	-28.066690	1.536188	-1.183951	-28.005290	1.572879	-1.134120	-28.106829	1.567232	-1.095125	-27.927853	1.540620	-1.253909	-27.832792	1.419035	-0.978870	-27.984756	0.719479	-1.661970	-27.490961	1.365752	-0.907120	-28.066238	-0.063017	-2.070918	-27.476614	1.330897	-0.891362	-28.092609	-0.072827	-2.094578	-27.459581	1.334088	-0.894546	-28.142263	-0.051076	-2.078632	-28.131021	0.946025	-1.049871	-28.167064	0.958734	-1.120201	-27.809414	0.947838	-1.218344	-27.863833	0.961018	-1.305152	-28.132139	0.473675	-1.072795	-27.849874	0.457454	-1.253934	-28.126472	-0.042960	-1.041632	-28.180279	-0.038107	-1.091021	-27.830713	-0.028128	-1.206022	-27.853768	-0.032979	-1.303605
997	13.837871	00:00:13:61	-28.044853	1.632665	-1.251499	-27.937754	1.651968	-1.148613	-28.005236	1.642205	-1.090388	-28.013241	1.554502	-1.202709	-27.956725	1.560477	-1.179558	-28.139062	1.539400	-1.114121	-27.871890	1.552204	-1.286486	-27.810410	1.447406	-0.984246	-28.004018	0.747403	-1.678346	-27.458618	1.310402	-0.897641	-28.083872	-0.031725	-2.075898	-27.497403	1.369179	-0.886387	-28.095429	-0.026326	-2.040411	-27.490523	1.341251	-0.888015	-28.096891	-0.065691	-2.058913	-28.124441	0.973899	-1.044929	-28.175027	0.966168	-1.092540	-27.844147	0.968197	-1.205399	-27.893358	0.941001	-1.296717	-28.142417	0.407871	-1.066335	-27.826116	0.451802	-1.228606	-28.118184	-0.035949	-1.072141	-28.161351	-0.072306	-1.092533	-27.825772	-0.072231	-1.257833	-27.877367	-0.060313	-1.298414
998	13.851764	00:00:13:62	-28.039334	1.684304	-1.238515	-27.927506	1.686389	-1.160997	-28.034720	1.660283	-1.087873	-27.979804	1.526912	-1.228210	-27.982703	1.563659	-1.165223	-28.139794	1.494635	-1.110731	-27.884885	1.574467	-1.267276	-27.778037	1.477065	-1.022753	-28.018802	0.735265	-1.678074	-27.491265	1.356785	-0.879540	-28.111428	-0.070634	-2.053204	-27.515411	1.362315	-0.901951	-28.106618	-0.022392	-2.052970	-27.509232	1.363542	-0.898976	-28.091037	-0.054549	-2.035038	-28.137401	0.969328	-1.081309	-28.191202	0.959575	-1.140012	-27.797837	0.980915	-1.244559	-27.860197	0.978002	-1.307865	-28.170877	0.446946	-1.054833	-27.833745	0.450772	-1.268769	-28.116710	-0.045671	-1.054410	-28.180812	-0.040430	-1.082900	-27.839176	-0.032942	-1.222296	-27.883157	-0.068216	-1.255463
999	13.865658	00:00:13:63	-28.032810	1.683669	-1.244746	-27.928330	1.677444	-1.167289	-28.008786	1.671559	-1.079132	-28.010738	1.552395	-1.226312	-27.997440	1.537021	-1.165671	-28.143528	1.559024	-1.123022	-27.895600	1.555341	-1.234691	-27.809343	1.478023	-1.037228	-27.975521	0.757286	-1.626127	-27.482590	1.312690	-0.881066	-28.074351	-0.063806	-2.059914	-27.475912	1.350054	-0.909921	-28.107233	-0.057101	-2.046841	-27.471736	1.330381	-0.911498	-28.094549	-0.056159	-2.041783	-28.143738	0.959450	-1.072141	-28.207270	0.961072	-1.079628	-27.836473	0.961539	-1.272783	-27.857453	0.952312	-1.294189	-28.165842	0.458831	-1.065234	-27.837629	0.461867	-1.268687	-28.147745	-0.034429	-1.022780	-28.172647	-0.050090	-1.090020	-27.815168	-0.051676	-1.216894	-27.877216	-0.026529	-1.269152
1000	13.879551	00:00:13:64	-28.020475	1.656006	-1.224593	-27.954597	1.680608	-1.125568	-28.008740	1.658175	-1.104826	-28.014318	1.535647	-1.208157	-28.003123	1.573106	-1.142672	-28.140621	1.547223	-1.103615	-27.880853	1.551960	-1.269411	-27.825885	1.413101	-1.006423	-27.991864	0.745297	-1.667778	-27.478025	1.342039	-0.929264	-28.105117	-0.013767	-2.077259	-27.498497	1.312890	-0.888190	-28.033108	-0.049054	-2.031923	-27.455407	1.384588	-0.911708	-28.100619	-0.064970	-2.066777	-28.149855	0.945783	-1.062299	-28.185513	0.961377	-1.114650	-27.832262	0.915970	-1.211317	-27.855120	1.006439	-1.309940	-28.139048	0.436564	-1.060358	-27.842985	0.437568	-1.255502	-28.162618	-0.050521	-1.035669	-28.193996	-0.033643	-1.103784	-27.830871	-0.033904	-1.244572	-27.876183	-0.071778	-1.311140
1001	13.893444	00:00:13:65	-28.064337	1.679667	-1.223294	-27.900418	1.654619	-1.148615	-28.019525	1.649972	-1.110402	-28.013556	1.575316	-1.188074	-28.002056	1.527392	-1.173409	-28.142035	1.544812	-1.092148	-27.904833	1.549377	-1.287777	-27.816565	1.404144	-1.012633	-27.952358	0.736526	-1.665568	-27.492490	1.334580	-0.869702	-28.091227	-0.049602	-2.060922	-27.522643	1.328077	-0.884462	-28.060598	-0.049186	-2.038477	-27.476410	1.336611	-0.899052	-28.083494	-0.003688	-2.093070	-28.161790	0.949324	-1.025294	-28.171075	1.001639	-1.139389	-27.812753	0.956744	-1.249655	-27.856416	0.972543	-1.305649	-28.138574	0.487867	-1.053994	-27.851912	0.456394	-1.228450	-28.148988	-0.073977	-1.038148	-28.168984	-0.030043	-1.121098	-27.812333	-0.041971	-1.237543	-27.893730	-0.063484	-1.304905
1002	13.907338	00:00:13:66	-28.055312	1.648492	-1.232725	-27.940487	1.629508	-1.179337	-28.020321	1.656769	-1.052206	-28.008735	1.548534	-1.184904	-27.996208	1.548040	-1.162799	-28.115216	1.535327	-1.106154	-27.874091	1.556437	-1.276443	-27.831364	1.416264	-1.036749	-28.004037	0.758719	-1.647177	-27.481603	1.345774	-0.914794	-28.097306	-0.039047	-2.096258	-27.451873	1.335682	-0.885512	-28.065235	-0.051770	-2.078515	-27.511933	1.357102	-0.885450	-28.081546	-0.041411	-2.050051	-28.126456	0.940568	-1.038717	-28.144425	0.980692	-1.113765	-27.838682	0.931582	-1.265974	-27.870190	0.984162	-1.289752	-28.146846	0.427461	-1.095300	-27.847685	0.443697	-1.275363	-28.150764	-0.049385	-1.040332	-28.173171	-0.043528	-1.106381	-27.829430	-0.060238	-1.210380	-27.885839	-0.069335	-1.277030
1003	13.921231	00:00:13:67	-28.032632	1.641360	-1.226718	-27.922641	1.655465	-1.155274	-28.036471	1.657157	-1.090974	-28.015642	1.574562	-1.231911	-27.982361	1.515587	-1.167561	-28.141036	1.550708	-1.097088	-27.876134	1.513801	-1.273226	-27.827405	1.456978	-1.012672	-28.004696	0.758063	-1.669115	-27.503559	1.330473	-0.923468	-28.139048	-0.045906	-2.047964	-27.493000	1.312183	-0.932635	-28.111614	-0.062029	-2.029612	-27.482435	1.313204	-0.909093	-28.092004	-0.093351	-2.095892	-28.150733	0.966586	-1.050378	-28.188079	0.971440	-1.106638	-27.833440	0.977121	-1.256657	-27.859018	0.978526	-1.282947	-28.161200	0.450645	-1.100730	-27.837341	0.452275	-1.262276	-28.171704	-0.050663	-1.020838	-28.174151	-0.067785	-1.077818	-27.832177	-0.051458	-1.238021	-27.891206	-0.080910	-1.282312
1004	13.935125	00:00:13:68	-28.029717	1.660727	-1.234976	-27.917274	1.661158	-1.161968	-28.006510	1.681237	-1.123418	-28.025828	1.555501	-1.202824	-27.985354	1.550691	-1.169138	-28.139968	1.547286	-1.106022	-27.891971	1.532599	-1.245601	-27.809504	1.451931	-1.008585	-28.002676	0.734237	-1.660148	-27.484713	1.353687	-0.911649	-28.097795	-0.048077	-2.061768	-27.506324	1.364242	-0.935718	-28.080811	-0.018442	-2.064628	-27.497288	1.346861	-0.896246	-28.103481	-0.060799	-2.061459	-28.135569	0.993157	-1.041296	-28.181727	0.977732	-1.121771	-27.814113	0.958131	-1.215865	-27.880103	0.964174	-1.312924	-28.140897	0.459972	-1.103232	-27.820278	0.472371	-1.231574	-28.148386	-0.059156	-1.034894	-28.160896	-0.080819	-1.091719	-27.855556	-0.058110	-1.204564	-27.867343	-0.067395	-1.281064
1005	13.949018	00:00:13:69	-27.982332	1.627335	-1.237075	-27.919810	1.616903	-1.165171	-28.010974	1.649839	-1.073274	-27.998854	1.533319	-1.188782	-27.974258	1.545118	-1.152887	-28.172882	1.523901	-1.109596	-27.847853	1.540182	-1.266318	-27.838954	1.420614	-1.020316	-28.007819	0.750824	-1.698048	-27.488377	1.346483	-0.891189	-28.064572	-0.088105	-2.068806	-27.478177	1.330922	-0.906021	-28.107724	-0.023722	-2.057586	-27.501012	1.348247	-0.894357	-28.052344	-0.005197	-2.014379	-28.129364	0.991152	-1.075324	-28.154279	0.971101	-1.076314	-27.816930	0.963776	-1.245908	-27.868689	0.965744	-1.276430	-28.136705	0.454776	-1.079656	-27.853208	0.483792	-1.263070	-28.149954	-0.079206	-1.033825	-28.178801	-0.048426	-1.118378	-27.824495	-0.072162	-1.253957	-27.873813	-0.044990	-1.266306
1006	13.962912	00:00:13:70	-28.042806	1.657683	-1.249028	-27.940050	1.666342	-1.174054	-28.038932	1.648184	-1.090589	-28.002125	1.556562	-1.188854	-28.012497	1.556427	-1.188345	-28.151720	1.569074	-1.135977	-27.889291	1.564419	-1.279153	-27.833941	1.453510	-1.025499	-27.980390	0.769743	-1.657124	-27.488308	1.334101	-0.891521	-28.096392	-0.051378	-2.035462	-27.481357	1.311868	-0.926230	-28.086731	-0.022888	-2.065693	-27.501551	1.325541	-0.927184	-28.049607	-0.055503	-2.073759	-28.124745	0.951549	-1.036650	-28.184334	0.956759	-1.104054	-27.840192	0.939003	-1.255099	-27.867044	0.950620	-1.280579	-28.139339	0.459926	-1.103111	-27.856131	0.441596	-1.253986	-28.149275	-0.071995	-1.044483	-28.204926	-0.026541	-1.100199	-27.828060	-0.047111	-1.209986	-27.867647	-0.067225	-1.251704
1007	13.976805	00:00:13:71	-28.054848	1.655067	-1.225359	-27.937540	1.620348	-1.163013	-28.031156	1.639988	-1.077564	-28.006108	1.523410	-1.182328	-27.989784	1.523859	-1.152160	-28.150888	1.542496	-1.112332	-27.886628	1.552100	-1.275386	-27.795697	1.422181	-0.989558	-28.003219	0.767308	-1.703935	-27.500712	1.316925	-0.909448	-28.095881	-0.081595	-2.055540	-27.481151	1.323433	-0.878293	-28.099514	-0.028985	-2.052510	-27.512853	1.360995	-0.949269	-28.064574	-0.021427	-2.049028	-28.123843	0.976383	-1.066239	-28.212734	0.959064	-1.103551	-27.832986	0.963085	-1.253909	-27.862150	0.994276	-1.306306	-28.168042	0.440047	-1.090607	-27.844515	0.457111	-1.273895	-28.149792	-0.073972	-1.041220	-28.165206	-0.068215	-1.086999	-27.825176	-0.029666	-1.222449	-27.883848	-0.033012	-1.305894
1008	13.990699	00:00:13:00	-28.046320	1.671307	-1.252487	-27.920080	1.652155	-1.134189	-28.032367	1.676236	-1.076470	-28.000478	1.532643	-1.179094	-28.004990	1.563037	-1.168025	-28.129485	1.541595	-1.097765	-27.909295	1.550507	-1.290525	-27.821351	1.419997	-0.992524	-27.972200	0.762382	-1.684851	-27.492324	1.321000	-0.906365	-28.073801	-0.041873	-2.092557	-27.486258	1.356015	-0.957962	-28.055257	-0.031172	-2.071523	-27.477427	1.349509	-0.905188	-28.102691	-0.065861	-2.074575	-28.144629	0.952884	-1.068599	-28.171470	0.947313	-1.125677	-27.852431	0.968388	-1.252502	-27.861206	0.944251	-1.321029	-28.153151	0.429275	-1.079320	-27.870526	0.450642	-1.240605	-28.142679	-0.048740	-1.056633	-28.182853	-0.059690	-1.056870	-27.826476	-0.070243	-1.227583	-27.890026	-0.054775	-1.261517
1009	14.004592	00:00:14:01	-28.005312	1.642540	-1.226949	-27.939480	1.683692	-1.168659	-28.031581	1.651568	-1.093221	-28.053138	1.517895	-1.188694	-28.009584	1.534706	-1.120464	-28.157885	1.569814	-1.124965	-27.880808	1.508757	-1.265990	-27.813320	1.441908	-0.999917	-27.994879	0.745799	-1.660595	-27.508475	1.365509	-0.918345	-28.086677	-0.047443	-2.096051	-27.445791	1.324186	-0.930688	-28.114380	-0.021129	-2.054134	-27.493272	1.311781	-0.915250	-28.098543	-0.048041	-2.054245	-28.138590	0.964348	-1.047634	-28.145272	0.978628	-1.118492	-27.855324	1.012923	-1.258926	-27.854650	0.972195	-1.291229	-28.153040	0.472510	-1.057607	-27.842581	0.429983	-1.244076	-28.123122	-0.044598	-1.037010	-28.159522	-0.077798	-1.080236	-27.822753	-0.010134	-1.239747	-27.856204	-0.058548	-1.295193
1010	14.018485	00:00:14:02	-28.020410	1.666548	-1.235765	-27.907804	1.629590	-1.180042	-28.017035	1.680563	-1.096083	-28.020280	1.552752	-1.197350	-27.977841	1.539218	-1.144818	-28.128020	1.569339	-1.147447	-27.874210	1.545843	-1.280875	-27.781742	1.418875	-1.013070	-28.010255	0.732590	-1.638601	-27.472113	1.330484	-0.913369	-28.077152	-0.011434	-2.031632	-27.506772	1.326320	-0.928790	-28.128148	-0.054786	-2.055330	-27.516747	1.350503	-0.873103	-28.112162	-0.025585	-2.091581	-28.180452	1.003249	-1.050372	-28.185206	0.990588	-1.123402	-27.840739	0.966607	-1.201756	-27.875701	0.970138	-1.278735	-28.165155	0.464330	-1.054256	-27.873052	0.420997	-1.268080	-28.129551	-0.057126	-1.053285	-28.190946	-0.049431	-1.101898	-27.847258	-0.051007	-1.217549	-27.887557	-0.045151	-1.296877
1011	14.032379	00:00:14:03	-28.046436	1.650612	-1.230048	-27.948126	1.662171	-1.138707	-28.003730	1.640308	-1.088959	-27.992732	1.529915	-1.195612	-27.991233	1.553213	-1.183932	-28.150165	1.514321	-1.128888	-27.871287	1.560192	-1.274934	-27.819828	1.443074	-1.009466	-27.959820	0.761713	-1.702376	-27.485478	1.322615	-0.924899	-28.089554	-0.083800	-2.048654	-27.470598	1.324189	-0.901893	-28.074509	-0.051246	-2.059760	-27.497006	1.356769	-0.885378	-28.097549	-0.071954	-2.039603	-28.148204	0.975325	-1.078559	-28.190003	0.978160	-1.121038	-27.819145	0.977756	-1.259977	-27.884531	0.956624	-1.268084	-28.146618	0.428148	-1.046734	-27.858238	0.446085	-1.256760	-28.157112	-0.072244	-1.007370	-28.165710	-0.070758	-1.088230	-27.857318	-0.067927	-1.197157	-27.862567	-0.053176	-1.274861
1012	14.046272	00:00:14:04	-28.042130	1.644051	-1.244771	-27.952342	1.655810	-1.168555	-28.031386	1.656036	-1.103519	-27.986923	1.554352	-1.186030	-27.990589	1.524447	-1.143104	-28.132269	1.571582	-1.118470	-27.866904	1.571276	-1.258494	-27.801391	1.430427	-1.016817	-27.969836	0.742402	-1.686301	-27.503566	1.338125	-0.915267	-28.095435	-0.065393	-2.050779	-27.476849	1.308477	-0.916936	-28.102395	-0.035283	-2.049389	-27.489102	1.335497	-0.906792	-28.068378	-0.050841	-2.049315	-28.125165	0.930719	-1.069042	-28.151706	0.978104	-1.075802	-27.845690	0.949875	-1.207886	-27.857122	0.959231	-1.322168	-28.154634	0.459315	-1.067241	-27.838330	0.467873	-1.284944	-28.154390	-0.027808	-1.024803	-28.159228	-0.068828	-1.133433	-27.841226	-0.057236	-1.198975	-27.842112	-0.059614	-1.275943
1013	14.060166	00:00:14:05	-28.023856	1.669740	-1.209123	-27.929989	1.668084	-1.165807	-28.038370	1.662996	-1.106478	-28.010770	1.554856	-1.171722	-27.992190	1.565577	-1.148258	-28.125363	1.558748	-1.142118	-27.881613	1.558574	-1.292770	-27.815302	1.435039	-1.015824	-28.015254	0.762029	-1.691189	-27.509469	1.341242	-0.904567	-28.104321	-0.059017	-2.032236	-27.505088	1.342061	-0.906305	-28.111338	-0.063508	-2.096209	-27.508387	1.330107	-0.909076	-28.099304	-0.034188	-2.073684	-28.132539	0.951043	-1.054403	-28.168159	0.935355	-1.118009	-27.818915	0.978654	-1.234564	-27.849421	0.960791	-1.296328	-28.146223	0.428914	-1.055545	-27.829218	0.463068	-1.269846	-28.135755	-0.036530	-1.022192	-28.165661	-0.064752	-1.076138	-27.841387	-0.088778	-1.249191	-27.870936	-0.064051	-1.273133
1014	14.074059	00:00:14:06	-28.017077	1.659302	-1.232438	-27.905694	1.673595	-1.145890	-28.022246	1.628102	-1.089530	-28.018326	1.544190	-1.196665	-27.992870	1.547333	-1.155514	-28.156709	1.575790	-1.116928	-27.903655	1.547220	-1.255537	-27.811494	1.455820	-1.002679	-28.018725	0.741960	-1.690440	-27.478134	1.338014	-0.897291	-28.094611	-0.042003	-2.047307	-27.490952	1.335726	-0.903840	-28.067044	-0.053603	-2.046955	-27.492068	1.343689	-0.897529	-28.056017	-0.063855	-2.069490	-28.119302	0.956158	-1.050179	-28.172140	0.962078	-1.108093	-27.853519	0.996782	-1.247084	-27.876265	0.984558	-1.291004	-28.150821	0.426462	-1.080363	-27.843551	0.479425	-1.257949	-28.116392	-0.040206	-1.019078	-28.139861	-0.049513	-1.122585	-27.849135	-0.071366	-1.241966	-27.878985	-0.035431	-1.264423
1015	14.087953	00:00:14:07	-28.031123	1.666845	-1.226484	-27.914590	1.631972	-1.164689	-28.063236	1.663080	-1.115340	-27.989694	1.581111	-1.202214	-28.002737	1.551041	-1.172268	-28.137599	1.557886	-1.116142	-27.881299	1.566617	-1.294539	-27.822252	1.452195	-1.029697	-27.970121	0.738897	-1.646757	-27.490844	1.334618	-0.914875	-28.090536	-0.040137	-2.043677	-27.481168	1.328011	-0.914874	-28.117065	-0.045788	-2.077135	-27.461213	1.322168	-0.890244	-28.085595	-0.031575	-2.067890	-28.124047	0.963184	-1.082101	-28.167486	0.959533	-1.111178	-27.785750	0.931943	-1.289000	-27.830925	0.967969	-1.304747	-28.151143	0.448149	-1.074903	-27.871670	0.476475	-1.273783	-28.136807	-0.053872	-1.059077	-28.155323	-0.036691	-1.103893	-27.828322	-0.073209	-1.202000	-27.843411	-0.031515	-1.309392
1016	14.101846	00:00:14:08	-28.039045	1.661328	-1.261113	-27.908117	1.649730	-1.130862	-27.996186	1.674557	-1.084905	-27.994473	1.545597	-1.183903	-27.991458	1.519450	-1.150506	-28.175643	1.557463	-1.105316	-27.868208	1.552341	-1.276741	-27.805771	1.435981	-0.977469	-27.989816	0.753067	-1.654056	-27.506448	1.343066	-0.915526	-28.097389	-0.047268	-2.042827	-27.508339	1.312378	-0.898161	-28.104064	-0.077733	-2.047619	-27.488108	1.316548	-0.881108	-28.101116	-0.057260	-2.060874	-28.129398	0.982283	-1.070212	-28.143110	0.966559	-1.090860	-27.872609	0.975988	-1.240539	-27.906890	0.989248	-1.300874	-28.140420	0.431901	-1.058369	-27.858654	0.418638	-1.251052	-28.153098	-0.047049	-1.060290	-28.179224	-0.038533	-1.089116	-27.851151	-0.060554	-1.223016	-27.854669	-0.086006	-1.270162
1017	14.115740	00:00:14:09	-28.055789	1.665025	-1.230269	-27.927193	1.672417	-1.185941	-28.032506	1.632558	-1.098494	-28.023062	1.546023	-1.188897	-28.004273	1.515903	-1.190089	-28.157038	1.554486	-1.122195	-27.854052	1.572981	-1.258990	-27.811503	1.451101	-0.983191	-28.013750	0.741640	-1.674029	-27.495673	1.341579	-0.899176	-28.053026	0.000442	-2.080519	-27.481325	1.364289	-0.910477	-28.086668	-0.029936	-2.051904	-27.505256	1.313510	-0.899506	-28.080496	-0.066873	-2.060961	-28.143958	0.955123	-1.063350	-28.158597	0.985248	-1.121970	-27.829912	0.976432	-1.201985	-27.886873	0.961182	-1.304225	-28.146703	0.468487	-1.069720	-27.823200	0.460782	-1.281486	-28.117685	-0.071739	-1.029342	-28.179551	-0.044068	-1.116624	-27.807561	-0.072596	-1.239858	-27.881370	-0.076345	-1.282286
1018	14.129633	00:00:14:10	-28.053830	1.651553	-1.230253	-27.941953	1.644575	-1.130992	-28.032703	1.641778	-1.093204	-28.022389	1.571086	-1.186607	-27.975059	1.542826	-1.176222	-28.135129	1.566151	-1.105433	-27.879173	1.548997	-1.271293	-27.818508	1.461247	-1.000924	-27.986514	0.775859	-1.664344	-27.497252	1.367358	-0.919787	-28.097857	-0.048703	-2.073664	-27.487844	1.350140	-0.910872	-28.114582	-0.069098	-2.066916	-27.471484	1.341608	-0.917240	-28.099432	-0.040647	-2.068726	-28.150332	0.940606	-1.054739	-28.160468	0.940903	-1.123804	-27.777684	0.985057	-1.234584	-27.880590	0.977638	-1.300956	-28.170149	0.447385	-1.055314	-27.872486	0.452857	-1.277053	-28.130942	-0.067482	-1.042613	-28.126601	-0.024813	-1.062739	-27.874745	-0.052336	-1.224097	-27.845443	-0.068100	-1.296170
1019	14.143526	00:00:14:11	-28.020320	1.689667	-1.274869	-27.901154	1.631513	-1.158838	-28.023518	1.667020	-1.089922	-28.012659	1.545418	-1.161967	-27.981760	1.541879	-1.172354	-28.164008	1.540046	-1.137823	-27.874629	1.560297	-1.253113	-27.812059	1.426004	-1.008859	-27.983730	0.740811	-1.663880	-27.502868	1.329612	-0.896648	-28.102855	-0.063130	-2.043009	-27.481084	1.350048	-0.925161	-28.114407	-0.060435	-2.042498	-27.494108	1.342586	-0.908187	-28.142807	-0.060066	-2.040360	-28.130610	0.971513	-1.090986	-28.152659	0.950138	-1.109681	-27.851897	0.961196	-1.259538	-27.872439	0.977675	-1.273532	-28.154029	0.436067	-1.058147	-27.852510	0.446257	-1.260577	-28.152175	-0.045230	-1.050021	-28.156282	-0.050528	-1.088181	-27.845093	-0.070115	-1.202659	-27.865486	-0.068307	-1.309874
1020	14.157420	00:00:14:12	-28.035109	1.676549	-1.220809	-27.932572	1.650136	-1.160970	-28.026671	1.667929	-1.119886	-28.034122	1.574547	-1.194137	-28.010146	1.567955	-1.169647	-28.156176	1.545614	-1.104093	-27.866017	1.548260	-1.270573	-27.812386	1.436989	-1.017071	-27.973171	0.746767	-1.650726	-27.485042	1.340042	-0.906903	-28.094682	-0.021016	-2.064565	-27.480932	1.303959	-0.896626	-28.096549	-0.036263	-2.032410	-27.487845	1.330506	-0.933613	-28.120920	-0.046280	-2.034102	-28.134117	0.949586	-1.053992	-28.177388	0.998682	-1.112178	-27.832200	0.978654	-1.244057	-27.852879	0.960061	-1.299167	-28.168936	0.456905	-1.052518	-27.817192	0.471865	-1.279134	-28.132071	-0.050810	-1.049389	-28.157440	-0.064467	-1.060573	-27.826586	-0.077587	-1.254520	-27.836041	-0.043917	-1.247060
1021	14.171313	00:00:14:13	-28.036610	1.663959	-1.245201	-27.936234	1.644841	-1.154369	-28.014749	1.671716	-1.075464	-28.037164	1.535249	-1.179780	-27.986974	1.534225	-1.143964	-28.127546	1.538184	-1.108564	-27.866718	1.545376	-1.295307	-27.837766	1.438015	-1.022227	-28.006840	0.732277	-1.685017	-27.499748	1.368405	-0.932817	-28.097744	-0.036000	-2.082164	-27.543128	1.349466	-0.921429	-28.096517	-0.032425	-2.059078	-27.501867	1.334566	-0.889441	-28.098250	-0.047267	-2.066097	-28.144321	0.947529	-1.047024	-28.158734	0.988672	-1.121682	-27.810105	0.976168	-1.248125	-27.856186	0.981919	-1.268283	-28.172957	0.481530	-1.072251	-27.883066	0.464563	-1.267750	-28.114656	-0.061589	-1.052463	-28.170416	-0.039669	-1.070110	-27.850630	-0.041852	-1.253036	-27.875402	-0.043557	-1.273547
1022	14.185207	00:00:14:14	-28.017247	1.623866	-1.271581	-27.918247	1.682696	-1.177163	-27.995461	1.672169	-1.098717	-28.039362	1.533676	-1.205066	-27.978468	1.544684	-1.151456	-28.147270	1.558493	-1.099780	-27.874767	1.532380	-1.287957	-27.832713	1.459099	-1.003148	-27.959001	0.751408	-1.664422	-27.508336	1.324000	-0.922275	-28.088273	-0.042079	-2.071402	-27.477613	1.328668	-0.918285	-28.071524	-0.081673	-2.064184	-27.480963	1.337047	-0.936906	-28.097129	-0.054114	-2.078728	-28.125667	0.978532	-1.077010	-28.153978	0.952224	-1.143259	-27.836319	0.954878	-1.258468	-27.867637	0.967447	-1.301250	-28.158905	0.431599	-1.112287	-27.835627	0.471390	-1.284227	-28.170812	-0.060440	-1.014788	-28.162040	-0.060793	-1.079652	-27.840071	-0.047955	-1.224533	-27.877238	-0.076780	-1.288026
1023	14.199100	00:00:14:15	-28.028063	1.633437	-1.249553	-27.945950	1.648762	-1.156966	-28.030574	1.626439	-1.106172	-27.993146	1.551701	-1.179874	-27.996587	1.549195	-1.172111	-28.149767	1.582587	-1.121653	-27.864699	1.550817	-1.248902	-27.808305	1.452292	-1.017807	-27.952920	0.755542	-1.683882	-27.448893	1.303079	-0.927732	-28.099577	-0.044752	-2.077073	-27.528203	1.302341	-0.918476	-28.076944	-0.071268	-2.078239	-27.511608	1.327233	-0.880950	-28.121187	-0.032236	-2.048897	-28.154602	0.955028	-1.075279	-28.176493	0.962166	-1.113951	-27.861629	0.962729	-1.216715	-27.860830	0.974380	-1.270848	-28.178777	0.465686	-1.118720	-27.822076	0.444727	-1.282215	-28.115193	-0.039320	-1.024959	-28.160576	-0.063061	-1.132094	-27.824591	-0.062760	-1.195501	-27.888638	-0.073156	-1.275268
1024	14.212994	00:00:14:16	-28.036566	1.653591	-1.254271	-27.907176	1.623494	-1.153514	-28.021533	1.646889	-1.101399	-28.012572	1.564247	-1.166608	-27.997732	1.529954	-1.175135	-28.128147	1.544249	-1.125422	-27.870736	1.543710	-1.285151	-27.795954	1.426535	-1.004084	-27.972872	0.718928	-1.653199	-27.486596	1.330508	-0.931044	-28.078608	-0.044280	-2.072622	-27.489438	1.316294	-0.960198	-28.085023	-0.082637	-2.096173	-27.488205	1.327986	-0.895993	-28.084930	-0.048482	-2.061701	-28.128813	0.994465	-1.087468	-28.196089	0.972400	-1.139259	-27.816854	0.980738	-1.244114	-27.863761	0.968789	-1.308114	-28.167019	0.478231	-1.082057	-27.844306	0.479738	-1.296020	-28.124760	-0.063672	-1.046581	-28.153700	-0.039200	-1.063542	-27.836956	-0.047138	-1.242996	-27.856647	-0.007096	-1.270455
1025	14.226887	00:00:14:17	-28.006312	1.676068	-1.256275	-27.942206	1.630164	-1.148563	-28.019913	1.674910	-1.077151	-27.992521	1.541023	-1.180026	-27.981510	1.520946	-1.154339	-28.135683	1.557445	-1.097760	-27.879576	1.542609	-1.232599	-27.820283	1.438581	-1.011577	-28.020717	0.728201	-1.665075	-27.491636	1.324984	-0.931471	-28.105446	-0.044169	-2.090168	-27.474986	1.336221	-0.925060	-28.097766	-0.052058	-2.089201	-27.473209	1.322608	-0.894604	-28.098186	-0.045194	-2.041807	-28.131897	0.987606	-1.069557	-28.205440	0.949762	-1.152598	-27.840866	0.956212	-1.213051	-27.879664	0.971758	-1.294414	-28.151766	0.441797	-1.096400	-27.834113	0.488784	-1.255845	-28.161297	-0.068881	-1.048295	-28.173976	-0.058753	-1.080630	-27.810091	-0.067426	-1.234906	-27.876644	-0.047761	-1.285145
1026	14.240781	00:00:14:18	-28.021990	1.658011	-1.263302	-27.916303	1.655856	-1.169872	-28.022232	1.662673	-1.103224	-27.993570	1.554317	-1.194212	-27.996552	1.544025	-1.159244	-28.134152	1.522512	-1.107693	-27.879622	1.554490	-1.282947	-27.828982	1.454459	-0.995981	-28.001808	0.735459	-1.660133	-27.489683	1.334358	-0.903010	-28.108450	-0.066422	-2.066155	-27.458060	1.349947	-0.909004	-28.090730	-0.045832	-2.071367	-27.479097	1.352389	-0.920407	-28.074769	-0.038989	-2.070720	-28.137508	0.989757	-1.072977	-28.168000	0.975980	-1.104866	-27.846763	0.964339	-1.258912	-27.871681	0.979468	-1.318276	-28.153173	0.427332	-1.070344	-27.846456	0.466816	-1.260349	-28.139687	-0.056782	-1.066266	-28.173587	-0.061775	-1.077782	-27.806146	-0.061541	-1.221699	-27.903868	-0.020468	-1.316429
1027	14.254674	00:00:14:19	-28.016430	1.659091	-1.242087	-27.938098	1.636730	-1.163479	-28.039935	1.676955	-1.120394	-27.982240	1.551238	-1.195178	-27.991088	1.538628	-1.178624	-28.152255	1.532401	-1.109767	-27.877839	1.553187	-1.307986	-27.804383	1.445188	-1.025441	-28.019553	0.768210	-1.657450	-27.462999	1.323054	-0.894766	-28.096599	-0.057006	-2.057778	-27.471076	1.327504	-0.926350	-28.082746	-0.050963	-2.094385	-27.475188	1.352256	-0.898784	-28.101651	-0.032090	-2.051496	-28.124502	0.970097	-1.071075	-28.167576	0.951709	-1.103206	-27.843930	0.973312	-1.265891	-27.856336	1.007671	-1.251163	-28.160015	0.439213	-1.034605	-27.847179	0.469721	-1.271366	-28.139007	-0.095136	-1.013380	-28.180126	-0.061213	-1.092029	-27.819727	-0.064597	-1.214925	-27.853026	-0.059258	-1.260175
1028	14.268567	00:00:14:20	-28.048129	1.666494	-1.214935	-27.926011	1.626659	-1.157869	-28.024197	1.649322	-1.081046	-27.999855	1.568799	-1.200849	-28.001519	1.530692	-1.178061	-28.170676	1.551513	-1.115920	-27.894336	1.550455	-1.248033	-27.814790	1.446784	-1.015166	-28.003763	0.773193	-1.665190	-27.502063	1.332009	-0.921292	-28.079837	-0.054592	-2.052649	-27.512123	1.345441	-0.937081	-28.068512	-0.049416	-2.040163	-27.476646	1.365067	-0.912400	-28.074424	-0.061514	-2.054572	-28.115378	0.944059	-1.081267	-28.184403	0.954009	-1.118761	-27.854490	0.947952	-1.248296	-27.839790	0.993246	-1.308808	-28.154243	0.454059	-1.082888	-27.850148	0.465323	-1.295630	-28.149443	-0.040312	-1.089638	-28.210082	-0.031664	-1.083017	-27.839583	-0.035558	-1.253411	-27.863300	-0.085671	-1.287333
1029	14.282461	00:00:14:21	-28.067199	1.648139	-1.245614	-27.945547	1.638591	-1.115364	-28.011640	1.696427	-1.091846	-27.999135	1.538864	-1.173109	-28.019539	1.557224	-1.169762	-28.108854	1.525566	-1.108990	-27.883197	1.557364	-1.253561	-27.842695	1.465158	-1.026703	-27.973539	0.745045	-1.665189	-27.523587	1.313572	-0.896722	-28.110797	-0.057438	-2.036037	-27.514770	1.310497	-0.924866	-28.098587	-0.071871	-2.060014	-27.496789	1.342477	-0.921266	-28.104953	-0.030776	-2.034187	-28.154061	0.969673	-1.034561	-28.167995	0.955286	-1.109786	-27.811110	0.962876	-1.229059	-27.869756	0.976127	-1.261540	-28.160647	0.440473	-1.118232	-27.855003	0.469656	-1.281169	-28.150651	-0.045076	-1.045748	-28.189271	-0.055344	-1.105257	-27.835355	-0.073276	-1.247565	-27.855923	-0.061590	-1.325342
1030	14.296354	00:00:14:22	-28.042686	1.643296	-1.219312	-27.915138	1.642663	-1.141078	-28.021257	1.680833	-1.110625	-27.997807	1.526945	-1.153024	-27.990440	1.546015	-1.154276	-28.131718	1.527483	-1.144716	-27.884487	1.550306	-1.307108	-27.817892	1.410613	-1.037212	-27.967569	0.743921	-1.687333	-27.506918	1.325017	-0.910610	-28.116997	-0.064703	-2.057277	-27.511483	1.332753	-0.914200	-28.078846	-0.057387	-2.072552	-27.463096	1.317279	-0.891715	-28.095980	-0.042901	-2.037519	-28.125032	0.974580	-1.072180	-28.158628	0.961377	-1.137572	-27.841803	0.967415	-1.277638	-27.840377	0.953997	-1.323169	-28.177229	0.458727	-1.097955	-27.877847	0.479312	-1.250181	-28.100349	-0.059437	-1.013570	-28.170967	-0.035995	-1.076205	-27.853425	-0.047621	-1.245354	-27.866812	-0.058290	-1.293719
1031	14.310248	00:00:14:23	-28.053518	1.655721	-1.215422	-27.933849	1.679807	-1.182516	-28.021831	1.632363	-1.093785	-28.018681	1.559775	-1.165903	-27.967913	1.551427	-1.174165	-28.138191	1.546050	-1.078489	-27.907656	1.554780	-1.279933	-27.774336	1.437805	-0.987102	-27.969058	0.786188	-1.695139	-27.508058	1.321531	-0.930356	-28.072777	-0.064936	-2.074419	-27.492861	1.293676	-0.922803	-28.089410	-0.036910	-2.034712	-27.504990	1.324921	-0.926047	-28.129422	-0.039363	-2.074964	-28.146362	0.977898	-1.058149	-28.194809	0.984900	-1.092868	-27.811814	0.973091	-1.266520	-27.848534	0.908484	-1.286772	-28.135183	0.444477	-1.098069	-27.851616	0.468807	-1.257106	-28.138652	-0.055789	-1.063478	-28.174664	-0.042971	-1.093825	-27.805948	-0.068872	-1.199318	-27.867732	-0.088930	-1.266519
1032	14.324141	00:00:14:24	-28.023007	1.655138	-1.243338	-27.892756	1.603145	-1.143398	-28.033800	1.671723	-1.088612	-28.030299	1.541929	-1.224709	-28.005299	1.516807	-1.181969	-28.149777	1.559162	-1.146975	-27.843855	1.561803	-1.270968	-27.816870	1.448415	-1.004765	-28.023086	0.743520	-1.648539	-27.482051	1.327677	-0.932015	-28.099326	-0.062506	-2.083534	-27.532044	1.347674	-0.900075	-28.119703	-0.028759	-2.030860	-27.520248	1.326558	-0.923288	-28.110065	-0.049646	-2.077895	-28.167074	0.967520	-1.065910	-28.198193	0.952735	-1.095555	-27.818725	0.976915	-1.256958	-27.860692	0.964998	-1.280551	-28.163242	0.439990	-1.089607	-27.828228	0.479254	-1.252695	-28.118774	-0.064697	-1.038732	-28.164480	-0.070067	-1.074837	-27.829970	-0.064134	-1.218422	-27.851819	-0.047758	-1.296665
1033	14.338035	00:00:14:25	-28.029714	1.679862	-1.244299	-27.899848	1.657445	-1.156689	-28.033693	1.641452	-1.133466	-28.017100	1.553939	-1.211727	-28.013753	1.563580	-1.141803	-28.147407	1.578687	-1.109910	-27.869686	1.565389	-1.262174	-27.845902	1.425701	-0.992940	-27.980511	0.748059	-1.654415	-27.486810	1.335104	-0.931169	-28.082082	-0.044167	-2.047688	-27.474885	1.343275	-0.925324	-28.103528	-0.056413	-2.068127	-27.488758	1.333014	-0.925380	-28.083152	-0.074236	-2.065755	-28.139635	0.956224	-1.112755	-28.161612	0.939004	-1.108627	-27.833022	0.965114	-1.272282	-27.903345	0.952095	-1.296913	-28.151301	0.442771	-1.091173	-27.869662	0.483911	-1.267493	-28.156355	-0.063735	-1.047636	-28.180414	-0.050639	-1.081653	-27.832513	-0.031522	-1.178789	-27.867630	-0.049178	-1.284394
1034	14.351928	00:00:14:26	-28.056005	1.648430	-1.226725	-27.907797	1.649537	-1.174306	-28.024865	1.670992	-1.111841	-27.999708	1.518955	-1.195975	-27.988363	1.547556	-1.179232	-28.137350	1.512442	-1.130661	-27.896614	1.568685	-1.273432	-27.813996	1.435788	-1.057835	-27.962506	0.757633	-1.625703	-27.470265	1.306227	-0.899218	-28.094785	-0.050177	-2.054023	-27.492610	1.336114	-0.932337	-28.105410	-0.033526	-2.100963	-27.525932	1.315052	-0.921940	-28.088057	-0.040026	-2.032922	-28.154615	0.964758	-1.071247	-28.187066	0.932647	-1.113338	-27.812297	0.958554	-1.251150	-27.877489	0.955337	-1.299025	-28.151090	0.440463	-1.075680	-27.853112	0.444732	-1.272380	-28.108492	-0.073065	-1.039770	-28.189646	-0.048771	-1.081779	-27.839529	-0.058220	-1.212871	-27.858616	-0.055560	-1.302956
1035	14.365822	00:00:14:27	-28.031953	1.666710	-1.228379	-27.888392	1.683979	-1.163514	-28.043235	1.622356	-1.107562	-28.005454	1.576137	-1.196810	-27.994349	1.533573	-1.145626	-28.124250	1.565825	-1.130739	-27.890476	1.513979	-1.251367	-27.785539	1.432954	-1.050939	-27.967567	0.742033	-1.668814	-27.478954	1.335093	-0.933035	-28.095827	-0.031864	-2.050815	-27.499642	1.337226	-0.932507	-28.087644	-0.034120	-2.081367	-27.487395	1.338372	-0.918484	-28.099393	-0.088959	-2.079118	-28.138078	0.947752	-1.064310	-28.158576	0.970325	-1.125921	-27.822543	0.936902	-1.243120	-27.864425	0.974473	-1.316750	-28.115646	0.461527	-1.077437	-27.840341	0.476023	-1.224935	-28.122141	-0.051085	-1.049706	-28.142852	-0.037017	-1.105245	-27.808351	-0.055018	-1.206538	-27.861627	-0.020779	-1.265016
1036	14.379715	00:00:14:28	-28.047276	1.652916	-1.223456	-27.932397	1.643158	-1.158431	-28.031738	1.651699	-1.089764	-27.983477	1.534400	-1.198277	-27.984838	1.518477	-1.168070	-28.142866	1.561457	-1.098392	-27.886012	1.519162	-1.275442	-27.812534	1.442681	-0.999287	-28.015632	0.767323	-1.702182	-27.503029	1.325868	-0.915329	-28.101228	-0.039189	-2.077931	-27.499410	1.326889	-0.911229	-28.111130	-0.043326	-2.092239	-27.495266	1.328229	-0.919246	-28.081843	-0.034141	-2.051005	-28.131135	0.927307	-1.047151	-28.196292	0.956153	-1.110132	-27.828841	0.958811	-1.254560	-27.901988	0.979015	-1.327642	-28.153268	0.461944	-1.055825	-27.842918	0.443721	-1.234131	-28.124934	-0.036817	-1.049323	-28.166848	-0.053601	-1.080171	-27.866467	-0.037181	-1.207638	-27.893577	-0.047419	-1.290106
1037	14.393608	00:00:14:29	-28.043175	1.655935	-1.209165	-27.940703	1.620755	-1.160612	-28.008540	1.668120	-1.104094	-28.047012	1.537905	-1.196755	-27.988866	1.549460	-1.166709	-28.135024	1.535091	-1.130446	-27.880521	1.518016	-1.280081	-27.790650	1.419838	-1.001144	-27.998545	0.741209	-1.676696	-27.470299	1.307001	-0.878257	-28.095455	-0.023709	-2.065884	-27.461194	1.314322	-0.922243	-28.065290	-0.041208	-2.047688	-27.508686	1.302771	-0.906025	-28.090157	-0.055836	-2.086915	-28.151385	0.963212	-1.053519	-28.178932	0.991756	-1.124204	-27.832590	0.978979	-1.272686	-27.880969	1.000935	-1.311212	-28.159901	0.455020	-1.070752	-27.875880	0.451073	-1.288665	-28.141834	-0.067288	-1.036854	-28.163199	-0.051403	-1.091041	-27.819461	-0.063130	-1.216178	-27.868383	-0.048258	-1.275365
1038	14.407502	00:00:14:30	-28.044692	1.672725	-1.236147	-27.906090	1.637876	-1.152053	-28.007094	1.665777	-1.106718	-27.988188	1.550208	-1.181331	-27.981291	1.527550	-1.148775	-28.135492	1.551842	-1.123355	-27.897326	1.518728	-1.279479	-27.836655	1.411936	-1.032504	-27.999194	0.710377	-1.695547	-27.514372	1.323109	-0.898220	-28.100379	-0.066719	-2.076292	-27.474036	1.300574	-0.928457	-28.123763	-0.021852	-2.036622	-27.473990	1.336306	-0.949447	-28.113401	-0.039314	-2.063194	-28.125028	0.974056	-1.070310	-28.186942	0.966000	-1.098169	-27.860275	0.941452	-1.219876	-27.847059	0.950567	-1.293046	-28.168155	0.442519	-1.084447	-27.869193	0.495466	-1.256583	-28.137821	-0.052308	-1.064937	-28.194326	-0.055191	-1.114561	-27.834728	-0.052212	-1.227297	-27.876709	-0.036990	-1.285313
1039	14.421395	00:00:14:31	-28.027182	1.640492	-1.245379	-27.932153	1.644067	-1.172280	-28.034051	1.628527	-1.087109	-28.012525	1.565873	-1.186334	-28.000166	1.563667	-1.171028	-28.132559	1.542885	-1.108901	-27.873816	1.568747	-1.284833	-27.800444	1.455951	-0.994652	-28.007933	0.751283	-1.680682	-27.502600	1.315582	-0.932275	-28.102755	-0.029089	-2.066417	-27.482951	1.355756	-0.929802	-28.103309	-0.035597	-2.079105	-27.492210	1.313693	-0.958495	-28.125370	-0.063036	-2.053781	-28.158588	0.982185	-1.045307	-28.174167	0.961689	-1.104532	-27.832459	0.973796	-1.285577	-27.870800	0.949075	-1.290903	-28.107688	0.456046	-1.090672	-27.848221	0.438653	-1.247181	-28.120630	-0.032443	-1.046739	-28.176291	-0.075115	-1.087739	-27.822629	-0.045342	-1.246290	-27.859281	-0.057248	-1.266151
1040	14.435289	00:00:14:32	-28.063740	1.664718	-1.258753	-27.925854	1.628967	-1.123892	-28.029481	1.662106	-1.086254	-28.027574	1.531866	-1.201223	-27.982756	1.526645	-1.179402	-28.122191	1.530472	-1.147943	-27.853006	1.543140	-1.274125	-27.807337	1.411833	-1.002820	-27.991660	0.759561	-1.676318	-27.500788	1.301707	-0.921624	-28.107343	-0.045014	-2.056143	-27.485976	1.299296	-0.931693	-28.084506	-0.082570	-2.048605	-27.500865	1.289766	-0.929431	-28.105872	-0.075411	-2.055168	-28.153876	0.981177	-1.052381	-28.170293	0.967554	-1.153425	-27.845130	0.982672	-1.220426	-27.902143	0.991260	-1.309209	-28.149439	0.419371	-1.078032	-27.838127	0.450149	-1.278701	-28.127517	-0.085509	-1.067406	-28.189915	-0.048866	-1.081735	-27.814969	-0.070412	-1.230924	-27.884352	-0.051488	-1.283634
1041	14.449182	00:00:14:33	-28.037541	1.646629	-1.257679	-27.909630	1.658446	-1.152545	-28.029661	1.662729	-1.096755	-27.998603	1.540247	-1.180646	-27.977098	1.536100	-1.140492	-28.117377	1.549158	-1.129651	-27.900017	1.543248	-1.265270	-27.845036	1.421944	-1.019480	-28.001064	0.764289	-1.665067	-27.497947	1.344345	-0.940374	-28.095544	-0.023135	-2.074707	-27.522600	1.333894	-0.945838	-28.105674	-0.035929	-2.074390	-27.499216	1.325039	-0.918404	-28.114578	-0.043452	-2.067299	-28.150019	0.957681	-1.059957	-28.179077	0.977887	-1.120102	-27.839427	0.947308	-1.256851	-27.816957	0.975142	-1.283426	-28.175853	0.458348	-1.081151	-27.852129	0.439551	-1.281968	-28.147464	-0.021653	-1.037766	-28.159753	-0.069721	-1.104777	-27.816899	-0.047259	-1.223561	-27.862257	-0.057263	-1.299661
1042	14.463076	00:00:14:34	-28.022543	1.673698	-1.229598	-27.923022	1.650597	-1.171112	-28.002743	1.649319	-1.086393	-28.034134	1.549979	-1.198956	-27.981656	1.574318	-1.190076	-28.145712	1.524071	-1.154384	-27.863508	1.555102	-1.293147	-27.817171	1.426760	-1.009226	-27.974354	0.727595	-1.666492	-27.486214	1.313804	-0.914666	-28.091266	-0.021869	-2.046694	-27.488573	1.312627	-0.908584	-28.096833	-0.044922	-2.100739	-27.522462	1.318613	-0.928497	-28.100000	-0.055123	-2.072590	-28.137321	0.976442	-1.090203	-28.167427	0.979780	-1.096671	-27.814266	0.958450	-1.252290	-27.888072	0.959116	-1.312840	-28.157257	0.461056	-1.073274	-27.849828	0.454076	-1.301265	-28.126867	-0.028353	-1.055753	-28.171632	-0.041105	-1.110121	-27.826702	-0.033808	-1.204949	-27.852859	-0.024288	-1.290174
1043	14.476969	00:00:14:35	-28.021365	1.657586	-1.205999	-27.947556	1.645922	-1.163696	-28.026691	1.650535	-1.108629	-28.005731	1.547850	-1.188009	-28.005887	1.537083	-1.183912	-28.115176	1.535944	-1.142016	-27.898250	1.556152	-1.285141	-27.809945	1.407610	-1.047459	-27.987317	0.748126	-1.646438	-27.492699	1.315211	-0.905774	-28.089451	-0.041395	-2.059656	-27.492777	1.299430	-0.912446	-28.095927	-0.050867	-2.033786	-27.500372	1.341053	-0.930486	-28.083828	-0.029571	-2.069778	-28.153763	0.942201	-1.079668	-28.169730	0.950843	-1.136227	-27.825785	0.978302	-1.252558	-27.847159	0.990522	-1.293303	-28.121955	0.449421	-1.063612	-27.848454	0.445380	-1.242883	-28.142630	-0.043989	-1.027351	-28.192060	-0.018081	-1.077102	-27.797935	-0.095091	-1.231992	-27.861865	-0.066892	-1.304136
1044	14.490863	00:00:14:36	-28.038978	1.642225	-1.216415	-27.913805	1.640039	-1.147025	-28.041164	1.658064	-1.060090	-28.040140	1.556462	-1.207097	-28.008254	1.544190	-1.172902	-28.132521	1.535324	-1.111713	-27.894718	1.536934	-1.286225	-27.800322	1.425946	-1.002515	-28.002380	0.768215	-1.669393	-27.484856	1.308889	-0.935192	-28.118527	-0.056400	-2.060064	-27.495201	1.302918	-0.934682	-28.064981	-0.011841	-2.069258	-27.473116	1.303048	-0.916547	-28.115149	-0.051002	-2.076631	-28.152892	0.965312	-1.069832	-28.173049	0.940801	-1.094522	-27.810637	0.978128	-1.270232	-27.855198	0.958483	-1.304597	-28.150594	0.431897	-1.075433	-27.856379	0.438702	-1.265516	-28.135544	-0.077155	-1.016737	-28.172597	-0.051329	-1.066779	-27.849274	-0.071857	-1.238983	-27.862334	-0.060463	-1.261034
1045	14.504756	00:00:14:37	-28.001502	1.672800	-1.226198	-27.940301	1.653235	-1.132642	-28.015309	1.657173	-1.093049	-27.998507	1.551026	-1.186771	-27.995129	1.585026	-1.175957	-28.111458	1.552338	-1.127918	-27.892576	1.528100	-1.253395	-27.805582	1.448444	-1.011796	-27.986174	0.750836	-1.626589	-27.510475	1.306198	-0.926033	-28.081815	-0.068927	-2.064856	-27.488817	1.304363	-0.911890	-28.118972	-0.034320	-2.078635	-27.506513	1.325725	-0.923000	-28.041423	-0.067947	-2.061367	-28.124691	0.966749	-1.068950	-28.161022	0.967622	-1.124660	-27.836008	0.991686	-1.241224	-27.837861	0.981712	-1.300375	-28.150794	0.459801	-1.044142	-27.835853	0.462340	-1.243682	-28.118730	-0.038930	-1.061764	-28.186414	-0.080552	-1.124058	-27.830821	-0.054734	-1.194003	-27.877711	-0.061932	-1.253409
1046	14.518649	00:00:14:38	-28.039909	1.670792	-1.252627	-27.922731	1.667099	-1.149464	-28.006587	1.676780	-1.074759	-28.027048	1.525416	-1.218233	-27.976336	1.539819	-1.161904	-28.133343	1.530473	-1.113889	-27.912912	1.564807	-1.276782	-27.830475	1.429500	-1.029582	-27.992076	0.757943	-1.675534	-27.504680	1.301008	-0.916608	-28.060891	-0.051198	-2.080391	-27.467679	1.316879	-0.915347	-28.127210	-0.072763	-2.064360	-27.470075	1.348429	-0.928005	-28.101235	-0.053911	-2.056383	-28.146282	0.973298	-1.080774	-28.156659	0.972617	-1.126300	-27.831292	0.990241	-1.229711	-27.873985	0.931036	-1.343888	-28.150861	0.448228	-1.078604	-27.849623	0.475069	-1.238020	-28.130389	-0.053072	-1.030376	-28.145607	-0.061716	-1.090053	-27.836772	-0.037229	-1.248555	-27.851187	-0.085105	-1.300531
1047	14.532543	00:00:14:39	-28.009300	1.654761	-1.228935	-27.912175	1.665746	-1.171104	-28.014265	1.652659	-1.058418	-28.008779	1.553545	-1.184476	-28.000272	1.549595	-1.176821	-28.133552	1.581737	-1.104870	-27.864866	1.562636	-1.276399	-27.828286	1.405304	-0.994355	-28.016904	0.721757	-1.690361	-27.505168	1.325483	-0.901041	-28.100240	-0.046208	-2.035162	-27.500917	1.331749	-0.927614	-28.098779	-0.058059	-2.059867	-27.493362	1.295819	-0.906906	-28.096902	-0.064017	-2.036986	-28.149415	0.917486	-1.053294	-28.190522	1.003136	-1.075026	-27.855919	0.982612	-1.251682	-27.866669	1.009154	-1.282877	-28.135916	0.445908	-1.087832	-27.854592	0.473080	-1.265297	-28.157514	-0.079445	-1.041213	-28.172300	-0.075331	-1.101744	-27.825353	-0.059235	-1.208648	-27.862006	-0.023092	-1.269388
1048	14.546436	00:00:14:40	-28.044343	1.663091	-1.199916	-27.894621	1.657229	-1.162326	-28.018543	1.660080	-1.089751	-27.984576	1.523792	-1.178850	-28.025419	1.551710	-1.159479	-28.116774	1.575653	-1.115390	-27.887059	1.544191	-1.261014	-27.804345	1.426128	-1.000200	-28.011473	0.751899	-1.658711	-27.494970	1.353617	-0.936394	-28.100631	-0.083124	-2.065949	-27.507581	1.330233	-0.911948	-28.113534	-0.021545	-2.072028	-27.511598	1.343756	-0.923787	-28.084132	-0.047176	-2.057090	-28.158363	0.955193	-1.057009	-28.164875	0.989494	-1.105917	-27.831596	0.984415	-1.250525	-27.871767	0.971334	-1.301561	-28.171873	0.451154	-1.082969	-27.812088	0.439874	-1.254715	-28.128404	-0.042843	-1.068060	-28.139072	-0.050211	-1.097906	-27.825998	-0.026666	-1.220056	-27.861457	-0.032006	-1.318188
1049	14.560330	00:00:14:41	-28.027644	1.648237	-1.215510	-27.926912	1.656323	-1.155618	-28.037017	1.644888	-1.110394	-28.004487	1.548901	-1.174163	-27.981810	1.558620	-1.131687	-28.136578	1.552029	-1.106664	-27.871028	1.527112	-1.286958	-27.879680	1.447350	-1.033084	-27.994115	0.766586	-1.679823	-27.517573	1.313993	-0.895296	-28.069150	-0.034494	-2.074252	-27.503898	1.321727	-0.920907	-28.108921	-0.042879	-2.105874	-27.516050	1.300281	-0.921923	-28.093032	-0.023840	-2.075059	-28.107006	0.940740	-1.069696	-28.175418	0.989699	-1.114844	-27.828236	0.984462	-1.243128	-27.885594	0.974904	-1.329427	-28.124616	0.448005	-1.088818	-27.850800	0.482793	-1.268394	-28.120179	-0.059201	-1.025726	-28.162885	-0.032111	-1.094785	-27.851071	-0.084625	-1.225469	-27.840316	-0.037919	-1.272051
1050	14.574223	00:00:14:42	-28.031295	1.647685	-1.241325	-27.939158	1.675630	-1.166179	-27.992812	1.639848	-1.083278	-28.019361	1.534215	-1.165786	-28.002187	1.548688	-1.188144	-28.112047	1.557058	-1.132776	-27.892945	1.555632	-1.268282	-27.837469	1.403861	-1.060248	-27.964310	0.728784	-1.672421	-27.518035	1.341310	-0.944902	-28.091861	-0.022813	-2.103969	-27.482942	1.308365	-0.912852	-28.072618	-0.034626	-2.091524	-27.516308	1.300267	-0.936602	-28.103161	-0.048525	-2.025969	-28.121121	0.961813	-1.087532	-28.182069	0.966996	-1.122315	-27.832730	0.969196	-1.229614	-27.857704	0.948521	-1.301535	-28.149459	0.441458	-1.061106	-27.858949	0.459432	-1.225569	-28.152959	-0.070981	-1.012247	-28.204924	-0.040110	-1.116534	-27.835460	-0.038360	-1.212350	-27.853212	-0.039678	-1.263783
1051	14.588117	00:00:14:43	-28.038798	1.659343	-1.225436	-27.900878	1.630811	-1.142256	-28.016920	1.650156	-1.098397	-28.021408	1.568164	-1.193497	-27.978636	1.561519	-1.164524	-28.155229	1.535333	-1.127875	-27.890521	1.549337	-1.258042	-27.802857	1.462529	-0.999340	-27.983353	0.780307	-1.674570	-27.479175	1.329501	-0.904492	-28.099669	-0.055491	-2.070190	-27.513573	1.335460	-0.914925	-28.066959	-0.054162	-2.065981	-27.465040	1.297250	-0.926496	-28.102245	-0.057214	-2.057875	-28.154028	0.971173	-1.085580	-28.173196	0.973188	-1.098312	-27.834863	0.976791	-1.236054	-27.855367	0.981794	-1.277008	-28.168795	0.461577	-1.091858	-27.854169	0.443843	-1.271633	-28.132240	-0.048532	-1.029334	-28.177800	-0.032230	-1.108044	-27.806745	-0.051488	-1.218660	-27.884946	-0.051530	-1.288959
1052	14.602010	00:00:14:44	-28.062566	1.659488	-1.207509	-27.911859	1.643027	-1.138614	-28.051832	1.643527	-1.105123	-28.039563	1.519645	-1.204644	-28.001552	1.543274	-1.161234	-28.140766	1.497866	-1.127600	-27.887293	1.548830	-1.280204	-27.833422	1.420067	-1.028946	-27.974472	0.728750	-1.640073	-27.516940	1.315100	-0.953308	-28.081584	-0.065193	-2.042276	-27.505390	1.289855	-0.909033	-28.106122	-0.025548	-2.039544	-27.488604	1.328421	-0.940104	-28.113334	-0.029030	-2.084818	-28.108684	0.950918	-1.074041	-28.162696	0.972876	-1.121841	-27.828218	0.953762	-1.261478	-27.883073	0.996463	-1.298750	-28.174358	0.459288	-1.077270	-27.870154	0.427765	-1.242378	-28.156882	-0.037891	-1.017936	-28.135231	-0.053573	-1.114446	-27.835900	-0.073234	-1.222068	-27.890191	-0.053329	-1.275239
1053	14.615904	00:00:14:45	-28.025213	1.681314	-1.247467	-27.918249	1.628603	-1.160148	-28.020194	1.628633	-1.092741	-28.025520	1.519916	-1.205318	-28.007101	1.521034	-1.166502	-28.107404	1.522772	-1.116676	-27.857833	1.542551	-1.265514	-27.805946	1.434599	-1.013405	-28.016401	0.755495	-1.682029	-27.515832	1.315751	-0.925169	-28.136069	-0.069957	-2.057893	-27.501676	1.333180	-0.925834	-28.087579	-0.025819	-2.030185	-27.529501	1.304913	-0.893859	-28.093085	-0.022900	-2.059211	-28.124659	0.998661	-1.048212	-28.181620	0.931443	-1.109525	-27.833849	0.992846	-1.253077	-27.875691	0.957977	-1.301859	-28.155167	0.459062	-1.070001	-27.889045	0.450598	-1.275577	-28.132556	-0.038067	-1.046711	-28.136411	-0.046317	-1.088731	-27.823751	-0.071531	-1.223850	-27.846061	-0.056812	-1.270960
1054	14.629797	00:00:14:46	-28.012484	1.658223	-1.214383	-27.944862	1.614358	-1.120845	-27.995481	1.635659	-1.120346	-27.999396	1.556050	-1.190971	-28.000819	1.560840	-1.174219	-28.150096	1.562692	-1.117757	-27.887419	1.541321	-1.267508	-27.843476	1.442872	-1.032621	-28.020195	0.711127	-1.654595	-27.497701	1.289301	-0.920173	-28.107274	-0.033281	-2.087337	-27.540811	1.286231	-0.923280	-28.102660	-0.093855	-2.065147	-27.494033	1.281795	-0.928213	-28.101307	-0.036902	-2.093526	-28.137032	0.942762	-1.101220	-28.164887	0.954462	-1.107356	-27.870334	0.978810	-1.242869	-27.864374	0.968233	-1.306088	-28.192739	0.448079	-1.064468	-27.841311	0.465363	-1.282991	-28.133720	-0.062429	-1.087321	-28.181852	-0.032773	-1.095953	-27.810442	-0.026298	-1.197555	-27.859464	-0.047268	-1.267029
1055	14.643690	00:00:14:47	-28.047936	1.676027	-1.218137	-27.928811	1.643159	-1.150086	-28.022979	1.647154	-1.098000	-28.023527	1.558566	-1.194502	-27.995014	1.552364	-1.145671	-28.163622	1.561497	-1.144843	-27.881263	1.557648	-1.271199	-27.793914	1.459843	-1.008237	-28.037546	0.764108	-1.655959	-27.509073	1.310675	-0.912535	-28.095854	-0.004533	-2.026655	-27.506857	1.340067	-0.937641	-28.117316	-0.066991	-2.040185	-27.527189	1.328257	-0.901879	-28.091060	-0.062252	-2.081104	-28.137162	0.967189	-1.075267	-28.184328	0.940848	-1.112537	-27.808058	0.921786	-1.259727	-27.860818	0.986969	-1.318237	-28.159074	0.447565	-1.077867	-27.859519	0.456467	-1.257970	-28.173367	-0.052904	-1.057669	-28.173802	-0.020960	-1.097182	-27.833708	-0.064584	-1.240147	-27.862583	-0.033298	-1.279313
1056	14.657584	00:00:14:48	-28.036361	1.635991	-1.211852	-27.909037	1.664037	-1.145735	-28.026923	1.630836	-1.073624	-28.000118	1.536805	-1.207541	-27.983231	1.552577	-1.159663	-28.150629	1.531469	-1.132602	-27.887894	1.573234	-1.250343	-27.842887	1.438724	-1.053597	-28.002787	0.753821	-1.671968	-27.525375	1.293339	-0.912946	-28.097533	-0.069568	-2.045474	-27.491471	1.322741	-0.919426	-28.100690	-0.052046	-2.051930	-27.468308	1.308004	-0.919680	-28.080735	-0.031814	-2.057921	-28.160833	0.970872	-1.084937	-28.166188	0.987484	-1.143383	-27.855646	0.982941	-1.242723	-27.859450	0.985874	-1.325520	-28.136062	0.447222	-1.078472	-27.890979	0.453643	-1.249005	-28.156008	-0.083039	-1.023438	-28.186087	-0.042185	-1.106487	-27.860715	-0.061203	-1.218508	-27.862814	-0.067290	-1.276463
1057	14.671477	00:00:14:49	-28.027330	1.676174	-1.242211	-27.910376	1.629999	-1.163134	-28.044234	1.664803	-1.093394	-28.046064	1.565372	-1.185235	-27.980082	1.582642	-1.171520	-28.147056	1.560655	-1.149804	-27.922796	1.544852	-1.284912	-27.835933	1.432674	-1.005706	-27.996887	0.760183	-1.676297	-27.532272	1.323229	-0.916340	-28.069387	-0.031633	-2.074640	-27.507651	1.294702	-0.911373	-28.089759	-0.042357	-2.055517	-27.502547	1.271897	-0.946271	-28.065436	-0.013449	-2.092022	-28.090365	0.952571	-1.063063	-28.181680	0.967070	-1.121834	-27.840165	0.930849	-1.243949	-27.903272	0.955062	-1.279908	-28.159078	0.481289	-1.062739	-27.865317	0.437005	-1.247039	-28.169953	-0.059480	-1.034532	-28.178060	-0.028382	-1.123209	-27.837204	-0.070471	-1.226193	-27.853956	-0.044592	-1.275199
1058	14.685371	00:00:14:50	-28.019600	1.648977	-1.244492	-27.898126	1.665250	-1.164130	-28.024419	1.648855	-1.090995	-28.035278	1.550162	-1.209709	-27.962210	1.528919	-1.209452	-28.163739	1.526102	-1.110581	-27.883553	1.535550	-1.266302	-27.818668	1.390293	-1.018571	-27.987827	0.769992	-1.661689	-27.473137	1.301130	-0.923005	-28.117027	-0.047041	-2.065511	-27.512572	1.288811	-0.944119	-28.103407	-0.048736	-2.074066	-27.471020	1.346646	-0.929514	-28.100988	-0.056354	-2.059747	-28.145105	0.956361	-1.059445	-28.182947	0.980978	-1.107059	-27.840006	0.957754	-1.245379	-27.837024	0.952054	-1.265840	-28.155897	0.484645	-1.064886	-27.855822	0.445219	-1.257122	-28.121699	-0.056375	-1.062859	-28.215992	-0.068832	-1.093993	-27.838041	-0.053767	-1.235171	-27.859747	-0.051959	-1.274259
1059	14.699264	00:00:14:51	-28.049493	1.647057	-1.239895	-27.923877	1.658711	-1.208908	-28.013561	1.656496	-1.098853	-28.006636	1.531626	-1.199887	-28.017464	1.546616	-1.154577	-28.180715	1.489382	-1.096849	-27.915099	1.558739	-1.299100	-27.828974	1.441299	-1.003160	-28.005445	0.741519	-1.669190	-27.470286	1.338212	-0.935484	-28.099802	-0.019663	-2.080384	-27.531473	1.302672	-0.927250	-28.079296	-0.022839	-2.062399	-27.513237	1.264572	-0.921988	-28.057707	-0.057460	-2.058792	-28.176396	0.966847	-1.066844	-28.145328	0.958793	-1.112523	-27.834396	0.974368	-1.230733	-27.858460	0.995661	-1.272445	-28.169587	0.442559	-1.066235	-27.876404	0.435688	-1.266333	-28.135709	-0.104911	-1.012888	-28.162574	-0.053410	-1.075140	-27.836551	-0.069808	-1.214534	-27.862618	-0.049928	-1.265652
1060	14.713158	00:00:14:52	-27.981658	1.678126	-1.199803	-27.919469	1.621871	-1.179501	-28.029503	1.667255	-1.096218	-28.049334	1.545663	-1.202298	-27.963889	1.546168	-1.171088	-28.145943	1.557935	-1.123577	-27.899375	1.529025	-1.264785	-27.811800	1.446562	-1.039332	-28.022004	0.770471	-1.654456	-27.485082	1.300990	-0.922130	-28.125783	-0.041450	-2.072892	-27.484169	1.302288	-0.935175	-28.084233	-0.037141	-2.078683	-27.509506	1.304225	-0.935105	-28.107661	-0.106824	-2.097799	-28.147398	0.933486	-1.055550	-28.187254	0.960240	-1.111136	-27.827611	0.981529	-1.249403	-27.833426	0.963771	-1.331722	-28.141667	0.464780	-1.068462	-27.817299	0.461376	-1.279948	-28.136186	-0.069463	-1.060245	-28.174757	-0.038651	-1.087810	-27.818918	-0.061995	-1.193593	-27.845391	-0.072341	-1.293804
1061	14.727051	00:00:14:53	-27.974008	1.670134	-1.227928	-27.911284	1.655530	-1.165726	-28.030955	1.640218	-1.077963	-27.992808	1.548613	-1.206239	-28.011687	1.541939	-1.183331	-28.152544	1.554040	-1.134874	-27.862562	1.552864	-1.289885	-27.811628	1.417508	-1.002465	-27.977732	0.734342	-1.660171	-27.502029	1.280939	-0.925395	-28.080793	-0.035192	-2.080455	-27.500471	1.340839	-0.945905	-28.100749	-0.047251	-2.032690	-27.502967	1.324804	-0.937466	-28.087701	-0.031900	-2.062044	-28.137661	0.979217	-1.077039	-28.186955	0.955557	-1.105121	-27.818840	0.982030	-1.245744	-27.853506	0.975412	-1.291524	-28.158239	0.425082	-1.100911	-27.841135	0.474710	-1.266941	-28.121568	-0.062804	-1.038444	-28.183972	-0.038607	-1.091902	-27.849591	-0.098921	-1.242669	-27.873439	-0.068265	-1.250552
1062	14.740945	00:00:14:54	-28.069935	1.656476	-1.216944	-27.902732	1.650773	-1.146187	-28.020020	1.642914	-1.116077	-27.988137	1.556243	-1.195706	-27.993175	1.539798	-1.182205	-28.133519	1.536897	-1.127973	-27.882437	1.559379	-1.267350	-27.837523	1.439924	-1.014699	-27.963330	0.736259	-1.679997	-27.507851	1.307380	-0.910069	-28.097548	-0.024043	-2.050118	-27.506078	1.279758	-0.916234	-28.066737	-0.041654	-2.089110	-27.517069	1.300565	-0.933971	-28.082513	-0.061536	-2.104156	-28.130755	0.966016	-1.089798	-28.176775	0.996296	-1.117223	-27.810880	0.947054	-1.239284	-27.877899	0.964064	-1.286910	-28.161238	0.465624	-1.082568	-27.865028	0.428419	-1.280201	-28.138455	-0.059661	-1.041117	-28.133440	-0.058271	-1.091785	-27.838404	-0.053671	-1.216762	-27.864394	-0.047986	-1.263803
1063	14.754838	00:00:14:55	-28.056828	1.659348	-1.247321	-27.926685	1.634117	-1.141358	-28.033236	1.682948	-1.084699	-28.022598	1.532330	-1.191473	-27.995729	1.530936	-1.205329	-28.156016	1.532922	-1.128642	-27.921935	1.515145	-1.289806	-27.790108	1.425672	-1.049324	-28.011214	0.775376	-1.667752	-27.530913	1.301447	-0.920869	-28.109517	-0.029522	-2.077125	-27.495018	1.308856	-0.953163	-28.094204	-0.051376	-2.055001	-27.482402	1.308725	-0.897894	-28.093108	-0.045701	-2.066632	-28.130498	0.934775	-1.057801	-28.207410	0.975972	-1.089482	-27.865765	0.920046	-1.246481	-27.848165	0.945474	-1.288311	-28.145905	0.465258	-1.091597	-27.845846	0.479806	-1.260419	-28.142403	-0.047576	-1.062714	-28.171702	-0.033016	-1.135220	-27.852762	-0.070632	-1.232113	-27.869056	-0.025314	-1.286658
1064	14.768731	00:00:14:56	-28.029454	1.664972	-1.219040	-27.947446	1.670641	-1.175812	-28.054124	1.657925	-1.109720	-28.022124	1.527544	-1.202133	-27.985277	1.570718	-1.195413	-28.161693	1.545081	-1.122218	-27.865895	1.532184	-1.266654	-27.823743	1.453020	-1.024410	-27.987861	0.730782	-1.645429	-27.528840	1.266680	-0.931296	-28.106979	-0.049544	-2.060599	-27.511781	1.284280	-0.913557	-28.088463	-0.036536	-2.062732	-27.506968	1.328815	-0.933619	-28.136924	-0.065756	-2.066060	-28.117507	0.944738	-1.055403	-28.160200	0.968610	-1.123781	-27.813321	0.963439	-1.266974	-27.864249	0.973866	-1.331663	-28.163107	0.468074	-1.071256	-27.826086	0.461722	-1.260820	-28.131413	-0.088924	-1.058780	-28.176889	-0.046929	-1.098310	-27.861736	-0.042303	-1.231597	-27.879626	-0.051289	-1.260611
1065	14.782625	00:00:14:57	-28.053487	1.667118	-1.255934	-27.896155	1.662303	-1.146396	-28.023786	1.615660	-1.107297	-28.027188	1.581811	-1.225203	-27.994959	1.530128	-1.170531	-28.135285	1.511861	-1.108645	-27.910373	1.555739	-1.248241	-27.833360	1.428044	-1.031431	-27.969349	0.756941	-1.678078	-27.509441	1.304607	-0.935989	-28.116727	-0.056718	-2.083615	-27.473420	1.330889	-0.922096	-28.081723	-0.024764	-2.055817	-27.507731	1.293877	-0.923754	-28.105869	-0.010018	-2.048758	-28.104887	0.971853	-1.060447	-28.171778	0.985684	-1.068381	-27.829922	0.951692	-1.253090	-27.852404	0.999227	-1.328234	-28.168984	0.459801	-1.061624	-27.860972	0.435163	-1.278287	-28.118015	-0.022390	-1.058597	-28.169877	-0.036883	-1.075421	-27.864068	-0.062118	-1.227858	-27.885695	-0.064714	-1.299127
1066	14.796518	00:00:14:58	-28.030490	1.675272	-1.234224	-27.930280	1.664213	-1.162867	-28.021291	1.656854	-1.079700	-28.012435	1.564212	-1.212129	-27.999137	1.537288	-1.158868	-28.178860	1.538622	-1.111527	-27.906148	1.519621	-1.255336	-27.845919	1.424969	-1.052065	-28.018392	0.758116	-1.657786	-27.471614	1.339272	-0.923140	-28.085915	-0.042350	-2.069221	-27.524427	1.293853	-0.896205	-28.109137	-0.051486	-2.061857	-27.505354	1.308501	-0.967957	-28.086783	-0.041177	-2.069210	-28.136196	0.966004	-1.067202	-28.168956	0.978165	-1.111173	-27.824684	0.961617	-1.260929	-27.839372	0.960743	-1.312233	-28.150362	0.437649	-1.069005	-27.859113	0.458290	-1.266388	-28.113364	-0.081396	-1.060983	-28.156819	-0.070267	-1.089064	-27.843355	-0.060991	-1.224618	-27.877493	-0.041567	-1.287413
1067	14.810412	00:00:14:59	-28.035172	1.667011	-1.234321	-27.899513	1.643244	-1.157264	-28.012016	1.655159	-1.114286	-28.000921	1.582113	-1.203557	-27.994271	1.547307	-1.193608	-28.138759	1.560766	-1.107063	-27.901400	1.530653	-1.327706	-27.811696	1.395885	-1.050496	-27.978439	0.744522	-1.686585	-27.525267	1.286559	-0.927622	-28.101081	-0.047795	-2.074987	-27.500374	1.303002	-0.918461	-28.082745	-0.031611	-2.099842	-27.480312	1.324677	-0.927709	-28.060022	-0.077140	-2.069027	-28.152751	0.939257	-1.051693	-28.151911	0.958627	-1.122219	-27.844854	0.949790	-1.286035	-27.871591	0.983157	-1.259234	-28.127998	0.421163	-1.088642	-27.830727	0.455111	-1.222076	-28.131322	-0.070281	-1.034756	-28.146540	-0.038269	-1.095508	-27.848987	-0.076798	-1.240188	-27.875531	-0.040077	-1.253214
1068	14.824305	00:00:14:60	-28.043279	1.680064	-1.226707	-27.931875	1.646680	-1.139651	-28.027376	1.637872	-1.113696	-28.020368	1.570914	-1.185403	-27.998924	1.535746	-1.160454	-28.157656	1.546557	-1.149593	-27.882747	1.514056	-1.281344	-27.815552	1.419296	-1.025735	-27.976776	0.758894	-1.662682	-27.480952	1.301324	-0.943700	-28.097104	-0.029427	-2.073505	-27.513605	1.311925	-0.938135	-28.103980	-0.044169	-2.054488	-27.518442	1.269733	-0.947605	-28.087835	-0.050172	-2.037910	-28.121544	0.957007	-1.069468	-28.166537	0.992957	-1.099080	-27.833929	0.955566	-1.267621	-27.883111	0.979568	-1.325453	-28.145460	0.467509	-1.071880	-27.861800	0.431818	-1.268498	-28.149677	-0.060075	-1.064116	-28.183950	-0.068935	-1.088245	-27.833280	-0.067648	-1.251324	-27.842773	-0.067905	-1.291834
1069	14.838199	00:00:14:61	-28.017677	1.658614	-1.206741	-27.892122	1.662763	-1.185346	-28.039197	1.634754	-1.113560	-28.006961	1.520186	-1.197584	-27.978100	1.541808	-1.181331	-28.133466	1.529157	-1.104279	-27.861728	1.548212	-1.227081	-27.816530	1.409956	-1.025295	-27.982472	0.760254	-1.696802	-27.500322	1.290320	-0.942988	-28.088548	-0.017103	-2.029100	-27.506907	1.311579	-0.917078	-28.092186	-0.056536	-2.081324	-27.491465	1.281344	-0.932269	-28.095311	-0.052903	-2.038957	-28.149958	0.963461	-1.075663	-28.158877	0.966314	-1.137636	-27.839112	0.950606	-1.274551	-27.868022	0.957546	-1.276028	-28.154039	0.475990	-1.094691	-27.822795	0.466489	-1.260862	-28.157615	-0.056458	-1.030379	-28.173591	-0.038518	-1.069968	-27.838411	-0.048884	-1.219895	-27.833634	-0.061247	-1.269858
1070	14.852092	00:00:14:62	-28.021534	1.713644	-1.217584	-27.893666	1.639748	-1.131394	-28.017897	1.649956	-1.109084	-27.991264	1.542857	-1.205047	-27.976660	1.530823	-1.146147	-28.145037	1.547217	-1.132619	-27.889372	1.544333	-1.276381	-27.860493	1.445340	-1.018814	-27.989867	0.788290	-1.654519	-27.520939	1.273951	-0.918896	-28.089731	-0.079001	-2.056680	-27.504563	1.304026	-0.975544	-28.106697	-0.007055	-2.076683	-27.508542	1.301120	-0.920656	-28.109552	-0.060308	-2.089294	-28.169531	0.955691	-1.028891	-28.202255	0.961702	-1.072866	-27.860058	0.972545	-1.267733	-27.893275	0.952874	-1.317060	-28.155383	0.487613	-1.101484	-27.860752	0.442902	-1.274857	-28.122132	-0.080171	-1.048364	-28.200153	-0.047200	-1.097978	-27.854046	-0.071889	-1.226568	-27.862466	-0.067191	-1.276217
1071	14.865986	00:00:14:63	-28.019520	1.662083	-1.254495	-27.899334	1.638885	-1.153823	-28.031169	1.657014	-1.123805	-28.013572	1.564551	-1.206134	-28.032364	1.511543	-1.190953	-28.149509	1.546995	-1.131380	-27.882041	1.526081	-1.293343	-27.818154	1.404109	-1.028534	-27.985116	0.760789	-1.708677	-27.470134	1.290379	-0.899366	-28.108454	-0.035787	-2.072738	-27.511535	1.311398	-0.891868	-28.100754	-0.074523	-2.040589	-27.473257	1.308503	-0.931614	-28.098526	-0.058831	-2.083010	-28.146352	0.951167	-1.043830	-28.165428	0.976053	-1.140930	-27.857208	0.971763	-1.290465	-27.894732	0.935385	-1.278822	-28.182225	0.468474	-1.087793	-27.866282	0.432150	-1.258431	-28.148990	-0.075849	-1.020662	-28.225604	-0.028709	-1.082241	-27.823165	-0.072191	-1.240554	-27.867944	-0.069257	-1.278489
1072	14.879879	00:00:14:64	-28.047997	1.659559	-1.234402	-27.956893	1.658667	-1.131423	-28.008568	1.641113	-1.101535	-28.000813	1.559503	-1.193247	-28.007197	1.538450	-1.192941	-28.137092	1.533993	-1.121445	-27.899292	1.537832	-1.262751	-27.828779	1.408185	-1.045318	-27.981617	0.743840	-1.701374	-27.502977	1.317465	-0.914363	-28.106239	-0.058002	-2.045548	-27.514928	1.287923	-0.941251	-28.112649	-0.027192	-2.081221	-27.513446	1.300584	-0.949589	-28.084527	-0.070853	-2.067973	-28.114067	0.936929	-1.079398	-28.168661	0.970690	-1.090887	-27.842116	0.978356	-1.227395	-27.868318	0.971204	-1.285317	-28.156949	0.453532	-1.071468	-27.874713	0.465974	-1.242973	-28.146067	-0.004617	-1.031598	-28.179838	-0.053464	-1.119544	-27.852757	-0.068891	-1.205270	-27.883057	-0.082033	-1.283877
1073	14.893772	00:00:14:65	-28.026662	1.639390	-1.221361	-27.914781	1.663497	-1.133765	-28.007503	1.655054	-1.095983	-28.030995	1.587723	-1.196460	-28.008109	1.562972	-1.149779	-28.130701	1.538284	-1.118986	-27.873389	1.504059	-1.275858	-27.809325	1.437348	-0.990637	-28.004122	0.777221	-1.636691	-27.527811	1.313667	-0.924161	-28.113959	-0.059990	-2.097376	-27.509215	1.325682	-0.948327	-28.078298	-0.033129	-2.061567	-27.541636	1.278908	-0.896099	-28.118820	-0.051185	-2.075911	-28.153042	0.949365	-1.071381	-28.155160	0.968763	-1.127466	-27.832956	0.930574	-1.236410	-27.836827	0.955003	-1.301806	-28.115905	0.440413	-1.113303	-27.863263	0.474307	-1.258318	-28.147373	-0.088133	-1.063061	-28.189881	-0.028210	-1.118815	-27.831435	-0.057658	-1.223501	-27.856374	-0.063577	-1.302978
1074	14.907666	00:00:14:66	-28.059937	1.630331	-1.214510	-27.963308	1.678361	-1.183797	-28.032396	1.679679	-1.070817	-28.026538	1.531273	-1.207544	-28.016021	1.527470	-1.154942	-28.142496	1.556326	-1.143207	-27.879732	1.524059	-1.239739	-27.801191	1.436406	-1.039021	-28.001235	0.748394	-1.656564	-27.512994	1.321061	-0.926105	-28.097101	-0.020465	-2.061993	-27.516591	1.298599	-0.917149	-28.100103	-0.054188	-2.078739	-27.487383	1.304874	-0.954708	-28.084396	-0.075152	-2.068883	-28.149858	0.961590	-1.053910	-28.172801	0.962821	-1.116229	-27.856506	0.968878	-1.247110	-27.888844	0.965668	-1.277101	-28.145568	0.459598	-1.072722	-27.850322	0.448473	-1.267876	-28.160253	-0.041031	-1.014587	-28.191366	-0.050436	-1.110089	-27.847385	-0.070337	-1.247980	-27.865745	-0.055686	-1.256223
1075	14.921559	00:00:14:67	-28.034996	1.685621	-1.224530	-27.889393	1.672177	-1.151995	-28.041930	1.623561	-1.124307	-28.051051	1.546747	-1.215892	-28.001679	1.544452	-1.167656	-28.154876	1.517409	-1.094500	-27.880743	1.543130	-1.264560	-27.804514	1.424340	-1.046647	-27.994784	0.746554	-1.668444	-27.495656	1.304557	-0.933048	-28.039880	-0.057903	-2.042338	-27.505352	1.325692	-0.920464	-28.112938	-0.057914	-2.058224	-27.515854	1.312530	-0.904767	-28.085274	-0.037687	-2.054303	-28.142370	0.954797	-1.079675	-28.174321	0.935007	-1.142258	-27.806259	0.976728	-1.235512	-27.892728	0.966890	-1.304973	-28.154114	0.466748	-1.119981	-27.849881	0.423573	-1.291853	-28.115551	-0.032777	-1.068051	-28.189519	-0.064621	-1.116902	-27.853995	-0.072093	-1.239992	-27.877889	-0.055691	-1.304826
1076	14.935453	00:00:14:68	-28.029092	1.652526	-1.248197	-27.926747	1.661604	-1.154150	-28.008316	1.648816	-1.104757	-27.998442	1.531628	-1.175268	-27.986671	1.524612	-1.184573	-28.146073	1.520344	-1.150181	-27.887993	1.562519	-1.282568	-27.817710	1.416468	-1.031028	-27.996306	0.738366	-1.664802	-27.493300	1.315151	-0.898098	-28.068640	-0.077532	-2.075238	-27.502866	1.272635	-0.930390	-28.074500	-0.065690	-2.080635	-27.479099	1.287816	-0.940259	-28.085866	-0.067660	-2.040928	-28.130423	0.963805	-1.068071	-28.156040	0.965354	-1.123162	-27.856984	0.968472	-1.231886	-27.859125	0.972859	-1.304672	-28.201107	0.457792	-1.090451	-27.860564	0.448856	-1.290690	-28.149653	-0.069599	-1.021694	-28.173365	-0.033495	-1.109419	-27.856519	-0.049194	-1.248166	-27.874667	-0.021780	-1.311992
1077	14.949346	00:00:14:69	-28.039114	1.652593	-1.257857	-27.911135	1.635308	-1.164420	-28.009968	1.629860	-1.080522	-28.016267	1.526043	-1.213880	-27.991573	1.561524	-1.174205	-28.148327	1.555611	-1.116584	-27.876438	1.566672	-1.285737	-27.802571	1.404384	-1.050915	-28.015927	0.741417	-1.672835	-27.499378	1.296792	-0.935129	-28.070270	-0.063141	-2.087834	-27.512337	1.306134	-0.917364	-28.077096	-0.054607	-2.055641	-27.510542	1.282611	-0.936112	-28.072350	-0.033449	-2.059234	-28.165469	0.942563	-1.082884	-28.193666	0.990126	-1.132989	-27.854849	0.943193	-1.246555	-27.835477	0.968031	-1.317330	-28.164059	0.432699	-1.099542	-27.867333	0.464995	-1.253280	-28.131252	-0.046460	-1.059829	-28.183626	-0.045747	-1.074795	-27.853688	-0.060164	-1.255460	-27.856071	-0.058041	-1.267954
1078	14.963240	00:00:14:70	-28.034249	1.679679	-1.249796	-27.899762	1.652865	-1.145495	-28.010002	1.667601	-1.069152	-28.014339	1.554980	-1.206123	-27.983574	1.567068	-1.152264	-28.157117	1.564102	-1.146868	-27.850648	1.546562	-1.272354	-27.844916	1.421211	-1.037626	-27.989173	0.731969	-1.680731	-27.485342	1.282822	-0.912258	-28.104483	-0.043882	-2.064618	-27.509138	1.294942	-0.950544	-28.091231	-0.041505	-2.069247	-27.495380	1.297936	-0.918454	-28.057973	-0.029126	-2.057495	-28.145080	0.960309	-1.072557	-28.189915	0.991654	-1.096616	-27.829972	0.943537	-1.228416	-27.864662	0.989470	-1.296928	-28.153528	0.445611	-1.055976	-27.834882	0.450641	-1.264037	-28.167659	-0.045481	-1.037257	-28.182081	-0.050589	-1.095441	-27.834500	-0.035467	-1.194599	-27.841165	-0.042925	-1.295873
1079	14.977133	00:00:14:71	-28.056145	1.616820	-1.242029	-27.936952	1.651334	-1.179521	-28.016192	1.645830	-1.079186	-28.022490	1.549436	-1.201593	-27.995577	1.536877	-1.164865	-28.132183	1.533178	-1.129297	-27.903272	1.537794	-1.255831	-27.840422	1.426224	-1.046154	-27.993975	0.743263	-1.643910	-27.476354	1.301431	-0.959246	-28.104003	-0.038540	-2.045218	-27.500228	1.281583	-0.942526	-28.119094	-0.065600	-2.070866	-27.501735	1.294225	-0.930824	-28.080867	-0.042369	-2.061578	-28.172174	0.984820	-1.073446	-28.143330	0.947845	-1.083174	-27.838489	0.966817	-1.232666	-27.863202	0.931377	-1.291877	-28.134917	0.452719	-1.058302	-27.841218	0.451302	-1.250362	-28.155848	-0.074761	-1.050351	-28.154103	-0.017256	-1.119863	-27.837497	-0.057045	-1.270869	-27.885723	-0.071553	-1.281036
1080	14.991027	00:00:14:00	-28.050184	1.637145	-1.258634	-27.932132	1.633702	-1.160412	-28.026076	1.658557	-1.090533	-28.000306	1.558286	-1.195356	-27.966538	1.577444	-1.187131	-28.152366	1.541436	-1.112792	-27.871996	1.549888	-1.304715	-27.831268	1.425047	-1.026691	-27.969047	0.743668	-1.657640	-27.489874	1.268523	-0.952491	-28.124522	-0.073182	-2.075548	-27.515551	1.267338	-0.936475	-28.085061	-0.050172	-2.054118	-27.538923	1.306985	-0.945671	-28.076800	-0.067620	-2.061472	-28.146243	0.971488	-1.072887	-28.160323	0.984732	-1.116721	-27.828321	0.970895	-1.225578	-27.845768	0.977874	-1.274866	-28.163330	0.463919	-1.068579	-27.850372	0.477166	-1.275650	-28.131237	-0.090074	-1.034524	-28.202956	-0.046430	-1.066096	-27.826322	-0.029794	-1.200380	-27.856196	-0.062370	-1.284649
1081	15.004920	00:00:15:01	-28.033393	1.684607	-1.229291	-27.906132	1.651991	-1.149939	-28.043631	1.638641	-1.100831	-27.985926	1.544026	-1.189930	-28.011704	1.555717	-1.133560	-28.130927	1.562908	-1.126494	-27.884425	1.548875	-1.289894	-27.855777	1.420799	-0.998586	-27.982286	0.718734	-1.647157	-27.470407	1.289308	-0.911710	-28.101229	-0.055788	-2.041453	-27.531093	1.295774	-0.921966	-28.108018	-0.053766	-2.033152	-27.511656	1.291809	-0.896585	-28.078630	-0.039857	-2.062249	-28.146383	0.957993	-1.091547	-28.194885	0.977704	-1.092886	-27.849868	0.963173	-1.238412	-27.843849	0.963775	-1.333215	-28.163982	0.443378	-1.118735	-27.854001	0.430247	-1.254579	-28.124795	-0.086650	-1.030953	-28.177901	-0.045812	-1.096877	-27.849509	-0.076832	-1.268812	-27.878262	-0.035510	-1.257296
1082	15.018813	00:00:15:02	-28.035383	1.669444	-1.230210	-27.942889	1.658830	-1.150971	-28.008104	1.635827	-1.103348	-28.019010	1.544613	-1.184713	-27.992312	1.530811	-1.178840	-28.152174	1.547025	-1.099641	-27.891529	1.558932	-1.282837	-27.846148	1.387922	-1.029517	-27.973463	0.796417	-1.703378	-27.525831	1.279287	-0.923603	-28.083090	-0.026753	-2.097820	-27.486870	1.290227	-0.906386	-28.090348	-0.049797	-2.063985	-27.491168	1.353527	-0.946165	-28.129817	-0.064798	-2.073533	-28.131833	0.935727	-1.081991	-28.176347	0.975206	-1.135883	-27.833960	0.946003	-1.280227	-27.868486	0.957121	-1.299404	-28.116755	0.460807	-1.076641	-27.817948	0.441340	-1.240598	-28.164699	-0.087746	-1.047234	-28.192914	-0.051954	-1.085296	-27.835002	-0.029324	-1.210851	-27.884509	-0.047671	-1.287595
1083	15.032707	00:00:15:03	-28.067935	1.685678	-1.244375	-27.905580	1.640623	-1.131387	-28.007647	1.659129	-1.131308	-28.005462	1.542219	-1.182264	-27.967132	1.543056	-1.200180	-28.138068	1.538236	-1.112298	-27.905486	1.509919	-1.280661	-27.805647	1.405376	-1.035551	-27.997742	0.716781	-1.670765	-27.494146	1.268670	-0.966096	-28.091013	-0.044086	-2.030171	-27.493113	1.321119	-0.910290	-28.104617	-0.044766	-2.104699	-27.481034	1.276949	-0.960197	-28.069116	-0.035869	-2.042002	-28.181819	0.944405	-1.092990	-28.170814	0.983219	-1.099187	-27.840807	0.971675	-1.256044	-27.877933	0.943432	-1.292450	-28.168081	0.489017	-1.082325	-27.857841	0.441336	-1.266901	-28.148998	-0.058221	-1.038986	-28.172609	-0.025625	-1.089337	-27.826835	-0.069309	-1.248100	-27.883977	-0.069801	-1.297731
1084	15.046600	00:00:15:04	-28.023720	1.689444	-1.227639	-27.911247	1.634813	-1.145198	-28.018485	1.638169	-1.116378	-28.007471	1.546784	-1.208577	-27.998253	1.573233	-1.159965	-28.156929	1.594004	-1.098002	-27.866085	1.552224	-1.244055	-27.836416	1.433188	-0.991470	-28.006141	0.728773	-1.687451	-27.497911	1.274327	-0.948135	-28.081959	-0.000128	-2.060907	-27.485398	1.252812	-0.947291	-28.094329	-0.026139	-2.101774	-27.499743	1.274220	-0.980656	-28.075563	-0.059434	-2.071860	-28.152079	0.979498	-1.075723	-28.194426	1.001655	-1.100294	-27.825528	0.959157	-1.261284	-27.865017	0.942197	-1.300060	-28.141581	0.450124	-1.083405	-27.875455	0.474536	-1.258607	-28.136064	-0.033522	-1.034071	-28.173825	-0.049970	-1.094224	-27.835039	-0.059911	-1.244884	-27.835948	-0.044013	-1.285661
1085	15.060494	00:00:15:05	-28.023871	1.665971	-1.213387	-27.872573	1.631993	-1.167940	-28.021463	1.660855	-1.094608	-28.024174	1.516513	-1.173430	-27.960859	1.554567	-1.168107	-28.184602	1.568431	-1.117790	-27.922887	1.532279	-1.234116	-27.833139	1.411276	-1.035486	-28.007308	0.729139	-1.670952	-27.496590	1.296253	-0.936382	-28.100247	-0.062292	-2.044496	-27.519536	1.291904	-0.913196	-28.118136	-0.036812	-2.063280	-27.497857	1.296775	-0.932655	-28.078305	-0.038447	-2.061360	-28.154026	0.992570	-1.032326	-28.164484	0.991479	-1.087630	-27.814416	0.983112	-1.247299	-27.856965	0.965252	-1.321941	-28.170210	0.444822	-1.084156	-27.838496	0.437434	-1.256360	-28.139091	-0.087558	-1.047744	-28.160375	-0.035420	-1.094289	-27.842383	-0.041068	-1.247324	-27.852663	-0.051322	-1.280009
1086	15.074387	00:00:15:06	-28.025192	1.646927	-1.262191	-27.930813	1.680531	-1.195502	-28.031282	1.651483	-1.078115	-28.010415	1.527113	-1.221702	-27.992720	1.550407	-1.156492	-28.151674	1.556953	-1.108191	-27.859500	1.553601	-1.302436	-27.837187	1.396291	-1.047501	-27.998095	0.733844	-1.683597	-27.516676	1.292885	-0.944507	-28.072387	-0.048622	-2.054204	-27.496499	1.300485	-0.927306	-28.072801	-0.057347	-2.062392	-27.525299	1.308219	-0.915494	-28.100612	-0.063678	-2.078667	-28.142626	0.987979	-1.065198	-28.184338	0.950732	-1.128353	-27.825793	0.969275	-1.260424	-27.850657	0.949357	-1.289309	-28.170577	0.467736	-1.111066	-27.874967	0.468413	-1.285135	-28.139904	-0.067436	-1.045657	-28.158448	-0.019356	-1.084342	-27.847172	-0.072001	-1.281233	-27.857633	-0.048525	-1.300616
1087	15.088281	00:00:15:07	-27.999562	1.669793	-1.233019	-27.921845	1.706361	-1.175784	-28.020949	1.649952	-1.104035	-28.029017	1.554044	-1.216587	-27.992452	1.529956	-1.172233	-28.121695	1.574575	-1.136726	-27.861312	1.534223	-1.254497	-27.827556	1.414836	-1.013750	-27.952032	0.749141	-1.675176	-27.470651	1.306243	-0.968524	-28.118803	-0.064440	-2.055423	-27.520035	1.304295	-0.950195	-28.094370	-0.041635	-2.047595	-27.515186	1.289235	-0.925902	-28.095096	-0.060049	-2.077510	-28.159081	0.964737	-1.082459	-28.179210	0.963254	-1.116486	-27.829464	0.990056	-1.240809	-27.868554	0.957375	-1.290988	-28.180855	0.435817	-1.086844	-27.865761	0.467837	-1.235675	-28.124943	-0.024945	-1.052128	-28.187482	-0.071268	-1.083971	-27.828250	-0.024292	-1.229256	-27.890475	-0.046795	-1.289060
1088	15.102174	00:00:15:08	-28.028100	1.651395	-1.219564	-27.926778	1.630042	-1.160355	-28.024297	1.617782	-1.091235	-28.005208	1.552780	-1.183838	-27.996634	1.526752	-1.150951	-28.153042	1.561158	-1.132039	-27.864041	1.547298	-1.245446	-27.837611	1.402562	-1.028066	-27.978485	0.750547	-1.682933	-27.532811	1.290270	-0.926760	-28.074665	-0.038968	-2.027746	-27.479197	1.294434	-0.972224	-28.112404	-0.018656	-2.042379	-27.497346	1.285157	-0.950840	-28.117574	-0.043751	-2.058213	-28.124489	0.975266	-1.050673	-28.165173	0.973823	-1.094053	-27.834407	0.982506	-1.261126	-27.859785	1.010487	-1.285934	-28.178763	0.466419	-1.097322	-27.832949	0.463019	-1.252505	-28.144020	-0.089160	-1.049489	-28.226136	-0.082900	-1.083925	-27.813734	-0.049283	-1.210168	-27.854379	-0.036123	-1.296477
1089	15.116068	00:00:15:09	-28.010552	1.648728	-1.240017	-27.929521	1.638876	-1.145942	-27.985740	1.660894	-1.098186	-28.007164	1.562835	-1.193141	-28.004300	1.523346	-1.169812	-28.167598	1.542941	-1.132598	-27.898463	1.558242	-1.253949	-27.841148	1.431511	-1.022617	-27.994265	0.751557	-1.697599	-27.503607	1.306829	-0.926767	-28.071564	-0.061725	-2.049002	-27.502538	1.301425	-0.924502	-28.091577	-0.044299	-2.059796	-27.493633	1.310339	-0.930125	-28.076088	-0.043141	-2.076867	-28.131661	0.972111	-1.059066	-28.178514	0.987963	-1.093172	-27.854755	0.967345	-1.251739	-27.892251	0.981490	-1.309343	-28.153817	0.471526	-1.060764	-27.829048	0.458198	-1.269859	-28.135663	-0.084577	-1.048341	-28.198405	-0.042697	-1.094299	-27.843859	-0.066610	-1.264269	-27.862892	-0.045692	-1.279951
1090	15.129961	00:00:15:10	-28.065134	1.652516	-1.236680	-27.950625	1.650283	-1.182696	-28.032019	1.650490	-1.091475	-28.024944	1.541171	-1.164429	-27.971173	1.536053	-1.148330	-28.155968	1.588596	-1.128716	-27.893836	1.546467	-1.282369	-27.805544	1.387207	-1.033230	-28.012672	0.729231	-1.655651	-27.518059	1.269500	-0.936001	-28.090922	-0.054694	-2.086348	-27.512140	1.274722	-0.938301	-28.097602	-0.032754	-2.078826	-27.508620	1.299091	-0.887414	-28.105577	-0.057396	-2.040208	-28.116565	0.959153	-1.072101	-28.160606	0.965167	-1.101608	-27.822177	0.967865	-1.265999	-27.903546	0.940772	-1.325153	-28.153252	0.433587	-1.068563	-27.846586	0.435656	-1.292282	-28.152556	-0.048871	-1.051202	-28.181035	-0.073818	-1.091354	-27.821865	-0.055529	-1.241608	-27.858943	-0.058062	-1.267729
1091	15.143854	00:00:15:11	-28.022344	1.680384	-1.266765	-27.949904	1.649437	-1.158701	-28.020319	1.646985	-1.095547	-28.000869	1.568596	-1.214154	-28.000378	1.540026	-1.173524	-28.122584	1.546666	-1.115776	-27.873733	1.557985	-1.312581	-27.839761	1.420633	-1.060429	-28.007725	0.747465	-1.666409	-27.552324	1.307262	-0.931784	-28.108180	-0.021447	-2.068445	-27.485342	1.292481	-0.933935	-28.123927	-0.049856	-2.095416	-27.507224	1.264758	-0.921845	-28.111077	-0.003402	-2.066285	-28.126086	0.966330	-1.088130	-28.183601	0.964023	-1.109534	-27.837994	0.974644	-1.238842	-27.860833	0.960886	-1.291406	-28.134862	0.437445	-1.067696	-27.871108	0.477551	-1.267479	-28.153580	-0.060667	-1.052600	-28.145068	-0.037222	-1.067784	-27.881324	-0.049080	-1.218799	-27.859042	-0.033784	-1.264544
1092	15.157748	00:00:15:12	-28.030536	1.630617	-1.239474	-27.911595	1.653092	-1.157775	-28.064305	1.624431	-1.077296	-28.027958	1.541516	-1.198783	-27.995126	1.547393	-1.163022	-28.161687	1.527874	-1.118558	-27.890278	1.555343	-1.289217	-27.857774	1.407730	-1.015114	-28.011699	0.770429	-1.686668	-27.505175	1.302022	-0.942243	-28.104109	-0.050788	-2.066185	-27.479074	1.269143	-0.923334	-28.107782	-0.060876	-2.052919	-27.521940	1.264644	-0.924351	-28.063466	-0.008775	-2.029439	-28.156068	0.938989	-1.062336	-28.173816	0.997033	-1.103621	-27.808925	0.943432	-1.256573	-27.850672	1.004391	-1.303320	-28.158287	0.440376	-1.045486	-27.840561	0.442788	-1.307552	-28.146755	-0.085161	-1.051048	-28.177735	-0.046799	-1.094574	-27.832682	-0.053526	-1.216030	-27.883200	-0.022562	-1.294694
1093	15.171641	00:00:15:13	-27.985817	1.672237	-1.199892	-27.931627	1.627537	-1.151546	-28.029505	1.618436	-1.065857	-28.035059	1.530659	-1.216483	-27.987100	1.599826	-1.190507	-28.137717	1.534388	-1.118959	-27.886581	1.569578	-1.250951	-27.870090	1.425126	-1.033562	-27.969498	0.734228	-1.663236	-27.542950	1.263018	-0.921483	-28.097660	-0.045442	-2.032427	-27.490635	1.319012	-0.951858	-28.114285	-0.083642	-2.068109	-27.508563	1.283898	-0.926034	-28.086854	-0.062237	-2.051129	-28.118956	0.985067	-1.068600	-28.156774	1.009812	-1.129633	-27.838300	0.957521	-1.246155	-27.864275	0.997766	-1.331040	-28.168115	0.440614	-1.060205	-27.878300	0.409924	-1.288523	-28.155733	-0.054883	-1.058201	-28.171183	-0.056532	-1.101899	-27.840483	-0.067697	-1.253784	-27.866864	-0.078473	-1.300311
1094	15.185535	00:00:15:14	-28.012511	1.656899	-1.220521	-27.907141	1.611958	-1.168826	-28.018474	1.654204	-1.096285	-28.011917	1.519561	-1.187468	-27.981742	1.542717	-1.180698	-28.167082	1.524071	-1.141932	-27.850795	1.578799	-1.288916	-27.809320	1.427816	-1.023173	-27.975671	0.758203	-1.664154	-27.500755	1.265856	-0.943880	-28.089031	-0.035202	-2.065668	-27.494652	1.303642	-0.909955	-28.084441	-0.026498	-2.025655	-27.528575	1.264227	-0.934664	-28.099442	-0.050242	-2.058635	-28.151702	0.972934	-1.078972	-28.174119	0.981558	-1.094306	-27.878498	0.991879	-1.241586	-27.890396	0.967527	-1.294913	-28.159346	0.473158	-1.092140	-27.840766	0.446720	-1.274964	-28.116326	-0.055894	-1.053264	-28.206863	-0.045354	-1.093303	-27.849319	-0.027038	-1.263290	-27.844884	-0.036668	-1.304655
1095	15.199428	00:00:15:15	-28.058937	1.675292	-1.212612	-27.886316	1.626427	-1.167634	-28.006647	1.641031	-1.119690	-27.993556	1.564332	-1.190454	-27.966638	1.554689	-1.201430	-28.166552	1.529980	-1.128140	-27.893027	1.558852	-1.296118	-27.836604	1.437838	-1.018759	-28.013877	0.768540	-1.681539	-27.475242	1.307828	-0.958488	-28.072505	-0.045034	-2.045489	-27.514770	1.252243	-0.915013	-28.077508	-0.024048	-2.049074	-27.535044	1.300695	-0.975158	-28.086947	-0.076045	-2.069099	-28.141547	0.957842	-1.085086	-28.196610	0.949132	-1.135804	-27.839313	0.948086	-1.261801	-27.867455	0.999118	-1.283017	-28.183729	0.441676	-1.104395	-27.855118	0.489141	-1.266928	-28.138033	-0.074367	-1.058781	-28.169621	-0.055182	-1.087633	-27.831331	-0.055567	-1.247950	-27.897386	-0.031056	-1.286538
1096	15.213322	00:00:15:16	-28.034287	1.656808	-1.217041	-27.928756	1.637855	-1.161713	-28.036513	1.662129	-1.114462	-28.012416	1.526844	-1.209091	-28.023766	1.542145	-1.162672	-28.133914	1.580199	-1.123776	-27.897650	1.556517	-1.273744	-27.844000	1.434607	-1.009375	-28.000180	0.733219	-1.653601	-27.492679	1.265171	-0.911115	-28.090676	-0.033305	-2.076059	-27.486930	1.285880	-0.942064	-28.052513	-0.032426	-2.050824	-27.514236	1.279385	-0.934935	-28.119175	-0.050732	-2.071806	-28.148286	0.989282	-1.073422	-28.196532	0.973421	-1.100118	-27.830203	0.971517	-1.271104	-27.863109	0.980594	-1.313538	-28.177826	0.483060	-1.050328	-27.877254	0.450955	-1.271341	-28.150706	-0.036170	-1.069647	-28.181978	-0.055036	-1.102494	-27.815362	-0.038996	-1.231082	-27.865159	-0.066411	-1.285252
1097	15.227215	00:00:15:17	-28.041243	1.690059	-1.255155	-27.902389	1.670103	-1.181169	-28.039471	1.697152	-1.115118	-28.011777	1.550956	-1.206105	-27.990902	1.541624	-1.182024	-28.112696	1.552670	-1.130278	-27.883617	1.563840	-1.272248	-27.815884	1.416120	-1.010739	-27.998141	0.738372	-1.655493	-27.524197	1.264830	-0.918869	-28.096936	-0.046289	-2.071596	-27.476112	1.285713	-0.953377	-28.078662	-0.020254	-2.063534	-27.481709	1.279983	-0.943533	-28.074451	-0.044033	-2.066739	-28.124879	0.984075	-1.045591	-28.177992	0.991901	-1.109564	-27.828155	0.919056	-1.230393	-27.878155	0.972177	-1.280864	-28.143836	0.444610	-1.089210	-27.899319	0.466181	-1.269343	-28.157726	-0.029829	-1.042988	-28.145049	-0.025405	-1.092263	-27.838766	-0.069539	-1.217574	-27.888058	-0.067462	-1.266108
1098	15.241109	00:00:15:18	-28.079100	1.655532	-1.231538	-27.931618	1.637881	-1.145602	-28.017496	1.646895	-1.141089	-28.002658	1.570307	-1.164079	-27.991147	1.515501	-1.147545	-28.161312	1.536602	-1.147259	-27.876075	1.570430	-1.265654	-27.797366	1.426206	-1.030031	-28.008810	0.742010	-1.693660	-27.511158	1.267511	-0.910109	-28.081924	-0.054013	-2.084901	-27.501359	1.307374	-0.929559	-28.094511	-0.092440	-2.054552	-27.487204	1.337095	-0.958209	-28.093808	-0.003453	-2.080876	-28.126470	0.934116	-1.055777	-28.184281	0.998192	-1.115704	-27.805401	0.956029	-1.289860	-27.892917	0.981839	-1.301819	-28.162593	0.480121	-1.072379	-27.840991	0.457069	-1.240969	-28.141771	-0.057697	-1.042791	-28.164186	-0.030480	-1.099329	-27.853939	-0.048389	-1.246461	-27.923555	-0.041463	-1.280309
1099	15.255002	00:00:15:19	-28.076088	1.658211	-1.198969	-27.953373	1.675508	-1.157329	-28.014313	1.646399	-1.153128	-28.007457	1.595707	-1.188510	-28.024256	1.549868	-1.177526	-28.152464	1.527035	-1.127121	-27.890665	1.541768	-1.288551	-27.820058	1.456594	-1.010574	-27.977511	0.752152	-1.696666	-27.526542	1.309530	-0.958710	-28.085474	-0.069672	-2.076521	-27.509045	1.289538	-0.938586	-28.114411	-0.035509	-2.061455	-27.520621	1.255510	-0.911177	-28.097105	-0.014511	-2.067624	-28.181055	0.975054	-1.053234	-28.153889	0.952770	-1.111474	-27.827587	0.964521	-1.231180	-27.842322	0.971975	-1.275439	-28.178389	0.427543	-1.082873	-27.822642	0.433680	-1.291158	-28.134695	-0.080498	-1.009221	-28.194303	-0.085955	-1.090975	-27.836672	-0.066538	-1.224553	-27.856109	-0.063123	-1.254732
1100	15.268895	00:00:15:20	-28.014123	1.651869	-1.210760	-27.947624	1.634947	-1.178805	-28.034801	1.620793	-1.083435	-27.989989	1.552856	-1.224932	-28.014004	1.548043	-1.168922	-28.161688	1.570901	-1.148151	-27.902032	1.545399	-1.258672	-27.805690	1.410614	-1.065284	-28.025119	0.760691	-1.649887	-27.503458	1.271324	-0.938189	-28.089515	-0.030073	-2.070085	-27.519036	1.273442	-0.973301	-28.095188	-0.054818	-2.068127	-27.510824	1.282945	-0.940065	-28.069512	-0.045811	-2.071425	-28.111364	0.960943	-1.077742	-28.193043	0.969139	-1.132029	-27.834289	0.966923	-1.243893	-27.864668	0.957696	-1.286784	-28.173037	0.432522	-1.107137	-27.834226	0.438417	-1.253086	-28.144392	-0.073730	-1.100142	-28.188264	-0.042846	-1.104404	-27.842790	-0.058195	-1.247526	-27.870455	-0.047223	-1.318328
1101	15.282789	00:00:15:21	-28.025951	1.662115	-1.212377	-27.942417	1.652519	-1.155437	-28.037473	1.626296	-1.096277	-28.021987	1.547235	-1.195262	-27.990283	1.538663	-1.153814	-28.153279	1.578813	-1.092523	-27.865513	1.529942	-1.293679	-27.823791	1.429547	-1.035228	-27.985127	0.779317	-1.689978	-27.518445	1.297290	-0.936996	-28.086494	-0.041009	-2.082555	-27.504233	1.271219	-0.962574	-28.086219	-0.061473	-2.085098	-27.518218	1.267342	-0.959697	-28.084388	-0.028589	-2.091497	-28.129854	0.965255	-1.099893	-28.164266	0.959723	-1.096547	-27.844875	0.947124	-1.255550	-27.862406	0.960798	-1.299153	-28.178036	0.473188	-1.077347	-27.857393	0.465207	-1.273180	-28.167223	-0.084499	-1.046496	-28.171461	-0.023938	-1.063956	-27.845245	-0.060073	-1.264808	-27.897429	-0.071123	-1.258745
1102	15.296682	00:00:15:22	-28.033464	1.650584	-1.256548	-27.946221	1.654465	-1.160107	-28.045900	1.656143	-1.077018	-28.034226	1.546872	-1.188758	-27.986488	1.537272	-1.199563	-28.171810	1.567060	-1.115411	-27.885229	1.543162	-1.279628	-27.839240	1.428813	-1.018128	-27.966408	0.760814	-1.640879	-27.510187	1.304321	-0.957467	-28.082305	-0.058321	-2.060685	-27.528729	1.285801	-0.952303	-28.122882	-0.050946	-2.018788	-27.510475	1.267205	-0.941662	-28.110188	-0.033436	-2.048438	-28.155207	0.965513	-1.094109	-28.154514	0.966320	-1.114648	-27.841650	0.950145	-1.267369	-27.860940	0.993511	-1.316262	-28.176936	0.464756	-1.037414	-27.849015	0.479877	-1.272900	-28.141707	-0.035565	-1.026582	-28.154704	-0.063281	-1.134273	-27.859473	-0.062223	-1.247640	-27.851168	-0.070555	-1.298925
1103	15.310576	00:00:15:23	-28.041860	1.691133	-1.235012	-27.924615	1.612243	-1.177101	-28.027349	1.614180	-1.096308	-28.011362	1.546406	-1.181656	-28.024070	1.551826	-1.174450	-28.150670	1.561528	-1.145982	-27.889988	1.547765	-1.265705	-27.826383	1.378583	-1.054029	-27.982488	0.768937	-1.672266	-27.489502	1.275535	-0.984690	-28.104755	-0.070119	-2.071363	-27.512081	1.280624	-0.963338	-28.124509	-0.018380	-2.062914	-27.496447	1.275115	-0.928023	-28.065888	-0.061021	-2.065046	-28.180998	0.951418	-1.079428	-28.167416	1.007436	-1.097339	-27.850917	0.966095	-1.248896	-27.868018	0.967523	-1.275126	-28.175529	0.453378	-1.063993	-27.853012	0.445873	-1.303613	-28.159851	-0.067107	-1.062320	-28.157337	-0.045152	-1.095890	-27.825822	-0.029701	-1.213733	-27.862062	-0.070379	-1.304986
1104	15.324469	00:00:15:24	-28.051063	1.684966	-1.233316	-27.937268	1.654481	-1.184127	-28.036620	1.640324	-1.078503	-28.012254	1.560903	-1.208328	-27.985063	1.551769	-1.175393	-28.146561	1.551162	-1.104461	-27.884458	1.548912	-1.303400	-27.827321	1.416853	-1.047522	-28.000985	0.756937	-1.667627	-27.489362	1.266160	-0.922499	-28.066771	-0.041715	-2.075743	-27.519718	1.263419	-0.927221	-28.100157	-0.047200	-2.067755	-27.510537	1.279759	-0.897324	-28.092551	-0.049374	-2.067928	-28.121454	0.945173	-1.058377	-28.197873	0.968861	-1.096084	-27.835673	0.957211	-1.242271	-27.880267	1.007233	-1.291591	-28.152316	0.443030	-1.111153	-27.804071	0.438149	-1.292678	-28.171626	-0.091839	-1.038711	-28.176329	-0.051609	-1.109280	-27.804485	-0.027609	-1.254719	-27.878709	-0.052462	-1.286790
1105	15.338363	00:00:15:25	-28.026751	1.684069	-1.244527	-27.918862	1.624373	-1.176155	-28.004141	1.651999	-1.088145	-28.036725	1.562058	-1.180817	-28.012213	1.550604	-1.187711	-28.141710	1.562644	-1.088870	-27.881149	1.570080	-1.262376	-27.822249	1.388044	-1.041583	-28.040356	0.746212	-1.689561	-27.507977	1.267307	-0.948882	-28.089651	-0.051938	-2.067217	-27.526454	1.295316	-0.952422	-28.093787	-0.010265	-2.053231	-27.506407	1.284009	-0.918991	-28.115976	-0.063624	-2.063147	-28.163120	0.971482	-1.068900	-28.178179	1.012666	-1.133415	-27.856448	0.964219	-1.276469	-27.862460	0.981740	-1.295708	-28.151999	0.474859	-1.084730	-27.855474	0.454561	-1.267908	-28.151274	-0.046785	-1.055947	-28.191795	-0.038919	-1.125593	-27.873139	-0.053105	-1.252287	-27.897952	-0.083709	-1.288714
1106	15.352256	00:00:15:26	-28.037212	1.689516	-1.235995	-27.907568	1.660851	-1.134257	-28.011946	1.650670	-1.106492	-28.019683	1.536281	-1.186421	-27.977939	1.553007	-1.201306	-28.132287	1.536595	-1.118300	-27.919489	1.520800	-1.300418	-27.868895	1.434042	-1.056092	-27.976571	0.736673	-1.673706	-27.495927	1.277231	-0.968692	-28.097629	-0.049240	-2.070792	-27.497767	1.275146	-0.972518	-28.071118	-0.058155	-2.052162	-27.516834	1.271476	-0.920276	-28.104343	-0.063689	-2.060880	-28.154005	0.976719	-1.075108	-28.153398	1.014078	-1.120431	-27.846073	0.983218	-1.280381	-27.902239	0.945873	-1.286090	-28.154712	0.464972	-1.054707	-27.861168	0.455474	-1.250576	-28.149106	-0.080856	-1.075587	-28.152312	-0.059706	-1.101887	-27.821128	-0.067122	-1.232430	-27.869007	-0.060490	-1.292721
1107	15.366150	00:00:15:27	-28.016487	1.666736	-1.253742	-27.937524	1.648185	-1.165169	-28.044242	1.644528	-1.100913	-28.007941	1.539218	-1.186435	-28.011879	1.539980	-1.172409	-28.139146	1.534843	-1.109756	-27.907629	1.577278	-1.262300	-27.842135	1.416482	-1.060543	-27.996620	0.774745	-1.689171	-27.519049	1.298065	-0.954923	-28.087831	-0.028166	-2.061431	-27.499386	1.311431	-0.909150	-28.095883	-0.086953	-2.067151	-27.494561	1.269745	-0.918281	-28.068303	-0.041056	-2.075830	-28.126818	0.949785	-1.084694	-28.148689	0.987276	-1.141096	-27.819465	0.965688	-1.238732	-27.885880	0.964266	-1.311628	-28.179574	0.464543	-1.087157	-27.852989	0.446457	-1.266162	-28.157016	-0.076985	-1.084299	-28.217029	-0.067902	-1.078133	-27.806647	-0.059725	-1.232894	-27.866452	-0.065188	-1.303421
1108	15.380043	00:00:15:28	-28.021077	1.686244	-1.242683	-27.899246	1.651923	-1.116951	-28.046998	1.646415	-1.100444	-28.021391	1.574540	-1.204885	-28.015944	1.556038	-1.176534	-28.158840	1.550017	-1.132120	-27.929393	1.567050	-1.284568	-27.821756	1.402715	-1.054337	-27.992142	0.742033	-1.653633	-27.520409	1.281725	-0.944933	-28.081702	-0.043658	-2.065598	-27.496684	1.308911	-0.925302	-28.091703	-0.056702	-2.091895	-27.484965	1.287625	-0.969003	-28.126087	-0.041427	-2.085036	-28.148094	0.976987	-1.030705	-28.166430	0.979100	-1.128830	-27.823341	0.973125	-1.253334	-27.887473	0.947193	-1.299153	-28.144310	0.465064	-1.082720	-27.868942	0.445021	-1.269178	-28.138319	-0.053991	-1.043469	-28.218333	-0.042642	-1.084676	-27.813797	-0.071640	-1.238430	-27.874322	-0.074863	-1.301275
1109	15.393936	00:00:15:29	-28.036818	1.698193	-1.238049	-27.907098	1.650143	-1.188171	-28.040857	1.653742	-1.113940	-27.994510	1.551143	-1.214721	-27.983320	1.559659	-1.151352	-28.138105	1.566463	-1.144853	-27.877470	1.566671	-1.314792	-27.832130	1.417594	-1.029408	-27.994400	0.731921	-1.679620	-27.519701	1.249081	-0.934396	-28.120668	-0.039754	-2.073816	-27.560339	1.251905	-0.992925	-28.110648	-0.064053	-2.055904	-27.498600	1.267950	-0.936609	-28.122707	-0.070558	-2.049002	-28.180820	0.990687	-1.051562	-28.183935	0.975200	-1.112123	-27.879250	0.965162	-1.242823	-27.854339	0.973857	-1.348593	-28.164277	0.460744	-1.076260	-27.852332	0.442703	-1.277219	-28.129463	-0.072932	-1.050526	-28.190949	-0.026402	-1.097778	-27.833772	-0.063635	-1.249682	-27.871912	-0.080837	-1.255679
1110	15.407830	00:00:15:30	-28.052553	1.676476	-1.245248	-27.897495	1.648418	-1.145016	-27.997293	1.660680	-1.094103	-28.054770	1.573801	-1.200307	-27.995289	1.554188	-1.202794	-28.165548	1.512015	-1.131227	-27.894556	1.541200	-1.282834	-27.809529	1.426624	-1.031270	-27.979114	0.769524	-1.694217	-27.500534	1.277293	-0.940588	-28.104301	-0.062425	-2.075866	-27.516105	1.278514	-0.955597	-28.100019	-0.051509	-2.074174	-27.537229	1.259091	-0.971809	-28.065851	-0.064477	-2.050119	-28.117499	0.983936	-1.077739	-28.172872	0.976476	-1.125688	-27.825482	0.937551	-1.259822	-27.849481	0.970942	-1.331717	-28.171889	0.456624	-1.075157	-27.867010	0.457194	-1.288400	-28.179850	-0.066858	-1.092926	-28.155795	-0.038460	-1.071796	-27.855356	-0.074059	-1.193435	-27.860486	-0.044918	-1.248537
1111	15.421723	00:00:15:31	-28.058561	1.643798	-1.220624	-27.888814	1.657800	-1.156374	-28.017662	1.633863	-1.095173	-28.018556	1.534280	-1.197007	-28.029284	1.554972	-1.162117	-28.168626	1.553007	-1.145128	-27.864218	1.560443	-1.288083	-27.825972	1.409035	-1.033776	-27.989037	0.775979	-1.660517	-27.526089	1.273552	-0.952452	-28.081506	-0.050072	-2.081064	-27.509130	1.264178	-0.959188	-28.077344	-0.031985	-2.054029	-27.519419	1.241570	-0.942775	-28.069739	-0.030025	-2.057923	-28.150123	0.947814	-1.069962	-28.190131	1.001941	-1.143271	-27.839307	0.973537	-1.266989	-27.861079	1.005811	-1.300126	-28.124827	0.459846	-1.083189	-27.863816	0.454163	-1.270723	-28.124659	-0.060131	-1.030122	-28.148367	-0.050853	-1.082486	-27.843056	-0.040061	-1.229794	-27.847411	-0.095053	-1.300116
1112	15.435617	00:00:15:32	-28.045840	1.676787	-1.252614	-27.943395	1.663397	-1.142836	-28.022525	1.628056	-1.082249	-28.023140	1.571334	-1.168837	-28.021896	1.531156	-1.180613	-28.155985	1.561539	-1.124320	-27.866769	1.572655	-1.294218	-27.831337	1.399039	-1.029353	-28.005698	0.727521	-1.651092	-27.520125	1.288681	-0.961994	-28.085630	-0.076110	-2.089614	-27.516174	1.278454	-0.934144	-28.086547	-0.026212	-2.037361	-27.539371	1.259752	-0.961651	-28.071570	-0.035359	-2.064591	-28.138432	0.998102	-1.079255	-28.182559	0.960147	-1.109521	-27.859833	0.953966	-1.312930	-27.879915	0.962106	-1.296482	-28.150337	0.455598	-1.079963	-27.858268	0.437769	-1.285156	-28.146253	-0.050262	-1.055022	-28.163707	-0.042956	-1.093573	-27.839446	-0.052116	-1.253842	-27.822815	-0.036865	-1.301800
1113	15.449510	00:00:15:33	-28.018025	1.653318	-1.232925	-27.916167	1.636582	-1.168978	-28.023784	1.654488	-1.108826	-28.059206	1.519796	-1.186428	-27.993489	1.556304	-1.189159	-28.120967	1.532171	-1.117945	-27.903351	1.549348	-1.262836	-27.845828	1.429257	-1.033822	-27.958021	0.745628	-1.673413	-27.521942	1.282331	-0.981911	-28.098233	-0.064559	-2.078419	-27.505260	1.267486	-0.965244	-28.065493	-0.006313	-2.061231	-27.536427	1.282815	-0.924242	-28.078877	-0.055707	-2.084519	-28.164103	0.967674	-1.057728	-28.197299	0.980047	-1.139844	-27.828503	0.939728	-1.245327	-27.845635	1.013875	-1.302622	-28.168606	0.454222	-1.097063	-27.870510	0.446296	-1.247108	-28.151570	-0.080885	-1.097541	-28.176318	-0.023896	-1.125581	-27.848536	-0.048558	-1.216016	-27.880661	-0.063115	-1.281856
1114	15.463404	00:00:15:34	-28.059600	1.703358	-1.238162	-27.910215	1.652609	-1.179688	-28.035333	1.650892	-1.107082	-28.038295	1.556451	-1.199660	-28.005527	1.543695	-1.190591	-28.156416	1.554359	-1.111850	-27.886314	1.577954	-1.326539	-27.825228	1.426073	-1.040308	-27.974957	0.727221	-1.658584	-27.535406	1.239197	-0.949535	-28.099727	-0.044963	-2.049805	-27.501157	1.269365	-0.953791	-28.075781	-0.039373	-2.102833	-27.529284	1.273090	-0.967292	-28.101857	-0.033586	-2.044389	-28.121415	0.958769	-1.056598	-28.198074	0.957170	-1.123926	-27.801275	0.939350	-1.275708	-27.867119	0.966066	-1.310227	-28.154532	0.465060	-1.092075	-27.866318	0.474274	-1.262968	-28.150347	-0.059798	-1.041611	-28.177081	-0.057115	-1.113809	-27.837361	-0.073806	-1.245935	-27.918042	-0.060438	-1.298861
1115	15.477297	00:00:15:35	-28.037832	1.690849	-1.236245	-27.931056	1.647178	-1.124615	-28.062510	1.653456	-1.126723	-28.032969	1.528480	-1.205041	-28.020156	1.554319	-1.192172	-28.144987	1.528840	-1.168435	-27.919198	1.549338	-1.314913	-27.850846	1.392675	-1.026954	-28.009186	0.741767	-1.650679	-27.535783	1.238009	-0.963361	-28.094563	-0.026122	-2.056057	-27.492426	1.246777	-0.955614	-28.103840	-0.046284	-2.038086	-27.482844	1.286576	-0.960452	-28.087761	-0.043103	-2.062933	-28.164645	0.977643	-1.081693	-28.191649	0.980478	-1.127714	-27.824354	0.971352	-1.245271	-27.885002	0.989381	-1.308157	-28.161033	0.467920	-1.084022	-27.851143	0.467099	-1.264561	-28.140666	-0.083072	-1.040266	-28.197037	-0.060689	-1.067881	-27.835679	-0.052102	-1.242035	-27.867575	-0.056299	-1.285784
1116	15.491191	00:00:15:36	-28.032283	1.679754	-1.209757	-27.916090	1.640280	-1.165252	-28.042829	1.657741	-1.083184	-28.032071	1.547724	-1.198641	-28.029486	1.537700	-1.216335	-28.116052	1.540162	-1.093089	-27.896392	1.573533	-1.253337	-27.819798	1.401545	-1.025042	-27.986811	0.759140	-1.680144	-27.513396	1.303015	-0.957664	-28.084904	-0.021059	-2.053377	-27.512965	1.261470	-0.958894	-28.094957	-0.046989	-2.034011	-27.497531	1.276128	-0.941706	-28.122827	-0.059129	-2.110252	-28.120161	0.988551	-1.085455	-28.195182	0.994995	-1.133566	-27.807012	1.000445	-1.267423	-27.883384	0.968993	-1.302488	-28.117693	0.468620	-1.049226	-27.854362	0.449274	-1.298352	-28.132120	-0.075582	-1.077515	-28.176862	-0.057481	-1.093962	-27.824903	-0.043795	-1.227186	-27.883387	-0.056164	-1.284181
1117	15.505084	00:00:15:37	-28.048433	1.661930	-1.237234	-27.949108	1.652216	-1.143734	-28.046160	1.642422	-1.102345	-28.019384	1.563966	-1.202005	-27.994661	1.530302	-1.150749	-28.158037	1.558877	-1.128831	-27.901500	1.545211	-1.302764	-27.824556	1.400615	-1.048133	-28.001763	0.763623	-1.700356	-27.499560	1.279562	-0.953351	-28.082641	-0.057262	-2.033879	-27.502449	1.248218	-0.966851	-28.106375	-0.063119	-2.075284	-27.516207	1.294581	-0.926949	-28.084011	-0.050615	-2.075089	-28.136002	0.969992	-1.090542	-28.179420	0.964822	-1.136566	-27.833874	0.970244	-1.252841	-27.889768	0.943043	-1.318238	-28.150002	0.441165	-1.074044	-27.859530	0.464302	-1.277548	-28.155969	-0.045528	-1.082089	-28.145650	-0.009442	-1.081927	-27.819407	-0.081297	-1.226277	-27.869715	-0.061437	-1.290649
1118	15.518977	00:00:15:38	-28.051612	1.649377	-1.227843	-27.914625	1.658027	-1.204916	-28.040540	1.613946	-1.085541	-28.020835	1.564733	-1.195836	-28.013092	1.552254	-1.176120	-28.153583	1.546646	-1.128812	-27.888887	1.532913	-1.265879	-27.813273	1.371198	-1.051226	-27.988913	0.743953	-1.695541	-27.514919	1.270830	-0.927179	-28.093717	-0.042438	-2.068884	-27.542715	1.279385	-0.960495	-28.091621	-0.044198	-2.038855	-27.488853	1.285119	-0.967632	-28.102508	-0.050327	-2.071196	-28.167519	0.943142	-1.072644	-28.156139	0.968555	-1.095944	-27.809368	0.950354	-1.255741	-27.885982	0.965310	-1.314213	-28.166143	0.501760	-1.105909	-27.846015	0.475929	-1.255753	-28.129394	-0.067925	-1.083147	-28.167726	-0.079131	-1.113911	-27.871163	-0.063098	-1.242174	-27.884233	-0.030554	-1.263489
1119	15.532871	00:00:15:39	-28.046097	1.662797	-1.218925	-27.919782	1.630068	-1.168624	-28.036699	1.637470	-1.102415	-28.014911	1.524779	-1.188112	-27.998793	1.537511	-1.162225	-28.114659	1.562031	-1.138875	-27.875276	1.545750	-1.312083	-27.832518	1.421968	-1.046103	-27.986118	0.741259	-1.690761	-27.533706	1.285707	-0.957221	-28.096136	-0.056115	-2.046103	-27.509212	1.281239	-0.931116	-28.101851	-0.056112	-2.085974	-27.501153	1.262572	-0.977138	-28.092637	-0.035401	-2.060459	-28.162039	0.924372	-1.064021	-28.168177	0.958661	-1.142442	-27.858496	0.969747	-1.248913	-27.867616	0.990311	-1.307318	-28.126900	0.441994	-1.071141	-27.875360	0.455952	-1.302297	-28.181949	-0.067202	-1.065382	-28.139423	-0.049230	-1.101273	-27.846468	-0.076989	-1.241343	-27.889854	-0.060807	-1.262765
1120	15.546764	00:00:15:40	-28.028066	1.656907	-1.237586	-27.914833	1.660405	-1.161233	-28.017446	1.640672	-1.088906	-28.017945	1.540435	-1.198476	-27.991053	1.561411	-1.135596	-28.154449	1.590903	-1.119753	-27.854204	1.518175	-1.302839	-27.812778	1.429479	-1.030536	-27.979543	0.776228	-1.704513	-27.527216	1.261966	-0.903808	-28.078362	-0.036458	-2.059519	-27.525214	1.260165	-0.946368	-28.106668	-0.034897	-2.064080	-27.521089	1.292712	-0.943449	-28.101473	-0.034527	-2.077432	-28.133481	0.947175	-1.092315	-28.169056	0.951020	-1.125003	-27.856423	0.956438	-1.291758	-27.871526	0.961654	-1.303272	-28.188893	0.479283	-1.089278	-27.849268	0.413875	-1.295848	-28.125373	-0.071131	-1.058169	-28.140706	-0.040670	-1.119774	-27.839894	-0.061361	-1.236614	-27.873450	-0.035042	-1.288798
1121	15.560658	00:00:15:41	-28.062762	1.658926	-1.251193	-27.909342	1.638685	-1.167055	-28.012421	1.630615	-1.075069	-28.030782	1.559656	-1.215787	-28.002101	1.516341	-1.181328	-28.155204	1.551726	-1.154459	-27.885934	1.578326	-1.279850	-27.846845	1.419021	-1.034200	-27.980082	0.740952	-1.644975	-27.501510	1.282114	-0.930461	-28.065573	-0.046634	-2.067806	-27.500059	1.256020	-0.931692	-28.117987	-0.057581	-2.079583	-27.514672	1.266517	-0.959887	-28.110648	0.008023	-2.046802	-28.153924	0.974732	-1.070975	-28.199553	0.981591	-1.112289	-27.850912	0.976749	-1.260147	-27.898791	0.956298	-1.293540	-28.165203	0.463512	-1.065191	-27.870803	0.464317	-1.325632	-28.212139	-0.075647	-1.051081	-28.187903	-0.026745	-1.072933	-27.804053	-0.074002	-1.213089	-27.824138	-0.048015	-1.264708
1122	15.574551	00:00:15:42	-28.055535	1.716476	-1.233667	-27.928032	1.640461	-1.154415	-28.038300	1.641554	-1.116825	-28.014313	1.552815	-1.208243	-27.986582	1.533074	-1.155811	-28.155823	1.574739	-1.144561	-27.883907	1.523512	-1.289273	-27.819423	1.402378	-1.046323	-27.982494	0.741587	-1.649270	-27.517860	1.276362	-0.944599	-28.130487	-0.025513	-2.103877	-27.516107	1.288246	-0.978427	-28.109670	-0.043241	-2.041591	-27.492954	1.258565	-0.936419	-28.106605	-0.028417	-2.031500	-28.146598	0.960437	-1.063882	-28.182399	0.982302	-1.098159	-27.836423	0.972216	-1.258518	-27.887995	0.976447	-1.296704	-28.175698	0.450732	-1.111620	-27.882011	0.467631	-1.235293	-28.156069	-0.057078	-1.083439	-28.184234	-0.060109	-1.106344	-27.845596	-0.045172	-1.223445	-27.861210	-0.037286	-1.264985
1123	15.588445	00:00:15:43	-28.026816	1.676234	-1.220340	-27.882465	1.599844	-1.155908	-28.033001	1.668550	-1.102103	-28.041082	1.563890	-1.224114	-28.014006	1.560197	-1.159223	-28.145166	1.551618	-1.129873	-27.911361	1.550930	-1.262693	-27.814456	1.447195	-1.000484	-27.994437	0.736036	-1.678061	-27.519271	1.242544	-0.970413	-28.068247	-0.052045	-2.055893	-27.486415	1.268323	-0.949409	-28.134646	-0.057249	-2.068364	-27.515268	1.276491	-0.942474	-28.097716	-0.041217	-2.076236	-28.136937	0.989492	-1.064346	-28.180757	0.952502	-1.108934	-27.865177	0.971431	-1.253268	-27.864116	0.948878	-1.331062	-28.142515	0.454834	-1.095348	-27.859171	0.462003	-1.263808	-28.150771	-0.062079	-1.047053	-28.182724	-0.033514	-1.112173	-27.854015	-0.060469	-1.232970	-27.859618	-0.036255	-1.286732
1124	15.602338	00:00:15:44	-28.016334	1.686571	-1.209036	-27.911971	1.643014	-1.162117	-28.051739	1.647480	-1.132953	-28.020095	1.576858	-1.208433	-27.980511	1.559415	-1.168095	-28.118985	1.554321	-1.154250	-27.900804	1.558896	-1.294764	-27.845351	1.417499	-1.042459	-27.963362	0.773107	-1.675893	-27.516763	1.285622	-0.982499	-28.083880	-0.068820	-2.066054	-27.511687	1.277923	-0.959542	-28.070204	-0.046163	-2.058233	-27.536683	1.293709	-0.961894	-28.125974	-0.082960	-2.054712	-28.143685	0.973409	-1.074622	-28.194025	0.968993	-1.132497	-27.811622	0.955992	-1.263514	-27.869198	0.978524	-1.313152	-28.158181	0.440136	-1.089933	-27.861945	0.433987	-1.278488	-28.150785	-0.081948	-1.072063	-28.162668	-0.035609	-1.109571	-27.828366	-0.049413	-1.250378	-27.847259	-0.048970	-1.313649
1125	15.616232	00:00:15:45	-28.029487	1.675278	-1.237734	-27.878276	1.673565	-1.133364	-28.038639	1.641133	-1.090239	-27.986333	1.508381	-1.233995	-28.011382	1.549832	-1.186174	-28.148156	1.536408	-1.139388	-27.860205	1.565639	-1.260464	-27.826713	1.431648	-1.010920	-27.990572	0.758276	-1.665084	-27.508989	1.257031	-0.960953	-28.110899	-0.059142	-2.050232	-27.492183	1.229910	-0.943907	-28.085491	-0.030366	-2.081434	-27.492393	1.257106	-0.906508	-28.102213	-0.039336	-2.058114	-28.129908	0.968285	-1.076826	-28.175454	0.964890	-1.117916	-27.833396	0.953796	-1.248216	-27.859785	0.971819	-1.319282	-28.192918	0.469339	-1.108781	-27.873172	0.468606	-1.277871	-28.158898	-0.050536	-1.047406	-28.148214	-0.049585	-1.091761	-27.833575	-0.041581	-1.232317	-27.863393	-0.046729	-1.287500
1126	15.630125	00:00:15:46	-28.030469	1.675957	-1.192559	-27.920958	1.661773	-1.151188	-28.001328	1.644142	-1.117137	-28.012394	1.550659	-1.225640	-28.014706	1.524008	-1.175622	-28.141674	1.568133	-1.105994	-27.915490	1.551529	-1.263138	-27.833826	1.422579	-1.034171	-28.018809	0.734782	-1.693423	-27.534014	1.248655	-0.953527	-28.106525	-0.041421	-2.060425	-27.520001	1.286045	-0.970328	-28.091173	-0.062403	-2.072338	-27.542443	1.257359	-0.961588	-28.061145	-0.047458	-2.067543	-28.162985	0.950795	-1.104027	-28.210953	1.006749	-1.124293	-27.827957	0.987837	-1.250809	-27.867408	0.956895	-1.311742	-28.151121	0.449590	-1.046039	-27.856795	0.466216	-1.238438	-28.096614	-0.036440	-1.042849	-28.142550	-0.029291	-1.117912	-27.842302	-0.043072	-1.232161	-27.846581	-0.054045	-1.306879
1127	15.644018	00:00:15:47	-28.049877	1.703037	-1.262368	-27.907073	1.627951	-1.128580	-28.054698	1.655213	-1.058971	-28.001995	1.539679	-1.168898	-28.020968	1.543938	-1.186098	-28.129875	1.547332	-1.128681	-27.923767	1.582218	-1.321088	-27.827383	1.381220	-1.060267	-28.030686	0.738864	-1.671565	-27.538779	1.296077	-0.967670	-28.097629	-0.048658	-2.085514	-27.505902	1.241349	-0.941749	-28.074615	-0.071264	-2.059266	-27.556088	1.263866	-0.921533	-28.093445	-0.022856	-2.068016	-28.149548	0.959342	-1.050619	-28.158560	0.958913	-1.121305	-27.834106	0.944430	-1.257457	-27.873768	0.977086	-1.297359	-28.157828	0.450958	-1.085564	-27.822229	0.434405	-1.270194	-28.163110	-0.060040	-1.050950	-28.191496	-0.026238	-1.089909	-27.872680	-0.043839	-1.247207	-27.859981	-0.077810	-1.246571
1128	15.657912	00:00:15:48	-28.008991	1.690949	-1.227621	-27.920879	1.648363	-1.149805	-28.052693	1.635845	-1.123810	-28.007294	1.563530	-1.226839	-27.947915	1.544981	-1.183838	-28.156239	1.547177	-1.130009	-27.865839	1.540042	-1.295898	-27.833116	1.449605	-1.025731	-28.011965	0.768127	-1.682689	-27.516604	1.268269	-0.945837	-28.099821	-0.066875	-2.090862	-27.487212	1.274758	-0.953336	-28.101089	-0.062915	-2.067605	-27.541149	1.288986	-0.955469	-28.136636	-0.031150	-2.029089	-28.162780	0.956984	-1.077109	-28.191907	0.976433	-1.147259	-27.836053	0.934306	-1.281849	-27.879646	0.990620	-1.317238	-28.154168	0.469242	-1.085613	-27.838099	0.447213	-1.268057	-28.164913	-0.075697	-1.036442	-28.169348	-0.052791	-1.108463	-27.843531	-0.089137	-1.244289	-27.850915	-0.015129	-1.278443
1129	15.671805	00:00:15:49	-28.035579	1.639323	-1.259841	-27.943133	1.631882	-1.163010	-28.006849	1.655307	-1.082052	-28.009929	1.545489	-1.213316	-27.952584	1.538171	-1.167697	-28.140618	1.549521	-1.113851	-27.903063	1.564747	-1.275242	-27.858067	1.403146	-1.013828	-27.967531	0.753993	-1.695782	-27.518582	1.269721	-0.934476	-28.106066	-0.062012	-2.078919	-27.526579	1.262624	-0.932657	-28.099350	-0.034413	-2.032452	-27.523218	1.258980	-0.974007	-28.055906	-0.027657	-2.077871	-28.181345	0.959436	-1.018373	-28.164542	0.959120	-1.092209	-27.835201	0.980684	-1.233372	-27.852595	0.974014	-1.299546	-28.162194	0.460090	-1.106756	-27.853096	0.450228	-1.282004	-28.151566	-0.043060	-1.062278	-28.182304	-0.021578	-1.082980	-27.845928	-0.031093	-1.244068	-27.862998	-0.085374	-1.305052
1130	15.685699	00:00:15:50	-28.039958	1.674189	-1.254171	-27.906973	1.632759	-1.149666	-28.003817	1.627741	-1.153735	-28.021366	1.546699	-1.181358	-27.995323	1.526262	-1.157049	-28.156117	1.568696	-1.149485	-27.902346	1.558054	-1.298351	-27.868402	1.396863	-1.064962	-28.004660	0.740767	-1.676820	-27.510119	1.271133	-0.949966	-28.093055	-0.042045	-2.038880	-27.517597	1.272773	-0.947781	-28.104842	-0.048621	-2.049266	-27.511040	1.280499	-0.947777	-28.080393	-0.043082	-2.071217	-28.135146	0.962378	-1.064192	-28.186191	0.968134	-1.120207	-27.821573	0.995837	-1.270544	-27.881720	0.974927	-1.300404	-28.147789	0.463916	-1.099987	-27.841781	0.470662	-1.289407	-28.157472	-0.045863	-1.073388	-28.178193	-0.036510	-1.123361	-27.841635	-0.059458	-1.237986	-27.862863	-0.058417	-1.288025
1131	15.699592	00:00:15:51	-28.022802	1.671937	-1.227199	-27.942258	1.679112	-1.174520	-27.987080	1.659550	-1.079164	-28.030343	1.526513	-1.202246	-28.018025	1.523405	-1.177636	-28.133869	1.535292	-1.104032	-27.888777	1.552352	-1.268621	-27.824392	1.410472	-1.055745	-27.978440	0.752186	-1.691911	-27.504850	1.261517	-0.979289	-28.107168	-0.001692	-2.084872	-27.499278	1.236971	-0.950551	-28.073965	-0.048638	-2.033350	-27.497771	1.250753	-0.937737	-28.087681	-0.082442	-2.059038	-28.136860	0.951843	-1.067819	-28.178146	0.936844	-1.130158	-27.827790	0.965125	-1.256642	-27.882515	0.972874	-1.297277	-28.167784	0.471714	-1.051990	-27.844016	0.452335	-1.266244	-28.151253	-0.110663	-1.064818	-28.187569	-0.038847	-1.109590	-27.866078	-0.094941	-1.235957	-27.871218	-0.037561	-1.310439
1132	15.713486	00:00:15:52	-28.073184	1.679445	-1.243966	-27.924016	1.649495	-1.116997	-27.996978	1.602700	-1.118863	-28.005681	1.559767	-1.198524	-28.043735	1.539492	-1.157412	-28.144564	1.541783	-1.144093	-27.900517	1.535464	-1.285439	-27.850646	1.412557	-1.015322	-27.982261	0.751821	-1.650741	-27.514772	1.279671	-0.959994	-28.074871	-0.034230	-2.072518	-27.533338	1.278597	-0.955688	-28.092256	-0.067886	-2.062858	-27.522909	1.266407	-0.963597	-28.081704	-0.049485	-2.048701	-28.154521	0.947045	-1.056558	-28.182605	1.001955	-1.125956	-27.836835	0.935226	-1.268497	-27.872994	0.948155	-1.337476	-28.153315	0.456569	-1.089739	-27.849388	0.460840	-1.302659	-28.131377	-0.064631	-1.072468	-28.172535	-0.037081	-1.116688	-27.859851	-0.078020	-1.263495	-27.870540	-0.060029	-1.264163
1133	15.727379	00:00:15:53	-28.048552	1.658383	-1.249197	-27.920538	1.670865	-1.178155	-27.983023	1.657159	-1.084680	-28.021381	1.522979	-1.217461	-27.996705	1.550244	-1.190143	-28.146917	1.539016	-1.100988	-27.888965	1.559071	-1.292602	-27.824773	1.389935	-1.010772	-27.997400	0.765485	-1.683206	-27.505783	1.206086	-0.961888	-28.100079	-0.027172	-2.060696	-27.508721	1.288100	-0.946435	-28.106406	-0.050743	-2.061850	-27.497661	1.279424	-0.951709	-28.108817	-0.051844	-2.058328	-28.165292	0.967884	-1.075502	-28.168277	0.964315	-1.128472	-27.848036	0.977606	-1.269300	-27.876477	0.975479	-1.280116	-28.187319	0.461878	-1.082192	-27.879527	0.432509	-1.250733	-28.124891	-0.060748	-1.059209	-28.195575	-0.070294	-1.079285	-27.860397	-0.082959	-1.230913	-27.870038	-0.015262	-1.279075
1134	15.741273	00:00:15:54	-28.035187	1.667785	-1.248143	-27.904900	1.661821	-1.142477	-28.023462	1.655303	-1.120540	-27.997519	1.537317	-1.217630	-28.019210	1.576615	-1.173400	-28.144190	1.567296	-1.126473	-27.890993	1.547301	-1.278349	-27.867278	1.414129	-1.025395	-27.990667	0.737221	-1.648891	-27.521475	1.289986	-0.960549	-28.107626	-0.052301	-2.057860	-27.501594	1.270621	-0.963109	-28.083176	-0.041469	-2.056626	-27.514246	1.228881	-0.940476	-28.074726	-0.030038	-2.079062	-28.146404	0.955367	-1.074027	-28.192893	0.939236	-1.137851	-27.844199	0.979675	-1.272182	-27.875670	0.966302	-1.318133	-28.172911	0.473900	-1.089694	-27.827082	0.437531	-1.289857	-28.143553	-0.077853	-1.021034	-28.164663	-0.047148	-1.142146	-27.878597	-0.060228	-1.296085	-27.903165	-0.054227	-1.269499
1135	15.755166	00:00:15:55	-28.028949	1.662788	-1.252100	-27.912266	1.633771	-1.133988	-28.064239	1.636544	-1.123764	-28.053053	1.532380	-1.214758	-27.993859	1.528723	-1.145870	-28.153170	1.550308	-1.159808	-27.891143	1.548221	-1.283674	-27.824700	1.400088	-1.056854	-27.990593	0.758235	-1.690577	-27.496665	1.293867	-0.943347	-28.110237	-0.061688	-2.053560	-27.508788	1.263426	-0.939471	-28.077263	-0.034329	-2.033832	-27.504318	1.257488	-0.958287	-28.108484	-0.052570	-2.073638	-28.138007	0.973204	-1.062228	-28.167431	0.955933	-1.123770	-27.821277	0.984939	-1.260337	-27.849227	0.959157	-1.319590	-28.159295	0.427029	-1.077737	-27.840696	0.420633	-1.296238	-28.132850	-0.087253	-1.047485	-28.173438	-0.068508	-1.114858	-27.844812	-0.068691	-1.281170	-27.893208	-0.035231	-1.268838
1136	15.769059	00:00:15:56	-28.029762	1.652329	-1.229219	-27.899991	1.615296	-1.160243	-28.012122	1.638503	-1.105763	-27.985400	1.545344	-1.234994	-28.013445	1.534078	-1.166367	-28.133641	1.583422	-1.149691	-27.910789	1.546143	-1.282991	-27.842268	1.407958	-1.028092	-27.965651	0.734748	-1.686103	-27.514689	1.265527	-0.965712	-28.067322	-0.068829	-2.039909	-27.536804	1.230632	-0.967282	-28.087774	-0.053073	-2.061802	-27.501072	1.268727	-0.933609	-28.083466	-0.075595	-2.056545	-28.143986	0.940813	-1.063038	-28.168753	0.962905	-1.143714	-27.883267	0.964500	-1.254955	-27.879809	0.979496	-1.313917	-28.168921	0.467647	-1.061906	-27.876479	0.447054	-1.263333	-28.150191	-0.083028	-1.028887	-28.175120	-0.075071	-1.143314	-27.830306	-0.088002	-1.249944	-27.864634	-0.046854	-1.301380
1137	15.782953	00:00:15:57	-28.051079	1.677410	-1.238024	-27.915433	1.665367	-1.122194	-28.042012	1.624104	-1.072753	-28.016712	1.558802	-1.234536	-27.979417	1.539973	-1.161283	-28.148514	1.571452	-1.093725	-27.916673	1.546398	-1.293498	-27.847220	1.396311	-1.041805	-27.987637	0.719320	-1.684596	-27.498181	1.262217	-0.960818	-28.082822	-0.026642	-2.072872	-27.481350	1.252797	-0.946278	-28.064948	-0.067706	-2.098421	-27.524200	1.236850	-0.940348	-28.125467	-0.020390	-2.004052	-28.136697	0.965599	-1.066296	-28.152766	0.939344	-1.089529	-27.883110	0.976179	-1.246936	-27.900023	0.938390	-1.326243	-28.176746	0.465187	-1.099201	-27.849050	0.458043	-1.271273	-28.169925	-0.049012	-1.051746	-28.160942	-0.014288	-1.097407	-27.836938	-0.044371	-1.224079	-27.831912	-0.037108	-1.310284
1138	15.796846	00:00:15:58	-28.041825	1.660340	-1.240548	-27.916772	1.635243	-1.190034	-28.020007	1.663521	-1.112754	-28.045594	1.547155	-1.198176	-27.997111	1.567268	-1.137345	-28.124940	1.549139	-1.114307	-27.880643	1.566704	-1.310313	-27.813776	1.408718	-1.036031	-27.985134	0.771914	-1.678225	-27.527889	1.268108	-0.935520	-28.089942	-0.065194	-2.025927	-27.540075	1.260434	-0.955883	-28.079265	-0.048682	-2.066773	-27.531999	1.266450	-0.987513	-28.108882	-0.058136	-2.058594	-28.155788	0.935154	-1.109292	-28.175303	0.976027	-1.105526	-27.838149	0.925465	-1.260528	-27.883731	0.954910	-1.328871	-28.153481	0.438649	-1.099525	-27.875869	0.481979	-1.298533	-28.145350	-0.055761	-1.056727	-28.169436	-0.041206	-1.126481	-27.828329	-0.063355	-1.296533	-27.896212	-0.058944	-1.295137
1139	15.810740	00:00:15:59	-28.040054	1.683930	-1.258100	-27.897675	1.644348	-1.155915	-28.020843	1.612744	-1.068346	-28.025278	1.536024	-1.204759	-28.022168	1.557787	-1.162317	-28.166484	1.574036	-1.137962	-27.893196	1.563351	-1.281680	-27.865854	1.389932	-1.064479	-28.001268	0.747149	-1.696652	-27.522876	1.270773	-0.935197	-28.087749	-0.055747	-2.021152	-27.506721	1.241114	-0.925103	-28.058305	-0.029898	-2.065539	-27.509507	1.219184	-0.949622	-28.111435	-0.040652	-2.081616	-28.167866	0.952920	-1.088477	-28.207054	0.986063	-1.139078	-27.835340	0.976923	-1.238121	-27.899208	0.985946	-1.326866	-28.191885	0.466451	-1.060300	-27.852042	0.443843	-1.262422	-28.160606	-0.048066	-1.044975	-28.153967	-0.039811	-1.110206	-27.844598	-0.044161	-1.250005	-27.861615	-0.041510	-1.278649
1140	15.824633	00:00:15:60	-28.036495	1.684163	-1.247085	-27.910273	1.682202	-1.186950	-28.049484	1.627368	-1.115636	-28.038602	1.524753	-1.224480	-27.988339	1.549090	-1.195991	-28.146811	1.568008	-1.127850	-27.878215	1.558306	-1.269286	-27.864628	1.402670	-1.066878	-28.009549	0.764470	-1.643949	-27.505956	1.232252	-0.946284	-28.122686	-0.048328	-2.045516	-27.536563	1.261015	-0.951834	-28.090957	-0.049765	-2.090987	-27.513897	1.240736	-0.966396	-28.100993	-0.029809	-2.069096	-28.151416	0.970441	-1.065258	-28.168977	1.009258	-1.105644	-27.816611	0.988044	-1.245204	-27.882172	0.933199	-1.290568	-28.167860	0.463438	-1.090412	-27.841719	0.483116	-1.314918	-28.121139	-0.095916	-1.073989	-28.173980	-0.043718	-1.108543	-27.849576	-0.085827	-1.249171	-27.917122	-0.045128	-1.278263
1141	15.838527	00:00:15:61	-28.065232	1.673516	-1.222969	-27.913857	1.690220	-1.175689	-28.003779	1.631150	-1.108826	-28.043713	1.533047	-1.206786	-27.994964	1.550812	-1.174442	-28.201926	1.551446	-1.138609	-27.887394	1.552974	-1.290099	-27.835719	1.384079	-1.045256	-28.013042	0.778516	-1.679660	-27.522934	1.216918	-0.949099	-28.103614	-0.048154	-2.075018	-27.513860	1.223738	-0.955926	-28.082767	-0.068173	-2.075247	-27.519904	1.233471	-0.986743	-28.067330	-0.060716	-2.092876	-28.132716	0.943391	-1.037552	-28.200478	0.984795	-1.147891	-27.829280	0.966292	-1.258279	-27.887672	0.974265	-1.316813	-28.189695	0.469466	-1.066690	-27.855059	0.450738	-1.289424	-28.147067	-0.048407	-1.057683	-28.143424	-0.050431	-1.120341	-27.821179	-0.042988	-1.229186	-27.886395	-0.015280	-1.321234
1142	15.852420	00:00:15:62	-28.020782	1.652345	-1.218844	-27.919719	1.652731	-1.146464	-28.001017	1.627984	-1.118397	-28.004273	1.552209	-1.228643	-28.010173	1.495767	-1.161318	-28.147510	1.561076	-1.141981	-27.875764	1.550089	-1.294549	-27.819325	1.399437	-1.037834	-28.006014	0.766159	-1.672232	-27.486202	1.218482	-0.954419	-28.087500	-0.044520	-2.087678	-27.523153	1.295726	-0.943514	-28.101550	-0.049560	-2.036852	-27.527260	1.262715	-0.941856	-28.119601	-0.041534	-2.053266	-28.149759	0.936342	-1.077002	-28.186317	0.983661	-1.126333	-27.872640	0.968761	-1.240332	-27.917295	0.984867	-1.312531	-28.158473	0.474435	-1.085720	-27.858036	0.462720	-1.239131	-28.143588	-0.066814	-1.092339	-28.153909	-0.049008	-1.092190	-27.845198	-0.080710	-1.235914	-27.858478	-0.062012	-1.284848
1143	15.866314	00:00:15:63	-28.016149	1.682273	-1.249956	-27.894766	1.621506	-1.183361	-28.014553	1.647284	-1.107588	-28.025675	1.533981	-1.178653	-27.971235	1.554553	-1.181963	-28.167745	1.521865	-1.115116	-27.894652	1.557394	-1.299807	-27.822691	1.392425	-1.072251	-27.999546	0.768306	-1.674962	-27.484993	1.234690	-0.951485	-28.093841	-0.040257	-2.046535	-27.516461	1.256159	-0.950783	-28.090392	-0.049364	-2.061093	-27.490806	1.233569	-0.970354	-28.100553	-0.081494	-2.054615	-28.127447	0.968740	-1.083707	-28.187882	0.953351	-1.136579	-27.828258	0.977386	-1.276919	-27.874078	0.973115	-1.327051	-28.161183	0.465633	-1.117115	-27.837908	0.482135	-1.276070	-28.137339	-0.043351	-1.064164	-28.148120	-0.023090	-1.116068	-27.848565	-0.061800	-1.233960	-27.886273	-0.055409	-1.335646
1144	15.880207	00:00:15:64	-27.997887	1.702332	-1.241011	-27.905159	1.680567	-1.153737	-28.063094	1.643332	-1.106685	-28.019155	1.539588	-1.180397	-28.030607	1.559132	-1.165381	-28.155117	1.583371	-1.159647	-27.892897	1.541971	-1.294314	-27.850643	1.399074	-1.036689	-27.982679	0.778218	-1.656616	-27.557331	1.250273	-0.981213	-28.064254	-0.030559	-2.073169	-27.523507	1.255961	-0.994569	-28.092886	-0.047604	-2.059708	-27.509168	1.274783	-0.920313	-28.109247	-0.043101	-2.069520	-28.140330	0.925737	-1.055813	-28.182165	0.984227	-1.099932	-27.852323	0.967106	-1.251701	-27.859041	1.012154	-1.290164	-28.178532	0.473823	-1.053711	-27.895811	0.451760	-1.278529	-28.151151	-0.047427	-1.044328	-28.193843	-0.043511	-1.100543	-27.855704	-0.057508	-1.239306	-27.880455	-0.069447	-1.277960
1145	15.894100	00:00:15:65	-28.033510	1.635152	-1.245150	-27.924996	1.658242	-1.161141	-28.022359	1.652943	-1.069021	-28.022289	1.562029	-1.193805	-28.007797	1.556558	-1.157795	-28.164443	1.533392	-1.117318	-27.911880	1.565043	-1.272690	-27.823685	1.414184	-1.042028	-27.973599	0.754156	-1.654408	-27.559836	1.240162	-0.954223	-28.094003	-0.065688	-2.077950	-27.552136	1.246525	-0.974430	-28.082466	-0.027586	-2.081127	-27.506458	1.252324	-0.961407	-28.090698	-0.003382	-2.093816	-28.127936	0.944871	-1.062110	-28.216120	0.981490	-1.134721	-27.825775	0.949738	-1.230499	-27.886908	0.993633	-1.279136	-28.152391	0.473343	-1.077765	-27.853411	0.457205	-1.238775	-28.164172	-0.079467	-1.079552	-28.196276	-0.064247	-1.126966	-27.817819	-0.078312	-1.223524	-27.878313	-0.055353	-1.313890
1146	15.907994	00:00:15:66	-28.028987	1.684498	-1.207518	-27.954917	1.655306	-1.161930	-28.037237	1.638461	-1.064681	-27.994320	1.568373	-1.211590	-27.994480	1.559502	-1.184076	-28.152847	1.553855	-1.109269	-27.863927	1.539377	-1.288277	-27.836788	1.389500	-1.032537	-27.980570	0.754634	-1.666885	-27.536874	1.235949	-0.971172	-28.089311	-0.033562	-2.076008	-27.527030	1.232321	-0.971201	-28.094253	-0.078196	-2.061632	-27.497095	1.260068	-0.939474	-28.102500	-0.051837	-2.030636	-28.160934	0.951324	-1.077097	-28.170125	0.970696	-1.101282	-27.867788	0.964184	-1.253793	-27.865038	0.965471	-1.326730	-28.159909	0.459299	-1.077264	-27.889404	0.468133	-1.258386	-28.150296	-0.049476	-1.060009	-28.206887	-0.065415	-1.137447	-27.846283	-0.059869	-1.222965	-27.872748	-0.070106	-1.302402
1147	15.921887	00:00:15:67	-28.030368	1.655820	-1.232461	-27.889690	1.640673	-1.129156	-28.019508	1.642364	-1.068546	-28.037273	1.552075	-1.197489	-28.012564	1.515739	-1.157132	-28.146885	1.563183	-1.137004	-27.939999	1.552708	-1.297760	-27.779784	1.438734	-1.060995	-27.980650	0.737458	-1.678234	-27.518638	1.226147	-0.981033	-28.129678	-0.030355	-2.082180	-27.537771	1.269567	-0.943359	-28.094252	-0.081204	-2.051855	-27.536935	1.258285	-0.935097	-28.083843	-0.069735	-2.073035	-28.157154	0.997368	-1.081723	-28.216891	0.970885	-1.131582	-27.840216	0.969378	-1.281199	-27.880573	0.962586	-1.316371	-28.166436	0.488029	-1.103282	-27.845146	0.461203	-1.259070	-28.153190	-0.054749	-1.061989	-28.210008	-0.041736	-1.102737	-27.833254	-0.043617	-1.268966	-27.866736	-0.055128	-1.288340
1148	15.935781	00:00:15:68	-28.009678	1.669848	-1.241122	-27.923593	1.633469	-1.164701	-28.020589	1.635869	-1.088206	-28.008392	1.579003	-1.223993	-28.013641	1.528738	-1.180757	-28.158821	1.528882	-1.111808	-27.874375	1.570508	-1.319376	-27.830488	1.418474	-1.058778	-27.984194	0.765125	-1.690029	-27.536102	1.250256	-0.948948	-28.084479	-0.030950	-2.054832	-27.496354	1.246487	-0.964769	-28.087648	-0.030845	-2.074235	-27.523510	1.246191	-0.941666	-28.074581	-0.032783	-2.054480	-28.144344	0.968137	-1.082608	-28.181051	0.986175	-1.135857	-27.804731	1.006358	-1.265616	-27.894948	1.000027	-1.291698	-28.159781	0.458222	-1.099513	-27.844052	0.491291	-1.291867	-28.180014	-0.060458	-1.055413	-28.178226	-0.038053	-1.121430	-27.839943	-0.030312	-1.222533	-27.860192	-0.064765	-1.269959
1149	15.949674	00:00:15:69	-28.046102	1.632753	-1.227311	-27.929700	1.614112	-1.173952	-28.005295	1.675651	-1.072751	-28.009015	1.517595	-1.220222	-28.007254	1.542635	-1.176808	-28.108518	1.530276	-1.130507	-27.887359	1.547603	-1.286921	-27.807948	1.384621	-1.053036	-28.003068	0.755637	-1.664843	-27.519949	1.251679	-0.972567	-28.103263	-0.046012	-2.054564	-27.526985	1.244709	-0.970293	-28.101464	-0.067241	-2.063311	-27.475944	1.268763	-0.984865	-28.070847	-0.019437	-2.028126	-28.157519	0.957365	-1.096447	-28.190119	0.993542	-1.097514	-27.845381	0.974343	-1.262535	-27.880865	0.971616	-1.297228	-28.184886	0.470399	-1.106819	-27.860976	0.460658	-1.297048	-28.164278	-0.092636	-1.070818	-28.195163	0.002240	-1.130779	-27.798682	-0.046346	-1.260402	-27.863930	-0.047266	-1.292386
1150	15.963568	00:00:15:70	-28.017489	1.638941	-1.233858	-27.929298	1.640873	-1.167304	-28.012097	1.617070	-1.087179	-28.032274	1.543048	-1.205709	-27.961235	1.545872	-1.177209	-28.161966	1.540887	-1.163366	-27.914168	1.564970	-1.289030	-27.864106	1.407742	-1.058384	-28.006598	0.712855	-1.655728	-27.517324	1.248471	-0.975446	-28.070818	-0.016079	-2.065980	-27.506020	1.252616	-0.976601	-28.074531	-0.017538	-2.068014	-27.523021	1.262018	-0.958892	-28.086863	-0.031542	-2.059749	-28.187708	0.947322	-1.058297	-28.206909	0.966714	-1.125721	-27.860641	0.965727	-1.238200	-27.880599	0.981798	-1.311793	-28.152210	0.471251	-1.073993	-27.854717	0.470844	-1.296029	-28.144109	-0.055713	-1.042046	-28.170184	-0.090946	-1.099419	-27.845787	-0.036361	-1.304270	-27.891409	-0.058562	-1.303976
1151	15.977461	00:00:15:71	-28.039520	1.642666	-1.246362	-27.933673	1.662790	-1.173584	-28.006129	1.641537	-1.049416	-28.023428	1.568301	-1.192128	-28.032720	1.553938	-1.180111	-28.153678	1.526805	-1.106731	-27.894987	1.525631	-1.257668	-27.865455	1.389839	-1.027887	-27.987781	0.753441	-1.658237	-27.518824	1.252340	-0.954585	-28.088190	-0.031266	-2.062704	-27.525059	1.246363	-0.932168	-28.083244	-0.029446	-2.082304	-27.515518	1.234260	-0.984434	-28.080331	-0.061116	-2.071832	-28.164896	0.952207	-1.101774	-28.201796	0.980971	-1.098198	-27.814692	0.959447	-1.230859	-27.856966	0.999265	-1.328531	-28.167754	0.469952	-1.073653	-27.879945	0.470430	-1.286277	-28.173311	-0.051220	-1.041289	-28.195797	-0.060283	-1.104674	-27.829398	-0.067816	-1.241970	-27.875003	-0.067490	-1.292722
1152	15.991355	00:00:15:00	-28.041138	1.629376	-1.224851	-27.909009	1.629669	-1.186277	-28.016141	1.666416	-1.082421	-28.028503	1.546300	-1.207268	-27.989509	1.544478	-1.162796	-28.146661	1.562990	-1.103781	-27.898626	1.531578	-1.299730	-27.851110	1.382056	-1.068401	-27.989435	0.758431	-1.680717	-27.511041	1.283461	-0.973687	-28.093494	-0.063050	-2.069047	-27.529430	1.247405	-0.956956	-28.084685	-0.042869	-2.081702	-27.535993	1.245718	-0.971969	-28.112833	-0.036896	-2.058575	-28.151628	0.998201	-1.061561	-28.224467	0.984359	-1.130149	-27.866502	0.965289	-1.254123	-27.902286	0.955048	-1.323014	-28.196305	0.436549	-1.094268	-27.873735	0.449834	-1.260596	-28.170268	-0.038158	-1.043547	-28.171545	-0.033262	-1.125879	-27.855674	-0.072065	-1.228625	-27.850780	-0.060674	-1.291541
1153	16.005248	00:00:16:01	-28.023416	1.668126	-1.194800	-27.906778	1.664873	-1.177628	-28.025727	1.633285	-1.118957	-27.998297	1.524552	-1.233731	-27.996840	1.564026	-1.186844	-28.149135	1.548027	-1.130601	-27.913459	1.548069	-1.259871	-27.789894	1.406975	-1.060867	-28.023454	0.724514	-1.677178	-27.521475	1.252800	-0.984621	-28.090561	-0.046159	-2.099460	-27.502238	1.243492	-0.965592	-28.090515	-0.071489	-2.048911	-27.525186	1.256868	-0.944964	-28.091928	-0.020038	-2.057374	-28.161922	1.010958	-1.088178	-28.180702	0.979748	-1.150706	-27.856264	0.949293	-1.275915	-27.888490	0.979031	-1.322584	-28.160046	0.451274	-1.094240	-27.847115	0.458941	-1.283236	-28.100720	-0.074716	-1.036376	-28.191907	-0.068522	-1.063885	-27.837917	-0.057347	-1.205722	-27.896027	-0.040044	-1.304198
1154	16.019141	00:00:16:02	-28.019876	1.658096	-1.236807	-27.948556	1.650812	-1.156380	-28.017374	1.640937	-1.088672	-28.043560	1.552390	-1.225698	-27.996305	1.544796	-1.170016	-28.120934	1.543503	-1.135253	-27.887557	1.564552	-1.297688	-27.857491	1.384063	-1.038844	-27.990537	0.762664	-1.644930	-27.522430	1.226459	-0.960786	-28.097324	-0.073973	-2.094733	-27.510712	1.271340	-0.948001	-28.082141	-0.012477	-2.082553	-27.543864	1.252266	-0.980192	-28.086393	-0.044822	-2.083704	-28.167343	0.966695	-1.086937	-28.189595	0.977242	-1.163173	-27.821685	0.960849	-1.234224	-27.865243	0.986406	-1.340519	-28.156845	0.436895	-1.095817	-27.851191	0.483578	-1.276383	-28.174908	-0.042269	-1.058123	-28.166377	-0.023781	-1.102480	-27.865857	-0.050749	-1.220174	-27.863729	-0.045578	-1.333379
1155	16.033035	00:00:16:03	-28.051695	1.661654	-1.200498	-27.920970	1.643986	-1.158692	-28.037109	1.669706	-1.105880	-28.010831	1.525644	-1.217417	-28.011559	1.542467	-1.170819	-28.163295	1.575460	-1.126856	-27.905627	1.567883	-1.295207	-27.844298	1.399472	-1.046605	-27.976880	0.739426	-1.691650	-27.544615	1.241334	-1.012061	-28.080369	-0.069723	-2.044400	-27.526973	1.276620	-0.979263	-28.101845	-0.059722	-2.045644	-27.524862	1.264062	-0.978758	-28.078939	-0.055589	-2.086254	-28.151407	0.974942	-1.079806	-28.181876	0.987571	-1.149982	-27.845262	0.950913	-1.231412	-27.893559	0.992125	-1.293244	-28.176956	0.445699	-1.101791	-27.862070	0.449535	-1.264318	-28.145668	-0.044080	-1.045936	-28.190434	-0.045047	-1.114166	-27.871533	-0.075100	-1.259288	-27.920404	-0.042729	-1.297659
1156	16.046928	00:00:16:04	-28.043926	1.691009	-1.249955	-27.896563	1.641870	-1.134693	-28.035986	1.615875	-1.107699	-28.035512	1.578914	-1.219043	-28.027803	1.513342	-1.172974	-28.170917	1.548168	-1.119405	-27.896560	1.542523	-1.303569	-27.848049	1.407013	-1.035331	-27.990937	0.750717	-1.659396	-27.508572	1.230663	-0.934619	-28.085432	-0.067572	-2.048131	-27.518012	1.251952	-0.990741	-28.077467	-0.021646	-2.065220	-27.540226	1.278062	-0.959321	-28.098552	-0.056221	-2.043737	-28.137573	0.948769	-1.068813	-28.168646	0.949731	-1.135939	-27.823485	0.996210	-1.264828	-27.869841	0.985418	-1.297895	-28.186037	0.488479	-1.103998	-27.854338	0.477405	-1.280161	-28.146822	-0.063406	-1.072821	-28.165761	-0.078232	-1.094584	-27.874066	-0.052232	-1.237493	-27.876279	-0.064271	-1.260203
1157	16.060822	00:00:16:05	-28.057628	1.670210	-1.236631	-27.938903	1.669446	-1.157704	-28.054338	1.662927	-1.107735	-28.017699	1.559791	-1.227570	-27.994165	1.556947	-1.176186	-28.173165	1.580105	-1.115174	-27.902607	1.531194	-1.267066	-27.845105	1.406734	-1.067557	-27.988730	0.777983	-1.639003	-27.531526	1.262105	-0.977962	-28.094060	-0.054651	-2.064374	-27.517483	1.255360	-1.032242	-28.103478	-0.047774	-2.067934	-27.535538	1.273413	-1.003080	-28.071965	-0.061756	-2.039083	-28.143038	0.951978	-1.075839	-28.170760	0.997186	-1.134581	-27.831314	0.945029	-1.246608	-27.867515	0.991491	-1.302064	-28.185385	0.465733	-1.102844	-27.827099	0.438833	-1.270740	-28.157186	-0.030754	-1.053948	-28.170610	-0.075641	-1.106612	-27.862512	-0.086553	-1.218332	-27.883965	-0.074064	-1.280398
1158	16.074715	00:00:16:06	-28.035807	1.682380	-1.188515	-27.916296	1.633838	-1.165380	-28.018844	1.638390	-1.091356	-28.029049	1.537012	-1.217423	-27.990891	1.544961	-1.190289	-28.148238	1.561533	-1.129836	-27.908080	1.533775	-1.311888	-27.831248	1.369447	-1.031713	-27.998654	0.767091	-1.675378	-27.559633	1.227246	-0.934869	-28.082152	-0.038774	-2.066645	-27.527509	1.260618	-0.932038	-28.065977	-0.044865	-2.093966	-27.530456	1.283206	-0.958335	-28.136566	-0.029162	-2.050229	-28.153153	0.952983	-1.076589	-28.161822	0.961583	-1.139833	-27.852463	0.968131	-1.279153	-27.861620	0.986412	-1.339883	-28.139249	0.487600	-1.077656	-27.841477	0.447902	-1.307109	-28.166165	-0.059410	-1.031931	-28.153597	-0.020543	-1.113213	-27.860339	-0.038622	-1.257734	-27.853247	-0.057758	-1.297136
1159	16.088609	00:00:16:07	-28.083637	1.654617	-1.240670	-27.928437	1.648892	-1.193386	-28.037941	1.653270	-1.130919	-28.010163	1.561554	-1.221115	-28.011383	1.553981	-1.210558	-28.124229	1.524838	-1.111009	-27.888428	1.554568	-1.280707	-27.836708	1.389176	-1.063048	-28.033052	0.752909	-1.705521	-27.514794	1.216398	-0.992096	-28.099886	-0.049959	-2.063368	-27.518615	1.274924	-0.956040	-28.125002	-0.011318	-2.037198	-27.495620	1.241752	-0.953508	-28.059573	-0.051200	-2.027680	-28.159045	0.970052	-1.092519	-28.190056	0.987580	-1.110347	-27.867259	0.961288	-1.285017	-27.850512	0.990989	-1.330011	-28.184728	0.462937	-1.091151	-27.862862	0.478491	-1.309315	-28.167241	-0.063696	-1.078944	-28.201158	-0.056225	-1.086943	-27.886728	-0.063436	-1.217478	-27.881202	-0.070180	-1.307055
1160	16.102502	00:00:16:08	-28.044836	1.670415	-1.247849	-27.906603	1.628065	-1.148926	-28.011626	1.653021	-1.098079	-28.025407	1.586957	-1.197643	-28.035483	1.529734	-1.213279	-28.151962	1.564615	-1.163682	-27.900743	1.547132	-1.301058	-27.813194	1.406378	-1.053544	-27.976883	0.748131	-1.686936	-27.527482	1.260666	-0.960953	-28.111454	-0.096505	-2.064716	-27.552877	1.252151	-0.973679	-28.104877	-0.042750	-2.036812	-27.544955	1.250024	-0.983760	-28.086423	-0.045462	-2.052084	-28.154644	0.970374	-1.080418	-28.197165	0.989476	-1.140114	-27.871211	0.943012	-1.243603	-27.855295	0.957037	-1.331248	-28.179424	0.450033	-1.091442	-27.874768	0.471804	-1.279023	-28.131224	-0.040773	-1.034307	-28.160190	-0.055164	-1.084093	-27.810098	-0.021164	-1.263148	-27.882623	-0.054487	-1.279459
1161	16.116396	00:00:16:09	-28.033659	1.685624	-1.226006	-27.917014	1.615350	-1.171392	-28.070709	1.655731	-1.116139	-28.047376	1.547518	-1.223510	-27.974771	1.542106	-1.158542	-28.145263	1.529758	-1.140524	-27.907736	1.573043	-1.292010	-27.842453	1.422236	-1.079993	-27.969301	0.782464	-1.668711	-27.507054	1.248305	-0.969259	-28.094394	-0.032894	-2.038854	-27.540893	1.262296	-0.972825	-28.066608	0.007030	-2.055894	-27.513150	1.272654	-0.957595	-28.062504	-0.057236	-2.067253	-28.144519	0.944578	-1.048782	-28.201044	0.980004	-1.141363	-27.851660	0.943432	-1.255142	-27.878864	0.954459	-1.315154	-28.170995	0.481366	-1.127405	-27.877828	0.472057	-1.280974	-28.145881	-0.070522	-1.051827	-28.182088	-0.064834	-1.097849	-27.871034	-0.046525	-1.249996	-27.854007	-0.082900	-1.298395
1162	16.130289	00:00:16:10	-27.993418	1.648981	-1.237566	-27.916476	1.660612	-1.170551	-27.997418	1.641150	-1.065067	-27.990374	1.584196	-1.232664	-27.996364	1.540472	-1.178303	-28.131416	1.542910	-1.122747	-27.892013	1.568671	-1.289297	-27.861362	1.417253	-1.076264	-27.983058	0.744947	-1.668764	-27.554275	1.295964	-0.973351	-28.083358	-0.046732	-2.027077	-27.535967	1.244539	-0.976074	-28.111164	-0.064382	-2.073093	-27.548771	1.257048	-0.947070	-28.090700	-0.070626	-2.054802	-28.158289	0.956091	-1.085701	-28.189005	0.966831	-1.109788	-27.835534	0.984422	-1.310465	-27.853259	0.999689	-1.341918	-28.161687	0.435827	-1.094918	-27.846194	0.482994	-1.256691	-28.163217	-0.081358	-1.034923	-28.180327	-0.072230	-1.110613	-27.840649	-0.074347	-1.248265	-27.856585	-0.062551	-1.272282
1163	16.144182	00:00:16:11	-28.062198	1.662834	-1.232947	-27.928674	1.622041	-1.151186	-28.015008	1.631997	-1.088609	-28.020467	1.548234	-1.206825	-28.003317	1.543635	-1.203126	-28.161979	1.550237	-1.083496	-27.903504	1.553706	-1.286543	-27.841914	1.406554	-1.071551	-27.987359	0.789167	-1.683281	-27.524067	1.250173	-0.975760	-28.100161	-0.034322	-2.064307	-27.541302	1.223667	-1.002689	-28.097330	-0.020239	-2.059124	-27.553426	1.238959	-0.959301	-28.094604	-0.038741	-2.056282	-28.146539	0.968059	-1.082517	-28.170720	0.975143	-1.114224	-27.868593	0.977009	-1.249062	-27.889434	0.974818	-1.293610	-28.166537	0.441753	-1.065850	-27.875222	0.458781	-1.241241	-28.135282	-0.034529	-1.056750	-28.186058	-0.038900	-1.105423	-27.861602	-0.068394	-1.236605	-27.870984	-0.030618	-1.263883
1164	16.158076	00:00:16:12	-28.052200	1.652059	-1.216443	-27.924548	1.657975	-1.150778	-28.026239	1.642906	-1.103914	-28.014293	1.544243	-1.201466	-27.991074	1.553515	-1.218307	-28.133432	1.562115	-1.142603	-27.876959	1.539374	-1.261624	-27.851827	1.375125	-1.044398	-27.994787	0.741713	-1.697315	-27.505771	1.231011	-0.970292	-28.079069	-0.014980	-2.063909	-27.540242	1.243155	-0.963875	-28.098257	-0.071506	-2.094901	-27.533907	1.276501	-0.983681	-28.103846	-0.088423	-2.028588	-28.130323	0.938833	-1.086531	-28.209371	1.012091	-1.089429	-27.864834	0.945498	-1.279110	-27.879737	0.957707	-1.303646	-28.171959	0.479328	-1.071017	-27.860365	0.473880	-1.245726	-28.157183	-0.072559	-1.048252	-28.176525	-0.037408	-1.084007	-27.870105	-0.063149	-1.257647	-27.853046	-0.062646	-1.275936
1165	16.171969	00:00:16:13	-28.033631	1.714860	-1.231045	-27.902987	1.635844	-1.162554	-28.037957	1.625662	-1.093119	-28.014682	1.555180	-1.188550	-28.010410	1.534023	-1.211471	-28.152459	1.552011	-1.102213	-27.899639	1.547098	-1.289909	-27.845081	1.434216	-1.044040	-28.007476	0.786304	-1.686051	-27.522265	1.241972	-0.991623	-28.072012	-0.046765	-2.074069	-27.548279	1.246876	-0.995836	-28.100678	-0.062020	-2.085446	-27.512176	1.245452	-0.965050	-28.111901	-0.032117	-2.083973	-28.167941	0.966967	-1.109589	-28.180316	0.974252	-1.122241	-27.847328	0.944384	-1.259936	-27.871968	0.985333	-1.325347	-28.155236	0.445570	-1.052969	-27.876142	0.484258	-1.276037	-28.128734	-0.046631	-1.069015	-28.162191	-0.077889	-1.129585	-27.807853	-0.076135	-1.227589	-27.853430	-0.040518	-1.307356
1166	16.185863	00:00:16:14	-28.026881	1.679885	-1.222870	-27.913908	1.629897	-1.137755	-28.004175	1.648517	-1.094685	-28.032892	1.576737	-1.235929	-27.994434	1.556601	-1.177355	-28.165204	1.536969	-1.128495	-27.899682	1.532180	-1.284744	-27.826641	1.397885	-1.075748	-28.009164	0.737253	-1.687345	-27.522281	1.228588	-0.966057	-28.104392	-0.041394	-2.043544	-27.523796	1.238320	-0.966512	-28.118615	-0.035610	-2.061057	-27.518450	1.283106	-0.916056	-28.061332	-0.060524	-2.048439	-28.153397	0.971707	-1.086861	-28.142204	0.988286	-1.101058	-27.846506	0.952807	-1.248361	-27.861588	0.974574	-1.324897	-28.194419	0.434967	-1.101543	-27.877977	0.468885	-1.256088	-28.155634	-0.019497	-1.017857	-28.179472	-0.058872	-1.108787	-27.828714	-0.054708	-1.266778	-27.878540	-0.052581	-1.275837
1167	16.199756	00:00:16:15	-28.014748	1.663512	-1.227827	-27.926393	1.644370	-1.123134	-28.009842	1.651218	-1.115614	-28.036530	1.527570	-1.176903	-27.982023	1.556607	-1.151853	-28.116023	1.526433	-1.151255	-27.897979	1.572431	-1.292524	-27.826374	1.411585	-1.034181	-27.993709	0.753235	-1.692375	-27.561590	1.262607	-0.955448	-28.102812	-0.046215	-2.070742	-27.541842	1.243113	-0.978062	-28.086656	-0.061852	-2.059932	-27.525770	1.248296	-0.935879	-28.078164	-0.051441	-2.044465	-28.156365	0.940102	-1.088321	-28.182149	1.001183	-1.135860	-27.833024	0.982616	-1.296787	-27.868289	0.970299	-1.292909	-28.175223	0.450214	-1.079582	-27.829352	0.459873	-1.296598	-28.160611	-0.050323	-1.079365	-28.203595	-0.048139	-1.086094	-27.805656	-0.081555	-1.242960	-27.873942	-0.084776	-1.277084
1168	16.213650	00:00:16:16	-28.040012	1.681345	-1.238284	-27.869413	1.665043	-1.168386	-28.008024	1.653442	-1.115783	-28.007143	1.527671	-1.229455	-27.974678	1.537817	-1.209191	-28.137883	1.588759	-1.156519	-27.894392	1.549315	-1.294100	-27.799043	1.412175	-1.016237	-27.997028	0.749622	-1.680279	-27.559201	1.212089	-0.978343	-28.058373	-0.066112	-2.033533	-27.514569	1.230209	-0.970652	-28.087994	-0.038396	-2.027959	-27.512765	1.276159	-0.952569	-28.090942	-0.059101	-2.044069	-28.129878	0.983525	-1.062448	-28.173334	0.972831	-1.149738	-27.828430	0.977472	-1.277929	-27.891214	0.979029	-1.340926	-28.178604	0.474773	-1.090309	-27.875529	0.466093	-1.301522	-28.167496	-0.053609	-1.066610	-28.192515	-0.036122	-1.103491	-27.833889	-0.078618	-1.239650	-27.888165	-0.049832	-1.325523
1169	16.227543	00:00:16:17	-28.047978	1.682885	-1.237009	-27.952211	1.681255	-1.188553	-28.012383	1.629660	-1.101266	-28.055634	1.571337	-1.228057	-28.003537	1.536254	-1.181625	-28.156989	1.522689	-1.122229	-27.921331	1.592770	-1.275349	-27.843816	1.388886	-1.048878	-27.997534	0.768252	-1.671364	-27.516545	1.246623	-0.961035	-28.117692	-0.035486	-2.047931	-27.540276	1.221420	-0.966364	-28.098398	-0.033874	-2.068646	-27.517713	1.198502	-0.966453	-28.086805	-0.055984	-2.045307	-28.126573	0.971548	-1.087989	-28.195752	0.978766	-1.157504	-27.855028	0.941030	-1.274669	-27.889823	0.993424	-1.333404	-28.193027	0.441109	-1.091781	-27.855349	0.467431	-1.285179	-28.148845	-0.062007	-1.057858	-28.197145	-0.058875	-1.098281	-27.843151	-0.055082	-1.246892	-27.889075	-0.070000	-1.291900
1170	16.241437	00:00:16:18	-28.032908	1.641821	-1.219410	-27.933006	1.627836	-1.173611	-28.007816	1.650583	-1.139224	-28.017566	1.533276	-1.219285	-27.997384	1.546466	-1.151382	-28.141827	1.573522	-1.128970	-27.872461	1.571396	-1.278038	-27.866163	1.387359	-1.043596	-27.979186	0.725460	-1.668722	-27.509642	1.246263	-0.986882	-28.098098	-0.051417	-2.026918	-27.516361	1.262160	-1.012236	-28.114684	-0.021195	-2.072873	-27.524381	1.247550	-0.983091	-28.089847	-0.001656	-2.058791	-28.179662	0.970063	-1.092982	-28.139485	0.969824	-1.117130	-27.867705	0.978283	-1.255004	-27.874466	1.012975	-1.300494	-28.159672	0.446420	-1.067655	-27.849454	0.449768	-1.269278	-28.164009	-0.059843	-1.049079	-28.205851	-0.062846	-1.091405	-27.854839	-0.084681	-1.241935	-27.873733	-0.073515	-1.295410
1171	16.255330	00:00:16:19	-28.044061	1.658595	-1.220907	-27.920641	1.629634	-1.155564	-28.049126	1.633523	-1.107110	-27.997894	1.554803	-1.205531	-28.002086	1.563316	-1.164285	-28.188866	1.543298	-1.148051	-27.902321	1.579545	-1.287019	-27.847766	1.365312	-1.066505	-28.012268	0.766996	-1.676373	-27.514977	1.229056	-0.965983	-28.087917	-0.050182	-2.057175	-27.504329	1.268459	-0.974289	-28.096799	-0.027141	-2.057022	-27.524004	1.267252	-0.962630	-28.100711	-0.012246	-2.087675	-28.137121	0.973112	-1.086788	-28.192830	0.959826	-1.136750	-27.861984	0.931747	-1.253314	-27.872607	0.967285	-1.346230	-28.154703	0.451088	-1.111447	-27.879580	0.477266	-1.263991	-28.133769	-0.032868	-1.065911	-28.225129	-0.069790	-1.110473	-27.861605	-0.063709	-1.236868	-27.867335	-0.024671	-1.304408
1172	16.269223	00:00:16:20	-28.008091	1.660906	-1.239338	-27.899653	1.646325	-1.155651	-28.040881	1.636253	-1.091219	-28.035483	1.568455	-1.205538	-28.012924	1.538040	-1.185378	-28.130307	1.516026	-1.146399	-27.896350	1.535838	-1.277323	-27.837998	1.403564	-1.038352	-28.010355	0.770856	-1.661426	-27.533628	1.202350	-0.968095	-28.074892	-0.058745	-2.077481	-27.533012	1.241503	-0.993883	-28.066416	-0.027871	-2.041155	-27.504829	1.246823	-0.969514	-28.085035	-0.056549	-2.027005	-28.155102	0.956248	-1.076033	-28.174878	0.950062	-1.130079	-27.847807	0.956811	-1.275812	-27.878330	0.982893	-1.290089	-28.154174	0.467964	-1.098379	-27.880813	0.451864	-1.274577	-28.159319	-0.055147	-1.047414	-28.195466	-0.063981	-1.101032	-27.824752	-0.065518	-1.214904	-27.889156	-0.049689	-1.319786
1173	16.283117	00:00:16:21	-28.008295	1.681045	-1.214833	-27.908080	1.618427	-1.155208	-28.024980	1.642183	-1.109739	-28.027567	1.573382	-1.214108	-27.968865	1.548398	-1.194402	-28.165708	1.548843	-1.150284	-27.908451	1.526681	-1.258298	-27.838195	1.415898	-1.037762	-28.001959	0.773152	-1.660983	-27.546500	1.242189	-0.950353	-28.075605	-0.045488	-2.063869	-27.517423	1.244757	-0.979094	-28.100340	-0.062718	-2.075121	-27.520516	1.246675	-0.955697	-28.074859	-0.000786	-2.062650	-28.167935	0.949799	-1.070745	-28.154430	0.973808	-1.115861	-27.848567	0.977201	-1.282981	-27.880372	0.972587	-1.301571	-28.151738	0.461198	-1.099995	-27.881122	0.473786	-1.249367	-28.180040	-0.072410	-1.056138	-28.170176	-0.037744	-1.116138	-27.855228	-0.080375	-1.254184	-27.899443	-0.057868	-1.316298
1174	16.297010	00:00:16:22	-28.012534	1.706654	-1.216640	-27.912225	1.613130	-1.172059	-28.024244	1.660788	-1.101529	-28.026023	1.555822	-1.239775	-28.024523	1.548465	-1.161753	-28.155052	1.530166	-1.128958	-27.877770	1.544627	-1.305792	-27.824172	1.404529	-1.060338	-28.013253	0.740419	-1.689254	-27.511572	1.228527	-0.989486	-28.075527	-0.035646	-2.063382	-27.511420	1.249054	-0.972197	-28.065801	-0.061325	-2.054886	-27.519520	1.231231	-0.968565	-28.097748	-0.044265	-2.011232	-28.162790	0.970761	-1.086758	-28.204938	1.009077	-1.111067	-27.820665	0.956319	-1.262438	-27.848458	0.974348	-1.332920	-28.160988	0.458140	-1.100875	-27.845121	0.435518	-1.304608	-28.154871	-0.070921	-1.057087	-28.155974	-0.059607	-1.124810	-27.839609	-0.040726	-1.260293	-27.868184	-0.060392	-1.321067
1175	16.310904	00:00:16:23	-28.041085	1.666263	-1.217063	-27.931104	1.627184	-1.144647	-28.026903	1.633415	-1.066315	-28.025096	1.538188	-1.225690	-28.002289	1.557925	-1.198115	-28.173827	1.512506	-1.156610	-27.909980	1.527153	-1.300317	-27.847117	1.406060	-1.054473	-27.988883	0.751986	-1.666469	-27.505858	1.229131	-0.977063	-28.104198	-0.066227	-2.047756	-27.519053	1.253241	-0.982675	-28.082671	-0.019732	-2.039195	-27.533467	1.255231	-0.997798	-28.078372	-0.040217	-2.104569	-28.151279	0.950684	-1.054550	-28.208122	0.974742	-1.126615	-27.841996	0.951181	-1.294065	-27.857778	0.963463	-1.314108	-28.148196	0.449520	-1.068944	-27.839272	0.442965	-1.267945	-28.179821	-0.062116	-1.037000	-28.211045	-0.073710	-1.114128	-27.831159	-0.061891	-1.233454	-27.869397	-0.006148	-1.329312
1176	16.324797	00:00:16:24	-28.029044	1.685353	-1.238213	-27.917475	1.657078	-1.164137	-28.017194	1.652077	-1.103831	-28.048217	1.543558	-1.225904	-28.004275	1.508040	-1.182852	-28.128388	1.532164	-1.146759	-27.880570	1.576900	-1.300255	-27.848145	1.415498	-1.046266	-28.006081	0.763648	-1.676978	-27.543980	1.254661	-1.002428	-28.091460	-0.048886	-2.044268	-27.518265	1.269472	-1.007834	-28.080419	-0.057217	-2.041800	-27.526444	1.258211	-0.975862	-28.109025	-0.030783	-2.084739	-28.159676	0.987917	-1.083231	-28.178385	0.994532	-1.110320	-27.852433	0.960718	-1.265205	-27.871897	0.963929	-1.292596	-28.152034	0.445464	-1.080721	-27.853958	0.482030	-1.239193	-28.157804	-0.067171	-1.074104	-28.182303	-0.053381	-1.112377	-27.846644	-0.063377	-1.233136	-27.879547	-0.059842	-1.298177
1177	16.338691	00:00:16:25	-28.024854	1.666255	-1.228863	-27.911076	1.631728	-1.178810	-28.030378	1.654998	-1.122473	-28.031627	1.528672	-1.222032	-28.007205	1.557432	-1.187597	-28.137691	1.561534	-1.115296	-27.903468	1.549332	-1.278606	-27.834308	1.398646	-1.073648	-27.979214	0.762985	-1.695999	-27.510568	1.257506	-0.985574	-28.106981	-0.074971	-2.062396	-27.539322	1.231695	-0.974857	-28.076429	-0.055121	-2.056989	-27.532494	1.226062	-0.953690	-28.081768	-0.001855	-2.051290	-28.131489	0.975961	-1.110137	-28.184820	0.987092	-1.139029	-27.853364	0.950618	-1.246768	-27.871402	0.968670	-1.319902	-28.200165	0.465642	-1.091769	-27.826928	0.438312	-1.291288	-28.156159	-0.073588	-1.088857	-28.216180	-0.036821	-1.126813	-27.832594	-0.051167	-1.245673	-27.864556	-0.025689	-1.290885
1178	16.352584	00:00:16:26	-28.079196	1.680035	-1.235957	-27.945609	1.649255	-1.139983	-28.047089	1.627877	-1.112017	-28.017971	1.549940	-1.186306	-27.993830	1.505668	-1.181087	-28.182888	1.546038	-1.152150	-27.912357	1.516739	-1.261745	-27.840940	1.422434	-1.066707	-27.983019	0.745324	-1.673978	-27.523968	1.250312	-0.978756	-28.086285	-0.022255	-2.067039	-27.531220	1.251409	-0.980422	-28.085118	-0.013341	-2.059019	-27.529415	1.201905	-0.998439	-28.079048	-0.064156	-2.066830	-28.168175	0.972017	-1.120057	-28.170838	0.994300	-1.118694	-27.848777	0.973609	-1.294186	-27.884691	0.972901	-1.300820	-28.137217	0.442858	-1.090989	-27.872015	0.444531	-1.327722	-28.174886	-0.082103	-1.038599	-28.168259	-0.048437	-1.103700	-27.861605	-0.079774	-1.244637	-27.898603	-0.052397	-1.298998
1179	16.366478	00:00:16:27	-28.035397	1.689763	-1.205407	-27.928634	1.668285	-1.166294	-28.017735	1.641929	-1.096221	-28.036913	1.577844	-1.203426	-28.022509	1.526032	-1.200851	-28.140232	1.515576	-1.128665	-27.893876	1.569693	-1.280759	-27.843522	1.366720	-1.053010	-27.999571	0.764282	-1.688092	-27.544990	1.248237	-1.008334	-28.083858	-0.055652	-2.076905	-27.525328	1.275058	-0.968463	-28.095783	-0.034000	-2.076077	-27.506759	1.231744	-0.944556	-28.100855	-0.049240	-2.055542	-28.171994	0.944879	-1.089690	-28.178253	0.969632	-1.127221	-27.871819	0.954573	-1.273174	-27.915317	0.966979	-1.328392	-28.143500	0.427625	-1.109593	-27.832955	0.443272	-1.301742	-28.127549	-0.034222	-1.019598	-28.201075	-0.046719	-1.116651	-27.835707	-0.061423	-1.230300	-27.896307	-0.050991	-1.306342
1180	16.380371	00:00:16:28	-28.027893	1.659792	-1.259197	-27.938697	1.655010	-1.175517	-28.048852	1.644855	-1.121529	-28.042719	1.567638	-1.254137	-28.004469	1.542218	-1.186476	-28.147322	1.563033	-1.132984	-27.916802	1.575020	-1.327789	-27.842515	1.394066	-1.083904	-27.983157	0.758952	-1.660509	-27.559800	1.235192	-0.980836	-28.089911	-0.043928	-2.097936	-27.510106	1.259229	-0.993142	-28.080386	-0.046199	-2.046240	-27.530336	1.231991	-0.965413	-28.071814	-0.058594	-2.049623	-28.159381	0.970852	-1.082959	-28.180214	0.951276	-1.126281	-27.854572	0.963623	-1.278038	-27.851494	0.939439	-1.308934	-28.126777	0.476007	-1.085006	-27.838327	0.447856	-1.282170	-28.174221	-0.071049	-1.057295	-28.187305	-0.062378	-1.098203	-27.848874	-0.076902	-1.260628	-27.864836	-0.054498	-1.268480
1181	16.394264	00:00:16:29	-28.060668	1.659413	-1.243029	-27.934622	1.647809	-1.171830	-28.012036	1.640580	-1.129853	-28.028772	1.547774	-1.211968	-27.972992	1.560223	-1.174616	-28.137215	1.562300	-1.162120	-27.893814	1.541409	-1.312131	-27.825190	1.405181	-1.060372	-28.012784	0.743473	-1.684699	-27.514456	1.227792	-0.988378	-28.090492	-0.062591	-2.033023	-27.517762	1.246349	-0.952721	-28.084081	-0.036065	-2.077754	-27.575559	1.258957	-0.959095	-28.143681	-0.026110	-2.063735	-28.129204	0.971444	-1.099266	-28.186613	0.987374	-1.140771	-27.834346	0.952386	-1.309866	-27.865200	0.994721	-1.315483	-28.186829	0.461468	-1.102928	-27.850436	0.458340	-1.287876	-28.178775	-0.044351	-1.064822	-28.192738	-0.049861	-1.080006	-27.868899	-0.067783	-1.235820	-27.840103	-0.072375	-1.252231
1182	16.408158	00:00:16:30	-28.043700	1.655930	-1.213831	-27.916660	1.636233	-1.155074	-28.029108	1.636079	-1.094788	-28.027899	1.541399	-1.212836	-27.986382	1.565864	-1.175141	-28.155244	1.547380	-1.146455	-27.879577	1.532289	-1.265459	-27.851970	1.388711	-1.048806	-28.016602	0.747332	-1.653716	-27.516917	1.199978	-0.955674	-28.120257	-0.063260	-2.052242	-27.554138	1.246124	-0.934725	-28.125836	-0.018278	-2.047611	-27.546077	1.246254	-0.975477	-28.119851	-0.068763	-2.047247	-28.129067	0.956906	-1.107038	-28.167453	0.970376	-1.127777	-27.837412	0.946216	-1.264862	-27.840311	0.984044	-1.346552	-28.185988	0.453073	-1.109116	-27.839649	0.428971	-1.281595	-28.161203	-0.057137	-1.066992	-28.184010	-0.053484	-1.130831	-27.843383	-0.049506	-1.227943	-27.895148	-0.051545	-1.279184
1183	16.422051	00:00:16:31	-28.012699	1.677310	-1.237782	-27.937633	1.652049	-1.141835	-28.002909	1.630838	-1.119441	-28.015749	1.541955	-1.228161	-28.036941	1.540516	-1.167666	-28.138404	1.556407	-1.149004	-27.896847	1.530931	-1.275369	-27.802498	1.372935	-1.101028	-27.961424	0.744174	-1.675429	-27.545321	1.233651	-0.982453	-28.099611	-0.069732	-2.052507	-27.531371	1.250532	-0.985489	-28.089650	-0.013260	-2.050513	-27.546127	1.234974	-0.994360	-28.094628	-0.020260	-2.065176	-28.158256	0.971318	-1.110350	-28.192072	0.975728	-1.120333	-27.860534	0.992736	-1.270616	-27.887496	0.946220	-1.314561	-28.177487	0.441610	-1.074408	-27.867639	0.460810	-1.263375	-28.113399	-0.047042	-1.063558	-28.173686	-0.063554	-1.125615	-27.851776	-0.090617	-1.248476	-27.902981	-0.012553	-1.294627
1184	16.435945	00:00:16:32	-28.021585	1.652546	-1.216552	-27.910758	1.651149	-1.163462	-28.025920	1.647793	-1.090238	-28.053761	1.563465	-1.208297	-27.989658	1.553888	-1.164401	-28.185125	1.575334	-1.119235	-27.882184	1.561775	-1.266047	-27.831122	1.391781	-1.067618	-28.006472	0.768373	-1.686063	-27.549331	1.230794	-0.994970	-28.097519	-0.058618	-2.065548	-27.509838	1.220215	-0.955031	-28.071865	-0.029418	-2.052111	-27.523965	1.239207	-0.981121	-28.085473	-0.033347	-2.035016	-28.185692	0.929863	-1.064270	-28.179828	0.991705	-1.121085	-27.845927	0.949488	-1.267809	-27.881537	0.941264	-1.332421	-28.174412	0.473694	-1.109882	-27.856056	0.465667	-1.269961	-28.129709	-0.045314	-1.044128	-28.163149	-0.043686	-1.148104	-27.859730	-0.064397	-1.243531	-27.884658	-0.049244	-1.313365
1185	16.449838	00:00:16:33	-28.031073	1.660317	-1.215930	-27.934509	1.638414	-1.161585	-28.052414	1.652253	-1.100263	-28.000753	1.530478	-1.208373	-27.976964	1.555110	-1.190787	-28.169928	1.571095	-1.142233	-27.908253	1.547216	-1.282727	-27.856217	1.403377	-1.032281	-27.974053	0.716828	-1.683387	-27.535353	1.231878	-0.972554	-28.095377	-0.076491	-2.039686	-27.546998	1.227388	-0.950720	-28.087139	-0.051190	-2.104462	-27.552616	1.250590	-0.948147	-28.068472	-0.036440	-2.041795	-28.160258	0.963403	-1.074825	-28.164254	1.004743	-1.115638	-27.876393	0.953872	-1.270985	-27.895720	0.973811	-1.311613	-28.184522	0.456142	-1.097265	-27.892440	0.458183	-1.268914	-28.133403	-0.036434	-1.052610	-28.186251	-0.048684	-1.106705	-27.855153	-0.061295	-1.230394	-27.854521	-0.039224	-1.264467
1186	16.463732	00:00:16:34	-28.007006	1.696516	-1.240924	-27.903426	1.677616	-1.166205	-28.024704	1.621134	-1.085793	-28.043616	1.521236	-1.214404	-27.996865	1.530099	-1.208096	-28.147554	1.564158	-1.134254	-27.883823	1.530726	-1.289263	-27.859481	1.382338	-1.079856	-28.010626	0.756150	-1.694626	-27.506235	1.225718	-0.964100	-28.095880	-0.025334	-2.077886	-27.489490	1.261329	-0.952869	-28.090786	-0.060266	-2.099552	-27.516241	1.218273	-0.985933	-28.107909	-0.090789	-2.044817	-28.167450	0.930663	-1.092867	-28.172687	0.968190	-1.140230	-27.828227	0.943768	-1.273131	-27.866831	1.004505	-1.329650	-28.162360	0.464248	-1.105538	-27.882217	0.417654	-1.282371	-28.133045	-0.072094	-1.070264	-28.167366	-0.047626	-1.114793	-27.873456	-0.049919	-1.255779	-27.859979	-0.052086	-1.282837
1187	16.477625	00:00:16:35	-28.070953	1.649726	-1.254340	-27.928435	1.635989	-1.176211	-28.016644	1.634563	-1.076788	-28.014087	1.574554	-1.208330	-28.031212	1.516961	-1.179937	-28.126353	1.583995	-1.177523	-27.890853	1.543075	-1.287596	-27.849498	1.382144	-1.038046	-28.007947	0.743983	-1.696168	-27.517564	1.242909	-0.967012	-28.086812	-0.033590	-2.068969	-27.542164	1.246886	-0.980574	-28.110121	-0.049240	-2.057575	-27.541401	1.243898	-0.982990	-28.094091	-0.045462	-2.060600	-28.150371	0.978908	-1.101807	-28.152291	1.008150	-1.142734	-27.859935	0.939981	-1.287883	-27.852961	0.977414	-1.320417	-28.148178	0.452749	-1.117155	-27.829276	0.478757	-1.267678	-28.143304	-0.042816	-1.058321	-28.196888	-0.083880	-1.120269	-27.851217	-0.069861	-1.245662	-27.902358	-0.045018	-1.278358
1188	16.491519	00:00:16:36	-28.031666	1.656363	-1.227412	-27.922502	1.677920	-1.138327	-28.030278	1.652977	-1.107173	-28.040618	1.536402	-1.226705	-27.975712	1.544698	-1.137770	-28.148672	1.601722	-1.147131	-27.887653	1.543421	-1.306226	-27.828137	1.389708	-1.061676	-27.996935	0.725375	-1.676885	-27.563541	1.248286	-1.005304	-28.079823	-0.025798	-2.041759	-27.548037	1.224705	-1.019099	-28.079574	-0.041401	-2.058367	-27.528368	1.248707	-0.975033	-28.103822	-0.044897	-2.094931	-28.117286	0.979381	-1.085638	-28.183825	0.998087	-1.121064	-27.842165	0.989015	-1.263657	-27.889654	0.984276	-1.335705	-28.167227	0.492941	-1.104598	-27.840057	0.452513	-1.280817	-28.153110	-0.066337	-1.048938	-28.168751	-0.033670	-1.091030	-27.862319	-0.065340	-1.254416	-27.882805	-0.036425	-1.289741
1189	16.505412	00:00:16:37	-28.031811	1.722894	-1.220591	-27.938015	1.619629	-1.153406	-28.005816	1.633576	-1.096862	-28.046213	1.593463	-1.194683	-28.019499	1.537888	-1.182568	-28.146578	1.563040	-1.163577	-27.882639	1.577803	-1.325651	-27.835531	1.373540	-1.078156	-27.989116	0.751070	-1.672504	-27.529622	1.237135	-0.992739	-28.109419	-0.055590	-2.060831	-27.520961	1.263607	-0.980892	-28.099169	-0.041476	-2.072911	-27.504888	1.233004	-1.005012	-28.097018	-0.072913	-2.085575	-28.159722	0.961288	-1.058457	-28.183606	0.962786	-1.138919	-27.857218	0.966738	-1.259399	-27.836692	0.997224	-1.311397	-28.168663	0.478279	-1.091457	-27.882744	0.458761	-1.277972	-28.173399	-0.072334	-1.041196	-28.200286	-0.057390	-1.124853	-27.834572	-0.045544	-1.249180	-27.903086	-0.045181	-1.290609
1190	16.519305	00:00:16:38	-28.053527	1.665558	-1.200804	-27.907250	1.648509	-1.159331	-28.019780	1.658524	-1.086657	-28.048139	1.557703	-1.219453	-27.996215	1.534749	-1.187027	-28.154075	1.532975	-1.127850	-27.888306	1.531966	-1.279885	-27.854752	1.382798	-1.065523	-28.001453	0.735299	-1.688374	-27.512268	1.211948	-0.965032	-28.098839	-0.023521	-2.051258	-27.516033	1.268823	-0.937297	-28.083412	-0.059852	-2.087258	-27.521862	1.210241	-0.977588	-28.107182	-0.061245	-2.099789	-28.167338	0.982863	-1.108066	-28.171047	0.993291	-1.099288	-27.851419	0.973587	-1.277346	-27.901389	0.969908	-1.342835	-28.168903	0.464745	-1.116475	-27.861677	0.431729	-1.287828	-28.166431	-0.023219	-1.078901	-28.183071	-0.064405	-1.078477	-27.831782	-0.071562	-1.224150	-27.870997	-0.030923	-1.276170
1191	16.533199	00:00:16:39	-28.010053	1.617969	-1.243539	-27.896446	1.657458	-1.159214	-27.978127	1.616713	-1.088149	-28.011963	1.541417	-1.207761	-28.028619	1.562897	-1.197862	-28.167963	1.582308	-1.167224	-27.899164	1.587324	-1.312735	-27.876022	1.404512	-1.051024	-27.986547	0.750810	-1.666665	-27.536429	1.250444	-0.982504	-28.083920	-0.061009	-2.076677	-27.523364	1.196537	-0.978481	-28.093707	-0.052208	-2.051734	-27.536681	1.215621	-0.979634	-28.088358	-0.043481	-2.090080	-28.141520	0.923685	-1.079942	-28.177250	0.965557	-1.128245	-27.838349	0.967979	-1.256433	-27.903181	0.955049	-1.322470	-28.188364	0.473238	-1.086016	-27.848632	0.443461	-1.296821	-28.142230	-0.048284	-1.032244	-28.175128	-0.051711	-1.096779	-27.839744	-0.079936	-1.250612	-27.849858	-0.044999	-1.285032
1192	16.547092	00:00:16:40	-28.013170	1.667069	-1.207710	-27.920510	1.621656	-1.148578	-28.035605	1.661320	-1.089098	-28.019411	1.537496	-1.200006	-28.034114	1.522155	-1.192182	-28.144206	1.534083	-1.110650	-27.891725	1.540667	-1.294617	-27.847482	1.417808	-1.055081	-27.983938	0.745691	-1.643482	-27.508464	1.250871	-0.979304	-28.077729	-0.060377	-2.083297	-27.532001	1.208922	-0.967469	-28.116171	-0.044460	-2.053716	-27.521485	1.213578	-0.974062	-28.100590	-0.041380	-2.075256	-28.159628	0.967285	-1.076643	-28.188506	0.999825	-1.150900	-27.815946	0.975247	-1.260045	-27.883882	0.961196	-1.331895	-28.149174	0.446489	-1.101840	-27.823440	0.468939	-1.297870	-28.158443	-0.053204	-1.053768	-28.178204	-0.051946	-1.099845	-27.819088	-0.045661	-1.234864	-27.855105	-0.041211	-1.309921
1193	16.560986	00:00:16:41	-28.015171	1.675501	-1.237566	-27.940926	1.643373	-1.163366	-28.037720	1.637090	-1.125269	-28.055740	1.552957	-1.225879	-28.024501	1.559185	-1.166738	-28.151552	1.558391	-1.127595	-27.879987	1.570144	-1.302437	-27.849993	1.397921	-1.048796	-28.026914	0.774849	-1.660325	-27.543579	1.218637	-0.970464	-28.101784	-0.054271	-2.046480	-27.525176	1.246938	-0.988765	-28.104107	-0.064068	-2.045502	-27.567973	1.244649	-0.937184	-28.125858	-0.063945	-2.087532	-28.146867	0.940441	-1.079495	-28.202675	0.970658	-1.145066	-27.867841	0.971234	-1.254872	-27.858847	0.968275	-1.339423	-28.155105	0.435479	-1.109722	-27.859385	0.463734	-1.274453	-28.158506	-0.028162	-1.053218	-28.162822	-0.051890	-1.079389	-27.845188	-0.049552	-1.246105	-27.891267	-0.072129	-1.289362
1194	16.574879	00:00:16:42	-28.004893	1.672631	-1.230089	-27.915281	1.661644	-1.178656	-28.021732	1.656836	-1.122872	-28.029047	1.564276	-1.217832	-27.995155	1.555121	-1.164070	-28.134773	1.557158	-1.142297	-27.885324	1.520100	-1.280545	-27.845968	1.401163	-1.044592	-27.993109	0.761205	-1.665666	-27.509873	1.227444	-0.980813	-28.101036	-0.035229	-2.067527	-27.533076	1.235924	-0.980236	-28.079959	-0.058615	-2.053559	-27.536725	1.252723	-0.985707	-28.095702	-0.028936	-2.058407	-28.178062	0.968422	-1.056290	-28.206376	0.956834	-1.131737	-27.849175	0.991927	-1.294392	-27.865308	0.938111	-1.330293	-28.158716	0.424698	-1.101335	-27.890898	0.469971	-1.303644	-28.129057	-0.052165	-1.047779	-28.194883	-0.046787	-1.115727	-27.870221	-0.049600	-1.257713	-27.898171	-0.032945	-1.286928
1195	16.588773	00:00:16:43	-28.010794	1.697448	-1.213423	-27.912003	1.637420	-1.127876	-28.026791	1.627529	-1.116213	-28.028304	1.551287	-1.211891	-28.005101	1.544543	-1.170500	-28.148825	1.538768	-1.144868	-27.891885	1.599034	-1.277689	-27.868912	1.373867	-1.068256	-27.954089	0.750666	-1.666578	-27.526643	1.224301	-0.994882	-28.097096	-0.048395	-2.025957	-27.528706	1.262981	-0.938110	-28.069433	-0.047748	-2.080222	-27.520905	1.237348	-0.976956	-28.103865	-0.056927	-2.067993	-28.143250	0.947043	-1.081539	-28.185746	0.984246	-1.089749	-27.871838	0.986351	-1.268755	-27.898426	0.981641	-1.349243	-28.144429	0.455923	-1.093140	-27.819877	0.455116	-1.271544	-28.146974	-0.049917	-1.097377	-28.175026	-0.061015	-1.123661	-27.833494	-0.098609	-1.287410	-27.879542	-0.036466	-1.282855
1196	16.602666	00:00:16:44	-28.036530	1.640727	-1.222695	-27.920317	1.644257	-1.138077	-28.029824	1.635251	-1.100291	-28.020332	1.553610	-1.242672	-27.998200	1.530654	-1.202955	-28.147077	1.561051	-1.122360	-27.896810	1.550090	-1.282822	-27.842192	1.398534	-1.077185	-28.017388	0.772749	-1.697766	-27.555168	1.218522	-0.977447	-28.095470	-0.043519	-2.036248	-27.520052	1.227595	-0.974640	-28.099252	-0.055043	-2.082623	-27.530731	1.277741	-0.964984	-28.083049	-0.068505	-2.035391	-28.165610	0.961257	-1.081601	-28.179219	0.971214	-1.118131	-27.868780	0.961674	-1.272129	-27.860885	0.965448	-1.326858	-28.156775	0.449582	-1.105811	-27.836949	0.451155	-1.285601	-28.138673	-0.060250	-1.055473	-28.193304	-0.089535	-1.099563	-27.856671	-0.047966	-1.221988	-27.892963	-0.071710	-1.263045
1197	16.616560	00:00:16:45	-28.021838	1.661344	-1.201175	-27.940724	1.647772	-1.176011	-28.017399	1.618650	-1.077435	-28.001861	1.543579	-1.202845	-27.972839	1.565220	-1.203202	-28.138333	1.565996	-1.145613	-27.926348	1.565335	-1.298532	-27.846010	1.391728	-1.039689	-28.001157	0.736028	-1.707125	-27.522415	1.240506	-1.016380	-28.089327	-0.031733	-2.042311	-27.543512	1.237087	-0.992726	-28.094140	-0.015932	-2.073267	-27.531846	1.216018	-0.981642	-28.075578	-0.076540	-2.076921	-28.145706	0.959248	-1.080861	-28.181395	0.990762	-1.129674	-27.849607	0.988194	-1.283803	-27.874853	0.974728	-1.314372	-28.163519	0.471613	-1.090076	-27.838478	0.460989	-1.280760	-28.156963	-0.102011	-1.098436	-28.215426	-0.057799	-1.098792	-27.811445	-0.046474	-1.224001	-27.884161	-0.051570	-1.310083
1198	16.630453	00:00:16:46	-28.043583	1.635502	-1.207542	-27.888651	1.595222	-1.143103	-28.006925	1.617821	-1.078971	-28.011407	1.575759	-1.233008	-27.995501	1.546002	-1.187448	-28.160973	1.532827	-1.132413	-27.902225	1.537149	-1.288412	-27.842138	1.370937	-1.041551	-27.976592	0.744319	-1.676630	-27.519624	1.228421	-0.977717	-28.080179	-0.041858	-2.057770	-27.560175	1.238860	-0.997417	-28.126192	-0.040326	-2.077427	-27.514261	1.223322	-0.988806	-28.084763	-0.036081	-2.083414	-28.172196	0.976082	-1.099288	-28.182829	0.982536	-1.155712	-27.828053	0.959391	-1.284732	-27.864670	0.969912	-1.289877	-28.129662	0.450880	-1.120772	-27.876261	0.439569	-1.265958	-28.151105	-0.078367	-1.052944	-28.167838	-0.040985	-1.098607	-27.864432	-0.084323	-1.242234	-27.894417	-0.037586	-1.293257
1199	16.644346	00:00:16:47	-28.041194	1.640904	-1.242866	-27.873916	1.637103	-1.150876	-28.016622	1.645037	-1.117539	-28.031154	1.557792	-1.193800	-28.004380	1.561201	-1.186963	-28.140679	1.586833	-1.131107	-27.896065	1.538413	-1.290444	-27.852958	1.411086	-1.081595	-27.991837	0.729580	-1.657273	-27.535580	1.233157	-0.979299	-28.089863	-0.049932	-2.079963	-27.551371	1.237359	-0.976980	-28.081849	-0.065635	-2.040697	-27.552701	1.197311	-0.988628	-28.073457	-0.060875	-2.083609	-28.129713	0.971548	-1.089503	-28.210551	0.976944	-1.140455	-27.870051	0.972074	-1.278686	-27.888312	0.986575	-1.317362	-28.155939	0.481536	-1.113841	-27.860869	0.478972	-1.286095	-28.134748	-0.080239	-1.083474	-28.182596	-0.039037	-1.098872	-27.857597	-0.064390	-1.280068	-27.870036	-0.076194	-1.280188
1200	16.658240	00:00:16:48	-28.056352	1.683570	-1.236667	-27.938578	1.640228	-1.170132	-28.081119	1.621231	-1.098447	-28.030582	1.513996	-1.220674	-27.991182	1.552636	-1.208602	-28.161847	1.509876	-1.163436	-27.896279	1.506772	-1.289272	-27.889336	1.400059	-1.043281	-28.009303	0.777693	-1.662892	-27.535586	1.204761	-1.019342	-28.108737	-0.024845	-2.096206	-27.518735	1.208565	-0.979176	-28.081574	-0.065875	-2.078477	-27.536607	1.201981	-0.973061	-28.103507	-0.021070	-2.079013	-28.174899	0.962671	-1.081534	-28.177872	0.977965	-1.126025	-27.846006	0.970384	-1.255963	-27.868669	0.988131	-1.364096	-28.162363	0.453951	-1.100161	-27.843092	0.458226	-1.265758	-28.152076	-0.067295	-1.032567	-28.191231	-0.045892	-1.114912	-27.853571	-0.072154	-1.247476	-27.872221	-0.054564	-1.307308
1201	16.672133	00:00:16:49	-28.038808	1.671295	-1.218200	-27.911396	1.611502	-1.178485	-28.039597	1.655645	-1.096554	-28.001496	1.533133	-1.218886	-28.018604	1.535784	-1.177132	-28.156272	1.566364	-1.112859	-27.916334	1.528573	-1.307307	-27.856074	1.374552	-1.082534	-28.023724	0.746511	-1.670038	-27.524409	1.279144	-1.012877	-28.076707	-0.018223	-2.046596	-27.545614	1.219541	-0.983980	-28.077856	-0.034117	-2.091191	-27.527821	1.215834	-0.970029	-28.080861	-0.051692	-2.042823	-28.156581	0.933618	-1.091989	-28.188230	0.994441	-1.138579	-27.894106	0.944060	-1.249280	-27.876425	0.971217	-1.330216	-28.163501	0.427604	-1.091475	-27.847505	0.451467	-1.282165	-28.151409	-0.056766	-1.058108	-28.178499	-0.054938	-1.124726	-27.863292	-0.054742	-1.258276	-27.849675	-0.028421	-1.308376
1202	16.686027	00:00:16:50	-28.002758	1.680258	-1.237006	-27.903421	1.628079	-1.144970	-28.043226	1.661165	-1.087136	-28.018603	1.562463	-1.228045	-28.012858	1.522483	-1.190010	-28.165966	1.562532	-1.141171	-27.870646	1.521571	-1.294850	-27.832069	1.358272	-1.029591	-27.997629	0.750828	-1.672359	-27.499577	1.239392	-0.980913	-28.078408	-0.073443	-2.044164	-27.544598	1.239456	-0.958932	-28.110950	-0.044776	-2.092489	-27.537180	1.207346	-0.953102	-28.136775	-0.068069	-2.046661	-28.178082	0.991700	-1.083864	-28.182342	0.976240	-1.120449	-27.863009	0.951869	-1.263212	-27.892434	0.983403	-1.294636	-28.173483	0.451279	-1.103436	-27.895586	0.506572	-1.290754	-28.178998	-0.081652	-1.039554	-28.212864	-0.077451	-1.122665	-27.826532	-0.076956	-1.243219	-27.874648	-0.043433	-1.288940
1203	16.699920	00:00:16:51	-28.018140	1.678811	-1.226580	-27.914576	1.630870	-1.171010	-28.042565	1.595331	-1.081480	-28.027469	1.538882	-1.216980	-28.017564	1.528208	-1.193097	-28.186728	1.526210	-1.142569	-27.910467	1.559791	-1.303301	-27.833551	1.395712	-1.058093	-27.965434	0.767683	-1.664195	-27.551059	1.238951	-1.005184	-28.080084	-0.034371	-2.056362	-27.544778	1.238045	-0.968465	-28.078698	-0.044642	-2.101860	-27.547932	1.221329	-0.986769	-28.129457	-0.064783	-2.043199	-28.174518	0.970180	-1.047255	-28.177941	0.989347	-1.146566	-27.842977	0.953773	-1.271731	-27.890174	0.980171	-1.324727	-28.151351	0.490803	-1.093565	-27.839918	0.471964	-1.272659	-28.177954	-0.056283	-1.069330	-28.205365	-0.050440	-1.127487	-27.836427	-0.056903	-1.225093	-27.884083	-0.059003	-1.307435
1204	16.713814	00:00:16:52	-28.066743	1.683269	-1.213740	-27.911907	1.660058	-1.188883	-28.031608	1.649527	-1.140465	-28.052842	1.542743	-1.249217	-28.007298	1.538688	-1.154752	-28.138677	1.565178	-1.116596	-27.892310	1.538651	-1.270297	-27.801636	1.375103	-1.073650	-28.039342	0.778671	-1.691917	-27.534648	1.228249	-0.976700	-28.076137	-0.035070	-2.063595	-27.534531	1.237170	-1.007760	-28.124050	-0.049235	-2.045226	-27.557969	1.257786	-0.981209	-28.098406	-0.023510	-2.101228	-28.150362	0.927988	-1.048318	-28.181813	0.954035	-1.127915	-27.884181	0.944581	-1.258861	-27.864536	0.961772	-1.307855	-28.164297	0.465342	-1.101372	-27.873858	0.464285	-1.262409	-28.152380	-0.054136	-1.051714	-28.193588	-0.025607	-1.088314	-27.843188	-0.056243	-1.218196	-27.874674	-0.047364	-1.292012
1205	16.727707	00:00:16:53	-28.043128	1.663957	-1.203941	-27.902999	1.641252	-1.147141	-28.046593	1.647618	-1.082892	-28.031633	1.548676	-1.218884	-28.008069	1.532700	-1.188998	-28.154410	1.538067	-1.145279	-27.887950	1.528914	-1.296444	-27.837042	1.415178	-1.031800	-27.999737	0.764459	-1.643750	-27.526039	1.231298	-0.974494	-28.096648	-0.045901	-2.057565	-27.579421	1.268439	-1.007755	-28.093876	-0.063292	-2.045370	-27.516534	1.224208	-0.987899	-28.089665	-0.039422	-2.072374	-28.149501	0.966174	-1.081604	-28.198550	0.983168	-1.116932	-27.836440	0.969743	-1.271375	-27.909873	0.983464	-1.305252	-28.163457	0.436364	-1.112415	-27.808287	0.445100	-1.271020	-28.154297	-0.074756	-1.085062	-28.176532	-0.035958	-1.093707	-27.847562	-0.039869	-1.239409	-27.900529	-0.038477	-1.295446
1206	16.741601	00:00:16:54	-28.019242	1.696984	-1.223988	-27.914024	1.612635	-1.152093	-28.024983	1.656808	-1.071239	-28.019086	1.548547	-1.247602	-27.981411	1.531274	-1.172166	-28.146753	1.548023	-1.149793	-27.870458	1.559722	-1.324885	-27.849954	1.390828	-1.081065	-27.996506	0.741170	-1.664339	-27.557781	1.231243	-0.977859	-28.117257	-0.036672	-2.039899	-27.545491	1.215458	-0.985769	-28.084442	-0.040426	-2.085006	-27.510950	1.247944	-0.947164	-28.081848	-0.060052	-2.088686	-28.166178	0.942712	-1.077630	-28.173532	1.013608	-1.159600	-27.871779	0.951408	-1.245825	-27.908134	0.973705	-1.261798	-28.166948	0.475767	-1.123398	-27.863706	0.456368	-1.293814	-28.166758	-0.053285	-1.074996	-28.196957	-0.049748	-1.089361	-27.820856	-0.034154	-1.233204	-27.851840	-0.032166	-1.291622
1207	16.755494	00:00:16:55	-28.017701	1.662673	-1.251336	-27.911430	1.632612	-1.129119	-28.038043	1.684264	-1.125698	-27.993000	1.565916	-1.255507	-28.003638	1.530523	-1.176928	-28.166210	1.563803	-1.162591	-27.887581	1.541535	-1.270943	-27.871378	1.395179	-1.024817	-27.974971	0.755343	-1.691559	-27.531507	1.229850	-0.993749	-28.081223	-0.025229	-2.057881	-27.539452	1.229244	-0.980199	-28.098252	-0.009964	-2.060242	-27.540733	1.213440	-0.962210	-28.066410	-0.041931	-2.016523	-28.159552	0.969826	-1.071507	-28.166686	0.988338	-1.137380	-27.823130	0.977082	-1.270164	-27.860733	0.977897	-1.306216	-28.162881	0.457314	-1.089735	-27.873014	0.471017	-1.329467	-28.153018	-0.076847	-1.043391	-28.165801	-0.046960	-1.086086	-27.874377	-0.076696	-1.265377	-27.872828	-0.050760	-1.313847
1208	16.769387	00:00:16:56	-28.006663	1.671816	-1.224298	-27.904108	1.614919	-1.138439	-27.991034	1.627878	-1.128470	-28.023188	1.533648	-1.227907	-28.015691	1.540093	-1.198880	-28.157068	1.567669	-1.139388	-27.900323	1.540637	-1.308539	-27.843185	1.371386	-1.060201	-27.990786	0.759136	-1.691955	-27.560733	1.216375	-0.997459	-28.084409	-0.045382	-2.070969	-27.543292	1.213150	-0.977764	-28.097214	-0.063042	-2.033019	-27.513217	1.237961	-0.986738	-28.069166	-0.051272	-2.069112	-28.147907	0.967996	-1.068356	-28.177125	0.976782	-1.148329	-27.857716	0.957638	-1.248073	-27.842813	1.009082	-1.296673	-28.150159	0.439480	-1.068240	-27.873102	0.465051	-1.264808	-28.147490	-0.076281	-1.058608	-28.182479	-0.034623	-1.113474	-27.827439	-0.053623	-1.234849	-27.850343	-0.067560	-1.322692
1209	16.783281	00:00:16:57	-28.044631	1.657001	-1.204178	-27.926803	1.644252	-1.125950	-28.039949	1.626637	-1.108564	-28.007953	1.556016	-1.238894	-27.997120	1.534863	-1.195642	-28.154228	1.564633	-1.165212	-27.899717	1.495498	-1.288659	-27.840547	1.366036	-1.032313	-28.001742	0.735279	-1.682779	-27.542825	1.235499	-0.984751	-28.088897	-0.032524	-2.060529	-27.527016	1.214042	-0.970022	-28.098114	-0.042431	-2.040371	-27.526880	1.200749	-0.993323	-28.122014	-0.068168	-2.048402	-28.154698	0.992978	-1.062050	-28.157350	0.976085	-1.140618	-27.832653	0.979719	-1.277998	-27.889372	0.993041	-1.303190	-28.165097	0.443015	-1.085998	-27.851435	0.448722	-1.268095	-28.147364	-0.094099	-1.070066	-28.212719	-0.028795	-1.123119	-27.879693	-0.073308	-1.202251	-27.855774	-0.055625	-1.323273
1210	16.797174	00:00:16:58	-28.041199	1.691207	-1.210498	-27.916174	1.627689	-1.134029	-28.035879	1.662043	-1.106599	-28.043468	1.561189	-1.223676	-28.032589	1.543314	-1.189875	-28.176122	1.569641	-1.143167	-27.904469	1.549063	-1.278132	-27.819992	1.371446	-1.052921	-27.985517	0.784992	-1.694330	-27.553507	1.198087	-0.987348	-28.078166	-0.069892	-2.055492	-27.535408	1.252161	-0.977271	-28.130202	-0.021188	-2.065471	-27.544169	1.210450	-0.976039	-28.113830	-0.060841	-2.054156	-28.159849	0.934640	-1.072597	-28.176015	0.994814	-1.152536	-27.858951	0.996301	-1.282219	-27.917684	0.958244	-1.358420	-28.147931	0.445074	-1.090983	-27.848518	0.457898	-1.269856	-28.166651	-0.051054	-1.025301	-28.161934	-0.027234	-1.083791	-27.836956	-0.048579	-1.268562	-27.881860	-0.052374	-1.258788
1211	16.811068	00:00:16:59	-28.036557	1.655402	-1.200265	-27.957346	1.646973	-1.148442	-28.002117	1.623415	-1.081070	-28.046529	1.547363	-1.239300	-27.983604	1.535243	-1.190209	-28.159721	1.541531	-1.134618	-27.890500	1.541855	-1.290456	-27.821320	1.397621	-1.044432	-27.962144	0.741124	-1.681977	-27.554893	1.222215	-0.968503	-28.097116	-0.071698	-2.067233	-27.535743	1.233211	-1.003940	-28.075408	-0.102627	-2.052851	-27.540330	1.230295	-0.974988	-28.072376	-0.063223	-2.076395	-28.148187	0.961061	-1.097885	-28.165833	0.971403	-1.103963	-27.852877	0.951982	-1.300409	-27.878657	0.968741	-1.334512	-28.172548	0.478251	-1.062414	-27.846082	0.501802	-1.273943	-28.152810	-0.056473	-1.073812	-28.181019	-0.055318	-1.078447	-27.869891	-0.067396	-1.250503	-27.890716	-0.033916	-1.315046
1212	16.824961	00:00:16:60	-28.012314	1.681153	-1.247161	-27.913505	1.658349	-1.144851	-28.030675	1.628954	-1.099552	-28.031926	1.555680	-1.208604	-28.012769	1.533228	-1.151839	-28.127962	1.567486	-1.134313	-27.929400	1.597807	-1.275663	-27.822983	1.416109	-1.041667	-27.974370	0.760840	-1.680634	-27.539101	1.220574	-0.980939	-28.074564	-0.048586	-2.047098	-27.528416	1.205492	-0.967180	-28.096659	-0.040364	-2.053441	-27.579414	1.184997	-1.024343	-28.102566	-0.060371	-2.075158	-28.160270	0.971710	-1.084705	-28.140237	1.014406	-1.142550	-27.857686	0.956991	-1.281574	-27.847050	0.957939	-1.313020	-28.184297	0.461642	-1.100206	-27.842794	0.433386	-1.262501	-28.155909	-0.081276	-1.068792	-28.197107	-0.029986	-1.101797	-27.864418	-0.045264	-1.284823	-27.858843	-0.049990	-1.311875
1213	16.838855	00:00:16:61	-27.999656	1.686484	-1.218807	-27.943302	1.643419	-1.138188	-28.023398	1.638763	-1.087788	-28.010075	1.551762	-1.240101	-28.037846	1.512386	-1.210142	-28.157405	1.546789	-1.146231	-27.899751	1.550037	-1.298539	-27.824349	1.368016	-1.081180	-27.969292	0.769071	-1.649520	-27.515623	1.231100	-0.990861	-28.084496	-0.054991	-2.038732	-27.562072	1.231843	-0.980605	-28.076241	-0.033311	-2.023666	-27.565471	1.208574	-0.989304	-28.114202	-0.035733	-2.054183	-28.127353	0.966214	-1.079082	-28.170717	0.968085	-1.140642	-27.826512	0.953129	-1.266650	-27.861615	0.979094	-1.324955	-28.177174	0.439938	-1.080871	-27.865664	0.440989	-1.270772	-28.164111	-0.059691	-1.066663	-28.178644	-0.030979	-1.113534	-27.827099	-0.030108	-1.246085	-27.881103	-0.034793	-1.320842
1214	16.852748	00:00:16:62	-28.039141	1.679615	-1.234579	-27.879464	1.654358	-1.173917	-28.005894	1.650352	-1.134387	-28.016832	1.573321	-1.209541	-28.022923	1.576985	-1.194754	-28.138969	1.555614	-1.117328	-27.884816	1.576339	-1.298359	-27.887453	1.366244	-1.033512	-27.962125	0.732720	-1.662823	-27.523074	1.203955	-0.970534	-28.076999	-0.051174	-2.061563	-27.562362	1.235242	-0.966721	-28.097320	-0.036969	-2.040225	-27.528535	1.217031	-1.014258	-28.088194	-0.064174	-2.069214	-28.178723	0.976987	-1.084511	-28.163100	0.985893	-1.143942	-27.858617	0.966027	-1.252648	-27.901390	0.989830	-1.314735	-28.187407	0.475074	-1.118139	-27.858467	0.464139	-1.317364	-28.149218	-0.062001	-1.079376	-28.151592	-0.044156	-1.065796	-27.852581	-0.073397	-1.268685	-27.859671	-0.072241	-1.305092
1215	16.866642	00:00:16:63	-28.034158	1.646221	-1.227527	-27.917822	1.643908	-1.159514	-28.007246	1.642913	-1.111448	-28.019626	1.557941	-1.230896	-28.016297	1.559951	-1.184641	-28.179304	1.556694	-1.105670	-27.877226	1.560042	-1.294511	-27.836202	1.402033	-1.070905	-28.002307	0.775105	-1.652080	-27.543369	1.237187	-0.991952	-28.088979	-0.032159	-2.088189	-27.575796	1.230248	-0.994590	-28.099285	-0.048526	-2.074230	-27.548527	1.209375	-0.983676	-28.072350	-0.054746	-2.075128	-28.163133	0.963985	-1.066131	-28.179355	0.969614	-1.140933	-27.870997	0.962912	-1.261093	-27.846702	0.989236	-1.332224	-28.162727	0.453746	-1.099313	-27.868888	0.451948	-1.310404	-28.164971	-0.050560	-1.086398	-28.170721	-0.071909	-1.123994	-27.853248	-0.055654	-1.242174	-27.866781	-0.093588	-1.285403
1216	16.880535	00:00:16:64	-28.032494	1.646420	-1.219963	-27.908355	1.643962	-1.167228	-28.037545	1.636447	-1.089353	-28.025463	1.567847	-1.211872	-27.995987	1.533847	-1.222226	-28.163580	1.568212	-1.126143	-27.883375	1.536587	-1.258383	-27.833062	1.369610	-1.066559	-28.027445	0.762029	-1.662127	-27.534536	1.220590	-1.004012	-28.120641	-0.030809	-2.062669	-27.540693	1.222538	-0.997025	-28.133944	-0.065447	-2.101723	-27.562351	1.233497	-1.028695	-28.081526	-0.036926	-2.075268	-28.154153	0.933801	-1.064428	-28.193416	0.981073	-1.114816	-27.818622	0.968268	-1.275003	-27.879663	1.018533	-1.339296	-28.194438	0.477316	-1.076234	-27.869799	0.469909	-1.274294	-28.170199	-0.061748	-1.081444	-28.209050	-0.038183	-1.110323	-27.847108	-0.071942	-1.236270	-27.879817	-0.057516	-1.293920
1217	16.894428	00:00:16:65	-28.043709	1.679715	-1.253170	-27.908787	1.608480	-1.157335	-28.025159	1.661172	-1.125837	-28.040010	1.556802	-1.209105	-28.012962	1.520843	-1.158325	-28.111319	1.593689	-1.115431	-27.893342	1.586347	-1.299114	-27.845431	1.384094	-1.071586	-27.986594	0.755737	-1.702085	-27.527574	1.236277	-0.979576	-28.107433	-0.046671	-2.076273	-27.531923	1.226036	-0.978468	-28.072586	-0.048574	-2.071446	-27.510755	1.246832	-0.981829	-28.072679	-0.073071	-2.062026	-28.160938	0.965375	-1.062138	-28.194045	0.984939	-1.140985	-27.860013	0.985387	-1.246220	-27.876172	0.992443	-1.296726	-28.178030	0.459535	-1.105042	-27.819732	0.457216	-1.278851	-28.146564	-0.086694	-1.080835	-28.172468	-0.051433	-1.105230	-27.845446	-0.029890	-1.250182	-27.887283	-0.043173	-1.291797
1218	16.908322	00:00:16:66	-28.038655	1.686576	-1.235504	-27.911645	1.589712	-1.166732	-28.038457	1.653716	-1.121887	-28.026809	1.557770	-1.206562	-27.992426	1.536763	-1.187999	-28.154583	1.562827	-1.132605	-27.903584	1.574509	-1.304208	-27.855552	1.416661	-1.044466	-28.039787	0.723841	-1.681826	-27.569771	1.218505	-0.982931	-28.095209	-0.047913	-2.072005	-27.556358	1.202051	-0.977363	-28.140210	-0.051375	-2.068254	-27.539038	1.237814	-0.986426	-28.114095	-0.074525	-2.087792	-28.121944	0.940897	-1.073368	-28.187527	0.962300	-1.105177	-27.848703	0.952606	-1.299459	-27.871269	0.984187	-1.324156	-28.158293	0.426425	-1.111673	-27.845022	0.443966	-1.269172	-28.135435	-0.073981	-1.068845	-28.192435	-0.028138	-1.100606	-27.813445	-0.040896	-1.267147	-27.894120	-0.082458	-1.297654
1219	16.922215	00:00:16:67	-28.044638	1.676747	-1.233032	-27.939312	1.640384	-1.158013	-27.995936	1.642621	-1.097120	-28.012532	1.549028	-1.204890	-28.008236	1.531881	-1.148384	-28.141661	1.543414	-1.147156	-27.887831	1.554772	-1.269572	-27.840438	1.392352	-1.065721	-27.998701	0.757399	-1.658424	-27.555442	1.223699	-0.958857	-28.106452	-0.038478	-2.071550	-27.508167	1.246604	-0.981806	-28.107633	-0.055980	-2.081983	-27.557552	1.208649	-0.994291	-28.089976	-0.028713	-2.052599	-28.154411	0.952196	-1.085975	-28.195230	0.985683	-1.129415	-27.847528	0.978314	-1.272095	-27.887679	0.967719	-1.293190	-28.169350	0.446923	-1.089198	-27.880166	0.459912	-1.283009	-28.158084	-0.082130	-1.062159	-28.203809	-0.039315	-1.100008	-27.854994	-0.056982	-1.252582	-27.869591	-0.055632	-1.279292
1220	16.936109	00:00:16:68	-28.060869	1.696216	-1.197229	-27.936175	1.632564	-1.138667	-27.995212	1.623392	-1.090109	-28.017224	1.561864	-1.200401	-28.010206	1.542752	-1.170750	-28.162249	1.544996	-1.141167	-27.886750	1.513226	-1.321088	-27.840697	1.409308	-1.051545	-28.014568	0.764996	-1.697356	-27.542988	1.189244	-0.991766	-28.110773	-0.077789	-2.063203	-27.553748	1.231221	-1.000408	-28.104732	-0.033898	-2.068099	-27.517869	1.250609	-0.977459	-28.100818	-0.045271	-2.067286	-28.136785	0.982877	-1.074934	-28.176686	0.993193	-1.144767	-27.844084	0.975380	-1.270107	-27.854764	0.992758	-1.300046	-28.168973	0.456345	-1.115010	-27.883798	0.467515	-1.285808	-28.113042	-0.059776	-1.087918	-28.184539	-0.088573	-1.107323	-27.841865	-0.057881	-1.227139	-27.869045	-0.090714	-1.280874
1221	16.950002	00:00:16:69	-28.026295	1.670792	-1.220222	-27.910761	1.642996	-1.147162	-28.021617	1.641112	-1.101857	-28.015307	1.576812	-1.227771	-27.997592	1.520463	-1.199003	-28.168873	1.531878	-1.120297	-27.878456	1.560299	-1.268491	-27.829601	1.385851	-1.085645	-28.000938	0.778559	-1.657836	-27.571729	1.198466	-0.990432	-28.098406	-0.048171	-2.059726	-27.461453	1.239747	-0.973385	-28.091236	-0.064765	-2.091027	-27.523653	1.219034	-0.980032	-28.120692	-0.020973	-2.091994	-28.146153	0.949238	-1.065556	-28.205517	0.953484	-1.131045	-27.864210	0.966978	-1.248801	-27.868664	0.975496	-1.252920	-28.168293	0.453049	-1.120836	-27.871463	0.451581	-1.264939	-28.151670	-0.081468	-1.017154	-28.194735	-0.028048	-1.110182	-27.831283	-0.035252	-1.271425	-27.842135	-0.027997	-1.309737
1222	16.963896	00:00:16:70	-28.046564	1.651250	-1.250489	-27.927177	1.615637	-1.157717	-28.022566	1.617708	-1.098356	-28.021965	1.585047	-1.194475	-28.018304	1.507720	-1.166161	-28.138881	1.517725	-1.145879	-27.926025	1.542368	-1.305298	-27.866387	1.388372	-1.083434	-28.000290	0.763897	-1.690514	-27.534874	1.243106	-1.014883	-28.076156	-0.030288	-2.064327	-27.554225	1.215902	-0.955120	-28.110029	-0.050845	-2.061380	-27.540612	1.211758	-0.973051	-28.094217	-0.039639	-2.046935	-28.139490	0.954418	-1.093880	-28.187014	0.964262	-1.138977	-27.852344	0.952530	-1.281859	-27.878009	0.988270	-1.318358	-28.162743	0.456830	-1.076589	-27.881296	0.456820	-1.330628	-28.158294	-0.062168	-1.069582	-28.190008	-0.049829	-1.089989	-27.833431	-0.054171	-1.221672	-27.877205	-0.062333	-1.293531
1223	16.977789	00:00:16:71	-28.018661	1.650534	-1.228238	-27.901239	1.608738	-1.176176	-28.025844	1.633759	-1.117686	-28.029564	1.560380	-1.230053	-27.982330	1.536212	-1.209423	-28.161613	1.569912	-1.151822	-27.908110	1.542742	-1.323265	-27.837120	1.371403	-1.069685	-28.016232	0.723767	-1.661568	-27.544854	1.226221	-0.996579	-28.115575	-0.056788	-2.083235	-27.548280	1.214979	-1.024471	-28.063063	-0.051003	-2.068080	-27.542828	1.229572	-1.010127	-28.100683	-0.050818	-2.097536	-28.162384	0.970613	-1.059031	-28.185875	0.976448	-1.144186	-27.876289	0.975614	-1.242227	-27.878791	0.979426	-1.325588	-28.167426	0.461088	-1.081422	-27.879777	0.420791	-1.280398	-28.159962	-0.061443	-1.059066	-28.178244	-0.083237	-1.116715	-27.833002	-0.060334	-1.228321	-27.870279	-0.055229	-1.285722
1224	16.991683	00:00:16:00	-28.023158	1.679933	-1.224126	-27.926808	1.641061	-1.145070	-28.033920	1.663719	-1.102630	-27.999596	1.567297	-1.202592	-28.010430	1.538403	-1.177008	-28.154323	1.590425	-1.130539	-27.885450	1.551539	-1.288002	-27.854627	1.371611	-1.065997	-28.024687	0.763015	-1.662781	-27.522789	1.225153	-0.994792	-28.084560	-0.058581	-2.035424	-27.524001	1.224217	-0.995917	-28.072744	-0.061982	-2.084180	-27.543242	1.201699	-1.012158	-28.111751	-0.017610	-2.088170	-28.117141	0.952320	-1.075543	-28.182056	1.013288	-1.136483	-27.837975	0.963019	-1.267493	-27.913225	0.981271	-1.296997	-28.171851	0.464912	-1.112102	-27.823617	0.483368	-1.282718	-28.147637	-0.057404	-1.047819	-28.153667	-0.035332	-1.088321	-27.868473	-0.059372	-1.255820	-27.884698	-0.090564	-1.332549
1225	17.005576	00:00:17:01	-28.027505	1.667211	-1.241617	-27.934100	1.636852	-1.146835	-28.038140	1.647442	-1.129217	-28.023666	1.542937	-1.200156	-28.021911	1.543334	-1.178168	-28.139481	1.569214	-1.117458	-27.885484	1.550153	-1.290961	-27.810797	1.399968	-1.071776	-28.006526	0.749796	-1.663074	-27.526144	1.223392	-1.003327	-28.063596	-0.042474	-2.066138	-27.555262	1.227136	-0.985643	-28.089435	-0.060203	-2.061599	-27.503259	1.232765	-0.975131	-28.095547	-0.046336	-2.071522	-28.158666	0.949276	-1.067977	-28.181446	0.976624	-1.129795	-27.874331	0.987350	-1.251852	-27.873544	0.987182	-1.337676	-28.196592	0.438247	-1.088776	-27.879207	0.425426	-1.302875	-28.151822	-0.043628	-1.052438	-28.176863	-0.033476	-1.131429	-27.830941	-0.043471	-1.251411	-27.886835	-0.068794	-1.287947
1226	17.019469	00:00:17:02	-28.039304	1.670952	-1.222189	-27.915201	1.625597	-1.190200	-28.031096	1.651805	-1.084094	-28.017929	1.560625	-1.172800	-28.007175	1.532312	-1.187372	-28.132183	1.555767	-1.157542	-27.886894	1.532580	-1.312244	-27.849296	1.423542	-1.056137	-27.999183	0.742153	-1.675819	-27.568296	1.227040	-0.986467	-28.098254	-0.050229	-2.064001	-27.507797	1.204216	-1.023862	-28.141914	-0.080149	-2.088177	-27.540211	1.244216	-0.982827	-28.074189	-0.012325	-2.031794	-28.152542	0.966078	-1.089197	-28.160785	0.967218	-1.152343	-27.858363	0.966132	-1.305039	-27.888121	0.954184	-1.318769	-28.132650	0.447297	-1.134591	-27.881920	0.462087	-1.280834	-28.149850	-0.080526	-1.090490	-28.176424	-0.054089	-1.113099	-27.871374	-0.101596	-1.257862	-27.877758	-0.051493	-1.270489
1227	17.033363	00:00:17:03	-28.034228	1.656975	-1.257806	-27.963562	1.652431	-1.134969	-28.054521	1.645965	-1.122207	-27.997926	1.560442	-1.214989	-28.039064	1.537087	-1.182421	-28.142883	1.577750	-1.121288	-27.894688	1.594280	-1.311272	-27.884933	1.378253	-1.080834	-28.003682	0.765457	-1.691481	-27.568377	1.234715	-1.002969	-28.081184	-0.027879	-2.063423	-27.527575	1.235575	-0.986417	-28.099642	-0.029320	-2.042520	-27.555408	1.222264	-0.957277	-28.094344	-0.052737	-2.083839	-28.156901	0.959580	-1.084422	-28.188728	0.985544	-1.140639	-27.853124	0.981171	-1.256289	-27.866106	0.950421	-1.320344	-28.193069	0.461248	-1.086153	-27.854379	0.478102	-1.268175	-28.149519	-0.087170	-1.096973	-28.196154	-0.059128	-1.120054	-27.866728	-0.061488	-1.235477	-27.883003	-0.053736	-1.247365
1228	17.047256	00:00:17:04	-28.041149	1.696563	-1.228996	-27.942812	1.658057	-1.146999	-28.023928	1.657849	-1.105549	-28.027761	1.569838	-1.204471	-28.020676	1.553891	-1.168343	-28.155108	1.548327	-1.107068	-27.870731	1.583242	-1.279339	-27.841103	1.368199	-1.055025	-27.985806	0.753092	-1.699775	-27.540416	1.247295	-1.013569	-28.082553	-0.023237	-2.040616	-27.533698	1.199475	-0.998302	-28.088672	-0.047329	-2.069184	-27.549123	1.233003	-0.972392	-28.069206	-0.046083	-2.067762	-28.133293	0.971125	-1.073261	-28.136560	0.949591	-1.117828	-27.850507	0.970597	-1.268531	-27.877797	0.982018	-1.328615	-28.167143	0.425439	-1.108046	-27.897740	0.457209	-1.316785	-28.135403	-0.037124	-1.033813	-28.211263	-0.026282	-1.101980	-27.824111	-0.066795	-1.228948	-27.888648	-0.064922	-1.278558
1229	17.061150	00:00:17:05	-28.042060	1.659293	-1.255858	-27.940491	1.645900	-1.156224	-28.018315	1.611419	-1.099644	-28.009795	1.535709	-1.201777	-28.021419	1.539745	-1.181121	-28.142741	1.544507	-1.156520	-27.870054	1.545759	-1.321773	-27.841516	1.408755	-1.091869	-28.006755	0.759200	-1.669339	-27.552526	1.244051	-1.002215	-28.098853	-0.024838	-2.043700	-27.520210	1.214007	-1.000758	-28.106359	-0.062717	-2.072873	-27.501977	1.210079	-0.988204	-28.093673	-0.069438	-2.059960	-28.130377	0.960443	-1.105956	-28.157238	1.007200	-1.128716	-27.828072	0.982560	-1.227997	-27.882814	0.995645	-1.323771	-28.180280	0.460739	-1.078000	-27.847556	0.460187	-1.284076	-28.161087	-0.041237	-1.053666	-28.183089	-0.042085	-1.100710	-27.860571	-0.067190	-1.258118	-27.878865	-0.050388	-1.308780
1230	17.075043	00:00:17:06	-28.035040	1.659673	-1.234373	-27.961022	1.635643	-1.158749	-28.043236	1.656266	-1.074265	-28.058438	1.582696	-1.234895	-28.037816	1.551721	-1.170224	-28.141761	1.539357	-1.149686	-27.910696	1.540587	-1.292831	-27.842231	1.374061	-1.070639	-28.023738	0.724398	-1.666519	-27.521471	1.201812	-0.984149	-28.099063	-0.023409	-2.063483	-27.515960	1.245635	-0.979058	-28.080827	-0.095838	-2.053617	-27.555927	1.252078	-0.977213	-28.086583	-0.056013	-2.084486	-28.161281	0.924663	-1.060056	-28.178934	0.973162	-1.135232	-27.838202	0.956617	-1.266859	-27.907011	0.983568	-1.350105	-28.197369	0.453079	-1.103973	-27.861634	0.433593	-1.301083	-28.188480	-0.058179	-1.060471	-28.185158	-0.046571	-1.128280	-27.846209	-0.067633	-1.217299	-27.878285	-0.042982	-1.314511
1231	17.088937	00:00:17:07	-28.053157	1.708510	-1.253431	-27.910233	1.644433	-1.165404	-28.027307	1.610368	-1.094506	-28.008119	1.606050	-1.209291	-27.986998	1.568208	-1.170595	-28.140252	1.563551	-1.126203	-27.890799	1.550431	-1.280581	-27.829653	1.347764	-1.071518	-27.994475	0.747659	-1.691226	-27.547564	1.233898	-1.017786	-28.124511	-0.051029	-2.055815	-27.535317	1.225206	-1.001797	-28.146898	-0.067574	-2.063694	-27.549808	1.215164	-1.008531	-28.130006	-0.064062	-2.035022	-28.126477	0.972846	-1.072566	-28.240102	1.026688	-1.129943	-27.827058	0.960502	-1.256829	-27.883838	1.012136	-1.282488	-28.159234	0.457006	-1.112003	-27.869438	0.467237	-1.258817	-28.177493	-0.066426	-1.073009	-28.177972	-0.054219	-1.134417	-27.857568	-0.054403	-1.262328	-27.855708	-0.034999	-1.322372
1232	17.102830	00:00:17:08	-28.023862	1.668233	-1.233894	-27.916737	1.634148	-1.163637	-28.054091	1.634504	-1.081342	-28.010626	1.541707	-1.242848	-27.983360	1.544130	-1.191609	-28.153375	1.564598	-1.139302	-27.872691	1.549493	-1.290345	-27.848114	1.380389	-1.075809	-27.991570	0.767184	-1.689441	-27.500349	1.222271	-0.981289	-28.096320	-0.035070	-2.041271	-27.572403	1.249227	-0.962376	-28.103716	-0.033425	-2.028865	-27.518490	1.208772	-0.970454	-28.116531	-0.049593	-2.073290	-28.159121	0.952139	-1.086874	-28.209185	0.974431	-1.115490	-27.842202	0.963622	-1.254512	-27.865815	0.967274	-1.317898	-28.168810	0.471126	-1.120803	-27.860317	0.451182	-1.266403	-28.151163	-0.098767	-1.065568	-28.171303	-0.027163	-1.127288	-27.869156	-0.064926	-1.264271	-27.863668	-0.034296	-1.286136
1233	17.116724	00:00:17:09	-28.037258	1.651738	-1.238871	-27.907277	1.633004	-1.154546	-27.999105	1.614039	-1.076892	-28.025089	1.558599	-1.201665	-28.055578	1.532304	-1.199576	-28.165164	1.565218	-1.167910	-27.924351	1.577762	-1.306109	-27.859226	1.366399	-1.105828	-27.991601	0.755392	-1.684511	-27.550199	1.218321	-0.998528	-28.114435	-0.047065	-2.081180	-27.557216	1.193623	-1.015193	-28.106888	-0.026543	-2.068260	-27.544109	1.211148	-1.000277	-28.065122	-0.029360	-2.054868	-28.172222	0.973254	-1.076046	-28.170630	0.979068	-1.132976	-27.856431	0.965799	-1.305107	-27.853133	0.932328	-1.352474	-28.187976	0.410524	-1.096775	-27.872293	0.473719	-1.265396	-28.156731	-0.100268	-1.054829	-28.188406	-0.060208	-1.131859	-27.833520	-0.072476	-1.236999	-27.882889	-0.080194	-1.277138
1234	17.130617	00:00:17:10	-28.029127	1.652743	-1.240738	-27.919386	1.634598	-1.150841	-28.019330	1.658728	-1.086109	-28.044175	1.566109	-1.240089	-27.984861	1.529147	-1.191557	-28.130969	1.554075	-1.104395	-27.907601	1.581557	-1.305735	-27.866045	1.384513	-1.067021	-27.962812	0.720414	-1.688982	-27.534954	1.230406	-1.033016	-28.101411	-0.051166	-2.050061	-27.566600	1.213175	-0.985602	-28.077983	-0.047089	-2.062443	-27.541106	1.229307	-1.017353	-28.108025	-0.031378	-2.050102	-28.138853	0.963643	-1.092885	-28.194898	0.983157	-1.122202	-27.844805	0.948623	-1.223129	-27.898607	0.999006	-1.312733	-28.184078	0.480103	-1.102524	-27.863216	0.436591	-1.279987	-28.140018	-0.096411	-1.051282	-28.169594	-0.042578	-1.112609	-27.869403	-0.064900	-1.245944	-27.887958	-0.053407	-1.261221
1235	17.144510	00:00:17:11	-28.066049	1.693822	-1.248463	-27.921171	1.654077	-1.187264	-28.019630	1.629841	-1.092751	-28.023458	1.579623	-1.241778	-28.004765	1.529936	-1.179881	-28.145442	1.541937	-1.144904	-27.913925	1.561200	-1.282076	-27.837950	1.371021	-1.082943	-27.997624	0.742092	-1.720169	-27.551923	1.230871	-1.004880	-28.108843	-0.069285	-2.057157	-27.566830	1.232075	-1.005766	-28.103191	-0.049455	-2.059210	-27.544000	1.240370	-1.010028	-28.088498	-0.049819	-2.108966	-28.182621	0.973916	-1.096704	-28.175530	0.994458	-1.106219	-27.819138	0.924531	-1.289653	-27.879499	0.959701	-1.357559	-28.160218	0.484382	-1.092046	-27.858419	0.443592	-1.285665	-28.166079	-0.074662	-1.053440	-28.191979	-0.043051	-1.078997	-27.849838	-0.068277	-1.252883	-27.913457	-0.040760	-1.312759
1236	17.158404	00:00:17:12	-28.023782	1.671166	-1.254935	-27.933388	1.610849	-1.153673	-28.033629	1.625701	-1.073245	-28.030185	1.548168	-1.229456	-28.000511	1.536311	-1.169809	-28.171627	1.531629	-1.097795	-27.876665	1.572739	-1.277896	-27.850824	1.397516	-1.076456	-27.971423	0.736518	-1.699594	-27.556735	1.233616	-1.031559	-28.078136	-0.066517	-2.034409	-27.568765	1.243273	-1.038432	-28.060858	-0.037774	-2.078428	-27.553697	1.196851	-0.977890	-28.128864	-0.048065	-2.083743	-28.138268	0.964722	-1.081085	-28.160326	0.992869	-1.123599	-27.853623	0.948114	-1.297459	-27.895544	0.970754	-1.334078	-28.177625	0.435622	-1.115805	-27.809500	0.436547	-1.308179	-28.141486	-0.079494	-1.064542	-28.189817	-0.041497	-1.131334	-27.871656	-0.078560	-1.299440	-27.917742	-0.025944	-1.276057
1237	17.172297	00:00:17:13	-28.012146	1.683057	-1.232119	-27.944976	1.654548	-1.159188	-28.045287	1.626766	-1.117274	-28.030705	1.546249	-1.201231	-28.007072	1.576387	-1.177351	-28.174831	1.543404	-1.151094	-27.905400	1.551754	-1.293653	-27.831691	1.370801	-1.045020	-28.004823	0.723509	-1.678314	-27.534966	1.222928	-0.990753	-28.102596	-0.061958	-2.086605	-27.542028	1.202278	-0.980735	-28.092662	-0.051468	-2.071732	-27.557552	1.204704	-1.004659	-28.103140	-0.054163	-2.051159	-28.149551	1.003096	-1.071994	-28.172785	0.986390	-1.164809	-27.848052	0.989104	-1.268232	-27.873888	0.997705	-1.344331	-28.187980	0.422077	-1.095082	-27.852271	0.434220	-1.287053	-28.164168	-0.057925	-1.084597	-28.170602	-0.005773	-1.128702	-27.851186	-0.060180	-1.256908	-27.881372	-0.057723	-1.314402
1238	17.186191	00:00:17:14	-28.051224	1.645661	-1.220677	-27.938265	1.634349	-1.147217	-28.020157	1.656479	-1.082705	-28.047839	1.565268	-1.204059	-28.037929	1.570157	-1.182671	-28.159051	1.538586	-1.123768	-27.910859	1.557019	-1.335152	-27.841674	1.382339	-1.075439	-28.015310	0.741164	-1.682226	-27.554497	1.241158	-0.989159	-28.086974	-0.038265	-2.050995	-27.549462	1.221677	-1.006648	-28.089098	-0.050434	-2.093583	-27.528484	1.222604	-1.033261	-28.100814	-0.022530	-2.063168	-28.137513	0.945890	-1.074737	-28.183414	0.967847	-1.136226	-27.882888	0.946622	-1.269196	-27.887364	0.951013	-1.334043	-28.162994	0.468282	-1.107858	-27.848640	0.480515	-1.322759	-28.175308	-0.060595	-1.075907	-28.179125	-0.044958	-1.098087	-27.835625	-0.047433	-1.267196	-27.847473	-0.064179	-1.320517
1239	17.200084	00:00:17:15	-28.058220	1.668681	-1.248191	-27.895918	1.647550	-1.170130	-28.009844	1.597439	-1.077215	-28.030756	1.560602	-1.231636	-27.987955	1.544594	-1.191422	-28.167484	1.555927	-1.144006	-27.917018	1.586605	-1.313350	-27.862028	1.385140	-1.048502	-27.974108	0.718920	-1.669902	-27.557590	1.230634	-0.996198	-28.095785	-0.062723	-2.070953	-27.525456	1.180777	-1.041971	-28.102200	-0.054149	-2.059474	-27.550010	1.205872	-1.017134	-28.089503	-0.054527	-2.066503	-28.159781	0.966325	-1.070816	-28.174729	0.981788	-1.154500	-27.864216	0.993878	-1.287225	-27.869259	0.963380	-1.321950	-28.157332	0.440740	-1.073996	-27.865036	0.449094	-1.264373	-28.169671	-0.105672	-1.057154	-28.182319	-0.064627	-1.091243	-27.845993	-0.056897	-1.285302	-27.913921	-0.031294	-1.290660
1240	17.213978	00:00:17:16	-28.021675	1.670541	-1.227819	-27.952007	1.621807	-1.182701	-28.060204	1.638687	-1.082569	-27.996425	1.549281	-1.207028	-28.037809	1.540581	-1.169320	-28.154364	1.545917	-1.129724	-27.905677	1.533442	-1.296119	-27.846222	1.400418	-1.073421	-28.016989	0.711849	-1.670752	-27.521765	1.229351	-1.007515	-28.096167	-0.040491	-2.079247	-27.547568	1.204589	-1.014137	-28.111776	-0.040925	-2.058979	-27.521268	1.221263	-0.989318	-28.060653	-0.035571	-2.048068	-28.155955	0.952475	-1.105157	-28.189889	0.998126	-1.127473	-27.859571	0.940372	-1.272569	-27.866720	0.973394	-1.327523	-28.169296	0.457568	-1.122895	-27.871136	0.432539	-1.292386	-28.132938	-0.057620	-1.053292	-28.196304	-0.043916	-1.084463	-27.845090	-0.093813	-1.238846	-27.905463	-0.076726	-1.292313
1241	17.227871	00:00:17:17	-28.038311	1.678379	-1.193164	-27.927223	1.619210	-1.171060	-28.034022	1.633898	-1.084893	-28.040017	1.565409	-1.215058	-28.005881	1.516738	-1.195257	-28.169667	1.557464	-1.148261	-27.896301	1.557744	-1.303151	-27.834801	1.388010	-1.095484	-27.974460	0.758329	-1.710871	-27.556042	1.197311	-0.970245	-28.100709	-0.059541	-2.061333	-27.551941	1.239974	-0.984041	-28.119226	-0.036175	-2.088805	-27.577493	1.227885	-0.975051	-28.083739	-0.047549	-2.064744	-28.148057	0.958481	-1.062188	-28.169463	0.970093	-1.145131	-27.855954	0.942210	-1.270496	-27.881907	0.965438	-1.296472	-28.190273	0.450789	-1.112345	-27.857632	0.470501	-1.271575	-28.176287	-0.060138	-1.068225	-28.209394	-0.065640	-1.073371	-27.795574	-0.059920	-1.271480	-27.860656	-0.067489	-1.293090
1242	17.241765	00:00:17:18	-28.034095	1.675826	-1.218754	-27.928475	1.648083	-1.182455	-28.035034	1.645845	-1.120164	-28.000523	1.521403	-1.216378	-28.023310	1.537859	-1.208690	-28.161307	1.577018	-1.136403	-27.878617	1.550089	-1.306078	-27.831173	1.368129	-1.049041	-28.002943	0.786646	-1.670130	-27.585705	1.202844	-0.982875	-28.099858	-0.050046	-2.050389	-27.569171	1.219707	-0.982542	-28.075379	-0.050444	-2.054334	-27.538732	1.191854	-1.026132	-28.105277	-0.039434	-2.057361	-28.155493	0.932174	-1.075645	-28.198950	0.982911	-1.125678	-27.866400	0.955441	-1.261565	-27.873228	1.002053	-1.316260	-28.174817	0.458652	-1.076313	-27.899764	0.427595	-1.287550	-28.158863	-0.057869	-1.052999	-28.192023	-0.067905	-1.128767	-27.869093	-0.062704	-1.220663	-27.891944	-0.041848	-1.318213
1243	17.255658	00:00:17:19	-28.039166	1.670222	-1.264412	-27.903297	1.651149	-1.176837	-28.014210	1.638635	-1.070216	-28.028734	1.553358	-1.240285	-28.013717	1.550654	-1.166112	-28.136038	1.563432	-1.145598	-27.919477	1.564044	-1.290038	-27.852993	1.368026	-1.085508	-27.991394	0.746097	-1.690766	-27.537771	1.221139	-0.989796	-28.097665	-0.040248	-2.047759	-27.544685	1.234833	-0.996939	-28.082458	-0.067116	-2.075833	-27.522732	1.233873	-1.028765	-28.129617	-0.082861	-2.094987	-28.167745	0.947134	-1.085136	-28.200751	0.985361	-1.127556	-27.829685	0.995661	-1.273476	-27.859762	0.993964	-1.330436	-28.154431	0.478932	-1.112338	-27.859261	0.451365	-1.288854	-28.156546	-0.067126	-1.055348	-28.198153	-0.041847	-1.105976	-27.812310	-0.068475	-1.229656	-27.895095	-0.038398	-1.255365
1244	17.269551	00:00:17:20	-28.023148	1.680094	-1.246014	-27.940279	1.656968	-1.184938	-28.003554	1.649115	-1.132945	-28.017418	1.559383	-1.205526	-28.001574	1.527582	-1.173783	-28.176215	1.580182	-1.166216	-27.902658	1.540799	-1.312729	-27.838156	1.399382	-1.086082	-27.943628	0.751178	-1.666144	-27.550026	1.224614	-0.997419	-28.103534	-0.072006	-2.025359	-27.517881	1.172438	-0.999253	-28.089721	-0.038013	-2.041337	-27.542266	1.223096	-1.017087	-28.083407	-0.026835	-2.043439	-28.178692	0.953865	-1.084824	-28.176952	0.975705	-1.162764	-27.863945	0.931307	-1.247448	-27.887283	1.009956	-1.324573	-28.164945	0.474690	-1.111984	-27.857437	0.417182	-1.292136	-28.189386	-0.051653	-1.057579	-28.178444	-0.014397	-1.112863	-27.852525	-0.088122	-1.269170	-27.853142	-0.073176	-1.339245
1245	17.283445	00:00:17:21	-28.008918	1.686255	-1.263487	-27.887031	1.636747	-1.152723	-28.017432	1.669983	-1.088638	-28.018789	1.546555	-1.170743	-27.953769	1.521326	-1.201251	-28.173491	1.573017	-1.157231	-27.891202	1.530317	-1.295451	-27.850963	1.407653	-1.092758	-28.002009	0.729423	-1.701221	-27.546441	1.189421	-0.998319	-28.098996	-0.056893	-2.063626	-27.563949	1.221754	-1.011579	-28.113563	-0.045138	-2.039377	-27.535207	1.239101	-0.997145	-28.058886	-0.041076	-2.076178	-28.152712	0.958539	-1.098219	-28.172866	1.000404	-1.159285	-27.863507	0.934280	-1.248604	-27.863265	0.976641	-1.314642	-28.163647	0.479653	-1.114093	-27.897741	0.482436	-1.287337	-28.154993	-0.069521	-1.057775	-28.169802	-0.043165	-1.115833	-27.854450	-0.054667	-1.236281	-27.868993	-0.031995	-1.296047
1246	17.297338	00:00:17:22	-28.046173	1.678742	-1.201265	-27.921107	1.646623	-1.149478	-28.011576	1.633147	-1.109689	-28.045481	1.532731	-1.208174	-28.010232	1.539933	-1.178578	-28.158855	1.582759	-1.155752	-27.886617	1.561967	-1.289948	-27.858785	1.392378	-1.076324	-27.960338	0.750114	-1.662740	-27.527435	1.196460	-0.997815	-28.116599	-0.026598	-2.046102	-27.547828	1.215187	-1.031888	-28.066732	-0.025258	-2.059974	-27.537306	1.220481	-0.963993	-28.087076	-0.016967	-2.038282	-28.150921	0.969786	-1.076613	-28.165127	0.965713	-1.101126	-27.827324	0.962522	-1.278190	-27.869491	0.984757	-1.313138	-28.186029	0.475120	-1.122112	-27.859380	0.472705	-1.292406	-28.155596	-0.056398	-1.066149	-28.165076	-0.049004	-1.129915	-27.864044	-0.080309	-1.250655	-27.889366	-0.069823	-1.305452
1247	17.311232	00:00:17:23	-28.029639	1.678068	-1.229822	-27.965865	1.667560	-1.182455	-28.021279	1.650647	-1.120861	-28.034579	1.518399	-1.218176	-28.012779	1.520424	-1.207860	-28.157371	1.552297	-1.119494	-27.888174	1.539566	-1.291511	-27.861797	1.388139	-1.074788	-28.002666	0.774692	-1.649887	-27.522091	1.184082	-1.023846	-28.089690	-0.056915	-2.069080	-27.544502	1.205080	-1.003475	-28.113777	-0.045201	-2.085102	-27.563177	1.222963	-0.994198	-28.101567	-0.010426	-2.060931	-28.163115	0.970993	-1.088493	-28.195258	0.974976	-1.140000	-27.839243	0.943825	-1.271237	-27.857102	0.983629	-1.347992	-28.152203	0.465637	-1.084550	-27.878554	0.441128	-1.276193	-28.153325	-0.039062	-1.049565	-28.174398	-0.012748	-1.115789	-27.825833	-0.056631	-1.262500	-27.918399	-0.046097	-1.294325
1248	17.325125	00:00:17:24	-28.037281	1.658939	-1.214653	-27.937808	1.659667	-1.168871	-28.065134	1.666161	-1.123124	-28.026295	1.529340	-1.198484	-28.028119	1.552661	-1.208519	-28.163131	1.559724	-1.144484	-27.911263	1.537075	-1.298780	-27.840211	1.389702	-1.055883	-28.015907	0.783113	-1.698123	-27.527918	1.203147	-1.007142	-28.101172	-0.080648	-2.073807	-27.559896	1.195868	-0.996391	-28.080245	-0.016096	-2.049523	-27.552021	1.218550	-1.017602	-28.064728	-0.036417	-2.068124	-28.174641	0.962998	-1.104859	-28.179732	0.992775	-1.138196	-27.862698	0.963338	-1.282399	-27.899201	0.995785	-1.326112	-28.169252	0.449287	-1.062730	-27.848831	0.466434	-1.250684	-28.172122	-0.089977	-1.070945	-28.166700	-0.044007	-1.121931	-27.837613	-0.062187	-1.273052	-27.869291	-0.053590	-1.277982
1249	17.339019	00:00:17:25	-28.053048	1.679294	-1.238273	-27.908210	1.610199	-1.152983	-28.029438	1.652062	-1.094232	-28.007441	1.545603	-1.237577	-28.006492	1.531498	-1.171904	-28.125547	1.564215	-1.144558	-27.895737	1.551269	-1.291734	-27.861428	1.378672	-1.079504	-28.005622	0.766669	-1.695685	-27.562686	1.195723	-1.014997	-28.114791	-0.043628	-2.058366	-27.559132	1.204380	-0.979237	-28.098104	-0.063011	-2.018948	-27.537500	1.236735	-1.036085	-28.088603	-0.064873	-2.043438	-28.149769	0.933598	-1.088463	-28.190667	0.993186	-1.110986	-27.855107	0.976684	-1.291518	-27.884326	0.992165	-1.313938	-28.153506	0.426041	-1.111910	-27.859250	0.458168	-1.271899	-28.205342	-0.077436	-1.088492	-28.227205	-0.025627	-1.119603	-27.860805	-0.091779	-1.239910	-27.852503	-0.030376	-1.294172
1250	17.352912	00:00:17:26	-28.046492	1.712532	-1.229385	-27.895808	1.618553	-1.168918	-28.050836	1.642501	-1.144376	-28.025100	1.557334	-1.221565	-27.989140	1.545174	-1.201881	-28.168592	1.557438	-1.167896	-27.891130	1.560746	-1.304669	-27.865608	1.409348	-1.094189	-28.018682	0.721270	-1.674892	-27.555692	1.239007	-0.996769	-28.061741	-0.024965	-2.055457	-27.560085	1.211361	-1.019453	-28.097771	-0.052088	-2.019247	-27.534955	1.192989	-0.994033	-28.079087	-0.052040	-2.066811	-28.128766	0.959791	-1.101075	-28.152629	0.956305	-1.131931	-27.841658	0.936478	-1.268254	-27.863564	0.955136	-1.320294	-28.198827	0.468698	-1.096149	-27.860128	0.443783	-1.264367	-28.140529	-0.088948	-1.061899	-28.162939	-0.062694	-1.121016	-27.824359	-0.041573	-1.232590	-27.853630	-0.040919	-1.292821
1251	17.366806	00:00:17:27	-28.017896	1.690016	-1.235683	-27.898641	1.655463	-1.156967	-28.011171	1.629211	-1.092353	-28.022137	1.568925	-1.214889	-28.014575	1.559083	-1.195215	-28.126840	1.545788	-1.164729	-27.900876	1.543133	-1.314095	-27.859934	1.377907	-1.060624	-27.977336	0.743167	-1.693452	-27.541053	1.202380	-1.033214	-28.136367	-0.050953	-2.033282	-27.541307	1.200536	-1.002077	-28.108559	-0.060052	-2.077603	-27.541196	1.197069	-0.968478	-28.118748	-0.051617	-2.112668	-28.129135	0.959134	-1.100635	-28.183314	0.986990	-1.130653	-27.827669	0.976400	-1.285189	-27.868814	0.958454	-1.309980	-28.187970	0.470421	-1.084838	-27.862139	0.454225	-1.273073	-28.181486	-0.063423	-1.080253	-28.184894	-0.040368	-1.100484	-27.859333	-0.083793	-1.264499	-27.878827	-0.060119	-1.321776
1252	17.380699	00:00:17:28	-28.020962	1.684077	-1.221267	-27.937376	1.633977	-1.157701	-28.040422	1.628238	-1.090476	-28.034630	1.597374	-1.231880	-27.980373	1.542077	-1.187163	-28.162516	1.558942	-1.111789	-27.874668	1.533344	-1.281527	-27.842888	1.368514	-1.059368	-27.974187	0.752919	-1.667262	-27.568836	1.273703	-0.995560	-28.089838	-0.044387	-2.086525	-27.545554	1.202997	-1.003737	-28.102127	-0.033107	-2.051944	-27.547315	1.203397	-0.997799	-28.078802	-0.090827	-2.055218	-28.163627	0.976230	-1.088357	-28.175531	0.977905	-1.143607	-27.850339	0.989901	-1.264708	-27.879404	0.952398	-1.313569	-28.173025	0.426567	-1.120293	-27.875627	0.458123	-1.271549	-28.148315	-0.073915	-1.076983	-28.207740	-0.083835	-1.113035	-27.851282	-0.051648	-1.245520	-27.863440	-0.083234	-1.308844
1253	17.394592	00:00:17:29	-28.051965	1.691187	-1.216941	-27.910959	1.631623	-1.166858	-28.003230	1.663723	-1.096279	-28.031768	1.548507	-1.192096	-27.986460	1.516298	-1.206159	-28.131152	1.557894	-1.121817	-27.879292	1.568228	-1.299033	-27.853504	1.387766	-1.092978	-27.985703	0.741196	-1.693200	-27.555572	1.209310	-0.994006	-28.101435	-0.056606	-2.073969	-27.535669	1.211698	-0.996840	-28.093843	-0.027098	-2.063833	-27.565268	1.201144	-1.007434	-28.095570	-0.061810	-2.066097	-28.169005	0.962872	-1.090864	-28.176961	0.949271	-1.128214	-27.863827	0.935536	-1.265554	-27.900433	0.994913	-1.332629	-28.212014	0.480672	-1.086918	-27.854241	0.457772	-1.262782	-28.153711	-0.073747	-1.043791	-28.173086	-0.036887	-1.096466	-27.870876	-0.058016	-1.255795	-27.875267	-0.038778	-1.298411
1254	17.408486	00:00:17:30	-28.048159	1.691861	-1.217241	-27.935021	1.620148	-1.152833	-28.029284	1.633524	-1.099442	-28.026654	1.537480	-1.234414	-28.005620	1.556003	-1.200227	-28.136159	1.566918	-1.135995	-27.897964	1.572252	-1.288534	-27.868135	1.395923	-1.064450	-27.990854	0.760526	-1.668523	-27.558471	1.195317	-0.992946	-28.100205	-0.021238	-2.067902	-27.541469	1.179063	-1.016640	-28.090292	-0.062592	-2.077200	-27.521228	1.225593	-1.015033	-28.110234	-0.050098	-2.060528	-28.150806	0.975944	-1.066441	-28.162693	0.971364	-1.110453	-27.852196	0.957027	-1.282582	-27.865289	0.964372	-1.326514	-28.130837	0.455456	-1.083444	-27.877975	0.461742	-1.299533	-28.155392	-0.074814	-1.078758	-28.190487	-0.045625	-1.126164	-27.866395	-0.056567	-1.244839	-27.870041	-0.065533	-1.281763
1255	17.422379	00:00:17:31	-28.033643	1.701035	-1.251128	-27.906937	1.658625	-1.147656	-28.008544	1.614318	-1.128403	-28.017058	1.590433	-1.223327	-27.991524	1.539259	-1.186585	-28.137960	1.525061	-1.142398	-27.902107	1.537464	-1.297038	-27.876256	1.369261	-1.033438	-27.973707	0.754959	-1.662647	-27.528379	1.184866	-1.007567	-28.089982	-0.053038	-2.078646	-27.526521	1.226408	-1.009034	-28.101375	-0.053456	-2.085104	-27.569604	1.228279	-1.016970	-28.097680	-0.043391	-2.069466	-28.155804	0.976188	-1.112381	-28.170361	0.985909	-1.143432	-27.852411	0.923740	-1.275383	-27.876171	0.990238	-1.287683	-28.145464	0.452255	-1.122881	-27.864892	0.453389	-1.289069	-28.134658	-0.075030	-1.058760	-28.173893	-0.012114	-1.140613	-27.843833	-0.057593	-1.279746	-27.887543	-0.042343	-1.273994
1256	17.436273	00:00:17:32	-28.015655	1.701930	-1.215487	-27.909904	1.626640	-1.166169	-28.015762	1.649898	-1.087433	-28.031837	1.564670	-1.244894	-28.006621	1.499646	-1.203302	-28.169101	1.547504	-1.145264	-27.895150	1.552175	-1.286024	-27.854355	1.419741	-1.071246	-28.006045	0.753277	-1.668140	-27.549991	1.187725	-0.990138	-28.117370	-0.028621	-2.079289	-27.521931	1.193343	-1.001520	-28.055246	-0.048501	-2.056945	-27.566530	1.202150	-1.020972	-28.072787	-0.046258	-2.065109	-28.145333	0.949490	-1.062450	-28.243204	0.961096	-1.130608	-27.854554	0.954493	-1.266770	-27.846423	0.993258	-1.308948	-28.172458	0.443523	-1.120615	-27.879913	0.474223	-1.286523	-28.178985	-0.105340	-1.060320	-28.223373	-0.064217	-1.090779	-27.826008	-0.058887	-1.248973	-27.886705	-0.037282	-1.273115
1257	17.450166	00:00:17:33	-28.060299	1.690662	-1.254954	-27.917066	1.645092	-1.170145	-28.006609	1.657379	-1.114904	-27.988855	1.569836	-1.218053	-28.023955	1.533031	-1.182532	-28.151293	1.566882	-1.126653	-27.893629	1.543928	-1.299361	-27.821640	1.390187	-1.086968	-27.960511	0.755046	-1.692096	-27.511830	1.186286	-1.015107	-28.104319	-0.006313	-2.070102	-27.533095	1.192071	-0.982556	-28.100715	-0.049983	-2.064270	-27.525352	1.209076	-1.010270	-28.102336	-0.032682	-2.065129	-28.141049	0.972965	-1.069460	-28.166988	0.997160	-1.187829	-27.828141	0.921697	-1.268188	-27.868122	0.982529	-1.326196	-28.181256	0.445818	-1.089130	-27.863719	0.482868	-1.283246	-28.145932	-0.059861	-1.065887	-28.186383	-0.087668	-1.088397	-27.859295	-0.051003	-1.223891	-27.876100	-0.041641	-1.303100
1258	17.464060	00:00:17:34	-28.027547	1.685884	-1.241629	-27.895234	1.636972	-1.143277	-28.026134	1.640822	-1.074799	-28.008621	1.545945	-1.216033	-28.008628	1.558710	-1.179028	-28.168592	1.536665	-1.149314	-27.918458	1.556763	-1.312075	-27.885285	1.390902	-1.087261	-27.963597	0.760398	-1.687955	-27.542568	1.186461	-0.987829	-28.096587	-0.045845	-2.076743	-27.534706	1.192343	-1.004640	-28.108564	-0.057081	-2.028665	-27.553352	1.208098	-1.004864	-28.098997	-0.063058	-2.082020	-28.181480	0.968758	-1.098924	-28.182658	0.990008	-1.128923	-27.854009	0.962650	-1.273657	-27.879637	1.004989	-1.303525	-28.165216	0.460386	-1.075523	-27.863260	0.474379	-1.264540	-28.148255	-0.038316	-1.073851	-28.184226	-0.033558	-1.124754	-27.852694	-0.059597	-1.247515	-27.863110	-0.060441	-1.287942
1259	17.477953	00:00:17:35	-27.991056	1.678687	-1.217921	-27.926843	1.636874	-1.177707	-28.023811	1.620908	-1.115020	-27.983148	1.556820	-1.216397	-27.990672	1.518247	-1.188173	-28.160300	1.544973	-1.160516	-27.942351	1.568263	-1.286628	-27.833076	1.389963	-1.066956	-28.013969	0.745280	-1.699239	-27.535476	1.217772	-0.988381	-28.083263	-0.055405	-2.098656	-27.532952	1.220063	-1.054769	-28.107609	-0.022903	-2.067905	-27.531470	1.255176	-0.983684	-28.069957	-0.044500	-2.032554	-28.142554	0.965947	-1.101587	-28.173471	0.963972	-1.118391	-27.882860	0.965251	-1.262866	-27.870790	1.004051	-1.324618	-28.171816	0.457105	-1.111918	-27.872512	0.449012	-1.282204	-28.168931	-0.076171	-1.084881	-28.176519	-0.029409	-1.122214	-27.822839	-0.058762	-1.286052	-27.870556	-0.041306	-1.292917
1260	17.491847	00:00:17:36	-27.992326	1.649204	-1.216925	-27.918245	1.632303	-1.140045	-28.045266	1.661209	-1.130290	-28.009467	1.558262	-1.234133	-28.024552	1.500540	-1.176375	-28.169592	1.564125	-1.150603	-27.940859	1.553065	-1.302681	-27.860319	1.438693	-1.053419	-27.960100	0.772415	-1.715328	-27.543824	1.234901	-1.008123	-28.096406	-0.040193	-2.066749	-27.530692	1.216652	-1.005644	-28.103779	-0.045861	-2.072171	-27.546059	1.227842	-1.007361	-28.058567	-0.057556	-2.040592	-28.132666	0.950324	-1.090382	-28.167685	0.984770	-1.138464	-27.854456	0.979687	-1.233633	-27.875542	0.982115	-1.310195	-28.177516	0.432767	-1.124735	-27.840278	0.483372	-1.281413	-28.177464	-0.050089	-1.090960	-28.155159	-0.056932	-1.120310	-27.852589	-0.043465	-1.282700	-27.863241	-0.058841	-1.304883
1261	17.505740	00:00:17:37	-28.034054	1.682558	-1.223991	-27.918612	1.643394	-1.157399	-28.016012	1.611367	-1.090351	-27.999533	1.545074	-1.221585	-28.004151	1.576469	-1.207833	-28.169756	1.578897	-1.163411	-27.922508	1.563021	-1.304370	-27.846450	1.372595	-1.093333	-27.979813	0.749243	-1.670559	-27.571051	1.176329	-1.037191	-28.100579	-0.067030	-2.051830	-27.535363	1.219437	-0.992717	-28.071183	-0.031701	-2.069834	-27.544495	1.195345	-1.018026	-28.087209	-0.039190	-2.039131	-28.152023	0.962148	-1.091090	-28.181278	0.943966	-1.128204	-27.857234	0.951336	-1.269164	-27.878524	0.989771	-1.320616	-28.164860	0.449608	-1.080208	-27.880512	0.444949	-1.276562	-28.154731	-0.042715	-1.082245	-28.194013	-0.033949	-1.107957	-27.837214	-0.071741	-1.262802	-27.848173	-0.034664	-1.283617
1262	17.519633	00:00:17:38	-28.031553	1.671142	-1.223367	-27.918084	1.621937	-1.159887	-28.017804	1.633419	-1.134234	-28.029973	1.548506	-1.209961	-27.991662	1.535672	-1.215501	-28.190246	1.577036	-1.118407	-27.865430	1.567766	-1.289710	-27.842242	1.394436	-1.063969	-27.996132	0.775421	-1.690195	-27.524982	1.191335	-1.021237	-28.077433	-0.069991	-2.087581	-27.577242	1.210076	-1.015322	-28.089823	-0.054767	-2.068199	-27.555667	1.225563	-1.011186	-28.067053	-0.047150	-2.055968	-28.173043	0.956014	-1.077692	-28.146503	1.019697	-1.131759	-27.859534	0.956659	-1.252651	-27.889905	0.963337	-1.310122	-28.171869	0.426496	-1.089928	-27.868814	0.455277	-1.286419	-28.167573	-0.105306	-1.037815	-28.183484	-0.056366	-1.117634	-27.871934	-0.088487	-1.273693	-27.895281	-0.036654	-1.345404
1263	17.533527	00:00:17:39	-28.030807	1.671290	-1.232821	-27.932304	1.623226	-1.173270	-28.032059	1.630219	-1.103010	-28.019134	1.561108	-1.225267	-28.003401	1.512187	-1.187684	-28.131001	1.552253	-1.117480	-27.889333	1.540520	-1.269170	-27.834988	1.388882	-1.097369	-27.992458	0.786740	-1.691844	-27.500604	1.192728	-1.011088	-28.078780	-0.029014	-2.041614	-27.577578	1.208479	-0.978177	-28.113143	-0.055839	-2.088079	-27.543998	1.187630	-0.991724	-28.081845	-0.081124	-2.056334	-28.130570	0.981330	-1.131257	-28.169345	0.963072	-1.128460	-27.828329	0.957987	-1.272097	-27.885816	0.972710	-1.315319	-28.177558	0.457316	-1.098534	-27.860576	0.501688	-1.309690	-28.156449	-0.065769	-1.076856	-28.223759	-0.049845	-1.124313	-27.861390	-0.055048	-1.257399	-27.871077	-0.051621	-1.316105
1264	17.547420	00:00:17:40	-28.029008	1.691708	-1.223546	-27.978014	1.622008	-1.176613	-28.046354	1.623277	-1.106935	-28.051526	1.551892	-1.230027	-27.989724	1.543938	-1.190634	-28.155619	1.553850	-1.157883	-27.913046	1.542412	-1.314263	-27.851545	1.375243	-1.087646	-27.987474	0.737267	-1.688865	-27.539326	1.201632	-1.011111	-28.099467	-0.044314	-2.035656	-27.559026	1.228495	-1.012831	-28.124929	-0.037029	-2.055913	-27.566433	1.195157	-0.978767	-28.097726	-0.032796	-2.056701	-28.155850	0.967862	-1.078631	-28.155324	1.005088	-1.146037	-27.835967	0.933836	-1.270649	-27.848913	0.999456	-1.305173	-28.166220	0.454416	-1.086011	-27.844282	0.466440	-1.315686	-28.170997	-0.026423	-1.105808	-28.209036	-0.031815	-1.126551	-27.883235	-0.058057	-1.303527	-27.878752	-0.075427	-1.285060
1265	17.561314	00:00:17:41	-28.061542	1.677371	-1.197981	-27.912230	1.666366	-1.138790	-28.013582	1.657517	-1.059947	-28.035017	1.536729	-1.240313	-27.991921	1.548596	-1.194397	-28.139114	1.556177	-1.160736	-27.896167	1.592915	-1.305456	-27.883970	1.402726	-1.103251	-27.983906	0.769764	-1.663382	-27.533508	1.196054	-1.022641	-28.107099	-0.068172	-2.079397	-27.531530	1.235642	-0.998137	-28.071074	-0.037375	-2.027225	-27.520761	1.204336	-1.011594	-28.101179	-0.057514	-2.065316	-28.133110	0.942969	-1.066542	-28.195912	1.015784	-1.136538	-27.858474	0.969647	-1.246521	-27.869367	0.983829	-1.316854	-28.163052	0.462972	-1.089500	-27.857595	0.458904	-1.297006	-28.179866	-0.072856	-1.061985	-28.163335	-0.060980	-1.109400	-27.827241	-0.080426	-1.259848	-27.873176	-0.028802	-1.295687
1266	17.575207	00:00:17:42	-28.034154	1.684058	-1.248082	-27.923467	1.633790	-1.172490	-28.026922	1.675159	-1.120038	-28.029428	1.517785	-1.254631	-28.003771	1.546115	-1.179746	-28.174180	1.532216	-1.118489	-27.889004	1.596105	-1.281009	-27.855904	1.390719	-1.077893	-27.992607	0.730994	-1.694944	-27.524581	1.217055	-1.004976	-28.100660	-0.026339	-2.064420	-27.528862	1.218762	-1.024082	-28.089027	-0.047300	-2.058859	-27.536288	1.214518	-1.010426	-28.065423	-0.036226	-2.107144	-28.162668	0.962338	-1.068150	-28.172272	0.991588	-1.120233	-27.864753	0.970198	-1.292087	-27.880413	0.960375	-1.300206	-28.174499	0.469102	-1.107558	-27.851132	0.438805	-1.288597	-28.173364	-0.039072	-1.092383	-28.181930	-0.044372	-1.113070	-27.874563	-0.069366	-1.262921	-27.890756	-0.063991	-1.281285
1267	17.589101	00:00:17:43	-28.016232	1.684751	-1.263195	-27.949722	1.623935	-1.161515	-28.059026	1.663797	-1.070189	-28.007396	1.554464	-1.214593	-28.002728	1.550747	-1.211074	-28.141280	1.585941	-1.138428	-27.877573	1.569454	-1.273615	-27.851290	1.365378	-1.063419	-28.011390	0.759203	-1.669470	-27.528807	1.219273	-1.019718	-28.071705	-0.067085	-2.076057	-27.570615	1.187143	-0.989484	-28.086047	-0.044460	-2.058643	-27.551058	1.184383	-1.006643	-28.102139	-0.014211	-2.084989	-28.149936	0.954075	-1.083001	-28.160473	0.974454	-1.078219	-27.839497	0.960136	-1.258733	-27.888262	0.963180	-1.323248	-28.188336	0.482955	-1.086442	-27.873027	0.471543	-1.308827	-28.183088	-0.064438	-1.084051	-28.192598	-0.023970	-1.126784	-27.858923	-0.061152	-1.283597	-27.856786	-0.041102	-1.303703
1268	17.602994	00:00:17:44	-28.029877	1.660102	-1.212478	-27.941929	1.623714	-1.192344	-28.001942	1.659481	-1.070153	-28.020573	1.552434	-1.237978	-28.005140	1.530338	-1.175762	-28.151153	1.569234	-1.152535	-27.922582	1.554470	-1.293838	-27.842516	1.390128	-1.086977	-27.994919	0.752344	-1.663070	-27.548243	1.182882	-0.994665	-28.070405	-0.039582	-2.059462	-27.541268	1.208806	-1.026574	-28.106226	-0.028874	-2.072875	-27.541022	1.234856	-0.992782	-28.081424	-0.052663	-2.077235	-28.169312	0.971454	-1.098008	-28.191377	0.975141	-1.132159	-27.844423	0.951776	-1.278376	-27.899002	0.981402	-1.327950	-28.170932	0.482859	-1.134851	-27.902037	0.456061	-1.297828	-28.167266	-0.118557	-1.068000	-28.170389	-0.057277	-1.091418	-27.853148	-0.094647	-1.255074	-27.876038	-0.030162	-1.316063
1269	17.616888	00:00:17:45	-28.021504	1.689471	-1.227813	-27.937436	1.624181	-1.158635	-27.999507	1.635114	-1.064303	-28.022643	1.573308	-1.247801	-28.006281	1.541819	-1.178784	-28.172874	1.560973	-1.159400	-27.901506	1.556159	-1.337902	-27.847228	1.384459	-1.091905	-28.039668	0.754785	-1.673481	-27.539624	1.213727	-0.998313	-28.068547	-0.064416	-2.097804	-27.535588	1.203385	-1.004186	-28.108155	-0.055341	-2.045060	-27.557707	1.197837	-1.012813	-28.099775	-0.070965	-2.071454	-28.171442	0.975322	-1.105067	-28.202017	0.982774	-1.145280	-27.849387	0.933357	-1.283548	-27.869029	0.981204	-1.336675	-28.182595	0.462876	-1.121079	-27.903084	0.478971	-1.289426	-28.158427	-0.073991	-1.055512	-28.186533	-0.034452	-1.085881	-27.814226	-0.071382	-1.237730	-27.890952	-0.056592	-1.311888
1270	17.630781	00:00:17:46	-28.041193	1.689660	-1.238799	-27.910702	1.616467	-1.159952	-28.054851	1.642121	-1.090960	-28.026530	1.557055	-1.216795	-28.006798	1.547011	-1.216409	-28.099573	1.574435	-1.151633	-27.906878	1.554957	-1.293222	-27.833871	1.392022	-1.079994	-27.996953	0.745671	-1.669938	-27.559484	1.189005	-1.004315	-28.096301	-0.011759	-2.088480	-27.544905	1.201476	-0.974982	-28.064768	-0.035403	-2.076911	-27.570803	1.216291	-1.001322	-28.096475	-0.023969	-2.057892	-28.159154	0.971343	-1.096082	-28.142498	0.981483	-1.144234	-27.851717	0.910785	-1.302381	-27.873430	0.971380	-1.316424	-28.182488	0.448984	-1.112274	-27.862631	0.475215	-1.270703	-28.137100	-0.090990	-1.067380	-28.195030	-0.042931	-1.130527	-27.867127	-0.054221	-1.237166	-27.898755	-0.066386	-1.301052
1271	17.644674	00:00:17:47	-28.034159	1.677924	-1.223470	-27.923045	1.596709	-1.157663	-28.031895	1.614517	-1.092364	-28.037370	1.557301	-1.236147	-27.967176	1.592219	-1.166606	-28.149930	1.581996	-1.132934	-27.868383	1.520551	-1.265143	-27.837280	1.353970	-1.025152	-27.951525	0.774548	-1.651812	-27.556896	1.201017	-1.025371	-28.113936	-0.041936	-2.038409	-27.557850	1.242001	-0.992558	-28.077769	-0.043401	-2.046877	-27.565262	1.215875	-1.036271	-28.084899	-0.019876	-2.070967	-28.140394	0.989412	-1.121144	-28.198896	1.015278	-1.142719	-27.843512	0.985274	-1.280644	-27.914539	0.966066	-1.323182	-28.194681	0.444676	-1.122838	-27.869681	0.473973	-1.286180	-28.153165	-0.041590	-1.106241	-28.188684	-0.024648	-1.099542	-27.854926	-0.056104	-1.257460	-27.883229	-0.040284	-1.303713
1272	17.658568	00:00:17:48	-28.012034	1.663714	-1.241474	-27.913023	1.614955	-1.183347	-28.039518	1.635995	-1.113471	-28.009295	1.553293	-1.211454	-27.980726	1.526705	-1.191438	-28.147786	1.528052	-1.151698	-27.898050	1.546319	-1.238516	-27.839563	1.356637	-1.099466	-27.983978	0.748341	-1.671623	-27.542909	1.215072	-1.004599	-28.074434	-0.027547	-2.075579	-27.542716	1.208234	-1.041874	-28.085297	-0.016730	-2.059615	-27.556743	1.218059	-1.004236	-28.113445	-0.051697	-2.051376	-28.177823	0.952896	-1.087838	-28.212908	1.000305	-1.143215	-27.853624	0.939253	-1.260498	-27.895488	0.981921	-1.285339	-28.177987	0.485849	-1.090845	-27.907793	0.480958	-1.254379	-28.140512	-0.064489	-1.066741	-28.173600	-0.039862	-1.123928	-27.848772	-0.080317	-1.242846	-27.878844	-0.056269	-1.327889
1273	17.672461	00:00:17:49	-28.019874	1.641603	-1.235356	-27.940878	1.627019	-1.219793	-28.047929	1.624367	-1.117731	-28.040030	1.565881	-1.216883	-28.002917	1.559974	-1.175240	-28.140890	1.576367	-1.147876	-27.887478	1.550282	-1.271694	-27.821510	1.371073	-1.044404	-28.010249	0.732653	-1.687175	-27.528332	1.186124	-1.033309	-28.095602	-0.062272	-2.044395	-27.522169	1.202690	-1.003806	-28.120675	-0.041489	-2.052247	-27.518387	1.194693	-0.998252	-28.097586	-0.025631	-2.073586	-28.156990	0.954756	-1.075524	-28.191371	0.965574	-1.128730	-27.871990	0.983707	-1.269110	-27.892902	0.967205	-1.310080	-28.143067	0.465398	-1.107981	-27.854995	0.422386	-1.303849	-28.145469	-0.076292	-1.051741	-28.190413	-0.027357	-1.127590	-27.861662	-0.045285	-1.251812	-27.886572	-0.052020	-1.311975
1274	17.686355	00:00:17:50	-28.030623	1.664972	-1.232282	-27.920366	1.622665	-1.143784	-28.020546	1.655603	-1.093786	-28.004749	1.607907	-1.182653	-28.022471	1.537350	-1.200269	-28.166989	1.555903	-1.135203	-27.895040	1.572624	-1.291658	-27.872973	1.395859	-1.095325	-28.001514	0.771073	-1.692588	-27.503575	1.211652	-1.018652	-28.071449	-0.061968	-2.045385	-27.565984	1.175489	-1.008413	-28.116204	-0.032721	-2.081865	-27.568577	1.190492	-1.028088	-28.103291	-0.049182	-2.092380	-28.147556	0.980381	-1.118562	-28.209131	0.950679	-1.113842	-27.842587	0.980316	-1.258870	-27.852329	0.974978	-1.321170	-28.181426	0.418368	-1.111737	-27.859610	0.450284	-1.305950	-28.147356	-0.081911	-1.043508	-28.169908	-0.074921	-1.163483	-27.847898	-0.089077	-1.249029	-27.873289	-0.011077	-1.316055
1275	17.700248	00:00:17:51	-28.039524	1.688501	-1.220146	-27.935245	1.620476	-1.156218	-28.020758	1.676057	-1.074725	-28.041267	1.559526	-1.219724	-28.009874	1.540525	-1.148689	-28.132417	1.553587	-1.163500	-27.907921	1.562923	-1.315503	-27.876183	1.380563	-1.069077	-28.015913	0.733558	-1.681278	-27.543503	1.210468	-0.968826	-28.085601	-0.041307	-2.058538	-27.562886	1.227051	-1.003474	-28.117362	-0.063833	-2.031323	-27.563211	1.203399	-1.030259	-28.114680	-0.010583	-2.034572	-28.142580	0.948877	-1.092901	-28.201684	1.000731	-1.171808	-27.822646	0.990885	-1.272265	-27.893083	0.997776	-1.322724	-28.169789	0.441343	-1.106263	-27.875728	0.465159	-1.285404	-28.162266	-0.051063	-1.061958	-28.202635	-0.043732	-1.127556	-27.840699	-0.088489	-1.250448	-27.892481	-0.037688	-1.281618
1276	17.714142	00:00:17:52	-28.029926	1.650201	-1.228626	-27.915672	1.627032	-1.159908	-28.031481	1.617430	-1.076488	-28.024567	1.559609	-1.198208	-28.014050	1.537453	-1.200702	-28.150424	1.575060	-1.142214	-27.910847	1.569406	-1.296423	-27.853207	1.373703	-1.084894	-27.986015	0.746001	-1.690377	-27.562748	1.184309	-1.023789	-28.089840	-0.053367	-2.085392	-27.536092	1.208723	-1.026380	-28.095384	-0.048924	-2.047653	-27.542880	1.221756	-1.025422	-28.082725	-0.002448	-2.079141	-28.144908	0.961924	-1.081988	-28.147286	1.011083	-1.131133	-27.854610	0.999896	-1.264551	-27.873853	0.971673	-1.324634	-28.166204	0.461061	-1.116372	-27.855929	0.457263	-1.287746	-28.143236	-0.068228	-1.054183	-28.201594	-0.031718	-1.124588	-27.856056	-0.053842	-1.247015	-27.897514	-0.031642	-1.299817
1277	17.728035	00:00:17:53	-28.041461	1.670219	-1.250822	-27.912343	1.614326	-1.147415	-28.039602	1.641397	-1.096458	-28.045996	1.551096	-1.207978	-28.009563	1.568666	-1.198364	-28.153555	1.516157	-1.148480	-27.907335	1.548985	-1.291302	-27.836233	1.364054	-1.082912	-27.985566	0.738216	-1.691610	-27.530343	1.154755	-1.032796	-28.074949	-0.036973	-2.089996	-27.562726	1.197466	-0.998650	-28.080033	-0.057727	-2.089749	-27.540615	1.203430	-1.048591	-28.090550	-0.049150	-2.082144	-28.137601	0.964965	-1.092793	-28.180496	1.009273	-1.164546	-27.843877	0.963625	-1.243280	-27.880950	1.000393	-1.349820	-28.147668	0.485349	-1.103455	-27.875714	0.504052	-1.273514	-28.151501	-0.086395	-1.089238	-28.190109	-0.055919	-1.134450	-27.868488	-0.055506	-1.257602	-27.875923	-0.026807	-1.288566
1278	17.741929	00:00:17:54	-28.010339	1.667549	-1.251739	-27.914447	1.630372	-1.164603	-28.007041	1.670816	-1.063008	-28.043996	1.542816	-1.231178	-28.016090	1.531794	-1.175173	-28.130501	1.570605	-1.151511	-27.891741	1.538245	-1.311564	-27.874727	1.380411	-1.102553	-27.973614	0.755311	-1.680818	-27.514638	1.200407	-1.007370	-28.081773	-0.061781	-2.051348	-27.546906	1.216693	-1.000284	-28.093811	-0.056121	-2.057185	-27.554381	1.220130	-1.021917	-28.109224	-0.087481	-2.057881	-28.173717	0.976782	-1.106051	-28.196800	0.975308	-1.151183	-27.827599	0.953729	-1.242989	-27.883758	0.986230	-1.314410	-28.190930	0.465283	-1.090710	-27.905737	0.466549	-1.269963	-28.175442	-0.071902	-1.045354	-28.180074	-0.066076	-1.090018	-27.844059	-0.049785	-1.250859	-27.881743	-0.051081	-1.304704
1279	17.755822	00:00:17:55	-27.993587	1.693438	-1.242813	-27.948055	1.598890	-1.158392	-27.995104	1.635847	-1.061627	-28.013212	1.578104	-1.205115	-28.016335	1.557622	-1.204778	-28.170124	1.587355	-1.171775	-27.905871	1.545386	-1.305377	-27.879522	1.384141	-1.040610	-28.026471	0.742388	-1.644645	-27.533648	1.205718	-1.025226	-28.114626	-0.054566	-2.079693	-27.556462	1.184465	-1.004718	-28.096402	-0.047148	-2.088204	-27.590579	1.194396	-1.001049	-28.109968	-0.054560	-2.038799	-28.186913	0.990478	-1.084999	-28.170322	1.007744	-1.137040	-27.846619	0.962299	-1.271872	-27.880063	0.964432	-1.301742	-28.180144	0.468566	-1.107969	-27.862813	0.454648	-1.266214	-28.138087	-0.040843	-1.085777	-28.186519	-0.056526	-1.084120	-27.830443	-0.076821	-1.287292	-27.895461	-0.020175	-1.307502
1280	17.769715	00:00:17:56	-28.031083	1.668665	-1.232902	-27.922128	1.607826	-1.162037	-27.999255	1.630728	-1.106882	-28.012232	1.571422	-1.238984	-28.011014	1.539371	-1.205368	-28.159182	1.558913	-1.181846	-27.926275	1.594079	-1.324582	-27.886792	1.399029	-1.055291	-27.961305	0.763013	-1.674989	-27.583150	1.177971	-1.010197	-28.089364	-0.044468	-2.058262	-27.541804	1.169966	-1.039117	-28.098290	-0.043144	-2.081830	-27.543511	1.183184	-1.025955	-28.108312	-0.036473	-2.066451	-28.154929	0.981132	-1.083160	-28.203925	0.991382	-1.136849	-27.854899	0.974268	-1.247547	-27.866095	0.954320	-1.359344	-28.168330	0.476034	-1.094293	-27.904917	0.465479	-1.269878	-28.147232	-0.050266	-1.074807	-28.187371	-0.063091	-1.126705	-27.872406	-0.089695	-1.258773	-27.897058	-0.046490	-1.286287
1281	17.783609	00:00:17:57	-28.039477	1.728926	-1.216098	-27.920182	1.614207	-1.124664	-28.016892	1.646114	-1.096281	-28.049610	1.566871	-1.215365	-28.011186	1.538059	-1.190237	-28.182609	1.564051	-1.161697	-27.903389	1.578634	-1.290808	-27.854825	1.344259	-1.095774	-27.996630	0.771843	-1.694044	-27.571041	1.190233	-1.046124	-28.099917	-0.020287	-2.068126	-27.568868	1.206639	-1.023022	-28.100291	-0.038872	-2.037043	-27.546185	1.199623	-1.051876	-28.111528	-0.023248	-2.085179	-28.175304	0.970496	-1.086663	-28.195025	0.985447	-1.133881	-27.877030	0.961539	-1.256190	-27.844713	0.996689	-1.328903	-28.156427	0.455553	-1.093252	-27.881280	0.465511	-1.297095	-28.149729	-0.062204	-1.066415	-28.184821	-0.053200	-1.138504	-27.878358	-0.072127	-1.254116	-27.876490	-0.056276	-1.298666
1282	17.797502	00:00:17:58	-28.037410	1.672382	-1.220182	-27.920179	1.647979	-1.165977	-28.014951	1.622103	-1.095682	-28.006444	1.560477	-1.195014	-27.965812	1.563886	-1.172755	-28.179485	1.546025	-1.175361	-27.900588	1.570032	-1.310377	-27.849360	1.364544	-1.117998	-28.003295	0.752401	-1.693896	-27.581024	1.206662	-0.995580	-28.081116	-0.033652	-2.045509	-27.560202	1.210262	-1.020571	-28.090706	-0.025079	-2.079203	-27.555528	1.215202	-1.028532	-28.114206	-0.047600	-2.078012	-28.138897	0.975666	-1.087431	-28.152556	0.960888	-1.145716	-27.872751	0.944170	-1.252740	-27.878846	0.955566	-1.291238	-28.203003	0.458169	-1.087716	-27.867729	0.460506	-1.303200	-28.173949	-0.065617	-1.061134	-28.195181	-0.045770	-1.119507	-27.839087	-0.054578	-1.257462	-27.894958	-0.046317	-1.283954
1283	17.811396	00:00:17:59	-28.036617	1.667388	-1.225760	-27.937043	1.654631	-1.168505	-28.002289	1.653278	-1.084232	-28.033568	1.552383	-1.204047	-28.034260	1.535705	-1.203367	-28.164293	1.566881	-1.164190	-27.898752	1.569296	-1.291836	-27.867964	1.384040	-1.105907	-27.984621	0.757892	-1.677974	-27.551695	1.200723	-1.031148	-28.050007	-0.067090	-2.057501	-27.533327	1.197377	-1.036328	-28.099471	-0.062590	-2.071007	-27.585659	1.141102	-1.043753	-28.112044	-0.036031	-2.045957	-28.185307	1.003707	-1.080466	-28.180864	0.966329	-1.174472	-27.857857	0.975947	-1.286108	-27.889226	0.996068	-1.327124	-28.166847	0.452540	-1.081028	-27.869960	0.437622	-1.283923	-28.171714	-0.084582	-1.070763	-28.215632	-0.005337	-1.116082	-27.817237	-0.062395	-1.239591	-27.883647	-0.050161	-1.325400
1284	17.825289	00:00:17:60	-28.065976	1.676038	-1.247075	-27.952615	1.625441	-1.156504	-28.031821	1.625070	-1.094734	-28.042505	1.551701	-1.259944	-28.011095	1.545766	-1.214052	-28.186521	1.573801	-1.177199	-27.897744	1.565485	-1.332828	-27.851875	1.386486	-1.074113	-27.981776	0.761170	-1.686237	-27.525549	1.194393	-1.033451	-28.073168	-0.038467	-2.066670	-27.560274	1.180548	-1.023020	-28.115568	-0.048168	-2.090980	-27.543560	1.203969	-0.993737	-28.072918	-0.058066	-2.039820	-28.108568	0.932553	-1.062804	-28.188858	1.000196	-1.120384	-27.837648	0.957791	-1.278017	-27.912473	0.989358	-1.339205	-28.165242	0.442212	-1.079698	-27.898182	0.454434	-1.298435	-28.164409	-0.081817	-1.086846	-28.207597	-0.055014	-1.131831	-27.843882	-0.069258	-1.250650	-27.877192	-0.050871	-1.291571
1285	17.839183	00:00:17:61	-28.005498	1.683614	-1.215441	-27.943007	1.625003	-1.154689	-28.025567	1.654916	-1.109283	-28.033597	1.554077	-1.231210	-27.963719	1.561191	-1.176652	-28.145138	1.576680	-1.183947	-27.921149	1.557294	-1.303004	-27.884426	1.395827	-1.098418	-28.008858	0.758602	-1.671813	-27.551770	1.192909	-1.014506	-28.088128	-0.052351	-2.071104	-27.549641	1.190388	-0.990297	-28.088536	-0.060620	-2.090971	-27.558169	1.168656	-1.019549	-28.103414	-0.062464	-2.059242	-28.152227	0.948211	-1.077044	-28.171612	0.982241	-1.170397	-27.844536	0.950289	-1.279193	-27.886638	0.970412	-1.345076	-28.172943	0.471947	-1.106268	-27.878011	0.481141	-1.278379	-28.177184	-0.080839	-1.058711	-28.222268	-0.044671	-1.132009	-27.830476	-0.054218	-1.280637	-27.878593	-0.038704	-1.295676
1286	17.853076	00:00:17:62	-28.045869	1.678515	-1.242719	-27.920877	1.642830	-1.153179	-28.030323	1.615246	-1.100073	-28.017425	1.557372	-1.230115	-28.004981	1.530587	-1.202411	-28.162554	1.562108	-1.136933	-27.920733	1.522364	-1.297602	-27.888905	1.360473	-1.084905	-28.007644	0.770046	-1.690232	-27.538245	1.186223	-1.005966	-28.084201	-0.059850	-2.050796	-27.541506	1.176313	-1.029821	-28.079118	-0.023513	-2.050143	-27.584782	1.198457	-1.039258	-28.102461	-0.016899	-2.054598	-28.165650	0.972832	-1.089597	-28.181096	0.977137	-1.156594	-27.849500	0.956393	-1.288021	-27.852778	0.975141	-1.328416	-28.171245	0.455893	-1.099234	-27.863404	0.431205	-1.269447	-28.146360	-0.058727	-1.047828	-28.204529	-0.066622	-1.076823	-27.850601	-0.046725	-1.241908	-27.884002	-0.062598	-1.318923
1287	17.866970	00:00:17:63	-28.045045	1.665813	-1.180413	-27.930368	1.633505	-1.160502	-28.012671	1.631413	-1.156866	-28.025243	1.568723	-1.237854	-27.992116	1.512433	-1.154504	-28.172839	1.584146	-1.164708	-27.882840	1.568299	-1.286180	-27.854898	1.367698	-1.113976	-27.996194	0.763225	-1.677061	-27.578918	1.171301	-1.025112	-28.102615	-0.046832	-2.053360	-27.554234	1.177337	-1.044167	-28.108150	-0.037655	-2.068908	-27.565645	1.224722	-1.034685	-28.095513	-0.021544	-2.077883	-28.166229	0.964545	-1.078913	-28.167334	0.974169	-1.133901	-27.870618	0.976424	-1.248979	-27.888403	0.963608	-1.354601	-28.177281	0.464596	-1.109235	-27.920351	0.459212	-1.268874	-28.154097	-0.069335	-1.063348	-28.181807	-0.053581	-1.108061	-27.891166	-0.038974	-1.243103	-27.902261	-0.076630	-1.296198
1288	17.880863	00:00:17:64	-28.020924	1.694577	-1.221622	-27.932500	1.653611	-1.158864	-28.015910	1.637346	-1.087768	-27.967523	1.558373	-1.221110	-28.037110	1.551322	-1.207666	-28.166156	1.560147	-1.142845	-27.905083	1.549971	-1.334334	-27.853077	1.373589	-1.086436	-27.990154	0.748758	-1.697301	-27.562643	1.159339	-1.034778	-28.076101	-0.029105	-2.069334	-27.552465	1.156738	-1.063351	-28.095607	-0.055654	-2.077580	-27.549055	1.161742	-1.026427	-28.104756	-0.045442	-2.049526	-28.184268	0.989320	-1.064188	-28.166106	0.984116	-1.153731	-27.842157	0.970286	-1.268803	-27.847925	0.977551	-1.313012	-28.144815	0.504979	-1.118587	-27.857047	0.448909	-1.290726	-28.187805	-0.058673	-1.103067	-28.198757	-0.047397	-1.125724	-27.873694	-0.083694	-1.218820	-27.900596	-0.052387	-1.268683
1289	17.894756	00:00:17:65	-28.030262	1.671352	-1.224377	-27.928441	1.635998	-1.170729	-28.032401	1.604502	-1.142432	-28.020969	1.538911	-1.239559	-27.973980	1.540428	-1.186705	-28.153521	1.533386	-1.154659	-27.922729	1.582728	-1.284883	-27.861219	1.361592	-1.074622	-28.013840	0.768510	-1.678044	-27.541460	1.212480	-1.013277	-28.068591	-0.023483	-2.050755	-27.520429	1.212700	-1.033631	-28.063882	-0.056676	-2.073493	-27.553590	1.154762	-1.034995	-28.074237	-0.038860	-2.052599	-28.166309	0.952621	-1.125024	-28.194760	0.985467	-1.128332	-27.829235	0.947014	-1.262413	-27.883406	0.941708	-1.300725	-28.173039	0.480884	-1.094902	-27.864655	0.469141	-1.292908	-28.169012	-0.057115	-1.059825	-28.177052	-0.043822	-1.124592	-27.861917	-0.063166	-1.294956	-27.891564	-0.032493	-1.315930
1290	17.908650	00:00:17:66	-28.028037	1.689024	-1.215828	-27.889899	1.668304	-1.157985	-28.085707	1.626788	-1.104069	-28.004869	1.547667	-1.214117	-27.980376	1.538285	-1.174298	-28.148743	1.546790	-1.129071	-27.878332	1.578593	-1.295076	-27.845981	1.395784	-1.062568	-27.977350	0.769630	-1.724296	-27.554186	1.191969	-1.031086	-28.108704	-0.058463	-2.085532	-27.581526	1.198527	-1.008041	-28.095845	-0.046013	-2.080228	-27.552758	1.218178	-1.028747	-28.084972	-0.040875	-2.064583	-28.158702	0.972523	-1.075574	-28.180266	0.991143	-1.135514	-27.850361	0.964935	-1.265525	-27.887836	0.982463	-1.338845	-28.126092	0.471647	-1.093864	-27.865937	0.481467	-1.264148	-28.168674	-0.070702	-1.051432	-28.219231	-0.046476	-1.110351	-27.853262	-0.045147	-1.220045	-27.898776	-0.033540	-1.308419
1291	17.922543	00:00:17:67	-28.038212	1.728211	-1.232577	-27.909964	1.659258	-1.163514	-28.020431	1.631256	-1.118798	-28.052110	1.563958	-1.198398	-28.003107	1.561500	-1.197352	-28.142587	1.542294	-1.157435	-27.875239	1.576629	-1.298694	-27.853927	1.355512	-1.106973	-28.039056	0.760274	-1.668157	-27.548629	1.226217	-1.025108	-28.112014	-0.052372	-2.059430	-27.574214	1.182822	-0.981563	-28.097065	-0.061591	-2.076108	-27.562156	1.206359	-1.039468	-28.087818	-0.074773	-2.073861	-28.157169	0.970202	-1.100334	-28.206564	0.992814	-1.121739	-27.854385	0.927885	-1.301404	-27.878034	0.980506	-1.367177	-28.154993	0.438448	-1.074986	-27.862369	0.455301	-1.270110	-28.159437	-0.094742	-1.042919	-28.210915	-0.039830	-1.149798	-27.851571	-0.071917	-1.244983	-27.876783	-0.054221	-1.317279
1292	17.936437	00:00:17:68	-28.010775	1.669897	-1.233552	-27.925409	1.659247	-1.198138	-28.057626	1.670732	-1.077307	-28.012691	1.584595	-1.225449	-28.017159	1.531389	-1.191794	-28.159256	1.556772	-1.134713	-27.898338	1.559953	-1.283809	-27.807581	1.353349	-1.091408	-27.991718	0.776559	-1.668648	-27.555667	1.197829	-1.020188	-28.114019	-0.047621	-2.061280	-27.550079	1.186584	-1.032087	-28.101411	-0.046971	-2.080704	-27.554393	1.212097	-1.033272	-28.105017	-0.081335	-2.060207	-28.144678	0.990636	-1.070380	-28.224593	1.006502	-1.124517	-27.851693	0.954604	-1.295431	-27.880956	1.013636	-1.325013	-28.178928	0.465635	-1.079733	-27.856774	0.503799	-1.315113	-28.148722	-0.058117	-1.067035	-28.197160	-0.034668	-1.126715	-27.813976	-0.053096	-1.259243	-27.893492	-0.026905	-1.291616
1293	17.950330	00:00:17:69	-28.060520	1.701436	-1.228339	-27.961263	1.647025	-1.187835	-28.042865	1.642643	-1.107281	-28.018778	1.552329	-1.237074	-28.018887	1.541516	-1.199266	-28.183315	1.566524	-1.157015	-27.904097	1.558700	-1.293300	-27.843007	1.353898	-1.088960	-27.974690	0.771725	-1.683140	-27.547690	1.186236	-1.034386	-28.100311	-0.036486	-2.035182	-27.525898	1.188425	-1.041154	-28.098564	-0.042697	-2.037536	-27.576329	1.189522	-1.020415	-28.082265	-0.043408	-2.055327	-28.157393	0.985797	-1.067520	-28.199514	0.994629	-1.125026	-27.816233	0.960747	-1.321150	-27.862659	0.981887	-1.323379	-28.213083	0.468666	-1.066046	-27.876079	0.460007	-1.292864	-28.161295	-0.070270	-1.073420	-28.178075	-0.046741	-1.134389	-27.836670	-0.043811	-1.266044	-27.885560	-0.044741	-1.279203
1294	17.964224	00:00:17:70	-28.036398	1.682184	-1.232921	-27.884569	1.620235	-1.145210	-28.039702	1.623935	-1.104910	-28.045044	1.566464	-1.231717	-28.043730	1.563558	-1.192561	-28.184014	1.549988	-1.161465	-27.932217	1.582006	-1.340545	-27.849215	1.365585	-1.102777	-27.994202	0.729520	-1.667258	-27.552627	1.205406	-1.031716	-28.105861	-0.084268	-2.080711	-27.542922	1.188248	-1.018084	-28.080916	-0.040525	-2.039405	-27.540180	1.179810	-1.011441	-28.124029	-0.036417	-2.085117	-28.172622	0.964040	-1.094002	-28.160209	0.983587	-1.150651	-27.858691	0.951640	-1.284780	-27.912106	0.989852	-1.312236	-28.160689	0.445409	-1.093366	-27.856406	0.443226	-1.262607	-28.155874	-0.055344	-1.049912	-28.172048	-0.028815	-1.091777	-27.826270	-0.063910	-1.266564	-27.857193	-0.023354	-1.341062
1295	17.978117	00:00:17:71	-28.012798	1.680545	-1.217306	-27.928394	1.631999	-1.179743	-28.037624	1.632219	-1.111464	-28.009181	1.570737	-1.239523	-27.970241	1.507530	-1.210471	-28.142560	1.606171	-1.156747	-27.921621	1.546250	-1.275227	-27.855922	1.371779	-1.125618	-27.957362	0.749193	-1.658176	-27.577670	1.173135	-1.053941	-28.118334	-0.061193	-2.095341	-27.547878	1.203819	-1.033103	-28.073898	-0.054512	-2.058885	-27.557108	1.181643	-1.001516	-28.092869	-0.037181	-2.045857	-28.158635	0.942905	-1.072992	-28.205681	0.993238	-1.139880	-27.865927	0.950129	-1.298866	-27.841448	1.009607	-1.321255	-28.157103	0.453872	-1.095394	-27.888122	0.472658	-1.267367	-28.139360	-0.066710	-1.086228	-28.163062	-0.071196	-1.107706	-27.889130	-0.079848	-1.281493	-27.894694	-0.028374	-1.267963
1296	17.992011	00:00:17:00	-28.030896	1.662135	-1.217206	-27.902992	1.633296	-1.162647	-28.014920	1.632098	-1.061775	-28.022100	1.542632	-1.242364	-28.012416	1.553276	-1.184739	-28.150077	1.558149	-1.141371	-27.895283	1.590089	-1.275757	-27.857387	1.378629	-1.102187	-27.997066	0.747169	-1.674520	-27.579025	1.187920	-1.026104	-28.108258	-0.018233	-2.069103	-27.563680	1.192792	-1.007779	-28.121031	-0.058651	-2.039257	-27.552982	1.188352	-1.026863	-28.071925	-0.028451	-2.039248	-28.201838	0.977759	-1.087706	-28.176667	0.988027	-1.116751	-27.847765	0.966658	-1.262121	-27.866755	0.981867	-1.329908	-28.163607	0.436068	-1.124849	-27.850126	0.452994	-1.285137	-28.130889	-0.111861	-1.095748	-28.180554	-0.061779	-1.115342	-27.864180	-0.054256	-1.285741	-27.857448	-0.062830	-1.314813
1297	18.005904	00:00:18:01	-28.048617	1.682690	-1.230390	-27.890812	1.640286	-1.157898	-28.013698	1.632538	-1.072259	-28.055783	1.589293	-1.238488	-28.040962	1.535350	-1.192328	-28.134861	1.557377	-1.133311	-27.898000	1.541233	-1.276460	-27.847713	1.343217	-1.115937	-27.990256	0.730416	-1.668512	-27.547622	1.191068	-1.025904	-28.120210	-0.055614	-2.040349	-27.547697	1.178374	-1.056608	-28.077989	-0.060620	-2.081944	-27.571058	1.142417	-1.034846	-28.077667	-0.040748	-2.056306	-28.193987	0.971006	-1.109190	-28.193359	0.952005	-1.110502	-27.872433	0.981308	-1.253014	-27.881630	0.950684	-1.306434	-28.212711	0.490107	-1.107203	-27.856359	0.450874	-1.281264	-28.151185	-0.051087	-1.075352	-28.195118	-0.067510	-1.118862	-27.851118	-0.056036	-1.279057	-27.855059	-0.041132	-1.306805
1298	18.019797	00:00:18:02	-28.037206	1.657254	-1.238257	-27.897973	1.666484	-1.176738	-28.015149	1.626509	-1.091076	-28.051149	1.553728	-1.220098	-27.976423	1.529210	-1.183117	-28.180999	1.575599	-1.165584	-27.917463	1.578808	-1.285472	-27.883087	1.405419	-1.071414	-27.998891	0.780113	-1.658643	-27.550575	1.171011	-1.036384	-28.095215	-0.060408	-2.081937	-27.542924	1.189224	-1.046767	-28.079800	-0.073035	-2.081590	-27.578230	1.184683	-1.018893	-28.095154	-0.043767	-2.058303	-28.130711	0.969231	-1.098415	-28.215174	0.964146	-1.128478	-27.871954	0.951713	-1.297738	-27.882319	0.964349	-1.315212	-28.201082	0.463954	-1.087697	-27.875540	0.453745	-1.300423	-28.155723	-0.068594	-1.100007	-28.202692	-0.033734	-1.124645	-27.839974	-0.104874	-1.288478	-27.896659	-0.049329	-1.322342
1299	18.033691	00:00:18:03	-28.049436	1.680288	-1.234672	-27.929189	1.649440	-1.161153	-28.012083	1.619787	-1.084803	-28.042251	1.567393	-1.231982	-27.986325	1.543599	-1.195585	-28.177759	1.555198	-1.124737	-27.906521	1.584632	-1.300490	-27.878085	1.366353	-1.056154	-27.993409	0.754281	-1.693186	-27.579417	1.188443	-1.007284	-28.064718	-0.036396	-2.088324	-27.565122	1.161742	-1.057854	-28.120113	-0.011858	-2.068938	-27.561978	1.220558	-1.037640	-28.093371	-0.040950	-2.071254	-28.146899	0.943218	-1.104906	-28.145408	0.989820	-1.109078	-27.877516	0.954325	-1.259199	-27.885485	0.955653	-1.378634	-28.186245	0.452956	-1.103860	-27.849110	0.465069	-1.293470	-28.167364	-0.046668	-1.057245	-28.199227	-0.082449	-1.138584	-27.853208	-0.084723	-1.260718	-27.890370	-0.056856	-1.309512
1300	18.047584	00:00:18:04	-28.012361	1.673554	-1.252881	-27.908231	1.658796	-1.176756	-28.009495	1.645032	-1.105736	-28.039296	1.590235	-1.209041	-28.006998	1.548067	-1.182970	-28.153574	1.572908	-1.162800	-27.892963	1.553758	-1.299773	-27.844947	1.384709	-1.074371	-27.977819	0.758746	-1.663730	-27.569489	1.162423	-1.013443	-28.088831	-0.054650	-2.064231	-27.569429	1.162168	-1.017434	-28.068979	-0.022079	-2.045567	-27.544336	1.181452	-1.049086	-28.139828	-0.056686	-2.064671	-28.173580	0.947018	-1.108408	-28.155536	0.960133	-1.145134	-27.850199	0.929106	-1.255095	-27.896596	0.969754	-1.323940	-28.176319	0.447064	-1.126903	-27.844562	0.467128	-1.328725	-28.143266	-0.061402	-1.106320	-28.178539	-0.067114	-1.106825	-27.878289	-0.086105	-1.250765	-27.890354	-0.040295	-1.268797
1301	18.061478	00:00:18:05	-28.027655	1.653336	-1.207187	-27.919091	1.601260	-1.169908	-27.987245	1.610668	-1.090965	-28.007445	1.580494	-1.248906	-28.005002	1.538211	-1.203714	-28.156006	1.553391	-1.142177	-27.924226	1.559256	-1.296957	-27.871624	1.363483	-1.066642	-27.946991	0.747672	-1.652879	-27.558589	1.175160	-1.020698	-28.126712	-0.079751	-2.052926	-27.552486	1.188670	-1.019184	-28.070415	-0.046517	-2.054055	-27.573510	1.173991	-0.986496	-28.085012	-0.042657	-2.073934	-28.163018	0.959451	-1.084905	-28.192654	0.989716	-1.123102	-27.861380	0.982050	-1.287740	-27.898313	0.984467	-1.333821	-28.180326	0.439081	-1.124410	-27.871958	0.438601	-1.279194	-28.131276	-0.066850	-1.081935	-28.215062	-0.020234	-1.105711	-27.873127	-0.089255	-1.254143	-27.877057	-0.016513	-1.307252
1302	18.075371	00:00:18:06	-28.061673	1.677166	-1.201276	-27.930844	1.613331	-1.143106	-28.019411	1.611006	-1.102316	-28.040390	1.550543	-1.217655	-28.006276	1.557625	-1.217195	-28.129985	1.541417	-1.147025	-27.898786	1.539960	-1.319223	-27.886428	1.380301	-1.094789	-27.981598	0.744026	-1.701945	-27.558990	1.200050	-1.042450	-28.089968	-0.039848	-2.075680	-27.568781	1.190855	-1.032902	-28.094788	-0.057924	-2.068330	-27.604475	1.175519	-1.020754	-28.115408	-0.008751	-2.067107	-28.136252	0.940223	-1.084090	-28.175778	0.998642	-1.124244	-27.844724	0.983169	-1.276392	-27.868678	1.013410	-1.311032	-28.159806	0.467438	-1.086422	-27.865333	0.444229	-1.291739	-28.171856	-0.067917	-1.085779	-28.204159	-0.048280	-1.078618	-27.855235	-0.064890	-1.260438	-27.899344	-0.028864	-1.273138
1303	18.089265	00:00:18:07	-28.030496	1.674352	-1.219248	-27.935862	1.658682	-1.156324	-28.007242	1.622068	-1.103424	-28.047225	1.574070	-1.223420	-28.024692	1.541312	-1.191164	-28.149080	1.565511	-1.141128	-27.910427	1.540739	-1.292155	-27.862212	1.358258	-1.072495	-28.012747	0.755079	-1.701636	-27.545016	1.188948	-1.028641	-28.086715	-0.063736	-2.046716	-27.564784	1.194262	-0.996254	-28.099020	-0.038203	-2.076012	-27.578957	1.194538	-1.037780	-28.065894	-0.054217	-2.081973	-28.144751	0.968145	-1.065938	-28.179323	0.960392	-1.149604	-27.877540	0.985284	-1.272290	-27.898616	1.017083	-1.290905	-28.184047	0.453779	-1.129872	-27.867303	0.417396	-1.318641	-28.157770	-0.071437	-1.073612	-28.187448	-0.035936	-1.114378	-27.847659	-0.068110	-1.262569	-27.835368	-0.060125	-1.339522
1304	18.103158	00:00:18:08	-28.035310	1.682491	-1.232312	-27.918319	1.632628	-1.183741	-28.041042	1.666589	-1.127696	-28.017439	1.536664	-1.220811	-28.005427	1.540925	-1.188478	-28.181242	1.576130	-1.143025	-27.909850	1.568503	-1.312779	-27.866005	1.394222	-1.090840	-27.985482	0.752227	-1.698296	-27.565799	1.166997	-0.998092	-28.130027	-0.055597	-2.060134	-27.553359	1.197461	-1.016535	-28.118174	-0.045305	-2.079266	-27.546506	1.175541	-1.054503	-28.088103	-0.026508	-2.042353	-28.157275	0.975455	-1.084374	-28.223077	0.972540	-1.146525	-27.826120	0.947583	-1.262544	-27.873373	0.941814	-1.317507	-28.176326	0.463141	-1.088862	-27.850999	0.478762	-1.282673	-28.142696	-0.042478	-1.090267	-28.180229	-0.038629	-1.131109	-27.877828	-0.060795	-1.259243	-27.876384	-0.044596	-1.316470
1305	18.117052	00:00:18:09	-28.084118	1.648110	-1.233988	-27.946609	1.643995	-1.162178	-28.031259	1.605395	-1.075663	-28.022607	1.567215	-1.228243	-27.989529	1.558165	-1.192300	-28.162941	1.548414	-1.157888	-27.916218	1.555474	-1.278250	-27.868961	1.372709	-1.083498	-27.974967	0.793759	-1.684332	-27.563780	1.193600	-1.014927	-28.091340	-0.057695	-2.083247	-27.560762	1.170477	-1.052425	-28.076500	-0.053575	-2.071261	-27.556059	1.184864	-1.029719	-28.095726	-0.040568	-2.049066	-28.171094	0.956858	-1.078131	-28.204393	0.969988	-1.145985	-27.849309	0.977445	-1.305672	-27.840301	0.979587	-1.332008	-28.175279	0.456388	-1.110447	-27.852188	0.453918	-1.279846	-28.161802	-0.084738	-1.058541	-28.190868	-0.049898	-1.105618	-27.843823	-0.074818	-1.253272	-27.898595	-0.032069	-1.303536
1306	18.130945	00:00:18:10	-28.032780	1.673516	-1.258151	-27.934712	1.661102	-1.154075	-28.044622	1.646271	-1.077046	-28.008411	1.582856	-1.246565	-28.021708	1.555572	-1.215319	-28.161427	1.595917	-1.149341	-27.919572	1.562710	-1.303457	-27.851109	1.358097	-1.107426	-27.997859	0.753944	-1.699968	-27.573982	1.175101	-1.011410	-28.110180	-0.056199	-2.059055	-27.552050	1.191802	-1.057176	-28.100939	-0.005615	-2.048509	-27.559724	1.192537	-1.048983	-28.104975	-0.040089	-2.057781	-28.142305	0.952553	-1.111291	-28.191961	0.991672	-1.122817	-27.868544	0.960420	-1.264491	-27.888616	0.966677	-1.329453	-28.163785	0.471705	-1.105115	-27.880584	0.506784	-1.304618	-28.129563	-0.073331	-1.048962	-28.193002	-0.040996	-1.098568	-27.838447	-0.090211	-1.258766	-27.872378	-0.053622	-1.277332
1307	18.144838	00:00:18:11	-28.011651	1.672492	-1.248105	-27.921147	1.616040	-1.133683	-28.024802	1.674762	-1.116866	-28.067342	1.572469	-1.224882	-28.019981	1.536427	-1.204081	-28.155592	1.567704	-1.147389	-27.891058	1.550099	-1.316569	-27.873016	1.393672	-1.134936	-28.007446	0.748015	-1.682758	-27.573977	1.186748	-1.016268	-28.100856	-0.039235	-2.022194	-27.546896	1.202198	-1.043294	-28.104588	-0.042164	-2.033475	-27.572578	1.174223	-1.001779	-28.113827	-0.060850	-2.072898	-28.171647	0.954561	-1.086683	-28.193290	1.007257	-1.112616	-27.878843	0.949386	-1.271790	-27.881486	0.964483	-1.302096	-28.149834	0.450075	-1.129894	-27.856743	0.465178	-1.295801	-28.193387	-0.081800	-1.061364	-28.200396	-0.077820	-1.116592	-27.866421	-0.047021	-1.240262	-27.874474	-0.048883	-1.296911
1308	18.158732	00:00:18:12	-28.020421	1.682325	-1.226637	-27.904351	1.636186	-1.191872	-27.995133	1.643160	-1.081004	-28.040985	1.566497	-1.208590	-28.013179	1.564534	-1.160845	-28.154987	1.568118	-1.149716	-27.901133	1.570213	-1.308751	-27.868811	1.362460	-1.082738	-28.024027	0.729662	-1.678050	-27.535017	1.176281	-1.013349	-28.080690	-0.000777	-2.045637	-27.553115	1.182975	-1.047893	-28.085743	-0.048850	-2.088136	-27.538357	1.192611	-1.028515	-28.068650	-0.020958	-2.066731	-28.194740	0.978424	-1.082773	-28.181874	0.992637	-1.158205	-27.845883	0.962713	-1.270589	-27.880533	1.006472	-1.318593	-28.184821	0.473928	-1.124377	-27.853661	0.481370	-1.273830	-28.151424	-0.089216	-1.089486	-28.175289	-0.058617	-1.146698	-27.831167	-0.089305	-1.284614	-27.880376	-0.015000	-1.327298
1309	18.172625	00:00:18:13	-28.053209	1.675305	-1.213344	-27.963546	1.655500	-1.125850	-28.017322	1.658230	-1.078045	-28.023288	1.554304	-1.219972	-28.007526	1.517766	-1.198077	-28.164966	1.584621	-1.169168	-27.894979	1.534847	-1.340720	-27.830930	1.342171	-1.075009	-28.014774	0.748685	-1.701053	-27.591868	1.153990	-1.004273	-28.083920	-0.042835	-2.038569	-27.579619	1.180949	-1.028253	-28.077950	-0.058248	-2.058353	-27.551695	1.192216	-1.036293	-28.098627	-0.078755	-2.083346	-28.154958	0.977276	-1.097691	-28.210688	1.006495	-1.134113	-27.862847	0.971165	-1.264496	-27.877088	1.023907	-1.331650	-28.190205	0.475332	-1.091678	-27.855283	0.443135	-1.271811	-28.142378	-0.109566	-1.077786	-28.197200	-0.038411	-1.130159	-27.858832	-0.047585	-1.240849	-27.876397	-0.056730	-1.325903
1310	18.186519	00:00:18:14	-28.009371	1.676699	-1.266412	-27.949203	1.645170	-1.180416	-28.018058	1.639438	-1.103832	-28.027797	1.552691	-1.243475	-28.016194	1.551221	-1.166660	-28.135975	1.552340	-1.135220	-27.882325	1.550822	-1.306331	-27.859633	1.340798	-1.100009	-27.979782	0.756933	-1.663592	-27.557157	1.174509	-1.039612	-28.110788	-0.020970	-2.081021	-27.513645	1.188540	-1.010753	-28.083324	-0.050394	-2.084974	-27.598087	1.163529	-1.050765	-28.103721	-0.034751	-2.069775	-28.169901	0.949348	-1.122274	-28.174584	0.953529	-1.159262	-27.843476	0.985479	-1.255466	-27.876473	0.980356	-1.324427	-28.182590	0.483084	-1.119943	-27.869894	0.460916	-1.281135	-28.169041	-0.067000	-1.102751	-28.199136	-0.025152	-1.129435	-27.860140	-0.055851	-1.239397	-27.895620	-0.049165	-1.343252
1311	18.200412	00:00:18:15	-28.026332	1.670143	-1.226939	-27.885351	1.611539	-1.150785	-28.050092	1.665576	-1.115854	-28.047217	1.555726	-1.234985	-27.995325	1.552949	-1.223150	-28.131556	1.555201	-1.183685	-27.910884	1.560126	-1.290376	-27.873075	1.371371	-1.096635	-28.000485	0.795031	-1.693387	-27.579592	1.145427	-1.039264	-28.088792	-0.057388	-2.049293	-27.532614	1.189070	-1.034961	-28.090455	-0.023236	-2.063214	-27.556623	1.187084	-1.021280	-28.124447	-0.067075	-2.061928	-28.158942	0.940038	-1.076134	-28.204840	0.991938	-1.138956	-27.844029	0.951000	-1.282340	-27.899842	0.993689	-1.316757	-28.189251	0.479391	-1.094174	-27.872797	0.446962	-1.305768	-28.157709	-0.042346	-1.101635	-28.189370	-0.031701	-1.109133	-27.855448	-0.090680	-1.246366	-27.852678	-0.050050	-1.291528
1312	18.214306	00:00:18:16	-28.014873	1.703520	-1.201946	-27.922413	1.638140	-1.196952	-28.035654	1.627511	-1.116475	-28.033716	1.555090	-1.255563	-27.994384	1.572243	-1.196194	-28.184180	1.556689	-1.150483	-27.900743	1.560608	-1.294895	-27.854090	1.376573	-1.096018	-28.007015	0.739296	-1.684551	-27.565127	1.196047	-1.029843	-28.128567	-0.050485	-2.053392	-27.545622	1.172819	-1.029282	-28.087773	-0.034076	-2.078278	-27.547092	1.169076	-1.040538	-28.140555	-0.046977	-2.035234	-28.159247	0.932324	-1.090383	-28.178579	0.991512	-1.127170	-27.840850	0.964422	-1.310356	-27.888578	0.999267	-1.320662	-28.184485	0.449060	-1.101604	-27.871236	0.450199	-1.276009	-28.156584	-0.055779	-1.058254	-28.196552	-0.067850	-1.132898	-27.869544	-0.071103	-1.256920	-27.870626	-0.064014	-1.291784
1313	18.228199	00:00:18:17	-28.037468	1.691725	-1.219177	-27.933211	1.605585	-1.183737	-28.011911	1.635181	-1.105993	-28.009898	1.518784	-1.214265	-28.045844	1.570171	-1.153050	-28.139546	1.544081	-1.158235	-27.877900	1.576962	-1.312694	-27.853501	1.359498	-1.108361	-27.984022	0.749120	-1.704940	-27.550716	1.172233	-1.002631	-28.078703	-0.051527	-2.077017	-27.558625	1.178300	-1.039935	-28.086196	-0.099452	-2.074772	-27.586465	1.206037	-1.065073	-28.101121	-0.071453	-2.078768	-28.154217	0.947651	-1.104361	-28.177444	0.985041	-1.140011	-27.865466	0.976285	-1.301116	-27.881404	0.986270	-1.322030	-28.191265	0.433797	-1.109114	-27.884043	0.451731	-1.289320	-28.165797	-0.055212	-1.101148	-28.191703	-0.057518	-1.115280	-27.890208	-0.087096	-1.221795	-27.896683	-0.040366	-1.298094
1314	18.242093	00:00:18:18	-28.041779	1.691041	-1.202391	-27.902910	1.632899	-1.168677	-28.032268	1.616410	-1.112612	-28.026003	1.573953	-1.267802	-28.027885	1.541413	-1.196947	-28.145910	1.547741	-1.153354	-27.899030	1.552589	-1.285049	-27.834658	1.382046	-1.091724	-28.010921	0.755247	-1.696817	-27.555964	1.168030	-1.056493	-28.082714	-0.027331	-2.057928	-27.556916	1.186021	-1.019007	-28.119280	-0.031981	-2.069037	-27.588456	1.155826	-1.040186	-28.086015	-0.037045	-2.051151	-28.169115	0.974046	-1.103195	-28.206820	0.997267	-1.142334	-27.872862	0.970691	-1.277923	-27.869787	0.974969	-1.333967	-28.199801	0.448322	-1.131450	-27.844233	0.452633	-1.253258	-28.158329	-0.053781	-1.050883	-28.173789	-0.025886	-1.119654	-27.878032	-0.057206	-1.256337	-27.870921	-0.048264	-1.291478
1315	18.255986	00:00:18:19	-27.992237	1.726681	-1.260229	-27.927184	1.645170	-1.181868	-28.030680	1.630976	-1.124313	-28.014569	1.567847	-1.236838	-28.036228	1.541813	-1.185372	-28.190501	1.533720	-1.139001	-27.905986	1.548045	-1.273183	-27.875483	1.367653	-1.103841	-27.976273	0.726460	-1.690361	-27.576084	1.190570	-1.063986	-28.112246	-0.036338	-2.074632	-27.563143	1.178725	-1.048412	-28.068164	-0.045193	-2.074405	-27.563706	1.191750	-1.007352	-28.093537	-0.067390	-2.078152	-28.135534	0.949260	-1.127151	-28.200917	0.980200	-1.159250	-27.854472	0.969989	-1.293949	-27.889963	0.991935	-1.342886	-28.167072	0.479413	-1.093921	-27.882146	0.467251	-1.303262	-28.156827	-0.044006	-1.094170	-28.207387	-0.042460	-1.115019	-27.853187	-0.040701	-1.245376	-27.876937	-0.035484	-1.289822
1316	18.269879	00:00:18:20	-28.048425	1.679741	-1.232793	-27.891392	1.620274	-1.121350	-28.025400	1.647525	-1.082845	-28.040065	1.549678	-1.240321	-28.026255	1.540038	-1.182291	-28.147161	1.557026	-1.149259	-27.904410	1.582671	-1.310730	-27.895134	1.353340	-1.049561	-27.982772	0.759095	-1.689980	-27.580968	1.180567	-1.049735	-28.076773	-0.064680	-2.075653	-27.574937	1.185962	-1.024827	-28.104455	-0.020606	-2.055872	-27.568961	1.172616	-1.039322	-28.128949	-0.011390	-2.078309	-28.153889	0.968903	-1.102201	-28.187523	0.972636	-1.170979	-27.855259	0.955561	-1.279586	-27.892621	0.980547	-1.378593	-28.163101	0.462843	-1.119592	-27.875098	0.450217	-1.302638	-28.159797	-0.069617	-1.060397	-28.202822	-0.025469	-1.113770	-27.858338	-0.064744	-1.255346	-27.897088	-0.027956	-1.302924
1317	18.283773	00:00:18:21	-28.025331	1.660288	-1.227905	-27.938566	1.609677	-1.140549	-28.015430	1.607169	-1.096776	-28.020476	1.557259	-1.201895	-28.004604	1.529604	-1.211060	-28.162199	1.568333	-1.132525	-27.892261	1.556142	-1.271676	-27.826782	1.350854	-1.109633	-27.992726	0.764939	-1.692498	-27.566111	1.152764	-1.064335	-28.107172	-0.046326	-2.062141	-27.575936	1.179323	-1.019954	-28.096014	-0.058702	-2.053371	-27.584865	1.196664	-1.051415	-28.083352	-0.035352	-2.048857	-28.158901	0.950233	-1.070409	-28.212683	0.984030	-1.164032	-27.844184	0.937714	-1.284608	-27.884734	0.999164	-1.298836	-28.162764	0.439682	-1.117652	-27.874854	0.452129	-1.310909	-28.169034	-0.066192	-1.088823	-28.180585	-0.048592	-1.130785	-27.883528	-0.067389	-1.265960	-27.884091	-0.061702	-1.298508
1318	18.297666	00:00:18:22	-28.031925	1.693752	-1.226437	-27.936952	1.632055	-1.159669	-28.030284	1.616778	-1.107733	-28.046654	1.561795	-1.218529	-28.010175	1.545551	-1.185701	-28.169603	1.548289	-1.119360	-27.886436	1.550038	-1.343585	-27.867756	1.363504	-1.115643	-27.996306	0.785345	-1.673994	-27.587326	1.221188	-1.057411	-28.067365	-0.012913	-2.044611	-27.607777	1.201737	-1.032697	-28.092869	-0.076178	-2.046071	-27.569775	1.168553	-1.056995	-28.089041	-0.065733	-2.082333	-28.172637	0.974561	-1.061355	-28.154709	0.963666	-1.141370	-27.849145	0.950565	-1.276329	-27.875658	0.991025	-1.320138	-28.180282	0.470709	-1.103027	-27.891597	0.464321	-1.259555	-28.163532	-0.054456	-1.107102	-28.196838	-0.026853	-1.118055	-27.844282	-0.094239	-1.244561	-27.885905	-0.062861	-1.323509
1319	18.311560	00:00:18:23	-28.016164	1.681807	-1.209484	-27.930176	1.626276	-1.132754	-28.038481	1.618356	-1.086658	-28.039748	1.569385	-1.253872	-27.964884	1.551771	-1.206515	-28.146685	1.572258	-1.179100	-27.918542	1.610140	-1.296731	-27.860055	1.418642	-1.086117	-27.996246	0.773918	-1.643261	-27.551815	1.166820	-1.054295	-28.098569	-0.047712	-2.048898	-27.574559	1.145335	-1.013192	-28.108197	-0.014334	-2.075907	-27.599371	1.205615	-1.078392	-28.078189	-0.044316	-2.060902	-28.152485	0.962050	-1.103168	-28.229634	1.000672	-1.131128	-27.861007	0.968401	-1.285610	-27.881056	0.995158	-1.329836	-28.191147	0.458429	-1.139564	-27.882715	0.446166	-1.298174	-28.132213	-0.064318	-1.075880	-28.165313	-0.053443	-1.127462	-27.866587	-0.077489	-1.273593	-27.868426	-0.072990	-1.283943
1320	18.325453	00:00:18:24	-28.040638	1.694625	-1.228686	-27.907036	1.631096	-1.185918	-28.012285	1.580522	-1.072703	-28.036925	1.537262	-1.208298	-28.005203	1.558015	-1.207421	-28.154374	1.552360	-1.147300	-27.887999	1.564230	-1.338536	-27.845813	1.370400	-1.072456	-27.991448	0.741243	-1.653960	-27.573317	1.200528	-1.062635	-28.088739	-0.048003	-2.053576	-27.575428	1.178138	-1.028855	-28.089113	-0.055092	-2.049217	-27.585449	1.177111	-1.035977	-28.116904	-0.044913	-2.039735	-28.174787	0.946329	-1.084737	-28.219958	0.973205	-1.141901	-27.859673	0.946364	-1.288460	-27.847310	0.942892	-1.320028	-28.211373	0.478231	-1.096651	-27.863565	0.439080	-1.292273	-28.140060	-0.065864	-1.072064	-28.196568	0.004687	-1.137056	-27.874490	-0.049940	-1.253494	-27.879388	-0.044033	-1.288140
1321	18.339347	00:00:18:25	-28.012521	1.696397	-1.270518	-27.913851	1.616941	-1.151882	-28.069411	1.630031	-1.105755	-28.034955	1.570658	-1.218676	-28.060383	1.491358	-1.186938	-28.151916	1.540481	-1.149068	-27.861069	1.570477	-1.325899	-27.870670	1.349718	-1.091368	-27.998474	0.790747	-1.682654	-27.548852	1.152541	-1.031585	-28.121615	-0.096697	-2.066013	-27.542227	1.175635	-1.053251	-28.089401	-0.043357	-2.082910	-27.580757	1.132449	-1.023994	-28.122379	-0.064945	-2.069716	-28.128325	0.948434	-1.113859	-28.188581	0.971187	-1.158233	-27.876090	0.978606	-1.276909	-27.893108	0.958804	-1.339159	-28.168433	0.484477	-1.138565	-27.866538	0.444879	-1.273818	-28.145600	-0.051168	-1.091561	-28.197163	-0.011673	-1.119909	-27.845655	-0.045244	-1.283979	-27.895749	-0.023592	-1.331447
1322	18.353240	00:00:18:26	-28.051711	1.652224	-1.224870	-27.925839	1.622171	-1.164954	-27.995317	1.633074	-1.136054	-27.996123	1.586227	-1.230473	-28.003876	1.549963	-1.189110	-28.178189	1.586996	-1.157567	-27.884415	1.561359	-1.304670	-27.838319	1.365111	-1.079756	-28.003859	0.742765	-1.714734	-27.585237	1.169365	-1.034677	-28.072892	-0.030357	-2.070398	-27.565530	1.146577	-1.036260	-28.113888	-0.061256	-2.056627	-27.564064	1.151348	-1.033981	-28.105272	-0.040944	-2.065722	-28.142785	0.960658	-1.097048	-28.164303	1.013451	-1.150016	-27.858846	0.989174	-1.269923	-27.892095	0.984702	-1.332195	-28.148281	0.472563	-1.093563	-27.851441	0.479193	-1.304387	-28.171979	-0.088262	-1.054225	-28.212385	-0.058030	-1.105001	-27.831910	-0.076575	-1.231584	-27.893102	-0.020721	-1.281888
1323	18.367134	00:00:18:27	-28.065167	1.650777	-1.227480	-27.938615	1.616072	-1.152704	-28.044552	1.608157	-1.118005	-28.064508	1.533043	-1.246245	-28.037673	1.560113	-1.203849	-28.146363	1.574023	-1.130992	-27.885547	1.546134	-1.309341	-27.825480	1.382494	-1.103315	-28.004622	0.736729	-1.665137	-27.533093	1.169095	-1.056181	-28.127396	-0.042289	-2.063627	-27.548198	1.167633	-1.055170	-28.086859	-0.035814	-2.040137	-27.569265	1.131017	-1.068216	-28.081721	-0.063127	-2.075209	-28.164141	0.988499	-1.089815	-28.173542	0.979243	-1.123856	-27.862607	0.941221	-1.262304	-27.861790	0.983796	-1.310852	-28.141687	0.474324	-1.133211	-27.865778	0.466988	-1.283782	-28.171298	-0.088846	-1.064183	-28.224742	-0.024705	-1.126314	-27.861376	-0.076981	-1.273537	-27.898274	-0.049385	-1.295252
1324	18.381027	00:00:18:28	-28.031536	1.677784	-1.236941	-27.937439	1.639369	-1.170921	-28.063192	1.645814	-1.103533	-28.039574	1.549375	-1.236520	-27.993897	1.538331	-1.204515	-28.166013	1.548909	-1.136688	-27.908384	1.542290	-1.298900	-27.872200	1.393770	-1.070792	-28.008489	0.743793	-1.703715	-27.596820	1.201764	-1.042329	-28.114889	-0.052810	-2.039463	-27.540409	1.189237	-1.014663	-28.111545	-0.059735	-2.022810	-27.579973	1.183189	-1.033502	-28.077467	-0.072652	-2.033350	-28.129122	0.930811	-1.090066	-28.171564	0.978614	-1.140838	-27.850516	0.971548	-1.274802	-27.900170	0.996560	-1.318191	-28.162504	0.468935	-1.114242	-27.841814	0.478742	-1.285586	-28.193939	-0.064877	-1.072338	-28.178048	-0.034459	-1.109421	-27.859714	-0.062089	-1.247762	-27.887018	-0.053388	-1.329676
1325	18.394920	00:00:18:29	-28.015664	1.717069	-1.234200	-27.913777	1.651410	-1.142009	-28.020542	1.647562	-1.133724	-28.051855	1.571530	-1.234102	-28.030308	1.558576	-1.193123	-28.159066	1.579142	-1.139809	-27.900981	1.570524	-1.323361	-27.883982	1.376113	-1.087217	-28.006506	0.772165	-1.648636	-27.542793	1.208982	-1.029634	-28.109038	-0.082759	-2.064896	-27.573254	1.189225	-1.047123	-28.080499	-0.053782	-2.039581	-27.577561	1.187441	-1.047241	-28.068194	-0.059392	-2.025476	-28.148024	0.976073	-1.097850	-28.182777	0.985273	-1.155279	-27.847779	0.973458	-1.282721	-27.866457	0.986088	-1.334604	-28.168751	0.467279	-1.132589	-27.867940	0.445234	-1.299161	-28.154838	-0.061893	-1.059435	-28.167251	-0.055776	-1.103660	-27.844415	-0.065243	-1.256955	-27.875232	-0.064533	-1.307019
1326	18.408814	00:00:18:30	-28.051314	1.686168	-1.234241	-27.935993	1.634106	-1.158827	-28.014511	1.597303	-1.109773	-28.042577	1.567699	-1.222172	-28.012474	1.555403	-1.206767	-28.155772	1.541615	-1.130242	-27.879125	1.581200	-1.298538	-27.849717	1.364692	-1.095627	-27.982985	0.755954	-1.702527	-27.579749	1.189529	-1.065879	-28.095139	-0.052001	-2.066363	-27.575520	1.186530	-1.039575	-28.094303	-0.046852	-2.088625	-27.574377	1.191078	-0.998441	-28.087945	-0.011639	-2.068072	-28.157222	0.945263	-1.076121	-28.159552	1.005874	-1.115980	-27.869131	0.949658	-1.309297	-27.903283	0.934720	-1.335339	-28.194985	0.447788	-1.100393	-27.834419	0.470682	-1.299367	-28.161069	-0.061331	-1.105395	-28.186665	-0.048822	-1.131818	-27.844414	-0.100889	-1.250686	-27.901255	-0.063049	-1.333371
1327	18.422707	00:00:18:31	-28.047839	1.675439	-1.259462	-27.915013	1.619965	-1.173389	-28.036684	1.627150	-1.117543	-28.016955	1.577662	-1.247168	-28.015436	1.557836	-1.184732	-28.175136	1.549440	-1.157132	-27.927433	1.562774	-1.277012	-27.851845	1.374194	-1.119768	-28.047470	0.752338	-1.691612	-27.559475	1.197871	-1.036884	-28.120021	-0.025497	-2.084561	-27.575632	1.195864	-1.025571	-28.098662	-0.056982	-2.053713	-27.553519	1.204433	-1.054793	-28.104079	-0.030608	-2.079502	-28.153878	0.963073	-1.100163	-28.190494	0.987467	-1.148166	-27.841190	0.944322	-1.302300	-27.878077	0.969622	-1.353929	-28.191271	0.467276	-1.109396	-27.924194	0.451734	-1.283619	-28.152268	-0.088554	-1.081211	-28.193622	-0.053497	-1.137512	-27.875613	-0.037247	-1.257243	-27.884537	-0.036156	-1.285376
1328	18.436601	00:00:18:32	-28.017387	1.671734	-1.238809	-27.918796	1.651086	-1.139551	-28.035643	1.628103	-1.086209	-28.040400	1.571012	-1.201698	-28.009399	1.552559	-1.216116	-28.152031	1.541745	-1.155544	-27.913743	1.573384	-1.270129	-27.863581	1.417586	-1.090275	-27.969973	0.782452	-1.690455	-27.545239	1.185919	-1.081155	-28.089243	-0.055390	-2.068091	-27.590678	1.195002	-1.051085	-28.100539	-0.032627	-2.052224	-27.593321	1.160449	-1.052003	-28.085033	-0.006009	-2.078420	-28.148956	0.949961	-1.079560	-28.200307	0.956971	-1.131129	-27.834861	0.948721	-1.259732	-27.932908	1.010729	-1.319352	-28.163051	0.482009	-1.097291	-27.841763	0.441013	-1.295936	-28.171850	-0.073024	-1.075226	-28.201009	-0.036682	-1.138507	-27.837837	-0.073908	-1.245206	-27.896244	-0.021542	-1.305584
1329	18.450494	00:00:18:33	-28.052931	1.673631	-1.219196	-27.909813	1.623119	-1.160323	-28.028863	1.645341	-1.101157	-28.033905	1.586952	-1.250017	-28.021587	1.562415	-1.181622	-28.145902	1.531003	-1.186160	-27.923446	1.552681	-1.328725	-27.861227	1.392143	-1.085828	-27.992903	0.740305	-1.697288	-27.556523	1.162405	-1.014380	-28.055910	-0.063815	-2.063201	-27.584574	1.169352	-1.046503	-28.066053	-0.080191	-2.069716	-27.603243	1.192382	-1.034743	-28.090385	-0.039565	-2.088443	-28.183403	0.955531	-1.112701	-28.184478	0.984644	-1.147564	-27.838004	0.933901	-1.266022	-27.877719	0.971263	-1.323392	-28.167078	0.478166	-1.090134	-27.830457	0.449310	-1.287328	-28.157737	-0.055665	-1.085550	-28.185441	-0.030005	-1.138407	-27.873620	-0.073813	-1.255791	-27.887248	-0.042226	-1.303662
1330	18.464388	00:00:18:34	-28.028289	1.648948	-1.213472	-27.880578	1.626766	-1.162324	-28.017364	1.644989	-1.086654	-28.011328	1.545367	-1.229934	-27.992654	1.543142	-1.198608	-28.190098	1.540249	-1.126481	-27.891218	1.575646	-1.295510	-27.854350	1.342654	-1.092141	-28.004073	0.766888	-1.693445	-27.562932	1.194026	-1.033394	-28.102176	-0.029007	-2.075077	-27.594843	1.188781	-1.042325	-28.138892	-0.012272	-2.062361	-27.559280	1.173248	-1.052791	-28.109914	-0.003564	-2.084069	-28.141009	0.982533	-1.089017	-28.216602	0.964785	-1.126459	-27.834524	0.989546	-1.283693	-27.896369	0.963528	-1.329055	-28.176457	0.467687	-1.103899	-27.899838	0.458424	-1.283551	-28.171966	-0.059757	-1.071904	-28.180404	-0.046905	-1.120392	-27.866734	-0.060235	-1.248836	-27.885818	-0.054293	-1.329628
1331	18.478281	00:00:18:35	-28.036314	1.694361	-1.227149	-27.920872	1.611187	-1.178291	-28.022146	1.630748	-1.137460	-28.001269	1.564633	-1.209623	-28.046553	1.556112	-1.203105	-28.137270	1.560172	-1.139023	-27.915932	1.551532	-1.313441	-27.844023	1.354356	-1.084736	-28.003985	0.765669	-1.653189	-27.578952	1.175205	-1.038917	-28.103514	-0.066649	-2.051497	-27.561795	1.168899	-1.044781	-28.098873	-0.026424	-2.054476	-27.563358	1.177050	-1.052593	-28.099669	-0.052157	-2.093276	-28.144456	0.962181	-1.098822	-28.178108	0.962239	-1.137491	-27.845178	0.970785	-1.283261	-27.893302	0.998342	-1.337444	-28.150397	0.474215	-1.100431	-27.870766	0.431318	-1.301902	-28.151895	-0.088035	-1.079187	-28.167645	-0.039345	-1.124615	-27.890821	-0.103337	-1.243700	-27.865086	-0.036211	-1.310678
1332	18.492175	00:00:18:36	-28.017288	1.707563	-1.230504	-27.936669	1.615511	-1.149628	-28.006681	1.624168	-1.143777	-28.054282	1.547115	-1.243535	-28.010198	1.541401	-1.172595	-28.146220	1.578290	-1.142858	-27.934309	1.570239	-1.316092	-27.897027	1.409542	-1.114319	-28.045924	0.788675	-1.678451	-27.587002	1.193096	-1.047980	-28.085598	-0.061615	-2.073517	-27.561749	1.146859	-0.999197	-28.081284	-0.035319	-2.088278	-27.558178	1.144372	-1.020044	-28.107824	-0.040736	-2.063829	-28.160502	0.918425	-1.106549	-28.177218	0.982555	-1.130975	-27.850217	0.961602	-1.269547	-27.901942	0.979329	-1.335338	-28.138826	0.444753	-1.083193	-27.859492	0.427659	-1.282568	-28.200685	-0.085387	-1.069479	-28.177577	-0.044085	-1.103477	-27.847392	-0.062607	-1.265501	-27.870592	-0.042892	-1.276507
1333	18.506068	00:00:18:37	-27.999287	1.669782	-1.230853	-27.913306	1.620273	-1.189625	-28.036485	1.630690	-1.083415	-28.031064	1.554634	-1.186253	-28.022435	1.536545	-1.172403	-28.147338	1.545314	-1.153431	-27.902156	1.562851	-1.319523	-27.878426	1.367213	-1.054880	-28.002294	0.756849	-1.659523	-27.600108	1.175219	-1.033632	-28.097104	-0.034698	-2.063109	-27.564686	1.186933	-1.064231	-28.099702	-0.036408	-2.076906	-27.565884	1.191347	-1.022312	-28.068758	-0.070174	-2.052723	-28.172071	0.929131	-1.099096	-28.208959	0.979123	-1.138556	-27.855258	0.975195	-1.275721	-27.907726	0.992990	-1.323101	-28.192442	0.488800	-1.154242	-27.849563	0.454669	-1.285457	-28.165665	-0.070485	-1.078584	-28.203833	-0.081003	-1.087777	-27.872223	-0.075778	-1.266335	-27.891014	-0.022232	-1.321757
1334	18.519961	00:00:18:38	-28.048686	1.689734	-1.230274	-27.930608	1.607590	-1.178332	-28.040498	1.619520	-1.119273	-28.039598	1.571429	-1.229037	-28.023075	1.566066	-1.185710	-28.178513	1.602122	-1.169799	-27.901295	1.555636	-1.284248	-27.871341	1.370581	-1.117603	-27.995088	0.751414	-1.683558	-27.590340	1.162581	-1.027780	-28.054422	-0.033645	-2.054877	-27.593393	1.191087	-1.042593	-28.105846	-0.048157	-2.053391	-27.542153	1.164897	-1.027306	-28.075025	-0.011426	-2.039611	-28.176487	0.955113	-1.095324	-28.171115	1.000223	-1.154083	-27.862162	0.959567	-1.269181	-27.888954	0.965469	-1.311653	-28.215932	0.445879	-1.097053	-27.866631	0.461902	-1.289221	-28.185430	-0.106525	-1.067758	-28.183393	-0.062286	-1.110405	-27.858326	-0.069820	-1.236637	-27.878057	0.004886	-1.299430
1335	18.533855	00:00:18:39	-28.011252	1.681770	-1.216763	-27.922956	1.603091	-1.175871	-28.016566	1.633828	-1.101355	-28.029037	1.570612	-1.231813	-28.010013	1.558821	-1.184330	-28.174441	1.576562	-1.136626	-27.876767	1.548018	-1.313255	-27.887767	1.363685	-1.125874	-28.031873	0.743863	-1.675638	-27.558890	1.135671	-1.066771	-28.075660	-0.017700	-2.051074	-27.563245	1.172108	-1.064316	-28.076180	-0.090455	-2.059454	-27.528946	1.186415	-1.049237	-28.088668	-0.072331	-2.091082	-28.196100	0.959001	-1.079942	-28.207164	0.993325	-1.159754	-27.868947	0.965994	-1.252583	-27.899533	0.984238	-1.350985	-28.154511	0.453944	-1.076740	-27.844805	0.460599	-1.293221	-28.165165	-0.069202	-1.058008	-28.191969	-0.050375	-1.103997	-27.857805	-0.073411	-1.257501	-27.881118	-0.046241	-1.318067
1336	18.547748	00:00:18:40	-28.057925	1.680501	-1.234748	-27.949209	1.626852	-1.182540	-28.029402	1.662567	-1.134281	-28.005913	1.546752	-1.240928	-28.015643	1.518121	-1.199746	-28.175631	1.572916	-1.129557	-27.907087	1.559923	-1.269065	-27.912771	1.367170	-1.082828	-28.007287	0.750520	-1.653934	-27.575136	1.208652	-1.065731	-28.098868	-0.071902	-2.010022	-27.556136	1.164798	-1.048099	-28.085059	-0.076173	-2.041471	-27.583831	1.167644	-1.036381	-28.085229	-0.075985	-2.067224	-28.189809	0.959725	-1.091618	-28.168793	0.986713	-1.152391	-27.863428	0.976745	-1.270560	-27.874395	1.011100	-1.341893	-28.193415	0.418074	-1.130139	-27.851855	0.444959	-1.310294	-28.170266	-0.049151	-1.078114	-28.203991	-0.053837	-1.139130	-27.826434	-0.063302	-1.268972	-27.894227	-0.037060	-1.279076
1337	18.561642	00:00:18:41	-28.016856	1.689818	-1.219730	-27.915251	1.630045	-1.173188	-28.032383	1.612009	-1.090116	-28.053685	1.545341	-1.248739	-28.026531	1.520118	-1.218549	-28.159596	1.550524	-1.139445	-27.904853	1.559922	-1.310912	-27.865491	1.362276	-1.075147	-28.024633	0.767441	-1.692407	-27.568038	1.165579	-1.024388	-28.088793	-0.038999	-2.056115	-27.553367	1.166334	-1.033618	-28.109521	-0.057122	-2.044789	-27.583016	1.178300	-1.055016	-28.107616	-0.075799	-2.020679	-28.177086	0.957265	-1.141120	-28.201222	0.978640	-1.164245	-27.855014	0.942920	-1.306016	-27.893942	0.972174	-1.301098	-28.187929	0.470647	-1.112522	-27.852389	0.472024	-1.321388	-28.163726	-0.073923	-1.075700	-28.177355	-0.042766	-1.132128	-27.860116	-0.093095	-1.281127	-27.879240	-0.046127	-1.300766
1338	18.575535	00:00:18:42	-28.019732	1.681075	-1.263838	-27.945250	1.598341	-1.149618	-28.021355	1.607310	-1.111650	-28.022646	1.568839	-1.251971	-27.973611	1.529173	-1.212559	-28.164028	1.559366	-1.140272	-27.901877	1.543185	-1.307363	-27.826437	1.367071	-1.097444	-28.006732	0.775251	-1.661136	-27.573278	1.192694	-1.051542	-28.100108	-0.029917	-2.049378	-27.591236	1.166166	-1.057406	-28.088876	-0.040095	-2.061968	-27.570668	1.182394	-1.035926	-28.105307	-0.057451	-2.086740	-28.147677	0.973547	-1.099021	-28.161292	0.997751	-1.122123	-27.849228	0.971491	-1.265413	-27.867289	1.008809	-1.328708	-28.151167	0.453898	-1.121993	-27.869776	0.437096	-1.309622	-28.149629	-0.060082	-1.122162	-28.197428	-0.066033	-1.113838	-27.861407	-0.091472	-1.274767	-27.891023	-0.039573	-1.304182
1339	18.589429	00:00:18:43	-28.033288	1.697301	-1.259402	-27.940653	1.670901	-1.158682	-28.020214	1.623679	-1.123602	-28.042365	1.553010	-1.220101	-28.038718	1.533286	-1.186549	-28.159898	1.573810	-1.161152	-27.915315	1.569007	-1.293580	-27.876467	1.386675	-1.076836	-28.015532	0.722876	-1.673544	-27.565241	1.167397	-1.077902	-28.097159	-0.063525	-2.097378	-27.562691	1.173519	-1.053439	-28.080518	-0.048093	-2.049991	-27.588796	1.158626	-1.050763	-28.109812	-0.066122	-2.066215	-28.179783	1.001831	-1.131711	-28.220774	0.985064	-1.147711	-27.823498	0.958376	-1.305279	-27.894733	0.999651	-1.315263	-28.190619	0.520288	-1.100601	-27.888767	0.477358	-1.302883	-28.152880	-0.062567	-1.079591	-28.207365	-0.046489	-1.100812	-27.861828	-0.076782	-1.280189	-27.871982	-0.038725	-1.311850
1340	18.603322	00:00:18:44	-28.027239	1.668820	-1.177287	-27.901575	1.638884	-1.160309	-28.019375	1.640463	-1.091496	-28.064554	1.581506	-1.256856	-28.039863	1.545592	-1.211508	-28.164711	1.585066	-1.135167	-27.881465	1.538488	-1.339129	-27.873918	1.375710	-1.080914	-27.974877	0.772276	-1.702424	-27.560861	1.177995	-1.045492	-28.056477	-0.017256	-2.088622	-27.554153	1.186128	-1.060358	-28.120818	-0.041186	-2.078112	-27.575924	1.143526	-1.052610	-28.088319	-0.039701	-2.048784	-28.167971	0.959674	-1.081768	-28.190221	0.983237	-1.130805	-27.875375	0.966915	-1.277639	-27.862291	0.993871	-1.344432	-28.159656	0.436846	-1.113439	-27.850586	0.451455	-1.328154	-28.138504	-0.067898	-1.065638	-28.185282	-0.058367	-1.158125	-27.865817	-0.074955	-1.249883	-27.884594	-0.042856	-1.259464
1341	18.617216	00:00:18:45	-28.055235	1.701393	-1.200902	-27.951636	1.625091	-1.170542	-28.032951	1.624580	-1.124367	-28.009063	1.561242	-1.204126	-28.023079	1.564269	-1.207998	-28.180725	1.530296	-1.143490	-27.919358	1.555331	-1.304639	-27.868823	1.363355	-1.092033	-27.973656	0.740521	-1.650126	-27.588236	1.175690	-1.058524	-28.126818	-0.046985	-2.055583	-27.551697	1.163143	-1.054481	-28.108129	-0.036620	-2.054144	-27.590358	1.164493	-1.052980	-28.083121	-0.019467	-2.060945	-28.171152	0.968654	-1.134194	-28.182985	1.005617	-1.172171	-27.816662	0.983158	-1.265505	-27.922336	1.005804	-1.327634	-28.184320	0.452385	-1.094262	-27.876039	0.465509	-1.303278	-28.178611	-0.056980	-1.074664	-28.192659	-0.045958	-1.135269	-27.870689	-0.076785	-1.268621	-27.891524	-0.053980	-1.326273
1342	18.631109	00:00:18:46	-28.033151	1.684034	-1.215583	-27.916286	1.632669	-1.143509	-28.032197	1.629539	-1.096842	-28.028197	1.552944	-1.203992	-28.023562	1.545434	-1.200546	-28.176254	1.568432	-1.154146	-27.905756	1.548116	-1.290321	-27.888490	1.340841	-1.060336	-27.990297	0.743445	-1.673584	-27.601013	1.183315	-1.049642	-28.086810	-0.056485	-2.042730	-27.580338	1.149987	-1.052148	-28.099661	-0.035249	-2.078431	-27.549991	1.156968	-1.039299	-28.116045	-0.037494	-2.033902	-28.186640	0.975684	-1.100721	-28.157305	0.977756	-1.121869	-27.882685	0.985903	-1.276147	-27.928055	0.955732	-1.337288	-28.225825	0.457395	-1.104554	-27.856316	0.458731	-1.320914	-28.176318	-0.075634	-1.097177	-28.213760	-0.070739	-1.118264	-27.862735	-0.094584	-1.229589	-27.910960	-0.026143	-1.304060
1343	18.645002	00:00:18:47	-28.023091	1.703130	-1.214034	-27.942275	1.631083	-1.169456	-28.009597	1.644664	-1.108887	-28.063360	1.560151	-1.228974	-28.006616	1.544830	-1.222763	-28.151254	1.583638	-1.144216	-27.906205	1.574243	-1.328907	-27.894045	1.374652	-1.096546	-27.967616	0.739478	-1.712358	-27.563403	1.141078	-1.061393	-28.106301	-0.073188	-2.068035	-27.551357	1.146965	-1.068732	-28.074572	-0.037193	-2.062843	-27.555733	1.171749	-1.056651	-28.052285	-0.042153	-2.034404	-28.133566	0.942011	-1.103767	-28.205646	1.012473	-1.145121	-27.860037	0.950397	-1.299583	-27.896647	0.981739	-1.317182	-28.160655	0.462973	-1.105369	-27.881849	0.445643	-1.271051	-28.152553	-0.090520	-1.092865	-28.156990	-0.000354	-1.129622	-27.864742	-0.084444	-1.259196	-27.858428	-0.070232	-1.309832
1344	18.658896	00:00:18:48	-28.048649	1.675021	-1.193030	-27.953136	1.619196	-1.174608	-28.028670	1.598428	-1.108061	-28.029813	1.562201	-1.243366	-28.053598	1.546808	-1.193944	-28.167282	1.560797	-1.177977	-27.922203	1.550197	-1.300236	-27.863214	1.362766	-1.122284	-28.002179	0.721854	-1.682049	-27.597540	1.169186	-1.057477	-28.098436	-0.058500	-2.054404	-27.552778	1.163487	-1.033993	-28.118312	-0.076307	-2.084422	-27.583905	1.157374	-1.081995	-28.094275	-0.050632	-2.060927	-28.187611	0.973483	-1.089054	-28.166901	0.991858	-1.113739	-27.828840	0.957010	-1.288697	-27.888372	0.946731	-1.321872	-28.188614	0.476352	-1.139409	-27.846827	0.458114	-1.288515	-28.174344	-0.057690	-1.109632	-28.154658	-0.044524	-1.194372	-27.839368	-0.094384	-1.262404	-27.919713	-0.037447	-1.299049
1345	18.672789	00:00:18:49	-28.022842	1.676621	-1.233289	-27.906466	1.615182	-1.139590	-28.038347	1.643690	-1.083490	-28.046124	1.555500	-1.242936	-28.017045	1.552047	-1.173984	-28.178400	1.561577	-1.163217	-27.924104	1.556051	-1.307334	-27.900708	1.358832	-1.110107	-28.009621	0.721482	-1.691148	-27.571549	1.179542	-1.053800	-28.114174	-0.035314	-2.082240	-27.544603	1.174123	-1.057098	-28.105044	-0.034103	-2.042641	-27.596686	1.162540	-1.046703	-28.095952	-0.065627	-2.051878	-28.190597	0.969566	-1.085968	-28.182505	0.975895	-1.131412	-27.846714	0.985249	-1.266020	-27.870957	0.998982	-1.325023	-28.186093	0.479214	-1.126409	-27.881018	0.458977	-1.298069	-28.165678	-0.084395	-1.076735	-28.198992	-0.014912	-1.109285	-27.881280	-0.068522	-1.276983	-27.849815	-0.045705	-1.300895
1346	18.686683	00:00:18:50	-28.040829	1.674231	-1.220878	-27.890850	1.633261	-1.145088	-28.023657	1.621686	-1.119280	-28.012192	1.550593	-1.200306	-27.999132	1.554890	-1.167668	-28.163896	1.565995	-1.165910	-27.917213	1.582827	-1.294417	-27.885049	1.342900	-1.127053	-27.977653	0.753462	-1.688320	-27.579106	1.143005	-1.034502	-28.094445	-0.036596	-2.045084	-27.556523	1.139602	-1.035857	-28.093919	-0.056796	-2.058765	-27.575524	1.181396	-1.064970	-28.081859	-0.067620	-2.069333	-28.183061	0.949767	-1.096826	-28.194837	1.003710	-1.128893	-27.881563	0.979751	-1.292169	-27.886455	1.002664	-1.307389	-28.175777	0.460073	-1.118582	-27.859766	0.434523	-1.265300	-28.138457	-0.078064	-1.053905	-28.175396	-0.028268	-1.132900	-27.855207	-0.070103	-1.249125	-27.862644	-0.054940	-1.295884
1347	18.700576	00:00:18:51	-28.005711	1.657332	-1.230575	-27.904799	1.619596	-1.150060	-27.988047	1.619223	-1.097242	-28.056405	1.550320	-1.230722	-28.012466	1.577646	-1.217065	-28.182445	1.560331	-1.115864	-27.906625	1.555930	-1.286991	-27.860961	1.357436	-1.108801	-28.012908	0.741922	-1.677310	-27.572232	1.143685	-1.070066	-28.104535	-0.042136	-2.075390	-27.601026	1.157500	-1.051901	-28.108520	-0.067219	-2.031129	-27.611339	1.166980	-1.047054	-28.110870	-0.039600	-2.078893	-28.185185	0.956242	-1.123434	-28.188799	1.016438	-1.156613	-27.856810	1.001909	-1.290009	-27.880044	0.985631	-1.322076	-28.160621	0.451280	-1.111057	-27.868619	0.475028	-1.312606	-28.175816	-0.069817	-1.097620	-28.170714	-0.047596	-1.158865	-27.866731	-0.069165	-1.256566	-27.901302	-0.019005	-1.311805
1348	18.714470	00:00:18:52	-28.063470	1.673074	-1.217883	-27.949469	1.626680	-1.155686	-28.045050	1.629413	-1.101980	-28.019121	1.554458	-1.235324	-27.998904	1.541194	-1.200594	-28.151255	1.562586	-1.138648	-27.905444	1.576441	-1.340558	-27.860009	1.358143	-1.119532	-28.005686	0.764557	-1.717698	-27.554964	1.173404	-1.054101	-28.105888	-0.051188	-2.046474	-27.557961	1.177798	-1.052459	-28.037400	-0.028199	-2.081128	-27.590281	1.153357	-1.031015	-28.084869	-0.030579	-2.082545	-28.161788	0.946361	-1.054132	-28.203136	0.998050	-1.164100	-27.861904	0.998426	-1.276898	-27.899339	0.986326	-1.317287	-28.156413	0.444820	-1.116149	-27.904804	0.470168	-1.281626	-28.159313	-0.058538	-1.082267	-28.193315	-0.048031	-1.136789	-27.881141	-0.048394	-1.259687	-27.877397	-0.015673	-1.328630
1349	18.728363	00:00:18:53	-28.024049	1.696560	-1.257882	-27.918330	1.626153	-1.168315	-28.030289	1.638108	-1.129040	-28.008360	1.567415	-1.252175	-28.006055	1.555576	-1.221939	-28.162968	1.563998	-1.164723	-27.924638	1.540296	-1.331787	-27.891083	1.355963	-1.090632	-28.001768	0.750991	-1.691094	-27.548630	1.187654	-1.045944	-28.133146	-0.037780	-2.062736	-27.563389	1.164374	-1.054888	-28.067810	-0.038075	-2.088345	-27.617017	1.184270	-1.069471	-28.098953	-0.069146	-2.053672	-28.163262	0.965871	-1.081750	-28.175485	0.984569	-1.123094	-27.842336	0.965753	-1.307391	-27.910769	0.988266	-1.344635	-28.191186	0.442047	-1.117533	-27.867750	0.455156	-1.279775	-28.119827	-0.074570	-1.108249	-28.201561	-0.049216	-1.147054	-27.853755	-0.075737	-1.253121	-27.895906	-0.037166	-1.330843
1350	18.742257	00:00:18:54	-28.020421	1.680692	-1.221829	-27.926195	1.627157	-1.167381	-28.050705	1.626599	-1.105529	-28.020924	1.599101	-1.240663	-28.033947	1.549006	-1.194097	-28.202924	1.535070	-1.167633	-27.936974	1.543662	-1.277506	-27.873576	1.364892	-1.095936	-27.992913	0.769683	-1.659611	-27.540591	1.157424	-1.086960	-28.054336	-0.038187	-2.055310	-27.553658	1.172163	-1.085386	-28.107895	-0.040165	-2.034668	-27.562193	1.154728	-1.067664	-28.070695	-0.042701	-2.065875	-28.154074	0.977059	-1.101018	-28.176300	0.970074	-1.158471	-27.841358	0.959407	-1.290863	-27.845244	0.979589	-1.333060	-28.134672	0.447914	-1.133866	-27.850602	0.458647	-1.305178	-28.151463	-0.076248	-1.069540	-28.193835	-0.046294	-1.101068	-27.834875	-0.058616	-1.282600	-27.877142	-0.045590	-1.301953
1351	18.756150	00:00:18:55	-27.992962	1.667190	-1.214446	-27.909605	1.622672	-1.175762	-28.024730	1.629939	-1.077119	-28.028409	1.576108	-1.267615	-28.024012	1.550489	-1.162208	-28.156836	1.557238	-1.115068	-27.899494	1.569186	-1.287177	-27.851380	1.357778	-1.077758	-27.985713	0.766441	-1.683366	-27.605462	1.143803	-1.046069	-28.088992	-0.090216	-2.072729	-27.583481	1.191610	-1.070247	-28.085752	-0.023952	-2.068980	-27.560331	1.165282	-1.083477	-28.091449	-0.057875	-2.037942	-28.164888	0.963500	-1.108528	-28.175612	0.987406	-1.132840	-27.867218	0.945640	-1.290583	-27.845331	0.983045	-1.365985	-28.170639	0.463729	-1.112365	-27.844930	0.445813	-1.309822	-28.205736	-0.054873	-1.076162	-28.174751	-0.023844	-1.123101	-27.841324	-0.080266	-1.251365	-27.871078	-0.025716	-1.284688
1352	18.770043	00:00:18:56	-28.034041	1.693051	-1.210176	-27.912103	1.627294	-1.189124	-28.017703	1.628701	-1.071346	-28.060445	1.605467	-1.226849	-28.036442	1.566561	-1.205704	-28.141907	1.572334	-1.160036	-27.898128	1.563021	-1.308442	-27.859453	1.368927	-1.061929	-27.994469	0.776936	-1.700658	-27.568262	1.135486	-1.030602	-28.073797	-0.043000	-2.046161	-27.551782	1.173100	-1.073428	-28.084205	-0.033460	-2.058587	-27.545024	1.146192	-1.054485	-28.113254	-0.061916	-2.074527	-28.160015	0.934631	-1.091941	-28.184876	1.028777	-1.152396	-27.860549	0.944848	-1.293624	-27.891897	0.995200	-1.336612	-28.190682	0.482472	-1.127321	-27.846612	0.430543	-1.300079	-28.182948	-0.041118	-1.073572	-28.217030	-0.035038	-1.125594	-27.858314	-0.035799	-1.261638	-27.900133	-0.070974	-1.298543
1353	18.783937	00:00:18:57	-28.016820	1.698183	-1.254999	-27.913016	1.654217	-1.159100	-28.029170	1.625190	-1.078513	-28.066980	1.569024	-1.215050	-27.984484	1.535238	-1.198008	-28.179893	1.585887	-1.170724	-27.913566	1.563880	-1.306688	-27.851243	1.348268	-1.111594	-28.018672	0.762572	-1.701114	-27.585330	1.153937	-1.039262	-28.067754	-0.035868	-2.057468	-27.593439	1.163360	-1.061837	-28.106975	-0.040595	-2.085820	-27.618072	1.182747	-1.060699	-28.061597	-0.042939	-2.094093	-28.166185	0.995146	-1.100396	-28.197527	0.979845	-1.149243	-27.847740	0.936698	-1.293533	-27.881182	0.967125	-1.329485	-28.185703	0.481320	-1.118602	-27.869418	0.459075	-1.274272	-28.171469	-0.036329	-1.067441	-28.207940	-0.072850	-1.116196	-27.873555	-0.079119	-1.279762	-27.897940	-0.046028	-1.317275
1354	18.797830	00:00:18:58	-28.016373	1.684265	-1.259645	-27.936795	1.604183	-1.171414	-28.037585	1.650710	-1.089714	-28.052191	1.528416	-1.233354	-28.016851	1.545965	-1.159267	-28.152381	1.567977	-1.161380	-27.907476	1.587122	-1.336066	-27.882479	1.342660	-1.137466	-28.008364	0.752043	-1.691732	-27.583310	1.171373	-1.058278	-28.108700	-0.053241	-2.081609	-27.587215	1.162887	-1.081730	-28.085509	-0.081246	-2.049405	-27.574844	1.162554	-1.034788	-28.124082	-0.041645	-2.060017	-28.157765	1.010528	-1.092369	-28.188951	0.986874	-1.143548	-27.881273	1.001095	-1.262107	-27.873103	1.010285	-1.320959	-28.168655	0.492072	-1.113567	-27.865219	0.498719	-1.283393	-28.165955	-0.045060	-1.087369	-28.176289	-0.033174	-1.139847	-27.854310	-0.032494	-1.267277	-27.895107	-0.053621	-1.307310
1355	18.811724	00:00:18:59	-28.036148	1.697928	-1.229132	-27.938731	1.634218	-1.128939	-28.039997	1.632636	-1.105102	-28.055131	1.588821	-1.237017	-27.995358	1.559356	-1.177262	-28.165149	1.580330	-1.151276	-27.894977	1.574069	-1.340117	-27.864881	1.364322	-1.093893	-27.996120	0.784645	-1.668820	-27.584995	1.150954	-1.056913	-28.079864	-0.021519	-2.083927	-27.535910	1.181029	-1.090252	-28.076351	-0.037621	-2.082184	-27.562039	1.152532	-1.056665	-28.101991	-0.066207	-2.078728	-28.205334	0.954194	-1.084352	-28.185056	1.021541	-1.159391	-27.891932	0.939918	-1.243567	-27.856573	1.008039	-1.340658	-28.178123	0.472776	-1.108816	-27.858280	0.462176	-1.304721	-28.154067	-0.043916	-1.098075	-28.197181	-0.055098	-1.131272	-27.849759	-0.098990	-1.300788	-27.881396	-0.043382	-1.302307
1356	18.825617	00:00:18:60	-28.019505	1.683145	-1.232238	-27.930715	1.588393	-1.181431	-28.006127	1.599526	-1.096478	-28.048324	1.593113	-1.216599	-27.994626	1.550715	-1.233419	-28.176971	1.586761	-1.148299	-27.868420	1.558952	-1.286359	-27.866178	1.385762	-1.107455	-28.003791	0.766311	-1.685334	-27.604633	1.163590	-1.065542	-28.074311	-0.031713	-2.085132	-27.580246	1.162894	-1.087194	-28.106353	-0.055181	-2.082487	-27.594338	1.136071	-1.078832	-28.096843	-0.057262	-2.055143	-28.174243	0.970028	-1.115144	-28.166627	0.976991	-1.148099	-27.851801	0.968219	-1.303536	-27.925247	0.971519	-1.332733	-28.146945	0.460230	-1.075450	-27.860880	0.476970	-1.251730	-28.151883	-0.064203	-1.118898	-28.171864	-0.040070	-1.124916	-27.862501	-0.083416	-1.252803	-27.886044	-0.058458	-1.315449
1357	18.839511	00:00:18:61	-28.032018	1.674512	-1.214503	-27.940648	1.640114	-1.200396	-28.046129	1.617051	-1.130303	-28.028454	1.572999	-1.234623	-28.031368	1.537402	-1.194115	-28.158009	1.556048	-1.150674	-27.902491	1.564005	-1.332632	-27.907406	1.359057	-1.091015	-28.018242	0.750377	-1.679949	-27.566556	1.160366	-1.069310	-28.117877	-0.047651	-2.060919	-27.583452	1.183725	-1.082009	-28.103782	-0.060530	-2.066062	-27.571798	1.144229	-1.048074	-28.133823	-0.068620	-2.076931	-28.168975	0.953514	-1.099421	-28.196549	0.979325	-1.140833	-27.862518	0.972950	-1.270850	-27.873081	0.988958	-1.314731	-28.207982	0.487297	-1.106831	-27.877785	0.496673	-1.305912	-28.165556	-0.048457	-1.089301	-28.210467	-0.034897	-1.141674	-27.857075	-0.069885	-1.297055	-27.891447	-0.062510	-1.305107
1358	18.853404	00:00:18:62	-28.048281	1.670488	-1.240517	-27.893330	1.620505	-1.174367	-28.014078	1.646919	-1.108055	-28.039976	1.550570	-1.253996	-28.001910	1.542657	-1.191133	-28.157933	1.567200	-1.159229	-27.869944	1.568023	-1.265284	-27.893529	1.376241	-1.120226	-28.019141	0.765529	-1.702177	-27.585532	1.186384	-1.059923	-28.097018	-0.046691	-2.079244	-27.550919	1.140574	-1.054809	-28.108426	-0.066545	-2.031172	-27.568827	1.168814	-1.041881	-28.115595	-0.051143	-2.065861	-28.142105	0.954165	-1.127132	-28.206626	0.972717	-1.132108	-27.874430	0.973003	-1.300521	-27.873451	0.977877	-1.331259	-28.165055	0.469525	-1.148005	-27.844919	0.472071	-1.278991	-28.120791	-0.073371	-1.096973	-28.188806	-0.040120	-1.121763	-27.846653	-0.047914	-1.273581	-27.882451	-0.050886	-1.317567
1359	18.867298	00:00:18:63	-28.009440	1.679324	-1.204633	-27.917027	1.608917	-1.174085	-27.997982	1.653626	-1.097181	-28.032499	1.566838	-1.194876	-27.999922	1.547432	-1.185464	-28.146205	1.563999	-1.149879	-27.889716	1.581684	-1.316077	-27.865909	1.360933	-1.114344	-27.989029	0.740793	-1.694112	-27.560803	1.137188	-1.026626	-28.071892	-0.047755	-2.056887	-27.546197	1.199403	-1.039953	-28.096830	-0.060503	-2.066146	-27.580762	1.206335	-1.039729	-28.092962	-0.038351	-2.067967	-28.188819	0.969364	-1.094544	-28.162461	0.977237	-1.119635	-27.840515	0.986162	-1.261069	-27.908560	0.998222	-1.324298	-28.170795	0.434250	-1.105665	-27.885897	0.451857	-1.301201	-28.193985	-0.079990	-1.104504	-28.213635	-0.007446	-1.127204	-27.832583	-0.084533	-1.235182	-27.893697	-0.062049	-1.285822
1360	18.881191	00:00:18:64	-28.024202	1.676327	-1.218042	-27.943184	1.615016	-1.152614	-28.036608	1.633778	-1.098397	-28.014064	1.579200	-1.265947	-28.021851	1.572611	-1.216579	-28.169651	1.569067	-1.169629	-27.926404	1.580149	-1.327576	-27.843163	1.371739	-1.114777	-28.023994	0.771399	-1.633394	-27.590869	1.167590	-1.062947	-28.110694	-0.045656	-2.029627	-27.573833	1.131879	-1.081375	-28.089047	-0.006546	-2.064205	-27.586371	1.172149	-1.091296	-28.101283	-0.035879	-2.048888	-28.168238	1.002441	-1.087606	-28.171717	0.989935	-1.126159	-27.873794	0.979012	-1.310446	-27.914497	1.022481	-1.309160	-28.192445	0.459045	-1.128336	-27.887067	0.455820	-1.283544	-28.150405	-0.071979	-1.073366	-28.188419	-0.067614	-1.144664	-27.873398	-0.083611	-1.260832	-27.884108	-0.034773	-1.317627
1361	18.895084	00:00:18:65	-28.030021	1.708231	-1.226499	-27.916638	1.616029	-1.167907	-27.992569	1.643697	-1.109793	-28.064336	1.571034	-1.226465	-28.030675	1.564182	-1.216798	-28.158149	1.552167	-1.150041	-27.920519	1.573919	-1.306501	-27.862702	1.348129	-1.116628	-28.002223	0.762531	-1.694758	-27.580450	1.136470	-1.095483	-28.081937	-0.048756	-2.054087	-27.597945	1.182068	-1.059310	-28.100987	-0.040547	-2.066549	-27.575763	1.158833	-1.076223	-28.102595	-0.071018	-2.080397	-28.144414	0.964762	-1.121207	-28.187056	0.983287	-1.162949	-27.877058	0.944816	-1.292131	-27.905553	0.980452	-1.355712	-28.164464	0.443048	-1.098919	-27.883123	0.453470	-1.324818	-28.170383	-0.049958	-1.076102	-28.212644	-0.042624	-1.126146	-27.851083	-0.070119	-1.284604	-27.888833	-0.038248	-1.311164
1362	18.908978	00:00:18:66	-28.025415	1.671465	-1.226086	-27.910019	1.651148	-1.152257	-28.040125	1.652289	-1.080848	-28.023116	1.543251	-1.266128	-28.027602	1.572412	-1.199563	-28.150977	1.566454	-1.115707	-27.908301	1.591256	-1.323375	-27.854426	1.331136	-1.121212	-28.005885	0.736291	-1.662264	-27.584691	1.177951	-1.050455	-28.092766	-0.062478	-2.074692	-27.596617	1.135110	-1.070961	-28.082074	-0.055200	-2.094557	-27.598985	1.163597	-1.069770	-28.086238	-0.074806	-2.066802	-28.155354	0.969000	-1.095801	-28.203526	1.045806	-1.142808	-27.870239	0.972283	-1.273477	-27.884827	0.982304	-1.323188	-28.162756	0.486298	-1.086699	-27.863132	0.431388	-1.266842	-28.176383	-0.100892	-1.080082	-28.166783	-0.007343	-1.133302	-27.857032	-0.038502	-1.288968	-27.882908	-0.031999	-1.316480
1363	18.922871	00:00:18:67	-28.058907	1.668729	-1.239531	-27.893805	1.662594	-1.151889	-27.994641	1.633775	-1.090325	-28.042999	1.561086	-1.254348	-27.995789	1.523041	-1.194078	-28.171083	1.570409	-1.165795	-27.897567	1.564609	-1.328184	-27.875400	1.398552	-1.131389	-28.004890	0.790466	-1.690084	-27.594659	1.141754	-1.059487	-28.111734	-0.031781	-2.068134	-27.586500	1.162855	-1.094802	-28.083677	-0.043391	-2.064703	-27.582815	1.122847	-1.039535	-28.099911	-0.057404	-2.071676	-28.159199	0.935504	-1.112763	-28.196659	0.955501	-1.165476	-27.849416	0.987361	-1.258097	-27.895331	0.983383	-1.322196	-28.177006	0.471546	-1.137221	-27.856822	0.452033	-1.294827	-28.154896	-0.077736	-1.076659	-28.191737	-0.054179	-1.125987	-27.844537	-0.074577	-1.282315	-27.903289	-0.026017	-1.340859
1364	18.936765	00:00:18:68	-28.003903	1.694460	-1.216026	-27.922179	1.638393	-1.141426	-28.015400	1.647587	-1.091274	-28.021457	1.532997	-1.241804	-28.029041	1.547912	-1.229286	-28.160732	1.590137	-1.153831	-27.918901	1.563347	-1.319777	-27.875959	1.378907	-1.092827	-28.002889	0.797946	-1.704397	-27.587425	1.172321	-1.039782	-28.077572	-0.029609	-2.049804	-27.571375	1.173321	-1.071067	-28.084160	-0.042757	-2.048468	-27.584684	1.153443	-1.112201	-28.110703	-0.026611	-2.068784	-28.168529	0.946472	-1.095590	-28.187419	0.989111	-1.172052	-27.895266	0.983262	-1.260869	-27.887602	0.993675	-1.337925	-28.218695	0.458509	-1.121123	-27.882100	0.473877	-1.286277	-28.180579	-0.066840	-1.054396	-28.179763	-0.046433	-1.137545	-27.828674	-0.052262	-1.240416	-27.913260	-0.063686	-1.320692
1365	18.950658	00:00:18:69	-28.030196	1.640909	-1.210202	-27.915873	1.660588	-1.152448	-28.049717	1.622030	-1.099793	-28.046468	1.555459	-1.230492	-28.005125	1.578530	-1.200585	-28.140441	1.548984	-1.160756	-27.884706	1.554690	-1.305162	-27.895370	1.361948	-1.105158	-28.016771	0.767715	-1.677796	-27.578595	1.166940	-1.070569	-28.075612	-0.052199	-2.060255	-27.595314	1.170627	-1.057292	-28.091647	-0.067544	-2.033559	-27.587863	1.153607	-1.071192	-28.088003	-0.037391	-2.086891	-28.125297	0.990687	-1.096759	-28.189238	1.015610	-1.152210	-27.850523	0.987292	-1.293552	-27.869266	0.997665	-1.329849	-28.191185	0.458475	-1.131343	-27.865533	0.465020	-1.275349	-28.174474	-0.095965	-1.062285	-28.168498	-0.064350	-1.123048	-27.860809	-0.067011	-1.258875	-27.864917	-0.021867	-1.325351
1366	18.964552	00:00:18:70	-28.036763	1.698084	-1.220749	-27.905984	1.642147	-1.134699	-28.044463	1.623217	-1.106577	-28.055732	1.565060	-1.237309	-28.019616	1.560643	-1.185797	-28.126079	1.580766	-1.179286	-27.904029	1.586046	-1.289394	-27.854448	1.356688	-1.090321	-27.982762	0.746769	-1.685550	-27.589774	1.163850	-1.070307	-28.110156	-0.066153	-2.063953	-27.579758	1.167944	-1.044289	-28.106506	-0.032983	-2.067771	-27.598459	1.154739	-1.057359	-28.090756	-0.044107	-2.065921	-28.162047	0.956994	-1.075553	-28.197155	0.965942	-1.156458	-27.867148	0.975207	-1.289358	-27.887705	0.995157	-1.360731	-28.164704	0.453976	-1.128362	-27.844217	0.442934	-1.283439	-28.180587	-0.069872	-1.076174	-28.188397	-0.048013	-1.135751	-27.858271	-0.099610	-1.254208	-27.894123	-0.032819	-1.318013
1367	18.978445	00:00:18:71	-28.035377	1.684686	-1.230964	-27.935386	1.607366	-1.151502	-28.021508	1.633803	-1.120591	-28.051875	1.548978	-1.231433	-27.984400	1.558628	-1.218558	-28.130049	1.551922	-1.149220	-27.927203	1.556351	-1.302465	-27.843002	1.354710	-1.139125	-27.989556	0.760124	-1.658868	-27.594333	1.177050	-1.051495	-28.116907	-0.050768	-2.089511	-27.613633	1.179309	-1.051567	-28.074820	-0.018600	-2.044117	-27.589420	1.169297	-1.065962	-28.060982	-0.051171	-2.060250	-28.164790	0.945273	-1.103562	-28.222638	0.952345	-1.145437	-27.858060	0.980299	-1.285614	-27.873384	1.018948	-1.323510	-28.195145	0.425034	-1.101106	-27.847926	0.478872	-1.317268	-28.160569	-0.094827	-1.087437	-28.202765	-0.038277	-1.125855	-27.847903	-0.036524	-1.252242	-27.873545	-0.041857	-1.298304
1368	18.992339	00:00:18:00	-28.017422	1.691614	-1.219114	-27.913344	1.631487	-1.171272	-28.021596	1.658859	-1.069507	-28.050365	1.546835	-1.211137	-28.050240	1.563738	-1.200848	-28.161431	1.563229	-1.169608	-27.909545	1.565521	-1.287204	-27.853620	1.355758	-1.119369	-27.996544	0.748892	-1.703576	-27.599076	1.171989	-1.046345	-28.112937	-0.052810	-2.044030	-27.581567	1.132003	-1.082399	-28.088905	-0.051594	-2.042554	-27.546792	1.193214	-1.057838	-28.099553	-0.037231	-2.075516	-28.178927	0.968448	-1.112567	-28.179613	1.005227	-1.152368	-27.887603	0.947985	-1.271828	-27.881568	1.010428	-1.324193	-28.202983	0.447936	-1.086589	-27.872112	0.478306	-1.271728	-28.150249	-0.076854	-1.066311	-28.189764	-0.044909	-1.110758	-27.861871	-0.043108	-1.249850	-27.855038	-0.025306	-1.335542
1369	19.006232	00:00:19:01	-28.054980	1.700778	-1.242690	-27.904364	1.675399	-1.179432	-28.006984	1.632839	-1.101555	-28.045433	1.572029	-1.210681	-28.030495	1.565812	-1.207288	-28.150193	1.549830	-1.154640	-27.910418	1.559070	-1.303370	-27.857708	1.308609	-1.105279	-27.992305	0.737348	-1.679265	-27.598256	1.137255	-1.086573	-28.075613	-0.080563	-2.071485	-27.565710	1.186954	-1.082815	-28.088672	-0.034619	-2.099743	-27.571871	1.170069	-1.058108	-28.063566	-0.061578	-2.076503	-28.176745	0.943118	-1.103152	-28.207123	1.006228	-1.163892	-27.875169	0.966901	-1.282475	-27.917057	0.984597	-1.308256	-28.188964	0.447996	-1.135521	-27.904538	0.426876	-1.297404	-28.158368	-0.062748	-1.090766	-28.196808	-0.029721	-1.119904	-27.875815	-0.078877	-1.294638	-27.888409	-0.034213	-1.280570
1370	19.020125	00:00:19:02	-28.054458	1.668045	-1.237757	-27.940336	1.607617	-1.170485	-28.034109	1.639926	-1.104557	-28.045792	1.540651	-1.202888	-28.036969	1.569766	-1.206672	-28.173142	1.565826	-1.163706	-27.925950	1.549749	-1.306438	-27.870963	1.353378	-1.083735	-28.017077	0.740692	-1.670315	-27.548838	1.155991	-1.071082	-28.097225	-0.051252	-2.035035	-27.567784	1.160532	-1.056611	-28.082448	-0.035715	-2.089608	-27.569973	1.190308	-1.053859	-28.079794	-0.058985	-2.072367	-28.171261	0.968939	-1.108192	-28.214883	0.967129	-1.111657	-27.868733	0.978742	-1.259382	-27.837187	0.973190	-1.314766	-28.185087	0.457796	-1.135649	-27.876664	0.464308	-1.314045	-28.158202	-0.099409	-1.068667	-28.162879	-0.032878	-1.130970	-27.838553	-0.059033	-1.257885	-27.919411	0.001009	-1.343004
1371	19.034019	00:00:19:03	-28.024049	1.657068	-1.231408	-27.921149	1.621957	-1.142909	-28.033028	1.632143	-1.129600	-28.016569	1.544990	-1.238769	-28.039252	1.570845	-1.200035	-28.171425	1.561781	-1.142891	-27.908153	1.556945	-1.306944	-27.863612	1.364437	-1.096090	-27.998884	0.756155	-1.704762	-27.606913	1.123904	-1.079932	-28.122095	-0.034423	-2.070786	-27.574176	1.160723	-1.050832	-28.067045	-0.048367	-2.053759	-27.582508	1.119193	-1.056946	-28.066480	-0.035228	-2.071041	-28.132784	0.980661	-1.088532	-28.201590	1.036835	-1.154468	-27.855591	0.952213	-1.278518	-27.875079	0.992496	-1.337128	-28.161834	0.470570	-1.082767	-27.899910	0.459776	-1.327008	-28.156227	-0.047845	-1.098869	-28.171222	-0.035997	-1.130265	-27.855766	-0.060736	-1.247053	-27.893479	-0.026658	-1.295423
1372	19.047912	00:00:19:04	-28.066520	1.679570	-1.257506	-27.941182	1.632013	-1.164705	-28.037946	1.662093	-1.109034	-28.031359	1.611215	-1.233242	-28.008070	1.559045	-1.214183	-28.153775	1.558528	-1.152518	-27.917533	1.586896	-1.274323	-27.877135	1.356351	-1.124177	-27.973825	0.734393	-1.673150	-27.586259	1.173967	-1.078695	-28.122241	-0.028457	-2.039421	-27.574256	1.160054	-1.061813	-28.081349	-0.051851	-2.032912	-27.608570	1.171875	-1.075839	-28.093400	-0.050628	-2.077118	-28.177504	1.020227	-1.098555	-28.213370	0.999322	-1.127256	-27.867595	0.952055	-1.312985	-27.900923	1.014702	-1.364389	-28.158866	0.441135	-1.125716	-27.868073	0.488822	-1.295739	-28.129442	-0.100086	-1.096010	-28.160150	-0.054005	-1.159407	-27.886647	-0.073256	-1.255949	-27.862223	-0.036455	-1.307539
1373	19.061806	00:00:19:05	-28.039235	1.704204	-1.228791	-27.925512	1.615012	-1.192510	-28.035444	1.632883	-1.125708	-28.043190	1.537167	-1.230268	-28.000946	1.543254	-1.243471	-28.183433	1.612469	-1.136881	-27.922050	1.579091	-1.330419	-27.880834	1.344508	-1.120907	-28.019935	0.732000	-1.725158	-27.583382	1.120710	-1.038025	-28.086983	-0.054027	-2.075284	-27.625982	1.150412	-1.040875	-28.099234	-0.067201	-2.056179	-27.591959	1.142976	-1.062630	-28.101269	-0.060604	-2.084525	-28.161346	0.967021	-1.142605	-28.198770	0.973492	-1.143405	-27.875484	0.968090	-1.302561	-27.880843	1.022315	-1.303903	-28.186654	0.469860	-1.088261	-27.866542	0.453192	-1.281962	-28.191305	-0.090522	-1.037159	-28.181540	-0.060266	-1.106781	-27.877336	-0.061936	-1.271639	-27.896458	-0.030859	-1.298561
1374	19.075699	00:00:19:06	-28.019698	1.682614	-1.255977	-27.892319	1.630759	-1.159746	-28.021680	1.648697	-1.117308	-28.066254	1.558746	-1.230289	-28.035764	1.534964	-1.157004	-28.140257	1.578510	-1.148063	-27.892195	1.561998	-1.291732	-27.892071	1.356633	-1.133991	-27.977511	0.742831	-1.677513	-27.604030	1.158728	-1.078971	-28.069852	-0.060607	-2.069251	-27.613655	1.143416	-1.087851	-28.124728	-0.021346	-2.049107	-27.566239	1.170811	-1.103428	-28.076738	-0.053392	-2.034234	-28.145776	0.949125	-1.084421	-28.183184	0.999485	-1.162683	-27.865323	0.973910	-1.271496	-27.935392	0.977698	-1.311717	-28.189424	0.445755	-1.124710	-27.883845	0.468739	-1.288941	-28.180950	-0.057851	-1.089672	-28.180002	-0.034832	-1.142862	-27.856645	-0.070802	-1.256676	-27.903481	-0.043783	-1.329223
1375	19.089593	00:00:19:07	-28.017772	1.683356	-1.225613	-27.924020	1.642623	-1.166594	-28.030626	1.627276	-1.125295	-28.033582	1.585567	-1.221033	-28.059687	1.553048	-1.188852	-28.164592	1.591103	-1.150545	-27.918510	1.567131	-1.309856	-27.897364	1.351383	-1.094922	-28.004414	0.753882	-1.681576	-27.581592	1.199510	-1.086891	-28.081019	-0.018448	-2.073886	-27.589507	1.140474	-1.059015	-28.089327	-0.098207	-2.026644	-27.560369	1.150029	-1.044929	-28.115482	-0.026226	-2.037781	-28.165780	0.967944	-1.114329	-28.192159	1.012098	-1.162771	-27.847570	0.954149	-1.286805	-27.915644	1.009909	-1.369073	-28.175289	0.471010	-1.097010	-27.889313	0.448859	-1.272979	-28.137555	-0.045728	-1.079000	-28.177127	-0.062595	-1.110580	-27.865743	-0.018026	-1.267998	-27.867099	-0.052561	-1.315308
1376	19.103486	00:00:19:08	-28.018627	1.706472	-1.270096	-27.919343	1.606098	-1.138234	-28.037558	1.648775	-1.105642	-28.012285	1.567215	-1.241812	-27.998096	1.521225	-1.210785	-28.156326	1.559479	-1.171996	-27.924892	1.553510	-1.301418	-27.853948	1.339262	-1.126705	-28.022565	0.771769	-1.689733	-27.606375	1.148710	-1.029641	-28.114085	-0.051550	-2.037119	-27.569146	1.166415	-1.116300	-28.107380	-0.047717	-2.053112	-27.595099	1.191193	-1.058914	-28.081689	-0.022728	-2.073872	-28.167540	0.951449	-1.111348	-28.172753	1.002772	-1.187606	-27.863355	1.001979	-1.296806	-27.887627	1.012212	-1.335336	-28.193758	0.464080	-1.139489	-27.842664	0.458411	-1.295574	-28.142864	-0.042508	-1.101006	-28.183354	-0.029558	-1.097304	-27.852741	-0.058016	-1.239145	-27.898549	-0.026366	-1.288481
1377	19.117380	00:00:19:09	-28.029906	1.653801	-1.230580	-27.947439	1.619765	-1.191948	-28.012913	1.643693	-1.123726	-28.022382	1.565118	-1.209386	-28.014121	1.572621	-1.200302	-28.187340	1.580767	-1.178630	-27.927423	1.552478	-1.317842	-27.908401	1.389073	-1.095882	-27.999041	0.759455	-1.685967	-27.575771	1.147482	-1.084561	-28.089520	-0.069425	-2.051170	-27.620512	1.161880	-1.085270	-28.087011	-0.062064	-2.045215	-27.603165	1.174892	-1.101299	-28.098716	-0.075560	-2.073500	-28.155852	0.997151	-1.121678	-28.174470	0.973831	-1.168551	-27.872498	0.973345	-1.289114	-27.901855	0.987832	-1.341743	-28.193035	0.467596	-1.105508	-27.853000	0.433287	-1.302430	-28.192868	-0.067021	-1.094375	-28.182340	-0.052300	-1.137350	-27.852818	-0.059442	-1.247731	-27.889081	-0.056684	-1.321383
1378	19.131273	00:00:19:10	-28.035215	1.656607	-1.235876	-27.918463	1.628742	-1.169441	-28.023511	1.618573	-1.108993	-28.048316	1.597655	-1.193037	-27.993359	1.563288	-1.184938	-28.173695	1.565766	-1.157700	-27.901164	1.588288	-1.327644	-27.852725	1.335464	-1.126488	-27.978657	0.779541	-1.678482	-27.603993	1.121324	-1.083662	-28.068825	-0.055657	-2.066331	-27.571105	1.169595	-1.040007	-28.123643	-0.011649	-2.052308	-27.563349	1.164635	-1.061480	-28.113645	-0.050427	-2.064886	-28.162796	0.986837	-1.105338	-28.206013	0.968534	-1.133394	-27.863297	0.954883	-1.291829	-27.879761	0.983751	-1.339128	-28.171567	0.476917	-1.087668	-27.851893	0.479219	-1.310354	-28.177684	-0.047099	-1.071273	-28.192436	-0.034204	-1.127775	-27.856325	-0.076708	-1.273815	-27.895743	-0.002765	-1.300815
1379	19.145166	00:00:19:11	-28.045921	1.685382	-1.197351	-27.929717	1.615286	-1.158107	-27.994368	1.625735	-1.096138	-28.064395	1.585658	-1.251193	-28.023783	1.533404	-1.266718	-28.171388	1.558206	-1.165643	-27.878421	1.551544	-1.285853	-27.877974	1.350285	-1.106980	-28.034338	0.781953	-1.682716	-27.588138	1.156483	-1.073898	-28.075000	-0.037307	-2.062675	-27.569258	1.128681	-1.080002	-28.095525	-0.028721	-2.068897	-27.575832	1.159329	-1.068108	-28.085661	-0.068859	-2.070915	-28.160992	0.930871	-1.100658	-28.206412	0.989601	-1.140871	-27.863547	1.023149	-1.307666	-27.927823	0.991201	-1.299247	-28.169089	0.433872	-1.115548	-27.850888	0.490759	-1.332395	-28.173090	-0.063308	-1.100605	-28.194915	-0.026672	-1.157774	-27.842269	-0.068547	-1.264751	-27.879943	-0.039166	-1.298608
1380	19.159060	00:00:19:12	-28.018148	1.665146	-1.246511	-27.913799	1.632302	-1.147017	-28.020767	1.643433	-1.098142	-28.047488	1.565129	-1.218221	-28.010545	1.527001	-1.214887	-28.115859	1.545855	-1.156317	-27.885112	1.561181	-1.280028	-27.871344	1.333696	-1.117686	-27.987338	0.779233	-1.696766	-27.600766	1.183858	-1.041762	-28.115204	-0.060214	-2.055289	-27.538371	1.138427	-1.080650	-28.094521	-0.075520	-2.095103	-27.564102	1.150614	-1.056396	-28.077125	-0.053822	-2.085115	-28.153090	0.940836	-1.110539	-28.176821	0.966275	-1.152624	-27.860454	0.950801	-1.304060	-27.891782	0.988167	-1.349425	-28.154822	0.470156	-1.117088	-27.861651	0.474592	-1.321327	-28.166444	-0.078114	-1.048853	-28.185045	-0.055496	-1.145735	-27.875120	-0.075564	-1.243117	-27.883909	-0.076361	-1.325841
1381	19.172953	00:00:19:13	-28.030635	1.643173	-1.227808	-27.923016	1.625185	-1.152134	-28.004047	1.640391	-1.093417	-28.048737	1.572395	-1.241825	-28.005113	1.556283	-1.235368	-28.136351	1.542095	-1.161978	-27.922660	1.562854	-1.310579	-27.891907	1.366739	-1.122931	-28.001923	0.741725	-1.693674	-27.571350	1.165196	-1.093657	-28.057166	-0.032894	-2.045409	-27.601126	1.127632	-1.083629	-28.096463	-0.045698	-2.057717	-27.572937	1.171579	-1.057881	-28.069789	-0.026753	-2.060157	-28.129858	0.964898	-1.140409	-28.211998	0.963189	-1.130761	-27.855456	0.977995	-1.264850	-27.898521	1.013711	-1.309709	-28.174288	0.489424	-1.135569	-27.870116	0.455847	-1.291975	-28.165007	-0.092554	-1.092794	-28.181331	-0.019158	-1.144842	-27.886404	-0.073839	-1.254130	-27.865259	-0.051128	-1.310175
1382	19.186847	00:00:19:14	-28.035367	1.704568	-1.251856	-27.932284	1.627321	-1.169587	-28.009083	1.651726	-1.081637	-28.041444	1.593722	-1.229245	-28.013327	1.545772	-1.184548	-28.143420	1.597847	-1.143068	-27.891900	1.549490	-1.317341	-27.873866	1.381927	-1.091361	-28.002795	0.764169	-1.700167	-27.578328	1.118031	-1.058564	-28.111610	-0.077781	-2.051918	-27.588231	1.131990	-1.103900	-28.085589	-0.015968	-2.101231	-27.576349	1.180165	-1.105667	-28.082701	-0.060660	-2.064651	-28.164054	0.968049	-1.117116	-28.199787	1.017385	-1.154295	-27.877467	0.936734	-1.278843	-27.898272	1.017668	-1.327246	-28.188390	0.453662	-1.105646	-27.857833	0.490519	-1.313291	-28.143586	-0.069319	-1.080672	-28.232558	-0.045189	-1.140513	-27.876976	-0.083214	-1.242218	-27.900608	-0.018838	-1.288513
1383	19.200740	00:00:19:15	-28.012462	1.689675	-1.204233	-27.939304	1.600581	-1.141319	-28.018713	1.621016	-1.145153	-28.024098	1.582484	-1.255592	-28.021438	1.549077	-1.207184	-28.168662	1.545096	-1.159284	-27.910957	1.558621	-1.310545	-27.879752	1.361548	-1.125656	-27.995089	0.731996	-1.683029	-27.598536	1.140849	-1.085067	-28.126781	-0.028907	-2.062943	-27.609352	1.185824	-1.039469	-28.108432	-0.044448	-2.046118	-27.632774	1.136472	-1.071989	-28.094217	-0.061207	-2.065170	-28.171428	0.964154	-1.055858	-28.191062	0.976052	-1.164869	-27.853621	0.999184	-1.257808	-27.915592	1.004246	-1.325326	-28.181665	0.462678	-1.140241	-27.841971	0.461099	-1.329070	-28.162948	-0.073971	-1.067735	-28.186476	-0.015159	-1.133107	-27.849297	-0.071482	-1.259347	-27.842152	-0.058560	-1.304683
1384	19.214634	00:00:19:16	-28.014862	1.699965	-1.194263	-27.903070	1.614442	-1.152683	-28.016330	1.623132	-1.101412	-28.023826	1.582643	-1.226662	-28.007200	1.542187	-1.205920	-28.168617	1.573843	-1.160389	-27.922684	1.594019	-1.322508	-27.868447	1.357438	-1.109426	-28.005171	0.763425	-1.689538	-27.600336	1.146314	-1.084490	-28.079427	-0.047857	-2.039011	-27.606135	1.187172	-1.077591	-28.126783	-0.044429	-2.085342	-27.550641	1.172924	-1.091896	-28.089391	-0.049025	-2.053428	-28.163438	0.938966	-1.114549	-28.169640	1.011824	-1.159365	-27.841783	0.980542	-1.314057	-27.899204	0.990869	-1.318131	-28.154054	0.465768	-1.094485	-27.861057	0.448496	-1.282127	-28.164370	-0.087281	-1.088931	-28.215377	-0.025568	-1.098488	-27.851571	-0.042673	-1.277974	-27.860819	-0.012700	-1.270800
1385	19.228527	00:00:19:17	-28.027302	1.717785	-1.233276	-27.963362	1.617816	-1.151553	-28.033040	1.636434	-1.129324	-28.058833	1.552627	-1.235564	-28.039956	1.575854	-1.188182	-28.153710	1.578128	-1.151330	-27.897719	1.570417	-1.305368	-27.845806	1.363378	-1.132549	-27.989911	0.728913	-1.673500	-27.601103	1.156960	-1.099374	-28.099760	-0.053575	-2.056481	-27.598957	1.142352	-1.064945	-28.116016	-0.073260	-2.058993	-27.587009	1.121027	-1.076744	-28.100641	-0.047449	-2.054276	-28.173273	0.957583	-1.088086	-28.195802	1.014003	-1.139695	-27.821848	0.977546	-1.262674	-27.924353	1.021284	-1.342105	-28.164797	0.449415	-1.162828	-27.896615	0.496921	-1.297250	-28.154984	-0.085894	-1.094410	-28.225264	-0.041511	-1.174180	-27.843757	-0.035832	-1.265236	-27.876995	-0.063561	-1.311719
1386	19.242421	00:00:19:18	-28.049794	1.710400	-1.215197	-27.908736	1.627214	-1.171034	-28.023427	1.641021	-1.105884	-28.030610	1.571998	-1.262009	-28.027395	1.575609	-1.184212	-28.148786	1.538136	-1.129639	-27.915797	1.583286	-1.285343	-27.900290	1.377624	-1.122509	-27.983094	0.778782	-1.707195	-27.601020	1.147694	-1.078116	-28.094135	-0.044050	-2.060976	-27.600732	1.143920	-1.068424	-28.111087	-0.073530	-2.057883	-27.575468	1.107520	-1.083223	-28.081058	-0.051247	-2.090536	-28.155502	0.976353	-1.107537	-28.178456	0.991793	-1.143516	-27.847976	0.977323	-1.302334	-27.882336	0.976533	-1.338186	-28.176421	0.436854	-1.118384	-27.848806	0.430584	-1.293123	-28.159073	-0.084108	-1.102856	-28.174209	-0.050804	-1.101621	-27.855797	-0.040669	-1.280390	-27.887039	-0.065025	-1.285587
1387	19.256314	00:00:19:19	-28.006276	1.660235	-1.215280	-27.915004	1.652328	-1.144251	-28.012114	1.613023	-1.073968	-28.033900	1.555839	-1.236711	-28.018843	1.575065	-1.191061	-28.135941	1.535881	-1.129403	-27.930879	1.556834	-1.309481	-27.886687	1.349507	-1.117328	-27.981686	0.760709	-1.701471	-27.589177	1.150868	-1.082802	-28.090392	-0.064629	-2.069169	-27.598683	1.154569	-1.064884	-28.068428	-0.024625	-2.055540	-27.588842	1.142738	-1.062747	-28.123701	-0.055279	-2.087719	-28.144825	1.002170	-1.085460	-28.217758	0.982262	-1.155980	-27.866722	0.964321	-1.266396	-27.890851	0.955238	-1.323477	-28.173784	0.451590	-1.097609	-27.871355	0.501646	-1.299078	-28.156689	-0.094111	-1.079771	-28.195805	-0.059942	-1.116101	-27.894028	-0.081561	-1.284271	-27.868913	-0.036016	-1.328204
1388	19.270207	00:00:19:20	-28.046256	1.663403	-1.252623	-27.913628	1.623834	-1.160956	-28.036582	1.588769	-1.079984	-28.054356	1.564562	-1.246243	-28.037508	1.552058	-1.192084	-28.168554	1.544731	-1.143294	-27.904637	1.598061	-1.343563	-27.884376	1.383600	-1.117882	-27.998909	0.726414	-1.706356	-27.593231	1.134212	-1.050740	-28.116961	-0.058874	-2.059101	-27.585984	1.157721	-1.109409	-28.091926	-0.037254	-2.087706	-27.555964	1.154452	-1.061785	-28.104844	-0.078064	-2.051162	-28.180794	0.959793	-1.118255	-28.189496	1.021772	-1.156359	-27.874724	0.932609	-1.297054	-27.900865	0.995577	-1.329167	-28.164836	0.482160	-1.112447	-27.879516	0.468865	-1.323241	-28.183180	-0.014030	-1.099211	-28.177841	-0.035583	-1.153851	-27.866199	-0.067119	-1.283751	-27.875230	-0.054988	-1.332815
1389	19.284101	00:00:19:21	-28.056470	1.685453	-1.181527	-27.939412	1.634266	-1.166322	-28.046070	1.606540	-1.104948	-28.007363	1.570790	-1.243217	-28.014010	1.522004	-1.208879	-28.169886	1.589924	-1.145375	-27.899234	1.589125	-1.298872	-27.872237	1.352499	-1.086335	-27.982876	0.813395	-1.684209	-27.612307	1.132653	-1.052378	-28.101089	-0.058174	-2.076644	-27.599919	1.140817	-1.076413	-28.089057	-0.047724	-2.055560	-27.593978	1.144721	-1.085971	-28.123881	-0.026136	-2.074686	-28.175195	0.946190	-1.122229	-28.177253	0.976982	-1.149460	-27.846790	0.946075	-1.280385	-27.901197	0.978583	-1.332380	-28.184211	0.448009	-1.136324	-27.862613	0.464103	-1.315551	-28.154258	-0.051366	-1.087991	-28.209544	-0.058468	-1.161437	-27.877693	-0.083940	-1.271981	-27.878800	-0.075023	-1.289288
1390	19.297994	00:00:19:22	-28.015231	1.678067	-1.192481	-27.906508	1.642184	-1.139509	-28.021005	1.624428	-1.118941	-28.016318	1.571856	-1.220853	-28.015416	1.529649	-1.182217	-28.143945	1.573000	-1.124856	-27.902338	1.568090	-1.295848	-27.865773	1.377805	-1.096547	-27.989991	0.775074	-1.700429	-27.602956	1.127387	-1.053428	-28.101723	-0.065276	-2.076617	-27.583855	1.164824	-1.107431	-28.099484	-0.057640	-2.078743	-27.626836	1.164511	-1.094491	-28.100978	-0.062816	-2.056972	-28.189488	0.987524	-1.113734	-28.227003	1.012592	-1.170285	-27.884227	0.986732	-1.278162	-27.870597	0.992700	-1.288477	-28.166274	0.472469	-1.125998	-27.862945	0.456755	-1.311792	-28.141806	-0.071764	-1.084935	-28.204874	-0.034144	-1.131259	-27.858928	-0.049264	-1.265571	-27.893482	-0.060742	-1.310897
1391	19.311888	00:00:19:23	-28.035730	1.669640	-1.218704	-27.926948	1.633656	-1.161066	-28.006518	1.623810	-1.122104	-28.031996	1.556671	-1.243337	-27.986837	1.531522	-1.200761	-28.171242	1.584962	-1.149286	-27.916533	1.555125	-1.283513	-27.885173	1.352445	-1.114821	-28.000198	0.743279	-1.687591	-27.603960	1.151825	-1.048915	-28.055766	-0.017463	-2.092782	-27.584113	1.132131	-1.125529	-28.075336	-0.048324	-2.033915	-27.600191	1.184935	-1.076987	-28.104461	-0.071566	-2.048661	-28.155797	0.941807	-1.120752	-28.203342	0.998956	-1.156210	-27.848305	0.957759	-1.317833	-27.891027	0.983446	-1.344120	-28.145018	0.490257	-1.104257	-27.859837	0.474925	-1.269561	-28.163014	-0.063953	-1.090750	-28.216507	-0.021475	-1.124577	-27.877715	-0.089481	-1.253971	-27.884915	-0.036036	-1.318121
1392	19.325781	00:00:19:24	-28.045658	1.704244	-1.228223	-27.927658	1.645508	-1.156541	-28.032420	1.628975	-1.121327	-28.023084	1.548985	-1.238307	-28.025014	1.554893	-1.203815	-28.171274	1.584076	-1.131287	-27.908049	1.560976	-1.303525	-27.898160	1.373463	-1.142733	-28.029955	0.765393	-1.670865	-27.604349	1.135844	-1.063018	-28.139104	-0.014292	-2.058918	-27.556571	1.137296	-1.100574	-28.092398	-0.059087	-2.059119	-27.571223	1.159967	-1.067374	-28.127369	-0.031721	-2.044439	-28.185870	0.958999	-1.120360	-28.189284	0.979710	-1.150145	-27.866915	0.963036	-1.318011	-27.905944	0.973890	-1.347303	-28.176483	0.449231	-1.132771	-27.872566	0.466912	-1.315571	-28.195602	-0.044915	-1.110143	-28.174932	-0.069248	-1.111646	-27.830185	-0.068955	-1.275320	-27.876615	-0.004400	-1.326827
1393	19.339675	00:00:19:25	-28.047569	1.666153	-1.218058	-27.944646	1.621628	-1.169734	-28.049510	1.616053	-1.094266	-28.054827	1.580611	-1.230365	-28.043481	1.562734	-1.213105	-28.167406	1.560019	-1.154464	-27.913861	1.571354	-1.316708	-27.880231	1.368175	-1.126388	-27.984309	0.776556	-1.678532	-27.594651	1.148158	-1.110422	-28.098403	-0.029996	-2.070141	-27.614788	1.152093	-1.078054	-28.092735	-0.061653	-2.048552	-27.574500	1.185027	-1.097496	-28.105520	-0.041099	-2.069719	-28.165398	0.977673	-1.096657	-28.193977	0.994178	-1.123728	-27.853445	0.942452	-1.284842	-27.880567	1.002031	-1.344230	-28.168122	0.453508	-1.122301	-27.867669	0.467996	-1.325441	-28.143907	-0.087561	-1.122920	-28.201121	-0.010070	-1.123167	-27.849483	-0.069265	-1.256926	-27.867974	-0.010760	-1.320347
1394	19.353568	00:00:19:26	-28.045436	1.667187	-1.198212	-27.944651	1.614798	-1.134261	-27.996780	1.640276	-1.109574	-28.036314	1.561689	-1.236840	-28.025770	1.559621	-1.208637	-28.146949	1.546536	-1.137714	-27.919342	1.581294	-1.290710	-27.866362	1.386826	-1.124187	-28.003980	0.757543	-1.718604	-27.604354	1.130528	-1.076766	-28.108539	-0.043198	-2.049441	-27.606642	1.162867	-1.059388	-28.104261	-0.015736	-2.080029	-27.596690	1.130336	-1.051452	-28.091390	-0.070639	-2.060172	-28.178591	0.952918	-1.082466	-28.192318	1.026612	-1.131666	-27.894063	0.971891	-1.320500	-27.888193	0.968974	-1.353095	-28.159054	0.433165	-1.112213	-27.875471	0.456003	-1.286212	-28.175756	-0.082922	-1.060950	-28.184686	-0.041625	-1.114920	-27.825645	-0.068912	-1.272561	-27.903106	-0.038441	-1.321019
1395	19.367462	00:00:19:27	-28.012002	1.694480	-1.224269	-27.901589	1.655730	-1.152268	-28.009661	1.611509	-1.082588	-28.025705	1.551670	-1.243325	-28.036697	1.560841	-1.191138	-28.179553	1.604458	-1.189154	-27.924903	1.558384	-1.318332	-27.882212	1.355356	-1.119344	-28.013317	0.748849	-1.682461	-27.594095	1.159782	-1.108646	-28.102005	-0.035098	-2.047205	-27.573810	1.163000	-1.086914	-28.117968	-0.061581	-2.033867	-27.628876	1.156246	-1.101898	-28.087261	-0.080976	-2.075042	-28.182459	0.951356	-1.084916	-28.189194	0.967101	-1.160184	-27.864382	0.970812	-1.334760	-27.892152	0.974726	-1.343877	-28.185197	0.449871	-1.098140	-27.886957	0.439710	-1.343167	-28.140805	-0.100665	-1.062289	-28.147208	-0.020017	-1.132752	-27.836415	-0.101035	-1.272888	-27.883982	-0.054122	-1.304570
1396	19.381355	00:00:19:28	-28.049971	1.689989	-1.202887	-27.941487	1.637547	-1.160184	-28.017421	1.614999	-1.048273	-28.052394	1.564770	-1.214701	-28.048251	1.550346	-1.228288	-28.185523	1.584258	-1.132532	-27.872931	1.568957	-1.314464	-27.884110	1.343116	-1.148685	-27.996592	0.762295	-1.684103	-27.614403	1.141456	-1.100397	-28.058680	-0.047580	-2.047900	-27.586324	1.133064	-1.070901	-28.069108	-0.022014	-2.060122	-27.591291	1.180593	-1.085912	-28.114543	-0.025795	-2.071790	-28.162240	0.965008	-1.102790	-28.197322	1.014919	-1.140248	-27.838056	0.982067	-1.302689	-27.891060	0.968614	-1.336276	-28.187107	0.456524	-1.143925	-27.885452	0.454777	-1.302587	-28.159309	-0.087056	-1.089657	-28.210621	-0.056555	-1.154636	-27.837797	-0.054725	-1.283862	-27.894016	-0.049624	-1.317543
1397	19.395248	00:00:19:29	-28.060264	1.682450	-1.215063	-27.905460	1.623047	-1.222930	-28.059338	1.650600	-1.086965	-28.026010	1.593120	-1.223069	-28.030661	1.556109	-1.198082	-28.144250	1.546833	-1.179205	-27.901660	1.552110	-1.297192	-27.881741	1.365386	-1.136141	-27.986153	0.744755	-1.697956	-27.597287	1.109892	-1.077500	-28.076415	-0.038758	-2.060345	-27.608139	1.141179	-1.095021	-28.102846	-0.043122	-2.043598	-27.552522	1.152104	-1.098080	-28.047378	-0.039620	-2.036713	-28.165183	0.949973	-1.080814	-28.198123	0.979281	-1.196815	-27.841291	0.986744	-1.280930	-27.904439	0.981352	-1.308493	-28.152896	0.478995	-1.096542	-27.889792	0.436935	-1.325456	-28.154947	-0.086183	-1.080078	-28.210833	-0.056453	-1.124302	-27.849051	-0.049997	-1.273139	-27.885534	-0.057930	-1.306688
1398	19.409142	00:00:19:30	-28.025201	1.685373	-1.214319	-27.899296	1.639563	-1.157563	-28.022014	1.620204	-1.083582	-28.041425	1.559297	-1.228977	-28.005995	1.533606	-1.175307	-28.142310	1.571199	-1.147017	-27.937398	1.585574	-1.315447	-27.897806	1.362909	-1.107897	-27.999770	0.791241	-1.675511	-27.585170	1.138123	-1.073956	-28.104211	-0.027931	-2.081705	-27.585062	1.153965	-1.086546	-28.099240	-0.055931	-2.058917	-27.565815	1.143627	-1.058261	-28.128479	-0.042538	-2.064641	-28.132889	0.959356	-1.123663	-28.208723	0.986948	-1.119552	-27.862653	0.957504	-1.284328	-27.873250	0.981772	-1.321663	-28.180251	0.481169	-1.108630	-27.878409	0.472036	-1.327088	-28.159575	-0.085187	-1.072101	-28.197549	-0.054430	-1.144248	-27.842917	-0.064169	-1.306904	-27.910032	-0.026896	-1.333350
1399	19.423035	00:00:19:31	-28.054668	1.681283	-1.222118	-27.918047	1.615988	-1.174565	-28.032566	1.638530	-1.094266	-28.041747	1.573496	-1.236170	-28.033937	1.553179	-1.176296	-28.183948	1.576137	-1.140364	-27.924213	1.539912	-1.298649	-27.892872	1.360133	-1.107472	-27.990361	0.766288	-1.684137	-27.603041	1.153077	-1.094464	-28.100957	-0.041243	-2.068558	-27.602125	1.152743	-1.111338	-28.080939	-0.020704	-2.028102	-27.613485	1.139387	-1.057840	-28.085498	-0.044951	-2.085987	-28.164279	0.969307	-1.095670	-28.224039	0.991307	-1.137289	-27.851610	0.975986	-1.274561	-27.898638	0.977018	-1.300651	-28.176389	0.493557	-1.120690	-27.876005	0.470003	-1.275451	-28.173885	-0.078771	-1.053413	-28.165339	-0.040131	-1.100903	-27.885197	-0.064365	-1.291831	-27.885744	-0.032303	-1.308652
1400	19.436929	00:00:19:32	-28.039606	1.676918	-1.210034	-27.903025	1.616338	-1.132712	-28.040224	1.631602	-1.098286	-28.032505	1.575291	-1.235995	-28.000389	1.543072	-1.241016	-28.146626	1.536437	-1.152209	-27.916666	1.555721	-1.292759	-27.891574	1.352593	-1.133724	-28.048838	0.739181	-1.697443	-27.582612	1.153257	-1.110692	-28.073091	-0.039983	-2.056796	-27.586672	1.176994	-1.078760	-28.096639	-0.057497	-2.064019	-27.599420	1.149664	-1.076737	-28.082482	-0.018482	-2.085431	-28.171150	0.980144	-1.089474	-28.190887	0.980108	-1.142599	-27.870620	0.931589	-1.286635	-27.882523	0.962763	-1.329050	-28.182604	0.469768	-1.129024	-27.854206	0.455224	-1.335456	-28.181588	-0.056771	-1.074548	-28.190319	-0.061832	-1.122911	-27.880110	-0.080266	-1.264037	-27.901173	-0.056752	-1.250439
1401	19.450822	00:00:19:33	-28.041494	1.727660	-1.206562	-27.905756	1.641548	-1.153698	-28.002535	1.614484	-1.084605	-28.038137	1.571433	-1.212369	-28.023769	1.560453	-1.230683	-28.137619	1.578673	-1.172470	-27.910896	1.532357	-1.317074	-27.891581	1.372950	-1.161324	-28.022089	0.779065	-1.666073	-27.572162	1.150353	-1.090114	-28.122158	-0.040929	-2.061936	-27.598305	1.163272	-1.064387	-28.088098	-0.016025	-2.063531	-27.581209	1.119305	-1.089422	-28.090418	-0.063540	-2.097495	-28.179835	0.936761	-1.093133	-28.149936	0.956648	-1.141582	-27.898288	1.004099	-1.280616	-27.892359	1.005859	-1.316395	-28.150938	0.465788	-1.137247	-27.894940	0.483410	-1.286313	-28.183386	-0.057348	-1.092327	-28.191748	-0.021009	-1.117863	-27.863265	-0.068007	-1.273920	-27.895493	-0.002269	-1.334592
1402	19.464716	00:00:19:34	-28.015470	1.720173	-1.249931	-27.934955	1.595220	-1.160083	-28.017071	1.590942	-1.105832	-28.035226	1.574142	-1.252705	-28.001994	1.519801	-1.193358	-28.161792	1.616172	-1.152454	-27.900023	1.576720	-1.295505	-27.874647	1.344308	-1.137173	-27.988185	0.766720	-1.674370	-27.602815	1.140880	-1.079570	-28.059751	-0.082034	-2.060568	-27.571704	1.156939	-1.063624	-28.089744	-0.031487	-2.064253	-27.599174	1.106697	-1.104160	-28.086496	-0.046649	-2.086574	-28.158604	0.991253	-1.106008	-28.199337	0.991945	-1.163064	-27.842932	0.959723	-1.292403	-27.881769	0.963157	-1.291454	-28.165064	0.445885	-1.136330	-27.857607	0.444862	-1.301596	-28.159036	-0.088746	-1.063299	-28.183998	-0.008884	-1.141508	-27.869861	-0.083717	-1.269793	-27.920958	-0.043088	-1.320934
1403	19.478609	00:00:19:35	-28.003208	1.700273	-1.218620	-27.885540	1.602320	-1.184621	-28.034065	1.641708	-1.141749	-28.045715	1.579377	-1.208070	-28.009074	1.546364	-1.231141	-28.182793	1.574721	-1.167443	-27.917121	1.569803	-1.299874	-27.896169	1.370514	-1.118172	-27.988855	0.774021	-1.672258	-27.569401	1.128953	-1.069151	-28.068251	-0.072549	-2.068175	-27.595563	1.141477	-1.077532	-28.103279	-0.050644	-2.080958	-27.565659	1.147183	-1.072999	-28.086579	-0.032407	-2.068032	-28.180372	0.967106	-1.076593	-28.176265	1.000510	-1.175204	-27.837919	0.959892	-1.283349	-27.907077	0.984237	-1.335875	-28.167123	0.454417	-1.159744	-27.878549	0.491373	-1.292551	-28.166028	-0.077426	-1.058288	-28.197587	-0.072609	-1.144338	-27.833010	-0.054560	-1.278258	-27.906587	-0.066147	-1.337077
1404	19.492503	00:00:19:36	-28.042985	1.729647	-1.211074	-27.912009	1.657915	-1.172205	-28.002024	1.641002	-1.096799	-28.006382	1.573872	-1.240779	-28.034916	1.577434	-1.202523	-28.154888	1.556512	-1.166737	-27.921094	1.574400	-1.309119	-27.878685	1.345311	-1.090743	-27.984660	0.754147	-1.708302	-27.576078	1.146658	-1.080829	-28.112971	-0.021572	-2.039897	-27.587883	1.136202	-1.077331	-28.098802	-0.069019	-2.029761	-27.610063	1.139071	-1.084314	-28.095563	-0.043352	-2.081557	-28.184959	0.965808	-1.133176	-28.186805	0.966109	-1.137812	-27.853681	0.914703	-1.274217	-27.877797	0.989802	-1.367341	-28.181774	0.497436	-1.120276	-27.861840	0.455228	-1.332916	-28.157383	-0.042235	-1.088706	-28.182991	-0.006672	-1.161173	-27.864030	-0.093783	-1.277235	-27.883554	-0.052890	-1.323875
1405	19.506396	00:00:19:37	-28.040137	1.635411	-1.211415	-27.967972	1.663029	-1.186659	-28.018334	1.637029	-1.131719	-28.038986	1.580893	-1.220314	-28.016735	1.530151	-1.202575	-28.167890	1.578994	-1.134397	-27.901333	1.553593	-1.323572	-27.901587	1.349945	-1.131545	-27.989154	0.745955	-1.707497	-27.620374	1.118093	-1.081421	-28.132716	-0.017597	-2.051982	-27.599805	1.140953	-1.084145	-28.087012	-0.045556	-2.059930	-27.599198	1.126265	-1.095448	-28.080283	-0.057601	-2.024757	-28.137630	0.960634	-1.113323	-28.153377	0.982886	-1.151521	-27.863797	0.974982	-1.308390	-27.920376	1.000096	-1.311630	-28.161927	0.453481	-1.103532	-27.907053	0.470922	-1.291739	-28.190801	-0.086942	-1.111731	-28.222339	-0.056487	-1.134696	-27.838365	-0.066890	-1.268549	-27.899020	-0.052521	-1.310760
1406	19.520289	00:00:19:38	-28.034544	1.678592	-1.221223	-27.930198	1.611585	-1.158988	-28.029404	1.639324	-1.085467	-28.051939	1.545250	-1.245113	-28.022030	1.531783	-1.228897	-28.195488	1.559064	-1.154554	-27.922308	1.552816	-1.326114	-27.882783	1.382891	-1.148368	-28.004629	0.761576	-1.663979	-27.570921	1.140261	-1.082828	-28.075210	-0.062428	-2.039225	-27.605993	1.102625	-1.059537	-28.085023	-0.038880	-2.085478	-27.597611	1.115633	-1.083391	-28.097293	-0.049824	-2.062440	-28.143156	0.992774	-1.117001	-28.190145	1.012371	-1.184782	-27.880224	0.970642	-1.287392	-27.940820	0.996355	-1.325107	-28.195525	0.469635	-1.138660	-27.849631	0.464974	-1.285318	-28.164616	-0.096778	-1.053860	-28.196358	-0.003586	-1.114376	-27.860990	-0.082587	-1.263315	-27.885338	-0.048735	-1.340191
1407	19.534183	00:00:19:39	-28.009345	1.655166	-1.240492	-27.907375	1.630622	-1.176850	-28.026437	1.633963	-1.078348	-28.041813	1.553205	-1.212518	-28.023593	1.520161	-1.195957	-28.171435	1.575506	-1.163608	-27.910669	1.588413	-1.330487	-27.913912	1.381158	-1.142234	-27.991838	0.731363	-1.655181	-27.592862	1.125493	-1.102823	-28.083512	-0.043977	-2.102450	-27.587592	1.169542	-1.124998	-28.101063	-0.049032	-2.088597	-27.571481	1.153947	-1.095748	-28.051299	-0.020698	-2.068418	-28.172909	0.937675	-1.131583	-28.187842	1.000153	-1.163372	-27.852361	0.980799	-1.272511	-27.883916	0.978423	-1.332757	-28.167296	0.435541	-1.128577	-27.861533	0.450147	-1.324038	-28.169741	-0.086949	-1.057650	-28.189279	-0.057583	-1.123565	-27.850650	-0.085034	-1.276186	-27.872253	-0.040565	-1.318310
1408	19.548076	00:00:19:40	-28.033774	1.704395	-1.247004	-27.911714	1.628662	-1.176625	-28.031561	1.625421	-1.100057	-28.019708	1.575430	-1.240622	-28.033676	1.517408	-1.215402	-28.141493	1.588597	-1.164127	-27.912419	1.534684	-1.331189	-27.865527	1.378653	-1.124523	-28.016644	0.763273	-1.720127	-27.641233	1.128088	-1.079094	-28.099597	-0.040518	-2.056973	-27.588407	1.145222	-1.100053	-28.085016	-0.058946	-2.073600	-27.571029	1.167332	-1.111849	-28.117033	-0.067863	-2.056373	-28.168386	0.950439	-1.106290	-28.181892	0.996759	-1.165643	-27.857854	0.972718	-1.317118	-27.893412	0.971494	-1.316826	-28.178627	0.434543	-1.110024	-27.861484	0.421962	-1.304342	-28.178642	-0.072712	-1.080497	-28.182162	-0.087599	-1.130227	-27.895303	-0.050825	-1.263967	-27.896591	-0.036291	-1.318554
1409	19.561970	00:00:19:41	-28.051948	1.668480	-1.238577	-27.907753	1.626863	-1.180096	-28.006174	1.629186	-1.115113	-28.022531	1.567236	-1.232410	-28.056586	1.554569	-1.223071	-28.174313	1.577816	-1.161060	-27.893717	1.552008	-1.350888	-27.861749	1.356686	-1.130123	-27.999362	0.756999	-1.682180	-27.578497	1.133368	-1.098633	-28.090762	-0.048812	-2.070662	-27.596358	1.135467	-1.056451	-28.078748	-0.053800	-2.046488	-27.592090	1.133455	-1.102136	-28.056634	-0.052296	-2.051273	-28.166291	0.977618	-1.091171	-28.187040	1.003309	-1.133253	-27.856629	0.975703	-1.302395	-27.876480	1.014241	-1.356894	-28.155500	0.492577	-1.134566	-27.865182	0.472263	-1.305732	-28.168101	-0.037250	-1.114326	-28.162236	-0.002996	-1.102880	-27.869388	-0.047924	-1.280619	-27.876950	-0.051806	-1.305532
1410	19.575863	00:00:19:42	-28.031687	1.667960	-1.237957	-27.886990	1.654095	-1.183559	-28.054312	1.612816	-1.100472	-28.036224	1.591305	-1.258846	-28.012257	1.544263	-1.225127	-28.184961	1.580566	-1.168610	-27.903074	1.561760	-1.333070	-27.907328	1.361648	-1.106171	-28.029214	0.779891	-1.687772	-27.594181	1.152218	-1.075878	-28.072177	-0.028219	-2.086149	-27.598051	1.138077	-1.083833	-28.094974	-0.048670	-2.044846	-27.613370	1.160099	-1.070584	-28.108249	-0.064561	-2.065659	-28.188370	0.994164	-1.112849	-28.223339	0.973797	-1.139724	-27.879757	0.974558	-1.291521	-27.892314	0.996221	-1.327540	-28.175792	0.447541	-1.123362	-27.878814	0.447600	-1.339320	-28.183086	-0.078899	-1.113193	-28.187698	-0.056215	-1.126214	-27.870117	-0.068815	-1.278509	-27.874288	-0.049115	-1.323661
1411	19.589757	00:00:19:43	-28.051374	1.682772	-1.231309	-27.946097	1.614286	-1.174473	-28.000611	1.613627	-1.091383	-28.054749	1.579516	-1.261966	-28.020224	1.564018	-1.218115	-28.184554	1.539038	-1.213784	-27.901219	1.550106	-1.329324	-27.875139	1.358128	-1.133369	-28.004693	0.781219	-1.691375	-27.611472	1.123929	-1.106853	-28.091646	-0.004678	-2.054891	-27.583148	1.137576	-1.082707	-28.100584	-0.035393	-2.087531	-27.593122	1.159930	-1.079781	-28.100204	-0.026476	-2.055080	-28.183121	0.965099	-1.106657	-28.218481	1.015272	-1.149473	-27.865285	0.991141	-1.265428	-27.889764	1.000020	-1.332144	-28.162360	0.468928	-1.131564	-27.882800	0.480527	-1.311308	-28.146893	-0.098050	-1.079485	-28.168647	-0.044836	-1.115002	-27.865561	-0.057053	-1.285117	-27.864921	-0.043677	-1.328453
1412	19.603650	00:00:19:44	-28.001983	1.663101	-1.199623	-27.917089	1.632873	-1.195303	-28.019542	1.646667	-1.116909	-28.065045	1.552710	-1.276758	-28.011807	1.550278	-1.190700	-28.194128	1.565360	-1.132383	-27.914883	1.562136	-1.324030	-27.910482	1.355763	-1.115697	-27.972095	0.758843	-1.702177	-27.593698	1.151516	-1.067748	-28.089288	-0.094728	-2.066302	-27.598078	1.140267	-1.055547	-28.101156	-0.044940	-2.055231	-27.604697	1.132375	-1.091322	-28.092767	-0.046788	-2.079047	-28.155680	0.959282	-1.143453	-28.162756	0.989794	-1.131466	-27.843296	0.957194	-1.288748	-27.853781	1.019009	-1.348826	-28.189634	0.452759	-1.101554	-27.870228	0.469995	-1.303927	-28.127040	-0.037134	-1.097349	-28.178395	-0.055259	-1.127258	-27.844574	-0.085051	-1.292082	-27.897381	-0.042470	-1.294666
1413	19.617544	00:00:19:45	-28.016578	1.692237	-1.245580	-27.957058	1.655120	-1.169672	-28.013658	1.637727	-1.122921	-28.004486	1.585238	-1.246975	-28.017844	1.548835	-1.239366	-28.187317	1.565499	-1.189918	-27.924124	1.589617	-1.289301	-27.891514	1.338445	-1.120772	-28.023156	0.745863	-1.682636	-27.642555	1.112164	-1.096100	-28.107088	-0.026164	-2.075505	-27.612744	1.138156	-1.096095	-28.104230	-0.056588	-2.044765	-27.610345	1.151972	-1.088084	-28.090817	-0.037023	-2.109667	-28.179205	0.975293	-1.115848	-28.181833	1.018733	-1.172507	-27.843275	0.967652	-1.286924	-27.898892	0.985218	-1.317226	-28.169986	0.460451	-1.131798	-27.872928	0.460481	-1.305619	-28.132057	-0.078392	-1.061607	-28.178666	-0.056451	-1.148784	-27.853337	-0.082288	-1.261206	-27.888665	-0.034588	-1.298740
1414	19.631437	00:00:19:46	-28.017881	1.705548	-1.241331	-27.907918	1.614919	-1.160167	-28.029916	1.637593	-1.122906	-28.026165	1.593053	-1.249781	-28.017521	1.534687	-1.241371	-28.148201	1.589655	-1.149094	-27.944666	1.587257	-1.315503	-27.875164	1.342070	-1.128607	-28.011626	0.749534	-1.681935	-27.580045	1.121629	-1.094742	-28.074598	-0.069027	-2.054512	-27.582914	1.129441	-1.075843	-28.100445	-0.063153	-2.052807	-27.609661	1.144111	-1.089187	-28.101905	-0.064827	-2.074388	-28.159607	0.972208	-1.120929	-28.205002	0.984518	-1.181178	-27.868655	0.974726	-1.311601	-27.891062	1.000607	-1.327852	-28.191938	0.459515	-1.089714	-27.834743	0.474159	-1.315013	-28.169349	-0.077429	-1.102448	-28.182956	-0.030359	-1.105707	-27.881337	-0.063975	-1.280217	-27.900334	-0.052809	-1.298721
1415	19.645330	00:00:19:47	-28.014845	1.702707	-1.259661	-27.922822	1.590243	-1.149879	-28.040894	1.634873	-1.107138	-28.019815	1.580561	-1.229809	-28.040542	1.528320	-1.225106	-28.156732	1.559265	-1.161762	-27.923390	1.539721	-1.322018	-27.871338	1.365934	-1.105015	-27.992595	0.773910	-1.701268	-27.584765	1.155306	-1.116310	-28.101392	-0.010843	-2.059601	-27.591648	1.113171	-1.081630	-28.089616	-0.055452	-2.059650	-27.616710	1.156314	-1.104200	-28.097510	-0.044456	-2.052793	-28.153270	0.969430	-1.094972	-28.173193	0.970247	-1.153895	-27.858351	0.988302	-1.295230	-27.889907	1.015705	-1.363616	-28.196837	0.460352	-1.126874	-27.872055	0.458511	-1.269945	-28.161989	-0.108748	-1.108975	-28.189501	-0.028546	-1.119597	-27.873630	-0.086441	-1.280411	-27.874036	-0.027359	-1.260237
1416	19.659224	00:00:19:48	-28.048397	1.694195	-1.218086	-27.885034	1.627930	-1.195719	-28.017651	1.615587	-1.122447	-28.032812	1.559694	-1.221714	-28.017863	1.572025	-1.244784	-28.171668	1.587780	-1.146999	-27.917953	1.575714	-1.309616	-27.888917	1.364506	-1.103920	-28.006073	0.745349	-1.695918	-27.617172	1.138804	-1.096373	-28.084089	-0.067763	-2.067064	-27.587776	1.155152	-1.099782	-28.107056	-0.045772	-2.085443	-27.585171	1.141065	-1.100619	-28.092383	-0.062966	-2.095499	-28.149616	0.996985	-1.105345	-28.195552	0.988647	-1.144577	-27.834145	0.958837	-1.329171	-27.910656	0.968484	-1.331018	-28.185226	0.461643	-1.100564	-27.887783	0.479255	-1.270804	-28.180305	-0.115695	-1.088696	-28.184972	-0.025629	-1.115838	-27.880141	-0.100675	-1.286293	-27.878598	-0.042327	-1.302367
1417	19.673117	00:00:19:49	-28.060293	1.688132	-1.217411	-27.947061	1.632221	-1.182411	-28.040598	1.635248	-1.112174	-28.048432	1.595694	-1.246362	-28.029786	1.539211	-1.187386	-28.174994	1.559829	-1.159396	-27.925348	1.578341	-1.294344	-27.882158	1.319431	-1.141221	-28.021777	0.777314	-1.687308	-27.600947	1.131539	-1.073452	-28.101448	-0.021328	-2.040805	-27.602118	1.131898	-1.107555	-28.087428	-0.061598	-2.078926	-27.599856	1.152207	-1.098674	-28.092907	-0.042219	-2.107062	-28.173554	0.928539	-1.120432	-28.220878	0.984117	-1.136377	-27.859434	0.967892	-1.292824	-27.881120	0.996865	-1.335146	-28.185304	0.493339	-1.118610	-27.876407	0.426121	-1.298390	-28.188568	-0.054338	-1.105145	-28.192192	-0.039473	-1.165958	-27.872612	-0.072691	-1.307125	-27.920882	-0.064711	-1.277678
1418	19.687011	00:00:19:50	-28.018382	1.671082	-1.232314	-27.928260	1.619709	-1.168897	-28.025117	1.622072	-1.077068	-28.044277	1.588126	-1.226063	-28.032077	1.512042	-1.199062	-28.179861	1.593588	-1.143593	-27.852761	1.557189	-1.290827	-27.873327	1.319363	-1.115201	-27.997902	0.786246	-1.668343	-27.591483	1.151883	-1.099627	-28.112638	-0.088204	-2.038608	-27.590176	1.161513	-1.096889	-28.107596	-0.018232	-2.066291	-27.618078	1.154947	-1.087764	-28.097621	-0.061644	-2.059593	-28.146157	0.966766	-1.093941	-28.159076	0.997022	-1.145244	-27.879913	0.933662	-1.297918	-27.887955	0.984406	-1.318781	-28.167992	0.450283	-1.117373	-27.875734	0.455883	-1.300892	-28.168487	-0.042824	-1.087105	-28.206308	-0.056789	-1.125692	-27.854458	-0.102133	-1.270433	-27.901426	-0.041230	-1.303908
1419	19.700904	00:00:19:51	-28.021110	1.701056	-1.248028	-27.925883	1.646564	-1.144773	-28.030302	1.618401	-1.117722	-28.019072	1.558758	-1.236236	-28.029290	1.546943	-1.176057	-28.149605	1.586202	-1.162770	-27.893781	1.582024	-1.306591	-27.836218	1.348132	-1.135945	-28.003496	0.773590	-1.652204	-27.588206	1.144933	-1.092613	-28.121294	-0.053184	-2.074104	-27.598629	1.116133	-1.088120	-28.119771	-0.067585	-2.046544	-27.587087	1.131166	-1.078956	-28.109974	-0.055029	-2.077509	-28.192775	0.995007	-1.115186	-28.176926	0.974214	-1.157150	-27.843936	0.991636	-1.323228	-27.931767	1.000392	-1.311467	-28.198273	0.462572	-1.139989	-27.872475	0.459466	-1.305302	-28.126079	-0.098092	-1.112750	-28.185928	-0.022834	-1.121049	-27.866690	-0.079032	-1.252327	-27.906079	-0.030328	-1.328005
1420	19.714798	00:00:19:52	-28.011147	1.678873	-1.243637	-27.935118	1.625761	-1.206046	-28.037010	1.632977	-1.093013	-28.057674	1.570433	-1.256262	-28.005431	1.541558	-1.238160	-28.176743	1.605848	-1.190510	-27.912055	1.571019	-1.317964	-27.899279	1.366235	-1.151716	-27.968482	0.739954	-1.684981	-27.586142	1.159895	-1.084532	-28.102059	-0.058782	-2.088578	-27.581806	1.136339	-1.065385	-28.064537	-0.042066	-2.096567	-27.580198	1.115314	-1.094828	-28.074944	-0.038615	-2.040367	-28.151311	0.992392	-1.090571	-28.196932	0.984952	-1.153422	-27.847931	0.970497	-1.296216	-27.885160	0.993765	-1.316832	-28.187614	0.481780	-1.127520	-27.871239	0.442554	-1.289161	-28.169076	-0.065103	-1.078158	-28.196731	-0.028057	-1.134916	-27.891507	-0.086562	-1.261209	-27.893530	-0.059453	-1.310391
1421	19.728691	00:00:19:53	-28.054649	1.685539	-1.227894	-27.918480	1.650602	-1.164082	-28.047003	1.624728	-1.093688	-28.027077	1.558692	-1.270146	-28.016957	1.526068	-1.166089	-28.158502	1.594457	-1.188116	-27.904892	1.557264	-1.303508	-27.897972	1.379795	-1.106941	-27.988680	0.762762	-1.670586	-27.596957	1.149823	-1.082744	-28.082770	-0.082166	-2.085625	-27.581837	1.127187	-1.109351	-28.114864	-0.071337	-2.051950	-27.574776	1.122650	-1.112287	-28.085215	-0.037145	-2.056512	-28.168164	0.959825	-1.141668	-28.217229	0.987975	-1.132579	-27.883034	0.996194	-1.302949	-27.889269	0.995842	-1.315681	-28.163622	0.447065	-1.134500	-27.886929	0.480113	-1.338818	-28.182273	-0.050015	-1.077521	-28.211825	-0.062615	-1.120953	-27.889825	-0.063416	-1.297259	-27.844838	-0.000217	-1.303480
1422	19.742585	00:00:19:54	-28.009179	1.679055	-1.207150	-27.944345	1.612791	-1.144305	-28.034329	1.596562	-1.109168	-28.043375	1.545460	-1.243206	-28.015596	1.532216	-1.200281	-28.139738	1.584331	-1.156417	-27.910618	1.576321	-1.324304	-27.904581	1.385344	-1.148020	-27.996363	0.743768	-1.714536	-27.611915	1.159962	-1.116865	-28.104328	-0.013440	-2.072121	-27.541589	1.128554	-1.081282	-28.083985	-0.043338	-2.096569	-27.601552	1.115040	-1.089867	-28.087859	-0.086480	-2.051925	-28.168350	0.936870	-1.107179	-28.190709	1.006602	-1.147084	-27.864003	0.971621	-1.312329	-27.899357	0.993637	-1.310453	-28.164521	0.454813	-1.127688	-27.852400	0.456799	-1.274589	-28.166897	-0.079862	-1.067137	-28.157761	-0.040781	-1.135931	-27.856740	-0.090862	-1.259991	-27.876421	-0.052134	-1.301974
1423	19.756478	00:00:19:55	-28.019229	1.668891	-1.203395	-27.925968	1.598359	-1.162998	-28.031130	1.628577	-1.092659	-28.040597	1.586564	-1.252587	-27.978224	1.538153	-1.205217	-28.174614	1.568841	-1.162082	-27.915050	1.589570	-1.310424	-27.880544	1.333742	-1.121361	-27.954366	0.764464	-1.677178	-27.630593	1.174204	-1.110312	-28.115479	-0.041987	-2.086385	-27.590049	1.137604	-1.101431	-28.109893	-0.038233	-2.052586	-27.597122	1.129974	-1.100052	-28.127048	-0.059140	-2.054487	-28.164057	0.970085	-1.117381	-28.199611	0.981478	-1.150639	-27.846384	0.983699	-1.281873	-27.878417	1.047091	-1.318054	-28.200285	0.466092	-1.125778	-27.890355	0.482725	-1.287185	-28.195816	-0.060812	-1.104224	-28.211959	-0.050852	-1.136635	-27.897085	-0.095406	-1.279397	-27.898205	-0.017131	-1.298457
1424	19.770371	00:00:19:56	-27.996937	1.695560	-1.189626	-27.895669	1.599725	-1.182624	-28.026642	1.630349	-1.105385	-28.036788	1.570893	-1.221174	-28.016856	1.548174	-1.194070	-28.195371	1.553711	-1.138849	-27.907274	1.567991	-1.305190	-27.857794	1.342502	-1.152264	-27.977110	0.732074	-1.703672	-27.583881	1.142202	-1.089921	-28.073266	-0.060802	-2.057028	-27.619458	1.169105	-1.065597	-28.101759	-0.081268	-2.062540	-27.611294	1.136566	-1.086077	-28.077172	-0.029451	-2.084901	-28.171805	0.945140	-1.092129	-28.209576	1.000320	-1.201123	-27.875060	0.968895	-1.295443	-27.895506	0.997480	-1.334123	-28.186998	0.452249	-1.125296	-27.842287	0.452885	-1.288800	-28.163011	-0.080708	-1.101060	-28.217393	0.005037	-1.110723	-27.845015	-0.070001	-1.273403	-27.863255	-0.056317	-1.334423
1425	19.784265	00:00:19:57	-28.044940	1.725240	-1.221882	-27.915482	1.629093	-1.171706	-28.059131	1.638306	-1.108760	-28.041853	1.549688	-1.243233	-28.014958	1.530532	-1.205707	-28.160594	1.567975	-1.163006	-27.891981	1.569435	-1.299746	-27.876891	1.388164	-1.122016	-27.995981	0.753271	-1.702089	-27.614217	1.132633	-1.111105	-28.108041	-0.061627	-2.032945	-27.610523	1.102857	-1.100661	-28.080896	-0.045881	-2.066834	-27.613293	1.147685	-1.091432	-28.088965	-0.067489	-2.049129	-28.171310	0.971876	-1.102696	-28.197546	1.020342	-1.161852	-27.859370	0.970691	-1.310613	-27.912770	1.006085	-1.320761	-28.210543	0.450270	-1.092889	-27.855672	0.459474	-1.313110	-28.133478	-0.050031	-1.040489	-28.192121	-0.043534	-1.146957	-27.845284	-0.093769	-1.232787	-27.887597	-0.019408	-1.311648
1426	19.798158	00:00:19:58	-28.030662	1.697401	-1.201906	-27.949884	1.638577	-1.165002	-28.045599	1.634469	-1.102749	-28.044557	1.551169	-1.230463	-28.011935	1.558950	-1.187653	-28.183193	1.583307	-1.190215	-27.896388	1.626958	-1.330656	-27.859760	1.369916	-1.123109	-28.026013	0.759897	-1.698901	-27.599415	1.128761	-1.084294	-28.080693	-0.052965	-2.074760	-27.594557	1.131372	-1.131014	-28.069700	-0.018839	-2.057940	-27.564589	1.103978	-1.088305	-28.086014	-0.041366	-2.055474	-28.165566	0.953998	-1.087771	-28.206106	0.999428	-1.134898	-27.836129	0.977563	-1.303616	-27.871091	0.995505	-1.323893	-28.162710	0.430758	-1.098927	-27.857644	0.481300	-1.315559	-28.199208	-0.061931	-1.076439	-28.183250	-0.063193	-1.127285	-27.878089	-0.060528	-1.263901	-27.892075	-0.025585	-1.310724
1427	19.812052	00:00:19:59	-28.037077	1.686605	-1.217859	-27.899249	1.613308	-1.162150	-28.030975	1.631656	-1.123210	-28.032100	1.596259	-1.216852	-28.034822	1.556866	-1.215930	-28.162645	1.531428	-1.167050	-27.894156	1.593861	-1.317359	-27.881713	1.349924	-1.127233	-27.984079	0.747723	-1.709320	-27.575601	1.151534	-1.097747	-28.089567	-0.077819	-2.043557	-27.621383	1.136663	-1.108664	-28.092296	-0.025421	-2.036425	-27.639749	1.131523	-1.091401	-28.118310	-0.053097	-2.058135	-28.178471	0.972964	-1.111439	-28.214514	1.015387	-1.160706	-27.852498	0.971409	-1.301888	-27.909222	0.990949	-1.350933	-28.170237	0.468247	-1.103838	-27.909176	0.473089	-1.307405	-28.150272	-0.089308	-1.091185	-28.166428	-0.028711	-1.172598	-27.860275	-0.035289	-1.317994	-27.861793	-0.060234	-1.345018
1428	19.825945	00:00:19:60	-28.014353	1.644282	-1.252798	-27.929637	1.643939	-1.179057	-28.028064	1.644417	-1.140637	-28.059018	1.564714	-1.255835	-28.012046	1.539245	-1.220406	-28.150895	1.578892	-1.212973	-27.899439	1.546135	-1.325804	-27.902457	1.371822	-1.145831	-28.034269	0.761604	-1.685032	-27.655715	1.127485	-1.075577	-28.075669	-0.070956	-2.115857	-27.594744	1.150702	-1.140421	-28.105065	-0.047892	-2.025721	-27.618352	1.146718	-1.081857	-28.128492	-0.028311	-2.079194	-28.169835	0.938302	-1.089690	-28.202158	0.992485	-1.169888	-27.877545	0.970949	-1.290345	-27.897571	1.012886	-1.350794	-28.187311	0.459027	-1.109611	-27.903595	0.453821	-1.316521	-28.179081	-0.085402	-1.062015	-28.206148	-0.061641	-1.122896	-27.862568	-0.047563	-1.249647	-27.905781	-0.052040	-1.274456
1429	19.839839	00:00:19:61	-28.023543	1.664125	-1.212713	-27.899057	1.627545	-1.156504	-28.027640	1.642259	-1.098550	-28.047063	1.565111	-1.241490	-28.023936	1.535510	-1.219325	-28.186429	1.556453	-1.157372	-27.882240	1.570800	-1.310758	-27.890731	1.348293	-1.105560	-28.002239	0.777357	-1.673950	-27.651847	1.141114	-1.109326	-28.100479	-0.041564	-2.070822	-27.589271	1.119101	-1.094490	-28.074098	-0.059924	-2.076919	-27.579316	1.129582	-1.106485	-28.118229	-0.045754	-2.078739	-28.148271	0.990752	-1.116821	-28.152314	1.020270	-1.139357	-27.867109	1.003140	-1.280132	-27.858176	0.963853	-1.321173	-28.134013	0.445284	-1.122819	-27.866191	0.477821	-1.283098	-28.142938	-0.083371	-1.069014	-28.184665	-0.051129	-1.137332	-27.873188	-0.065662	-1.274430	-27.896375	-0.037375	-1.318553
1430	19.853732	00:00:19:62	-28.001282	1.708256	-1.197747	-27.930865	1.648503	-1.149687	-28.033608	1.631376	-1.079374	-28.041890	1.560217	-1.226729	-27.998366	1.571432	-1.198914	-28.170865	1.593582	-1.145985	-27.923551	1.565367	-1.295600	-27.885840	1.370194	-1.125710	-27.984735	0.722251	-1.704473	-27.592651	1.143238	-1.084120	-28.078469	-0.047887	-2.061789	-27.618609	1.144134	-1.093176	-28.096588	-0.055387	-2.043084	-27.579132	1.135273	-1.081530	-28.087753	-0.037636	-2.089973	-28.131962	0.961818	-1.115419	-28.186358	0.965381	-1.156274	-27.907484	0.961730	-1.303028	-27.880622	0.998104	-1.326050	-28.194758	0.458653	-1.113983	-27.852359	0.441562	-1.330381	-28.189324	-0.071807	-1.077034	-28.183142	-0.040500	-1.120550	-27.851241	-0.061876	-1.274365	-27.894374	-0.039075	-1.310192
1431	19.867626	00:00:19:63	-28.032286	1.681087	-1.250753	-27.957788	1.600987	-1.193830	-28.059701	1.614057	-1.109480	-28.017069	1.552182	-1.226204	-28.036333	1.534727	-1.229461	-28.183404	1.552558	-1.145256	-27.893066	1.550372	-1.295403	-27.884575	1.335263	-1.142070	-27.992282	0.751414	-1.680772	-27.619306	1.142718	-1.082013	-28.107806	-0.051987	-2.071100	-27.617474	1.129781	-1.122177	-28.081078	-0.028414	-2.053964	-27.594414	1.136168	-1.091871	-28.082785	-0.062903	-2.077502	-28.171405	0.953113	-1.113318	-28.188107	1.010163	-1.128896	-27.878249	0.945083	-1.303678	-27.904158	0.989488	-1.340454	-28.195407	0.449654	-1.122894	-27.891281	0.492722	-1.285650	-28.154548	-0.044843	-1.105352	-28.243926	-0.067609	-1.129300	-27.895221	-0.093712	-1.253355	-27.876551	-0.056689	-1.346209
1432	19.881519	00:00:19:64	-28.061122	1.695476	-1.222043	-27.911733	1.641185	-1.182523	-28.031861	1.619503	-1.090867	-28.032495	1.554381	-1.225739	-28.018269	1.527973	-1.195607	-28.175895	1.583365	-1.151536	-27.914729	1.555363	-1.352221	-27.898006	1.365740	-1.095786	-27.967948	0.718295	-1.676640	-27.599393	1.100417	-1.123370	-28.105390	-0.086308	-2.061283	-27.617440	1.114557	-1.068838	-28.100803	-0.062365	-2.074184	-27.624380	1.155187	-1.081906	-28.120726	-0.066785	-2.061124	-28.180531	0.949385	-1.109680	-28.177212	1.011378	-1.166047	-27.894192	0.964359	-1.287214	-27.906811	0.993414	-1.329029	-28.176563	0.425870	-1.090894	-27.891965	0.449952	-1.302737	-28.162749	-0.085176	-1.069245	-28.211281	-0.024248	-1.112224	-27.872734	-0.085489	-1.265546	-27.894102	-0.043911	-1.291545
1433	19.895412	00:00:19:65	-28.035396	1.717528	-1.241487	-27.920911	1.653059	-1.140429	-28.019435	1.637021	-1.092402	-28.051784	1.570661	-1.246285	-28.001994	1.574270	-1.222073	-28.165869	1.578103	-1.159625	-27.935633	1.582367	-1.287446	-27.861031	1.359240	-1.100836	-27.986954	0.752357	-1.662223	-27.603032	1.166957	-1.107525	-28.093528	-0.047954	-2.088707	-27.602342	1.140855	-1.080481	-28.107237	-0.067022	-2.073886	-27.611348	1.128677	-1.069371	-28.079072	-0.020155	-2.052722	-28.162708	0.957087	-1.086350	-28.178730	1.036597	-1.146981	-27.911584	0.982415	-1.310233	-27.878170	0.985753	-1.345160	-28.183263	0.483004	-1.103304	-27.866109	0.443965	-1.293072	-28.147584	-0.041266	-1.072662	-28.200951	-0.021681	-1.098867	-27.862675	-0.073385	-1.274990	-27.890710	-0.030276	-1.325124
1434	19.909306	00:00:19:66	-28.025163	1.697276	-1.224540	-27.923038	1.630142	-1.158422	-28.028742	1.654331	-1.117512	-28.049870	1.539084	-1.260964	-28.041967	1.545853	-1.200541	-28.176071	1.597986	-1.145043	-27.927044	1.580051	-1.322095	-27.860115	1.383860	-1.135726	-28.022301	0.771845	-1.704731	-27.613465	1.149060	-1.093635	-28.128228	-0.054082	-2.081858	-27.607830	1.135944	-1.100108	-28.093441	-0.018498	-2.062515	-27.592382	1.092019	-1.106671	-28.092990	-0.062268	-2.024418	-28.182863	0.936613	-1.123726	-28.169508	1.016643	-1.172061	-27.835504	0.951203	-1.296907	-27.909859	0.991618	-1.331876	-28.194286	0.466609	-1.129981	-27.865931	0.480315	-1.292277	-28.171722	-0.075409	-1.068000	-28.191823	-0.047505	-1.153006	-27.866792	-0.082194	-1.263317	-27.889836	-0.043179	-1.322332
1435	19.923199	00:00:19:67	-28.029116	1.694739	-1.229663	-27.914698	1.628551	-1.169882	-28.037819	1.643643	-1.111043	-28.024770	1.569417	-1.233308	-27.996315	1.552621	-1.234118	-28.171345	1.551105	-1.163856	-27.912689	1.602764	-1.333845	-27.828696	1.363346	-1.149940	-28.011644	0.769993	-1.675008	-27.602594	1.119449	-1.097661	-28.118592	-0.036075	-2.069829	-27.588875	1.132681	-1.096948	-28.119924	-0.063688	-2.037975	-27.613329	1.150245	-1.121019	-28.092218	-0.032079	-2.077887	-28.161426	0.971978	-1.080828	-28.199270	1.017654	-1.189465	-27.890884	0.990268	-1.296818	-27.893982	0.981679	-1.353831	-28.190721	0.445544	-1.135695	-27.867458	0.446725	-1.334377	-28.196210	-0.049103	-1.076901	-28.166215	-0.048587	-1.152922	-27.869290	-0.049855	-1.301085	-27.886062	-0.032856	-1.318391
1436	19.937093	00:00:19:68	-28.053145	1.665077	-1.226157	-27.931052	1.633429	-1.167129	-28.014977	1.620917	-1.092335	-28.020072	1.565336	-1.237696	-28.017894	1.532188	-1.202026	-28.160953	1.573470	-1.180101	-27.910078	1.580891	-1.304020	-27.902231	1.340753	-1.147577	-27.996020	0.738488	-1.688656	-27.574682	1.150539	-1.101158	-28.123938	-0.018867	-2.070114	-27.594531	1.135874	-1.064851	-28.099530	-0.049077	-2.069804	-27.586973	1.119744	-1.144469	-28.124634	-0.037978	-2.057207	-28.173767	1.008231	-1.114398	-28.172167	0.985568	-1.142321	-27.875214	0.972889	-1.296069	-27.888745	1.006600	-1.356886	-28.180828	0.453568	-1.125434	-27.881827	0.487793	-1.291120	-28.170639	-0.081563	-1.088933	-28.198166	-0.030787	-1.132308	-27.870556	-0.100505	-1.278881	-27.915825	-0.013024	-1.305951
1437	19.950986	00:00:19:69	-28.035145	1.680407	-1.245707	-27.929091	1.653890	-1.155748	-28.040450	1.636498	-1.125257	-28.015543	1.599066	-1.257240	-28.041502	1.545872	-1.240902	-28.156367	1.590093	-1.160773	-27.894850	1.560678	-1.286805	-27.888594	1.322614	-1.120473	-27.981353	0.763730	-1.694190	-27.626340	1.125029	-1.107127	-28.073029	-0.035810	-2.068777	-27.643831	1.150459	-1.079242	-28.077741	-0.057849	-2.031998	-27.608790	1.179250	-1.081617	-28.066835	-0.039704	-2.062656	-28.155380	0.967376	-1.105398	-28.203135	0.978606	-1.125630	-27.870718	0.983674	-1.290091	-27.943258	0.976509	-1.314979	-28.170151	0.466270	-1.150769	-27.838856	0.470311	-1.333039	-28.150071	-0.056716	-1.073729	-28.188786	-0.047479	-1.111684	-27.843536	-0.058882	-1.225236	-27.902081	-0.026559	-1.315642
1438	19.964880	00:00:19:70	-28.027238	1.692575	-1.208005	-27.955936	1.603853	-1.173382	-28.026480	1.611419	-1.102782	-28.049713	1.543139	-1.234123	-28.010778	1.553118	-1.203889	-28.146618	1.593378	-1.147257	-27.910421	1.591977	-1.287204	-27.897088	1.345763	-1.133234	-27.984386	0.771045	-1.668774	-27.597570	1.154684	-1.119980	-28.092507	-0.053517	-2.094854	-27.602683	1.138750	-1.082043	-28.113325	-0.037163	-2.098480	-27.617227	1.144880	-1.083257	-28.070624	-0.083027	-2.074084	-28.162718	1.000230	-1.113621	-28.204790	0.985450	-1.142562	-27.861890	0.963801	-1.292006	-27.872559	0.995798	-1.317235	-28.176952	0.432363	-1.146955	-27.864925	0.486843	-1.295694	-28.147933	-0.077603	-1.081056	-28.204250	-0.033228	-1.115653	-27.864486	-0.077671	-1.277985	-27.879521	-0.024997	-1.348100
1439	19.978773	00:00:19:71	-28.051834	1.699954	-1.236612	-27.909366	1.644343	-1.173994	-28.032474	1.607019	-1.120449	-28.045037	1.547836	-1.223442	-28.000127	1.548977	-1.188997	-28.199011	1.561531	-1.126657	-27.898172	1.578801	-1.309364	-27.908694	1.374501	-1.111769	-28.020239	0.771218	-1.722710	-27.602289	1.136009	-1.110591	-28.062369	-0.056327	-2.064757	-27.583706	1.147576	-1.107078	-28.125075	-0.047254	-2.021249	-27.591754	1.143361	-1.120050	-28.097412	-0.066080	-2.073739	-28.200865	0.974376	-1.104128	-28.208199	1.014833	-1.159135	-27.852881	0.985635	-1.291897	-27.859122	0.998651	-1.320256	-28.176544	0.463434	-1.114291	-27.867378	0.496053	-1.295381	-28.179745	-0.097835	-1.123188	-28.178727	-0.029415	-1.120832	-27.872938	-0.099723	-1.301835	-27.880658	-0.034594	-1.352554
1440	19.992667	00:00:19:00	-28.015367	1.707637	-1.248286	-27.933752	1.626406	-1.167280	-28.049604	1.625725	-1.099871	-28.022499	1.581357	-1.280971	-28.015707	1.535707	-1.220367	-28.157433	1.568363	-1.152586	-27.928481	1.577590	-1.323284	-27.874374	1.379813	-1.108069	-28.003279	0.740512	-1.665527	-27.598043	1.142930	-1.108499	-28.095706	-0.053723	-2.031538	-27.642025	1.105502	-1.104214	-28.090243	-0.038922	-2.057408	-27.611040	1.128737	-1.086005	-28.092554	-0.067569	-2.063137	-28.206643	0.990728	-1.115674	-28.187311	1.009532	-1.198209	-27.881028	0.972295	-1.316684	-27.938570	1.007744	-1.368776	-28.208069	0.465363	-1.139789	-27.901420	0.447762	-1.295688	-28.147285	-0.059154	-1.079342	-28.193347	-0.012631	-1.142203	-27.873089	-0.073564	-1.305179	-27.873014	-0.038222	-1.269801
1441	20.006560	00:00:20:01	-28.043473	1.722803	-1.238370	-27.920572	1.610128	-1.146446	-28.000640	1.650026	-1.089569	-27.999127	1.546824	-1.265843	-28.020596	1.543398	-1.200797	-28.160866	1.586513	-1.172065	-27.913231	1.603884	-1.317917	-27.880526	1.345768	-1.135902	-27.983106	0.760086	-1.680163	-27.621431	1.112694	-1.078867	-28.087263	-0.001678	-2.051735	-27.597189	1.131483	-1.107931	-28.092710	-0.027465	-2.055811	-27.588992	1.130059	-1.102260	-28.100929	-0.048941	-2.086346	-28.180533	0.962886	-1.128933	-28.185881	0.996948	-1.153564	-27.887692	1.008577	-1.285060	-27.904244	0.997351	-1.359050	-28.215106	0.464925	-1.153569	-27.906921	0.468912	-1.291220	-28.185496	-0.054750	-1.093959	-28.140883	-0.029458	-1.123064	-27.862092	-0.068435	-1.253864	-27.909853	-0.045363	-1.329285
1442	20.020453	00:00:20:02	-28.032291	1.727132	-1.213891	-27.911045	1.672862	-1.172605	-28.024524	1.619421	-1.110678	-28.057219	1.561125	-1.255837	-28.041939	1.546635	-1.217375	-28.183064	1.598377	-1.138798	-27.933491	1.590146	-1.341956	-27.884093	1.339960	-1.131815	-27.998070	0.766274	-1.687256	-27.600332	1.148228	-1.093527	-28.105335	-0.042294	-2.056077	-27.617182	1.118750	-1.068949	-28.096294	-0.018487	-2.052942	-27.577550	1.133746	-1.125471	-28.130635	-0.064831	-2.076312	-28.143623	0.970521	-1.139913	-28.211263	0.998627	-1.154517	-27.891313	0.977499	-1.289539	-27.884724	1.014915	-1.363664	-28.191413	0.488819	-1.094093	-27.857146	0.469189	-1.302265	-28.168036	-0.096875	-1.097406	-28.199521	-0.042495	-1.138527	-27.858743	-0.079067	-1.273385	-27.875254	-0.039764	-1.278257
1443	20.034347	00:00:20:03	-28.009748	1.689599	-1.202447	-27.917319	1.625991	-1.142172	-28.008531	1.609516	-1.082300	-28.058560	1.551407	-1.270219	-28.016924	1.535920	-1.174306	-28.165099	1.572935	-1.165414	-27.935440	1.574893	-1.303207	-27.873885	1.341303	-1.098372	-27.995185	0.730001	-1.677312	-27.589577	1.132741	-1.091669	-28.092307	-0.071631	-2.079699	-27.602182	1.155335	-1.083989	-28.095392	-0.025431	-2.061747	-27.622000	1.111029	-1.080391	-28.097554	-0.035190	-2.054145	-28.166386	0.980600	-1.094659	-28.210822	1.014614	-1.137724	-27.841638	0.986228	-1.323117	-27.869365	0.980772	-1.332784	-28.168561	0.434549	-1.138398	-27.878465	0.485743	-1.323982	-28.154711	-0.056576	-1.094550	-28.201785	-0.033553	-1.151619	-27.838795	-0.081862	-1.236466	-27.874556	-0.030263	-1.325712
1444	20.048240	00:00:20:04	-28.035894	1.693169	-1.202643	-27.933348	1.610693	-1.173217	-28.023205	1.617737	-1.132264	-28.057812	1.568752	-1.241190	-28.031594	1.548987	-1.212608	-28.143079	1.561453	-1.179348	-27.951431	1.570495	-1.321126	-27.882125	1.361951	-1.161863	-27.987918	0.791570	-1.682813	-27.616650	1.147211	-1.127049	-28.106442	-0.041690	-2.044565	-27.619382	1.137421	-1.098188	-28.104119	-0.057005	-2.046098	-27.596126	1.139211	-1.077558	-28.083885	-0.058977	-2.062257	-28.186202	0.992574	-1.100155	-28.167071	0.998661	-1.136610	-27.878714	0.988422	-1.323881	-27.897110	0.978227	-1.322331	-28.180713	0.449193	-1.106275	-27.868792	0.460792	-1.306924	-28.169438	-0.045148	-1.093531	-28.205054	-0.036804	-1.123651	-27.882846	-0.071468	-1.272313	-27.878450	-0.067933	-1.294386
1445	20.062134	00:00:20:05	-28.047152	1.695098	-1.220988	-27.922193	1.615572	-1.179574	-28.049751	1.626752	-1.086480	-28.024289	1.581089	-1.250828	-28.013465	1.535168	-1.201271	-28.180585	1.581532	-1.179302	-27.928752	1.603331	-1.312860	-27.879938	1.332594	-1.145615	-28.005415	0.743669	-1.693015	-27.612646	1.138482	-1.074679	-28.081820	-0.051798	-2.054374	-27.618730	1.165768	-1.098805	-28.087031	-0.049260	-2.047926	-27.616533	1.120563	-1.089119	-28.102600	-0.055199	-2.072100	-28.151593	0.971036	-1.105879	-28.239001	1.015795	-1.184816	-27.863443	0.982372	-1.262416	-27.889135	0.952422	-1.325305	-28.171004	0.457269	-1.113403	-27.854794	0.443577	-1.253598	-28.167713	-0.085298	-1.089711	-28.186146	-0.058728	-1.137551	-27.861169	-0.060654	-1.246038	-27.898378	-0.048234	-1.300246
1446	20.076027	00:00:20:06	-28.012968	1.668193	-1.181049	-27.949535	1.633887	-1.173889	-28.011292	1.611479	-1.109196	-28.042597	1.583617	-1.262763	-28.023632	1.561177	-1.178509	-28.153370	1.579753	-1.181602	-27.950040	1.559244	-1.318686	-27.903762	1.381877	-1.135135	-28.013862	0.784851	-1.658945	-27.569370	1.111833	-1.082546	-28.101629	-0.044812	-2.068364	-27.603506	1.128485	-1.114441	-28.086247	-0.043757	-2.075489	-27.602722	1.102905	-1.083587	-28.103484	-0.044413	-2.053058	-28.165081	0.985529	-1.101970	-28.188592	1.033278	-1.126073	-27.841482	0.975279	-1.297446	-27.910875	0.986151	-1.329766	-28.190472	0.486368	-1.131073	-27.881251	0.460142	-1.292683	-28.148367	-0.055096	-1.099273	-28.188005	-0.028074	-1.110185	-27.857491	-0.090079	-1.268452	-27.902976	-0.030596	-1.324700
1447	20.089921	00:00:20:07	-28.042271	1.683337	-1.203600	-27.915239	1.645647	-1.151994	-28.029555	1.634432	-1.135340	-28.029740	1.585204	-1.212173	-28.022188	1.549666	-1.213292	-28.171634	1.560453	-1.184909	-27.937454	1.573666	-1.338266	-27.876851	1.356646	-1.160929	-28.008691	0.773338	-1.692695	-27.599200	1.144189	-1.119862	-28.079719	-0.032062	-2.044098	-27.555125	1.131813	-1.090436	-28.084842	-0.022253	-2.067602	-27.601634	1.158089	-1.095823	-28.070967	-0.057862	-2.015796	-28.133879	0.986811	-1.126318	-28.188756	1.014257	-1.135969	-27.834251	0.974813	-1.286849	-27.900569	1.009923	-1.344866	-28.177867	0.474709	-1.155189	-27.893884	0.447856	-1.320076	-28.157884	-0.086485	-1.103351	-28.186582	-0.044097	-1.123333	-27.880532	-0.046866	-1.274349	-27.879036	-0.021887	-1.324721
1448	20.103814	00:00:20:08	-28.018520	1.697860	-1.227004	-27.893436	1.610038	-1.171991	-27.997929	1.610771	-1.103769	-28.008998	1.566296	-1.209077	-28.011272	1.549654	-1.243312	-28.154958	1.581439	-1.178865	-27.906110	1.561719	-1.326755	-27.904533	1.359968	-1.129908	-28.015609	0.769109	-1.665961	-27.618082	1.119236	-1.100870	-28.116514	-0.044243	-2.074047	-27.586198	1.139499	-1.106900	-28.099544	-0.043169	-2.072904	-27.597250	1.149237	-1.118221	-28.087719	-0.019490	-2.076123	-28.156551	0.976825	-1.105912	-28.211986	0.988202	-1.159713	-27.876814	0.984047	-1.268199	-27.910154	0.995583	-1.335757	-28.182945	0.475879	-1.139655	-27.874820	0.483928	-1.324559	-28.167724	-0.090064	-1.087724	-28.203925	-0.073800	-1.130635	-27.861165	-0.098044	-1.300791	-27.895827	-0.043246	-1.317404
1449	20.117708	00:00:20:09	-28.030839	1.723868	-1.208098	-27.920317	1.604159	-1.165510	-28.028433	1.629541	-1.087737	-28.042345	1.585939	-1.250000	-27.977584	1.561237	-1.213287	-28.138857	1.563715	-1.187113	-27.903453	1.572372	-1.316781	-27.887070	1.337264	-1.164020	-27.978292	0.782663	-1.700314	-27.617031	1.127733	-1.130789	-28.092983	-0.018757	-2.078925	-27.571789	1.117011	-1.113174	-28.084635	-0.058229	-2.091031	-27.615308	1.132098	-1.105612	-28.049473	-0.003530	-2.078579	-28.190080	0.949001	-1.102510	-28.181185	1.028759	-1.187644	-27.871345	0.974572	-1.316441	-27.857567	1.018323	-1.341954	-28.156736	0.466657	-1.125550	-27.881886	0.494649	-1.307116	-28.168391	-0.073320	-1.131718	-28.183536	-0.026213	-1.135788	-27.880532	-0.051797	-1.281705	-27.910231	-0.011900	-1.305686
1450	20.131601	00:00:20:10	-28.045382	1.699984	-1.229773	-27.932762	1.612459	-1.181500	-27.986349	1.617364	-1.082565	-28.032596	1.531395	-1.225682	-28.012153	1.565675	-1.206812	-28.153669	1.595455	-1.146761	-27.915801	1.583282	-1.311759	-27.898246	1.368178	-1.139867	-28.014746	0.756226	-1.712353	-27.591024	1.155369	-1.101499	-28.059190	-0.022721	-2.054810	-27.606265	1.086166	-1.063373	-28.095440	-0.050179	-2.074096	-27.602359	1.135182	-1.102854	-28.092675	-0.057779	-2.061683	-28.174081	0.975532	-1.109690	-28.223948	0.988884	-1.195342	-27.868351	0.962462	-1.303747	-27.888388	0.990573	-1.331951	-28.159525	0.435749	-1.123953	-27.884259	0.443893	-1.332847	-28.193089	-0.062310	-1.091776	-28.207492	-0.024506	-1.127365	-27.888196	-0.088416	-1.274872	-27.887332	-0.021614	-1.302714
1451	20.145494	00:00:20:11	-28.038615	1.692924	-1.250229	-27.924936	1.615492	-1.145445	-28.012034	1.646293	-1.123466	-28.015783	1.558241	-1.259039	-28.016422	1.571414	-1.224988	-28.150990	1.551832	-1.166036	-27.925840	1.558688	-1.327999	-27.864678	1.357989	-1.116844	-27.995916	0.778338	-1.708453	-27.600059	1.128398	-1.148411	-28.067233	-0.018630	-2.067231	-27.591801	1.136616	-1.104469	-28.073480	-0.030868	-2.086531	-27.594584	1.137417	-1.114772	-28.097645	-0.052510	-2.063955	-28.154909	0.987184	-1.102248	-28.186594	1.008733	-1.137731	-27.860048	0.997709	-1.314163	-27.902054	0.992423	-1.315772	-28.179389	0.486287	-1.140153	-27.886753	0.508087	-1.274179	-28.178744	-0.070180	-1.064427	-28.213854	-0.015052	-1.109346	-27.847928	-0.063134	-1.264486	-27.876432	-0.045324	-1.291647
1452	20.159388	00:00:20:12	-28.032913	1.701807	-1.236728	-27.922134	1.603812	-1.182467	-28.030740	1.668150	-1.111782	-28.038498	1.566026	-1.234344	-28.037235	1.546516	-1.231415	-28.139142	1.558425	-1.163978	-27.916725	1.598011	-1.321296	-27.893376	1.353525	-1.099388	-28.029264	0.759279	-1.697806	-27.613696	1.117471	-1.066667	-28.073708	-0.051300	-2.093455	-27.619691	1.117317	-1.075733	-28.109996	-0.042231	-2.033125	-27.587772	1.117476	-1.110813	-28.108091	-0.054570	-2.045201	-28.168285	0.966648	-1.105867	-28.194406	0.998907	-1.144931	-27.880504	0.946558	-1.305214	-27.872929	0.982583	-1.329354	-28.195540	0.497044	-1.112950	-27.877323	0.456722	-1.342384	-28.154201	-0.074538	-1.098169	-28.193506	-0.044925	-1.158187	-27.840668	-0.074954	-1.262976	-27.890800	-0.014450	-1.343977
1453	20.173281	00:00:20:13	-28.031929	1.720982	-1.257636	-27.943344	1.618989	-1.172542	-28.048011	1.640499	-1.109430	-28.037624	1.574651	-1.258558	-28.006647	1.521485	-1.197748	-28.178524	1.571733	-1.141243	-27.903851	1.575113	-1.314343	-27.877587	1.374045	-1.141921	-27.995191	0.749941	-1.663852	-27.594412	1.155806	-1.118354	-28.092608	-0.028295	-2.088069	-27.590039	1.110949	-1.130241	-28.100580	-0.058151	-2.078209	-27.620011	1.160066	-1.121277	-28.079922	-0.051278	-2.043596	-28.156422	0.963185	-1.126400	-28.190511	1.005207	-1.177484	-27.870945	0.979138	-1.288640	-27.854244	0.988343	-1.339387	-28.180311	0.470944	-1.141614	-27.892556	0.449337	-1.297599	-28.146292	-0.053839	-1.091419	-28.224561	-0.039745	-1.107369	-27.861869	-0.080771	-1.288409	-27.891964	-0.080139	-1.313305
1454	20.187175	00:00:20:14	-28.000817	1.700082	-1.232918	-27.920618	1.615691	-1.164350	-28.055662	1.621632	-1.065994	-28.027995	1.580799	-1.225252	-27.993917	1.557493	-1.208231	-28.164100	1.595900	-1.152851	-27.929906	1.544220	-1.326442	-27.904496	1.349366	-1.148760	-27.974229	0.764617	-1.662674	-27.616798	1.131910	-1.126402	-28.097583	-0.060901	-2.052709	-27.622043	1.101514	-1.086571	-28.134527	-0.053382	-2.051313	-27.580628	1.132851	-1.085927	-28.080309	-0.038691	-2.051348	-28.180597	0.952738	-1.105579	-28.205605	0.979654	-1.180321	-27.844741	0.923826	-1.281219	-27.920770	1.022177	-1.350171	-28.187506	0.449410	-1.116288	-27.883567	0.462188	-1.298762	-28.185432	-0.081041	-1.122991	-28.221995	-0.058539	-1.143999	-27.841475	-0.051600	-1.257798	-27.928453	-0.043250	-1.308605
1455	20.201068	00:00:20:15	-27.988460	1.695596	-1.240978	-27.899889	1.644571	-1.151107	-28.020583	1.663387	-1.092480	-28.032927	1.585918	-1.224667	-28.036338	1.523899	-1.214341	-28.162251	1.556615	-1.201501	-27.962457	1.601184	-1.308701	-27.890585	1.332235	-1.122720	-28.011954	0.768341	-1.645540	-27.596712	1.120468	-1.110878	-28.101548	-0.055528	-2.032649	-27.593741	1.136843	-1.101176	-28.090308	-0.034277	-2.066943	-27.604400	1.119453	-1.109741	-28.099476	-0.034365	-2.077904	-28.182914	0.938357	-1.131694	-28.200681	0.992837	-1.137551	-27.857081	0.957076	-1.314064	-27.884714	0.989802	-1.322127	-28.186253	0.491514	-1.127427	-27.890684	0.443427	-1.303098	-28.176541	-0.099403	-1.088438	-28.192859	-0.021324	-1.107395	-27.881293	-0.061780	-1.245658	-27.894788	-0.058528	-1.329770
1456	20.214962	00:00:20:16	-28.037679	1.720309	-1.207937	-27.950900	1.630325	-1.151974	-28.029536	1.626332	-1.088324	-28.042857	1.568715	-1.220776	-27.998500	1.568020	-1.223672	-28.163886	1.588560	-1.180465	-27.937412	1.588222	-1.339002	-27.845994	1.395049	-1.104495	-28.018193	0.745868	-1.686419	-27.587171	1.118474	-1.095165	-28.106758	-0.053320	-2.104883	-27.606381	1.134684	-1.116400	-28.084256	-0.042892	-2.086222	-27.620963	1.137524	-1.096718	-28.089345	-0.050749	-2.053450	-28.198721	0.989933	-1.116539	-28.175953	1.009326	-1.174422	-27.889664	0.961957	-1.312709	-27.897759	1.019161	-1.323537	-28.200600	0.467600	-1.135405	-27.860799	0.482727	-1.298769	-28.189926	-0.050627	-1.063535	-28.190668	-0.029986	-1.114895	-27.862761	-0.060391	-1.268784	-27.930291	-0.047703	-1.311973
1457	20.228855	00:00:20:17	-28.041717	1.711597	-1.221504	-27.940706	1.624002	-1.146087	-28.023039	1.640865	-1.105014	-28.044847	1.578833	-1.248642	-28.032418	1.557198	-1.201747	-28.155649	1.585203	-1.180961	-27.909568	1.583712	-1.311189	-27.894368	1.341517	-1.083701	-27.981633	0.734093	-1.707090	-27.609380	1.086791	-1.111719	-28.136892	-0.038284	-2.075300	-27.626601	1.113374	-1.089252	-28.098849	-0.036285	-2.019473	-27.581047	1.150027	-1.119131	-28.100500	-0.051678	-2.051573	-28.165374	0.981653	-1.113177	-28.195964	1.004699	-1.136046	-27.857867	0.994904	-1.273024	-27.881549	1.009877	-1.373565	-28.206521	0.456841	-1.099087	-27.858935	0.460565	-1.332930	-28.170022	-0.050574	-1.103628	-28.213132	-0.042850	-1.139476	-27.882370	-0.047115	-1.261321	-27.902763	-0.041938	-1.298566
1458	20.242749	00:00:20:18	-28.031705	1.685855	-1.237592	-27.923162	1.665715	-1.161668	-28.037895	1.623851	-1.117910	-28.033231	1.544728	-1.239832	-28.027804	1.596034	-1.210459	-28.161748	1.579891	-1.172044	-27.924027	1.560708	-1.338291	-27.910002	1.278899	-1.145033	-27.976991	0.770601	-1.715459	-27.602112	1.134531	-1.127403	-28.074248	-0.036150	-2.068956	-27.623527	1.138282	-1.112940	-28.095024	-0.063181	-2.060881	-27.581626	1.084419	-1.116484	-28.113166	-0.045275	-2.061832	-28.184044	0.955048	-1.095173	-28.183650	0.995297	-1.147159	-27.854774	0.965185	-1.330500	-27.871337	1.013366	-1.307912	-28.202799	0.472509	-1.103130	-27.861539	0.451699	-1.322008	-28.181774	-0.075143	-1.116298	-28.188299	-0.057872	-1.142905	-27.881142	-0.073369	-1.253635	-27.888792	-0.024704	-1.329897
1459	20.256642	00:00:20:19	-28.036904	1.674551	-1.248655	-27.921092	1.617005	-1.161296	-28.020129	1.584292	-1.105202	-28.012342	1.564055	-1.247321	-28.047105	1.559983	-1.221484	-28.190488	1.557024	-1.177191	-27.928419	1.554807	-1.327200	-27.915000	1.356910	-1.153022	-28.014286	0.759357	-1.683731	-27.596219	1.130866	-1.082698	-28.085433	-0.057427	-2.090030	-27.626828	1.127967	-1.096030	-28.130919	-0.006968	-2.057962	-27.576204	1.127133	-1.121718	-28.088683	-0.052734	-2.083454	-28.167161	0.998185	-1.113623	-28.170797	1.007820	-1.179906	-27.869998	0.955904	-1.308165	-27.868150	0.982000	-1.294587	-28.195600	0.429881	-1.115897	-27.881604	0.455747	-1.303528	-28.147522	-0.083402	-1.082146	-28.197741	-0.052256	-1.164478	-27.871050	-0.068706	-1.272798	-27.884074	-0.046184	-1.311959
1460	20.270535	00:00:20:20	-28.035260	1.733657	-1.216595	-27.926347	1.624816	-1.156615	-28.026937	1.637105	-1.099083	-28.060556	1.568136	-1.227613	-28.014770	1.526805	-1.230257	-28.163287	1.605886	-1.166650	-27.913067	1.567651	-1.315787	-27.848562	1.355612	-1.122351	-28.029390	0.772824	-1.697646	-27.598669	1.134195	-1.122218	-28.092504	-0.053327	-2.066619	-27.586354	1.107204	-1.096597	-28.105479	-0.037358	-2.055140	-27.600987	1.162463	-1.129526	-28.056786	-0.018092	-2.032480	-28.158552	0.991747	-1.102290	-28.219941	0.982362	-1.130072	-27.887781	0.975135	-1.289340	-27.879164	1.027057	-1.368058	-28.195704	0.476239	-1.092464	-27.877386	0.454995	-1.307323	-28.159395	-0.050188	-1.096028	-28.191937	0.000862	-1.117964	-27.863428	-0.105282	-1.274993	-27.874086	-0.045796	-1.310845
1461	20.284429	00:00:20:21	-28.025090	1.703900	-1.213363	-27.890156	1.610031	-1.186181	-28.012959	1.603416	-1.104199	-28.017419	1.600301	-1.270619	-28.027909	1.525400	-1.179541	-28.176579	1.573625	-1.135354	-27.876253	1.582733	-1.305064	-27.892787	1.336933	-1.156253	-28.011721	0.792784	-1.701630	-27.617514	1.122673	-1.092105	-28.091392	-0.047931	-2.076390	-27.602944	1.095623	-1.093211	-28.073879	-0.024391	-2.043767	-27.638627	1.109154	-1.094777	-28.059258	-0.038543	-2.054506	-28.164098	0.944978	-1.114674	-28.216644	0.990873	-1.138668	-27.852151	0.981394	-1.281860	-27.882697	1.009183	-1.326196	-28.189476	0.475371	-1.136990	-27.875758	0.464012	-1.304200	-28.153680	-0.057859	-1.120259	-28.212988	-0.033813	-1.144147	-27.895664	-0.072526	-1.289407	-27.876601	-0.057353	-1.302721
1462	20.298322	00:00:20:22	-28.048026	1.673141	-1.230625	-27.908565	1.599778	-1.162802	-28.059397	1.611157	-1.094085	-28.059209	1.545790	-1.272247	-28.045127	1.564243	-1.223707	-28.173180	1.559746	-1.193915	-27.886227	1.567107	-1.330784	-27.886443	1.382174	-1.168551	-27.992912	0.723412	-1.676100	-27.605784	1.123117	-1.105840	-28.071318	-0.086115	-2.062749	-27.609790	1.127766	-1.097441	-28.106120	-0.041028	-2.072880	-27.582615	1.139969	-1.097606	-28.118972	-0.057046	-2.071371	-28.167138	0.976095	-1.125742	-28.182387	0.999299	-1.174554	-27.853987	0.979475	-1.292041	-27.859511	0.961587	-1.315146	-28.159240	0.503297	-1.126692	-27.898559	0.454943	-1.294997	-28.169318	-0.096881	-1.066543	-28.200317	-0.073443	-1.144370	-27.864209	-0.073814	-1.312503	-27.932466	-0.032739	-1.337671
1463	20.312216	00:00:20:23	-28.023802	1.677934	-1.192007	-27.948738	1.628728	-1.179945	-28.018987	1.606533	-1.099116	-28.038220	1.580991	-1.225462	-28.006376	1.538077	-1.180997	-28.177645	1.583837	-1.151352	-27.903690	1.557459	-1.295790	-27.875460	1.330574	-1.108091	-28.002134	0.756211	-1.691753	-27.618810	1.104869	-1.104800	-28.099618	-0.042036	-2.036120	-27.614976	1.125245	-1.110008	-28.109121	-0.077177	-2.054375	-27.602447	1.125689	-1.111253	-28.085133	-0.043094	-2.053742	-28.165273	0.976284	-1.111750	-28.208929	1.011387	-1.149822	-27.840372	0.992134	-1.286874	-27.876965	0.982712	-1.320903	-28.181802	0.465026	-1.119716	-27.860449	0.465651	-1.324066	-28.177787	-0.078138	-1.088319	-28.212136	-0.051198	-1.144902	-27.863557	-0.119026	-1.302214	-27.873138	-0.010093	-1.326703
1464	20.326109	00:00:20:24	-28.037600	1.703947	-1.245471	-27.938818	1.615878	-1.168691	-28.048023	1.590444	-1.128857	-28.049352	1.571246	-1.225483	-27.984195	1.554039	-1.220771	-28.147121	1.570834	-1.175850	-27.922154	1.581079	-1.318567	-27.866244	1.369045	-1.142795	-27.982459	0.754863	-1.691265	-27.622501	1.127270	-1.089937	-28.107589	-0.043397	-2.069884	-27.612817	1.145181	-1.135790	-28.125045	-0.054737	-2.090447	-27.645588	1.125177	-1.086423	-28.097727	-0.039330	-2.037076	-28.172277	0.967568	-1.123207	-28.193065	0.995098	-1.197076	-27.870857	0.981781	-1.320123	-27.864078	0.985178	-1.330009	-28.199100	0.461077	-1.118575	-27.860817	0.454699	-1.283111	-28.202500	-0.086751	-1.111382	-28.202490	-0.030143	-1.122786	-27.873543	-0.083758	-1.283433	-27.900082	-0.043180	-1.306908
1465	20.340003	00:00:20:25	-28.043783	1.682151	-1.198889	-27.956438	1.609489	-1.141299	-28.023831	1.620089	-1.111377	-28.041881	1.572277	-1.250601	-27.989771	1.554958	-1.204684	-28.153517	1.579095	-1.107708	-27.897924	1.568973	-1.329179	-27.923708	1.351488	-1.116165	-28.021609	0.763877	-1.658618	-27.595153	1.156944	-1.087564	-28.097687	-0.045541	-2.069694	-27.590125	1.156867	-1.076937	-28.107688	-0.084495	-2.107029	-27.593986	1.100826	-1.090154	-28.093917	-0.007039	-2.109074	-28.202667	0.943401	-1.133883	-28.186372	1.011240	-1.160573	-27.858481	0.955055	-1.290901	-27.936529	1.001387	-1.337678	-28.172247	0.483131	-1.127452	-27.884828	0.459471	-1.322235	-28.169717	-0.054824	-1.104058	-28.193400	-0.033364	-1.120801	-27.872108	-0.046995	-1.319794	-27.887244	-0.026425	-1.299344
1466	20.353896	00:00:20:26	-28.034382	1.666602	-1.215034	-27.912820	1.597506	-1.174455	-28.034804	1.627230	-1.112483	-28.038970	1.593932	-1.261052	-28.051384	1.540861	-1.199989	-28.146099	1.588370	-1.166435	-27.887470	1.570268	-1.324602	-27.917078	1.380245	-1.140796	-28.010911	0.748493	-1.668532	-27.601426	1.116148	-1.107860	-28.086369	-0.035903	-2.063544	-27.621412	1.114212	-1.112889	-28.078356	-0.041554	-2.076182	-27.592711	1.109515	-1.115737	-28.091600	-0.062710	-2.068362	-28.187957	0.950910	-1.131504	-28.183330	1.020454	-1.162823	-27.859582	0.974869	-1.280748	-27.892606	1.013058	-1.330829	-28.185911	0.466319	-1.114346	-27.904459	0.459911	-1.296996	-28.173879	-0.088842	-1.112039	-28.187884	-0.033193	-1.156280	-27.860583	-0.068317	-1.231029	-27.943074	-0.065506	-1.350414
1467	20.367790	00:00:20:27	-28.024514	1.674410	-1.247958	-27.920893	1.601650	-1.159904	-28.037021	1.653112	-1.133535	-28.015074	1.594473	-1.240301	-27.998786	1.528798	-1.225837	-28.158162	1.565829	-1.162269	-27.896849	1.556217	-1.304137	-27.867016	1.369837	-1.135808	-27.996072	0.761432	-1.697315	-27.623354	1.119113	-1.138754	-28.114663	-0.034822	-2.058559	-27.589634	1.137144	-1.094153	-28.087854	-0.075921	-2.068918	-27.615776	1.124812	-1.123816	-28.091695	-0.049179	-2.047151	-28.175022	0.991951	-1.131036	-28.163608	1.027480	-1.121720	-27.854040	0.952821	-1.274339	-27.896560	1.014660	-1.362943	-28.170275	0.456216	-1.116835	-27.874361	0.440795	-1.295722	-28.172471	-0.048122	-1.061520	-28.195235	-0.041864	-1.162031	-27.869331	-0.046500	-1.274453	-27.906547	-0.034865	-1.359342
1468	20.381683	00:00:20:28	-28.042567	1.712976	-1.211407	-27.917259	1.628511	-1.145623	-28.024606	1.627043	-1.109900	-28.019996	1.533304	-1.240474	-28.000394	1.564702	-1.223445	-28.165230	1.581827	-1.149144	-27.904669	1.578447	-1.340329	-27.889475	1.337017	-1.143147	-28.010876	0.738667	-1.705079	-27.655274	1.101135	-1.133133	-28.070076	-0.036233	-2.066615	-27.599256	1.133580	-1.108395	-28.037019	-0.014522	-2.051106	-27.610199	1.142324	-1.052377	-28.058175	-0.047026	-2.067280	-28.189355	0.932663	-1.099585	-28.170349	1.025806	-1.177019	-27.844528	0.961727	-1.257384	-27.876810	0.982915	-1.332204	-28.192873	0.460536	-1.114563	-27.893749	0.454476	-1.310616	-28.150780	-0.066478	-1.111840	-28.192395	-0.064290	-1.122802	-27.866268	-0.075418	-1.257329	-27.905446	-0.063834	-1.305773
1469	20.395576	00:00:20:29	-27.997004	1.687831	-1.226191	-27.951812	1.589328	-1.157741	-28.021913	1.618592	-1.090750	-28.044621	1.572000	-1.248530	-28.033394	1.542350	-1.208082	-28.153297	1.568308	-1.187941	-27.897106	1.583163	-1.317528	-27.866464	1.358119	-1.133575	-28.027857	0.790191	-1.721850	-27.608688	1.135455	-1.103124	-28.079491	-0.054600	-2.061981	-27.610279	1.143967	-1.108451	-28.069178	-0.044465	-2.058138	-27.604668	1.138271	-1.106693	-28.082221	-0.034773	-2.080987	-28.149201	0.975747	-1.117484	-28.174307	1.019689	-1.134458	-27.868274	0.993271	-1.265777	-27.892175	0.987087	-1.369843	-28.195430	0.451132	-1.126797	-27.862615	0.450183	-1.302051	-28.155663	-0.082199	-1.111275	-28.154211	-0.052060	-1.125207	-27.858649	-0.096957	-1.261966	-27.896871	-0.034338	-1.332416
1470	20.409470	00:00:20:30	-28.023545	1.709444	-1.187693	-27.928636	1.655032	-1.185716	-28.045093	1.584972	-1.105530	-28.046595	1.585672	-1.249667	-28.015769	1.557537	-1.226480	-28.140725	1.599260	-1.162497	-27.910087	1.553785	-1.317490	-27.904922	1.344162	-1.137267	-27.981429	0.789621	-1.704313	-27.598670	1.095576	-1.106623	-28.091143	-0.042176	-2.097431	-27.590290	1.111214	-1.103585	-28.079216	-0.062371	-2.061486	-27.586141	1.164271	-1.118383	-28.110157	-0.064034	-2.049650	-28.162749	0.995786	-1.143190	-28.214719	0.955196	-1.170650	-27.849855	0.967561	-1.326405	-27.892698	1.016506	-1.327129	-28.168356	0.496062	-1.132935	-27.890286	0.461480	-1.298681	-28.172686	-0.090336	-1.093201	-28.164773	-0.014561	-1.135915	-27.871498	-0.065512	-1.273785	-27.891121	-0.044260	-1.328452
1471	20.423363	00:00:20:31	-27.991328	1.689799	-1.232913	-27.894429	1.615666	-1.177351	-28.035240	1.669079	-1.101439	-28.060204	1.565199	-1.241463	-28.034335	1.584621	-1.194279	-28.157365	1.572665	-1.137696	-27.899271	1.548062	-1.292491	-27.882375	1.334429	-1.131383	-27.990031	0.750045	-1.704098	-27.605093	1.128653	-1.122729	-28.097579	-0.028874	-2.047313	-27.609266	1.143794	-1.118745	-28.088910	-0.057741	-2.051626	-27.614904	1.094815	-1.119909	-28.122761	-0.036813	-2.071592	-28.192027	0.913257	-1.110016	-28.165950	0.996201	-1.138140	-27.859199	0.940639	-1.301807	-27.910298	1.013905	-1.334735	-28.197324	0.483764	-1.151044	-27.884365	0.460648	-1.297147	-28.184181	-0.082729	-1.087045	-28.184548	-0.029790	-1.136773	-27.883509	-0.064692	-1.297074	-27.880982	-0.006955	-1.320301
1472	20.437257	00:00:20:32	-28.002158	1.698804	-1.223631	-27.901787	1.619681	-1.158565	-28.052730	1.638152	-1.096588	-28.041236	1.610333	-1.250953	-27.985368	1.563336	-1.218771	-28.156750	1.567413	-1.183075	-27.894667	1.577756	-1.320291	-27.839429	1.362365	-1.139800	-28.021911	0.776371	-1.683597	-27.607196	1.112360	-1.126173	-28.098288	-0.039462	-2.061941	-27.573451	1.116093	-1.143808	-28.114863	-0.009013	-2.082410	-27.612100	1.117453	-1.093122	-28.114682	-0.002539	-2.039397	-28.153310	0.994772	-1.097154	-28.169163	0.973980	-1.143252	-27.850990	0.947835	-1.303814	-27.887242	1.039582	-1.361486	-28.178790	0.456203	-1.122247	-27.860712	0.439995	-1.295801	-28.179317	-0.061877	-1.103177	-28.184361	-0.014725	-1.111049	-27.864509	-0.099047	-1.284284	-27.906271	-0.057959	-1.288568
1473	20.451150	00:00:20:33	-28.023105	1.696969	-1.221709	-27.923312	1.633893	-1.147315	-28.029191	1.623118	-1.104264	-28.026928	1.573476	-1.221370	-28.023230	1.523368	-1.204614	-28.164853	1.576951	-1.148269	-27.912663	1.607728	-1.323930	-27.876006	1.371291	-1.123809	-28.007288	0.743687	-1.690535	-27.619335	1.113338	-1.106981	-28.059552	-0.055391	-2.056187	-27.602224	1.140752	-1.098885	-28.107408	-0.060577	-2.045827	-27.600873	1.129921	-1.115710	-28.070264	-0.073754	-2.069926	-28.188594	0.960944	-1.107222	-28.201135	1.004981	-1.147467	-27.892655	0.947029	-1.276399	-27.886800	1.021092	-1.355117	-28.196394	0.500841	-1.147738	-27.864751	0.508757	-1.309718	-28.157115	-0.068395	-1.099764	-28.196337	-0.065509	-1.111467	-27.858178	-0.071465	-1.272709	-27.892695	-0.037329	-1.326607
1474	20.465044	00:00:20:34	-28.056493	1.685999	-1.226964	-27.960908	1.622674	-1.130998	-28.015350	1.645583	-1.116783	-28.023440	1.565426	-1.220539	-28.020774	1.542252	-1.203007	-28.161463	1.565652	-1.163199	-27.911714	1.552700	-1.322587	-27.866315	1.353534	-1.128745	-27.988505	0.773666	-1.685687	-27.630411	1.133303	-1.135903	-28.094466	-0.022814	-2.035391	-27.615572	1.124572	-1.123679	-28.103368	-0.054200	-2.061759	-27.636911	1.102344	-1.112646	-28.095149	-0.034054	-2.075523	-28.188016	0.972929	-1.124150	-28.199553	0.988275	-1.139480	-27.849407	0.947704	-1.300433	-27.887591	1.008216	-1.339190	-28.198913	0.429973	-1.104619	-27.852698	0.501438	-1.316729	-28.170887	-0.078785	-1.088363	-28.195228	-0.052065	-1.159146	-27.851277	-0.066355	-1.266003	-27.883130	-0.033899	-1.335548
1475	20.478937	00:00:20:35	-28.048235	1.719692	-1.214293	-27.911636	1.619485	-1.124653	-28.031216	1.614489	-1.116708	-28.076718	1.536637	-1.231683	-28.013618	1.554934	-1.232392	-28.152909	1.575749	-1.172123	-27.895616	1.549644	-1.337232	-27.901861	1.364954	-1.151117	-27.985883	0.778376	-1.683327	-27.602606	1.143625	-1.122766	-28.073980	-0.042229	-2.053487	-27.587238	1.137546	-1.123668	-28.093305	-0.014181	-2.065125	-27.635550	1.119366	-1.087114	-28.093426	-0.042075	-2.028886	-28.148744	0.968370	-1.123748	-28.167137	0.983891	-1.159262	-27.826175	0.979931	-1.290315	-27.920830	1.022194	-1.329597	-28.221746	0.466295	-1.131402	-27.900354	0.460584	-1.299036	-28.157932	-0.106211	-1.119231	-28.198047	-0.043608	-1.130290	-27.823655	-0.093755	-1.254706	-27.903806	-0.033967	-1.303666
1476	20.492831	00:00:20:36	-28.023859	1.711063	-1.230227	-27.926767	1.662815	-1.154377	-28.028535	1.641032	-1.096199	-28.033119	1.574748	-1.226421	-28.022261	1.542828	-1.221487	-28.167365	1.588057	-1.143667	-27.920734	1.555970	-1.299495	-27.872935	1.333670	-1.181123	-27.988351	0.751369	-1.691175	-27.615454	1.134796	-1.101760	-28.071980	-0.051749	-2.077082	-27.596978	1.103536	-1.114822	-28.096491	-0.060144	-2.023252	-27.610778	1.140183	-1.107765	-28.106088	-0.034871	-2.060191	-28.136804	0.991842	-1.123839	-28.195900	1.008135	-1.141672	-27.900593	0.948871	-1.322899	-27.945629	0.974001	-1.351603	-28.199874	0.451318	-1.162679	-27.870350	0.473191	-1.337767	-28.151174	-0.070267	-1.073058	-28.187623	-0.031345	-1.149361	-27.836912	-0.081488	-1.308131	-27.882441	-0.059608	-1.329084
1477	20.506724	00:00:20:37	-28.005676	1.698174	-1.234784	-27.935412	1.645338	-1.189195	-28.029503	1.613863	-1.111235	-28.070263	1.599897	-1.261929	-28.013817	1.529274	-1.212326	-28.180171	1.569586	-1.154349	-27.939316	1.612275	-1.311058	-27.881856	1.344707	-1.110726	-28.014561	0.743631	-1.674063	-27.597963	1.087435	-1.103495	-28.087868	-0.072691	-2.028556	-27.644159	1.100003	-1.114720	-28.096664	-0.010935	-2.089457	-27.580957	1.135353	-1.101656	-28.092660	-0.090221	-2.036796	-28.174846	0.975291	-1.130758	-28.193327	0.977182	-1.153521	-27.887843	0.980076	-1.341741	-27.894184	1.043705	-1.349386	-28.164054	0.456662	-1.107196	-27.876740	0.476555	-1.304619	-28.178196	-0.081256	-1.071890	-28.163937	-0.042950	-1.146036	-27.883473	-0.091850	-1.269665	-27.897621	-0.032897	-1.325335
1478	20.520617	00:00:20:38	-28.044424	1.708360	-1.259635	-27.941617	1.624061	-1.163351	-28.047379	1.621258	-1.084128	-28.015222	1.537531	-1.221945	-28.002420	1.572058	-1.219672	-28.164565	1.555610	-1.151938	-27.920569	1.543977	-1.333321	-27.889061	1.335617	-1.146973	-28.007240	0.764424	-1.663079	-27.600270	1.142410	-1.146128	-28.075119	-0.040662	-2.055820	-27.596339	1.142830	-1.112405	-28.089331	-0.036794	-2.080960	-27.645292	1.105968	-1.097013	-28.098139	-0.049808	-2.065509	-28.198864	0.986106	-1.077489	-28.180375	1.023438	-1.132651	-27.880738	0.960709	-1.301289	-27.889075	1.017898	-1.336499	-28.203780	0.478868	-1.137324	-27.877037	0.444270	-1.296561	-28.185837	-0.072859	-1.112490	-28.197964	-0.028854	-1.107120	-27.845956	-0.099665	-1.288056	-27.901446	-0.030987	-1.342136
1479	20.534511	00:00:20:39	-28.031774	1.677685	-1.222412	-27.910270	1.642116	-1.148965	-28.017625	1.617848	-1.113368	-28.069382	1.565585	-1.197238	-27.983494	1.554955	-1.228690	-28.163789	1.573792	-1.187776	-27.879543	1.551382	-1.298501	-27.910764	1.339004	-1.142449	-27.970086	0.750376	-1.678455	-27.617705	1.141645	-1.116682	-28.085032	-0.056614	-2.036440	-27.606338	1.113411	-1.110226	-28.068468	-0.048035	-2.048964	-27.606890	1.098061	-1.094341	-28.112649	-0.025618	-2.027226	-28.165559	0.970164	-1.078763	-28.168691	1.022948	-1.131954	-27.836329	0.981949	-1.304741	-27.917697	0.983347	-1.347939	-28.192392	0.458217	-1.117058	-27.893735	0.465683	-1.305710	-28.165716	-0.070735	-1.094956	-28.200421	-0.032013	-1.139413	-27.831572	-0.081115	-1.274566	-27.907481	-0.040392	-1.324245
1480	20.548404	00:00:20:40	-28.032312	1.696029	-1.186308	-27.906950	1.610431	-1.204323	-28.056295	1.626108	-1.106895	-28.076417	1.588447	-1.235885	-28.039919	1.544599	-1.215076	-28.160202	1.576692	-1.163251	-27.860017	1.588802	-1.299645	-27.873913	1.357894	-1.125183	-28.011032	0.787286	-1.668503	-27.606070	1.114312	-1.118998	-28.100705	-0.064804	-2.112498	-27.639644	1.116311	-1.115040	-28.059071	-0.053258	-2.057528	-27.592717	1.109178	-1.121089	-28.092631	-0.063783	-2.036130	-28.166247	0.986516	-1.136797	-28.205536	0.999346	-1.153932	-27.876524	0.961074	-1.308719	-27.891908	0.993499	-1.295335	-28.175365	0.476806	-1.114123	-27.868525	0.459977	-1.352612	-28.152481	-0.074305	-1.074828	-28.190516	-0.057802	-1.148876	-27.884399	-0.070566	-1.273029	-27.872379	-0.059750	-1.322592
1481	20.562298	00:00:20:41	-28.028997	1.699837	-1.208675	-27.899058	1.600335	-1.162104	-28.000865	1.611316	-1.082041	-28.034966	1.570005	-1.243280	-28.032212	1.544176	-1.203643	-28.175423	1.597971	-1.166681	-27.904185	1.588016	-1.312511	-27.886091	1.351463	-1.120860	-28.013464	0.758005	-1.674310	-27.613509	1.123257	-1.143529	-28.102828	-0.061639	-2.052842	-27.598717	1.094328	-1.113153	-28.095065	-0.068868	-2.074175	-27.577933	1.131658	-1.120455	-28.065598	-0.069281	-2.056003	-28.159413	0.967750	-1.116444	-28.194948	0.979258	-1.177129	-27.882673	0.974820	-1.321810	-27.862103	1.009080	-1.328280	-28.189561	0.448278	-1.117822	-27.882470	0.456633	-1.324030	-28.178751	-0.060459	-1.102946	-28.231398	-0.047379	-1.125005	-27.861766	-0.052776	-1.278489	-27.921641	-0.028971	-1.339711
1482	20.576191	00:00:20:42	-28.031644	1.691439	-1.236906	-27.909593	1.599227	-1.191626	-28.019081	1.603685	-1.087474	-28.037790	1.568580	-1.242240	-28.003729	1.517560	-1.209994	-28.175050	1.568299	-1.168629	-27.900014	1.595303	-1.351311	-27.923206	1.367408	-1.148208	-27.997130	0.793134	-1.682510	-27.585503	1.130099	-1.114638	-28.102428	-0.045813	-2.068094	-27.605897	1.087342	-1.101791	-28.082336	-0.035015	-2.039742	-27.590256	1.112853	-1.128501	-28.116779	-0.056338	-2.041637	-28.158161	0.973648	-1.106698	-28.161370	0.972147	-1.179671	-27.848968	0.962141	-1.315887	-27.879481	1.000630	-1.337496	-28.166726	0.451526	-1.135323	-27.882616	0.452841	-1.298315	-28.161082	-0.075632	-1.082227	-28.185768	-0.038889	-1.129831	-27.856387	-0.068622	-1.283718	-27.910576	-0.053588	-1.341662
1483	20.590085	00:00:20:43	-28.020312	1.671684	-1.252112	-27.921161	1.644770	-1.167702	-28.024724	1.623293	-1.084339	-28.036919	1.571827	-1.269944	-28.028815	1.552231	-1.205570	-28.157341	1.575118	-1.149611	-27.888280	1.599195	-1.321600	-27.909556	1.349409	-1.152914	-28.005663	0.703494	-1.671617	-27.641009	1.114333	-1.086823	-28.086539	-0.047560	-2.100385	-27.628281	1.127547	-1.103406	-28.062411	-0.034240	-2.057249	-27.616018	1.153800	-1.116455	-28.099569	-0.057389	-2.092113	-28.161713	0.941752	-1.081015	-28.236089	0.988290	-1.168906	-27.870397	0.983002	-1.300639	-27.879180	0.990609	-1.344596	-28.193857	0.443719	-1.135377	-27.880424	0.496792	-1.309533	-28.186093	-0.082844	-1.097932	-28.193663	-0.053844	-1.130042	-27.905507	-0.048346	-1.291614	-27.853560	-0.068823	-1.325877
1484	20.603978	00:00:20:44	-28.034546	1.663069	-1.220532	-27.940140	1.638075	-1.167175	-28.017358	1.623363	-1.108069	-28.049446	1.573144	-1.245776	-28.023156	1.546968	-1.226472	-28.152913	1.594269	-1.169257	-27.930485	1.564552	-1.344239	-27.880836	1.356837	-1.136449	-28.009718	0.746680	-1.673510	-27.613844	1.107431	-1.106522	-28.075855	-0.050594	-2.056048	-27.621276	1.096749	-1.129330	-28.091846	-0.017756	-2.089109	-27.608934	1.125523	-1.089866	-28.072715	-0.025240	-2.061604	-28.158863	0.978625	-1.115012	-28.225636	0.981020	-1.129821	-27.902877	0.965942	-1.286265	-27.907520	1.005662	-1.356393	-28.183107	0.461179	-1.115621	-27.908816	0.471815	-1.305433	-28.181023	-0.032701	-1.101278	-28.190328	-0.006470	-1.140664	-27.895349	-0.056142	-1.289401	-27.908475	-0.021330	-1.325972
1485	20.617872	00:00:20:45	-28.071035	1.732044	-1.206371	-27.914442	1.621064	-1.167558	-28.012847	1.631100	-1.106321	-28.036620	1.597056	-1.247860	-28.010015	1.566178	-1.196074	-28.131291	1.620932	-1.167528	-27.902439	1.569381	-1.319569	-27.886628	1.349735	-1.155762	-28.013293	0.735163	-1.701067	-27.609203	1.144427	-1.117774	-28.095025	-0.020809	-2.043719	-27.598811	1.125291	-1.118368	-28.089530	-0.045710	-2.074972	-27.617844	1.116272	-1.115038	-28.096381	-0.042562	-2.041912	-28.160739	0.959751	-1.104575	-28.210302	0.978653	-1.153287	-27.888522	0.951459	-1.314555	-27.873178	1.013168	-1.343915	-28.160252	0.454008	-1.102275	-27.916266	0.443044	-1.298523	-28.173223	-0.045673	-1.075169	-28.183286	-0.031777	-1.134193	-27.881303	-0.064888	-1.257325	-27.882954	-0.045391	-1.280758
1486	20.631765	00:00:20:46	-28.039021	1.724516	-1.210331	-27.939724	1.635801	-1.155064	-28.054171	1.635835	-1.125991	-28.023773	1.568504	-1.254663	-28.007600	1.538233	-1.191542	-28.176561	1.601530	-1.149937	-27.898437	1.563690	-1.331223	-27.884994	1.363827	-1.154837	-27.974810	0.746535	-1.704971	-27.641503	1.111728	-1.140209	-28.097245	-0.027806	-2.073506	-27.623677	1.118081	-1.120981	-28.092170	-0.074079	-2.055466	-27.635097	1.124160	-1.179614	-28.092539	-0.074582	-2.065904	-28.176478	0.965556	-1.091664	-28.227211	1.031931	-1.167656	-27.828886	0.969314	-1.308616	-27.904781	0.964634	-1.357545	-28.178618	0.502681	-1.135500	-27.882266	0.450430	-1.305892	-28.145324	-0.072908	-1.091784	-28.198585	-0.027341	-1.103760	-27.902116	-0.052881	-1.286522	-27.880999	-0.017120	-1.311147
1487	20.645658	00:00:20:47	-28.029311	1.691027	-1.256111	-27.920361	1.614603	-1.150238	-28.034463	1.622396	-1.113612	-28.016352	1.590991	-1.253855	-28.009491	1.548151	-1.199592	-28.184699	1.579613	-1.151685	-27.894685	1.608155	-1.293982	-27.904889	1.348506	-1.106391	-28.020051	0.758639	-1.691385	-27.604398	1.094314	-1.120505	-28.047445	-0.048468	-2.027487	-27.596857	1.150536	-1.097778	-28.100209	-0.023202	-2.055914	-27.606049	1.133945	-1.113898	-28.095708	-0.055067	-2.082238	-28.163172	0.973998	-1.098312	-28.178708	0.979937	-1.176705	-27.850024	1.002966	-1.324370	-27.868171	0.999572	-1.347777	-28.153474	0.459591	-1.149217	-27.866494	0.458259	-1.285085	-28.174211	-0.074461	-1.079414	-28.206770	-0.054574	-1.117429	-27.904624	-0.064052	-1.273422	-27.862046	-0.034407	-1.312691
1488	20.659552	00:00:20:48	-28.034453	1.698717	-1.189008	-27.885464	1.623068	-1.143975	-28.016871	1.638707	-1.093975	-28.027249	1.579506	-1.262377	-28.033575	1.545553	-1.205483	-28.170015	1.567452	-1.155329	-27.891722	1.578018	-1.314062	-27.902141	1.344077	-1.141156	-27.990995	0.748051	-1.697223	-27.644206	1.116004	-1.105841	-28.102768	-0.063766	-2.075310	-27.610768	1.117234	-1.089608	-28.107866	-0.046477	-2.072090	-27.616508	1.121821	-1.151915	-28.082748	-0.057983	-2.049380	-28.165302	0.969673	-1.110574	-28.193692	0.982983	-1.140692	-27.866164	0.977243	-1.292813	-27.880776	0.982501	-1.353612	-28.170502	0.457436	-1.110216	-27.894910	0.456359	-1.307380	-28.157753	-0.066294	-1.094003	-28.185988	-0.045762	-1.155970	-27.866450	-0.074527	-1.279254	-27.912130	-0.043662	-1.371831
1489	20.673445	00:00:20:49	-28.056552	1.662425	-1.219108	-27.913094	1.617680	-1.149467	-28.023105	1.618757	-1.078426	-28.025269	1.582400	-1.253626	-28.005340	1.539579	-1.216094	-28.154474	1.562503	-1.186027	-27.925796	1.560187	-1.307996	-27.872287	1.325239	-1.130494	-28.030350	0.777293	-1.708914	-27.591979	1.145423	-1.113836	-28.085171	-0.045804	-2.067067	-27.618685	1.138493	-1.100902	-28.106738	-0.040808	-2.068441	-27.642681	1.150006	-1.120747	-28.088058	-0.043500	-2.091707	-28.152481	0.945146	-1.109201	-28.210494	1.026485	-1.174405	-27.863812	0.968162	-1.276907	-27.867163	1.013595	-1.365184	-28.188108	0.450861	-1.138920	-27.872168	0.450872	-1.304061	-28.165793	-0.070539	-1.054567	-28.190193	-0.049519	-1.150758	-27.863756	-0.071981	-1.294720	-27.881718	-0.039300	-1.337783
1490	20.687339	00:00:20:50	-28.052922	1.710192	-1.219823	-27.950528	1.601448	-1.135250	-28.043098	1.638189	-1.109092	-28.006215	1.549726	-1.239484	-28.040268	1.534356	-1.224748	-28.159036	1.570997	-1.173027	-27.903708	1.573656	-1.296305	-27.885154	1.352267	-1.150820	-28.012018	0.772241	-1.716324	-27.631111	1.108695	-1.109677	-28.082630	-0.032567	-2.069047	-27.628647	1.105091	-1.122040	-28.091729	-0.052314	-2.057556	-27.651909	1.116143	-1.119663	-28.081549	-0.058661	-2.059012	-28.169671	0.983777	-1.112035	-28.175003	1.001201	-1.118301	-27.861630	0.986792	-1.278912	-27.881326	0.979123	-1.316097	-28.178265	0.486265	-1.124618	-27.873798	0.472851	-1.314169	-28.190090	-0.059619	-1.108206	-28.180118	-0.021170	-1.113341	-27.851634	-0.058763	-1.282448	-27.880261	-0.042693	-1.351920
1491	20.701232	00:00:20:51	-28.032916	1.676362	-1.236585	-27.938029	1.623138	-1.149023	-28.025266	1.633885	-1.080858	-28.046502	1.604374	-1.216623	-28.036760	1.536045	-1.208886	-28.190610	1.572441	-1.170147	-27.902891	1.576405	-1.296625	-27.890033	1.328435	-1.156662	-27.983101	0.761270	-1.671435	-27.626001	1.118479	-1.138535	-28.101734	-0.047498	-2.076960	-27.644220	1.124258	-1.112334	-28.090458	-0.010211	-2.069827	-27.627543	1.107379	-1.107887	-28.089580	-0.057622	-2.072308	-28.160598	0.949580	-1.091249	-28.176034	1.015886	-1.186435	-27.863757	0.978697	-1.318075	-27.881760	1.006628	-1.326699	-28.180501	0.455635	-1.109482	-27.886424	0.437173	-1.300565	-28.147264	-0.101864	-1.099906	-28.204710	-0.068588	-1.141179	-27.886287	-0.086703	-1.252092	-27.881501	-0.042974	-1.300857
1492	20.715126	00:00:20:52	-28.042979	1.653425	-1.211195	-27.918240	1.636584	-1.184825	-28.028787	1.616958	-1.084498	-28.052954	1.577480	-1.222960	-28.045816	1.557499	-1.210858	-28.150517	1.577091	-1.117108	-27.907644	1.616024	-1.331181	-27.862641	1.353735	-1.138423	-28.022329	0.736916	-1.702404	-27.574100	1.124613	-1.139415	-28.079854	-0.068039	-2.058867	-27.630506	1.125271	-1.114963	-28.105482	-0.041849	-2.040290	-27.632213	1.119537	-1.110455	-28.086951	-0.043706	-2.087465	-28.161013	0.955882	-1.103211	-28.168848	1.005945	-1.152567	-27.866506	0.946548	-1.295417	-27.902795	0.999591	-1.356969	-28.201592	0.462213	-1.128756	-27.879637	0.463466	-1.301806	-28.126385	-0.067129	-1.108000	-28.222309	-0.025994	-1.134243	-27.838417	-0.073870	-1.285448	-27.880602	-0.041143	-1.331280
1493	20.729019	00:00:20:53	-28.039363	1.706999	-1.225549	-27.919312	1.616845	-1.147397	-28.046443	1.651200	-1.105153	-28.028965	1.574387	-1.223422	-28.031068	1.566468	-1.185665	-28.172270	1.580222	-1.154355	-27.872461	1.549592	-1.322291	-27.927483	1.355339	-1.183250	-28.010257	0.786215	-1.694329	-27.625673	1.130796	-1.146090	-28.062288	-0.023892	-2.062126	-27.616258	1.104651	-1.173641	-28.081887	-0.026889	-2.099414	-27.606575	1.116569	-1.105960	-28.122556	-0.001784	-2.071630	-28.169706	0.952413	-1.129927	-28.208887	1.000776	-1.158646	-27.891421	0.995240	-1.284589	-27.910672	1.016571	-1.361807	-28.163324	0.461802	-1.120478	-27.884060	0.463760	-1.333992	-28.153550	-0.072898	-1.123112	-28.218396	-0.038284	-1.134952	-27.890133	-0.039198	-1.262497	-27.904988	0.007804	-1.327564
1494	20.742913	00:00:20:54	-28.047643	1.680892	-1.244364	-27.914941	1.646787	-1.175300	-28.029482	1.632235	-1.089382	-28.043067	1.572976	-1.242643	-28.031006	1.534476	-1.187562	-28.192277	1.576946	-1.191664	-27.895931	1.547559	-1.298560	-27.880687	1.334256	-1.135048	-28.010024	0.815752	-1.666828	-27.642687	1.124745	-1.138256	-28.062415	-0.054542	-2.059341	-27.629659	1.099038	-1.161154	-28.087495	-0.066548	-2.050780	-27.626045	1.126869	-1.130410	-28.065531	-0.047896	-2.077093	-28.168238	0.960091	-1.069898	-28.184177	0.986961	-1.149213	-27.873652	0.969803	-1.312729	-27.900284	0.993192	-1.336179	-28.219034	0.477970	-1.108326	-27.863698	0.486300	-1.338258	-28.209523	-0.084420	-1.115210	-28.214773	-0.065502	-1.145318	-27.873685	-0.063388	-1.260673	-27.921725	-0.043246	-1.308090
1495	20.756806	00:00:20:55	-28.016837	1.682188	-1.199225	-27.948626	1.595248	-1.161489	-28.018180	1.655758	-1.087385	-28.028948	1.584195	-1.245975	-28.027519	1.562283	-1.216525	-28.167589	1.565792	-1.166382	-27.924573	1.565300	-1.346966	-27.904912	1.334828	-1.147870	-28.006080	0.756274	-1.710055	-27.617651	1.108537	-1.139715	-28.070102	-0.065279	-2.066390	-27.605494	1.090279	-1.111825	-28.094425	-0.033387	-2.051701	-27.630843	1.112768	-1.136851	-28.086077	-0.042178	-2.072514	-28.188611	0.954909	-1.111170	-28.175569	0.986251	-1.163883	-27.831943	0.947637	-1.277339	-27.917468	0.991238	-1.354837	-28.135293	0.472118	-1.111575	-27.903975	0.468470	-1.330406	-28.149112	-0.081509	-1.123397	-28.199458	-0.029237	-1.119742	-27.864865	-0.058167	-1.274175	-27.903413	-0.049138	-1.318577
1496	20.770699	00:00:20:56	-28.045495	1.691122	-1.235408	-27.950042	1.616790	-1.171941	-28.057527	1.641955	-1.092968	-28.059496	1.583271	-1.277672	-28.030925	1.559449	-1.219487	-28.157358	1.602009	-1.158167	-27.902754	1.556885	-1.322265	-27.899042	1.371562	-1.140691	-28.033134	0.745874	-1.718558	-27.585927	1.111880	-1.154206	-28.112817	-0.058105	-2.066918	-27.603734	1.137530	-1.125130	-28.131414	-0.038726	-2.059844	-27.633981	1.099406	-1.128502	-28.082164	-0.050361	-2.085402	-28.184444	0.999406	-1.116987	-28.163182	0.980591	-1.153702	-27.892819	0.956162	-1.316370	-27.925290	1.022708	-1.342005	-28.185220	0.444295	-1.087919	-27.879543	0.474490	-1.297660	-28.164711	-0.055304	-1.098564	-28.194738	-0.035659	-1.108882	-27.877190	-0.059998	-1.276728	-27.927265	-0.044827	-1.341411
1497	20.784593	00:00:20:57	-28.036080	1.712878	-1.215987	-27.925179	1.641987	-1.176778	-28.022793	1.619780	-1.096406	-28.017633	1.608212	-1.259411	-28.039028	1.573932	-1.208619	-28.170801	1.578809	-1.172153	-27.925205	1.535358	-1.320681	-27.921052	1.341851	-1.159168	-28.016384	0.754070	-1.668420	-27.616763	1.101203	-1.136072	-28.088916	-0.045224	-2.059649	-27.671176	1.111076	-1.133999	-28.097007	-0.060848	-2.093540	-27.622151	1.115588	-1.113440	-28.085358	-0.047688	-2.073890	-28.133349	0.989271	-1.124185	-28.187581	0.987776	-1.197947	-27.886766	0.961161	-1.297175	-27.912738	0.992688	-1.352372	-28.207672	0.450128	-1.115941	-27.873359	0.442801	-1.311994	-28.170288	-0.058180	-1.085270	-28.238784	-0.016320	-1.133293	-27.895514	-0.071836	-1.286606	-27.901687	-0.035145	-1.289687
1498	20.798486	00:00:20:58	-28.025309	1.703072	-1.230089	-27.920857	1.606014	-1.196210	-28.031756	1.601917	-1.095413	-28.046156	1.603878	-1.239584	-27.996769	1.552058	-1.224897	-28.157586	1.585670	-1.153392	-27.940995	1.567293	-1.297408	-27.897199	1.362805	-1.139024	-28.018905	0.783381	-1.696539	-27.599167	1.098496	-1.140776	-28.070069	-0.081131	-2.075786	-27.631913	1.138561	-1.121595	-28.074599	-0.032968	-2.077677	-27.646347	1.089966	-1.161043	-28.086089	-0.047699	-2.067790	-28.193283	0.973697	-1.121917	-28.204928	1.001919	-1.156380	-27.849185	0.980173	-1.321268	-27.872637	1.024385	-1.334010	-28.189728	0.487796	-1.073979	-27.887457	0.485793	-1.316459	-28.160389	-0.077887	-1.109981	-28.169216	-0.016801	-1.118168	-27.860681	-0.089036	-1.277612	-27.903526	-0.036441	-1.305174
1499	20.812380	00:00:20:59	-28.053752	1.718162	-1.240706	-27.916836	1.627501	-1.165357	-28.039600	1.624474	-1.079160	-28.064071	1.541947	-1.259754	-28.023543	1.545747	-1.216640	-28.189831	1.598538	-1.133258	-27.889570	1.567818	-1.275390	-27.906343	1.346611	-1.117693	-27.997745	0.769752	-1.689620	-27.639120	1.095588	-1.086884	-28.117973	-0.056201	-2.048874	-27.620365	1.124378	-1.095924	-28.087789	-0.026403	-2.065553	-27.643376	1.116816	-1.132712	-28.118348	-0.068741	-2.052748	-28.176595	0.986938	-1.121837	-28.202703	1.011921	-1.128524	-27.864363	0.996181	-1.293828	-27.869746	0.978188	-1.333087	-28.198108	0.455627	-1.124414	-27.878644	0.484153	-1.301598	-28.153987	-0.084522	-1.104910	-28.223042	-0.010960	-1.133833	-27.877757	-0.072784	-1.275693	-27.902617	-0.036335	-1.341189
1500	20.826273	00:00:20:60	-28.059427	1.699776	-1.183503	-27.920941	1.629726	-1.158369	-28.042088	1.600334	-1.098314	-28.048727	1.561433	-1.198219	-28.051580	1.522059	-1.221794	-28.164809	1.571366	-1.140164	-27.887934	1.565190	-1.314219	-27.881702	1.357230	-1.171374	-27.989671	0.794218	-1.698953	-27.630620	1.133453	-1.128112	-28.112989	-0.049831	-2.078449	-27.641928	1.123514	-1.131658	-28.124152	-0.035376	-2.065359	-27.634941	1.113322	-1.160163	-28.104293	-0.018263	-2.093532	-28.174614	0.992067	-1.099562	-28.211565	1.005681	-1.145999	-27.846714	0.960523	-1.292035	-27.888258	1.009138	-1.369412	-28.176911	0.471365	-1.136094	-27.865393	0.485104	-1.297971	-28.172277	-0.056061	-1.047653	-28.183423	-0.010956	-1.157974	-27.829898	-0.063628	-1.295161	-27.898099	-0.059125	-1.340979
1501	20.840167	00:00:20:61	-28.010937	1.684745	-1.225121	-27.902245	1.613881	-1.190311	-28.029398	1.616722	-1.109083	-28.040373	1.557786	-1.240065	-28.005012	1.552404	-1.229781	-28.157386	1.597712	-1.124117	-27.901962	1.580568	-1.322402	-27.885567	1.352455	-1.146836	-27.995918	0.743605	-1.671247	-27.633254	1.122674	-1.132689	-28.128483	-0.033400	-2.066750	-27.663469	1.113456	-1.129975	-28.087382	-0.074555	-2.059154	-27.614653	1.122136	-1.147245	-28.073146	-0.047329	-2.046415	-28.181642	0.972346	-1.056941	-28.198104	0.990322	-1.133789	-27.857052	0.991164	-1.300622	-27.887771	0.983893	-1.330718	-28.179788	0.472868	-1.139948	-27.894797	0.459153	-1.320323	-28.145396	-0.070498	-1.081630	-28.220328	-0.053221	-1.117966	-27.854189	-0.064353	-1.259227	-27.889950	-0.082345	-1.306680
1502	20.854060	00:00:20:62	-28.035314	1.678080	-1.217575	-27.946428	1.656365	-1.129283	-28.016566	1.635883	-1.098019	-28.019669	1.583420	-1.199939	-28.034785	1.578384	-1.197492	-28.165684	1.566665	-1.155264	-27.925451	1.597334	-1.334534	-27.885446	1.345658	-1.153701	-27.988884	0.792501	-1.712975	-27.614672	1.103549	-1.151053	-28.080421	-0.068026	-2.067673	-27.623396	1.128212	-1.130527	-28.111406	-0.040385	-2.040124	-27.610798	1.110419	-1.121314	-28.093722	-0.033965	-2.040338	-28.175531	0.950970	-1.135986	-28.191115	1.020315	-1.152447	-27.860989	0.986665	-1.292173	-27.876183	1.012713	-1.354318	-28.183737	0.471213	-1.134356	-27.859785	0.471453	-1.318741	-28.176116	-0.075005	-1.091913	-28.187065	-0.053617	-1.129931	-27.890052	-0.060965	-1.282425	-27.877455	-0.075022	-1.327036
1503	20.867954	00:00:20:63	-28.012066	1.710639	-1.214331	-27.914724	1.650447	-1.208900	-28.017147	1.604943	-1.078991	-28.037582	1.541281	-1.243360	-28.027680	1.572771	-1.230359	-28.173485	1.570388	-1.155417	-27.898366	1.596368	-1.315972	-27.910495	1.342520	-1.136458	-28.023504	0.762550	-1.702155	-27.622126	1.118768	-1.116415	-28.103244	-0.072596	-2.069915	-27.608954	1.094499	-1.140388	-28.069542	-0.065657	-2.079741	-27.625049	1.103539	-1.112630	-28.103331	-0.045352	-2.056200	-28.164014	0.999245	-1.100559	-28.190670	0.953398	-1.148958	-27.853683	0.991188	-1.313591	-27.901395	0.980158	-1.336897	-28.160680	0.447160	-1.097166	-27.865529	0.462631	-1.306141	-28.158245	-0.063457	-1.087956	-28.188466	-0.024939	-1.165664	-27.853209	-0.087266	-1.288768	-27.912747	-0.013774	-1.330364
1504	20.881847	00:00:20:64	-28.073111	1.708193	-1.237184	-27.933284	1.626643	-1.185886	-28.034345	1.612112	-1.110475	-28.041102	1.579692	-1.248501	-27.999290	1.558878	-1.186764	-28.178516	1.583352	-1.187520	-27.913109	1.551453	-1.288855	-27.871540	1.365024	-1.151993	-28.019800	0.767749	-1.684855	-27.624791	1.088682	-1.103664	-28.084688	-0.064345	-2.046480	-27.611149	1.114622	-1.132813	-28.081734	-0.075266	-2.062019	-27.598241	1.129589	-1.134415	-28.086805	-0.030258	-2.043413	-28.184785	0.975033	-1.105722	-28.208632	1.019006	-1.137328	-27.856287	0.944600	-1.274283	-27.892001	1.016523	-1.331281	-28.185733	0.465785	-1.130701	-27.886936	0.476401	-1.317197	-28.209026	-0.066892	-1.084808	-28.174660	-0.055567	-1.122633	-27.871653	-0.089273	-1.264831	-27.876793	-0.070841	-1.342577
1505	20.895740	00:00:20:65	-28.048523	1.676460	-1.242486	-27.947275	1.615193	-1.195441	-28.018480	1.603957	-1.086366	-28.024976	1.574747	-1.249272	-28.021915	1.529214	-1.210648	-28.172927	1.586604	-1.176532	-27.907771	1.599054	-1.314996	-27.888424	1.364645	-1.168912	-28.004231	0.760833	-1.726010	-27.632637	1.126185	-1.110130	-28.096258	-0.052235	-2.065249	-27.647210	1.087665	-1.141364	-28.125155	-0.068033	-2.050604	-27.609698	1.144728	-1.153744	-28.112439	-0.044501	-2.038505	-28.143176	0.985880	-1.109038	-28.204088	1.004135	-1.169226	-27.864118	1.005647	-1.320376	-27.875110	1.008350	-1.338042	-28.185601	0.450095	-1.130789	-27.864320	0.463922	-1.320834	-28.167396	-0.077402	-1.122168	-28.195520	-0.027051	-1.153568	-27.859736	-0.062884	-1.244400	-27.886954	-0.027853	-1.353864
1506	20.909634	00:00:20:66	-27.980044	1.713385	-1.232966	-27.932714	1.631143	-1.160494	-28.031951	1.617513	-1.100233	-28.039384	1.572085	-1.272590	-28.028064	1.535969	-1.239182	-28.214158	1.569003	-1.181330	-27.881763	1.581542	-1.303323	-27.922529	1.325796	-1.130241	-27.987329	0.748632	-1.697278	-27.625012	1.108602	-1.105911	-28.099849	-0.063276	-2.055276	-27.615139	1.114305	-1.131810	-28.121416	-0.047091	-2.075149	-27.613817	1.102312	-1.147780	-28.054673	-0.039355	-2.080216	-28.182096	0.948508	-1.141270	-28.194965	0.979642	-1.172999	-27.868423	0.994290	-1.276854	-27.890411	0.979090	-1.358639	-28.214356	0.463475	-1.125131	-27.884992	0.449817	-1.300625	-28.147860	-0.058864	-1.113517	-28.180712	-0.052377	-1.157619	-27.865468	-0.032410	-1.260534	-27.915733	-0.044504	-1.324691
1507	20.923527	00:00:20:67	-28.033333	1.675095	-1.197060	-27.951043	1.614178	-1.200892	-28.008140	1.596311	-1.088064	-28.038158	1.587423	-1.214564	-28.052238	1.524544	-1.215788	-28.208047	1.577873	-1.161809	-27.916967	1.604972	-1.319727	-27.891614	1.362881	-1.155119	-28.012117	0.765457	-1.710141	-27.621597	1.096602	-1.138200	-28.100728	-0.047430	-2.082005	-27.632255	1.121777	-1.147519	-28.067145	-0.036198	-2.048324	-27.639638	1.097675	-1.090730	-28.128675	-0.084777	-2.063671	-28.170272	0.963101	-1.131451	-28.208659	1.013490	-1.151248	-27.881260	0.955776	-1.298277	-27.907132	0.990187	-1.370568	-28.179916	0.452028	-1.126920	-27.905654	0.449755	-1.320213	-28.149744	-0.062331	-1.132396	-28.214477	-0.015808	-1.092833	-27.882107	-0.063059	-1.287827	-27.899121	-0.027110	-1.341489
1508	20.937421	00:00:20:68	-28.026246	1.717588	-1.203553	-27.908968	1.632290	-1.159085	-28.035338	1.652896	-1.086721	-28.030591	1.574146	-1.279993	-28.015480	1.564163	-1.210351	-28.147508	1.591708	-1.170997	-27.934278	1.548587	-1.312840	-27.881388	1.347987	-1.149345	-28.008104	0.764641	-1.681759	-27.630904	1.118597	-1.127169	-28.098383	-0.044095	-2.094574	-27.637383	1.148475	-1.104804	-28.107088	-0.047285	-2.047243	-27.626227	1.107185	-1.114504	-28.088676	-0.042924	-2.072564	-28.157055	0.951995	-1.096351	-28.166778	0.991060	-1.161091	-27.855778	0.981132	-1.302696	-27.839345	1.012104	-1.363490	-28.189426	0.469153	-1.114352	-27.916068	0.453016	-1.328201	-28.188059	-0.085830	-1.092319	-28.221572	-0.008882	-1.161727	-27.863087	-0.075314	-1.270205	-27.900689	-0.037060	-1.339502
1509	20.951314	00:00:20:69	-28.050977	1.679228	-1.204031	-27.939099	1.603393	-1.173590	-28.009293	1.608087	-1.111324	-28.055668	1.579824	-1.252582	-28.021010	1.552742	-1.211392	-28.167369	1.602842	-1.191764	-27.924998	1.612072	-1.352528	-27.882664	1.315668	-1.170490	-28.034892	0.758279	-1.666580	-27.620693	1.089861	-1.139943	-28.103954	-0.056810	-2.100538	-27.635172	1.113440	-1.105224	-28.089959	-0.018188	-2.057498	-27.664406	1.088864	-1.112305	-28.125067	-0.058441	-2.093637	-28.168466	0.991361	-1.120718	-28.165643	0.997959	-1.132793	-27.871523	0.972331	-1.295304	-27.879062	1.025141	-1.345304	-28.190258	0.452767	-1.115647	-27.895667	0.453464	-1.323877	-28.168537	-0.116232	-1.104667	-28.214089	-0.048911	-1.124580	-27.863226	-0.062271	-1.305338	-27.907165	-0.044983	-1.336785
1510	20.965208	00:00:20:70	-28.038280	1.682455	-1.239802	-27.922494	1.619818	-1.147676	-28.036538	1.623007	-1.105856	-28.033674	1.589412	-1.231305	-28.005952	1.536398	-1.224445	-28.197185	1.571782	-1.145848	-27.932384	1.567729	-1.309340	-27.911105	1.353357	-1.146300	-28.022509	0.775788	-1.700575	-27.649035	1.116023	-1.146018	-28.073254	-0.056871	-2.069027	-27.617867	1.083281	-1.106438	-28.045325	-0.039963	-2.084445	-27.633172	1.114519	-1.150829	-28.107702	-0.045908	-2.050658	-28.177877	0.989353	-1.138711	-28.198543	1.010640	-1.158901	-27.840498	0.970884	-1.316203	-27.883371	1.002551	-1.352524	-28.211511	0.463770	-1.148537	-27.893387	0.462000	-1.278628	-28.160767	-0.058200	-1.093026	-28.195925	-0.017346	-1.123766	-27.867485	-0.065353	-1.275614	-27.899639	-0.030029	-1.322236
1511	20.979101	00:00:20:71	-28.044332	1.686280	-1.210141	-27.895634	1.629222	-1.150892	-28.050344	1.639589	-1.097301	-28.054409	1.568756	-1.259361	-28.037903	1.539204	-1.263867	-28.149424	1.599544	-1.159445	-27.912603	1.573362	-1.297976	-27.890346	1.379649	-1.141923	-28.000882	0.760091	-1.713247	-27.613980	1.103290	-1.128043	-28.077427	-0.067766	-2.071400	-27.635189	1.107887	-1.138530	-28.110975	-0.057102	-2.034540	-27.660024	1.085757	-1.138914	-28.069112	-0.057650	-2.063634	-28.156159	0.986696	-1.128175	-28.219115	1.020398	-1.148843	-27.844209	0.984709	-1.313457	-27.900871	1.012774	-1.317860	-28.193611	0.467831	-1.136002	-27.893190	0.461867	-1.303807	-28.169056	-0.116126	-1.102684	-28.193573	-0.005813	-1.122481	-27.880376	-0.085354	-1.276508	-27.895689	-0.025800	-1.330764
1512	20.992995	00:00:20:00	-28.043786	1.675748	-1.226233	-27.932623	1.644097	-1.159913	-28.024715	1.625351	-1.114208	-28.041973	1.565085	-1.247447	-28.023743	1.564135	-1.249449	-28.169106	1.548898	-1.201497	-27.925302	1.549015	-1.322427	-27.894037	1.338902	-1.149874	-28.020660	0.770382	-1.687949	-27.636888	1.141533	-1.128198	-28.113473	-0.049200	-2.111817	-27.624323	1.154512	-1.137468	-28.078082	-0.024902	-2.060298	-27.590836	1.128322	-1.120150	-28.100188	-0.043796	-2.074555	-28.183222	0.961607	-1.125666	-28.193569	0.998763	-1.157654	-27.838710	1.033584	-1.302051	-27.892394	1.050962	-1.355982	-28.188540	0.464046	-1.142241	-27.871687	0.468078	-1.320231	-28.162482	-0.103832	-1.087375	-28.195414	-0.051553	-1.148795	-27.883536	-0.062026	-1.277804	-27.878048	-0.021101	-1.324376
1513	21.006888	00:00:21:01	-28.047821	1.668673	-1.193378	-27.941368	1.619233	-1.140532	-28.025747	1.625782	-1.075987	-28.065126	1.593851	-1.260992	-28.014717	1.562381	-1.190349	-28.146046	1.587661	-1.178282	-27.898272	1.574709	-1.306816	-27.877796	1.330917	-1.144607	-28.034036	0.737631	-1.709152	-27.639138	1.119226	-1.126235	-28.084900	-0.048886	-2.066895	-27.649862	1.108854	-1.147705	-28.075657	-0.050808	-2.064532	-27.615063	1.108903	-1.135720	-28.095736	-0.036698	-2.078755	-28.169218	0.955189	-1.109129	-28.170450	1.001240	-1.141455	-27.867520	1.002682	-1.312484	-27.877146	1.009613	-1.303073	-28.162431	0.436530	-1.122773	-27.882071	0.442545	-1.318004	-28.194391	-0.077492	-1.103184	-28.234484	-0.043974	-1.143680	-27.906356	-0.121612	-1.312192	-27.881064	-0.073718	-1.309075
1514	21.020781	00:00:21:02	-28.036420	1.692108	-1.214500	-27.922623	1.634263	-1.185703	-28.031864	1.588806	-1.085650	-28.031808	1.579857	-1.250303	-28.023273	1.522887	-1.239755	-28.171608	1.603738	-1.138061	-27.901025	1.604055	-1.314491	-27.930656	1.339455	-1.126807	-27.983082	0.773221	-1.661149	-27.619302	1.116551	-1.132164	-28.089797	-0.064923	-2.060712	-27.639290	1.087147	-1.128298	-28.071496	-0.036535	-2.054968	-27.647402	1.115523	-1.117798	-28.112612	-0.026688	-2.054407	-28.192868	0.980587	-1.111318	-28.220440	1.011871	-1.152388	-27.877824	0.975227	-1.298319	-27.923171	1.014764	-1.326647	-28.179948	0.449233	-1.090279	-27.871297	0.471101	-1.288778	-28.188312	-0.072000	-1.079721	-28.197784	-0.043382	-1.120469	-27.891429	-0.045532	-1.289618	-27.927852	-0.055797	-1.322132
1515	21.034675	00:00:21:03	-28.030057	1.694591	-1.258618	-27.928981	1.608511	-1.189044	-28.000797	1.614548	-1.103970	-28.075140	1.598691	-1.249300	-28.047795	1.556640	-1.203131	-28.152970	1.588582	-1.188868	-27.944743	1.607193	-1.330514	-27.879297	1.349223	-1.148165	-28.018883	0.784910	-1.713436	-27.604834	1.127954	-1.128873	-28.065856	-0.064207	-2.071783	-27.638482	1.110094	-1.130999	-28.101980	-0.065602	-2.027319	-27.626713	1.088287	-1.125026	-28.067383	-0.041222	-2.110881	-28.174440	0.964946	-1.140239	-28.175486	0.985845	-1.148874	-27.863470	0.947027	-1.280501	-27.895501	1.003984	-1.329461	-28.208533	0.467213	-1.134568	-27.860935	0.476919	-1.275602	-28.199154	-0.065215	-1.090412	-28.173981	-0.028921	-1.124827	-27.876763	-0.086129	-1.294752	-27.893344	-0.060792	-1.317208
1516	21.048568	00:00:21:04	-27.994969	1.699604	-1.219822	-27.900821	1.603626	-1.158397	-28.011325	1.628805	-1.094051	-28.065961	1.579467	-1.236518	-27.988358	1.537819	-1.216971	-28.177521	1.596948	-1.124119	-27.913873	1.572043	-1.357022	-27.868436	1.370478	-1.121657	-28.011452	0.792700	-1.686850	-27.678969	1.110029	-1.095448	-28.108376	-0.077365	-2.058952	-27.604531	1.134929	-1.105556	-28.123448	-0.036820	-2.076461	-27.638830	1.086094	-1.128492	-28.090359	-0.051288	-2.112646	-28.174978	0.986536	-1.113805	-28.178654	0.994765	-1.174260	-27.877360	0.952179	-1.321763	-27.928843	1.039257	-1.327817	-28.173949	0.477692	-1.136273	-27.885147	0.426516	-1.322152	-28.149473	-0.033205	-1.097417	-28.198825	-0.034160	-1.123346	-27.870989	-0.040456	-1.289666	-27.904061	-0.028052	-1.325034
1517	21.062462	00:00:21:05	-28.043209	1.713669	-1.214025	-27.927087	1.657366	-1.189253	-28.026232	1.607832	-1.112644	-28.005699	1.576895	-1.260259	-28.027947	1.558797	-1.198618	-28.185981	1.616374	-1.150678	-27.946317	1.565532	-1.327900	-27.928447	1.330113	-1.194849	-28.015521	0.782112	-1.707724	-27.601981	1.115730	-1.141433	-28.091932	-0.054682	-2.045933	-27.657759	1.133079	-1.146970	-28.111154	-0.037086	-2.071448	-27.638982	1.141957	-1.149535	-28.091155	-0.035843	-2.047987	-28.159471	0.980804	-1.089565	-28.187329	1.021845	-1.151913	-27.870717	0.990070	-1.305229	-27.896186	1.027811	-1.344370	-28.162746	0.436078	-1.163028	-27.858106	0.425914	-1.305629	-28.184022	-0.100696	-1.084433	-28.195694	-0.028450	-1.133166	-27.856387	-0.087592	-1.240473	-27.867867	-0.026374	-1.316646
1518	21.076355	00:00:21:06	-28.017127	1.699092	-1.194588	-27.928114	1.594877	-1.153713	-28.022645	1.627482	-1.136799	-28.023802	1.575878	-1.221649	-28.025114	1.564186	-1.256610	-28.168645	1.582581	-1.158159	-27.922900	1.598207	-1.298946	-27.864380	1.333130	-1.129353	-28.012882	0.789740	-1.707825	-27.638960	1.124687	-1.142404	-28.108496	-0.032905	-2.071468	-27.647591	1.117425	-1.137740	-28.095450	-0.044110	-2.051654	-27.648412	1.157160	-1.139261	-28.108631	-0.076380	-2.050349	-28.179205	0.974846	-1.113083	-28.237223	0.998114	-1.159168	-27.865789	0.976589	-1.287569	-27.929353	0.993431	-1.324973	-28.181833	0.463859	-1.142230	-27.864135	0.486420	-1.311490	-28.178497	-0.083496	-1.094687	-28.196340	-0.015217	-1.154882	-27.848637	-0.094409	-1.282269	-27.900879	-0.021126	-1.322123
1519	21.090249	00:00:21:07	-28.048412	1.701104	-1.213788	-27.914769	1.628704	-1.169179	-28.014233	1.622289	-1.105609	-28.026889	1.572327	-1.243942	-28.047495	1.543748	-1.215876	-28.165527	1.586042	-1.139762	-27.899446	1.587474	-1.334568	-27.872484	1.331670	-1.153820	-27.984647	0.787912	-1.696075	-27.641830	1.107113	-1.152694	-28.131335	-0.006664	-2.077420	-27.620980	1.098025	-1.137142	-28.080983	-0.039954	-2.068076	-27.605774	1.081368	-1.096997	-28.078320	-0.054520	-2.062238	-28.173354	0.960148	-1.122144	-28.222750	0.995357	-1.167792	-27.871370	0.971285	-1.283085	-27.889286	1.006227	-1.344457	-28.212310	0.481502	-1.139896	-27.882664	0.471702	-1.298921	-28.196012	-0.075215	-1.118271	-28.184890	-0.017858	-1.137895	-27.866694	-0.072352	-1.263825	-27.889789	-0.043740	-1.335775
1520	21.104142	00:00:21:08	-28.009587	1.705157	-1.219634	-27.907158	1.608838	-1.146937	-28.039764	1.634030	-1.100162	-28.016594	1.577056	-1.231742	-28.023223	1.595103	-1.204501	-28.182288	1.593514	-1.182479	-27.918590	1.577564	-1.325397	-27.892172	1.328604	-1.149583	-28.012129	0.758448	-1.685214	-27.642785	1.117555	-1.130766	-28.074636	-0.099419	-2.062314	-27.633417	1.124874	-1.131655	-28.071000	-0.042374	-2.066125	-27.650205	1.130594	-1.113576	-28.091569	-0.071916	-2.067825	-28.160772	0.948311	-1.088419	-28.214943	1.035099	-1.175170	-27.887630	0.969482	-1.304089	-27.899378	1.028828	-1.338226	-28.205622	0.476555	-1.099323	-27.855511	0.488363	-1.320834	-28.198953	-0.090018	-1.112229	-28.160610	-0.049416	-1.157556	-27.863800	-0.068015	-1.262637	-27.886669	-0.035625	-1.327221
1521	21.118036	00:00:21:09	-28.045964	1.689539	-1.217258	-27.891921	1.616622	-1.160076	-28.019305	1.628722	-1.100685	-28.038012	1.622190	-1.240726	-28.023781	1.579721	-1.219749	-28.167195	1.600504	-1.135486	-27.878077	1.598607	-1.344263	-27.902180	1.357061	-1.130550	-28.008725	0.789456	-1.681220	-27.605318	1.111475	-1.145555	-28.098256	-0.073620	-2.063095	-27.640338	1.097424	-1.156548	-28.084617	-0.052616	-2.084046	-27.634226	1.092946	-1.144964	-28.117813	-0.058850	-2.080646	-28.195053	0.956974	-1.103785	-28.173864	1.027500	-1.179435	-27.873114	0.952755	-1.298615	-27.894117	0.989963	-1.370842	-28.198464	0.452799	-1.128777	-27.890885	0.461787	-1.307389	-28.169713	-0.106926	-1.100505	-28.189532	-0.015646	-1.170321	-27.876368	-0.064261	-1.311130	-27.883925	-0.022513	-1.352528
1522	21.131929	00:00:21:10	-28.014967	1.706252	-1.192371	-27.899071	1.616404	-1.142238	-28.006235	1.623309	-1.136609	-28.006542	1.581026	-1.250582	-28.060458	1.552361	-1.234829	-28.169106	1.597858	-1.232369	-27.929813	1.584999	-1.337606	-27.895952	1.372691	-1.151493	-28.029303	0.783468	-1.706812	-27.665981	1.101563	-1.138247	-28.061625	-0.071588	-2.056505	-27.643266	1.124743	-1.153641	-28.078405	-0.028700	-2.065113	-27.660075	1.110859	-1.171560	-28.099059	-0.044793	-2.047363	-28.172741	0.930770	-1.092711	-28.195028	0.995810	-1.160361	-27.874040	0.942756	-1.295493	-27.873394	1.026455	-1.346738	-28.186067	0.469486	-1.136545	-27.846119	0.424983	-1.328410	-28.155088	-0.058364	-1.079669	-28.213628	-0.065920	-1.123372	-27.865947	-0.096543	-1.276438	-27.876081	-0.065836	-1.301291
1523	21.145822	00:00:21:11	-28.033827	1.682585	-1.184273	-27.938062	1.618001	-1.202252	-28.004762	1.637659	-1.119960	-28.028900	1.578392	-1.216274	-28.027588	1.575768	-1.226750	-28.172900	1.570924	-1.145558	-27.912002	1.574281	-1.311200	-27.899966	1.363838	-1.143848	-27.997788	0.751908	-1.717319	-27.611834	1.113695	-1.162697	-28.135285	-0.051752	-2.060796	-27.666793	1.112746	-1.143607	-28.098236	-0.009713	-2.055254	-27.634654	1.089190	-1.121663	-28.116078	-0.029024	-2.042157	-28.171359	0.961451	-1.094922	-28.181795	1.021407	-1.156693	-27.874431	0.992162	-1.304736	-27.889502	1.003093	-1.337148	-28.166882	0.452132	-1.124297	-27.899294	0.443271	-1.333892	-28.163830	-0.064387	-1.075058	-28.201602	-0.014244	-1.165650	-27.882988	-0.092037	-1.294388	-27.906346	-0.056020	-1.314850
1524	21.159716	00:00:21:12	-28.026144	1.724946	-1.217845	-27.956310	1.629263	-1.168967	-28.037167	1.620627	-1.124877	-28.033756	1.565544	-1.233329	-28.014769	1.563333	-1.188792	-28.175435	1.572663	-1.157103	-27.896377	1.576424	-1.328394	-27.892676	1.332116	-1.170689	-28.005073	0.772525	-1.698397	-27.622999	1.125667	-1.134241	-28.116162	-0.073130	-2.037955	-27.641167	1.108273	-1.131807	-28.100755	-0.045170	-2.049629	-27.636298	1.112672	-1.116730	-28.076825	-0.033435	-2.074432	-28.190457	0.974702	-1.122362	-28.149927	0.977097	-1.154559	-27.864281	0.985070	-1.349017	-27.906291	0.998838	-1.366697	-28.180325	0.484088	-1.140723	-27.872619	0.451566	-1.302729	-28.188459	-0.041576	-1.105415	-28.198911	-0.021080	-1.141827	-27.877088	-0.058011	-1.270384	-27.883608	-0.012086	-1.320829
1525	21.173609	00:00:21:13	-28.015940	1.672385	-1.236013	-27.928535	1.603518	-1.186142	-28.037069	1.597391	-1.102760	-28.031747	1.608562	-1.237617	-28.036078	1.542249	-1.215147	-28.204666	1.550550	-1.166707	-27.896801	1.579000	-1.287683	-27.904662	1.369811	-1.156645	-28.006513	0.767904	-1.696161	-27.644307	1.140025	-1.143187	-28.087141	-0.047701	-2.057238	-27.640308	1.107322	-1.130928	-28.099650	-0.015320	-2.050415	-27.596774	1.080356	-1.155906	-28.079386	-0.071560	-2.059351	-28.181599	0.984956	-1.125400	-28.187609	0.981483	-1.173620	-27.872041	0.973353	-1.280541	-27.882013	1.017398	-1.348179	-28.210898	0.482688	-1.130659	-27.908308	0.467538	-1.305611	-28.166974	-0.068211	-1.107965	-28.194410	-0.023650	-1.138539	-27.867174	-0.058678	-1.296974	-27.898826	-0.056609	-1.305683
1526	21.187503	00:00:21:14	-28.007574	1.697311	-1.215987	-27.942675	1.600577	-1.162638	-28.029567	1.597947	-1.127070	-28.049511	1.580751	-1.216483	-28.007614	1.560366	-1.195004	-28.170477	1.584573	-1.153256	-27.909262	1.604890	-1.353719	-27.888330	1.373236	-1.152567	-28.010017	0.755893	-1.693001	-27.643137	1.130973	-1.163054	-28.088893	-0.037446	-2.064056	-27.598497	1.084420	-1.120739	-28.111620	-0.046904	-2.052759	-27.666685	1.101119	-1.123545	-28.105014	-0.025004	-2.055149	-28.175191	0.976246	-1.095038	-28.209084	1.037928	-1.180054	-27.894166	0.973931	-1.311736	-27.885626	1.005461	-1.346901	-28.171708	0.454713	-1.146644	-27.873084	0.445379	-1.333157	-28.198803	-0.049523	-1.088780	-28.217366	-0.063663	-1.160055	-27.880117	-0.080427	-1.278347	-27.893056	-0.050507	-1.298246
1527	21.201396	00:00:21:15	-28.029260	1.695896	-1.221560	-27.896664	1.583928	-1.154711	-28.026431	1.611627	-1.114076	-28.044145	1.611317	-1.263272	-28.031955	1.518717	-1.221635	-28.165050	1.601489	-1.163784	-27.910134	1.589118	-1.306846	-27.897875	1.361001	-1.167955	-28.016410	0.755895	-1.678507	-27.668609	1.149651	-1.153221	-28.113857	-0.038747	-2.061507	-27.626224	1.104768	-1.155308	-28.065829	-0.056767	-2.045031	-27.670190	1.130903	-1.159512	-28.107332	-0.013183	-2.057533	-28.182324	0.954189	-1.124497	-28.185563	0.989058	-1.150920	-27.894857	0.961642	-1.302752	-27.912500	0.965695	-1.338459	-28.240150	0.459012	-1.134130	-27.878172	0.469379	-1.321094	-28.181066	-0.064959	-1.116235	-28.204666	-0.042020	-1.144547	-27.833310	-0.090178	-1.328083	-27.881803	-0.079132	-1.326643
1528	21.215290	00:00:21:16	-28.002445	1.664695	-1.254852	-27.927004	1.633904	-1.204090	-28.019832	1.633918	-1.103221	-28.060758	1.602003	-1.244944	-27.993295	1.566933	-1.203301	-28.163364	1.584447	-1.165073	-27.926675	1.583179	-1.329674	-27.898537	1.320705	-1.155219	-27.987162	0.754367	-1.686529	-27.629420	1.119206	-1.137066	-28.117078	-0.070393	-2.050807	-27.633770	1.120659	-1.124517	-28.116474	-0.066901	-2.033491	-27.624484	1.124826	-1.173119	-28.103462	-0.038289	-2.075301	-28.201572	0.985706	-1.111914	-28.175705	0.999262	-1.156303	-27.851448	0.971174	-1.308327	-27.898629	1.003202	-1.326314	-28.189641	0.443971	-1.138375	-27.893789	0.457540	-1.291209	-28.183922	-0.068883	-1.107005	-28.218114	-0.057646	-1.108570	-27.854587	-0.077530	-1.283345	-27.909488	-0.027626	-1.352465
1529	21.229183	00:00:21:17	-28.024664	1.719401	-1.223687	-27.945222	1.648559	-1.171044	-28.034679	1.628118	-1.105348	-28.039062	1.572516	-1.235771	-28.021863	1.507272	-1.214033	-28.155094	1.560424	-1.172540	-27.902286	1.610701	-1.316032	-27.899198	1.342569	-1.135913	-28.004589	0.753294	-1.679025	-27.607953	1.080310	-1.148456	-28.099419	-0.023233	-2.070942	-27.618280	1.120517	-1.154579	-28.097882	-0.026649	-2.052966	-27.598536	1.119725	-1.134651	-28.096835	-0.044307	-2.050485	-28.162020	0.991380	-1.125995	-28.175970	1.011439	-1.165210	-27.849236	0.983012	-1.305198	-27.874535	1.021600	-1.359978	-28.204372	0.468984	-1.140985	-27.853503	0.472862	-1.324600	-28.144711	-0.078567	-1.094243	-28.207549	-0.049068	-1.121341	-27.870193	-0.058435	-1.280650	-27.916265	-0.038213	-1.316679
1530	21.243077	00:00:21:18	-28.016819	1.670732	-1.207951	-27.874343	1.574342	-1.147168	-28.044827	1.608705	-1.124820	-28.062056	1.582922	-1.247051	-27.994365	1.557054	-1.215317	-28.159161	1.601433	-1.175680	-27.914111	1.555653	-1.316868	-27.898902	1.341035	-1.148382	-28.018049	0.804150	-1.694489	-27.601093	1.101036	-1.132216	-28.110765	-0.024824	-2.075411	-27.633998	1.123162	-1.150933	-28.092791	-0.036002	-2.060613	-27.635641	1.119911	-1.147705	-28.061386	-0.010505	-2.062032	-28.192984	0.952135	-1.111864	-28.191212	0.997968	-1.137882	-27.869047	0.976330	-1.326456	-27.875384	1.004906	-1.341053	-28.194987	0.486606	-1.143537	-27.882470	0.454015	-1.298152	-28.146738	-0.085898	-1.096106	-28.203013	-0.060214	-1.141360	-27.884044	-0.073741	-1.280038	-27.872512	-0.040657	-1.349317
1531	21.256970	00:00:21:19	-28.028648	1.679797	-1.237486	-27.933879	1.646135	-1.158914	-28.020426	1.625768	-1.065197	-28.051733	1.596200	-1.265447	-28.026551	1.542840	-1.220840	-28.198600	1.579069	-1.154821	-27.915964	1.579005	-1.299873	-27.913606	1.311218	-1.149105	-27.997071	0.801481	-1.684479	-27.632488	1.076675	-1.158074	-28.110831	-0.044281	-2.051313	-27.632678	1.135054	-1.131581	-28.086698	-0.029607	-2.057370	-27.668119	1.124823	-1.140892	-28.106224	-0.045855	-2.051900	-28.212072	0.978949	-1.113871	-28.205985	1.006122	-1.142544	-27.842341	0.965863	-1.328851	-27.911649	1.027021	-1.323294	-28.179850	0.444675	-1.126751	-27.879405	0.437812	-1.331593	-28.184139	-0.089876	-1.107182	-28.245845	-0.028680	-1.135696	-27.877511	-0.069287	-1.289309	-27.884299	-0.017784	-1.314055
1532	21.270863	00:00:21:20	-28.007175	1.688525	-1.230913	-27.948295	1.651027	-1.190364	-28.030194	1.583002	-1.122564	-28.019099	1.553669	-1.250070	-28.030354	1.544880	-1.184002	-28.117536	1.588312	-1.201028	-27.892043	1.576044	-1.292847	-27.927139	1.330253	-1.141381	-28.025352	0.772066	-1.695534	-27.609883	1.105570	-1.140483	-28.080501	-0.020382	-2.056293	-27.611185	1.114797	-1.157123	-28.085995	-0.057494	-2.078558	-27.609790	1.115136	-1.177819	-28.100043	-0.039216	-2.020757	-28.170243	0.969029	-1.142227	-28.184185	0.996623	-1.146461	-27.898848	0.973479	-1.366561	-27.877071	1.032626	-1.336676	-28.157708	0.468117	-1.128005	-27.893702	0.460118	-1.322509	-28.155855	-0.097960	-1.088828	-28.205681	-0.037220	-1.110262	-27.844698	-0.091156	-1.259313	-27.898619	-0.016996	-1.334035
1533	21.284757	00:00:21:21	-28.046540	1.691475	-1.218347	-27.936016	1.580507	-1.137833	-28.022506	1.631107	-1.111015	-28.054564	1.574907	-1.235170	-28.046027	1.552977	-1.227515	-28.167846	1.600368	-1.158108	-27.896459	1.598041	-1.300841	-27.865025	1.358199	-1.171792	-27.973624	0.744623	-1.678953	-27.623268	1.135415	-1.161340	-28.126097	-0.050763	-2.087234	-27.636560	1.095543	-1.129663	-28.113464	-0.037219	-2.067486	-27.647736	1.114155	-1.139926	-28.093102	-0.025149	-2.063663	-28.178669	0.976146	-1.125634	-28.203896	1.017817	-1.161860	-27.817779	0.968971	-1.297502	-27.882089	1.000457	-1.348198	-28.182230	0.494685	-1.102577	-27.904995	0.468393	-1.309024	-28.147620	-0.082135	-1.092099	-28.193529	-0.026962	-1.114865	-27.911152	-0.055889	-1.285114	-27.890877	-0.017841	-1.364054
1534	21.298650	00:00:21:22	-28.028056	1.691547	-1.214397	-27.934900	1.619981	-1.163757	-28.022566	1.590520	-1.107404	-28.013322	1.580104	-1.267571	-28.004993	1.561117	-1.202644	-28.183747	1.593541	-1.139700	-27.936790	1.573810	-1.320855	-27.886304	1.321731	-1.149518	-27.969416	0.785765	-1.676782	-27.648566	1.145114	-1.163680	-28.099691	-0.045538	-2.031760	-27.602238	1.132405	-1.147392	-28.063785	-0.037634	-2.036371	-27.629780	1.106489	-1.152617	-28.116330	-0.050330	-2.069436	-28.160263	0.943226	-1.104663	-28.205260	1.053806	-1.162866	-27.883382	0.973578	-1.317410	-27.888460	0.980691	-1.372106	-28.196957	0.435481	-1.102621	-27.866197	0.489147	-1.312134	-28.194637	-0.116948	-1.122917	-28.202838	-0.018974	-1.177596	-27.863146	-0.100127	-1.294425	-27.891091	-0.068972	-1.316739
1535	21.312544	00:00:21:23	-28.025999	1.698584	-1.243404	-27.897256	1.597112	-1.197394	-28.037821	1.595190	-1.098782	-28.032692	1.578375	-1.253226	-28.009985	1.557749	-1.269971	-28.155126	1.566672	-1.147233	-27.910120	1.579957	-1.331035	-27.926310	1.342426	-1.174753	-28.002619	0.776067	-1.677323	-27.612589	1.118802	-1.144736	-28.089301	-0.018060	-2.052108	-27.625861	1.091416	-1.130415	-28.088267	-0.072970	-2.052519	-27.626187	1.083232	-1.142144	-28.087413	-0.031532	-2.048562	-28.186153	0.962950	-1.133334	-28.213078	0.992656	-1.154436	-27.875893	0.951092	-1.297134	-27.899629	1.016735	-1.304256	-28.183078	0.451792	-1.127859	-27.882529	0.494631	-1.326969	-28.182887	-0.091263	-1.110556	-28.213242	-0.056216	-1.137765	-27.860400	-0.061400	-1.256480	-27.924532	-0.048140	-1.329724
1536	21.326437	00:00:21:24	-28.030306	1.738845	-1.230973	-27.922004	1.625300	-1.169774	-28.034035	1.620432	-1.090833	-28.048055	1.558667	-1.235138	-28.021563	1.575342	-1.236165	-28.175373	1.575018	-1.188317	-27.917401	1.600285	-1.342886	-27.912006	1.376662	-1.163965	-27.995173	0.766526	-1.707532	-27.646577	1.096340	-1.174634	-28.060731	-0.058834	-2.054285	-27.622109	1.132318	-1.165807	-28.115811	-0.018978	-2.065930	-27.625749	1.116955	-1.165758	-28.079752	-0.052422	-2.059822	-28.169463	0.949500	-1.102025	-28.218022	0.998907	-1.137640	-27.864664	0.973997	-1.288201	-27.882576	1.013926	-1.363518	-28.180023	0.444110	-1.164003	-27.879783	0.460429	-1.310897	-28.171550	-0.063384	-1.103825	-28.155049	-0.043458	-1.123286	-27.872343	-0.052867	-1.268588	-27.919358	-0.051075	-1.313869
1537	21.340331	00:00:21:25	-27.990585	1.693006	-1.230585	-27.923684	1.630000	-1.169632	-28.021911	1.637919	-1.116992	-28.043872	1.588191	-1.235759	-28.035858	1.563631	-1.240940	-28.166962	1.596204	-1.147332	-27.906114	1.595647	-1.321262	-27.884465	1.349397	-1.138208	-28.020288	0.778283	-1.711085	-27.650180	1.113452	-1.152602	-28.105041	-0.039100	-2.091999	-27.656590	1.106264	-1.129867	-28.119094	-0.033647	-2.056852	-27.625082	1.112775	-1.163741	-28.077621	-0.034238	-2.053788	-28.157657	0.956705	-1.105784	-28.172750	0.988502	-1.152754	-27.868746	0.941663	-1.314873	-27.875483	0.983031	-1.341210	-28.176920	0.462761	-1.142770	-27.852892	0.474652	-1.298896	-28.158498	-0.078910	-1.074420	-28.236061	-0.023821	-1.135772	-27.873390	-0.065239	-1.290019	-27.876434	-0.056253	-1.353227
1538	21.354224	00:00:21:26	-28.013546	1.717546	-1.220284	-27.925813	1.627277	-1.151439	-28.018208	1.614201	-1.089215	-28.024567	1.591463	-1.219299	-28.011169	1.575441	-1.210057	-28.186115	1.554812	-1.165778	-27.917972	1.571021	-1.329653	-27.905517	1.331855	-1.132554	-28.028994	0.728635	-1.692122	-27.611746	1.100524	-1.168967	-28.126258	-0.050872	-2.060853	-27.645836	1.107968	-1.151861	-28.121970	-0.093704	-2.071675	-27.606526	1.136201	-1.177677	-28.079482	-0.030817	-2.058004	-28.154454	0.980297	-1.114519	-28.186977	1.000082	-1.135364	-27.897580	0.959421	-1.315258	-27.881714	0.994969	-1.350763	-28.208911	0.464275	-1.121335	-27.872104	0.455724	-1.307945	-28.175169	-0.073717	-1.104669	-28.189139	-0.042994	-1.113592	-27.864449	-0.073123	-1.284554	-27.906769	-0.044961	-1.333927
1539	21.368118	00:00:21:27	-28.045806	1.697377	-1.231281	-27.962019	1.625600	-1.155990	-28.056090	1.619227	-1.108453	-28.072756	1.595799	-1.250848	-28.031043	1.584116	-1.241286	-28.183335	1.582397	-1.174689	-27.917393	1.571403	-1.303361	-27.924488	1.335823	-1.166895	-28.013544	0.762594	-1.688365	-27.632280	1.115413	-1.181203	-28.107845	-0.053812	-2.077369	-27.620377	1.113164	-1.134309	-28.079120	-0.041655	-2.062344	-27.621429	1.140887	-1.107857	-28.111865	-0.048016	-2.063488	-28.180118	0.979089	-1.138962	-28.198422	0.995334	-1.152657	-27.901339	0.981957	-1.289327	-27.890986	1.021472	-1.353768	-28.203930	0.460468	-1.118927	-27.864107	0.471112	-1.276621	-28.173887	-0.086929	-1.103724	-28.183194	-0.053141	-1.160767	-27.870605	-0.050304	-1.266238	-27.873024	-0.049473	-1.299004
1540	21.382011	00:00:21:28	-28.055500	1.690547	-1.220812	-27.943484	1.634928	-1.179675	-28.036205	1.651693	-1.100098	-28.033420	1.592220	-1.245389	-28.012825	1.550336	-1.222408	-28.163806	1.595604	-1.165987	-27.914230	1.576776	-1.319195	-27.888586	1.369879	-1.180122	-27.988139	0.777830	-1.676402	-27.624631	1.118873	-1.183746	-28.093685	-0.028912	-2.076566	-27.643874	1.109922	-1.144958	-28.086073	-0.054839	-2.073393	-27.642811	1.118413	-1.124980	-28.083189	-0.048652	-2.066887	-28.184174	0.973711	-1.118203	-28.216962	1.022659	-1.147042	-27.872891	0.991970	-1.293521	-27.916257	1.014373	-1.356622	-28.170769	0.461352	-1.150618	-27.868322	0.492724	-1.312985	-28.168510	-0.084204	-1.134148	-28.174211	-0.043092	-1.130086	-27.860508	-0.049437	-1.277870	-27.889339	-0.034945	-1.309300
1541	21.395904	00:00:21:29	-28.004992	1.684582	-1.228327	-27.898394	1.605507	-1.179208	-28.050392	1.608183	-1.133543	-28.052653	1.556740	-1.250918	-28.023639	1.550997	-1.224927	-28.155835	1.571399	-1.172641	-27.910454	1.605626	-1.328541	-27.903141	1.385639	-1.174888	-28.008944	0.780008	-1.693087	-27.650717	1.131358	-1.141695	-28.102947	-0.045844	-2.021880	-27.643736	1.079527	-1.154089	-28.065127	-0.056119	-2.072153	-27.636351	1.097814	-1.180318	-28.113967	-0.021556	-2.049822	-28.171528	1.008433	-1.113243	-28.220451	1.011308	-1.166934	-27.907492	0.970105	-1.327403	-27.874358	1.023749	-1.361488	-28.165993	0.450555	-1.126354	-27.898955	0.460844	-1.310205	-28.188399	-0.044440	-1.100053	-28.207193	-0.039599	-1.141722	-27.860025	-0.054871	-1.274009	-27.897382	-0.032993	-1.315497
1542	21.409798	00:00:21:30	-28.040154	1.709390	-1.232343	-27.918120	1.597633	-1.149252	-28.033065	1.640006	-1.129716	-28.046512	1.571129	-1.220014	-28.016929	1.528970	-1.234469	-28.181242	1.581163	-1.174814	-27.914952	1.570527	-1.339346	-27.921801	1.360118	-1.188062	-28.002922	0.730190	-1.686675	-27.643670	1.127938	-1.136741	-28.073108	-0.020788	-2.075270	-27.631653	1.122774	-1.132780	-28.099075	-0.034673	-2.080061	-27.649007	1.094546	-1.148747	-28.134542	-0.020519	-2.045879	-28.210517	0.986352	-1.085481	-28.187754	1.027380	-1.159972	-27.888590	0.991495	-1.307075	-27.901109	1.013192	-1.324480	-28.200686	0.446681	-1.135251	-27.883044	0.464715	-1.290121	-28.161032	-0.099058	-1.126732	-28.199970	-0.016559	-1.159391	-27.869943	-0.084907	-1.266109	-27.908243	-0.055716	-1.318723
1543	21.423691	00:00:21:31	-28.022645	1.717824	-1.197647	-27.932308	1.616061	-1.177495	-28.026280	1.627711	-1.122865	-28.045421	1.586588	-1.259340	-28.030936	1.586782	-1.225281	-28.172821	1.560956	-1.146299	-27.915020	1.554521	-1.338947	-27.917610	1.367875	-1.167544	-28.012239	0.756732	-1.690300	-27.612310	1.107231	-1.159451	-28.119039	-0.028209	-2.049053	-27.627612	1.125165	-1.147623	-28.089304	-0.061348	-2.068421	-27.657929	1.088634	-1.157354	-28.090693	-0.027807	-2.048804	-28.199802	0.943630	-1.138178	-28.181343	1.011707	-1.134907	-27.891105	0.977488	-1.257324	-27.906730	1.016623	-1.351041	-28.217532	0.456730	-1.103551	-27.876950	0.475151	-1.318879	-28.172865	-0.074578	-1.096223	-28.217678	-0.030169	-1.143399	-27.860958	-0.077466	-1.307411	-27.922318	-0.021511	-1.317407
1544	21.437585	00:00:21:32	-28.007583	1.659682	-1.220988	-27.932795	1.626065	-1.147829	-28.045519	1.604257	-1.103524	-28.041834	1.587987	-1.223473	-28.007217	1.542711	-1.200525	-28.176344	1.605646	-1.209754	-27.913382	1.597584	-1.309320	-27.918452	1.327246	-1.167315	-28.015069	0.743339	-1.670609	-27.678555	1.096899	-1.126119	-28.142781	-0.038702	-2.042569	-27.638845	1.100236	-1.173915	-28.095722	-0.069916	-2.054095	-27.628599	1.091787	-1.134551	-28.097972	-0.050613	-2.028546	-28.144134	0.979876	-1.139926	-28.197940	1.024578	-1.159708	-27.868387	0.954366	-1.310002	-27.902296	1.025878	-1.349664	-28.146213	0.456539	-1.106520	-27.889318	0.458750	-1.316260	-28.194765	-0.060912	-1.061573	-28.238282	-0.053911	-1.135834	-27.877256	-0.088732	-1.291305	-27.908633	-0.039279	-1.336019
1545	21.451478	00:00:21:33	-28.053662	1.703568	-1.214467	-27.910920	1.597733	-1.165554	-28.044367	1.640183	-1.125841	-28.030462	1.575473	-1.238285	-28.016715	1.534494	-1.199036	-28.165568	1.582618	-1.126995	-27.912984	1.583301	-1.338147	-27.902251	1.340803	-1.142850	-28.003811	0.772695	-1.680724	-27.654272	1.096865	-1.122050	-28.141185	-0.028303	-2.103162	-27.624917	1.054299	-1.156193	-28.055848	-0.029473	-2.064564	-27.636101	1.113757	-1.152397	-28.100835	-0.056611	-2.106043	-28.163549	0.986721	-1.137127	-28.168176	1.002999	-1.162042	-27.860030	0.964644	-1.332187	-27.890052	0.995475	-1.362025	-28.188779	0.457939	-1.169790	-27.868257	0.464171	-1.336693	-28.171366	-0.097580	-1.096970	-28.206838	-0.080954	-1.150335	-27.874387	-0.088379	-1.275991	-27.893570	-0.056454	-1.298025
1546	21.465372	00:00:21:34	-28.018211	1.696892	-1.202256	-27.931567	1.592729	-1.179650	-28.008907	1.603523	-1.100078	-28.039995	1.559994	-1.247320	-28.017399	1.572694	-1.230595	-28.191157	1.562114	-1.155388	-27.935588	1.550938	-1.291563	-27.882972	1.367286	-1.203959	-27.987636	0.796083	-1.670285	-27.648991	1.108030	-1.188196	-28.090070	-0.046151	-2.098110	-27.640715	1.084572	-1.148468	-28.087063	-0.035593	-2.063307	-27.646934	1.127118	-1.155177	-28.073145	-0.061644	-2.071448	-28.175993	0.970090	-1.127519	-28.218284	1.008988	-1.167946	-27.863191	1.005963	-1.294585	-27.906375	1.006535	-1.372203	-28.168139	0.450941	-1.133975	-27.901509	0.485427	-1.311131	-28.167778	-0.073433	-1.102246	-28.181353	-0.002840	-1.132088	-27.859332	-0.068910	-1.289888	-27.900915	-0.020500	-1.337692
1547	21.479265	00:00:21:35	-28.022967	1.706709	-1.260600	-27.932224	1.583651	-1.144559	-28.043577	1.608847	-1.098409	-28.058617	1.541236	-1.273154	-28.046363	1.552717	-1.205100	-28.159485	1.565413	-1.188408	-27.914103	1.610798	-1.343227	-27.875617	1.350571	-1.172490	-28.044131	0.769712	-1.711967	-27.633128	1.110849	-1.170442	-28.105948	-0.028856	-2.066670	-27.650141	1.083540	-1.170617	-28.056094	-0.040092	-2.084063	-27.632390	1.096860	-1.164060	-28.091783	-0.057494	-2.069243	-28.185994	0.989781	-1.106835	-28.199483	0.980339	-1.131456	-27.858238	0.966117	-1.316832	-27.845159	1.021117	-1.332771	-28.165057	0.486326	-1.125375	-27.884189	0.467038	-1.272014	-28.197155	-0.081692	-1.117303	-28.213339	-0.039603	-1.153246	-27.851735	-0.066169	-1.294674	-27.894261	-0.051788	-1.318450
1548	21.493159	00:00:21:36	-28.016391	1.699206	-1.200548	-27.908144	1.619408	-1.136068	-28.040177	1.624164	-1.102042	-28.052582	1.602552	-1.218142	-28.037955	1.529200	-1.204734	-28.155770	1.593718	-1.155512	-27.924044	1.556112	-1.294811	-27.907973	1.349839	-1.152374	-28.004854	0.771432	-1.693121	-27.651622	1.102927	-1.165081	-28.072000	-0.072203	-2.081535	-27.631972	1.097393	-1.148439	-28.111466	-0.061256	-2.059069	-27.633126	1.085047	-1.152477	-28.114835	-0.025628	-2.042784	-28.177608	0.977907	-1.128087	-28.211858	1.018063	-1.163024	-27.866581	0.979788	-1.320431	-27.889470	1.021050	-1.345590	-28.176859	0.477635	-1.130642	-27.879889	0.458516	-1.320400	-28.153978	-0.069685	-1.108744	-28.210087	-0.056140	-1.141045	-27.849100	-0.060892	-1.252476	-27.880603	-0.041182	-1.332212
1549	21.507052	00:00:21:37	-28.064051	1.666187	-1.183718	-27.917095	1.641586	-1.183516	-28.012819	1.609820	-1.089725	-28.039978	1.595260	-1.254079	-28.041277	1.564397	-1.237335	-28.156973	1.576670	-1.162926	-27.906289	1.572030	-1.296428	-27.908703	1.349066	-1.175011	-27.993447	0.779459	-1.673740	-27.647708	1.097103	-1.186790	-28.079120	-0.037345	-2.083599	-27.644242	1.105673	-1.180397	-28.117903	-0.062912	-2.065497	-27.632398	1.117197	-1.163981	-28.093648	-0.035671	-2.060160	-28.200523	0.969555	-1.134969	-28.205924	1.031173	-1.158151	-27.866094	0.970999	-1.278832	-27.907218	0.982341	-1.316004	-28.239519	0.450056	-1.151147	-27.864324	0.466887	-1.322897	-28.199206	-0.071977	-1.111581	-28.214002	-0.047140	-1.169105	-27.866218	-0.055760	-1.254942	-27.910997	-0.022866	-1.312206
1550	21.520945	00:00:21:38	-28.033234	1.696319	-1.222000	-27.929510	1.626128	-1.197052	-28.053918	1.601899	-1.103244	-28.032156	1.573456	-1.273065	-28.012698	1.546793	-1.238038	-28.200634	1.588305	-1.209204	-27.902115	1.571936	-1.328412	-27.896989	1.344045	-1.193944	-27.964152	0.778322	-1.713746	-27.628770	1.110419	-1.147283	-28.124898	-0.067394	-2.067922	-27.643929	1.101422	-1.184057	-28.079464	-0.059709	-2.074445	-27.663428	1.128784	-1.193766	-28.105775	-0.032938	-2.063853	-28.177492	0.979332	-1.128792	-28.197878	1.023945	-1.155956	-27.887112	0.933206	-1.302002	-27.861943	1.036111	-1.319240	-28.186750	0.466704	-1.111128	-27.890651	0.465392	-1.312551	-28.163679	-0.076477	-1.084573	-28.194313	-0.079279	-1.116119	-27.913125	-0.055557	-1.279387	-27.923453	-0.042944	-1.313569
1551	21.534839	00:00:21:39	-28.026605	1.712871	-1.213129	-27.945873	1.627250	-1.157711	-28.031415	1.622485	-1.126559	-28.034275	1.564782	-1.278260	-27.998604	1.536999	-1.221272	-28.132229	1.581129	-1.184372	-27.909079	1.570923	-1.315833	-27.879183	1.339230	-1.165785	-28.005838	0.813331	-1.682672	-27.665992	1.105422	-1.169550	-28.095622	-0.044730	-2.058229	-27.638339	1.111616	-1.175391	-28.124256	-0.016889	-2.060254	-27.653840	1.091768	-1.159349	-28.083080	-0.041503	-2.100414	-28.190994	0.948058	-1.150851	-28.215410	0.985721	-1.158198	-27.871846	0.984113	-1.257594	-27.892110	1.008708	-1.337440	-28.170746	0.471951	-1.102700	-27.889576	0.467610	-1.276990	-28.154110	-0.063841	-1.140816	-28.208170	-0.043617	-1.154409	-27.866541	-0.069995	-1.303563	-27.901259	-0.044433	-1.311505
1552	21.548732	00:00:21:40	-28.031505	1.682719	-1.220946	-27.924622	1.620192	-1.140116	-28.053341	1.606744	-1.098505	-28.043898	1.565248	-1.236545	-28.031480	1.542230	-1.209719	-28.160747	1.576648	-1.198395	-27.962643	1.568828	-1.324739	-27.921304	1.338373	-1.151271	-27.984672	0.746485	-1.646390	-27.647315	1.100052	-1.203766	-28.086701	-0.045381	-2.051673	-27.625651	1.088772	-1.155975	-28.114350	-0.031567	-2.034959	-27.653524	1.113756	-1.181941	-28.090495	-0.079522	-2.080475	-28.196281	0.959632	-1.120018	-28.216078	1.030684	-1.186307	-27.849870	0.957509	-1.294103	-27.918193	1.013650	-1.316955	-28.180630	0.458760	-1.151687	-27.884274	0.454771	-1.316089	-28.171606	-0.097052	-1.101699	-28.203544	-0.004100	-1.168187	-27.886540	-0.103027	-1.268879	-27.907180	-0.021664	-1.311797
1553	21.562626	00:00:21:41	-28.022282	1.690157	-1.200207	-27.950111	1.599917	-1.177407	-28.013133	1.615066	-1.093938	-28.048015	1.614671	-1.256769	-28.022307	1.584691	-1.221769	-28.152781	1.586736	-1.150549	-27.932379	1.604145	-1.317954	-27.915977	1.358125	-1.200866	-28.010611	0.745575	-1.671981	-27.633020	1.108870	-1.163448	-28.078427	-0.066906	-2.065079	-27.648441	1.109138	-1.188052	-28.094961	-0.037604	-2.058571	-27.642712	1.086212	-1.171378	-28.073997	-0.055232	-2.066495	-28.168798	0.983717	-1.108297	-28.214492	1.007066	-1.173161	-27.904999	0.968330	-1.340887	-27.932444	0.997208	-1.372385	-28.209778	0.455903	-1.122773	-27.852242	0.469717	-1.313157	-28.195444	-0.075212	-1.092943	-28.191942	-0.032934	-1.138797	-27.884438	-0.077161	-1.293181	-27.906022	-0.025107	-1.340652
1554	21.576519	00:00:21:42	-28.048949	1.686064	-1.252105	-27.895568	1.606009	-1.202524	-28.043684	1.607494	-1.106093	-28.021162	1.564630	-1.265273	-28.025380	1.545354	-1.249522	-28.186531	1.577411	-1.159581	-27.913364	1.566420	-1.328986	-27.886018	1.322613	-1.188891	-27.973768	0.771818	-1.701892	-27.678134	1.104350	-1.159961	-28.070904	-0.054515	-2.041617	-27.621780	1.159516	-1.174178	-28.106724	-0.046176	-2.049994	-27.621058	1.090030	-1.164562	-28.107714	-0.072071	-2.070476	-28.172492	0.942336	-1.130853	-28.212623	1.002607	-1.150665	-27.871972	0.940086	-1.297799	-27.879594	1.021001	-1.312548	-28.158239	0.458037	-1.128372	-27.879574	0.466393	-1.300212	-28.162649	-0.085223	-1.093411	-28.207956	-0.013179	-1.119487	-27.848331	-0.072024	-1.271134	-27.891684	-0.027559	-1.335671
1555	21.590413	00:00:21:43	-28.022282	1.670996	-1.212031	-27.920896	1.650913	-1.153809	-28.018692	1.622600	-1.068489	-28.052304	1.590578	-1.233896	-28.018577	1.564632	-1.234778	-28.169863	1.567046	-1.195351	-27.928322	1.618974	-1.320772	-27.904842	1.353543	-1.136123	-28.003925	0.763038	-1.725009	-27.624260	1.114275	-1.146348	-28.092650	-0.050108	-2.060208	-27.647086	1.128652	-1.147984	-28.078378	-0.030609	-2.036977	-27.668496	1.104251	-1.163251	-28.085705	-0.062484	-2.041131	-28.195714	0.998571	-1.138284	-28.173531	1.040956	-1.122641	-27.855058	0.950796	-1.322107	-27.913606	0.996298	-1.367322	-28.224309	0.463189	-1.136983	-27.877602	0.498421	-1.296882	-28.169531	-0.080550	-1.076657	-28.197520	-0.058286	-1.147076	-27.872243	-0.100333	-1.298014	-27.913776	-0.033978	-1.317829
1556	21.604306	00:00:21:44	-28.030115	1.706782	-1.215007	-27.913128	1.612240	-1.203843	-27.999762	1.616767	-1.101832	-28.034725	1.607757	-1.216403	-28.059763	1.554269	-1.231557	-28.176453	1.581476	-1.147606	-27.914352	1.570684	-1.339898	-27.908794	1.343657	-1.127353	-27.976918	0.812990	-1.678179	-27.640192	1.122108	-1.160917	-28.078670	-0.077258	-2.085420	-27.628363	1.076303	-1.166755	-28.080414	-0.058035	-2.058923	-27.647985	1.071346	-1.165652	-28.083988	-0.040593	-2.063889	-28.186280	0.950723	-1.128462	-28.173332	1.028807	-1.163838	-27.890610	0.985884	-1.337450	-27.884083	1.010202	-1.349374	-28.185536	0.439355	-1.120650	-27.899482	0.451604	-1.297385	-28.148307	-0.074492	-1.113256	-28.221519	-0.050833	-1.163817	-27.859729	-0.098920	-1.286768	-27.915956	-0.044466	-1.334679
1557	21.618200	00:00:21:45	-28.013936	1.683478	-1.207984	-27.938964	1.614403	-1.201430	-28.009977	1.620252	-1.093708	-28.048603	1.562976	-1.230647	-28.045537	1.546797	-1.214854	-28.179733	1.590562	-1.140988	-27.937263	1.568735	-1.321155	-27.894183	1.347964	-1.185528	-28.007975	0.772137	-1.694515	-27.643582	1.094982	-1.163601	-28.100309	-0.037786	-2.059113	-27.671782	1.082642	-1.182000	-28.057676	-0.058351	-2.071260	-27.660248	1.095482	-1.171886	-28.090536	-0.047222	-2.075322	-28.195908	0.962806	-1.130930	-28.199047	1.040153	-1.128037	-27.886027	1.000096	-1.303505	-27.910486	0.998339	-1.366576	-28.173964	0.468473	-1.135307	-27.903939	0.480751	-1.332322	-28.170707	-0.061351	-1.091715	-28.236047	-0.058020	-1.138231	-27.887421	-0.096811	-1.272914	-27.887974	-0.030240	-1.308017
1558	21.632093	00:00:21:46	-28.009776	1.699248	-1.205004	-27.942132	1.625333	-1.190235	-28.048070	1.613193	-1.132120	-28.057589	1.603152	-1.240324	-28.047671	1.531553	-1.238432	-28.185203	1.556915	-1.130100	-27.882727	1.597013	-1.352106	-27.914600	1.330710	-1.165329	-28.005396	0.782123	-1.684186	-27.617798	1.075539	-1.155795	-28.097865	-0.044280	-2.088771	-27.610947	1.120003	-1.164224	-28.072788	-0.028738	-2.060750	-27.625239	1.114621	-1.174097	-28.116034	-0.057875	-2.061673	-28.166347	0.998249	-1.140136	-28.204723	1.025184	-1.179895	-27.874539	0.943023	-1.297467	-27.910519	1.022567	-1.343243	-28.211534	0.443857	-1.130374	-27.881689	0.451461	-1.293202	-28.167269	-0.109734	-1.095926	-28.227462	-0.025366	-1.150462	-27.844299	-0.105666	-1.279240	-27.906580	-0.036413	-1.348668
1559	21.645986	00:00:21:47	-28.014486	1.731660	-1.216324	-27.909074	1.628007	-1.170007	-28.013247	1.617542	-1.100624	-28.040767	1.577958	-1.264317	-28.022274	1.554411	-1.219315	-28.172069	1.566346	-1.161130	-27.903508	1.571151	-1.352867	-27.908345	1.319599	-1.170191	-28.017108	0.775878	-1.666100	-27.637024	1.100754	-1.141786	-28.093362	-0.037298	-2.051833	-27.648308	1.091894	-1.173786	-28.078333	-0.034589	-2.065359	-27.654407	1.112393	-1.186111	-28.106914	-0.075847	-2.083211	-28.202097	0.993768	-1.140346	-28.198965	1.038825	-1.192143	-27.867004	0.958557	-1.307350	-27.884982	1.021248	-1.342680	-28.157632	0.465666	-1.130454	-27.888837	0.434789	-1.303950	-28.184889	-0.073635	-1.116525	-28.208558	-0.035405	-1.114277	-27.879116	-0.054331	-1.292629	-27.923709	-0.010234	-1.300814
1560	21.659880	00:00:21:48	-28.046532	1.688278	-1.228743	-27.931843	1.608879	-1.178303	-28.034421	1.601171	-1.088256	-28.014832	1.565297	-1.241963	-28.060383	1.563967	-1.232380	-28.170863	1.586986	-1.188882	-27.928269	1.595223	-1.347000	-27.917811	1.382149	-1.188035	-27.981391	0.753456	-1.670648	-27.646444	1.096576	-1.167493	-28.091140	-0.070198	-2.061862	-27.637629	1.082293	-1.161305	-28.095640	-0.082400	-2.048597	-27.680397	1.117889	-1.192930	-28.096214	-0.050881	-2.056943	-28.180578	0.951783	-1.165333	-28.206672	1.014410	-1.156518	-27.896542	0.925212	-1.290977	-27.872188	1.019939	-1.365238	-28.168165	0.478931	-1.154783	-27.875203	0.454428	-1.321309	-28.192416	-0.070980	-1.099869	-28.227086	-0.011600	-1.130150	-27.875767	-0.087519	-1.293500	-27.915538	-0.033422	-1.325621
1561	21.673773	00:00:21:49	-28.009028	1.682638	-1.211635	-27.952303	1.618336	-1.169288	-28.015662	1.616689	-1.104344	-28.040159	1.595199	-1.249415	-28.017844	1.577574	-1.240016	-28.164037	1.584882	-1.185712	-27.952098	1.575601	-1.306039	-27.911900	1.335872	-1.201715	-28.049234	0.761136	-1.691451	-27.641607	1.101887	-1.156976	-28.106282	-0.023345	-2.029909	-27.652693	1.090228	-1.164304	-28.074593	-0.051294	-2.039513	-27.634332	1.113688	-1.150792	-28.081935	-0.018766	-2.066304	-28.182069	0.978773	-1.122412	-28.206146	1.014328	-1.164123	-27.896900	0.988658	-1.327794	-27.874711	1.002825	-1.346885	-28.160303	0.460488	-1.143882	-27.899112	0.428872	-1.326952	-28.189398	-0.061593	-1.094150	-28.210949	-0.032423	-1.148988	-27.857631	-0.069813	-1.292521	-27.887457	-0.018495	-1.312084
1562	21.687667	00:00:21:50	-28.036410	1.716864	-1.225276	-27.924919	1.610614	-1.222339	-28.013474	1.596234	-1.105030	-28.064772	1.594345	-1.236463	-28.018769	1.579855	-1.215701	-28.167278	1.588222	-1.166227	-27.906471	1.573154	-1.339162	-27.919737	1.337879	-1.156345	-28.008461	0.804976	-1.716810	-27.632662	1.082806	-1.148091	-28.096025	-0.038568	-2.029380	-27.655616	1.085818	-1.198874	-28.093571	-0.038670	-2.054097	-27.643810	1.110587	-1.156680	-28.108061	-0.068429	-2.098741	-28.150976	0.982823	-1.150290	-28.175474	1.016048	-1.167910	-27.886184	0.972258	-1.331536	-27.882935	0.984422	-1.345508	-28.166511	0.442731	-1.146791	-27.877532	0.510013	-1.305015	-28.173989	-0.099417	-1.102310	-28.184956	-0.040343	-1.132591	-27.868530	-0.092600	-1.283701	-27.888392	-0.062762	-1.307281
1563	21.701560	00:00:21:51	-28.040832	1.683626	-1.221652	-27.942963	1.642832	-1.162249	-28.042779	1.587691	-1.117142	-28.055371	1.589235	-1.235036	-28.032035	1.570197	-1.204174	-28.141459	1.561565	-1.200057	-27.905771	1.584720	-1.334426	-27.904212	1.360779	-1.153244	-28.018907	0.755664	-1.670562	-27.646684	1.105368	-1.151379	-28.079941	-0.076191	-2.078203	-27.618368	1.101795	-1.168186	-28.100050	-0.024125	-2.052673	-27.665475	1.080034	-1.197954	-28.100239	-0.052483	-2.078356	-28.186100	0.955378	-1.115929	-28.188094	1.032729	-1.173290	-27.855179	0.985936	-1.341385	-27.878391	1.018168	-1.346048	-28.187495	0.458983	-1.141709	-27.881187	0.478357	-1.305331	-28.199042	-0.071924	-1.077157	-28.180256	-0.045854	-1.116890	-27.844865	-0.085916	-1.269979	-27.885692	-0.043178	-1.323205
1564	21.715454	00:00:21:52	-27.999416	1.719342	-1.229659	-27.890677	1.601474	-1.165681	-28.018891	1.648653	-1.105451	-28.063842	1.601955	-1.270588	-28.043451	1.525211	-1.234539	-28.186663	1.574684	-1.153433	-27.933032	1.583083	-1.320042	-27.897609	1.364738	-1.135023	-27.995504	0.767835	-1.683399	-27.679447	1.090807	-1.171615	-28.091887	-0.074395	-2.068942	-27.628733	1.098344	-1.173223	-28.112216	-0.015258	-2.053461	-27.619445	1.109368	-1.148568	-28.118778	-0.063349	-2.075386	-28.161390	0.960386	-1.101494	-28.177989	1.013045	-1.161578	-27.908681	0.994774	-1.309431	-27.895888	1.018988	-1.336339	-28.171524	0.453435	-1.131375	-27.902751	0.469677	-1.308913	-28.184505	-0.104950	-1.109078	-28.230716	-0.023178	-1.156144	-27.872640	-0.069008	-1.308426	-27.910926	-0.027826	-1.342221
1565	21.729347	00:00:21:53	-28.057629	1.694116	-1.238224	-27.919434	1.628547	-1.178612	-28.043654	1.628815	-1.089011	-28.053463	1.563387	-1.263912	-28.019720	1.557910	-1.245438	-28.168481	1.577890	-1.163810	-27.935889	1.558990	-1.340964	-27.914354	1.349497	-1.181362	-28.056686	0.802167	-1.692307	-27.638345	1.099711	-1.164563	-28.081607	-0.003974	-2.064266	-27.648493	1.077197	-1.180751	-28.104572	-0.064597	-2.053955	-27.660320	1.075775	-1.177242	-28.093031	-0.073814	-2.066581	-28.190455	0.997378	-1.122984	-28.198900	1.001084	-1.156164	-27.866384	0.981855	-1.283822	-27.901170	0.997335	-1.347301	-28.220136	0.460455	-1.124218	-27.902334	0.490498	-1.298426	-28.169750	-0.049538	-1.105529	-28.193780	-0.029670	-1.134787	-27.867756	-0.086913	-1.242324	-27.905201	-0.059104	-1.348964
1566	21.743240	00:00:21:54	-28.001476	1.694632	-1.208974	-27.917240	1.610512	-1.157669	-28.012021	1.638494	-1.122766	-28.045988	1.557693	-1.241352	-28.011745	1.570408	-1.185096	-28.165044	1.597025	-1.161140	-27.923873	1.568032	-1.310611	-27.913850	1.376342	-1.173457	-27.994810	0.789380	-1.707872	-27.647073	1.093757	-1.147839	-28.081668	-0.003519	-2.095065	-27.628601	1.120951	-1.183004	-28.068598	-0.063388	-2.032313	-27.609565	1.103445	-1.181051	-28.094636	-0.076213	-2.059344	-28.172681	0.958791	-1.103326	-28.197840	1.013849	-1.154908	-27.884456	0.978971	-1.294613	-27.896586	1.029051	-1.334573	-28.192112	0.491300	-1.120647	-27.878000	0.457301	-1.301288	-28.143443	-0.064005	-1.118627	-28.196078	-0.044712	-1.140066	-27.866539	-0.049710	-1.269097	-27.878076	-0.044283	-1.317535
1567	21.757134	00:00:21:55	-28.033146	1.682054	-1.249104	-27.908079	1.621600	-1.164699	-28.004630	1.607723	-1.097543	-28.065031	1.588554	-1.213035	-27.998170	1.550840	-1.227998	-28.204065	1.567524	-1.185199	-27.913593	1.595917	-1.340211	-27.902446	1.353812	-1.193587	-28.000715	0.795858	-1.703412	-27.633019	1.096379	-1.157295	-28.102009	-0.059352	-2.066484	-27.642949	1.124182	-1.175660	-28.126183	-0.072679	-2.067472	-27.630147	1.099870	-1.189637	-28.099179	-0.034598	-2.036098	-28.189268	0.965314	-1.137256	-28.180590	1.022802	-1.176615	-27.901566	0.985680	-1.327849	-27.956332	1.040301	-1.350270	-28.204734	0.458649	-1.136327	-27.875477	0.457536	-1.351094	-28.175242	-0.089892	-1.109243	-28.212625	-0.008008	-1.166814	-27.845418	-0.070749	-1.277556	-27.902079	-0.030800	-1.330838
1568	21.771027	00:00:21:56	-28.027826	1.717874	-1.240239	-27.953299	1.602192	-1.177549	-28.044820	1.655825	-1.107599	-28.037960	1.581083	-1.237530	-28.037819	1.546987	-1.245637	-28.183116	1.578273	-1.178931	-27.922680	1.599675	-1.322268	-27.934414	1.340021	-1.171824	-28.012340	0.761099	-1.712552	-27.643004	1.094416	-1.164115	-28.085061	-0.065236	-2.069192	-27.665589	1.099828	-1.174557	-28.096637	-0.070762	-2.027143	-27.644104	1.089619	-1.157775	-28.086784	-0.037458	-2.043836	-28.196028	0.972817	-1.095000	-28.169943	1.010590	-1.180857	-27.862851	0.947064	-1.308076	-27.883052	1.012042	-1.339731	-28.181417	0.454418	-1.159777	-27.892281	0.487543	-1.310809	-28.190409	-0.111509	-1.074854	-28.207176	-0.058255	-1.135075	-27.857643	-0.083376	-1.286487	-27.900430	-0.033899	-1.328318
1569	21.784921	00:00:21:57	-28.066689	1.711927	-1.215151	-27.962618	1.637945	-1.132382	-28.007528	1.627212	-1.099720	-28.039961	1.559410	-1.283511	-28.050530	1.556959	-1.207328	-28.195666	1.583709	-1.179411	-27.925228	1.580247	-1.340695	-27.924290	1.374198	-1.180561	-28.012927	0.755831	-1.696963	-27.660912	1.092061	-1.182230	-28.119626	-0.044153	-2.051031	-27.673865	1.112742	-1.170122	-28.075772	-0.047588	-2.061767	-27.666405	1.101857	-1.164171	-28.105781	-0.017603	-2.050333	-28.177265	0.971043	-1.125603	-28.183186	0.993891	-1.165270	-27.886208	0.955927	-1.340229	-27.894537	0.975874	-1.334655	-28.161971	0.505175	-1.148568	-27.862678	0.462654	-1.310685	-28.165710	-0.096320	-1.062719	-28.186981	-0.014694	-1.167513	-27.892787	-0.101375	-1.306927	-27.922802	-0.069583	-1.336644
1570	21.798814	00:00:21:58	-28.001903	1.723032	-1.177968	-27.914973	1.601274	-1.176411	-28.021398	1.624919	-1.121009	-28.011712	1.618751	-1.212097	-28.017820	1.544355	-1.201163	-28.146028	1.579960	-1.163283	-27.942618	1.579102	-1.326656	-27.900629	1.331731	-1.211261	-28.005173	0.774107	-1.686015	-27.642248	1.093153	-1.166726	-28.112062	-0.050421	-2.051539	-27.652243	1.081683	-1.158074	-28.101616	-0.038087	-2.044568	-27.643183	1.091729	-1.123105	-28.094803	-0.038229	-2.049567	-28.151446	0.978320	-1.122098	-28.199498	1.026286	-1.182228	-27.866441	0.957173	-1.301724	-27.890046	1.021746	-1.337438	-28.187318	0.451777	-1.126846	-27.860653	0.478301	-1.313215	-28.181391	-0.089896	-1.127486	-28.212344	-0.046779	-1.135643	-27.911347	-0.089128	-1.301298	-27.895173	-0.031132	-1.342374
1571	21.812708	00:00:21:59	-28.018089	1.690310	-1.203448	-27.927236	1.626724	-1.166348	-28.012293	1.641066	-1.128283	-28.023513	1.578308	-1.282654	-28.005163	1.561391	-1.235652	-28.146788	1.569991	-1.181114	-27.914541	1.588597	-1.364249	-27.910549	1.345825	-1.180260	-27.993112	0.780581	-1.715948	-27.688379	1.119163	-1.179030	-28.068953	-0.030216	-2.043566	-27.619258	1.083832	-1.163517	-28.077557	-0.029418	-2.078175	-27.633391	1.120397	-1.182487	-28.082701	-0.070545	-2.048441	-28.167172	0.967448	-1.121867	-28.167998	1.024631	-1.160381	-27.888591	0.990427	-1.303782	-27.883754	1.015750	-1.339543	-28.189622	0.473802	-1.151043	-27.918629	0.480511	-1.313288	-28.200493	-0.069631	-1.120303	-28.231481	-0.047809	-1.140925	-27.891666	-0.091754	-1.299491	-27.922149	-0.063268	-1.322546
1572	21.826601	00:00:21:60	-28.032795	1.675803	-1.217664	-27.912571	1.620555	-1.123747	-28.034967	1.600611	-1.124228	-28.070255	1.559480	-1.238743	-28.034281	1.540398	-1.232543	-28.159763	1.562997	-1.178174	-27.915352	1.584615	-1.332124	-27.944247	1.359762	-1.152641	-27.997995	0.769354	-1.693785	-27.647657	1.112220	-1.194310	-28.091260	-0.047621	-2.055164	-27.635557	1.121999	-1.199782	-28.086875	-0.049320	-2.074147	-27.632402	1.071067	-1.152701	-28.078761	-0.042327	-2.061606	-28.206778	0.990420	-1.122112	-28.182333	1.015500	-1.156742	-27.845691	0.946887	-1.315049	-27.894206	1.015640	-1.327507	-28.174531	0.428689	-1.118224	-27.861783	0.490638	-1.314083	-28.181987	-0.064604	-1.115363	-28.203696	-0.039723	-1.136101	-27.872051	-0.070981	-1.277572	-27.903315	-0.029271	-1.339588
1573	21.840495	00:00:21:61	-28.035505	1.721590	-1.225469	-27.891981	1.611860	-1.169198	-28.022498	1.628038	-1.116025	-28.029612	1.607203	-1.239461	-28.040120	1.561794	-1.237428	-28.188162	1.587339	-1.143243	-27.901379	1.587566	-1.337769	-27.917313	1.330846	-1.193043	-27.984574	0.743120	-1.711663	-27.626586	1.077303	-1.180088	-28.097198	-0.033727	-2.065903	-27.640128	1.078619	-1.174697	-28.109086	-0.055273	-2.087947	-27.670605	1.111183	-1.189498	-28.094738	-0.042431	-2.054528	-28.183597	0.996804	-1.133012	-28.206032	1.019651	-1.168057	-27.865186	0.964168	-1.314073	-27.898362	1.024455	-1.329777	-28.189899	0.479083	-1.121833	-27.913809	0.472527	-1.344519	-28.179638	-0.072547	-1.111549	-28.203025	-0.067892	-1.139881	-27.869047	-0.106168	-1.299312	-27.891131	-0.009003	-1.272941
1574	21.854388	00:00:21:62	-28.018741	1.713918	-1.219025	-27.939400	1.611722	-1.203024	-28.049887	1.661454	-1.110798	-28.067485	1.557409	-1.243423	-28.020369	1.571289	-1.236163	-28.185002	1.573105	-1.198124	-27.880254	1.586734	-1.333395	-27.901931	1.310728	-1.167270	-28.017924	0.760555	-1.703652	-27.641618	1.088646	-1.160278	-28.094238	-0.079855	-2.065214	-27.627805	1.106796	-1.180456	-28.082252	-0.054561	-2.050977	-27.651621	1.057172	-1.200922	-28.091426	-0.031291	-2.092888	-28.189947	1.006386	-1.099429	-28.223560	1.011575	-1.166402	-27.914095	0.961323	-1.289155	-27.907735	1.016727	-1.353707	-28.173493	0.448673	-1.133444	-27.882548	0.447960	-1.331996	-28.181873	-0.072394	-1.110196	-28.211436	-0.037955	-1.131494	-27.870788	-0.061331	-1.280143	-27.899685	-0.014363	-1.337650
1575	21.868281	00:00:21:63	-28.024865	1.691563	-1.212612	-27.921099	1.627740	-1.146062	-28.035644	1.591600	-1.105478	-28.020399	1.582235	-1.254079	-28.035228	1.545365	-1.168848	-28.190651	1.581970	-1.184966	-27.956505	1.557639	-1.301748	-27.925873	1.324238	-1.157223	-28.018737	0.743920	-1.705090	-27.645097	1.087579	-1.164184	-28.107605	-0.002640	-2.053502	-27.625758	1.119714	-1.198853	-28.082601	-0.041328	-2.102166	-27.622260	1.071853	-1.182289	-28.097338	-0.040844	-2.067314	-28.163894	0.953704	-1.157969	-28.190833	1.026945	-1.221656	-27.886376	0.973085	-1.279891	-27.888447	1.006916	-1.334782	-28.202809	0.469751	-1.140342	-27.850476	0.468202	-1.321398	-28.190435	-0.086823	-1.102330	-28.164988	-0.026153	-1.154104	-27.866277	-0.071646	-1.269454	-27.903777	-0.055959	-1.346502
1576	21.882175	00:00:21:64	-27.995632	1.697937	-1.204617	-27.915280	1.606992	-1.173862	-28.040841	1.623209	-1.127718	-28.066716	1.613990	-1.272032	-28.004876	1.562171	-1.211813	-28.200908	1.538673	-1.178352	-27.930984	1.598994	-1.333620	-27.893851	1.344672	-1.195558	-28.007297	0.757200	-1.694694	-27.631150	1.114565	-1.147610	-28.104127	-0.042104	-2.060185	-27.695561	1.105686	-1.142119	-28.092856	-0.037035	-2.064659	-27.658883	1.054471	-1.189407	-28.116446	-0.028013	-2.058289	-28.153109	0.972204	-1.116803	-28.208786	0.979829	-1.169401	-27.849120	0.990869	-1.308912	-27.916361	1.028939	-1.347310	-28.196060	0.462563	-1.132669	-27.900530	0.491718	-1.317297	-28.157241	-0.107685	-1.077016	-28.196302	-0.029547	-1.187095	-27.868612	-0.062254	-1.285115	-27.859529	-0.023330	-1.307397
1577	21.896068	00:00:21:65	-28.028785	1.717782	-1.194545	-27.904045	1.630603	-1.160189	-28.008255	1.572962	-1.085382	-28.064554	1.586724	-1.257900	-28.019369	1.562792	-1.237282	-28.181067	1.596967	-1.159840	-27.910341	1.602567	-1.313462	-27.901317	1.339289	-1.158565	-28.014724	0.744368	-1.688986	-27.622843	1.083498	-1.192836	-28.083508	-0.036126	-2.094171	-27.653039	1.068396	-1.172434	-28.093262	-0.025545	-2.050718	-27.647547	1.116248	-1.193135	-28.085064	-0.034569	-2.057433	-28.151912	0.986152	-1.125782	-28.177497	1.026254	-1.137751	-27.870934	0.994353	-1.311635	-27.904168	0.987081	-1.347654	-28.208712	0.463132	-1.145948	-27.881904	0.481643	-1.277446	-28.174439	-0.089408	-1.123857	-28.213091	-0.048211	-1.121170	-27.855666	-0.095279	-1.294969	-27.881755	-0.024145	-1.325686
1578	21.909962	00:00:21:66	-28.027029	1.703160	-1.217025	-27.920578	1.627353	-1.179053	-28.061773	1.613999	-1.089656	-28.039319	1.605393	-1.234592	-28.036743	1.561323	-1.221084	-28.188867	1.615641	-1.163060	-27.939989	1.556224	-1.369961	-27.900794	1.368400	-1.179095	-27.972533	0.755513	-1.689502	-27.624281	1.094567	-1.169798	-28.102648	-0.057527	-2.046351	-27.671876	1.079571	-1.162156	-28.091439	-0.043913	-2.046761	-27.615799	1.091186	-1.193595	-28.084987	-0.034774	-2.046295	-28.195458	0.976717	-1.121804	-28.194051	1.018956	-1.160304	-27.896435	0.933800	-1.315805	-27.893299	1.044701	-1.346922	-28.196090	0.458671	-1.121465	-27.860082	0.479007	-1.319640	-28.177617	-0.088528	-1.108762	-28.194112	-0.029988	-1.159159	-27.858658	-0.086299	-1.286401	-27.899991	-0.049617	-1.337240
1579	21.923855	00:00:21:67	-28.015469	1.706105	-1.187370	-27.921618	1.622042	-1.175970	-28.050046	1.638676	-1.132989	-28.035921	1.579823	-1.246904	-28.035842	1.582890	-1.239877	-28.170159	1.590347	-1.171427	-27.920967	1.564221	-1.318792	-27.938404	1.341893	-1.194494	-28.037343	0.782536	-1.706609	-27.623332	1.086613	-1.187398	-28.093860	-0.029485	-2.053113	-27.662323	1.063119	-1.177418	-28.095682	-0.036053	-2.036683	-27.661596	1.074749	-1.189014	-28.116450	-0.067531	-2.063986	-28.155868	0.994481	-1.132567	-28.210801	1.008051	-1.148960	-27.868222	0.967780	-1.308317	-27.890104	1.010770	-1.359778	-28.154172	0.481201	-1.139328	-27.873404	0.499575	-1.297956	-28.220921	-0.091837	-1.112985	-28.191213	-0.015519	-1.129640	-27.891117	-0.053930	-1.291372	-27.927007	-0.035624	-1.321405
1580	21.937749	00:00:21:68	-28.048539	1.711935	-1.205122	-27.924093	1.611134	-1.185949	-28.043452	1.601344	-1.114529	-28.053373	1.565786	-1.251781	-28.011730	1.546540	-1.239748	-28.168115	1.598091	-1.191627	-27.896464	1.568521	-1.294830	-27.906907	1.347849	-1.192050	-27.997327	0.730089	-1.668786	-27.678271	1.097690	-1.136536	-28.119649	-0.072176	-2.055523	-27.641156	1.080476	-1.187832	-28.103228	-0.047008	-2.074563	-27.633998	1.087399	-1.200750	-28.093288	-0.065232	-2.062135	-28.184793	1.013186	-1.129465	-28.192239	1.003254	-1.184078	-27.891295	0.963305	-1.308029	-27.913849	1.024443	-1.365376	-28.181179	0.460282	-1.165979	-27.894729	0.477586	-1.328814	-28.162789	-0.052232	-1.115434	-28.209596	-0.042802	-1.157060	-27.865599	-0.088593	-1.309335	-27.891546	-0.062280	-1.318768
1581	21.951642	00:00:21:69	-28.012250	1.678828	-1.199981	-27.916381	1.598195	-1.181310	-28.053277	1.612823	-1.070193	-28.056829	1.608193	-1.247772	-28.049636	1.529395	-1.249261	-28.153430	1.593862	-1.176688	-27.909254	1.576947	-1.344644	-27.887700	1.334109	-1.166788	-27.977182	0.732169	-1.717742	-27.652805	1.058778	-1.168920	-28.090540	-0.058927	-2.112787	-27.654046	1.100289	-1.181094	-28.095261	-0.032145	-2.084853	-27.669955	1.100182	-1.184477	-28.091499	-0.077487	-2.064085	-28.180909	0.982545	-1.147134	-28.212005	1.038360	-1.171643	-27.883805	0.979727	-1.322976	-27.908150	1.014841	-1.349522	-28.203271	0.455143	-1.116856	-27.895362	0.503561	-1.336695	-28.168353	-0.049177	-1.085511	-28.173663	-0.037432	-1.137993	-27.862901	-0.063609	-1.283450	-27.898315	-0.021176	-1.292850
1582	21.965536	00:00:21:70	-28.012347	1.697404	-1.205119	-27.931068	1.620158	-1.158225	-28.041828	1.596925	-1.114747	-28.005417	1.576228	-1.240425	-28.023610	1.562992	-1.221348	-28.153848	1.571956	-1.182394	-27.907461	1.611465	-1.305903	-27.924785	1.357559	-1.157186	-28.012959	0.790274	-1.737619	-27.635267	1.087143	-1.166262	-28.101965	-0.041109	-2.044246	-27.663042	1.070325	-1.178739	-28.078310	-0.019740	-2.045992	-27.637913	1.076202	-1.151590	-28.083257	-0.044292	-2.042135	-28.184113	0.963763	-1.129525	-28.213235	1.008457	-1.162925	-27.889928	0.954225	-1.316237	-27.893239	1.050886	-1.346395	-28.203354	0.460664	-1.139452	-27.893694	0.435156	-1.286566	-28.188756	-0.084358	-1.084704	-28.175934	-0.047544	-1.125663	-27.872675	-0.082693	-1.304594	-27.860032	-0.028243	-1.309504
1583	21.979429	00:00:21:71	-28.017069	1.704489	-1.241197	-27.917241	1.595869	-1.167558	-28.023143	1.657350	-1.120061	-28.008683	1.576774	-1.263481	-28.006331	1.574475	-1.232534	-28.197391	1.610420	-1.196424	-27.933685	1.582319	-1.315040	-27.892518	1.325727	-1.144267	-28.016749	0.774278	-1.719483	-27.647938	1.100075	-1.173966	-28.098003	-0.027642	-2.059211	-27.633324	1.103754	-1.169160	-28.114106	-0.053074	-2.059448	-27.656244	1.079645	-1.188386	-28.126936	-0.019403	-2.078553	-28.190849	0.967266	-1.129427	-28.227035	1.018306	-1.150238	-27.886003	0.935520	-1.310677	-27.884359	1.028737	-1.362078	-28.185302	0.478361	-1.137720	-27.891312	0.453965	-1.336127	-28.211922	-0.073325	-1.116969	-28.222278	-0.027018	-1.197612	-27.870889	-0.053231	-1.294784	-27.893262	-0.030774	-1.360199
1584	21.993322	00:00:21:00	-27.994174	1.695849	-1.194674	-27.916086	1.614765	-1.150495	-28.048486	1.625143	-1.079146	-28.056140	1.592758	-1.249920	-28.043592	1.530265	-1.211293	-28.195580	1.582083	-1.152884	-27.890297	1.594649	-1.346917	-27.937163	1.367349	-1.150809	-28.017788	0.780488	-1.690604	-27.631493	1.087379	-1.200366	-28.095503	-0.017322	-2.075971	-27.656723	1.139308	-1.157809	-28.086054	-0.043431	-2.050309	-27.643838	1.054494	-1.178475	-28.089833	-0.043066	-2.042810	-28.189719	0.945511	-1.110812	-28.196365	1.037277	-1.150818	-27.909252	0.946137	-1.298343	-27.909227	0.994132	-1.368583	-28.179008	0.461301	-1.136331	-27.850848	0.458396	-1.329719	-28.154761	-0.068880	-1.084534	-28.182487	-0.055997	-1.157475	-27.881917	-0.086315	-1.276112	-27.912981	-0.019086	-1.344337
1585	22.007216	00:00:22:01	-28.016953	1.687071	-1.202362	-27.932764	1.626910	-1.141371	-27.993955	1.653499	-1.080397	-28.031720	1.599347	-1.250317	-28.034743	1.563393	-1.247229	-28.167933	1.594464	-1.161287	-27.929324	1.606217	-1.349341	-27.914732	1.370911	-1.164562	-28.026693	0.785848	-1.688123	-27.667294	1.114236	-1.174712	-28.070138	-0.028669	-2.063555	-27.684229	1.117907	-1.193646	-28.068932	-0.041928	-2.080232	-27.638039	1.085773	-1.186241	-28.073599	-0.034837	-2.037092	-28.181099	0.991345	-1.057608	-28.199261	1.031267	-1.177203	-27.876584	0.965795	-1.286082	-27.889761	0.995532	-1.355710	-28.222594	0.466713	-1.141093	-27.857195	0.461395	-1.330841	-28.179079	-0.087162	-1.108854	-28.202767	-0.028754	-1.132635	-27.880892	-0.056962	-1.283004	-27.891788	-0.038081	-1.305412
1586	22.021109	00:00:22:02	-28.045026	1.707729	-1.229396	-27.940524	1.637223	-1.165723	-28.013353	1.645403	-1.104003	-28.050494	1.581978	-1.271813	-28.020313	1.553925	-1.237834	-28.168595	1.579254	-1.151501	-27.913712	1.587631	-1.337608	-27.892097	1.340443	-1.163165	-27.995527	0.742229	-1.672495	-27.631961	1.083754	-1.200864	-28.108308	-0.030628	-2.056925	-27.649945	1.095862	-1.168851	-28.089333	-0.063677	-2.106768	-27.630097	1.103386	-1.162036	-28.089544	-0.015214	-2.055501	-28.210270	0.999262	-1.114200	-28.181348	1.010977	-1.183359	-27.900194	0.946157	-1.296396	-27.872193	0.995464	-1.337592	-28.212365	0.432410	-1.139238	-27.880163	0.479742	-1.302251	-28.160365	-0.054400	-1.084846	-28.203533	-0.022494	-1.123748	-27.898185	-0.087483	-1.261379	-27.920211	-0.034837	-1.334848
1587	22.035003	00:00:22:03	-28.017742	1.691275	-1.203790	-27.962355	1.625038	-1.159297	-28.024216	1.618341	-1.109052	-28.054612	1.590420	-1.268876	-27.969727	1.559229	-1.217173	-28.193595	1.580756	-1.172750	-27.921329	1.586627	-1.325864	-27.915036	1.344788	-1.168356	-28.001158	0.787465	-1.737555	-27.646839	1.110886	-1.195931	-28.114459	-0.067421	-2.047739	-27.676163	1.090961	-1.197391	-28.105239	-0.073930	-2.064230	-27.677795	1.108461	-1.135147	-28.081514	-0.027779	-2.082216	-28.175632	0.975833	-1.142583	-28.213305	1.009773	-1.168305	-27.882054	0.990401	-1.300069	-27.884158	1.045380	-1.345262	-28.179508	0.468246	-1.110554	-27.874906	0.482710	-1.363314	-28.166587	-0.083666	-1.075392	-28.191630	-0.021586	-1.120864	-27.875589	-0.086075	-1.268679	-27.887716	-0.023680	-1.306488
1588	22.048896	00:00:22:04	-28.013611	1.685860	-1.232831	-27.920055	1.615197	-1.149035	-28.034610	1.618213	-1.118080	-28.039288	1.565942	-1.271536	-28.059507	1.544458	-1.222445	-28.185581	1.572860	-1.169225	-27.933730	1.564702	-1.341787	-27.912744	1.370570	-1.159459	-28.015341	0.761761	-1.705463	-27.700622	1.069198	-1.201586	-28.089838	-0.024028	-2.039970	-27.689671	1.099209	-1.192748	-28.107789	-0.067875	-2.073236	-27.644667	1.086302	-1.158481	-28.102477	-0.048719	-2.066608	-28.180117	0.946754	-1.148864	-28.195567	1.003447	-1.164288	-27.856894	0.981084	-1.297998	-27.925917	1.021528	-1.340819	-28.170256	0.464780	-1.110636	-27.898192	0.465785	-1.335463	-28.191951	-0.086220	-1.117789	-28.212473	-0.036085	-1.094024	-27.866528	-0.067646	-1.284850	-27.894102	-0.046954	-1.323223
1589	22.062790	00:00:22:05	-28.003874	1.705242	-1.204388	-27.934531	1.621751	-1.181875	-28.024581	1.605276	-1.084748	-28.033656	1.564766	-1.247149	-28.003829	1.567029	-1.201379	-28.197581	1.581969	-1.136541	-27.899965	1.587453	-1.329103	-27.908932	1.365280	-1.152840	-27.989365	0.772958	-1.708458	-27.671546	1.124375	-1.158978	-28.098921	-0.048357	-2.059827	-27.664204	1.084072	-1.173069	-28.098079	-0.064420	-2.076414	-27.674623	1.089584	-1.203805	-28.110431	-0.024134	-2.041086	-28.180097	0.959402	-1.119820	-28.155370	1.015967	-1.172586	-27.838480	0.966825	-1.327353	-27.901952	1.001790	-1.340968	-28.192335	0.483143	-1.139542	-27.869853	0.468966	-1.328935	-28.176111	-0.056958	-1.098104	-28.178925	-0.067878	-1.160025	-27.898744	-0.060459	-1.279552	-27.893113	-0.038279	-1.331628
1590	22.076683	00:00:22:06	-28.021722	1.745428	-1.214212	-27.919450	1.612332	-1.160317	-28.066641	1.626527	-1.083110	-28.005686	1.567619	-1.256172	-28.031742	1.599098	-1.225837	-28.176999	1.634526	-1.186200	-27.949775	1.597181	-1.344821	-27.920192	1.349421	-1.192834	-27.994589	0.771518	-1.677066	-27.648552	1.095617	-1.169802	-28.083403	-0.088253	-2.052606	-27.701935	1.095162	-1.156364	-28.079733	-0.049721	-2.095609	-27.633178	1.109462	-1.197145	-28.101178	-0.033540	-2.077874	-28.164014	0.968659	-1.142357	-28.198702	1.010000	-1.161634	-27.848491	0.979954	-1.310205	-27.882510	1.006128	-1.327181	-28.199743	0.451661	-1.108311	-27.876401	0.500869	-1.327727	-28.170112	-0.095218	-1.112581	-28.198324	0.006185	-1.139016	-27.856571	-0.075513	-1.320144	-27.890296	-0.012968	-1.349461
1591	22.090577	00:00:22:07	-28.034407	1.704277	-1.209840	-27.927566	1.636315	-1.171189	-28.032122	1.621937	-1.131872	-28.066075	1.597981	-1.251990	-27.996085	1.539029	-1.209226	-28.179073	1.535668	-1.148482	-27.902395	1.621851	-1.317333	-27.877321	1.322246	-1.147409	-28.012717	0.737473	-1.730654	-27.665251	1.085903	-1.176044	-28.059470	-0.020593	-2.088180	-27.651346	1.098626	-1.218637	-28.099989	-0.053603	-2.074932	-27.627288	1.092291	-1.174719	-28.114023	-0.015528	-2.072398	-28.191878	0.998468	-1.133370	-28.193259	0.998348	-1.151942	-27.886881	0.957372	-1.305476	-27.880795	0.999333	-1.351301	-28.156544	0.437963	-1.159239	-27.873420	0.497391	-1.320068	-28.176437	-0.084558	-1.116912	-28.191833	-0.062684	-1.159617	-27.919562	-0.047027	-1.290450	-27.871772	-0.021441	-1.307399
1592	22.104470	00:00:22:08	-28.000747	1.692552	-1.203971	-27.905751	1.605800	-1.205847	-28.043337	1.592113	-1.103263	-28.054913	1.562982	-1.225179	-28.034844	1.573923	-1.224909	-28.166306	1.600639	-1.156801	-27.920985	1.550195	-1.319400	-27.930210	1.331018	-1.209408	-27.985657	0.782999	-1.692556	-27.619314	1.089385	-1.160676	-28.111068	-0.049392	-2.071955	-27.611578	1.070418	-1.174808	-28.098943	-0.075567	-2.060508	-27.669469	1.097347	-1.173233	-28.109653	-0.038958	-2.059655	-28.151832	0.984326	-1.119317	-28.222466	1.008801	-1.176209	-27.888902	0.970064	-1.307842	-27.915733	0.989036	-1.363548	-28.173136	0.471526	-1.132724	-27.921024	0.470223	-1.314551	-28.181038	-0.065548	-1.083944	-28.209830	-0.033400	-1.116656	-27.884999	-0.073043	-1.268421	-27.895815	-0.048156	-1.315440
1593	22.118363	00:00:22:09	-28.003655	1.732496	-1.248292	-27.942888	1.614135	-1.194190	-28.030987	1.667635	-1.119133	-28.030471	1.567608	-1.226571	-28.023270	1.578534	-1.244713	-28.185350	1.582137	-1.153821	-27.900933	1.561256	-1.332386	-27.932217	1.318638	-1.183762	-28.004820	0.783172	-1.688750	-27.666589	1.085730	-1.184759	-28.067402	-0.035946	-2.062299	-27.654627	1.085009	-1.175118	-28.106142	-0.049299	-2.065212	-27.658866	1.081010	-1.193288	-28.092109	-0.021050	-2.059898	-28.175900	0.986453	-1.156536	-28.212096	1.021509	-1.172574	-27.858843	0.978828	-1.327083	-27.878035	1.019537	-1.352692	-28.179173	0.500394	-1.117870	-27.879500	0.473004	-1.319318	-28.201052	-0.061469	-1.093733	-28.206618	-0.019083	-1.130054	-27.884343	-0.066492	-1.305956	-27.906935	-0.031019	-1.294404
1594	22.132257	00:00:22:10	-28.032503	1.707889	-1.207850	-27.906761	1.594540	-1.169838	-28.024473	1.610233	-1.099369	-28.057925	1.565564	-1.262566	-28.058897	1.583804	-1.221029	-28.186619	1.594714	-1.189943	-27.917523	1.613752	-1.346644	-27.906941	1.330483	-1.151356	-28.010991	0.774073	-1.683442	-27.653400	1.094202	-1.172652	-28.091706	-0.044185	-2.065866	-27.666267	1.094323	-1.164238	-28.108386	-0.057427	-2.063327	-27.656272	1.077560	-1.199695	-28.102221	-0.054134	-2.073799	-28.151980	0.958447	-1.113312	-28.225328	0.997349	-1.170455	-27.871141	0.958142	-1.328789	-27.912208	1.002196	-1.366614	-28.209531	0.515966	-1.127645	-27.870032	0.449077	-1.311821	-28.181431	-0.074893	-1.072815	-28.183244	-0.049802	-1.157421	-27.867030	-0.082258	-1.278215	-27.918400	-0.054333	-1.354840
1595	22.146150	00:00:22:11	-28.038822	1.714108	-1.193763	-27.917878	1.617974	-1.171972	-28.037415	1.648353	-1.098243	-28.056386	1.612893	-1.242057	-28.015727	1.552940	-1.221356	-28.164905	1.583815	-1.174832	-27.936957	1.584103	-1.319123	-27.916340	1.368896	-1.166734	-27.972977	0.778742	-1.688029	-27.675008	1.087646	-1.175904	-28.108928	-0.031080	-2.087333	-27.658107	1.098089	-1.207386	-28.060964	-0.005792	-2.085023	-27.672669	1.101714	-1.194382	-28.086156	-0.057199	-2.065871	-28.149848	0.984845	-1.142858	-28.202129	1.004217	-1.166456	-27.864047	0.960797	-1.294068	-27.900150	1.006032	-1.334660	-28.173388	0.473560	-1.162031	-27.878744	0.466436	-1.292891	-28.180658	-0.095684	-1.114819	-28.218940	-0.018982	-1.127295	-27.849643	-0.082589	-1.290276	-27.890493	-0.039815	-1.332312
1596	22.160044	00:00:22:12	-28.033658	1.698633	-1.246487	-27.938329	1.653429	-1.175119	-28.040224	1.612309	-1.113205	-28.065869	1.575749	-1.250083	-28.022246	1.551776	-1.199227	-28.178666	1.617006	-1.164097	-27.919220	1.601425	-1.358375	-27.900800	1.325733	-1.182479	-28.010956	0.767285	-1.665370	-27.664607	1.097435	-1.174075	-28.075693	0.001519	-2.048827	-27.660219	1.103180	-1.180044	-28.081826	0.000842	-2.088709	-27.643113	1.115225	-1.213675	-28.127046	-0.062816	-2.039030	-28.173336	0.946288	-1.143041	-28.206028	1.041273	-1.173523	-27.885614	0.972870	-1.355548	-27.896984	1.004711	-1.356661	-28.201983	0.454591	-1.156465	-27.896075	0.464331	-1.327451	-28.169387	-0.079200	-1.103860	-28.188489	-0.051885	-1.146280	-27.868430	-0.065864	-1.293072	-27.879724	-0.048229	-1.348847
1597	22.173937	00:00:22:13	-28.029604	1.712830	-1.242276	-27.930440	1.631034	-1.198646	-28.046499	1.609131	-1.108293	-28.065720	1.565614	-1.253866	-28.047862	1.551078	-1.221939	-28.180740	1.563920	-1.179674	-27.889247	1.591392	-1.323814	-27.920327	1.339451	-1.194705	-27.985797	0.763306	-1.693548	-27.655329	1.090718	-1.190526	-28.107066	-0.012652	-2.040055	-27.643974	1.098071	-1.186218	-28.103016	-0.057235	-2.077437	-27.639127	1.090597	-1.214683	-28.080642	-0.062165	-2.051318	-28.198227	0.963751	-1.103984	-28.214503	0.988135	-1.152067	-27.889197	0.981310	-1.312730	-27.923810	0.999417	-1.368627	-28.197137	0.456647	-1.157781	-27.875033	0.471162	-1.350823	-28.167044	-0.074988	-1.126524	-28.165663	-0.031177	-1.171668	-27.871030	-0.108947	-1.288476	-27.899434	-0.031601	-1.319611
1598	22.187831	00:00:22:14	-28.024973	1.721824	-1.237076	-27.923631	1.606051	-1.170306	-28.032279	1.615828	-1.128092	-28.028230	1.566930	-1.277658	-28.040326	1.576709	-1.250640	-28.184019	1.598126	-1.145300	-27.937855	1.575774	-1.331480	-27.926587	1.350263	-1.181487	-28.032328	0.783008	-1.650065	-27.664534	1.097491	-1.167013	-28.085386	-0.044812	-2.080291	-27.653619	1.099037	-1.180730	-28.111302	-0.038878	-2.072040	-27.646418	1.078676	-1.207980	-28.100988	-0.020097	-2.096676	-28.182346	0.956541	-1.120658	-28.215499	1.006466	-1.132180	-27.889089	0.966899	-1.326364	-27.895335	1.004494	-1.370130	-28.209245	0.446029	-1.146279	-27.894199	0.457273	-1.314440	-28.200247	-0.040204	-1.097441	-28.241897	-0.049282	-1.159127	-27.863575	-0.085876	-1.269355	-27.895331	-0.041974	-1.319911
1599	22.201724	00:00:22:15	-28.054347	1.709760	-1.207328	-27.919932	1.630220	-1.162691	-28.003821	1.644202	-1.146629	-28.039670	1.582580	-1.248012	-28.018199	1.585650	-1.209837	-28.163917	1.593911	-1.187914	-27.932815	1.548767	-1.347091	-27.923622	1.323770	-1.218541	-28.029500	0.769386	-1.733046	-27.683559	1.075978	-1.208437	-28.101891	-0.065506	-2.067632	-27.673891	1.095422	-1.215323	-28.124818	-0.069146	-2.047727	-27.650049	1.073605	-1.179438	-28.100332	-0.028274	-2.060022	-28.175275	0.981417	-1.106265	-28.215804	1.008057	-1.146554	-27.874762	0.959157	-1.270953	-27.889500	1.055594	-1.359749	-28.202564	0.486921	-1.122584	-27.882996	0.442529	-1.320669	-28.155427	-0.098997	-1.106126	-28.172604	-0.031642	-1.151394	-27.863342	-0.100820	-1.279743	-27.895637	-0.038174	-1.320029
1600	22.215618	00:00:22:16	-28.023261	1.692622	-1.191371	-27.935124	1.609656	-1.202499	-28.057357	1.620032	-1.107786	-28.080550	1.580296	-1.289360	-28.052278	1.551730	-1.241464	-28.170227	1.594856	-1.151024	-27.934395	1.568411	-1.317180	-27.873455	1.368258	-1.205197	-28.017900	0.758593	-1.681669	-27.679704	1.094386	-1.181863	-28.104242	-0.050209	-2.071812	-27.658000	1.097282	-1.158967	-28.103894	-0.035999	-2.044906	-27.675292	1.083099	-1.178652	-28.131954	-0.093165	-2.058569	-28.214465	0.980161	-1.116460	-28.208351	1.018708	-1.159726	-27.868841	0.975412	-1.325490	-27.886908	1.035273	-1.308372	-28.215179	0.468958	-1.155257	-27.875035	0.466393	-1.310095	-28.209118	-0.076938	-1.116491	-28.175334	-0.038188	-1.153108	-27.877409	-0.101083	-1.316798	-27.911432	-0.027409	-1.302173
1601	22.229511	00:00:22:17	-28.048592	1.670585	-1.243353	-27.942250	1.607416	-1.194908	-28.034408	1.625662	-1.077808	-28.071461	1.594768	-1.255906	-28.048653	1.532392	-1.237981	-28.176585	1.586872	-1.163836	-27.889129	1.571722	-1.326649	-27.915614	1.349816	-1.165090	-28.002181	0.783291	-1.698533	-27.642319	1.111291	-1.182431	-28.105661	-0.065727	-2.064251	-27.662890	1.072515	-1.202707	-28.089044	-0.064098	-2.071174	-27.669278	1.076826	-1.187387	-28.084443	-0.038872	-2.052247	-28.178144	0.956180	-1.094186	-28.215102	1.026911	-1.157401	-27.913369	0.951319	-1.311973	-27.910433	1.011189	-1.324947	-28.221538	0.455522	-1.134144	-27.868235	0.500219	-1.332807	-28.200921	-0.053642	-1.108600	-28.179477	-0.049128	-1.161783	-27.869823	-0.046860	-1.304429	-27.900624	-0.023944	-1.346325
1602	22.243404	00:00:22:18	-28.042006	1.683749	-1.198195	-27.933005	1.626658	-1.163649	-28.060563	1.604683	-1.084391	-28.034714	1.623900	-1.245913	-28.073984	1.533605	-1.222123	-28.187198	1.570666	-1.177529	-27.900579	1.567569	-1.337866	-27.914041	1.337373	-1.199899	-28.008009	0.793399	-1.711240	-27.645777	1.122693	-1.204574	-28.093405	-0.041553	-2.077290	-27.629820	1.123366	-1.195961	-28.124851	-0.056977	-2.066756	-27.660098	1.126241	-1.191057	-28.112606	-0.051335	-2.067349	-28.201372	0.969868	-1.113248	-28.216255	1.014822	-1.174333	-27.874612	0.973459	-1.334831	-27.900557	1.015676	-1.353924	-28.183872	0.462362	-1.130343	-27.880284	0.480712	-1.312854	-28.153188	-0.056315	-1.108215	-28.199227	-0.060344	-1.192318	-27.844272	-0.069670	-1.280425	-27.888064	-0.008427	-1.328514
1603	22.257298	00:00:22:19	-27.995341	1.682325	-1.260639	-27.907989	1.584774	-1.186123	-28.027438	1.604233	-1.099143	-28.036623	1.587739	-1.218396	-28.023999	1.545375	-1.201750	-28.199759	1.575075	-1.177347	-27.906861	1.606741	-1.299048	-27.910220	1.335349	-1.194999	-28.020968	0.776918	-1.722832	-27.646516	1.081593	-1.222582	-28.099465	-0.059954	-2.075435	-27.661369	1.051548	-1.210706	-28.080327	-0.070977	-2.057947	-27.649572	1.093624	-1.211194	-28.097860	-0.078685	-2.089022	-28.184732	1.008045	-1.123697	-28.218170	1.039036	-1.142114	-27.868527	0.966115	-1.322768	-27.847512	1.019080	-1.354406	-28.181079	0.465848	-1.134450	-27.903034	0.451872	-1.306151	-28.164140	-0.078554	-1.103215	-28.191372	-0.053146	-1.161591	-27.888742	-0.060690	-1.280650	-27.881154	-0.000620	-1.332007
1604	22.271191	00:00:22:20	-28.010420	1.728759	-1.199180	-27.921284	1.625107	-1.205074	-28.030138	1.621807	-1.131046	-28.035958	1.589952	-1.254707	-28.048443	1.575008	-1.220173	-28.168788	1.565726	-1.170027	-27.941964	1.616011	-1.313304	-27.925032	1.334139	-1.185355	-28.033196	0.757815	-1.666011	-27.665551	1.071345	-1.192579	-28.077727	-0.004639	-2.051990	-27.641641	1.085298	-1.202511	-28.115034	-0.056743	-2.033382	-27.647838	1.104755	-1.170270	-28.112922	-0.034637	-2.061822	-28.170115	0.982377	-1.128533	-28.211474	1.041007	-1.170166	-27.874702	0.972852	-1.308151	-27.887905	1.029299	-1.349554	-28.179176	0.463589	-1.146530	-27.900364	0.452677	-1.312933	-28.196601	-0.068750	-1.068389	-28.219775	-0.022555	-1.128382	-27.867416	-0.045267	-1.307625	-27.877262	-0.011651	-1.330262
1605	22.285085	00:00:22:21	-28.013838	1.696025	-1.199709	-27.906663	1.624463	-1.207073	-28.025878	1.627003	-1.102295	-28.048446	1.554407	-1.249309	-28.047614	1.539369	-1.237941	-28.144055	1.579770	-1.176603	-27.908945	1.610878	-1.321696	-27.907793	1.357200	-1.193304	-28.009225	0.758172	-1.690700	-27.656942	1.106866	-1.177415	-28.085214	-0.062645	-2.047947	-27.621074	1.070976	-1.177687	-28.065722	-0.030435	-2.063579	-27.654468	1.104399	-1.184842	-28.066507	-0.051029	-2.040139	-28.183011	0.967129	-1.140696	-28.213359	1.009421	-1.192132	-27.879238	0.962602	-1.312433	-27.876264	1.021782	-1.347969	-28.197976	0.463925	-1.133932	-27.909571	0.503845	-1.296445	-28.170796	-0.057131	-1.152697	-28.180182	-0.014201	-1.142667	-27.865700	-0.101816	-1.299861	-27.899211	-0.015566	-1.323561
1606	22.298978	00:00:22:22	-28.010964	1.710989	-1.236812	-27.924350	1.618722	-1.163303	-28.038976	1.660951	-1.092374	-28.029838	1.605408	-1.242154	-28.051920	1.539796	-1.243002	-28.184653	1.574931	-1.165045	-27.922524	1.593264	-1.341694	-27.903717	1.349910	-1.172874	-28.012548	0.786697	-1.715619	-27.655560	1.084240	-1.236376	-28.115309	-0.051610	-2.061699	-27.664569	1.061598	-1.201432	-28.093936	-0.063498	-2.060849	-27.661827	1.106774	-1.223731	-28.114505	-0.051656	-2.033700	-28.205128	0.993306	-1.147107	-28.172347	1.022087	-1.164964	-27.867027	0.969914	-1.301628	-27.913424	1.024492	-1.359866	-28.182227	0.452479	-1.157532	-27.897239	0.496728	-1.322257	-28.145193	-0.079216	-1.117504	-28.211142	-0.027901	-1.168529	-27.880291	-0.083750	-1.279884	-27.929636	-0.024715	-1.333821
1607	22.312872	00:00:22:23	-28.041287	1.669555	-1.221364	-27.922072	1.584076	-1.197927	-28.032375	1.633915	-1.107868	-28.052544	1.556799	-1.291735	-27.999374	1.557024	-1.226827	-28.167262	1.601284	-1.153102	-27.921963	1.582648	-1.326533	-27.941599	1.342301	-1.185734	-28.038588	0.775316	-1.671121	-27.657104	1.074374	-1.189882	-28.091775	-0.047526	-2.056159	-27.657199	1.086784	-1.216365	-28.101055	-0.032278	-2.078760	-27.670066	1.093674	-1.180960	-28.129791	-0.035935	-2.079331	-28.150370	0.964076	-1.139811	-28.181900	1.010807	-1.162678	-27.869694	0.982683	-1.316481	-27.894326	1.016233	-1.338635	-28.157396	0.478725	-1.115605	-27.886473	0.463231	-1.348681	-28.186606	-0.079269	-1.117166	-28.197138	-0.014114	-1.166652	-27.883898	-0.080063	-1.306037	-27.885190	-0.025166	-1.279865
1608	22.326765	00:00:22:24	-28.043445	1.684390	-1.193037	-27.924515	1.600862	-1.186867	-28.029593	1.583396	-1.106655	-28.040027	1.610843	-1.253196	-28.032489	1.574091	-1.227296	-28.163848	1.591287	-1.142868	-27.906514	1.559301	-1.330997	-27.909796	1.361834	-1.157268	-28.018972	0.765408	-1.674255	-27.654496	1.068721	-1.227640	-28.093156	-0.023138	-2.091968	-27.680295	1.083870	-1.222745	-28.107612	-0.082983	-2.070467	-27.682721	1.090810	-1.209201	-28.119939	-0.077478	-2.053562	-28.169315	0.958796	-1.146178	-28.205953	1.027203	-1.158029	-27.880006	0.957960	-1.276218	-27.888080	1.008889	-1.318961	-28.219512	0.490060	-1.085438	-27.854190	0.478065	-1.328387	-28.170630	-0.065472	-1.110211	-28.228556	-0.081285	-1.153864	-27.863287	-0.028610	-1.296218	-27.912148	-0.027148	-1.330915
1609	22.340659	00:00:22:25	-28.031415	1.690310	-1.196829	-27.928715	1.633219	-1.196698	-28.040177	1.603220	-1.120141	-28.072167	1.602247	-1.236986	-28.017710	1.565270	-1.232200	-28.171450	1.546170	-1.189881	-27.908321	1.606789	-1.333509	-27.879395	1.317500	-1.167612	-28.018261	0.771133	-1.665357	-27.658749	1.094718	-1.210183	-28.096770	-0.040641	-2.049979	-27.663246	1.105926	-1.184864	-28.117427	-0.052094	-2.079130	-27.683959	1.071800	-1.179805	-28.110383	-0.022792	-2.041861	-28.160322	0.980213	-1.103656	-28.213634	1.011640	-1.150794	-27.845448	0.988035	-1.292669	-27.922567	1.021073	-1.361491	-28.188187	0.477668	-1.113748	-27.886558	0.475084	-1.311933	-28.178588	-0.055761	-1.091499	-28.222245	-0.028523	-1.151915	-27.861144	-0.064285	-1.265264	-27.889719	-0.027717	-1.358333
1610	22.354552	00:00:22:26	-28.037859	1.695730	-1.243073	-27.939619	1.616076	-1.173968	-28.046249	1.606925	-1.098543	-28.048519	1.598598	-1.269897	-28.055119	1.565402	-1.243565	-28.189959	1.577476	-1.186809	-27.944598	1.562554	-1.314686	-27.922037	1.328343	-1.180448	-27.995966	0.763100	-1.664002	-27.663071	1.090337	-1.211361	-28.098369	-0.050288	-2.068139	-27.654892	1.102061	-1.194452	-28.093297	-0.040143	-2.057714	-27.674833	1.104585	-1.191935	-28.092805	-0.031110	-2.071067	-28.185547	0.990016	-1.148214	-28.191363	1.030455	-1.147911	-27.896256	0.974952	-1.313934	-27.930337	1.012482	-1.342412	-28.185979	0.471223	-1.134858	-27.889902	0.476815	-1.317859	-28.185030	-0.087013	-1.139124	-28.190749	-0.029434	-1.138766	-27.877193	-0.122357	-1.302998	-27.914525	-0.036371	-1.361972
1611	22.368445	00:00:22:27	-28.010686	1.695144	-1.189350	-27.909217	1.634096	-1.172058	-28.061393	1.591593	-1.100256	-28.046970	1.582725	-1.268769	-28.017807	1.573450	-1.224840	-28.153938	1.595273	-1.162824	-27.936860	1.547219	-1.306490	-27.936121	1.318065	-1.202126	-27.986915	0.786737	-1.704468	-27.664748	1.086597	-1.190748	-28.096407	-0.030842	-2.061659	-27.651092	1.094803	-1.215447	-28.086147	-0.039750	-2.043662	-27.667827	1.111340	-1.168057	-28.071672	-0.047363	-2.084691	-28.218078	1.005997	-1.098060	-28.210193	1.023273	-1.161455	-27.876192	0.957472	-1.291155	-27.879097	1.022737	-1.352098	-28.179501	0.451790	-1.132078	-27.846563	0.478215	-1.316653	-28.175767	-0.113801	-1.126384	-28.199976	-0.028684	-1.152243	-27.882665	-0.103009	-1.305425	-27.915017	-0.013794	-1.320911
1612	22.382339	00:00:22:28	-28.013591	1.693845	-1.241727	-27.926927	1.625174	-1.150065	-28.080965	1.631176	-1.134837	-28.048230	1.608960	-1.248928	-28.020938	1.562069	-1.208701	-28.188354	1.600148	-1.141424	-27.913153	1.566152	-1.303299	-27.918049	1.302551	-1.181375	-28.011286	0.782324	-1.719659	-27.684911	1.065034	-1.220684	-28.083579	-0.038863	-2.049092	-27.658324	1.089265	-1.201879	-28.099958	-0.055478	-2.056974	-27.632578	1.082129	-1.219477	-28.070144	-0.043182	-2.060191	-28.184315	0.978558	-1.121404	-28.202772	1.056367	-1.194272	-27.850190	0.969580	-1.308710	-27.906345	1.004541	-1.343014	-28.216608	0.481403	-1.143519	-27.896985	0.486675	-1.312314	-28.197913	-0.065412	-1.089609	-28.211241	-0.046359	-1.137816	-27.866858	-0.051369	-1.278611	-27.912617	-0.035249	-1.361757
1613	22.396232	00:00:22:29	-28.018587	1.695992	-1.247726	-27.940966	1.634661	-1.211195	-28.006678	1.599447	-1.140798	-28.040625	1.588200	-1.223869	-28.008353	1.572289	-1.217109	-28.184576	1.586499	-1.193401	-27.937048	1.560859	-1.374377	-27.905226	1.352254	-1.169144	-28.009557	0.766068	-1.672321	-27.675205	1.078631	-1.210098	-28.080159	-0.064677	-2.071443	-27.654775	1.075993	-1.176201	-28.096971	0.003863	-2.093603	-27.675803	1.112026	-1.217417	-28.084795	-0.046337	-2.074875	-28.155648	0.977436	-1.131022	-28.212009	1.019634	-1.152052	-27.872225	0.992365	-1.295169	-27.901583	1.032939	-1.366410	-28.193435	0.479622	-1.139297	-27.896661	0.466437	-1.326851	-28.188514	-0.064110	-1.140256	-28.197651	-0.025580	-1.159552	-27.865369	-0.082712	-1.278346	-27.883513	-0.000557	-1.334023
1614	22.410126	00:00:22:30	-28.021534	1.702543	-1.216438	-27.948179	1.624118	-1.180284	-28.010872	1.588138	-1.114388	-28.050905	1.555240	-1.258407	-28.045725	1.571713	-1.209131	-28.151527	1.596993	-1.192675	-27.899784	1.573273	-1.323367	-27.913237	1.337975	-1.169352	-28.035971	0.747619	-1.701452	-27.680185	1.116853	-1.222334	-28.107656	-0.058764	-2.062757	-27.640073	1.107249	-1.209320	-28.078085	-0.018394	-2.059251	-27.634307	1.085148	-1.210389	-28.068519	-0.068537	-2.078580	-28.172261	0.960293	-1.118081	-28.210500	1.003527	-1.194526	-27.862426	0.964707	-1.325473	-27.898042	1.048193	-1.336921	-28.211500	0.456435	-1.131882	-27.913605	0.462169	-1.340050	-28.162415	-0.102847	-1.097221	-28.172980	-0.037579	-1.142064	-27.873502	-0.092818	-1.269351	-27.908262	-0.060104	-1.317570
1615	22.424019	00:00:22:31	-28.025105	1.719814	-1.225409	-27.936654	1.594516	-1.161109	-28.032392	1.622160	-1.108519	-28.018879	1.567194	-1.226366	-28.017723	1.504768	-1.226525	-28.179957	1.599620	-1.162386	-27.899763	1.597705	-1.290525	-27.913754	1.334462	-1.193816	-27.998688	0.787823	-1.666738	-27.699592	1.107145	-1.194084	-28.106886	-0.052217	-2.038595	-27.661471	1.063111	-1.185154	-28.106672	-0.040302	-2.038374	-27.693175	1.104190	-1.205515	-28.116059	-0.042412	-2.088539	-28.190759	0.978367	-1.131696	-28.206426	1.020513	-1.154792	-27.917680	0.958039	-1.321258	-27.907668	1.035769	-1.328909	-28.195901	0.480837	-1.159803	-27.856519	0.464734	-1.338115	-28.181782	-0.086341	-1.079641	-28.201495	-0.031433	-1.153083	-27.887783	-0.079273	-1.315398	-27.889408	-0.047207	-1.346188
1616	22.437913	00:00:22:32	-28.001660	1.696187	-1.221104	-27.917307	1.621017	-1.197581	-28.014029	1.594912	-1.089081	-28.069430	1.588335	-1.231141	-28.014011	1.541359	-1.202262	-28.178236	1.580249	-1.208008	-27.928851	1.582152	-1.336078	-27.894477	1.333928	-1.203807	-28.002151	0.754913	-1.678154	-27.700403	1.086306	-1.191515	-28.094812	-0.053459	-2.070768	-27.664392	1.089609	-1.188997	-28.093871	-0.042950	-2.034100	-27.655932	1.097747	-1.196981	-28.048069	-0.059065	-2.077780	-28.225877	0.947607	-1.109838	-28.214300	1.026840	-1.177743	-27.880077	0.991261	-1.292988	-27.915979	1.024822	-1.355017	-28.211152	0.490762	-1.119098	-27.878148	0.443883	-1.333058	-28.213450	-0.039520	-1.095922	-28.220435	-0.023982	-1.168517	-27.905293	-0.049744	-1.272040	-27.897366	-0.025449	-1.337619
1617	22.451806	00:00:22:33	-28.033843	1.681286	-1.215266	-27.921548	1.625161	-1.157907	-28.035315	1.604426	-1.122835	-28.050900	1.563508	-1.289242	-28.015282	1.549138	-1.240798	-28.187628	1.616460	-1.160545	-27.953680	1.563353	-1.324640	-27.925785	1.373629	-1.196199	-27.995405	0.765920	-1.672534	-27.647870	1.090346	-1.226619	-28.094010	-0.049268	-2.055456	-27.624800	1.114074	-1.201341	-28.112707	-0.036805	-2.053772	-27.642329	1.064638	-1.191189	-28.096115	-0.059516	-2.044701	-28.144846	0.994046	-1.137501	-28.222337	1.028209	-1.183074	-27.895920	0.966406	-1.335908	-27.896465	1.000569	-1.332182	-28.160511	0.437795	-1.121800	-27.876490	0.483443	-1.295357	-28.186777	-0.066978	-1.116371	-28.195042	-0.053414	-1.149732	-27.852455	-0.063671	-1.330951	-27.916459	-0.041452	-1.307770
1618	22.465700	00:00:22:34	-27.996646	1.684975	-1.245098	-27.915751	1.612900	-1.164538	-28.029443	1.666250	-1.096751	-28.053968	1.586458	-1.257660	-28.054567	1.576758	-1.225725	-28.186609	1.611188	-1.182286	-27.911869	1.611255	-1.302794	-27.944855	1.347593	-1.204642	-28.032273	0.790300	-1.687900	-27.630595	1.095396	-1.206930	-28.108500	-0.042526	-2.085021	-27.672374	1.071141	-1.164968	-28.101461	-0.032069	-2.081580	-27.666090	1.087058	-1.190414	-28.083383	-0.037049	-2.073038	-28.174883	0.991985	-1.131980	-28.186263	1.046908	-1.191273	-27.851899	0.979740	-1.303682	-27.868007	1.019630	-1.371809	-28.195952	0.476628	-1.120241	-27.886449	0.454271	-1.296063	-28.158546	-0.077941	-1.130769	-28.159356	-0.022914	-1.123562	-27.876058	-0.081538	-1.278062	-27.888218	0.004887	-1.317243
1619	22.479593	00:00:22:35	-28.025498	1.691959	-1.228183	-27.904804	1.585422	-1.171655	-28.038906	1.588415	-1.127686	-28.041753	1.591094	-1.245333	-28.019348	1.546402	-1.258282	-28.153657	1.564043	-1.176684	-27.915167	1.594467	-1.297212	-27.894254	1.349920	-1.182540	-28.018854	0.783457	-1.711646	-27.661488	1.104503	-1.223610	-28.109427	-0.062077	-2.045088	-27.651581	1.105985	-1.179387	-28.074901	-0.067099	-2.095654	-27.684025	1.044902	-1.184926	-28.084631	-0.041500	-2.051044	-28.196452	1.001912	-1.132439	-28.176079	1.041748	-1.141681	-27.895686	0.966003	-1.299462	-27.894236	0.989856	-1.345381	-28.225338	0.443559	-1.138245	-27.885443	0.463297	-1.343806	-28.142099	-0.099355	-1.142485	-28.213319	-0.062913	-1.124800	-27.852219	-0.082824	-1.274955	-27.904954	-0.045162	-1.352912
1620	22.493486	00:00:22:36	-28.055175	1.692238	-1.222155	-27.948867	1.637029	-1.162101	-28.066535	1.632671	-1.116654	-28.075665	1.610291	-1.234169	-28.034928	1.590961	-1.235034	-28.175944	1.600474	-1.175789	-27.928878	1.598216	-1.331926	-27.918357	1.328128	-1.200204	-27.997210	0.738687	-1.706166	-27.658062	1.063737	-1.187864	-28.073179	-0.057019	-2.074182	-27.661887	1.064074	-1.192064	-28.091139	-0.017896	-2.050814	-27.632337	1.067800	-1.206365	-28.105958	-0.033891	-2.065372	-28.168279	0.963787	-1.131717	-28.199228	1.009703	-1.164551	-27.866454	0.964181	-1.337493	-27.888356	1.016824	-1.338718	-28.206234	0.455722	-1.160327	-27.863623	0.474432	-1.290963	-28.195221	-0.068550	-1.097309	-28.202116	-0.042606	-1.155290	-27.890131	-0.079128	-1.303693	-27.881287	-0.040606	-1.330657
1621	22.507380	00:00:22:37	-27.998653	1.710047	-1.210756	-27.958139	1.608316	-1.176003	-28.028079	1.645703	-1.128140	-28.053422	1.583152	-1.244194	-28.029307	1.542405	-1.255456	-28.166692	1.565836	-1.202499	-27.921468	1.610078	-1.360666	-27.940612	1.338630	-1.171393	-27.989484	0.726299	-1.687606	-27.658440	1.111810	-1.209316	-28.085474	-0.045277	-2.047212	-27.670175	1.100323	-1.195671	-28.083231	-0.022495	-2.040880	-27.642467	1.131241	-1.184284	-28.088106	-0.071293	-2.031135	-28.185503	0.995739	-1.111828	-28.238748	1.030935	-1.196136	-27.876611	0.966811	-1.307736	-27.924115	1.019768	-1.342423	-28.225843	0.452545	-1.152373	-27.862533	0.485290	-1.330081	-28.171452	-0.093473	-1.077567	-28.200653	-0.051602	-1.147733	-27.888689	-0.078724	-1.317972	-27.921064	-0.035608	-1.310730
1622	22.521273	00:00:22:38	-28.000375	1.723360	-1.181039	-27.925861	1.614273	-1.153636	-28.037876	1.592355	-1.064548	-28.058792	1.610790	-1.250194	-28.031972	1.525394	-1.169917	-28.176231	1.594226	-1.176622	-27.919529	1.540957	-1.352855	-27.902780	1.346863	-1.177552	-27.991317	0.766102	-1.692664	-27.657566	1.093628	-1.223378	-28.095054	-0.069013	-2.044966	-27.656237	1.069363	-1.215903	-28.074971	-0.052600	-2.060502	-27.684519	1.077058	-1.190303	-28.107466	-0.053881	-2.090030	-28.158224	0.969535	-1.112725	-28.193877	1.028316	-1.178333	-27.861644	0.955166	-1.315475	-27.874582	1.004924	-1.351665	-28.146036	0.458370	-1.158064	-27.889145	0.447664	-1.309003	-28.165933	-0.084212	-1.076084	-28.168515	-0.021011	-1.113715	-27.882854	-0.094307	-1.276234	-27.913615	-0.029884	-1.309454
1623	22.535167	00:00:22:39	-28.012926	1.690678	-1.195070	-27.931047	1.618450	-1.189913	-28.041556	1.610721	-1.157247	-28.019357	1.613481	-1.270801	-28.002934	1.563491	-1.212624	-28.163708	1.607358	-1.185899	-27.918412	1.611563	-1.344958	-27.941816	1.312327	-1.190477	-27.999183	0.776413	-1.696073	-27.649927	1.088809	-1.234281	-28.080097	-0.045545	-2.065893	-27.658380	1.113345	-1.199021	-28.103688	-0.048226	-2.061036	-27.654909	1.060518	-1.182288	-28.078458	-0.039578	-2.063545	-28.163397	0.959956	-1.120431	-28.210067	1.000164	-1.205506	-27.832838	0.956311	-1.291881	-27.915785	1.016474	-1.336134	-28.218721	0.456572	-1.141006	-27.900403	0.469574	-1.305173	-28.199366	-0.079246	-1.097105	-28.209029	-0.006347	-1.162468	-27.892304	-0.089021	-1.301803	-27.885064	-0.057154	-1.333553
1624	22.549060	00:00:22:40	-28.032892	1.698773	-1.238337	-27.911625	1.612232	-1.193062	-28.007985	1.625301	-1.093660	-28.020187	1.570779	-1.235230	-28.014827	1.575506	-1.234847	-28.174875	1.606389	-1.132504	-27.929631	1.594302	-1.321957	-27.947817	1.356733	-1.174412	-27.989404	0.810707	-1.710789	-27.660611	1.081627	-1.217648	-28.115321	-0.051897	-2.106317	-27.643570	1.072288	-1.174119	-28.064090	-0.086911	-2.076665	-27.669457	1.097988	-1.217133	-28.119424	-0.049447	-2.064973	-28.172776	0.985069	-1.132696	-28.214013	0.996487	-1.160595	-27.894301	1.007745	-1.312652	-27.890552	1.027966	-1.375703	-28.211324	0.453951	-1.136364	-27.867943	0.472420	-1.318269	-28.213798	-0.100705	-1.066282	-28.185849	-0.025647	-1.153054	-27.868444	-0.076435	-1.280159	-27.885005	-0.036049	-1.313513
1625	22.562954	00:00:22:41	-28.037961	1.723417	-1.189785	-27.918550	1.636170	-1.162262	-28.029487	1.573956	-1.110577	-28.032515	1.566598	-1.265173	-28.026822	1.599355	-1.222929	-28.130420	1.605483	-1.188636	-27.934607	1.606402	-1.333860	-27.943983	1.339338	-1.231492	-28.008343	0.782330	-1.698162	-27.699337	1.073201	-1.201824	-28.068865	-0.060056	-2.090948	-27.693024	1.075158	-1.216640	-28.083215	-0.058705	-2.063849	-27.669264	1.110224	-1.185420	-28.096513	-0.058818	-2.042307	-28.200478	0.990785	-1.139390	-28.171170	1.025673	-1.168268	-27.874393	0.955646	-1.304558	-27.917801	1.031214	-1.359991	-28.159630	0.468176	-1.150039	-27.906004	0.467644	-1.310544	-28.186922	-0.086354	-1.117847	-28.223832	-0.051406	-1.140780	-27.866290	-0.078399	-1.260247	-27.913433	0.003055	-1.354894
1626	22.576847	00:00:22:42	-28.036203	1.707111	-1.217949	-27.920091	1.621506	-1.180585	-28.033554	1.634103	-1.107905	-28.018126	1.579688	-1.298035	-28.011829	1.579839	-1.219056	-28.232236	1.588368	-1.172971	-27.940728	1.613117	-1.351670	-27.908271	1.347497	-1.213095	-27.992486	0.750243	-1.677542	-27.675366	1.116005	-1.204280	-28.111542	-0.010950	-2.066662	-27.656319	1.093890	-1.196349	-28.073918	-0.074543	-2.055137	-27.649037	1.096795	-1.193653	-28.085468	-0.034294	-2.065112	-28.182499	0.981008	-1.097696	-28.218350	1.018394	-1.175780	-27.883283	1.000118	-1.288753	-27.917098	1.004388	-1.336598	-28.234159	0.482954	-1.135140	-27.872112	0.469314	-1.335930	-28.178199	-0.060621	-1.098512	-28.190048	-0.006905	-1.141846	-27.906954	-0.030631	-1.275507	-27.925899	-0.050319	-1.319409
1627	22.590741	00:00:22:43	-28.028936	1.693237	-1.176307	-27.912526	1.607106	-1.160415	-28.000754	1.582852	-1.102152	-28.038010	1.584985	-1.228386	-28.062297	1.546104	-1.237319	-28.160192	1.614470	-1.150943	-27.932586	1.587384	-1.317146	-27.901851	1.320531	-1.170721	-27.996140	0.769648	-1.658033	-27.668634	1.097714	-1.173854	-28.096603	-0.026556	-2.072846	-27.673354	1.059582	-1.191662	-28.092833	-0.033875	-2.056262	-27.658969	1.090724	-1.180922	-28.061689	-0.038194	-2.084965	-28.158368	0.963108	-1.136341	-28.185017	0.994365	-1.135230	-27.878821	0.943606	-1.333058	-27.878151	1.033623	-1.351184	-28.201218	0.473090	-1.148430	-27.889108	0.464842	-1.329818	-28.145533	-0.060361	-1.081786	-28.193006	-0.033655	-1.165304	-27.880439	-0.104107	-1.263770	-27.901020	-0.043046	-1.329224
1628	22.604634	00:00:22:44	-28.050247	1.678117	-1.214760	-27.937594	1.638860	-1.177486	-27.996442	1.619036	-1.084715	-28.033415	1.565664	-1.252982	-28.074016	1.544891	-1.227098	-28.180895	1.576959	-1.169486	-27.938236	1.596113	-1.331309	-27.926433	1.347503	-1.182468	-28.001511	0.781858	-1.707982	-27.673921	1.084767	-1.206152	-28.084300	-0.033503	-2.077504	-27.642191	1.119341	-1.195240	-28.111281	-0.025892	-2.025023	-27.665262	1.091498	-1.237139	-28.100188	-0.032470	-2.061610	-28.178607	0.971974	-1.117573	-28.199940	1.025646	-1.153871	-27.880055	0.967201	-1.291855	-27.909291	1.046442	-1.347280	-28.184542	0.509856	-1.144305	-27.883033	0.440300	-1.337288	-28.192302	-0.054943	-1.124946	-28.197612	0.013969	-1.150717	-27.871761	-0.070437	-1.273321	-27.916282	-0.011333	-1.341905
1629	22.618527	00:00:22:45	-28.042715	1.719702	-1.238215	-27.944538	1.617643	-1.158907	-27.995268	1.647603	-1.089892	-28.065756	1.602174	-1.256503	-28.021039	1.566220	-1.197287	-28.161265	1.583510	-1.182503	-27.947104	1.606111	-1.319581	-27.913568	1.304416	-1.173772	-28.021679	0.792342	-1.697311	-27.630972	1.084965	-1.219622	-28.087731	-0.059057	-2.078535	-27.667750	1.070297	-1.211880	-28.097056	-0.058150	-2.049403	-27.645676	1.072918	-1.228083	-28.073816	-0.042687	-2.074028	-28.160400	1.006915	-1.126997	-28.189569	1.035431	-1.180492	-27.841104	0.959683	-1.319734	-27.917428	1.034935	-1.354603	-28.181690	0.457601	-1.134107	-27.906995	0.478795	-1.302438	-28.172252	-0.086904	-1.098249	-28.215067	-0.029974	-1.120033	-27.907121	-0.057767	-1.273976	-27.891570	-0.016229	-1.350655
1630	22.632421	00:00:22:46	-28.038983	1.721659	-1.238046	-27.908697	1.639868	-1.152447	-28.007628	1.595093	-1.121157	-28.062998	1.589134	-1.232763	-28.056096	1.571761	-1.235368	-28.185676	1.601455	-1.172407	-27.920769	1.596975	-1.320252	-27.916015	1.336135	-1.181314	-28.006230	0.747355	-1.665651	-27.679771	1.110539	-1.210648	-28.088130	-0.049555	-2.058685	-27.696387	1.070377	-1.201832	-28.077266	-0.027645	-2.093888	-27.685302	1.080642	-1.188957	-28.089299	-0.045609	-2.080340	-28.167001	0.984919	-1.133554	-28.216603	1.035135	-1.173828	-27.882005	0.964757	-1.288823	-27.916433	1.010389	-1.354501	-28.220539	0.488733	-1.127932	-27.916705	0.474042	-1.326088	-28.176318	-0.094848	-1.114860	-28.197853	-0.048949	-1.130749	-27.900991	-0.084415	-1.315628	-27.889212	-0.046431	-1.303045
1631	22.646314	00:00:22:47	-28.006631	1.700462	-1.208062	-27.911753	1.567786	-1.164184	-28.039431	1.604919	-1.125052	-28.069558	1.590945	-1.245330	-28.006233	1.576362	-1.204582	-28.172370	1.581078	-1.165384	-27.928650	1.609703	-1.329682	-27.919193	1.311369	-1.192411	-28.004193	0.766882	-1.714945	-27.655367	1.062562	-1.210730	-28.089691	-0.013520	-2.055927	-27.677172	1.097903	-1.217548	-28.107975	-0.040269	-2.032617	-27.629345	1.082131	-1.239532	-28.130041	-0.061578	-2.081144	-28.143644	0.980273	-1.123697	-28.218864	1.045327	-1.184027	-27.895331	0.995785	-1.311334	-27.882782	1.034770	-1.340809	-28.197113	0.480307	-1.138213	-27.865501	0.478873	-1.323066	-28.184786	-0.082056	-1.128809	-28.177811	-0.079162	-1.146674	-27.904814	-0.085063	-1.269741	-27.911592	-0.038555	-1.337457
1632	22.660208	00:00:22:48	-27.979802	1.703935	-1.231820	-27.949664	1.636956	-1.175244	-28.046123	1.610145	-1.101405	-28.026610	1.594886	-1.199442	-28.047032	1.539559	-1.221910	-28.208940	1.574212	-1.163477	-27.886491	1.569504	-1.316569	-27.938414	1.341751	-1.174003	-27.977994	0.759746	-1.704184	-27.677388	1.101409	-1.182308	-28.081244	-0.020754	-2.079391	-27.675903	1.073898	-1.239213	-28.058077	-0.048746	-2.069675	-27.641962	1.084237	-1.214014	-28.067846	-0.044869	-2.072797	-28.176391	0.979500	-1.127753	-28.221974	0.993259	-1.174580	-27.886227	0.971076	-1.320926	-27.909388	1.008965	-1.320698	-28.203724	0.442400	-1.117861	-27.882115	0.481162	-1.329146	-28.227500	-0.086096	-1.091641	-28.203753	-0.029348	-1.165902	-27.854776	-0.055261	-1.270814	-27.914250	-0.074859	-1.341381
1633	22.674101	00:00:22:49	-28.031096	1.718700	-1.236258	-27.925975	1.600870	-1.201501	-28.031956	1.621855	-1.127231	-28.036178	1.591012	-1.221866	-28.016614	1.564032	-1.212836	-28.174662	1.577691	-1.173671	-27.874919	1.593439	-1.330097	-27.924425	1.365869	-1.153278	-28.023636	0.780370	-1.689373	-27.665055	1.096056	-1.222932	-28.086772	-0.023084	-2.077204	-27.655308	1.109468	-1.204739	-28.074338	-0.070347	-2.061495	-27.670789	1.095283	-1.186768	-28.101914	-0.033381	-2.061778	-28.151717	0.954791	-1.131717	-28.221195	1.047220	-1.134314	-27.843285	0.974936	-1.315845	-27.899735	1.008180	-1.346918	-28.167556	0.472366	-1.135746	-27.905590	0.482207	-1.323605	-28.209477	-0.052520	-1.127904	-28.183751	-0.054156	-1.134866	-27.911401	-0.089587	-1.272831	-27.887139	-0.051800	-1.340814
1634	22.687995	00:00:22:50	-28.011389	1.716869	-1.202867	-27.935902	1.586943	-1.167438	-28.064534	1.611117	-1.110394	-28.042852	1.604327	-1.251994	-28.066822	1.553001	-1.237123	-28.165824	1.592097	-1.192034	-27.910177	1.588364	-1.315160	-27.909520	1.339238	-1.195417	-28.021750	0.780227	-1.689028	-27.629545	1.103903	-1.201831	-28.109484	-0.047196	-2.057419	-27.648447	1.054918	-1.207663	-28.124180	-0.049412	-2.071253	-27.679933	1.059718	-1.213039	-28.098446	-0.061058	-2.057736	-28.194567	1.009746	-1.134663	-28.221240	1.033308	-1.175451	-27.871799	0.997184	-1.337585	-27.880279	1.007837	-1.380153	-28.193367	0.459480	-1.112078	-27.884124	0.472658	-1.335790	-28.161954	-0.090079	-1.132651	-28.188317	-0.047950	-1.104419	-27.878298	-0.068229	-1.298376	-27.893600	-0.064877	-1.330156
1635	22.701888	00:00:22:51	-28.058674	1.700600	-1.208578	-27.923429	1.621966	-1.189208	-28.011312	1.586557	-1.137899	-28.058825	1.608225	-1.264712	-28.038610	1.555233	-1.232311	-28.192193	1.582606	-1.205846	-27.927378	1.609157	-1.342784	-27.937201	1.305034	-1.209312	-28.001935	0.762329	-1.687597	-27.666270	1.074755	-1.214069	-28.083147	-0.031740	-2.062553	-27.654135	1.085761	-1.206831	-28.066923	-0.070903	-2.038951	-27.669577	1.074084	-1.161353	-28.059563	-0.038196	-2.051854	-28.209561	0.988207	-1.130483	-28.204070	1.010170	-1.170999	-27.907620	0.977885	-1.312068	-27.903894	1.035907	-1.330148	-28.193543	0.502757	-1.174919	-27.899348	0.451471	-1.329561	-28.188396	-0.091266	-1.115839	-28.227588	-0.045449	-1.145749	-27.886177	-0.072119	-1.263387	-27.900566	-0.039136	-1.332171
1636	22.715782	00:00:22:52	-28.069574	1.678228	-1.241505	-27.934415	1.606127	-1.166091	-28.061221	1.622852	-1.107641	-28.024100	1.586383	-1.272568	-28.042398	1.545383	-1.210053	-28.218318	1.617706	-1.142361	-27.908302	1.607391	-1.355516	-27.919984	1.336789	-1.212560	-27.999152	0.772850	-1.707389	-27.680086	1.115887	-1.197666	-28.098884	-0.017830	-2.051918	-27.680169	1.050349	-1.214708	-28.118469	-0.056703	-2.059940	-27.670356	1.092001	-1.205477	-28.108314	-0.063421	-2.061165	-28.176508	0.979875	-1.116656	-28.224749	1.035072	-1.135489	-27.862370	0.947347	-1.331093	-27.909887	1.033103	-1.345544	-28.224213	0.459243	-1.147257	-27.889482	0.443545	-1.328212	-28.172760	-0.082579	-1.125062	-28.212393	-0.045076	-1.126160	-27.867105	-0.102709	-1.275427	-27.887803	-0.046478	-1.331507
1637	22.729675	00:00:22:53	-28.002149	1.703612	-1.201199	-27.921051	1.616313	-1.174569	-28.044801	1.618226	-1.119688	-28.047483	1.589558	-1.238694	-28.008819	1.562036	-1.204358	-28.204415	1.578955	-1.186595	-27.944018	1.605991	-1.337605	-27.948434	1.327971	-1.194720	-28.041163	0.794921	-1.719363	-27.654603	1.110500	-1.220476	-28.094867	-0.027191	-2.074278	-27.650447	1.080919	-1.210418	-28.097608	-0.057602	-2.054990	-27.645827	1.087483	-1.206663	-28.084658	-0.058052	-2.080522	-28.149835	0.965504	-1.127189	-28.210731	1.028452	-1.170392	-27.858158	0.967800	-1.300088	-27.874190	1.035002	-1.343360	-28.218722	0.494107	-1.165231	-27.860525	0.449209	-1.316502	-28.218304	-0.068778	-1.121983	-28.205149	-0.041651	-1.148859	-27.894419	-0.116222	-1.316474	-27.896462	-0.020166	-1.335230
1638	22.743568	00:00:22:54	-28.002420	1.714368	-1.215299	-27.917080	1.609920	-1.164651	-28.037617	1.624951	-1.128784	-28.024325	1.565498	-1.244277	-28.005577	1.546863	-1.240549	-28.150750	1.598626	-1.185477	-27.928637	1.602837	-1.339293	-27.921472	1.350704	-1.196438	-28.007264	0.753347	-1.695483	-27.676323	1.107227	-1.198275	-28.111595	-0.034221	-2.053714	-27.662710	1.079623	-1.210898	-28.115403	-0.041744	-2.067533	-27.680143	1.067222	-1.193358	-28.108237	-0.056955	-2.072675	-28.175883	0.977521	-1.131593	-28.208468	1.017382	-1.162781	-27.882111	0.955212	-1.292918	-27.897179	1.006315	-1.340255	-28.191626	0.471301	-1.137860	-27.898692	0.477555	-1.318068	-28.183651	-0.061302	-1.095157	-28.182875	-0.042585	-1.136805	-27.858634	-0.067844	-1.310030	-27.877127	-0.024122	-1.307004
1639	22.757462	00:00:22:55	-28.029055	1.709912	-1.196058	-27.925219	1.648096	-1.145312	-28.017455	1.606460	-1.101354	-28.051278	1.594637	-1.287337	-28.024519	1.565545	-1.239015	-28.200680	1.563081	-1.163448	-27.911057	1.593575	-1.325707	-27.904794	1.335975	-1.216108	-27.969758	0.740973	-1.710565	-27.686118	1.092364	-1.176406	-28.088272	-0.062699	-2.054120	-27.668978	1.057370	-1.201513	-28.105666	-0.038594	-2.049660	-27.683772	1.079276	-1.219578	-28.121051	-0.048368	-2.088373	-28.180865	0.976724	-1.118543	-28.200219	1.025362	-1.166488	-27.892560	0.969897	-1.300261	-27.886840	0.985039	-1.330599	-28.229062	0.446156	-1.120113	-27.888466	0.430945	-1.326273	-28.168834	-0.080932	-1.124426	-28.188860	-0.045716	-1.156835	-27.889094	-0.094234	-1.296724	-27.907945	-0.017932	-1.331757
1640	22.771355	00:00:22:56	-28.018850	1.708540	-1.187246	-27.941756	1.628665	-1.199356	-28.040188	1.606528	-1.114400	-28.062353	1.583701	-1.255582	-28.012102	1.551488	-1.231507	-28.185965	1.593818	-1.162810	-27.903595	1.620495	-1.314276	-27.911586	1.344941	-1.174577	-27.983303	0.762565	-1.682455	-27.692139	1.111376	-1.186577	-28.100579	-0.074666	-2.061186	-27.717540	1.081088	-1.202525	-28.088342	-0.062779	-2.038119	-27.683234	1.091160	-1.207260	-28.110891	-0.059094	-2.079639	-28.146158	0.997268	-1.134002	-28.170224	1.025747	-1.150280	-27.872989	0.959465	-1.333328	-27.930907	1.036772	-1.370411	-28.165045	0.459136	-1.149895	-27.883625	0.472042	-1.312084	-28.208167	-0.081081	-1.106339	-28.203256	-0.026547	-1.141767	-27.871604	-0.097528	-1.317647	-27.905852	-0.029655	-1.355419
1641	22.785249	00:00:22:57	-28.027459	1.696851	-1.209538	-27.923487	1.620131	-1.161684	-28.003389	1.616490	-1.118126	-28.063262	1.581025	-1.280645	-28.018316	1.552133	-1.250234	-28.190628	1.607896	-1.167945	-27.906036	1.573546	-1.339140	-27.907124	1.323716	-1.174585	-28.004513	0.791271	-1.699236	-27.701267	1.125747	-1.201831	-28.088665	-0.028574	-2.062087	-27.673992	1.065872	-1.212600	-28.126316	-0.056761	-2.063487	-27.664728	1.124381	-1.248502	-28.121780	-0.057852	-2.076141	-28.182035	0.967246	-1.144128	-28.231013	1.038064	-1.140827	-27.865461	0.998903	-1.299283	-27.894751	1.013219	-1.327144	-28.229403	0.480283	-1.142892	-27.896445	0.457795	-1.329036	-28.203167	-0.066286	-1.129780	-28.218306	-0.050536	-1.144936	-27.854431	-0.083414	-1.289157	-27.889748	-0.031923	-1.364268
1642	22.799142	00:00:22:58	-28.057823	1.710638	-1.237448	-27.929556	1.621728	-1.197534	-28.038105	1.624512	-1.095005	-28.052927	1.566546	-1.239324	-28.029205	1.558325	-1.238647	-28.179392	1.562591	-1.190224	-27.922993	1.611704	-1.331596	-27.933288	1.338284	-1.159339	-27.987866	0.739335	-1.721295	-27.694662	1.091097	-1.221183	-28.091662	-0.042434	-2.029451	-27.682507	1.056883	-1.223536	-28.146452	0.000245	-2.062408	-27.669080	1.095364	-1.221589	-28.089241	-0.033916	-2.037720	-28.141564	0.982282	-1.118196	-28.213956	1.032661	-1.166888	-27.893553	1.006049	-1.352423	-27.906163	1.026744	-1.352317	-28.216180	0.444741	-1.120709	-27.875040	0.477191	-1.307606	-28.183048	-0.108480	-1.126131	-28.224806	-0.032766	-1.131183	-27.876019	-0.062488	-1.261612	-27.876148	-0.054960	-1.329152
1643	22.813036	00:00:22:59	-28.024182	1.739154	-1.211182	-27.927152	1.619983	-1.186309	-28.015129	1.600154	-1.105788	-28.049330	1.608911	-1.218722	-28.018538	1.556803	-1.209428	-28.164516	1.619342	-1.194006	-27.919899	1.603198	-1.328026	-27.927099	1.374776	-1.189305	-28.007251	0.779967	-1.708167	-27.674386	1.121213	-1.206869	-28.114796	-0.040935	-2.028499	-27.676180	1.093002	-1.180892	-28.086198	-0.031305	-2.080641	-27.678573	1.064735	-1.214557	-28.066058	-0.042845	-2.055590	-28.156420	0.962968	-1.109482	-28.235727	1.045929	-1.164718	-27.874404	0.986139	-1.326004	-27.885688	1.026159	-1.332941	-28.196405	0.482489	-1.125924	-27.890257	0.486849	-1.327198	-28.174525	-0.069883	-1.115267	-28.215303	-0.028911	-1.130353	-27.898827	-0.091092	-1.301001	-27.892177	-0.055462	-1.322703
1644	22.826929	00:00:22:60	-28.011417	1.713217	-1.228542	-27.929425	1.644802	-1.166878	-28.020527	1.631333	-1.067807	-28.031148	1.592110	-1.239323	-28.034530	1.537035	-1.246993	-28.186528	1.580815	-1.146836	-27.900321	1.607935	-1.333147	-27.904385	1.385683	-1.214879	-27.984531	0.766712	-1.692440	-27.633753	1.072400	-1.192913	-28.052942	-0.016012	-2.058953	-27.667716	1.094246	-1.201768	-28.077953	-0.034839	-2.082336	-27.662181	1.047421	-1.216348	-28.101404	-0.033979	-2.041728	-28.161178	0.958262	-1.110980	-28.228354	1.011950	-1.157163	-27.868820	1.000784	-1.315555	-27.894581	1.021151	-1.325836	-28.186146	0.500141	-1.125765	-27.852275	0.464119	-1.337066	-28.182565	-0.119664	-1.133412	-28.196895	-0.074565	-1.157978	-27.869717	-0.051077	-1.312397	-27.903345	-0.053734	-1.334423
1645	22.840823	00:00:22:61	-28.024799	1.662763	-1.244846	-27.934894	1.632246	-1.186865	-28.040076	1.629359	-1.103599	-28.016868	1.582868	-1.252840	-28.022586	1.566864	-1.199081	-28.183449	1.586315	-1.187187	-27.932275	1.606574	-1.350200	-27.928974	1.321820	-1.190059	-28.000351	0.745069	-1.709074	-27.674045	1.100388	-1.219664	-28.107307	-0.030455	-2.057404	-27.666048	1.096239	-1.208885	-28.084868	-0.024443	-2.045949	-27.654404	1.106756	-1.225957	-28.087135	-0.047800	-2.042693	-28.165116	0.974873	-1.133318	-28.209619	1.007830	-1.137357	-27.881399	1.004282	-1.288815	-27.882871	1.016940	-1.326838	-28.200022	0.474292	-1.142395	-27.869133	0.478998	-1.345449	-28.194677	-0.048297	-1.125917	-28.200269	-0.030319	-1.156159	-27.853005	-0.104164	-1.313152	-27.910025	-0.034302	-1.346916
1646	22.854716	00:00:22:62	-28.012861	1.707995	-1.240774	-27.915546	1.642963	-1.182857	-28.001652	1.603443	-1.109152	-28.048180	1.581173	-1.247208	-28.027848	1.568490	-1.229336	-28.166434	1.599497	-1.193580	-27.884217	1.604694	-1.332236	-27.928054	1.311046	-1.190355	-28.013439	0.790218	-1.695277	-27.691456	1.118231	-1.226681	-28.098768	-0.063176	-2.074875	-27.671659	1.092249	-1.236621	-28.090104	-0.013436	-2.041474	-27.652895	1.102668	-1.189351	-28.087298	-0.068691	-2.058271	-28.184408	0.969209	-1.148128	-28.209554	1.027335	-1.169299	-27.861037	0.954911	-1.355142	-27.896235	1.027940	-1.373901	-28.208624	0.454517	-1.129420	-27.908077	0.471407	-1.357684	-28.200463	-0.097456	-1.096456	-28.215740	-0.048998	-1.158925	-27.876335	-0.072031	-1.297908	-27.899078	-0.044889	-1.333783
1647	22.868609	00:00:22:63	-28.023971	1.711830	-1.226498	-27.931737	1.590745	-1.199105	-28.047009	1.615190	-1.116897	-28.080433	1.616944	-1.235283	-28.032506	1.550164	-1.200379	-28.177360	1.612938	-1.167965	-27.913971	1.584744	-1.332446	-27.946265	1.356953	-1.207495	-28.046216	0.788535	-1.729560	-27.706385	1.096449	-1.226145	-28.077116	-0.041601	-2.061133	-27.655046	1.099355	-1.208218	-28.099299	-0.023470	-2.076595	-27.651455	1.073030	-1.203469	-28.114925	-0.033181	-2.060883	-28.162505	0.975190	-1.145110	-28.208744	1.048826	-1.202062	-27.875860	1.002517	-1.331682	-27.882089	1.013155	-1.339863	-28.208143	0.477168	-1.141456	-27.894714	0.453442	-1.345591	-28.154919	-0.071102	-1.119841	-28.190635	-0.008809	-1.157465	-27.874467	-0.070214	-1.257587	-27.903500	-0.028471	-1.339560
1648	22.882503	00:00:22:64	-28.009642	1.712888	-1.208013	-27.918840	1.608904	-1.184546	-28.016769	1.622748	-1.105885	-28.055581	1.593541	-1.286112	-28.068184	1.548966	-1.211131	-28.198315	1.597494	-1.178229	-27.931017	1.630898	-1.350881	-27.941535	1.327795	-1.198018	-28.012096	0.764073	-1.686008	-27.672941	1.077185	-1.203149	-28.096026	-0.016713	-2.077635	-27.646047	1.078050	-1.170344	-28.080132	-0.045953	-2.106049	-27.667882	1.070632	-1.225529	-28.089400	-0.041968	-2.082203	-28.179861	0.995793	-1.114264	-28.186996	1.033729	-1.197270	-27.871972	0.972818	-1.301855	-27.902038	1.004619	-1.359003	-28.194545	0.471045	-1.103349	-27.866924	0.457704	-1.329766	-28.195930	-0.099848	-1.070417	-28.208357	-0.013833	-1.148940	-27.884107	-0.047417	-1.297879	-27.903434	-0.029086	-1.319284
1649	22.896396	00:00:22:65	-28.038328	1.692715	-1.223415	-27.922893	1.615491	-1.161869	-28.006517	1.619834	-1.106661	-28.025339	1.582174	-1.253955	-28.051800	1.563357	-1.255016	-28.191939	1.586156	-1.171391	-27.926695	1.574993	-1.306433	-27.924214	1.345283	-1.195589	-27.998846	0.791326	-1.696751	-27.677151	1.099546	-1.196065	-28.074309	-0.055487	-2.090156	-27.672201	1.090931	-1.219871	-28.121833	-0.063868	-2.057926	-27.692877	1.060521	-1.215503	-28.096717	-0.065022	-2.037644	-28.192053	0.970226	-1.146763	-28.214887	1.021933	-1.162778	-27.865358	0.989086	-1.271837	-27.922468	1.028131	-1.370528	-28.190547	0.478485	-1.182702	-27.917062	0.482663	-1.327473	-28.173796	-0.101140	-1.115048	-28.176579	-0.027772	-1.156790	-27.879272	-0.044943	-1.302916	-27.876376	-0.020649	-1.325245
1650	22.910290	00:00:22:66	-28.050397	1.703653	-1.204050	-27.979456	1.619133	-1.160165	-28.042372	1.584378	-1.110690	-28.037008	1.587322	-1.252927	-28.039572	1.557405	-1.195709	-28.197935	1.614928	-1.188316	-27.934264	1.599301	-1.342274	-27.936164	1.366706	-1.198288	-28.020657	0.760521	-1.695148	-27.665743	1.088202	-1.199771	-28.088702	-0.042142	-2.068447	-27.664927	1.091785	-1.182526	-28.087376	-0.043935	-2.049879	-27.668620	1.076600	-1.176826	-28.103040	-0.031212	-2.028561	-28.205442	1.016354	-1.114805	-28.207522	1.041216	-1.186787	-27.854485	0.978202	-1.331536	-27.916739	1.024244	-1.363326	-28.186792	0.480846	-1.173555	-27.896306	0.430406	-1.284841	-28.185650	-0.083192	-1.064032	-28.197818	-0.047486	-1.146709	-27.866291	-0.143189	-1.286840	-27.922147	-0.035038	-1.300979
1651	22.924183	00:00:22:67	-28.033157	1.698178	-1.214256	-27.921565	1.598693	-1.150156	-27.996948	1.633611	-1.119175	-27.989563	1.584147	-1.291552	-28.038165	1.542586	-1.221467	-28.192335	1.590833	-1.201217	-27.913051	1.616079	-1.351312	-27.933900	1.325558	-1.201346	-27.985285	0.777143	-1.683056	-27.678316	1.092962	-1.225546	-28.065348	-0.046787	-2.050196	-27.672349	1.078122	-1.192160	-28.115868	-0.026516	-2.049939	-27.668622	1.101487	-1.216229	-28.079862	-0.022883	-2.070937	-28.190197	0.973447	-1.118265	-28.235817	0.998589	-1.163927	-27.874076	0.994814	-1.330999	-27.905271	1.024440	-1.372573	-28.179189	0.473701	-1.157061	-27.889125	0.477960	-1.341681	-28.191305	-0.076380	-1.106591	-28.209079	-0.037030	-1.134819	-27.873750	-0.096326	-1.272683	-27.902522	-0.063343	-1.320253
1652	22.938077	00:00:22:68	-28.028225	1.711430	-1.234817	-27.941920	1.575283	-1.151094	-28.021198	1.597867	-1.103036	-28.017708	1.617294	-1.248254	-28.019681	1.534516	-1.236609	-28.157757	1.610137	-1.166234	-27.937587	1.569541	-1.334805	-27.931438	1.341604	-1.209911	-28.005944	0.763076	-1.674979	-27.664178	1.086075	-1.209985	-28.061600	-0.034891	-2.038919	-27.656224	1.088189	-1.221515	-28.077911	-0.062343	-2.040672	-27.663580	1.080558	-1.237529	-28.084002	-0.053451	-2.077868	-28.192478	0.992865	-1.135171	-28.230621	1.016414	-1.150215	-27.893546	0.995800	-1.311058	-27.893714	0.968404	-1.326650	-28.191925	0.508494	-1.119445	-27.896812	0.502103	-1.312580	-28.190469	-0.090334	-1.093821	-28.181001	-0.054736	-1.144098	-27.861028	-0.066039	-1.284781	-27.897013	-0.023133	-1.319757
1653	22.951970	00:00:22:69	-28.016782	1.707544	-1.203994	-27.928883	1.619521	-1.173535	-28.057805	1.601858	-1.098233	-28.060322	1.591292	-1.233132	-28.013004	1.575264	-1.217237	-28.179917	1.584134	-1.159160	-27.921319	1.579732	-1.285979	-27.928272	1.325642	-1.173402	-28.013485	0.743780	-1.695050	-27.687305	1.109049	-1.203758	-28.097009	-0.033380	-2.078743	-27.656624	1.091680	-1.231698	-28.086485	-0.059012	-2.050604	-27.636226	1.064022	-1.211974	-28.112377	-0.050215	-2.051860	-28.189956	0.969468	-1.148889	-28.221583	1.012380	-1.150400	-27.882680	0.953638	-1.305952	-27.915692	1.023719	-1.342726	-28.186238	0.472358	-1.147209	-27.904061	0.460386	-1.320557	-28.168061	-0.084997	-1.098072	-28.240843	-0.030468	-1.155656	-27.875519	-0.051461	-1.302781	-27.885291	-0.052597	-1.338725
1654	22.965864	00:00:22:70	-28.003853	1.691423	-1.253953	-27.910363	1.640673	-1.174414	-28.031536	1.634511	-1.103672	-28.040086	1.573553	-1.268447	-28.055874	1.541143	-1.235349	-28.166531	1.573054	-1.166429	-27.913057	1.616360	-1.305030	-27.903880	1.352873	-1.216010	-28.004103	0.788479	-1.694571	-27.653722	1.088920	-1.172853	-28.074073	-0.063742	-2.063825	-27.662376	1.089220	-1.183440	-28.081198	-0.022688	-2.057543	-27.670280	1.069851	-1.222405	-28.086304	-0.038999	-2.071135	-28.180552	0.956940	-1.136890	-28.203795	1.019791	-1.149139	-27.890212	1.005797	-1.312846	-27.915269	1.018563	-1.364889	-28.204951	0.488940	-1.160745	-27.894814	0.480243	-1.305066	-28.176962	-0.042483	-1.132786	-28.224465	-0.003709	-1.136585	-27.880469	-0.059066	-1.327418	-27.863802	-0.011936	-1.350590
1655	22.979757	00:00:22:71	-28.024056	1.711025	-1.218667	-27.949443	1.625906	-1.163251	-28.037059	1.637502	-1.105314	-28.042070	1.611752	-1.274508	-28.019372	1.576118	-1.224082	-28.168667	1.625354	-1.164295	-27.915604	1.583317	-1.336229	-27.879972	1.338600	-1.200390	-28.019189	0.762765	-1.702318	-27.680691	1.056496	-1.205846	-28.114432	-0.024961	-2.084206	-27.669115	1.106676	-1.210641	-28.076673	-0.040036	-2.066404	-27.668201	1.074885	-1.210087	-28.065672	-0.048881	-2.046094	-28.149180	0.963422	-1.098426	-28.212540	1.047622	-1.151550	-27.880469	0.987355	-1.349132	-27.910465	1.004247	-1.361204	-28.185520	0.460036	-1.124826	-27.885212	0.461525	-1.335033	-28.174437	-0.063251	-1.112052	-28.202365	-0.021441	-1.134357	-27.881517	-0.073317	-1.313462	-27.876269	-0.035450	-1.297231
1656	22.993650	00:00:22:00	-27.992931	1.719149	-1.228388	-27.925378	1.611810	-1.174436	-28.028507	1.621000	-1.087862	-28.054168	1.592907	-1.237138	-28.035126	1.590403	-1.222815	-28.154144	1.586688	-1.163964	-27.912879	1.608944	-1.327228	-27.928599	1.380271	-1.175421	-27.966163	0.761404	-1.699263	-27.666258	1.094794	-1.236915	-28.109068	-0.031795	-2.048343	-27.627299	1.079373	-1.193120	-28.074198	-0.035327	-2.093025	-27.636205	1.104975	-1.225004	-28.084519	-0.052775	-2.058833	-28.191906	0.958844	-1.139374	-28.199175	1.009614	-1.162424	-27.881513	0.964120	-1.313012	-27.913994	1.003235	-1.376858	-28.176925	0.462160	-1.129040	-27.916536	0.461910	-1.323332	-28.206422	-0.080632	-1.109442	-28.203322	-0.023330	-1.169448	-27.861370	-0.086964	-1.253596	-27.901237	-0.002719	-1.334258
1657	23.007544	00:00:23:01	-28.025501	1.722947	-1.199605	-27.924671	1.627180	-1.156887	-28.050808	1.608538	-1.108956	-28.045363	1.605885	-1.252751	-28.047221	1.562728	-1.245799	-28.168904	1.620506	-1.170579	-27.898424	1.584744	-1.345854	-27.926902	1.342016	-1.198175	-27.982515	0.794271	-1.703379	-27.679917	1.075941	-1.195385	-28.077533	-0.065390	-2.060384	-27.682902	1.078114	-1.236177	-28.082163	-0.062526	-2.071758	-27.677153	1.097122	-1.223127	-28.130190	-0.064475	-2.080577	-28.193896	0.956956	-1.110852	-28.203062	1.030699	-1.134766	-27.858340	0.985930	-1.305551	-27.910416	1.054677	-1.357764	-28.174051	0.488539	-1.157401	-27.880725	0.466329	-1.363532	-28.166106	-0.070278	-1.150968	-28.217572	-0.030991	-1.144890	-27.874187	-0.080364	-1.277463	-27.912774	-0.059474	-1.354711
1658	23.021437	00:00:23:02	-27.997374	1.731737	-1.199328	-27.927668	1.634942	-1.168214	-28.042738	1.608180	-1.101112	-28.038811	1.582496	-1.244629	-28.049749	1.564569	-1.227067	-28.153673	1.592181	-1.176107	-27.910037	1.586627	-1.353527	-27.908129	1.297233	-1.202358	-27.989111	0.754118	-1.711875	-27.669576	1.104100	-1.217668	-28.092501	-0.025873	-2.030045	-27.686028	1.091717	-1.212795	-28.095404	-0.043321	-2.087333	-27.635741	1.079939	-1.228399	-28.087462	-0.069670	-2.089067	-28.203911	0.966906	-1.146867	-28.202454	1.039348	-1.170941	-27.877256	0.970166	-1.306987	-27.896461	1.019596	-1.343530	-28.174700	0.448638	-1.137816	-27.890931	0.465913	-1.372364	-28.202515	-0.075674	-1.119766	-28.207813	-0.014374	-1.162275	-27.903297	-0.089722	-1.320071	-27.904450	-0.032277	-1.322590
1659	23.035331	00:00:23:03	-28.040959	1.698527	-1.226400	-27.906861	1.596847	-1.164257	-28.037578	1.628871	-1.089383	-28.052010	1.606650	-1.251689	-28.031289	1.567858	-1.212902	-28.168700	1.600274	-1.176608	-27.924023	1.592648	-1.344315	-27.946211	1.339503	-1.187235	-28.001129	0.752863	-1.681385	-27.690446	1.094314	-1.212226	-28.082404	-0.037279	-2.038413	-27.657663	1.072128	-1.202994	-28.085723	-0.036418	-2.058817	-27.683396	1.089617	-1.221977	-28.095337	-0.065910	-2.069151	-28.204934	0.963766	-1.158592	-28.197935	1.026616	-1.160351	-27.886145	0.979643	-1.294768	-27.904132	1.028771	-1.331969	-28.208553	0.446150	-1.147670	-27.908388	0.481751	-1.292570	-28.187154	-0.055139	-1.099042	-28.224503	-0.038094	-1.157327	-27.889211	-0.068112	-1.305635	-27.904967	-0.033547	-1.340294
1660	23.049224	00:00:23:04	-28.007074	1.667006	-1.260928	-27.941521	1.602023	-1.178202	-28.057786	1.632648	-1.124666	-28.051760	1.603877	-1.262099	-28.028715	1.579059	-1.246643	-28.190121	1.589642	-1.177985	-27.930827	1.602924	-1.312705	-27.896883	1.314569	-1.167003	-27.997123	0.761588	-1.696318	-27.653259	1.077463	-1.227834	-28.058203	-0.025596	-2.044695	-27.685054	1.075613	-1.210065	-28.078213	-0.031388	-2.039199	-27.650930	1.091183	-1.221547	-28.094340	-0.016033	-2.043586	-28.161779	0.979106	-1.126784	-28.180036	0.997586	-1.204797	-27.886561	0.985924	-1.318612	-27.881911	1.008140	-1.374543	-28.198533	0.475916	-1.140746	-27.923271	0.423989	-1.308932	-28.141884	-0.054769	-1.121642	-28.194222	-0.045622	-1.183491	-27.873738	-0.088152	-1.314860	-27.925238	-0.062735	-1.315378
1661	23.063118	00:00:23:05	-28.038461	1.732366	-1.227723	-27.977577	1.613336	-1.157134	-28.026495	1.610924	-1.084266	-28.081540	1.586580	-1.248031	-28.013070	1.543385	-1.200327	-28.174343	1.592682	-1.162259	-27.916807	1.603554	-1.324617	-27.934026	1.347539	-1.180950	-27.994452	0.810373	-1.674548	-27.662403	1.082682	-1.217047	-28.096868	-0.048289	-2.069151	-27.666786	1.078307	-1.234086	-28.114823	-0.073690	-2.049300	-27.671943	1.105847	-1.204906	-28.103354	-0.024557	-2.080299	-28.192257	0.956449	-1.128914	-28.190592	1.048686	-1.146901	-27.881756	0.993236	-1.329919	-27.873676	1.036752	-1.352658	-28.200319	0.471034	-1.138798	-27.863395	0.476684	-1.324735	-28.192740	-0.101108	-1.095363	-28.191494	-0.026092	-1.173402	-27.879432	-0.066895	-1.262068	-27.901946	0.009565	-1.330094
1662	23.077011	00:00:23:06	-28.046125	1.721955	-1.203644	-27.960200	1.655853	-1.183307	-28.023441	1.629854	-1.116035	-28.032582	1.585762	-1.224697	-28.055606	1.574566	-1.229984	-28.179416	1.547940	-1.171704	-27.934327	1.596189	-1.345353	-27.908622	1.341348	-1.193806	-28.043966	0.741932	-1.729729	-27.663918	1.072336	-1.197480	-28.110873	-0.039101	-2.079288	-27.685084	1.074580	-1.200142	-28.099617	-0.016405	-2.056227	-27.674739	1.090935	-1.230110	-28.097233	-0.061776	-2.092128	-28.206985	0.977345	-1.120253	-28.203359	1.038075	-1.158985	-27.901359	0.964322	-1.308590	-27.878143	1.022586	-1.353188	-28.199767	0.449327	-1.137151	-27.886556	0.485274	-1.340815	-28.198968	-0.078077	-1.100147	-28.213410	-0.064008	-1.156731	-27.864886	-0.072136	-1.262965	-27.869145	-0.027204	-1.322562
1663	23.090905	00:00:23:07	-28.022351	1.719622	-1.247980	-27.935931	1.627479	-1.171663	-28.031414	1.613358	-1.125716	-28.060218	1.589635	-1.271495	-28.042949	1.562466	-1.235466	-28.181649	1.599177	-1.177545	-27.924506	1.615245	-1.317429	-27.941224	1.347976	-1.199532	-28.028164	0.768180	-1.675420	-27.634671	1.071833	-1.218511	-28.089938	-0.043872	-2.035737	-27.664515	1.108658	-1.229474	-28.077903	-0.031348	-2.081468	-27.687808	1.088422	-1.212874	-28.102741	-0.054143	-2.083516	-28.191404	0.987760	-1.139608	-28.191167	1.032364	-1.172197	-27.884861	0.993623	-1.317920	-27.931156	1.026511	-1.358368	-28.180308	0.453856	-1.161954	-27.904622	0.464628	-1.305389	-28.163267	-0.085587	-1.121014	-28.194389	-0.063919	-1.128079	-27.867280	-0.074889	-1.298975	-27.908244	-0.011454	-1.314808
1664	23.104798	00:00:23:08	-28.024609	1.664049	-1.195109	-27.930525	1.598885	-1.162620	-28.038247	1.610512	-1.109472	-28.053636	1.569908	-1.273809	-28.038424	1.531812	-1.209611	-28.203767	1.568905	-1.180512	-27.907710	1.630959	-1.341229	-27.919625	1.331850	-1.203918	-27.995790	0.769774	-1.692463	-27.704050	1.112300	-1.232917	-28.096337	-0.052360	-2.076385	-27.663287	1.095112	-1.221552	-28.081901	-0.068034	-2.015558	-27.680600	1.071733	-1.232966	-28.109527	-0.034885	-2.066478	-28.163765	0.960655	-1.133537	-28.207115	1.025420	-1.173902	-27.882099	0.994077	-1.316014	-27.895090	1.019066	-1.328256	-28.201859	0.470556	-1.151548	-27.869360	0.461118	-1.318764	-28.169275	-0.111548	-1.131845	-28.191041	-0.026956	-1.132101	-27.881569	-0.043387	-1.334159	-27.893295	-0.039827	-1.330782
1665	23.118691	00:00:23:09	-28.069871	1.682319	-1.200888	-27.924629	1.618510	-1.162825	-28.010076	1.633333	-1.118372	-28.082844	1.592760	-1.248406	-28.022414	1.563013	-1.239878	-28.146264	1.576988	-1.182606	-27.918239	1.600448	-1.310644	-27.944773	1.323608	-1.175273	-28.017071	0.776419	-1.697966	-27.670359	1.069725	-1.246985	-28.105114	-0.044862	-2.055715	-27.677294	1.103810	-1.217200	-28.111487	-0.036308	-2.067698	-27.681603	1.107314	-1.218727	-28.107649	-0.034135	-2.062948	-28.167907	1.010809	-1.130774	-28.210150	1.007572	-1.155579	-27.870918	0.972445	-1.311101	-27.899595	1.004723	-1.344331	-28.187240	0.487022	-1.149675	-27.892795	0.451082	-1.334387	-28.197048	-0.068206	-1.100058	-28.208350	-0.051451	-1.120463	-27.885449	-0.063085	-1.299645	-27.883885	-0.024542	-1.302943
1666	23.132585	00:00:23:10	-28.055176	1.740413	-1.200312	-27.895030	1.611625	-1.179025	-28.024657	1.649376	-1.094753	-28.102129	1.591479	-1.246159	-28.057518	1.566780	-1.218613	-28.191044	1.616840	-1.151459	-27.931424	1.607970	-1.327927	-27.949238	1.368193	-1.201817	-27.991437	0.772474	-1.722439	-27.687340	1.098073	-1.241613	-28.092759	-0.046463	-2.069140	-27.683926	1.064716	-1.240637	-28.106901	-0.040356	-2.062671	-27.677932	1.103157	-1.223354	-28.071084	-0.030929	-2.071084	-28.211212	0.963280	-1.153913	-28.199829	1.028929	-1.164194	-27.876409	0.987135	-1.332340	-27.902859	1.018493	-1.344894	-28.165282	0.495545	-1.114056	-27.885775	0.469898	-1.341323	-28.209247	-0.076517	-1.106385	-28.210941	-0.014815	-1.142046	-27.875185	-0.055620	-1.282477	-27.886641	-0.034399	-1.312734
1667	23.146478	00:00:23:11	-28.046190	1.713595	-1.191527	-27.922178	1.620952	-1.165779	-28.028825	1.610428	-1.130833	-28.030501	1.609079	-1.288842	-28.047022	1.567201	-1.204226	-28.184174	1.571592	-1.186194	-27.942647	1.582549	-1.342658	-27.934650	1.363443	-1.204851	-27.990787	0.775052	-1.706576	-27.690384	1.084318	-1.216581	-28.084412	-0.047810	-2.066431	-27.675612	1.052500	-1.228024	-28.090005	-0.019320	-2.073789	-27.698753	1.049456	-1.221092	-28.079336	-0.070502	-2.063187	-28.166745	0.979172	-1.124974	-28.209368	0.995399	-1.183176	-27.880453	0.949678	-1.275363	-27.924530	1.015125	-1.315972	-28.180520	0.465471	-1.133217	-27.903664	0.485400	-1.337216	-28.138677	-0.067650	-1.099214	-28.219351	-0.014941	-1.173698	-27.874410	-0.059469	-1.282923	-27.888648	-0.018599	-1.325093
1668	23.160372	00:00:23:12	-28.034955	1.693744	-1.211891	-27.943315	1.615608	-1.176644	-28.014650	1.605927	-1.104451	-28.032037	1.598097	-1.251427	-28.036624	1.595740	-1.236960	-28.162307	1.569731	-1.190696	-27.920378	1.585585	-1.339046	-27.905603	1.356242	-1.205493	-27.965999	0.763293	-1.707038	-27.666572	1.063982	-1.202753	-28.107980	-0.026937	-2.070599	-27.677041	1.031935	-1.218376	-28.084837	-0.076802	-2.072301	-27.653627	1.131272	-1.238776	-28.094472	-0.057385	-2.066624	-28.213393	0.985158	-1.133630	-28.193252	1.006323	-1.178924	-27.871243	0.981564	-1.313792	-27.879459	1.034544	-1.355223	-28.208146	0.461835	-1.131112	-27.880744	0.455155	-1.314308	-28.171501	-0.087073	-1.125912	-28.217019	-0.033419	-1.188185	-27.893528	-0.110465	-1.280123	-27.925602	0.001616	-1.351803
1669	23.174265	00:00:23:13	-28.009887	1.724180	-1.220014	-27.924901	1.627355	-1.149947	-28.047091	1.617914	-1.108414	-28.050240	1.609370	-1.269430	-27.991104	1.573252	-1.228024	-28.141248	1.561733	-1.132704	-27.941197	1.576508	-1.328530	-27.904113	1.322139	-1.207746	-28.033438	0.786424	-1.695368	-27.658631	1.076820	-1.240997	-28.096948	-0.052887	-2.079593	-27.689907	1.074561	-1.211925	-28.068755	-0.036843	-2.073515	-27.681365	1.110903	-1.229788	-28.106852	-0.049048	-2.069337	-28.191242	0.991775	-1.100704	-28.204164	1.024434	-1.187772	-27.869429	0.958220	-1.313853	-27.905078	1.042905	-1.342315	-28.174281	0.450062	-1.149584	-27.870657	0.505188	-1.328545	-28.173366	-0.053442	-1.133703	-28.217279	-0.056325	-1.151577	-27.888359	-0.095867	-1.289714	-27.902301	-0.056226	-1.322728
1670	23.188159	00:00:23:14	-28.012980	1.695703	-1.199751	-27.915642	1.593702	-1.220723	-28.048027	1.598158	-1.099792	-28.072462	1.620199	-1.250130	-28.033445	1.538917	-1.221324	-28.204377	1.557623	-1.187440	-27.914627	1.602696	-1.333293	-27.944445	1.338346	-1.203619	-27.998688	0.775334	-1.698565	-27.694351	1.073089	-1.233090	-28.089388	-0.055218	-2.066525	-27.674545	1.060674	-1.224942	-28.079919	-0.067531	-2.047873	-27.700670	1.087914	-1.213509	-28.091282	-0.036060	-2.099533	-28.191875	0.974921	-1.114124	-28.201493	1.027760	-1.132089	-27.881920	0.947061	-1.288510	-27.902538	0.998745	-1.352800	-28.211558	0.469466	-1.122064	-27.890061	0.485674	-1.325418	-28.189113	-0.070407	-1.128500	-28.206585	-0.042073	-1.175631	-27.879147	-0.094582	-1.276274	-27.897144	0.010000	-1.348095
1671	23.202052	00:00:23:15	-28.048724	1.693274	-1.179714	-27.939982	1.602169	-1.166333	-28.031830	1.628199	-1.116264	-28.034790	1.586875	-1.225210	-28.051220	1.558820	-1.232670	-28.138522	1.593478	-1.172250	-27.894545	1.590320	-1.308926	-27.899982	1.342308	-1.213312	-28.011314	0.761069	-1.681906	-27.675186	1.064451	-1.235917	-28.103711	-0.053750	-2.084560	-27.655641	1.054604	-1.234700	-28.096265	-0.039194	-2.024339	-27.697874	1.069611	-1.223618	-28.084125	-0.049274	-2.040165	-28.177716	0.978457	-1.145667	-28.228054	1.040402	-1.150289	-27.874465	1.018035	-1.328736	-27.913502	1.031977	-1.346428	-28.167408	0.493952	-1.158379	-27.908213	0.471075	-1.347202	-28.162084	-0.067495	-1.131056	-28.232738	-0.013679	-1.162537	-27.901395	-0.074323	-1.286253	-27.891871	-0.049749	-1.310257
1672	23.215946	00:00:23:16	-28.014719	1.699133	-1.195099	-27.900302	1.618198	-1.167989	-28.028618	1.617908	-1.109120	-28.051875	1.582791	-1.221761	-28.044229	1.515762	-1.232026	-28.188065	1.630705	-1.167497	-27.888690	1.604971	-1.324735	-27.931514	1.342436	-1.189787	-27.995987	0.786368	-1.707535	-27.680689	1.082448	-1.236221	-28.119326	-0.026345	-2.068255	-27.673436	1.062075	-1.250286	-28.121271	-0.074335	-2.063254	-27.687321	1.076693	-1.254507	-28.065631	-0.033043	-2.074321	-28.190250	1.007427	-1.129898	-28.168176	1.001937	-1.154904	-27.860276	0.986403	-1.311132	-27.904570	1.020197	-1.351505	-28.198928	0.475282	-1.154648	-27.917410	0.469282	-1.335208	-28.176997	-0.102987	-1.138887	-28.208223	-0.036906	-1.178975	-27.905157	-0.085240	-1.298368	-27.875053	-0.030576	-1.344545
1673	23.229839	00:00:23:17	-28.031422	1.730499	-1.241089	-27.917257	1.626782	-1.182301	-28.030261	1.606843	-1.097359	-28.067749	1.581175	-1.243194	-28.014897	1.565073	-1.204216	-28.170398	1.592338	-1.212614	-27.917961	1.624860	-1.330455	-27.931544	1.338136	-1.193661	-28.001416	0.774495	-1.702615	-27.688988	1.100877	-1.234879	-28.093870	-0.034794	-2.070688	-27.669799	1.075791	-1.221053	-28.095384	-0.008254	-2.052953	-27.684237	1.098738	-1.209138	-28.101842	-0.033930	-2.076934	-28.176360	0.962949	-1.124985	-28.217665	0.991625	-1.158399	-27.864497	0.932248	-1.329392	-27.889895	1.035435	-1.351575	-28.205359	0.483737	-1.117793	-27.915020	0.471176	-1.337187	-28.169392	-0.070744	-1.151799	-28.193379	-0.056939	-1.146364	-27.904538	-0.077518	-1.294400	-27.917903	-0.059918	-1.350961
1674	23.243732	00:00:23:18	-28.038842	1.689397	-1.194812	-27.908016	1.616857	-1.176421	-28.040917	1.601013	-1.107379	-28.072946	1.593411	-1.277390	-28.039616	1.560130	-1.241186	-28.170594	1.615531	-1.194114	-27.934878	1.602473	-1.323075	-27.888488	1.350731	-1.188866	-28.004363	0.781825	-1.711327	-27.706936	1.079485	-1.225915	-28.098412	-0.019279	-2.057499	-27.681295	1.064817	-1.231113	-28.100542	-0.021837	-2.063912	-27.668346	1.092305	-1.231356	-28.089561	-0.022631	-2.050678	-28.204927	0.981226	-1.134751	-28.176779	1.018204	-1.177249	-27.884348	0.963276	-1.305096	-27.911619	1.052409	-1.390465	-28.216286	0.438934	-1.176635	-27.870951	0.465363	-1.342542	-28.183804	-0.090280	-1.120077	-28.216894	-0.044554	-1.134714	-27.858301	-0.072227	-1.322646	-27.941451	-0.007749	-1.354009
1675	23.257626	00:00:23:19	-28.020044	1.703406	-1.202081	-27.898983	1.601650	-1.156424	-28.018507	1.610194	-1.099333	-28.052918	1.611677	-1.254136	-28.050113	1.540595	-1.222325	-28.211171	1.609855	-1.169648	-27.911538	1.602855	-1.341251	-27.938761	1.329354	-1.241235	-28.005388	0.795427	-1.694305	-27.687329	1.099274	-1.216683	-28.078825	-0.019224	-2.057372	-27.695646	1.094218	-1.207495	-28.069538	-0.055386	-2.079878	-27.663831	1.112749	-1.225805	-28.096015	-0.072475	-2.086526	-28.174468	0.963659	-1.133352	-28.198159	1.041013	-1.194651	-27.855966	1.004086	-1.322158	-27.871779	1.019421	-1.346188	-28.188100	0.428487	-1.126948	-27.882204	0.468817	-1.333276	-28.159480	-0.096393	-1.101296	-28.219321	-0.024471	-1.149140	-27.890751	-0.069732	-1.292404	-27.866814	-0.059160	-1.329399
1676	23.271519	00:00:23:20	-28.008468	1.697496	-1.198378	-27.916865	1.615105	-1.187412	-28.026285	1.617814	-1.119402	-28.063922	1.586244	-1.265437	-28.077222	1.562129	-1.239630	-28.155381	1.608952	-1.154986	-27.933234	1.601797	-1.339602	-27.927847	1.334185	-1.218336	-28.015089	0.777774	-1.708340	-27.686668	1.060540	-1.247678	-28.090156	-0.078894	-2.104755	-27.690922	1.056460	-1.219901	-28.059545	-0.051915	-2.083257	-27.669461	1.064526	-1.208337	-28.110436	-0.049521	-2.044527	-28.170984	0.951875	-1.114185	-28.227490	0.998629	-1.180084	-27.853403	0.985980	-1.312127	-27.891482	1.020766	-1.352161	-28.198112	0.484706	-1.157490	-27.863378	0.457497	-1.331059	-28.212777	-0.085214	-1.095724	-28.172167	-0.034015	-1.154375	-27.892238	-0.094739	-1.285243	-27.909593	-0.036879	-1.336809
1677	23.285413	00:00:23:21	-28.031350	1.688715	-1.205268	-27.935600	1.592238	-1.168107	-28.017342	1.635769	-1.094486	-28.059739	1.551289	-1.254340	-28.045796	1.553169	-1.233987	-28.204231	1.590855	-1.190959	-27.896813	1.563473	-1.321926	-27.935260	1.308610	-1.210015	-28.024448	0.757608	-1.687730	-27.673227	1.055806	-1.189131	-28.073582	-0.022626	-2.044508	-27.673302	1.095499	-1.246445	-28.090026	-0.036146	-2.054291	-27.702833	1.104791	-1.216075	-28.107462	-0.057563	-2.061611	-28.158060	0.979815	-1.145567	-28.200991	1.014047	-1.154691	-27.880810	0.974948	-1.339238	-27.885408	1.021468	-1.342164	-28.168154	0.451072	-1.164009	-27.878669	0.461763	-1.317276	-28.181857	-0.063058	-1.117651	-28.189894	-0.014031	-1.162196	-27.894966	-0.094696	-1.308468	-27.893008	-0.023144	-1.287371
1678	23.299306	00:00:23:22	-28.002069	1.681410	-1.214999	-27.926543	1.633804	-1.183987	-28.034413	1.617472	-1.143099	-28.060896	1.595336	-1.253608	-28.050323	1.586879	-1.231879	-28.206254	1.596618	-1.164461	-27.907191	1.584792	-1.309371	-27.924089	1.355159	-1.180746	-27.983623	0.780430	-1.703107	-27.695879	1.084893	-1.222788	-28.110244	-0.026561	-2.071433	-27.699534	1.100312	-1.242503	-28.093539	-0.060818	-2.101606	-27.698395	1.090444	-1.238920	-28.132266	-0.057760	-2.064991	-28.177894	0.960992	-1.127782	-28.189861	1.028343	-1.143757	-27.864173	0.965304	-1.323028	-27.904762	1.006209	-1.386655	-28.209543	0.480142	-1.132246	-27.866812	0.440017	-1.342290	-28.208113	-0.075561	-1.137016	-28.217203	-0.053928	-1.148597	-27.848601	-0.086908	-1.272521	-27.915792	-0.004733	-1.342014
1679	23.313200	00:00:23:23	-28.015167	1.702666	-1.218726	-27.932890	1.607304	-1.162420	-28.024380	1.658829	-1.122263	-28.064037	1.589104	-1.236622	-28.041629	1.578390	-1.229820	-28.177346	1.587680	-1.147629	-27.922986	1.617817	-1.330194	-27.934002	1.348576	-1.165292	-27.992956	0.769521	-1.725590	-27.672192	1.074084	-1.237165	-28.114778	-0.053891	-2.054323	-27.690749	1.073809	-1.217949	-28.067934	-0.067547	-2.069823	-27.688069	1.067879	-1.239290	-28.095195	-0.054649	-2.077612	-28.193218	0.950333	-1.118681	-28.219257	1.026524	-1.150522	-27.902885	1.008533	-1.308592	-27.914269	1.040770	-1.346837	-28.194241	0.461598	-1.128552	-27.894284	0.473158	-1.321584	-28.172117	-0.079094	-1.128589	-28.186654	-0.045746	-1.121415	-27.850557	-0.064566	-1.301318	-27.899552	-0.032443	-1.320427
1680	23.327093	00:00:23:24	-28.029397	1.694451	-1.251692	-27.948713	1.604200	-1.183676	-28.039661	1.626998	-1.133734	-28.059906	1.573562	-1.228672	-28.050401	1.568939	-1.225476	-28.197013	1.583572	-1.172603	-27.922425	1.567057	-1.327033	-27.916798	1.345631	-1.209047	-28.005343	0.767862	-1.698520	-27.687142	1.092762	-1.258754	-28.091116	-0.071896	-2.096999	-27.696403	1.063216	-1.191455	-28.086082	-0.050975	-2.056679	-27.681071	1.078319	-1.216984	-28.095511	-0.009072	-2.089265	-28.205469	0.968597	-1.168577	-28.233720	1.042934	-1.173905	-27.886567	0.999047	-1.336201	-27.904365	1.001862	-1.335919	-28.199124	0.478038	-1.134264	-27.865664	0.479782	-1.322901	-28.170498	-0.051308	-1.102711	-28.233280	-0.020771	-1.154680	-27.865626	-0.100210	-1.277782	-27.911322	-0.026800	-1.325942
1681	23.340987	00:00:23:25	-27.999046	1.726481	-1.202108	-27.933676	1.639835	-1.174719	-28.053009	1.602437	-1.100137	-28.084868	1.567312	-1.236015	-28.055269	1.541815	-1.265230	-28.204666	1.577887	-1.188330	-27.902962	1.599504	-1.300868	-27.891560	1.318812	-1.200485	-27.995581	0.765898	-1.664977	-27.709642	1.081302	-1.239590	-28.116655	-0.019228	-2.078211	-27.703334	1.075315	-1.242650	-28.081552	-0.052541	-2.072532	-27.704480	1.086529	-1.213563	-28.084807	-0.064339	-2.043892	-28.172361	1.000927	-1.124883	-28.214538	1.023559	-1.150400	-27.854556	0.971925	-1.353598	-27.891765	1.034505	-1.348658	-28.185936	0.519782	-1.148649	-27.894925	0.436825	-1.323163	-28.171790	-0.095851	-1.111959	-28.183002	0.002345	-1.150225	-27.865334	-0.072827	-1.267046	-27.903251	-0.046425	-1.326098
1682	23.354880	00:00:23:26	-28.009143	1.675105	-1.252752	-27.911488	1.611780	-1.221530	-28.053237	1.587612	-1.122534	-28.051290	1.609245	-1.259626	-28.058394	1.584038	-1.222116	-28.141833	1.629465	-1.227483	-27.908365	1.583571	-1.307593	-27.946886	1.362967	-1.229168	-28.042916	0.763434	-1.689295	-27.680270	1.077894	-1.239850	-28.111746	-0.058264	-2.055579	-27.647753	1.079043	-1.209448	-28.101285	-0.047308	-2.033052	-27.701638	1.083006	-1.251828	-28.092624	-0.036872	-2.048240	-28.191056	0.988389	-1.142456	-28.207994	1.015038	-1.192494	-27.874131	0.984729	-1.318674	-27.913597	1.042316	-1.369691	-28.154126	0.468490	-1.168504	-27.879787	0.467210	-1.351431	-28.161584	-0.097001	-1.112085	-28.204009	-0.034690	-1.136465	-27.888282	-0.077617	-1.287366	-27.877019	-0.047328	-1.326334
1683	23.368773	00:00:23:27	-28.041960	1.699944	-1.223382	-27.935865	1.594293	-1.168870	-28.051012	1.620901	-1.106958	-28.069113	1.588480	-1.240691	-28.026873	1.554104	-1.210869	-28.193613	1.574887	-1.175014	-27.928131	1.589021	-1.323046	-27.951636	1.341018	-1.187815	-27.991814	0.767509	-1.707658	-27.681178	1.060208	-1.222415	-28.108175	-0.081946	-2.032315	-27.697827	1.092509	-1.237979	-28.098302	-0.038771	-2.053378	-27.727724	1.082936	-1.240075	-28.101433	-0.048999	-2.041171	-28.170966	0.973395	-1.152862	-28.222462	1.005285	-1.190746	-27.859859	0.976992	-1.308575	-27.900036	1.030440	-1.369135	-28.185444	0.443266	-1.151678	-27.865316	0.488618	-1.309605	-28.164063	-0.080524	-1.146001	-28.210575	-0.033699	-1.145784	-27.893155	-0.062179	-1.278810	-27.900742	-0.016713	-1.376521
1684	23.382667	00:00:23:28	-28.050481	1.694767	-1.230738	-27.931905	1.635841	-1.178496	-28.040130	1.635394	-1.130830	-28.051695	1.617036	-1.251681	-28.016237	1.538682	-1.232521	-28.168624	1.593366	-1.157844	-27.975203	1.617649	-1.320500	-27.936819	1.316514	-1.202260	-27.967447	0.788595	-1.709973	-27.677541	1.111618	-1.226387	-28.092363	-0.043341	-2.055460	-27.677350	1.041276	-1.208796	-28.100910	-0.033544	-2.044721	-27.655406	1.056206	-1.264816	-28.101886	-0.032804	-2.046011	-28.192723	0.985384	-1.152460	-28.207761	1.032310	-1.188411	-27.850779	0.995647	-1.329551	-27.917000	1.006014	-1.353762	-28.212754	0.502429	-1.142453	-27.902813	0.501856	-1.310123	-28.243608	-0.080673	-1.075570	-28.211819	-0.043122	-1.146801	-27.886485	-0.031440	-1.324072	-27.914774	-0.046297	-1.352873
1685	23.396560	00:00:23:29	-28.018811	1.730412	-1.202546	-27.931639	1.637833	-1.162096	-28.054364	1.618210	-1.113111	-28.034267	1.606189	-1.249270	-28.073950	1.538963	-1.184327	-28.162301	1.579957	-1.198411	-27.912860	1.567919	-1.282405	-27.937550	1.334167	-1.208382	-27.992623	0.783520	-1.702118	-27.700232	1.113935	-1.235660	-28.078098	-0.056904	-2.044225	-27.686714	1.080118	-1.244246	-28.093645	-0.055598	-2.121020	-27.692680	1.091032	-1.281590	-28.110853	-0.062626	-2.033235	-28.173018	0.982278	-1.107087	-28.230856	1.032059	-1.166579	-27.895064	0.978153	-1.325079	-27.898854	1.018514	-1.365198	-28.208073	0.448871	-1.142109	-27.871558	0.460564	-1.325268	-28.208020	-0.093127	-1.084523	-28.172751	-0.031726	-1.157185	-27.859587	-0.101674	-1.288492	-27.911344	-0.041984	-1.332940
1686	23.410454	00:00:23:30	-28.066075	1.681231	-1.192842	-27.915022	1.605608	-1.184039	-28.041595	1.614729	-1.102104	-28.068413	1.585385	-1.232964	-28.021549	1.550741	-1.270383	-28.170404	1.587559	-1.148092	-27.951698	1.545653	-1.338784	-27.941761	1.322213	-1.188640	-28.009491	0.785394	-1.690621	-27.688675	1.092338	-1.217639	-28.116303	-0.071859	-2.048992	-27.656214	1.076073	-1.236291	-28.086288	-0.047654	-2.061489	-27.691103	1.062110	-1.255609	-28.098851	-0.056966	-2.066810	-28.149923	1.005256	-1.144388	-28.214059	1.027057	-1.174858	-27.858392	0.960417	-1.335916	-27.884268	1.024041	-1.357861	-28.201011	0.469798	-1.190919	-27.882647	0.467060	-1.307030	-28.173999	-0.062339	-1.104180	-28.185128	-0.040067	-1.162926	-27.892260	-0.086620	-1.285835	-27.891619	-0.014404	-1.326855
1687	23.424347	00:00:23:31	-28.019773	1.710094	-1.204056	-27.924697	1.577464	-1.192996	-28.026039	1.601261	-1.079382	-28.063058	1.597862	-1.263729	-28.037903	1.566357	-1.218168	-28.177519	1.584577	-1.164561	-27.927486	1.599738	-1.336722	-27.961132	1.341887	-1.175340	-27.997496	0.767461	-1.703037	-27.703487	1.079295	-1.206350	-28.059213	-0.035835	-2.031687	-27.670882	1.084190	-1.238273	-28.104955	-0.015012	-2.047885	-27.680266	1.066309	-1.237011	-28.100696	-0.040817	-2.064625	-28.192335	0.946552	-1.132944	-28.201569	1.021164	-1.186656	-27.856292	0.966305	-1.313312	-27.928431	1.012113	-1.331283	-28.191510	0.463630	-1.141515	-27.850462	0.467387	-1.326744	-28.207279	-0.071148	-1.089449	-28.219503	-0.036114	-1.147233	-27.883509	-0.036707	-1.315666	-27.913168	-0.050969	-1.315808
1688	23.438241	00:00:23:32	-28.058497	1.695181	-1.205061	-27.942377	1.604209	-1.145413	-28.036341	1.608367	-1.105448	-28.065624	1.611244	-1.259040	-28.034482	1.587453	-1.206408	-28.170775	1.605845	-1.199061	-27.931925	1.589058	-1.335863	-27.922620	1.316688	-1.196861	-28.008532	0.798819	-1.693174	-27.703683	1.089682	-1.238283	-28.098421	-0.060473	-2.087977	-27.684152	1.077082	-1.245470	-28.113230	-0.066557	-2.080839	-27.705446	1.060809	-1.207504	-28.099673	-0.027667	-2.056898	-28.190720	0.990541	-1.157137	-28.221087	1.009413	-1.185845	-27.909664	0.999876	-1.339377	-27.897764	1.047888	-1.364222	-28.175930	0.500501	-1.172025	-27.873830	0.456651	-1.363891	-28.217164	-0.088270	-1.107148	-28.195846	-0.014085	-1.143743	-27.859658	-0.082173	-1.297635	-27.871029	-0.072859	-1.315373
1689	23.452134	00:00:23:33	-28.014258	1.737314	-1.188900	-27.943647	1.649434	-1.184132	-28.017904	1.608133	-1.115382	-28.067242	1.604931	-1.198987	-28.065321	1.560109	-1.234142	-28.197887	1.608294	-1.178052	-27.903088	1.573880	-1.271578	-27.929074	1.327989	-1.213198	-27.988193	0.754886	-1.692064	-27.697916	1.072491	-1.226392	-28.085828	-0.069823	-2.086683	-27.691596	1.060716	-1.270395	-28.111000	-0.017937	-2.061585	-27.700737	1.047950	-1.236106	-28.125576	-0.036373	-2.055252	-28.159173	0.988190	-1.137477	-28.216084	1.002550	-1.194776	-27.863476	0.978838	-1.348769	-27.916272	0.998761	-1.349267	-28.217194	0.492957	-1.147295	-27.881723	0.455512	-1.327579	-28.205474	-0.059749	-1.127643	-28.196241	-0.044949	-1.166234	-27.882560	-0.100914	-1.306946	-27.903691	-0.009161	-1.313588
1690	23.466028	00:00:23:34	-28.038223	1.745068	-1.195827	-27.921690	1.602906	-1.157688	-28.077315	1.608042	-1.103493	-28.037933	1.603726	-1.251837	-28.033078	1.557878	-1.234932	-28.198410	1.587306	-1.187582	-27.937609	1.583537	-1.349733	-27.952263	1.367497	-1.203493	-28.026945	0.745580	-1.708400	-27.702713	1.074495	-1.244718	-28.120952	-0.012045	-2.059636	-27.684475	1.088861	-1.220602	-28.111193	-0.060707	-2.029145	-27.699895	1.081494	-1.244686	-28.073837	-0.048471	-2.085871	-28.191782	0.977712	-1.152157	-28.220752	1.021044	-1.167356	-27.881877	0.972104	-1.359126	-27.890143	1.022378	-1.354246	-28.214714	0.480381	-1.130091	-27.893439	0.453846	-1.337470	-28.200174	-0.059928	-1.147545	-28.206714	-0.041493	-1.160865	-27.901309	-0.073545	-1.317877	-27.895036	-0.028033	-1.319644
1691	23.479921	00:00:23:35	-28.014996	1.705432	-1.228021	-27.936290	1.602950	-1.156141	-28.022747	1.600226	-1.111636	-28.027912	1.560371	-1.253772	-27.969442	1.568711	-1.239888	-28.150203	1.579037	-1.180319	-27.914964	1.602842	-1.313518	-27.953347	1.335377	-1.212177	-28.027388	0.774491	-1.664483	-27.685127	1.058121	-1.251196	-28.100889	-0.014159	-2.066608	-27.693138	1.110380	-1.275667	-28.094961	-0.036563	-2.066523	-27.703024	1.078063	-1.256593	-28.108105	-0.030367	-2.056233	-28.171560	0.997948	-1.117671	-28.205379	1.020323	-1.172391	-27.877470	0.968672	-1.308527	-27.903430	1.003735	-1.353744	-28.179864	0.481277	-1.171732	-27.894332	0.487869	-1.322183	-28.187800	-0.110351	-1.127205	-28.214342	-0.034446	-1.149537	-27.828139	-0.052067	-1.281207	-27.931349	-0.022514	-1.365289
1692	23.493814	00:00:23:36	-28.028192	1.701307	-1.209243	-27.939375	1.602803	-1.172947	-28.011997	1.632243	-1.116214	-28.035039	1.613974	-1.256661	-28.028962	1.569007	-1.227794	-28.149876	1.591210	-1.195841	-27.903711	1.583997	-1.326600	-27.943657	1.342944	-1.213387	-27.997290	0.734493	-1.717839	-27.686516	1.076622	-1.241504	-28.095078	-0.075261	-2.074939	-27.717806	1.075842	-1.238841	-28.117889	-0.040193	-2.088932	-27.662497	1.065269	-1.258916	-28.126175	-0.041089	-2.048881	-28.186330	1.004674	-1.154813	-28.208244	1.041322	-1.147630	-27.877651	0.960981	-1.361113	-27.886729	1.046827	-1.359832	-28.202743	0.463086	-1.166285	-27.903001	0.482398	-1.324650	-28.180224	-0.085282	-1.091386	-28.180289	-0.021934	-1.156358	-27.856510	-0.069231	-1.291804	-27.897904	-0.050592	-1.340757
1693	23.507708	00:00:23:37	-28.062899	1.695135	-1.194258	-27.925942	1.607483	-1.151060	-28.007349	1.641559	-1.141088	-28.066985	1.596387	-1.281955	-28.036926	1.564790	-1.241871	-28.186477	1.587616	-1.179907	-27.928209	1.594875	-1.340762	-27.938243	1.354101	-1.235156	-28.023687	0.776733	-1.686654	-27.673994	1.085786	-1.212912	-28.120893	-0.089313	-2.059819	-27.676751	1.067645	-1.264293	-28.088498	-0.031479	-2.053958	-27.676759	1.081785	-1.235748	-28.108950	-0.045550	-2.047800	-28.184326	0.984437	-1.139438	-28.204765	0.995232	-1.159220	-27.873180	0.992412	-1.327879	-27.925763	1.037177	-1.372643	-28.202632	0.453733	-1.140905	-27.905583	0.467755	-1.348310	-28.164597	-0.089033	-1.106366	-28.203327	-0.042161	-1.177916	-27.871228	-0.092518	-1.316423	-27.906959	-0.041987	-1.325996
1694	23.521601	00:00:23:38	-28.028322	1.697365	-1.194227	-27.938233	1.620240	-1.185717	-28.035603	1.610989	-1.105555	-28.034421	1.588587	-1.258714	-28.002467	1.550191	-1.256868	-28.169596	1.582843	-1.156384	-27.930647	1.599852	-1.331401	-27.945705	1.331021	-1.208703	-28.024639	0.787599	-1.709662	-27.682344	1.080858	-1.234328	-28.094967	-0.053198	-2.066329	-27.677395	1.100899	-1.240890	-28.072809	-0.057406	-2.038320	-27.698458	1.084155	-1.223658	-28.103102	-0.077760	-2.080620	-28.154040	0.989628	-1.130671	-28.193045	1.033228	-1.148376	-27.855726	0.979430	-1.300706	-27.906298	1.016818	-1.362325	-28.193041	0.488030	-1.159806	-27.887667	0.467247	-1.329417	-28.175946	-0.071372	-1.104007	-28.186141	-0.033559	-1.131621	-27.884979	-0.045802	-1.287959	-27.934250	-0.062171	-1.330855
1695	23.535495	00:00:23:39	-28.004316	1.675065	-1.205191	-27.928816	1.645699	-1.203679	-28.040791	1.602997	-1.114460	-28.025055	1.580032	-1.264320	-28.017179	1.548289	-1.237552	-28.187430	1.603795	-1.162466	-27.932114	1.596761	-1.359947	-27.932010	1.339902	-1.183266	-28.043024	0.786142	-1.703356	-27.702650	1.072075	-1.254418	-28.077339	-0.037810	-2.060615	-27.703482	1.083402	-1.236624	-28.091916	-0.058958	-2.043643	-27.684558	1.098619	-1.260774	-28.084237	-0.052807	-2.069159	-28.169844	0.982673	-1.121584	-28.192978	1.030696	-1.198208	-27.874159	0.983702	-1.315457	-27.920012	1.025009	-1.361150	-28.214504	0.472303	-1.127665	-27.896713	0.468124	-1.349878	-28.170278	-0.072827	-1.110119	-28.178753	-0.054698	-1.161386	-27.859590	-0.091201	-1.283897	-27.897151	-0.045725	-1.309979
1696	23.549388	00:00:23:40	-28.020510	1.700716	-1.218859	-27.904519	1.621656	-1.155155	-27.998661	1.587138	-1.112660	-28.087101	1.627738	-1.248378	-28.057352	1.563994	-1.206979	-28.154482	1.585457	-1.163203	-27.877819	1.591781	-1.327229	-27.947768	1.306567	-1.239111	-27.974319	0.788727	-1.694062	-27.684495	1.057191	-1.224103	-28.083265	-0.052710	-2.071453	-27.689656	1.099766	-1.238953	-28.101361	0.003474	-2.049476	-27.695987	1.066542	-1.223723	-28.045379	-0.026103	-2.064050	-28.162631	0.992332	-1.161610	-28.190217	1.010063	-1.160119	-27.880255	0.952993	-1.300003	-27.921456	1.048174	-1.374232	-28.183231	0.478960	-1.143434	-27.882618	0.460038	-1.292570	-28.177030	-0.073484	-1.107832	-28.199876	-0.027079	-1.136992	-27.845925	-0.093147	-1.286224	-27.929380	-0.014405	-1.355062
1697	23.563282	00:00:23:41	-27.993049	1.695840	-1.210661	-27.937157	1.635440	-1.200236	-28.054432	1.612604	-1.104517	-28.085348	1.602484	-1.258487	-28.048619	1.567950	-1.239969	-28.159882	1.597217	-1.157374	-27.913778	1.586602	-1.293299	-27.933124	1.330058	-1.193672	-28.007640	0.771864	-1.709470	-27.761894	1.088093	-1.224600	-28.062193	-0.063231	-2.093798	-27.690804	1.094645	-1.252890	-28.078663	-0.038091	-2.061633	-27.724273	1.088506	-1.237270	-28.090255	-0.019823	-2.058101	-28.207011	0.963494	-1.163935	-28.201239	1.017452	-1.169893	-27.883554	0.984074	-1.346943	-27.901271	1.020015	-1.365463	-28.216227	0.478226	-1.135924	-27.886272	0.461680	-1.323014	-28.180462	-0.105137	-1.126753	-28.213972	-0.026201	-1.160174	-27.862762	-0.067757	-1.322942	-27.931818	-0.030516	-1.351776
1698	23.577175	00:00:23:42	-27.998692	1.711056	-1.219986	-27.920292	1.632081	-1.154498	-28.000036	1.597151	-1.131220	-28.040456	1.577510	-1.273710	-28.006320	1.558333	-1.229853	-28.176931	1.605447	-1.198871	-27.901535	1.588453	-1.330066	-27.945334	1.333713	-1.257092	-28.026789	0.769713	-1.700603	-27.682107	1.086341	-1.243839	-28.066060	-0.040909	-2.070145	-27.701829	1.059871	-1.251445	-28.108747	-0.037069	-2.110790	-27.657955	1.087468	-1.264480	-28.077405	-0.025961	-2.065698	-28.206595	0.982655	-1.134837	-28.197118	1.043939	-1.189566	-27.861495	0.971166	-1.321007	-27.905992	1.006022	-1.337517	-28.197520	0.459435	-1.134979	-27.877980	0.485389	-1.305807	-28.171659	-0.053761	-1.128380	-28.201047	-0.038570	-1.142652	-27.899666	-0.108430	-1.326171	-27.930529	-0.029149	-1.334392
1699	23.591069	00:00:23:43	-28.033581	1.710376	-1.205165	-27.926952	1.589074	-1.177170	-28.023356	1.622964	-1.104439	-28.049328	1.589353	-1.231482	-28.022551	1.617877	-1.233382	-28.177555	1.591856	-1.209030	-27.892663	1.598188	-1.333161	-27.913691	1.353045	-1.229696	-27.972397	0.783926	-1.702274	-27.680101	1.096320	-1.230230	-28.107514	-0.051960	-2.080540	-27.676958	1.079599	-1.254809	-28.124500	-0.075751	-2.023679	-27.685801	1.054722	-1.277079	-28.114583	-0.042646	-2.053027	-28.210690	0.994125	-1.129091	-28.222244	1.011885	-1.170982	-27.875584	0.970393	-1.317926	-27.882765	1.019061	-1.352869	-28.208614	0.469545	-1.113722	-27.906268	0.471791	-1.327683	-28.192093	-0.065419	-1.104501	-28.193506	0.007980	-1.151777	-27.872132	-0.091216	-1.269509	-27.938570	-0.014761	-1.357848
1700	23.604962	00:00:23:44	-28.041730	1.712232	-1.198582	-27.915781	1.624503	-1.168768	-28.025155	1.605398	-1.101152	-28.038183	1.571896	-1.256104	-28.020257	1.564404	-1.235144	-28.178690	1.586769	-1.174059	-27.933302	1.578992	-1.322494	-27.934511	1.340042	-1.224053	-28.016390	0.797825	-1.710677	-27.723217	1.074787	-1.231912	-28.079370	-0.040905	-2.054618	-27.682496	1.070197	-1.264017	-28.092053	-0.044924	-2.076187	-27.701313	1.124497	-1.243359	-28.091950	-0.025973	-2.042542	-28.192751	0.963539	-1.104156	-28.188768	1.004689	-1.153645	-27.843670	0.988305	-1.310282	-27.898277	1.032530	-1.341741	-28.203969	0.458399	-1.178653	-27.902414	0.495310	-1.333629	-28.208418	-0.080544	-1.134157	-28.209701	-0.019543	-1.159374	-27.895595	-0.089795	-1.262147	-27.895702	-0.022265	-1.348170
1701	23.618855	00:00:23:45	-28.028327	1.713668	-1.254324	-27.936002	1.602667	-1.154238	-28.059135	1.611563	-1.112691	-28.034559	1.601434	-1.238374	-28.030292	1.542428	-1.196722	-28.160302	1.578446	-1.159798	-27.927940	1.597490	-1.317362	-27.910759	1.320801	-1.186780	-27.994636	0.788089	-1.684450	-27.669828	1.091761	-1.238011	-28.101565	-0.053982	-2.030007	-27.699202	1.066920	-1.230256	-28.096593	-0.044098	-2.011105	-27.663211	1.074410	-1.251703	-28.078005	-0.019894	-2.057096	-28.194066	0.975947	-1.159528	-28.198009	1.005178	-1.158608	-27.860841	0.995978	-1.329545	-27.899268	1.013204	-1.356417	-28.209171	0.457556	-1.128647	-27.901705	0.530179	-1.358638	-28.194110	-0.088358	-1.141103	-28.213603	-0.065823	-1.128559	-27.872779	-0.113038	-1.331737	-27.861890	-0.038189	-1.346316
1702	23.632749	00:00:23:46	-28.025739	1.702766	-1.212065	-27.907016	1.611595	-1.165948	-28.060478	1.630175	-1.118228	-28.037670	1.600028	-1.248273	-28.049356	1.591727	-1.234263	-28.167688	1.579532	-1.168827	-27.908180	1.582151	-1.315126	-27.926683	1.354841	-1.201329	-27.974387	0.797177	-1.691190	-27.707601	1.078554	-1.250412	-28.096188	-0.045903	-2.076094	-27.690103	1.093217	-1.229641	-28.100949	-0.066754	-2.065675	-27.667152	1.060016	-1.260611	-28.103871	-0.048170	-2.072040	-28.171639	0.968298	-1.157289	-28.207897	1.038567	-1.174794	-27.853580	1.006233	-1.314815	-27.900615	1.008114	-1.370456	-28.186957	0.442343	-1.131302	-27.872418	0.459491	-1.342081	-28.192211	-0.060037	-1.100681	-28.193550	-0.019198	-1.141049	-27.915944	-0.035809	-1.298332	-27.897022	-0.015555	-1.306331
1703	23.646642	00:00:23:47	-28.038515	1.705821	-1.229335	-27.920875	1.633231	-1.177863	-28.047782	1.586166	-1.077710	-28.080372	1.611006	-1.255552	-28.043739	1.594914	-1.200420	-28.195050	1.596310	-1.205478	-27.864046	1.575596	-1.356880	-27.947801	1.336008	-1.195718	-27.980019	0.800684	-1.674056	-27.698183	1.058525	-1.272455	-28.091540	-0.048290	-2.064579	-27.707607	1.069216	-1.228950	-28.072854	-0.042057	-2.040299	-27.711796	1.075582	-1.235678	-28.089823	-0.019350	-2.062284	-28.190877	0.978968	-1.132409	-28.233846	1.026496	-1.153413	-27.897019	0.986185	-1.329581	-27.896088	1.057622	-1.354588	-28.190747	0.476322	-1.183807	-27.903836	0.456672	-1.301777	-28.202275	-0.064472	-1.129001	-28.186987	-0.040376	-1.155036	-27.883237	-0.068501	-1.309381	-27.890683	-0.024996	-1.329956
1704	23.660536	00:00:23:48	-27.996582	1.715252	-1.208913	-27.927304	1.627302	-1.187335	-28.062544	1.609761	-1.120788	-28.052931	1.629892	-1.283133	-28.040320	1.570145	-1.241289	-28.178178	1.591457	-1.200351	-27.923848	1.577914	-1.338091	-27.923296	1.375953	-1.226457	-28.024619	0.765902	-1.705459	-27.694791	1.085239	-1.245579	-28.080296	-0.047971	-2.070896	-27.710119	1.081181	-1.255395	-28.109008	-0.025385	-2.081005	-27.690900	1.104408	-1.259398	-28.121837	-0.057282	-2.054745	-28.195059	0.967442	-1.166626	-28.192568	1.028769	-1.206780	-27.898286	0.960786	-1.311441	-27.865158	1.047096	-1.348004	-28.203024	0.468951	-1.163224	-27.886108	0.442192	-1.350317	-28.189981	-0.063320	-1.126018	-28.201153	-0.058512	-1.167377	-27.867764	-0.079063	-1.303091	-27.891003	-0.041846	-1.361311
1705	23.674429	00:00:23:49	-28.033477	1.664760	-1.206397	-27.910970	1.648214	-1.204793	-28.036576	1.630032	-1.137332	-28.052544	1.595605	-1.238338	-28.037934	1.531422	-1.250939	-28.202722	1.606206	-1.152368	-27.906170	1.604088	-1.332550	-27.927617	1.303656	-1.207630	-28.012548	0.797108	-1.711561	-27.693079	1.085275	-1.259328	-28.081493	-0.074519	-2.048681	-27.709740	1.085326	-1.285293	-28.114044	-0.063198	-2.058021	-27.712191	1.048869	-1.262868	-28.097949	-0.040115	-2.074838	-28.215795	0.963078	-1.137124	-28.169954	1.038301	-1.166061	-27.885763	1.001358	-1.328608	-27.849617	1.032859	-1.376240	-28.171063	0.467281	-1.159208	-27.905551	0.467977	-1.333298	-28.203860	-0.089259	-1.127092	-28.181098	-0.034741	-1.154802	-27.891807	-0.075898	-1.299446	-27.929160	-0.037844	-1.324483
1706	23.688323	00:00:23:50	-28.002416	1.697642	-1.238420	-27.917787	1.598953	-1.205813	-28.013932	1.623362	-1.096118	-28.033509	1.581430	-1.277699	-28.043109	1.576382	-1.231120	-28.160753	1.632420	-1.205287	-27.925492	1.591003	-1.351144	-27.892708	1.352914	-1.221704	-27.999346	0.781455	-1.717754	-27.690621	1.050447	-1.258960	-28.095657	-0.052877	-2.064091	-27.703243	1.090576	-1.242955	-28.085608	-0.056475	-2.089625	-27.696903	1.081812	-1.244139	-28.112125	-0.061749	-2.091015	-28.193208	1.004951	-1.146412	-28.249464	1.022432	-1.186162	-27.878226	0.973938	-1.306137	-27.908726	1.022825	-1.343253	-28.185477	0.492946	-1.165065	-27.865612	0.482705	-1.309202	-28.186110	-0.099027	-1.098318	-28.191848	-0.066529	-1.184100	-27.871413	-0.057466	-1.291495	-27.910091	-0.030430	-1.371671
1707	23.702216	00:00:23:51	-28.054136	1.699527	-1.189929	-27.927157	1.608637	-1.198700	-28.037488	1.604019	-1.130743	-28.040104	1.604634	-1.246774	-28.031197	1.566730	-1.259888	-28.177841	1.596480	-1.208192	-27.900718	1.601738	-1.375574	-27.925420	1.329569	-1.170019	-27.999811	0.780623	-1.720875	-27.681050	1.073066	-1.228662	-28.098691	-0.027524	-2.031656	-27.692577	1.100149	-1.255975	-28.098409	-0.029540	-2.033510	-27.685351	1.086116	-1.231263	-28.077808	-0.029048	-2.065366	-28.182599	0.977851	-1.143778	-28.185490	1.040286	-1.173875	-27.904725	0.980303	-1.297337	-27.910058	1.032360	-1.358057	-28.170138	0.494586	-1.161131	-27.886435	0.468471	-1.334139	-28.157578	-0.071506	-1.098695	-28.215049	-0.031154	-1.146004	-27.899536	-0.106756	-1.292072	-27.919646	-0.047930	-1.332450
1708	23.716110	00:00:23:52	-28.046226	1.696135	-1.221326	-27.892387	1.614888	-1.185446	-28.014031	1.618119	-1.124819	-28.018374	1.633099	-1.252391	-28.057574	1.575310	-1.234586	-28.162389	1.586965	-1.156936	-27.904172	1.584493	-1.335172	-27.889501	1.327628	-1.220023	-28.007990	0.771518	-1.702097	-27.729283	1.069394	-1.258366	-28.088303	-0.048548	-2.065246	-27.681428	1.090667	-1.253589	-28.118918	-0.064390	-2.057080	-27.719617	1.083034	-1.229914	-28.080419	-0.028687	-2.092552	-28.177942	1.016677	-1.139930	-28.223538	1.007013	-1.195506	-27.879622	0.962057	-1.325247	-27.913044	1.030436	-1.366991	-28.190270	0.464341	-1.150845	-27.913628	0.476527	-1.337641	-28.174904	-0.093553	-1.136422	-28.207535	-0.010960	-1.152240	-27.897664	-0.089430	-1.270134	-27.907099	-0.010956	-1.311995
1709	23.730003	00:00:23:53	-28.067653	1.721058	-1.229249	-27.911031	1.600838	-1.161346	-28.014005	1.622679	-1.096066	-28.037694	1.585971	-1.228729	-28.060336	1.589813	-1.214603	-28.202925	1.582622	-1.181547	-27.940554	1.605325	-1.332373	-27.937981	1.331981	-1.224716	-28.011714	0.757176	-1.704776	-27.707707	1.059978	-1.256455	-28.107297	-0.064333	-2.109163	-27.698902	1.055201	-1.245910	-28.074932	-0.045858	-2.065533	-27.693607	1.076210	-1.251959	-28.122838	-0.062003	-2.044173	-28.161292	0.977280	-1.093608	-28.209441	1.019262	-1.199273	-27.883993	1.011181	-1.306531	-27.913002	1.020938	-1.357413	-28.186984	0.448869	-1.158983	-27.920819	0.486717	-1.327548	-28.178907	-0.071731	-1.135048	-28.195435	-0.012531	-1.150459	-27.867980	-0.047910	-1.307255	-27.926631	-0.041338	-1.324260
1710	23.743896	00:00:23:54	-28.037408	1.715855	-1.218289	-27.943002	1.605115	-1.162032	-28.008932	1.632870	-1.082311	-28.085182	1.588883	-1.231813	-28.040603	1.566073	-1.224694	-28.176972	1.609470	-1.145343	-27.952899	1.613954	-1.336764	-27.945002	1.354553	-1.187548	-27.995456	0.767970	-1.714537	-27.678848	1.054079	-1.231289	-28.104409	-0.052656	-2.075931	-27.705461	1.057123	-1.246760	-28.085640	-0.027613	-2.079477	-27.699392	1.108073	-1.281598	-28.106148	-0.066704	-2.022845	-28.162887	0.991563	-1.135754	-28.193342	1.021079	-1.163023	-27.862088	0.990401	-1.362990	-27.876797	1.009414	-1.367132	-28.201572	0.444977	-1.146436	-27.896772	0.455341	-1.343397	-28.192733	-0.066387	-1.126323	-28.172575	-0.035442	-1.173950	-27.878918	-0.097961	-1.309072	-27.930425	-0.032606	-1.304214
1711	23.757790	00:00:23:55	-27.988456	1.698106	-1.166925	-27.920741	1.598048	-1.169225	-28.015931	1.594249	-1.106299	-28.056933	1.624543	-1.265201	-28.044556	1.560533	-1.240710	-28.194058	1.582897	-1.165772	-27.910334	1.576789	-1.328184	-27.932879	1.339680	-1.220196	-28.014998	0.796161	-1.699758	-27.700578	1.073437	-1.228048	-28.073410	-0.043984	-2.050285	-27.700399	1.090778	-1.259813	-28.087928	-0.028733	-2.075784	-27.703230	1.072960	-1.235742	-28.131128	-0.054283	-2.078978	-28.146771	0.992682	-1.143775	-28.229900	1.038262	-1.193007	-27.880269	0.965652	-1.319446	-27.894903	1.023992	-1.370445	-28.230975	0.460834	-1.149918	-27.863424	0.472045	-1.329659	-28.178125	-0.090349	-1.144864	-28.202185	-0.069531	-1.172963	-27.882983	-0.065369	-1.309770	-27.900235	-0.046915	-1.353386
1712	23.771683	00:00:23:56	-28.017584	1.740525	-1.219268	-27.940727	1.604151	-1.143565	-28.062632	1.620074	-1.114429	-28.038612	1.565224	-1.252755	-28.034736	1.562959	-1.210675	-28.189413	1.645049	-1.190442	-27.909357	1.583588	-1.328002	-27.928238	1.312163	-1.236517	-27.974288	0.775435	-1.741538	-27.685999	1.100541	-1.274939	-28.114575	-0.042792	-2.050728	-27.698051	1.083487	-1.254807	-28.102226	-0.032889	-2.061537	-27.717055	1.073561	-1.239142	-28.088170	-0.026400	-2.041202	-28.189330	0.959429	-1.138214	-28.213632	1.030482	-1.182925	-27.869859	0.978914	-1.314958	-27.917234	1.041568	-1.380590	-28.222435	0.492052	-1.142266	-27.919862	0.514418	-1.326249	-28.170362	-0.080994	-1.126233	-28.215311	-0.017977	-1.165127	-27.873292	-0.107030	-1.290448	-27.912810	-0.033683	-1.344187
1713	23.785577	00:00:23:57	-28.047239	1.693579	-1.210700	-27.918153	1.618330	-1.145038	-28.051995	1.607471	-1.116188	-28.041760	1.613295	-1.226343	-28.046072	1.530784	-1.205301	-28.193306	1.596349	-1.207522	-27.950996	1.613467	-1.329464	-27.940333	1.355164	-1.222642	-28.012853	0.768337	-1.714903	-27.713441	1.037259	-1.258922	-28.107465	-0.068856	-2.041903	-27.724441	1.047967	-1.278575	-28.106311	-0.022383	-2.067059	-27.674625	1.057842	-1.233035	-28.103558	-0.076821	-2.049581	-28.177252	0.978763	-1.147376	-28.194650	1.033483	-1.183475	-27.867736	0.996328	-1.347629	-27.884600	1.002586	-1.339177	-28.190086	0.440593	-1.142916	-27.864187	0.481485	-1.344388	-28.217533	-0.076585	-1.133210	-28.203320	-0.024984	-1.149857	-27.872638	-0.064119	-1.284325	-27.904663	-0.040259	-1.349871
1714	23.799470	00:00:23:58	-28.002926	1.735811	-1.221178	-27.945734	1.626891	-1.192463	-28.011514	1.638167	-1.137072	-28.018180	1.612297	-1.257489	-28.031908	1.555135	-1.218732	-28.155496	1.583405	-1.204443	-27.939872	1.582971	-1.335850	-27.925275	1.316925	-1.197236	-28.010857	0.767042	-1.714444	-27.719587	1.076852	-1.244056	-28.088526	0.003295	-2.082881	-27.718887	1.082396	-1.249240	-28.091549	-0.007998	-2.050901	-27.680301	1.102397	-1.258339	-28.102504	-0.046533	-2.066010	-28.176682	0.996611	-1.163078	-28.231754	1.005306	-1.169923	-27.881907	0.984316	-1.298488	-27.915983	1.036529	-1.327384	-28.195776	0.488527	-1.128948	-27.878256	0.506807	-1.328839	-28.173610	-0.066837	-1.138750	-28.223384	-0.017610	-1.173487	-27.893317	-0.039688	-1.301700	-27.893845	-0.053059	-1.352854
1715	23.813364	00:00:23:59	-28.019132	1.723983	-1.208317	-27.917994	1.600923	-1.157489	-28.022541	1.623792	-1.104969	-28.039726	1.599201	-1.251268	-28.030227	1.534810	-1.205262	-28.157250	1.590725	-1.180971	-27.942770	1.590346	-1.313830	-27.920364	1.379883	-1.214108	-28.019825	0.785922	-1.697399	-27.738789	1.077116	-1.267904	-28.107674	-0.047721	-2.073707	-27.704610	1.095655	-1.228890	-28.094044	-0.049404	-2.058567	-27.666185	1.071642	-1.249315	-28.091064	-0.071866	-2.081570	-28.184609	0.988607	-1.092151	-28.163476	1.053172	-1.158526	-27.876484	0.996070	-1.351101	-27.894833	1.043020	-1.376007	-28.204312	0.469955	-1.145746	-27.893791	0.473551	-1.319858	-28.167721	-0.058577	-1.143073	-28.173446	-0.006489	-1.159936	-27.904214	-0.062874	-1.321237	-27.906194	-0.038369	-1.337744
1716	23.827257	00:00:23:60	-28.045068	1.736345	-1.199976	-27.933673	1.587583	-1.174077	-28.034582	1.591976	-1.107789	-28.015755	1.572687	-1.272707	-28.023106	1.580282	-1.230729	-28.191592	1.579321	-1.176233	-27.936781	1.618570	-1.345874	-27.932082	1.344850	-1.219136	-28.006411	0.764471	-1.705423	-27.699134	1.067808	-1.260802	-28.059009	-0.053637	-2.064193	-27.718944	1.076284	-1.271536	-28.111885	-0.065483	-2.066823	-27.683589	1.079943	-1.249401	-28.089322	-0.038192	-2.051366	-28.207995	0.976423	-1.145466	-28.202942	1.015123	-1.181660	-27.902743	0.967458	-1.321499	-27.927051	1.040815	-1.357721	-28.173729	0.467079	-1.127955	-27.882875	0.508012	-1.309837	-28.213127	-0.077217	-1.082675	-28.201667	-0.026708	-1.160864	-27.870571	-0.110733	-1.284317	-27.897441	-0.012180	-1.351163
1717	23.841151	00:00:23:61	-27.988801	1.703228	-1.199733	-27.931105	1.628077	-1.150360	-28.059023	1.608932	-1.095606	-28.029390	1.593928	-1.246090	-28.019956	1.539593	-1.254368	-28.174727	1.589422	-1.181760	-27.931561	1.582182	-1.328410	-27.945448	1.354145	-1.210109	-28.005228	0.774359	-1.720591	-27.710916	1.076872	-1.254324	-28.098003	-0.020479	-2.045324	-27.671093	1.101765	-1.263757	-28.071688	-0.050449	-2.071856	-27.691185	1.074794	-1.245915	-28.101359	-0.053552	-2.078960	-28.201001	0.972359	-1.131077	-28.212936	1.026124	-1.162347	-27.858865	0.967037	-1.340785	-27.885456	1.048851	-1.353962	-28.199655	0.471256	-1.124752	-27.857776	0.481412	-1.340657	-28.204212	-0.093749	-1.150646	-28.220559	-0.032932	-1.105894	-27.866216	-0.039539	-1.310278	-27.916482	-0.051889	-1.320797
1718	23.855044	00:00:23:62	-28.006766	1.710469	-1.232758	-27.946988	1.604633	-1.183668	-28.030979	1.607566	-1.119103	-28.035272	1.624164	-1.254887	-28.043792	1.580166	-1.219658	-28.222911	1.587509	-1.179611	-27.975282	1.590792	-1.342531	-27.921568	1.343122	-1.227247	-28.036507	0.775556	-1.692096	-27.676658	1.090622	-1.245394	-28.112608	-0.042033	-2.048057	-27.702369	1.091598	-1.249787	-28.071895	-0.047487	-2.071771	-27.702353	1.076542	-1.266932	-28.119812	-0.070714	-2.067864	-28.173215	1.016492	-1.123591	-28.202044	0.995126	-1.144697	-27.874297	0.989213	-1.338679	-27.920731	1.030917	-1.330761	-28.205753	0.491361	-1.136727	-27.867038	0.501810	-1.362657	-28.216393	-0.069432	-1.117571	-28.219586	-0.022644	-1.147307	-27.897184	-0.089044	-1.299742	-27.876860	-0.012262	-1.323080
1719	23.868937	00:00:23:63	-28.041714	1.733417	-1.199484	-27.963027	1.619745	-1.204683	-28.020447	1.599488	-1.110591	-28.079063	1.566042	-1.287567	-28.035106	1.608614	-1.226899	-28.174436	1.627785	-1.157415	-27.914299	1.605485	-1.345827	-27.932148	1.329269	-1.226340	-28.028918	0.747562	-1.696219	-27.701859	1.057196	-1.254639	-28.100326	-0.058590	-2.052013	-27.730722	1.063779	-1.254541	-28.083409	-0.055568	-2.080242	-27.704474	1.099914	-1.281340	-28.107283	-0.041680	-2.065345	-28.199633	0.985132	-1.147748	-28.233405	1.048020	-1.164846	-27.898098	0.950206	-1.322622	-27.883214	1.036488	-1.348837	-28.157996	0.446995	-1.150230	-27.895259	0.475875	-1.321479	-28.177345	-0.056876	-1.109148	-28.218227	-0.004244	-1.149826	-27.888549	-0.076649	-1.295779	-27.924485	-0.036022	-1.311902
1720	23.882831	00:00:23:64	-28.037170	1.660619	-1.189537	-27.920473	1.617789	-1.193011	-28.026803	1.592811	-1.112732	-28.030062	1.630246	-1.253407	-28.056784	1.590555	-1.217245	-28.187540	1.625653	-1.163412	-27.924027	1.597545	-1.349418	-27.971689	1.321423	-1.234085	-27.990444	0.778228	-1.724307	-27.712619	1.090461	-1.252511	-28.086177	-0.067621	-2.051432	-27.656766	1.074187	-1.248043	-28.064995	-0.061927	-2.066800	-27.735521	1.089962	-1.254745	-28.063723	-0.055280	-2.018676	-28.231654	0.969026	-1.115484	-28.231250	1.033995	-1.170164	-27.900649	0.999059	-1.353151	-27.879620	1.030234	-1.336614	-28.203461	0.480560	-1.178977	-27.911064	0.476814	-1.310651	-28.178436	-0.109893	-1.115451	-28.212824	-0.048138	-1.151216	-27.886588	-0.089459	-1.280248	-27.869154	-0.023828	-1.338868
1721	23.896724	00:00:23:65	-28.036159	1.708601	-1.234225	-27.915183	1.589634	-1.153103	-28.019011	1.589614	-1.102315	-28.029463	1.577701	-1.245303	-28.024634	1.578463	-1.218325	-28.190435	1.585351	-1.171432	-27.928831	1.592933	-1.342295	-27.965151	1.360418	-1.226959	-27.999830	0.788704	-1.685971	-27.709337	1.062208	-1.208446	-28.089300	-0.030991	-2.057708	-27.702923	1.054784	-1.229057	-28.116805	-0.051872	-2.083698	-27.668590	1.086952	-1.252933	-28.120971	-0.023210	-2.096464	-28.187630	0.972941	-1.146804	-28.234147	1.033979	-1.183387	-27.902707	0.978984	-1.338709	-27.924400	1.032492	-1.341462	-28.188883	0.452103	-1.162034	-27.873297	0.472822	-1.344935	-28.194890	-0.079034	-1.078932	-28.232729	-0.030058	-1.166012	-27.888710	-0.098520	-1.272393	-27.869039	-0.010131	-1.330929
1722	23.910618	00:00:23:66	-28.029607	1.696498	-1.251648	-27.935720	1.642554	-1.179447	-28.046593	1.626175	-1.089036	-28.066734	1.611835	-1.267564	-28.059269	1.546457	-1.231090	-28.179810	1.616975	-1.208537	-27.934187	1.582983	-1.343366	-27.946943	1.317236	-1.212467	-28.014189	0.759943	-1.690544	-27.697334	1.087137	-1.241306	-28.103409	-0.042379	-2.035585	-27.712388	1.050413	-1.244984	-28.102650	-0.034341	-2.038039	-27.695714	1.078299	-1.247964	-28.051516	-0.039676	-2.075741	-28.177231	1.004081	-1.125838	-28.230245	1.014928	-1.168259	-27.874285	0.971407	-1.307291	-27.892055	1.019548	-1.353918	-28.177330	0.473034	-1.145132	-27.896624	0.472474	-1.321341	-28.199834	-0.121700	-1.127662	-28.207241	-0.023691	-1.122573	-27.879650	-0.108107	-1.322909	-27.918326	-0.057618	-1.336964
1723	23.924511	00:00:23:67	-27.995976	1.708637	-1.227940	-27.918999	1.613850	-1.198293	-28.026676	1.637383	-1.089472	-28.072120	1.618205	-1.274073	-28.018526	1.583418	-1.231721	-28.178779	1.607781	-1.219972	-27.917785	1.591764	-1.356586	-27.946002	1.348302	-1.250703	-28.020405	0.771136	-1.677088	-27.688450	1.076749	-1.233191	-28.082457	-0.015954	-2.057453	-27.709575	1.085306	-1.264136	-28.077430	-0.052881	-2.072279	-27.704520	1.062608	-1.247563	-28.089874	-0.027221	-2.061382	-28.207204	0.974686	-1.120761	-28.192055	1.032765	-1.172994	-27.899591	0.978925	-1.349529	-27.869861	1.023192	-1.335267	-28.198196	0.486742	-1.135902	-27.896030	0.465932	-1.325552	-28.174460	-0.075831	-1.120174	-28.199973	-0.055828	-1.161625	-27.906855	-0.105506	-1.290071	-27.866541	-0.019503	-1.340884
1724	23.938405	00:00:23:68	-27.996097	1.734290	-1.194332	-27.953582	1.613062	-1.198314	-28.047325	1.616529	-1.105890	-28.058418	1.629376	-1.249169	-28.016758	1.561034	-1.257692	-28.174274	1.621254	-1.205863	-27.951649	1.593532	-1.343975	-27.925733	1.346178	-1.213235	-28.011516	0.781910	-1.700972	-27.701818	1.091339	-1.293779	-28.108417	-0.055234	-2.053437	-27.718021	1.082767	-1.270342	-28.072914	-0.064832	-2.015426	-27.686538	1.080953	-1.256273	-28.114990	-0.056043	-2.062526	-28.198368	0.977949	-1.126073	-28.198252	1.059626	-1.142634	-27.877484	0.949365	-1.284394	-27.890339	1.010250	-1.336891	-28.214164	0.453442	-1.150990	-27.897707	0.487763	-1.334508	-28.190134	-0.083848	-1.131176	-28.198875	-0.061254	-1.134153	-27.859568	-0.088124	-1.274937	-27.894961	-0.049385	-1.317828
1725	23.952298	00:00:23:69	-28.024082	1.709633	-1.201543	-27.914768	1.609637	-1.121186	-28.037863	1.617693	-1.138198	-28.057731	1.593465	-1.281036	-28.012314	1.583294	-1.241411	-28.179231	1.618972	-1.192996	-27.928687	1.587028	-1.329117	-27.946247	1.350035	-1.245537	-27.996491	0.772323	-1.689703	-27.698083	1.059471	-1.265226	-28.108036	-0.045622	-2.070598	-27.685353	1.061967	-1.248140	-28.121832	-0.051530	-2.058396	-27.670975	1.081445	-1.260359	-28.077818	-0.027320	-2.073980	-28.172367	0.969699	-1.138637	-28.202111	1.029930	-1.169412	-27.855365	0.950224	-1.319073	-27.904929	1.043481	-1.314921	-28.188391	0.475926	-1.130675	-27.888760	0.488078	-1.293820	-28.206195	-0.080359	-1.099130	-28.215362	-0.044079	-1.138251	-27.882273	-0.089903	-1.348683	-27.928672	-0.008666	-1.339429
1726	23.966192	00:00:23:70	-28.014939	1.693510	-1.219278	-27.946085	1.606510	-1.222985	-28.040670	1.602636	-1.108293	-28.083918	1.607761	-1.266226	-28.022399	1.575595	-1.243003	-28.155397	1.582948	-1.179654	-27.909153	1.589362	-1.313670	-27.931374	1.311152	-1.232791	-28.009039	0.792894	-1.708971	-27.694682	1.076544	-1.278458	-28.098329	-0.083817	-2.056548	-27.715981	1.071274	-1.245294	-28.083072	-0.058367	-2.031888	-27.702687	1.063837	-1.261306	-28.104741	-0.085980	-2.063162	-28.135827	0.975722	-1.124007	-28.237367	1.050995	-1.187400	-27.882542	1.009066	-1.299752	-27.886508	1.070493	-1.380844	-28.201587	0.488035	-1.168405	-27.883888	0.490760	-1.317440	-28.183018	-0.080438	-1.097233	-28.192581	-0.007786	-1.153989	-27.887812	-0.089261	-1.301627	-27.911881	-0.024496	-1.351124
1727	23.980085	00:00:23:71	-28.013540	1.711706	-1.192722	-27.906784	1.608315	-1.192357	-28.032488	1.611439	-1.100159	-28.057562	1.586946	-1.252068	-28.039974	1.570852	-1.233921	-28.173366	1.564350	-1.171248	-27.912217	1.613366	-1.325181	-27.936122	1.330074	-1.200805	-28.001003	0.770713	-1.709036	-27.701614	1.081311	-1.264122	-28.094161	-0.072293	-2.075525	-27.699124	1.060632	-1.218993	-28.100560	-0.027557	-2.056524	-27.737713	1.089759	-1.241208	-28.110777	-0.030420	-2.079968	-28.193359	0.969921	-1.150314	-28.182028	1.028517	-1.204508	-27.874831	0.977522	-1.357108	-27.922313	1.040984	-1.370475	-28.196999	0.477321	-1.126743	-27.913472	0.491620	-1.317481	-28.225140	-0.107325	-1.108533	-28.172293	-0.030700	-1.163110	-27.860238	-0.100734	-1.304996	-27.868094	-0.039014	-1.377513
1728	23.993978	00:00:23:00	-28.026236	1.702911	-1.222631	-27.957681	1.593085	-1.151775	-28.039767	1.622960	-1.118170	-28.042273	1.615866	-1.239489	-28.026999	1.577426	-1.217714	-28.175053	1.631241	-1.169016	-27.930165	1.601747	-1.334027	-27.908759	1.326508	-1.219225	-27.982421	0.772441	-1.679485	-27.683469	1.080354	-1.226445	-28.105945	-0.046666	-2.074383	-27.720431	1.058268	-1.268623	-28.111816	-0.056324	-2.060126	-27.708342	1.043192	-1.255675	-28.078490	-0.028442	-2.074920	-28.192220	0.970458	-1.118213	-28.213753	1.053966	-1.177125	-27.867887	0.959887	-1.322144	-27.894638	1.045167	-1.365692	-28.204449	0.499275	-1.147042	-27.878165	0.480568	-1.317389	-28.202990	-0.091055	-1.110376	-28.201631	-0.024819	-1.175039	-27.879344	-0.029997	-1.315742	-27.897642	-0.025450	-1.318653
1729	24.007872	00:00:24:01	-28.028441	1.745116	-1.211814	-27.934691	1.616615	-1.141582	-28.031834	1.609068	-1.118406	-27.994862	1.602087	-1.293834	-28.037409	1.584891	-1.208556	-28.153378	1.605867	-1.206709	-27.940247	1.628108	-1.339180	-27.938510	1.330497	-1.228270	-27.967925	0.793368	-1.688043	-27.697833	1.081509	-1.224665	-28.106115	-0.051918	-2.062759	-27.712912	1.068102	-1.284827	-28.075869	-0.091636	-2.058129	-27.711702	1.049088	-1.264729	-28.110758	-0.038431	-2.062781	-28.215049	0.999908	-1.153561	-28.204040	1.020654	-1.175448	-27.901133	1.008525	-1.325166	-27.888799	1.004226	-1.330551	-28.189359	0.445468	-1.151689	-27.912655	0.471127	-1.335107	-28.204981	-0.035882	-1.116318	-28.203357	-0.048855	-1.153050	-27.882969	-0.052341	-1.288845	-27.912568	-0.051040	-1.335117
1730	24.021765	00:00:24:02	-28.024964	1.697316	-1.174638	-27.966015	1.642070	-1.199299	-28.059500	1.652551	-1.113797	-28.026014	1.602814	-1.246603	-28.030177	1.548661	-1.238444	-28.165306	1.603701	-1.164146	-27.897565	1.595058	-1.328059	-27.963846	1.318529	-1.209524	-28.015762	0.786019	-1.710361	-27.704865	1.084415	-1.270183	-28.085421	-0.050028	-2.028033	-27.728013	1.059887	-1.280433	-28.095897	-0.029316	-2.060955	-27.711742	1.086120	-1.261736	-28.080753	-0.033197	-2.076622	-28.207027	0.982115	-1.125200	-28.188636	1.029824	-1.157402	-27.879265	0.967494	-1.368474	-27.892918	1.003442	-1.372619	-28.214689	0.457185	-1.140747	-27.880330	0.469024	-1.337898	-28.198534	-0.067235	-1.146209	-28.224454	-0.063678	-1.155299	-27.893073	-0.104268	-1.265735	-27.904034	-0.024081	-1.331454
1731	24.035659	00:00:24:03	-28.022792	1.725932	-1.212009	-27.923839	1.617319	-1.187391	-28.017937	1.605127	-1.098541	-28.058308	1.604306	-1.249679	-28.043066	1.548138	-1.250436	-28.170732	1.629977	-1.184298	-27.927254	1.597812	-1.336125	-27.917952	1.332119	-1.219762	-27.978239	0.786306	-1.720881	-27.706352	1.087379	-1.261619	-28.109361	-0.056265	-2.072053	-27.721909	1.099292	-1.274367	-28.097938	-0.039269	-2.038014	-27.702026	1.068456	-1.275243	-28.111425	-0.071435	-2.055027	-28.163179	0.978425	-1.169569	-28.219494	1.029372	-1.175525	-27.886351	1.023023	-1.337813	-27.926490	1.037291	-1.362049	-28.194190	0.476504	-1.129541	-27.891753	0.457592	-1.343053	-28.178136	-0.087712	-1.079277	-28.230135	-0.028566	-1.159884	-27.869120	-0.076848	-1.319428	-27.910229	-0.040290	-1.328435
1732	24.049552	00:00:24:04	-28.029445	1.713536	-1.201236	-27.935479	1.615229	-1.188644	-28.030929	1.572595	-1.134608	-28.048267	1.608332	-1.270263	-28.026538	1.575655	-1.248455	-28.160339	1.580990	-1.184521	-27.916444	1.630144	-1.346221	-27.952258	1.339026	-1.193593	-28.018893	0.781268	-1.724039	-27.726696	1.100876	-1.282155	-28.082608	-0.049215	-2.052826	-27.688617	1.077443	-1.272217	-28.066281	-0.041349	-2.080937	-27.702950	1.090391	-1.270610	-28.077511	-0.045396	-2.067887	-28.177161	0.961220	-1.144115	-28.206486	1.057321	-1.152889	-27.855247	0.985170	-1.324707	-27.907137	1.012683	-1.339182	-28.212579	0.469908	-1.095424	-27.871468	0.472160	-1.327529	-28.171780	-0.085916	-1.134766	-28.193039	-0.056844	-1.127349	-27.875863	-0.063853	-1.313718	-27.896044	-0.045470	-1.361584
1733	24.063446	00:00:24:05	-28.002241	1.710618	-1.234774	-27.954820	1.572925	-1.165546	-28.030935	1.599669	-1.121877	-28.047891	1.605676	-1.256342	-28.023456	1.579610	-1.246104	-28.173289	1.609203	-1.191768	-27.951856	1.606989	-1.348661	-27.928511	1.330431	-1.210572	-28.003866	0.774168	-1.706294	-27.703265	1.051573	-1.265777	-28.099598	-0.056867	-2.072944	-27.711410	1.040011	-1.249293	-28.094388	-0.075319	-2.031149	-27.705913	1.091005	-1.263931	-28.118628	-0.085822	-2.049267	-28.190801	0.983202	-1.143807	-28.180154	1.015019	-1.166682	-27.928312	0.959819	-1.309257	-27.907159	1.038201	-1.337104	-28.165673	0.461888	-1.149072	-27.934788	0.504806	-1.320357	-28.184337	-0.050937	-1.137993	-28.198729	-0.012921	-1.184334	-27.856440	-0.061586	-1.345892	-27.911697	-0.024407	-1.328605
1734	24.077339	00:00:24:06	-28.036793	1.692698	-1.200318	-27.918579	1.590480	-1.171205	-28.047130	1.619189	-1.076422	-28.037900	1.592585	-1.301255	-28.023665	1.567827	-1.265883	-28.189097	1.636664	-1.191134	-27.927654	1.601831	-1.334015	-27.925378	1.339954	-1.231822	-28.003493	0.770335	-1.689578	-27.691806	1.074050	-1.221791	-28.082982	-0.032667	-2.061262	-27.695639	1.116957	-1.274802	-28.101430	-0.065470	-2.045797	-27.691539	1.103276	-1.272321	-28.083676	-0.054070	-2.091478	-28.187648	0.997357	-1.139879	-28.214307	1.035895	-1.165339	-27.898123	0.994870	-1.337670	-27.902699	1.038751	-1.384604	-28.184016	0.464961	-1.160273	-27.851183	0.483174	-1.310837	-28.185605	-0.058420	-1.086940	-28.201830	-0.048814	-1.138018	-27.890002	-0.070905	-1.326568	-27.920214	0.002220	-1.339298
1735	24.091233	00:00:24:07	-28.040125	1.719571	-1.237765	-27.938334	1.622774	-1.180917	-28.046124	1.639189	-1.093323	-28.067762	1.601437	-1.237979	-28.026646	1.565285	-1.246326	-28.182162	1.625892	-1.209313	-27.912490	1.592606	-1.347224	-27.914245	1.340866	-1.235745	-28.011265	0.785089	-1.715779	-27.671212	1.060772	-1.241657	-28.090358	-0.042328	-2.090381	-27.690939	1.079656	-1.257161	-28.109932	-0.066884	-2.068441	-27.692480	1.080674	-1.248470	-28.068894	-0.058914	-2.051814	-28.202620	0.983309	-1.138636	-28.207364	1.027484	-1.164737	-27.894506	0.978776	-1.350007	-27.920599	1.026771	-1.340201	-28.208940	0.462005	-1.129796	-27.887614	0.504766	-1.352910	-28.202629	-0.075501	-1.123063	-28.178667	-0.026223	-1.172080	-27.890196	-0.074968	-1.283889	-27.903608	-0.025529	-1.335074
1736	24.105126	00:00:24:08	-28.026250	1.720876	-1.191346	-27.942184	1.597196	-1.167893	-28.020029	1.591089	-1.135975	-28.054436	1.558223	-1.287386	-28.070697	1.586922	-1.273702	-28.165035	1.606755	-1.194947	-27.937402	1.617558	-1.333941	-27.927111	1.367068	-1.205537	-28.019266	0.769630	-1.682689	-27.673242	1.090079	-1.279173	-28.047736	-0.035056	-2.073433	-27.690360	1.071097	-1.253800	-28.083952	-0.010427	-2.079725	-27.693356	1.083150	-1.261894	-28.083484	-0.060690	-2.042416	-28.196175	0.975986	-1.146052	-28.185589	1.049573	-1.194319	-27.892428	0.968159	-1.306127	-27.914078	1.003338	-1.375517	-28.160709	0.476845	-1.140838	-27.888337	0.491758	-1.329490	-28.201651	-0.085525	-1.142391	-28.196625	-0.039626	-1.146487	-27.888379	-0.077080	-1.312451	-27.864822	-0.038646	-1.315509
1737	24.119019	00:00:24:09	-28.003491	1.709148	-1.233493	-27.964912	1.596099	-1.176259	-28.052718	1.606079	-1.141092	-28.051972	1.619664	-1.254478	-28.052643	1.547617	-1.233502	-28.189182	1.599347	-1.187928	-27.919542	1.612158	-1.369953	-27.950262	1.299853	-1.241113	-28.035700	0.748568	-1.693462	-27.709627	1.058849	-1.251773	-28.089743	-0.041775	-2.056525	-27.696234	1.037708	-1.237403	-28.102148	-0.040792	-2.095792	-27.690329	1.110631	-1.257808	-28.101499	-0.057402	-2.067242	-28.181247	0.982986	-1.147756	-28.195842	1.034969	-1.197944	-27.910008	0.975782	-1.331277	-27.889714	1.041660	-1.367644	-28.182391	0.466003	-1.141024	-27.872606	0.483122	-1.331415	-28.184623	-0.076400	-1.095069	-28.178135	-0.017476	-1.164825	-27.888295	-0.101373	-1.338520	-27.889738	-0.030600	-1.353365
1738	24.132913	00:00:24:10	-28.043489	1.734652	-1.198974	-27.920200	1.604209	-1.185246	-28.048378	1.595956	-1.117970	-28.057065	1.599678	-1.241478	-28.015510	1.565744	-1.205176	-28.169240	1.584646	-1.181708	-27.910196	1.579663	-1.316008	-27.903764	1.329370	-1.234187	-28.037651	0.841337	-1.692950	-27.678200	1.066992	-1.272559	-28.079901	-0.033135	-2.083445	-27.689550	1.071416	-1.287806	-28.093799	-0.068231	-2.065736	-27.725706	1.085204	-1.263550	-28.110482	-0.062042	-2.049770	-28.168700	0.975665	-1.160608	-28.188673	1.060915	-1.161348	-27.888167	0.975631	-1.350034	-27.900409	1.039423	-1.335253	-28.189919	0.461479	-1.136822	-27.899476	0.462334	-1.345681	-28.184672	-0.061091	-1.127030	-28.200628	-0.021194	-1.178758	-27.896262	-0.042432	-1.295410	-27.887681	-0.030941	-1.361012
1739	24.146806	00:00:24:11	-28.035619	1.693520	-1.210897	-27.916812	1.591814	-1.187544	-28.026313	1.617866	-1.136388	-28.027265	1.604531	-1.234386	-28.025716	1.529620	-1.239004	-28.178990	1.590599	-1.197469	-27.904326	1.612217	-1.350115	-27.911040	1.306534	-1.214903	-28.019799	0.783271	-1.714581	-27.704298	1.095907	-1.297534	-28.106452	-0.035071	-2.058786	-27.704196	1.091986	-1.258400	-28.112466	-0.014814	-2.072248	-27.686683	1.065617	-1.269985	-28.080592	-0.010451	-2.082075	-28.188042	0.995636	-1.149449	-28.222953	1.043543	-1.138092	-27.897366	1.006798	-1.347128	-27.933796	1.033552	-1.341220	-28.192579	0.490797	-1.189757	-27.911862	0.464039	-1.310683	-28.197997	-0.085840	-1.117933	-28.206308	-0.032523	-1.138760	-27.875864	-0.052185	-1.338931	-27.883437	-0.037839	-1.337688
1740	24.160700	00:00:24:12	-28.010326	1.690954	-1.215057	-27.952823	1.594223	-1.163109	-28.022749	1.608218	-1.129856	-28.063187	1.590007	-1.294625	-28.072582	1.555068	-1.243243	-28.154268	1.572493	-1.173272	-27.913127	1.608920	-1.356320	-27.957086	1.317927	-1.225521	-28.025946	0.790461	-1.708603	-27.706491	1.080290	-1.274942	-28.098657	-0.047391	-2.046497	-27.696956	1.064388	-1.240211	-28.078703	-0.062098	-2.073613	-27.718408	1.037530	-1.282918	-28.080115	-0.052246	-2.075671	-28.184945	1.000886	-1.171843	-28.209675	1.048364	-1.188177	-27.897935	0.978206	-1.342660	-27.901094	1.053105	-1.351762	-28.207126	0.512640	-1.154230	-27.898216	0.480269	-1.347276	-28.191195	-0.076713	-1.136140	-28.244194	-0.049259	-1.157289	-27.891942	-0.078685	-1.307760	-27.897913	-0.018554	-1.359448
1741	24.174593	00:00:24:13	-28.016340	1.734722	-1.227976	-27.928554	1.610396	-1.202163	-28.035338	1.584581	-1.133469	-28.083733	1.609153	-1.237015	-28.041084	1.545942	-1.226450	-28.179413	1.588817	-1.166154	-27.924248	1.613417	-1.336598	-27.927294	1.320408	-1.190382	-28.023789	0.774862	-1.674817	-27.688914	1.101625	-1.266455	-28.092128	-0.036028	-2.072620	-27.722791	1.080327	-1.280250	-28.112439	-0.066653	-2.069618	-27.732559	1.056258	-1.253227	-28.098597	-0.072941	-2.059657	-28.191866	0.979828	-1.144034	-28.227444	1.012303	-1.174243	-27.892384	0.985980	-1.323469	-27.912895	1.004211	-1.329198	-28.195799	0.490974	-1.122838	-27.878929	0.494287	-1.325815	-28.194152	-0.085734	-1.109506	-28.154212	-0.040532	-1.154234	-27.886362	-0.084382	-1.309971	-27.887552	-0.038089	-1.326494
1742	24.188487	00:00:24:14	-28.023772	1.711918	-1.214818	-27.939008	1.629092	-1.190849	-28.039366	1.585278	-1.102894	-28.047012	1.603616	-1.255877	-28.024609	1.573673	-1.241788	-28.161131	1.584180	-1.164657	-27.909246	1.582122	-1.317917	-27.958005	1.301224	-1.243845	-28.007339	0.785431	-1.701243	-27.702505	1.069067	-1.265434	-28.097149	-0.048902	-2.023952	-27.728476	1.049764	-1.282569	-28.119972	-0.058541	-2.042447	-27.729802	1.083829	-1.281441	-28.087276	-0.058479	-2.053859	-28.190614	0.982073	-1.130757	-28.201152	1.033624	-1.166426	-27.887184	0.997712	-1.352862	-27.935515	1.012322	-1.328238	-28.190044	0.492312	-1.158745	-27.889267	0.484037	-1.340471	-28.193364	-0.092663	-1.119671	-28.193209	-0.039088	-1.126166	-27.909913	-0.049483	-1.306377	-27.906504	-0.022017	-1.334384
1743	24.202380	00:00:24:15	-28.016312	1.705102	-1.197266	-27.942650	1.598848	-1.199571	-28.048265	1.623075	-1.109228	-28.041641	1.609659	-1.259038	-28.019427	1.547738	-1.218410	-28.180108	1.580392	-1.196009	-27.942567	1.624170	-1.359921	-27.972615	1.378699	-1.232686	-27.996319	0.780649	-1.707239	-27.709959	1.066029	-1.253186	-28.070829	-0.047770	-2.071107	-27.725326	1.027878	-1.286568	-28.062949	-0.015783	-2.079589	-27.732385	1.047694	-1.262828	-28.098341	-0.084561	-2.133839	-28.172606	0.982891	-1.135675	-28.192966	1.055335	-1.157617	-27.862873	1.005769	-1.347741	-27.902423	1.035366	-1.328823	-28.211866	0.468853	-1.132727	-27.861494	0.463248	-1.375361	-28.219513	-0.099202	-1.119546	-28.228664	-0.058749	-1.160519	-27.860836	-0.074881	-1.329064	-27.891071	-0.018752	-1.328559
1744	24.216274	00:00:24:16	-28.021576	1.709864	-1.205441	-27.943912	1.607977	-1.218295	-28.043152	1.591486	-1.119688	-28.041620	1.588134	-1.269124	-28.042010	1.580271	-1.205391	-28.187065	1.658488	-1.171619	-27.935555	1.589505	-1.345094	-27.912609	1.357069	-1.238288	-28.002870	0.789716	-1.671383	-27.727737	1.061225	-1.268407	-28.079327	-0.035224	-2.059569	-27.713992	1.075306	-1.272142	-28.074530	-0.037322	-2.055697	-27.710594	1.065156	-1.257161	-28.110804	-0.007545	-2.115427	-28.154673	0.981700	-1.130826	-28.204436	1.022541	-1.174358	-27.881492	0.980410	-1.311053	-27.895488	1.037297	-1.365410	-28.167665	0.530941	-1.129706	-27.886361	0.455942	-1.335138	-28.201120	-0.091602	-1.126964	-28.207530	-0.038486	-1.154857	-27.870457	-0.088854	-1.322283	-27.888861	-0.009547	-1.299912
1745	24.230167	00:00:24:17	-28.045172	1.710851	-1.195783	-27.940163	1.580463	-1.164282	-28.016452	1.602416	-1.102901	-28.040028	1.618510	-1.260352	-28.046276	1.560753	-1.232975	-28.149945	1.575783	-1.133895	-27.912436	1.624810	-1.330232	-27.953950	1.331036	-1.214839	-28.014436	0.747071	-1.669496	-27.677462	1.052287	-1.277194	-28.080210	-0.082504	-2.063006	-27.701375	1.055951	-1.259390	-28.111635	-0.041046	-2.035713	-27.669590	1.068114	-1.266134	-28.086319	-0.038567	-2.046428	-28.177084	0.981191	-1.168865	-28.209246	1.062856	-1.160555	-27.934250	0.988747	-1.317021	-27.907350	1.038831	-1.354666	-28.202885	0.478559	-1.143453	-27.898938	0.472943	-1.317398	-28.189128	-0.084252	-1.092156	-28.199104	-0.068293	-1.171329	-27.890008	-0.071593	-1.291162	-27.870963	-0.034219	-1.348798
1746	24.244060	00:00:24:18	-28.006418	1.720397	-1.204034	-27.938136	1.617247	-1.176669	-28.063161	1.604852	-1.131859	-28.030808	1.586067	-1.270160	-28.026678	1.571312	-1.244837	-28.159073	1.590803	-1.178761	-27.920357	1.583058	-1.303190	-27.942332	1.315391	-1.250293	-28.000960	0.800695	-1.713367	-27.696099	1.059637	-1.273855	-28.109269	-0.044144	-2.038905	-27.739077	1.066563	-1.271599	-28.064971	-0.019595	-2.032415	-27.673681	1.082026	-1.250624	-28.075564	-0.057030	-2.065895	-28.181540	1.003951	-1.140839	-28.187865	1.025593	-1.204214	-27.875913	0.967327	-1.340397	-27.919491	1.028459	-1.327792	-28.205139	0.509169	-1.176622	-27.854612	0.474364	-1.323572	-28.172814	-0.049656	-1.122402	-28.222585	-0.022767	-1.146409	-27.881300	-0.080155	-1.285793	-27.893176	0.000641	-1.343667
1747	24.257954	00:00:24:19	-28.009152	1.698841	-1.239162	-27.933553	1.619294	-1.193857	-28.026322	1.599102	-1.134204	-28.055677	1.614455	-1.236189	-28.026269	1.585780	-1.261049	-28.158475	1.568094	-1.181312	-27.896830	1.636143	-1.346733	-27.941402	1.286897	-1.212587	-28.010668	0.746826	-1.696690	-27.729093	1.079189	-1.263563	-28.075928	-0.030423	-2.068251	-27.698487	1.084546	-1.250965	-28.107932	-0.055004	-2.062529	-27.717361	1.085146	-1.275064	-28.083307	-0.034645	-2.053251	-28.185247	0.979399	-1.172877	-28.204056	1.016750	-1.170876	-27.880614	0.975750	-1.351343	-27.902265	1.013437	-1.354740	-28.224156	0.463063	-1.147487	-27.845508	0.473333	-1.349999	-28.177840	-0.098573	-1.100487	-28.185222	-0.027605	-1.173545	-27.908291	-0.060993	-1.288466	-27.894035	-0.045575	-1.324474
1748	24.271847	00:00:24:20	-28.009751	1.706521	-1.220889	-27.900783	1.600832	-1.130731	-28.042311	1.589866	-1.133812	-28.065755	1.624930	-1.268119	-28.028413	1.603925	-1.256786	-28.187162	1.598138	-1.170417	-27.920217	1.599243	-1.319704	-27.942562	1.316338	-1.240709	-28.025643	0.792159	-1.668587	-27.701124	1.097698	-1.287280	-28.087239	-0.018969	-2.054086	-27.701178	1.059219	-1.279823	-28.118218	-0.068676	-2.067025	-27.703338	1.086835	-1.278564	-28.091233	-0.045948	-2.038210	-28.190364	0.955862	-1.129105	-28.191508	1.046997	-1.202191	-27.887544	0.975392	-1.344630	-27.910589	1.025846	-1.346659	-28.214013	0.479150	-1.145397	-27.896908	0.477586	-1.361147	-28.198699	-0.107143	-1.107075	-28.191240	-0.006712	-1.168179	-27.911164	-0.079935	-1.315806	-27.907549	-0.010674	-1.327231
1749	24.285741	00:00:24:21	-28.008326	1.700034	-1.184824	-27.917416	1.618927	-1.183630	-28.017701	1.600128	-1.085088	-28.047321	1.602585	-1.237881	-28.043711	1.559633	-1.247133	-28.182236	1.615738	-1.181288	-27.912384	1.578608	-1.336481	-27.984558	1.324374	-1.234149	-28.004523	0.758680	-1.704682	-27.708565	1.068287	-1.256801	-28.087198	-0.011528	-2.062777	-27.729441	1.049398	-1.276687	-28.103244	-0.065572	-2.062701	-27.705288	1.083649	-1.263754	-28.065462	-0.044737	-2.064920	-28.192115	1.004092	-1.150618	-28.198658	1.025155	-1.180317	-27.863976	0.993062	-1.301557	-27.904042	0.989956	-1.377530	-28.183220	0.493196	-1.140524	-27.896877	0.461642	-1.329293	-28.191564	-0.083327	-1.137400	-28.209028	-0.027817	-1.143832	-27.882921	-0.044803	-1.301942	-27.928904	-0.027500	-1.370202
1750	24.299634	00:00:24:22	-28.030272	1.716496	-1.205297	-27.936867	1.589171	-1.180628	-28.020767	1.569057	-1.094640	-28.055844	1.573902	-1.250753	-28.040614	1.584420	-1.243612	-28.176958	1.624807	-1.193074	-27.914110	1.600181	-1.317017	-27.937938	1.316240	-1.234279	-28.014919	0.791420	-1.705823	-27.709886	1.073834	-1.302851	-28.073666	-0.030196	-2.054034	-27.705974	1.064367	-1.299231	-28.118319	-0.062052	-2.058107	-27.710012	1.128293	-1.258375	-28.096159	-0.040227	-2.064236	-28.204350	0.990648	-1.165904	-28.200743	1.034932	-1.167151	-27.902337	0.998189	-1.306288	-27.879059	1.014800	-1.349310	-28.177346	0.461314	-1.176687	-27.900622	0.484878	-1.342993	-28.166312	-0.097744	-1.155591	-28.196446	-0.007313	-1.160594	-27.885899	-0.079862	-1.296633	-27.875818	-0.085311	-1.355125
1751	24.313528	00:00:24:23	-28.023633	1.710218	-1.202189	-27.958669	1.625577	-1.147028	-28.028669	1.631199	-1.104575	-28.001884	1.593253	-1.266934	-28.033344	1.570298	-1.264114	-28.158384	1.608390	-1.169356	-27.926705	1.632387	-1.350286	-27.955609	1.335240	-1.219750	-28.016961	0.748326	-1.711627	-27.713140	1.126949	-1.269720	-28.088765	-0.045509	-2.056579	-27.703471	1.086713	-1.272303	-28.072565	-0.037372	-2.040581	-27.713112	1.063186	-1.245953	-28.079614	-0.044771	-2.079504	-28.181496	0.983963	-1.179580	-28.203757	1.027288	-1.175672	-27.888791	0.978537	-1.324556	-27.864641	1.023997	-1.341406	-28.194286	0.507490	-1.164144	-27.881696	0.480466	-1.336949	-28.178875	-0.085504	-1.121009	-28.212712	-0.006568	-1.159712	-27.898287	-0.096831	-1.286870	-27.901268	-0.000554	-1.322763
1752	24.327421	00:00:24:24	-28.011152	1.715031	-1.216115	-27.906863	1.625501	-1.181123	-28.039173	1.629980	-1.127416	-28.056161	1.600958	-1.255227	-28.056294	1.596043	-1.259187	-28.169234	1.619248	-1.205712	-27.934175	1.589859	-1.333418	-27.907642	1.354003	-1.199147	-28.049768	0.769813	-1.687736	-27.684603	1.080001	-1.287148	-28.068369	-0.023597	-2.095288	-27.709724	1.080061	-1.296160	-28.100465	-0.044190	-2.096081	-27.717077	1.079930	-1.298558	-28.114488	-0.033916	-2.041366	-28.215269	0.987278	-1.144624	-28.236783	1.037376	-1.173601	-27.884012	0.980118	-1.299915	-27.886017	1.052097	-1.339443	-28.202857	0.472561	-1.098854	-27.885992	0.501587	-1.345393	-28.175371	-0.085519	-1.128794	-28.235718	-0.037718	-1.153412	-27.844238	-0.086979	-1.318294	-27.883871	-0.051024	-1.335407
1753	24.341315	00:00:24:25	-28.029019	1.715842	-1.188395	-27.954832	1.587203	-1.139194	-28.040677	1.584828	-1.067606	-28.048288	1.620179	-1.260707	-28.037975	1.566010	-1.251202	-28.163344	1.615355	-1.218518	-27.889762	1.597855	-1.322890	-27.950675	1.357969	-1.217287	-28.007341	0.781410	-1.708346	-27.706623	1.085021	-1.263065	-28.103285	-0.047025	-2.065014	-27.716026	1.061728	-1.267819	-28.087210	-0.057278	-2.051208	-27.722532	1.098437	-1.279571	-28.107135	-0.039871	-2.042977	-28.227162	0.975800	-1.124323	-28.182801	1.005479	-1.158778	-27.887284	1.009196	-1.268769	-27.916632	1.046512	-1.354153	-28.195870	0.484050	-1.159616	-27.889958	0.466975	-1.350474	-28.195672	-0.086644	-1.076288	-28.223608	-0.045491	-1.159905	-27.890110	-0.055105	-1.322885	-27.865871	-0.026561	-1.358474
1754	24.355208	00:00:24:26	-27.992129	1.677719	-1.182282	-27.927354	1.616224	-1.150852	-28.040309	1.612354	-1.121396	-28.027720	1.618066	-1.289869	-28.045022	1.561319	-1.236673	-28.170038	1.623381	-1.152884	-27.921403	1.599935	-1.326577	-27.952597	1.341686	-1.244139	-28.023329	0.785584	-1.709849	-27.695715	1.089969	-1.251150	-28.060007	-0.032017	-2.029733	-27.701059	1.068965	-1.265741	-28.128498	-0.064674	-2.079587	-27.668202	1.053883	-1.258438	-28.057637	-0.063940	-2.056136	-28.176601	1.017433	-1.142928	-28.215736	1.045222	-1.198050	-27.898618	0.997960	-1.338037	-27.934305	1.036487	-1.354605	-28.176375	0.474757	-1.159424	-27.883775	0.452923	-1.363083	-28.219408	-0.066216	-1.106376	-28.207480	-0.034546	-1.165061	-27.900317	-0.070278	-1.284024	-27.893246	-0.054739	-1.320547
1755	24.369101	00:00:24:27	-28.025716	1.692741	-1.200909	-27.916218	1.634332	-1.188609	-28.035708	1.618260	-1.125342	-28.038675	1.598629	-1.249632	-28.063844	1.575166	-1.249893	-28.169832	1.609023	-1.180447	-27.911633	1.611437	-1.331243	-27.982509	1.331810	-1.206825	-28.016603	0.792524	-1.739142	-27.717500	1.068465	-1.264183	-28.109329	-0.053988	-2.096615	-27.709225	1.077768	-1.255858	-28.107502	-0.050991	-2.040444	-27.743274	1.074930	-1.272632	-28.091432	-0.041149	-2.055007	-28.187714	0.997118	-1.140491	-28.222582	1.057513	-1.164858	-27.865022	0.965950	-1.350275	-27.909622	1.059257	-1.340810	-28.180677	0.482216	-1.140481	-27.927138	0.492424	-1.325862	-28.173698	-0.057905	-1.132866	-28.213575	-0.022684	-1.202060	-27.873322	-0.086556	-1.299860	-27.879482	-0.016844	-1.345141
1756	24.382995	00:00:24:28	-28.021968	1.709741	-1.193847	-27.937423	1.624036	-1.189465	-28.056374	1.621152	-1.132401	-28.058083	1.618618	-1.241667	-28.042570	1.551618	-1.276060	-28.198543	1.637100	-1.171723	-27.939659	1.558691	-1.324537	-27.926134	1.319749	-1.214276	-28.030635	0.778104	-1.704393	-27.694613	1.092514	-1.275920	-28.098852	-0.067700	-2.026818	-27.721970	1.058249	-1.300216	-28.079901	-0.044008	-2.041531	-27.690095	1.049966	-1.288665	-28.113166	-0.066628	-2.021315	-28.174354	0.971379	-1.140836	-28.219797	1.015403	-1.149931	-27.899490	0.994610	-1.323951	-27.921675	1.059599	-1.362971	-28.201930	0.488035	-1.143026	-27.894638	0.471411	-1.322947	-28.199347	-0.055821	-1.128076	-28.220151	-0.028973	-1.172014	-27.891028	-0.093636	-1.310557	-27.897491	-0.030156	-1.345839
1757	24.396888	00:00:24:29	-28.006852	1.732705	-1.233399	-27.915904	1.597511	-1.193794	-27.997110	1.596871	-1.140211	-28.059386	1.635516	-1.261299	-28.035913	1.569579	-1.231642	-28.162273	1.594965	-1.179510	-27.963502	1.602784	-1.334370	-27.973512	1.317006	-1.223848	-28.022123	0.747963	-1.715797	-27.682749	1.065063	-1.280195	-28.104366	-0.042483	-2.047916	-27.694458	1.091412	-1.270526	-28.084811	-0.035533	-2.039910	-27.709951	1.073398	-1.296269	-28.090365	-0.050290	-2.058523	-28.196463	0.988185	-1.157336	-28.232389	1.026127	-1.171045	-27.885095	0.987802	-1.335924	-27.882402	1.059315	-1.348025	-28.207050	0.485434	-1.151729	-27.878490	0.465722	-1.325852	-28.209788	-0.080682	-1.091275	-28.225300	-0.041723	-1.157367	-27.889890	-0.065695	-1.293495	-27.878304	-0.029593	-1.372899
1758	24.410782	00:00:24:30	-28.036106	1.704020	-1.221855	-27.891030	1.618685	-1.167953	-28.037402	1.614629	-1.106367	-28.038181	1.582648	-1.257080	-28.045836	1.583703	-1.255010	-28.201486	1.633424	-1.178824	-27.912685	1.638294	-1.325265	-27.939466	1.337077	-1.260094	-27.981199	0.785700	-1.666018	-27.721747	1.061869	-1.294363	-28.131480	-0.022519	-2.099089	-27.688262	1.093535	-1.271015	-28.072444	-0.052471	-2.045747	-27.714126	1.100693	-1.306557	-28.102254	-0.021455	-2.056753	-28.168959	0.966398	-1.135669	-28.219744	1.067089	-1.181617	-27.888862	0.968907	-1.322225	-27.893973	1.039446	-1.367193	-28.181166	0.472898	-1.135189	-27.897332	0.474967	-1.350375	-28.176840	-0.068077	-1.122728	-28.208096	-0.037543	-1.187829	-27.863647	-0.075118	-1.294563	-27.935900	-0.031864	-1.347015
1759	24.424675	00:00:24:31	-27.997734	1.689055	-1.215420	-27.910430	1.639135	-1.173475	-28.037500	1.591043	-1.130900	-28.037246	1.585211	-1.257211	-28.064892	1.546166	-1.216606	-28.183654	1.610017	-1.179122	-27.932573	1.561103	-1.340814	-27.936263	1.326028	-1.226708	-28.012270	0.770664	-1.693645	-27.726245	1.062921	-1.258730	-28.063803	-0.023517	-2.056869	-27.681920	1.063185	-1.268538	-28.080148	-0.065399	-2.041369	-27.720349	1.058569	-1.286748	-28.093553	-0.045112	-2.051291	-28.200171	1.004754	-1.149582	-28.225841	1.026017	-1.136375	-27.890127	0.995554	-1.331125	-27.901527	1.038485	-1.358168	-28.207974	0.483848	-1.144141	-27.916126	0.485978	-1.328583	-28.183008	-0.099933	-1.139877	-28.213333	0.007621	-1.141584	-27.875255	-0.071065	-1.318758	-27.886527	-0.032390	-1.319891
1760	24.438569	00:00:24:32	-28.031847	1.695317	-1.202419	-27.930533	1.613951	-1.156721	-28.006060	1.591178	-1.113296	-28.054294	1.614617	-1.278052	-28.037993	1.589589	-1.222899	-28.157909	1.631515	-1.172921	-27.923271	1.596567	-1.343733	-27.943900	1.328113	-1.214999	-27.984336	0.773014	-1.696313	-27.704818	1.056176	-1.298638	-28.121897	-0.023474	-2.051677	-27.705895	1.064427	-1.272249	-28.096885	-0.060492	-2.045702	-27.733468	1.082610	-1.300881	-28.091523	-0.034242	-2.048503	-28.199827	0.997773	-1.112546	-28.249288	1.006897	-1.142253	-27.901452	0.983121	-1.331930	-27.922732	1.020252	-1.391024	-28.190700	0.489608	-1.168674	-27.885288	0.463773	-1.311321	-28.192416	-0.058568	-1.112298	-28.209577	0.003505	-1.182135	-27.900612	-0.092394	-1.299626	-27.908329	-0.016322	-1.329726
1761	24.452462	00:00:24:33	-28.012166	1.697703	-1.210657	-27.895140	1.600474	-1.159987	-28.004008	1.570206	-1.109178	-28.052411	1.580178	-1.270411	-28.043355	1.519091	-1.235879	-28.153883	1.578121	-1.184051	-27.898448	1.614515	-1.324511	-27.964009	1.337899	-1.252332	-28.021452	0.798889	-1.688721	-27.683155	1.095421	-1.290177	-28.102092	-0.003511	-2.074094	-27.697501	1.063680	-1.254242	-28.066457	-0.037542	-2.057871	-27.693941	1.092047	-1.311828	-28.083455	-0.058038	-2.046730	-28.186163	1.008597	-1.142294	-28.247327	1.023429	-1.191709	-27.876720	1.009613	-1.311357	-27.868259	1.036473	-1.382482	-28.211058	0.472030	-1.113017	-27.884126	0.461018	-1.305197	-28.187469	-0.106505	-1.123813	-28.209125	-0.045261	-1.123344	-27.895116	-0.103551	-1.344751	-27.878645	-0.056032	-1.342722
1762	24.466356	00:00:24:34	-28.010153	1.686777	-1.231529	-27.931650	1.596057	-1.181736	-28.056997	1.599506	-1.115061	-28.058546	1.595592	-1.259886	-28.036787	1.591152	-1.251222	-28.179612	1.610982	-1.180500	-27.949183	1.608446	-1.315939	-27.930526	1.349909	-1.212266	-27.992667	0.783366	-1.702348	-27.708958	1.063644	-1.270633	-28.085874	-0.041419	-2.067137	-27.703774	1.047624	-1.302162	-28.105196	-0.045860	-2.067729	-27.702272	1.034878	-1.293867	-28.073513	-0.066415	-2.066594	-28.171470	0.958259	-1.177656	-28.230055	1.046538	-1.159150	-27.862528	1.009660	-1.334813	-27.920319	1.049313	-1.344673	-28.206879	0.451112	-1.146221	-27.892220	0.472272	-1.319794	-28.207788	-0.073830	-1.101379	-28.220563	-0.022157	-1.169668	-27.925447	-0.080507	-1.324800	-27.893222	-0.007302	-1.354005
1763	24.480249	00:00:24:35	-28.029706	1.718544	-1.202363	-27.940994	1.590774	-1.152009	-28.000189	1.627293	-1.115761	-28.062472	1.615701	-1.263564	-28.029439	1.578010	-1.255987	-28.190129	1.620743	-1.181632	-27.914706	1.610012	-1.339987	-27.971594	1.362055	-1.216665	-28.013522	0.766070	-1.721630	-27.702150	1.066865	-1.272260	-28.085980	-0.057839	-2.068725	-27.726641	1.064258	-1.255566	-28.083267	-0.041991	-2.058913	-27.710879	1.051334	-1.273393	-28.091369	-0.035606	-2.044898	-28.183712	0.989939	-1.147899	-28.235492	1.045404	-1.168855	-27.923166	0.974529	-1.330078	-27.900850	1.050816	-1.384773	-28.188979	0.482051	-1.173229	-27.917154	0.494097	-1.321817	-28.202652	-0.090023	-1.121822	-28.227800	-0.035917	-1.143437	-27.915208	-0.090224	-1.328927	-27.893118	-0.072571	-1.332319
1764	24.494142	00:00:24:36	-28.000519	1.712160	-1.205062	-27.936555	1.642770	-1.168850	-28.019181	1.607145	-1.108695	-28.048406	1.603395	-1.252805	-28.043506	1.550168	-1.256084	-28.187093	1.596032	-1.155712	-27.920048	1.597908	-1.359606	-27.939904	1.325148	-1.230270	-28.021792	0.789171	-1.705979	-27.709885	1.073270	-1.321730	-28.096924	-0.021102	-2.058756	-27.695329	1.103970	-1.279964	-28.098914	-0.037499	-2.049593	-27.702305	1.071570	-1.288120	-28.079779	-0.038055	-2.053163	-28.197857	0.984550	-1.153606	-28.187190	1.040506	-1.164731	-27.873203	0.992209	-1.302946	-27.923031	1.044570	-1.347779	-28.172167	0.464083	-1.137822	-27.887199	0.465743	-1.309589	-28.160271	-0.069912	-1.140477	-28.203674	-0.015882	-1.180433	-27.871139	-0.083154	-1.307906	-27.899048	-0.041268	-1.352975
1765	24.508036	00:00:24:37	-28.011216	1.688230	-1.191674	-27.929809	1.619963	-1.164756	-28.048061	1.591098	-1.090540	-28.030275	1.630331	-1.252348	-28.065903	1.578163	-1.249494	-28.158568	1.598385	-1.192221	-27.906342	1.599594	-1.331508	-27.926484	1.379032	-1.222831	-27.998366	0.759084	-1.684587	-27.732799	1.058130	-1.278050	-28.090336	-0.035226	-2.064869	-27.681401	1.080930	-1.269839	-28.062763	-0.039333	-2.081295	-27.734051	1.059094	-1.293191	-28.107915	-0.036641	-2.033892	-28.165121	0.981200	-1.137366	-28.242242	1.049026	-1.165981	-27.875115	0.972608	-1.334732	-27.904749	1.034511	-1.362654	-28.166764	0.490104	-1.152756	-27.900172	0.442199	-1.331754	-28.179799	-0.095319	-1.134902	-28.202003	-0.033819	-1.138807	-27.907723	-0.080111	-1.263316	-27.888355	-0.038222	-1.339348
1766	24.521929	00:00:24:38	-28.014044	1.741121	-1.224301	-27.936444	1.629486	-1.174009	-28.027437	1.606919	-1.133410	-28.036873	1.609744	-1.235966	-28.027973	1.603183	-1.241572	-28.161378	1.637703	-1.195581	-27.912896	1.638463	-1.353582	-27.934535	1.318316	-1.257434	-28.021673	0.776385	-1.686309	-27.681147	1.066248	-1.304042	-28.103339	-0.055065	-2.075992	-27.720721	1.054762	-1.290386	-28.056671	-0.057310	-2.051749	-27.710385	1.065223	-1.266195	-28.122365	-0.033736	-2.087248	-28.188818	1.005465	-1.144854	-28.225899	1.013930	-1.168237	-27.865657	0.956092	-1.336423	-27.907637	1.040412	-1.368230	-28.202910	0.473295	-1.148103	-27.886940	0.493906	-1.337923	-28.170948	-0.061461	-1.103826	-28.231759	-0.000760	-1.169866	-27.867833	-0.094042	-1.317526	-27.903644	-0.036349	-1.310697
1767	24.535823	00:00:24:39	-28.038002	1.732121	-1.196470	-27.946265	1.619698	-1.193991	-28.060774	1.601098	-1.122610	-28.043437	1.616941	-1.268969	-28.036130	1.562752	-1.239970	-28.172434	1.606493	-1.195825	-27.922419	1.598501	-1.373642	-27.953794	1.331003	-1.230917	-28.030041	0.798370	-1.703027	-27.716577	1.058814	-1.327059	-28.079550	-0.026874	-2.074299	-27.725769	1.084684	-1.288857	-28.092127	-0.045539	-2.035335	-27.676496	1.061034	-1.267255	-28.062754	-0.043994	-2.046775	-28.208290	0.957821	-1.151224	-28.223753	1.048022	-1.163310	-27.898442	1.001593	-1.334637	-27.872504	1.044133	-1.346870	-28.191263	0.497065	-1.148898	-27.908194	0.460340	-1.336959	-28.179082	-0.050902	-1.107324	-28.192766	-0.040346	-1.126881	-27.850423	-0.073088	-1.311323	-27.915653	-0.034327	-1.330413
1768	24.549716	00:00:24:40	-28.002149	1.690119	-1.213682	-27.947867	1.599794	-1.184056	-28.056463	1.612920	-1.132655	-28.067695	1.622425	-1.269958	-28.027820	1.579914	-1.210825	-28.170637	1.571478	-1.193352	-27.932357	1.604710	-1.328444	-27.947931	1.305147	-1.232953	-28.027201	0.767972	-1.701570	-27.721757	1.087534	-1.295888	-28.094074	-0.043892	-2.079243	-27.698994	1.058431	-1.288837	-28.080311	-0.050893	-2.074543	-27.735514	1.088898	-1.296289	-28.098980	-0.082618	-2.040541	-28.175435	0.997628	-1.160723	-28.224467	1.022586	-1.164514	-27.903706	1.004105	-1.318604	-27.887847	1.023660	-1.361583	-28.194466	0.464969	-1.132347	-27.903894	0.474134	-1.323586	-28.187436	-0.095480	-1.111152	-28.221812	-0.024946	-1.185654	-27.895374	-0.073213	-1.309382	-27.887151	-0.044952	-1.332897
1769	24.563610	00:00:24:41	-28.005186	1.715545	-1.193365	-27.940337	1.595693	-1.138597	-28.058412	1.614803	-1.096916	-28.070080	1.598654	-1.262120	-28.049678	1.578418	-1.263951	-28.175693	1.586066	-1.139411	-27.922945	1.603966	-1.351880	-27.960009	1.379124	-1.261271	-28.016844	0.786437	-1.683381	-27.713492	1.081571	-1.284869	-28.099205	-0.051222	-2.062478	-27.696667	1.039240	-1.281101	-28.116262	-0.073717	-2.042700	-27.727455	1.076146	-1.266284	-28.112688	-0.049722	-2.102597	-28.192104	1.014924	-1.163661	-28.197124	1.030966	-1.130679	-27.866828	1.007870	-1.299401	-27.896126	1.061549	-1.370814	-28.241345	0.489738	-1.161421	-27.901291	0.502998	-1.317254	-28.199233	-0.085465	-1.140815	-28.211419	-0.017345	-1.145326	-27.899597	-0.106795	-1.298823	-27.908078	-0.065693	-1.337270
1770	24.577503	00:00:24:42	-28.021974	1.682514	-1.235523	-27.907435	1.585799	-1.196013	-28.021857	1.603567	-1.111362	-28.041887	1.621861	-1.263285	-28.037105	1.590248	-1.263031	-28.184021	1.616279	-1.188376	-27.916610	1.602064	-1.342603	-27.931831	1.334410	-1.236368	-28.014797	0.777285	-1.693390	-27.718112	1.059297	-1.288661	-28.110161	-0.034425	-2.044250	-27.714589	1.087536	-1.296098	-28.099907	-0.037454	-2.054862	-27.710714	1.047401	-1.276554	-28.072708	-0.016311	-2.067513	-28.179806	1.002372	-1.155858	-28.191731	1.041228	-1.186690	-27.873495	0.979156	-1.331145	-27.924287	1.022177	-1.368355	-28.197855	0.500322	-1.108451	-27.872630	0.495356	-1.365888	-28.190940	-0.086236	-1.142790	-28.203659	-0.012175	-1.148361	-27.878990	-0.027994	-1.291054	-27.935114	-0.041546	-1.345054
1771	24.591397	00:00:24:43	-28.030672	1.723587	-1.181582	-27.939667	1.633212	-1.173292	-28.038881	1.589327	-1.154129	-28.064532	1.624651	-1.251407	-28.048281	1.566076	-1.244081	-28.151492	1.595202	-1.170050	-27.918968	1.615235	-1.309066	-27.915446	1.349671	-1.254417	-28.021748	0.770275	-1.717383	-27.713229	1.065139	-1.274985	-28.095939	-0.027663	-2.066801	-27.718294	1.098160	-1.250754	-28.092822	-0.058739	-2.060944	-27.716584	1.097068	-1.258036	-28.062099	-0.054176	-2.069760	-28.184350	0.981176	-1.147151	-28.218770	1.056164	-1.171265	-27.857383	1.009873	-1.314070	-27.886639	1.031410	-1.317741	-28.193108	0.462370	-1.165452	-27.871423	0.508220	-1.341449	-28.184606	-0.103441	-1.115600	-28.224708	-0.007400	-1.162145	-27.882942	-0.072727	-1.297466	-27.871112	-0.048947	-1.347489
1772	24.605290	00:00:24:44	-28.058237	1.715828	-1.239529	-27.941021	1.622252	-1.174307	-28.029467	1.605691	-1.112435	-28.053298	1.626509	-1.254058	-28.079887	1.594275	-1.226805	-28.189742	1.622545	-1.187177	-27.968993	1.599159	-1.338891	-27.976793	1.361917	-1.223673	-27.997693	0.797353	-1.687030	-27.717748	1.073660	-1.263215	-28.090011	-0.054535	-2.093320	-27.716973	1.058629	-1.261969	-28.080719	-0.058468	-2.076242	-27.713996	1.085073	-1.288175	-28.087496	-0.039301	-2.020549	-28.173965	0.984625	-1.157532	-28.201115	1.056834	-1.178931	-27.901086	0.991085	-1.327723	-27.884502	1.041925	-1.360585	-28.181673	0.525211	-1.176325	-27.909841	0.465099	-1.316220	-28.201050	-0.048820	-1.113806	-28.221344	-0.008786	-1.162419	-27.859183	-0.104492	-1.292472	-27.902840	-0.061535	-1.336019
1773	24.619183	00:00:24:45	-28.035573	1.702897	-1.217925	-27.951000	1.564413	-1.178976	-28.039670	1.623645	-1.095889	-28.064112	1.619524	-1.251925	-28.072668	1.549990	-1.241961	-28.165509	1.621770	-1.151781	-27.943975	1.616240	-1.349696	-27.927774	1.336306	-1.237934	-28.017900	0.794157	-1.693308	-27.700936	1.104212	-1.306270	-28.086093	-0.061395	-2.065111	-27.717818	1.073686	-1.283531	-28.129682	-0.079680	-2.059628	-27.679640	1.083354	-1.303106	-28.096980	-0.074506	-2.063553	-28.192238	1.007303	-1.144427	-28.229533	1.030499	-1.185356	-27.899415	1.010122	-1.314304	-27.907809	1.037876	-1.347806	-28.266092	0.486848	-1.146321	-27.877633	0.450094	-1.306023	-28.170674	-0.095410	-1.117694	-28.235571	-0.048903	-1.163997	-27.872356	-0.073114	-1.300728	-27.916395	-0.023842	-1.326589
1774	24.633077	00:00:24:46	-27.997174	1.719669	-1.173239	-27.958637	1.642972	-1.167034	-28.022235	1.608132	-1.084687	-28.060820	1.590742	-1.219886	-28.019462	1.562304	-1.227173	-28.178362	1.618448	-1.161581	-27.941777	1.560577	-1.329328	-27.949944	1.327232	-1.231047	-28.017335	0.759785	-1.686616	-27.712407	1.078142	-1.254414	-28.106039	-0.052415	-2.064236	-27.712510	1.070670	-1.263957	-28.109999	-0.068690	-2.069605	-27.708139	1.059204	-1.292775	-28.094180	-0.037033	-2.056478	-28.231377	0.981014	-1.159418	-28.229178	1.024226	-1.169793	-27.876049	1.024221	-1.323039	-27.906564	1.068831	-1.344077	-28.210372	0.454976	-1.126610	-27.888990	0.519913	-1.302582	-28.202111	-0.080493	-1.129312	-28.190215	-0.014363	-1.152086	-27.888216	-0.084842	-1.310444	-27.913773	-0.044422	-1.370152
1775	24.646970	00:00:24:47	-28.049580	1.684029	-1.214148	-27.929780	1.595345	-1.174322	-28.036109	1.645893	-1.115605	-28.034533	1.583183	-1.273698	-28.028175	1.574687	-1.244162	-28.184625	1.597460	-1.177024	-27.893428	1.590883	-1.303524	-27.956006	1.314878	-1.256535	-27.995889	0.794106	-1.711229	-27.733135	1.087959	-1.294303	-28.108911	-0.043888	-2.095524	-27.708798	1.110877	-1.268833	-28.054125	-0.054432	-2.060408	-27.685547	1.062282	-1.286849	-28.075343	-0.026380	-2.099903	-28.201124	0.973264	-1.150658	-28.174252	1.027804	-1.186070	-27.867694	0.982963	-1.328680	-27.905072	1.044511	-1.347939	-28.192998	0.470774	-1.138006	-27.908916	0.462635	-1.328915	-28.183297	-0.102365	-1.143128	-28.191603	-0.015061	-1.173320	-27.890838	-0.060923	-1.281606	-27.907747	-0.044452	-1.330601
1776	24.660864	00:00:24:48	-27.994084	1.680630	-1.226155	-27.923683	1.612818	-1.175789	-28.009752	1.600585	-1.106250	-28.048907	1.641304	-1.271700	-28.066188	1.549603	-1.225235	-28.156120	1.582142	-1.175800	-27.922903	1.599690	-1.370063	-27.954472	1.296716	-1.231096	-28.045181	0.760997	-1.694566	-27.692489	1.075979	-1.260548	-28.064816	-0.073074	-2.058402	-27.697484	1.063079	-1.287958	-28.109210	-0.006019	-2.054062	-27.703005	1.084439	-1.271457	-28.073853	-0.011088	-2.099196	-28.184625	1.000577	-1.131177	-28.224907	1.036067	-1.176169	-27.865575	0.979379	-1.344717	-27.887884	1.057967	-1.362949	-28.190745	0.487810	-1.168981	-27.905345	0.501554	-1.323112	-28.171258	-0.116484	-1.134667	-28.224925	-0.082792	-1.177213	-27.887875	-0.099919	-1.339398	-27.909523	-0.043076	-1.332662
1777	24.674757	00:00:24:49	-28.051909	1.733123	-1.177528	-27.961625	1.603111	-1.144340	-28.034576	1.598299	-1.134222	-28.093417	1.590916	-1.250993	-28.042071	1.574746	-1.249193	-28.162390	1.637709	-1.164668	-27.931485	1.602288	-1.368905	-27.949887	1.313431	-1.218074	-28.022939	0.795560	-1.729141	-27.709837	1.084368	-1.287789	-28.094924	-0.047476	-2.063621	-27.733168	1.092395	-1.288483	-28.080846	-0.055018	-2.072991	-27.682460	1.067555	-1.297392	-28.096313	-0.074637	-2.072269	-28.174279	0.978320	-1.136864	-28.209425	1.011680	-1.169805	-27.891625	0.984791	-1.312393	-27.904722	1.019681	-1.348412	-28.175348	0.481159	-1.126163	-27.898956	0.468805	-1.366546	-28.204211	-0.066889	-1.130305	-28.229472	-0.034104	-1.165380	-27.907986	-0.110856	-1.318257	-27.909381	-0.050867	-1.360507
1778	24.688651	00:00:24:50	-28.002156	1.707500	-1.185722	-27.911181	1.624243	-1.186309	-28.056179	1.619762	-1.117074	-28.063747	1.603832	-1.258401	-28.037739	1.585106	-1.232008	-28.180344	1.596240	-1.195403	-27.940375	1.609198	-1.337410	-27.953469	1.317928	-1.243552	-28.005102	0.819288	-1.744491	-27.693517	1.046469	-1.286341	-28.097240	-0.023343	-2.061377	-27.719378	1.056474	-1.285507	-28.099982	-0.068540	-2.060053	-27.706115	1.046513	-1.292852	-28.077911	-0.044948	-2.020781	-28.214627	0.973057	-1.143899	-28.203304	1.043268	-1.190100	-27.910359	0.954511	-1.322338	-27.897704	1.052451	-1.369364	-28.185434	0.460380	-1.115138	-27.898158	0.482926	-1.310673	-28.181598	-0.047446	-1.146875	-28.195049	-0.004650	-1.150773	-27.882411	-0.080783	-1.308900	-27.903984	-0.021776	-1.346965
1779	24.702544	00:00:24:51	-28.006128	1.710931	-1.210650	-27.934213	1.570741	-1.176390	-28.050060	1.615016	-1.104854	-28.052000	1.629275	-1.266692	-28.047508	1.560848	-1.240610	-28.193602	1.575151	-1.177024	-27.919041	1.571450	-1.311253	-27.951805	1.361078	-1.204895	-28.001564	0.754459	-1.720261	-27.704284	1.095999	-1.281642	-28.098446	-0.040740	-2.070193	-27.712548	1.119003	-1.282175	-28.088553	-0.038072	-2.049619	-27.734088	1.073417	-1.281979	-28.116041	-0.012143	-2.016222	-28.181847	0.979245	-1.142638	-28.192087	1.058193	-1.179625	-27.892670	0.980742	-1.342101	-27.900799	1.020379	-1.340954	-28.215223	0.469039	-1.131395	-27.881584	0.491592	-1.312889	-28.155303	-0.098442	-1.144779	-28.227603	-0.036587	-1.163427	-27.905108	-0.080108	-1.323326	-27.905362	-0.039965	-1.304083
1780	24.716438	00:00:24:52	-28.023147	1.725018	-1.183064	-27.925167	1.592177	-1.176049	-28.030299	1.593430	-1.144328	-28.024899	1.621005	-1.240481	-28.032372	1.577491	-1.266509	-28.172247	1.608041	-1.192532	-27.938318	1.619215	-1.341968	-27.934231	1.336640	-1.226352	-27.965924	0.796320	-1.679101	-27.704431	1.084171	-1.298315	-28.106089	-0.051499	-2.068825	-27.694904	1.051487	-1.256861	-28.083509	-0.074337	-2.072257	-27.728830	1.073196	-1.305955	-28.076070	-0.054118	-2.064349	-28.167834	1.008283	-1.152791	-28.180916	1.000395	-1.158696	-27.871754	0.963911	-1.318432	-27.908494	1.060724	-1.363398	-28.203707	0.497175	-1.146159	-27.891145	0.469568	-1.312940	-28.220913	-0.107205	-1.119173	-28.168819	-0.017575	-1.157008	-27.908528	-0.085836	-1.309452	-27.881397	-0.023910	-1.302538
1781	24.730331	00:00:24:53	-28.016539	1.724546	-1.209489	-27.940122	1.584797	-1.194774	-28.043769	1.638209	-1.132343	-28.059307	1.609128	-1.257630	-28.026610	1.564949	-1.248622	-28.201353	1.571387	-1.195505	-27.931224	1.595696	-1.338760	-27.916278	1.314651	-1.198668	-27.999544	0.776836	-1.701087	-27.742869	1.085945	-1.262273	-28.110236	-0.031595	-2.064639	-27.688751	1.078721	-1.286667	-28.067890	-0.056157	-2.089375	-27.760110	1.075301	-1.286283	-28.119485	-0.051718	-2.063084	-28.225313	0.985125	-1.153044	-28.212418	1.031496	-1.179769	-27.870041	0.979312	-1.317312	-27.902873	1.035481	-1.363307	-28.228935	0.466690	-1.158016	-27.888962	0.476181	-1.337109	-28.159401	-0.075826	-1.125140	-28.180158	-0.009852	-1.146853	-27.889950	-0.077715	-1.286805	-27.938092	-0.028753	-1.338560
1782	24.744224	00:00:24:54	-28.027099	1.717912	-1.222937	-27.946852	1.619678	-1.136801	-28.015176	1.622365	-1.094706	-28.014518	1.621045	-1.267555	-28.077132	1.592592	-1.202545	-28.146812	1.604026	-1.170577	-27.909563	1.616507	-1.351449	-27.973481	1.340093	-1.231091	-28.005467	0.790546	-1.698571	-27.732974	1.078664	-1.280453	-28.083351	-0.043460	-2.086974	-27.715510	1.053834	-1.278899	-28.092908	0.007516	-2.071094	-27.747035	1.071814	-1.298175	-28.056275	-0.031434	-2.042142	-28.207835	0.969047	-1.135468	-28.218108	1.023578	-1.165082	-27.866676	0.999055	-1.360856	-27.906639	1.005375	-1.362672	-28.249738	0.464964	-1.175948	-27.892452	0.492888	-1.336720	-28.175991	-0.103715	-1.116989	-28.171013	-0.049953	-1.154427	-27.880981	-0.063562	-1.310479	-27.897718	-0.012553	-1.348422
1783	24.758118	00:00:24:55	-28.006607	1.743257	-1.206269	-27.949845	1.570022	-1.167000	-28.039261	1.581901	-1.082514	-28.040256	1.595995	-1.271236	-28.041118	1.601683	-1.247665	-28.202594	1.578409	-1.199962	-27.912865	1.622569	-1.317558	-27.940006	1.319030	-1.220950	-27.994928	0.760054	-1.677424	-27.712425	1.063082	-1.279980	-28.107298	-0.048269	-2.070979	-27.726710	1.068792	-1.282918	-28.100469	-0.059559	-2.086988	-27.735228	1.088378	-1.318340	-28.063113	-0.045758	-2.072087	-28.193234	0.985350	-1.142695	-28.221829	1.045734	-1.163995	-27.868780	0.972867	-1.328819	-27.892442	1.027131	-1.365424	-28.183239	0.495854	-1.140577	-27.901527	0.488533	-1.315010	-28.197598	-0.060137	-1.119463	-28.208261	-0.066860	-1.152002	-27.905166	-0.074064	-1.326271	-27.902397	-0.005829	-1.309503
1784	24.772011	00:00:24:56	-28.043483	1.711831	-1.206141	-27.942019	1.607321	-1.211862	-28.054845	1.610706	-1.119362	-28.064032	1.609352	-1.260746	-28.035463	1.593048	-1.215065	-28.158797	1.624393	-1.204196	-27.888179	1.614240	-1.317232	-27.953122	1.346198	-1.218575	-28.004530	0.808389	-1.688038	-27.732131	1.116544	-1.272434	-28.093997	-0.081348	-2.074139	-27.688148	1.097327	-1.292777	-28.101123	-0.043772	-2.025772	-27.703563	1.047931	-1.283081	-28.126260	-0.057096	-2.069298	-28.207938	0.999621	-1.146383	-28.212062	1.026849	-1.177933	-27.873148	0.988764	-1.345985	-27.884629	1.035689	-1.340607	-28.203774	0.471434	-1.145343	-27.894630	0.456488	-1.340107	-28.188812	-0.098779	-1.102448	-28.185024	-0.053526	-1.175175	-27.885259	-0.088587	-1.294757	-27.889619	-0.015799	-1.334585
1785	24.785905	00:00:24:57	-28.007356	1.719930	-1.222623	-27.928731	1.611015	-1.155019	-28.025447	1.599811	-1.121992	-28.043367	1.593446	-1.238385	-28.057401	1.573872	-1.258333	-28.198084	1.625031	-1.178051	-27.946567	1.623551	-1.358971	-27.954621	1.322439	-1.237869	-28.003548	0.801332	-1.688005	-27.717893	1.040370	-1.294035	-28.104384	-0.028120	-2.049598	-27.681054	1.075721	-1.294063	-28.098679	-0.030233	-2.052017	-27.693310	1.066342	-1.297987	-28.115272	-0.057935	-2.058310	-28.200201	1.016719	-1.146673	-28.200038	1.030796	-1.198816	-27.871409	1.004674	-1.317965	-27.888336	1.017160	-1.337959	-28.198953	0.474377	-1.138592	-27.902455	0.499004	-1.349474	-28.239576	-0.089327	-1.156025	-28.170961	-0.059241	-1.171347	-27.925995	-0.121407	-1.306912	-27.901021	-0.003410	-1.335328
1786	24.799798	00:00:24:58	-28.010407	1.718439	-1.222546	-27.966492	1.601091	-1.154416	-28.028138	1.611775	-1.109336	-28.048879	1.607512	-1.274892	-28.053710	1.548444	-1.250599	-28.199002	1.589607	-1.186230	-27.945505	1.622352	-1.358351	-27.968517	1.369742	-1.268695	-28.005202	0.781713	-1.705900	-27.734274	1.086750	-1.270012	-28.113122	-0.035934	-2.030585	-27.710974	1.056144	-1.291074	-28.070287	-0.044258	-2.035928	-27.713328	1.094955	-1.256817	-28.102981	-0.053815	-2.082805	-28.188979	0.993988	-1.153367	-28.219975	1.044266	-1.161359	-27.870371	1.009583	-1.327527	-27.929879	1.028959	-1.353848	-28.183631	0.497406	-1.150731	-27.892796	0.466398	-1.327701	-28.148659	-0.053843	-1.100387	-28.193299	-0.027257	-1.138658	-27.854399	-0.104533	-1.315537	-27.880864	-0.041803	-1.335729
1787	24.813692	00:00:24:59	-28.012826	1.713330	-1.197907	-27.927121	1.618600	-1.156349	-28.037211	1.665467	-1.115123	-28.068893	1.610453	-1.274958	-28.037114	1.563802	-1.268521	-28.168332	1.628210	-1.161038	-27.922743	1.597192	-1.338836	-27.921245	1.333286	-1.229877	-27.999214	0.764148	-1.703723	-27.721353	1.095930	-1.229595	-28.078923	-0.037767	-2.068781	-27.690521	1.079693	-1.277913	-28.120415	-0.047497	-2.068762	-27.676539	1.092593	-1.277025	-28.125856	-0.043120	-2.072119	-28.197838	0.993346	-1.130743	-28.252229	1.040969	-1.200310	-27.903890	0.980298	-1.338975	-27.914835	1.038739	-1.370624	-28.186309	0.482733	-1.142967	-27.874462	0.493742	-1.323807	-28.208660	-0.076498	-1.108539	-28.200162	-0.038200	-1.146471	-27.885835	-0.095720	-1.332530	-27.902403	-0.020844	-1.339532
1788	24.827585	00:00:24:60	-27.990797	1.692727	-1.203360	-27.941280	1.623235	-1.180565	-28.047541	1.613116	-1.081498	-28.077777	1.588679	-1.219075	-28.048104	1.587058	-1.211861	-28.185389	1.584085	-1.179862	-27.929235	1.596415	-1.331612	-27.945070	1.320228	-1.208795	-28.003568	0.764557	-1.693013	-27.689429	1.078878	-1.245394	-28.063881	-0.042977	-2.044057	-27.710727	1.032170	-1.268809	-28.086939	-0.042629	-2.054233	-27.694678	1.084387	-1.286786	-28.090491	-0.037403	-2.088529	-28.186258	1.019803	-1.146156	-28.195897	1.034102	-1.181606	-27.873533	0.992221	-1.340461	-27.876130	1.030640	-1.362196	-28.233544	0.476319	-1.179887	-27.913851	0.457059	-1.319012	-28.195372	-0.062212	-1.137477	-28.244601	-0.058008	-1.154944	-27.882956	-0.093596	-1.270470	-27.913756	-0.018460	-1.299706
1789	24.841479	00:00:24:61	-28.015086	1.736457	-1.184947	-27.946321	1.572492	-1.187713	-28.032864	1.599744	-1.113412	-28.058662	1.619125	-1.259207	-28.029230	1.559612	-1.229159	-28.164583	1.568537	-1.164857	-27.922538	1.622215	-1.317797	-27.917087	1.331079	-1.238137	-28.011710	0.796286	-1.721023	-27.692854	1.091403	-1.227609	-28.091704	-0.047776	-2.069406	-27.719022	1.036592	-1.306654	-28.117954	-0.048084	-2.044274	-27.702590	1.060269	-1.275556	-28.101278	-0.078517	-2.017705	-28.186120	0.976843	-1.126680	-28.185647	1.041136	-1.156931	-27.886853	0.999949	-1.339943	-27.895242	1.036720	-1.364116	-28.221751	0.481827	-1.145709	-27.877479	0.505775	-1.336440	-28.173316	-0.061512	-1.116746	-28.210994	-0.026355	-1.126671	-27.902774	-0.071553	-1.318601	-27.899514	-0.031385	-1.341538
1790	24.855372	00:00:24:62	-28.022290	1.713183	-1.227780	-27.918929	1.573519	-1.193828	-28.052609	1.596056	-1.068702	-28.062565	1.581047	-1.244872	-28.061887	1.561717	-1.215619	-28.146818	1.606324	-1.189388	-27.904050	1.602432	-1.320783	-27.995323	1.352141	-1.248435	-27.991245	0.802403	-1.721118	-27.705470	1.068302	-1.270373	-28.088614	-0.025929	-2.052939	-27.711497	1.080147	-1.270150	-28.102889	-0.037858	-2.049669	-27.673440	1.074882	-1.301735	-28.082014	-0.039856	-2.043954	-28.198366	0.981710	-1.151679	-28.195509	1.062929	-1.183033	-27.885985	1.000016	-1.328797	-27.876683	1.039430	-1.361047	-28.195949	0.485260	-1.135350	-27.885796	0.458648	-1.348480	-28.209779	-0.064341	-1.128059	-28.194831	-0.043487	-1.145491	-27.837117	-0.077932	-1.294167	-27.876814	-0.023397	-1.350524
1791	24.869265	00:00:24:63	-28.022680	1.710590	-1.203265	-27.946218	1.605431	-1.173080	-28.029912	1.627859	-1.117323	-28.077709	1.588643	-1.252464	-28.082240	1.569424	-1.235016	-28.183191	1.586627	-1.168493	-27.926855	1.595544	-1.336657	-27.957424	1.340861	-1.271262	-27.988736	0.785194	-1.704992	-27.700537	1.078510	-1.279403	-28.080821	-0.045395	-2.020687	-27.722800	1.072185	-1.271645	-28.123755	-0.068943	-2.061073	-27.692374	1.044952	-1.267367	-28.111417	-0.062266	-2.059062	-28.194483	0.975128	-1.143542	-28.220026	1.044725	-1.181988	-27.877913	0.985786	-1.318452	-27.915609	1.027371	-1.322822	-28.180678	0.446213	-1.125778	-27.909064	0.469950	-1.353837	-28.179291	-0.081516	-1.128234	-28.203430	-0.035144	-1.130381	-27.896936	-0.076748	-1.280810	-27.898488	-0.038527	-1.306838
1792	24.883159	00:00:24:64	-28.012890	1.728151	-1.188777	-27.914226	1.591924	-1.154115	-28.016764	1.571593	-1.110063	-28.059167	1.573521	-1.231570	-28.053963	1.570921	-1.202026	-28.203099	1.584240	-1.174441	-27.911017	1.588576	-1.367420	-27.948427	1.321436	-1.237768	-28.029654	0.782634	-1.691699	-27.719871	1.089910	-1.280230	-28.102067	-0.057158	-2.023238	-27.728898	1.085709	-1.265521	-28.077541	-0.055383	-2.048954	-27.715665	1.072913	-1.263470	-28.081038	-0.041882	-2.055094	-28.194931	0.986114	-1.151101	-28.208692	1.020398	-1.188646	-27.877503	0.960071	-1.316057	-27.920051	1.039874	-1.346739	-28.196829	0.486744	-1.139812	-27.905785	0.462193	-1.308774	-28.219823	-0.112564	-1.134334	-28.199642	-0.044848	-1.140767	-27.877785	-0.068885	-1.325495	-27.888038	-0.016799	-1.323778
1793	24.897052	00:00:24:65	-28.040965	1.738418	-1.209779	-27.968151	1.595695	-1.174693	-28.031580	1.600932	-1.134407	-28.062563	1.619751	-1.254212	-28.028092	1.568360	-1.261790	-28.233631	1.593655	-1.191730	-27.924190	1.631286	-1.341613	-27.932050	1.342497	-1.245953	-28.029064	0.809915	-1.718942	-27.691085	1.086316	-1.272774	-28.089152	-0.051995	-2.054492	-27.682726	1.073293	-1.281214	-28.067705	-0.038362	-2.066840	-27.731136	1.061270	-1.283848	-28.106692	-0.039059	-2.099955	-28.195869	0.992875	-1.166127	-28.214737	1.043577	-1.160974	-27.886478	1.010346	-1.300542	-27.912958	1.058271	-1.367181	-28.181667	0.493090	-1.133733	-27.885394	0.495754	-1.328466	-28.227370	-0.069555	-1.126217	-28.214401	-0.027317	-1.150510	-27.887920	-0.096432	-1.292980	-27.902026	-0.014005	-1.348573
1794	24.910946	00:00:24:66	-28.006550	1.685349	-1.226013	-27.907169	1.601410	-1.172034	-28.025552	1.604478	-1.084338	-28.045137	1.585522	-1.258703	-28.036132	1.564458	-1.253027	-28.177909	1.619128	-1.181270	-27.913419	1.595698	-1.339870	-27.935387	1.289407	-1.221256	-28.022581	0.756378	-1.712862	-27.693531	1.071934	-1.288370	-28.100608	-0.061359	-2.057296	-27.735829	1.079245	-1.293761	-28.104638	-0.050125	-2.059070	-27.738039	1.034574	-1.263209	-28.111257	-0.062629	-2.045589	-28.195562	0.993719	-1.121500	-28.195973	1.028023	-1.162701	-27.902242	0.960508	-1.319449	-27.907908	1.052368	-1.355243	-28.205776	0.507309	-1.154125	-27.877113	0.469025	-1.359104	-28.212893	-0.089257	-1.122724	-28.222096	-0.015411	-1.146291	-27.921679	-0.063747	-1.325577	-27.903846	-0.023091	-1.321032
1795	24.924839	00:00:24:67	-28.001927	1.722978	-1.211709	-27.946213	1.625461	-1.168463	-28.039633	1.602716	-1.112422	-28.050940	1.609020	-1.244256	-28.014398	1.589615	-1.264823	-28.187306	1.564549	-1.163997	-27.915143	1.579736	-1.320962	-27.967445	1.398485	-1.263991	-28.015551	0.766211	-1.693595	-27.684089	1.074453	-1.282557	-28.080352	-0.051698	-2.076954	-27.718263	1.090746	-1.273216	-28.087366	-0.029011	-2.089739	-27.757108	1.075420	-1.300842	-28.110488	-0.058178	-2.075414	-28.170662	0.992411	-1.120763	-28.226917	1.037376	-1.161877	-27.893578	0.975416	-1.332233	-27.899222	1.039033	-1.364327	-28.195639	0.464422	-1.161184	-27.911832	0.454803	-1.354967	-28.175320	-0.067339	-1.112127	-28.192760	-0.049405	-1.141654	-27.906538	-0.076414	-1.294736	-27.914762	-0.004718	-1.334103
1796	24.938733	00:00:24:68	-28.007964	1.700573	-1.202265	-27.910180	1.596403	-1.180452	-28.041686	1.579732	-1.117148	-28.071873	1.598752	-1.285784	-28.056733	1.587117	-1.239715	-28.190662	1.633490	-1.166318	-27.923054	1.631162	-1.351009	-27.971241	1.326274	-1.204270	-27.993337	0.779724	-1.663355	-27.685440	1.074681	-1.292551	-28.070889	-0.030372	-2.068058	-27.718596	1.086853	-1.263501	-28.056560	-0.054820	-2.060843	-27.728309	1.081556	-1.280769	-28.143595	-0.032319	-2.044403	-28.210980	0.994179	-1.146079	-28.210792	1.058728	-1.172209	-27.856663	0.993828	-1.320566	-27.891303	1.032463	-1.326788	-28.170715	0.509326	-1.148143	-27.896083	0.456740	-1.321612	-28.186490	-0.076387	-1.133396	-28.220060	-0.014096	-1.132091	-27.873934	-0.071972	-1.315857	-27.920284	-0.024004	-1.341934
1797	24.952626	00:00:24:69	-28.011624	1.721064	-1.183679	-27.930636	1.615704	-1.184336	-28.041139	1.636939	-1.138925	-28.082685	1.603575	-1.304606	-28.034256	1.592455	-1.225157	-28.190194	1.578019	-1.165059	-27.936114	1.630783	-1.309419	-27.921232	1.332649	-1.215542	-27.988357	0.792595	-1.704402	-27.716392	1.101880	-1.272106	-28.087406	-0.033882	-2.045493	-27.692139	1.060986	-1.296073	-28.109203	-0.047062	-2.060733	-27.712075	1.073754	-1.301315	-28.080351	-0.050902	-2.049539	-28.186261	0.999880	-1.144358	-28.217097	1.035786	-1.162173	-27.897678	0.977244	-1.334366	-27.912595	1.033993	-1.344327	-28.165020	0.493496	-1.138439	-27.899031	0.478814	-1.306611	-28.186683	-0.078076	-1.126105	-28.222880	-0.026501	-1.186383	-27.889788	-0.101464	-1.316043	-27.901008	-0.030614	-1.330858
1798	24.966520	00:00:24:70	-28.025521	1.745845	-1.219890	-27.944971	1.595118	-1.182279	-28.025041	1.576377	-1.096891	-28.044784	1.605924	-1.273777	-28.039832	1.593753	-1.236461	-28.162695	1.624355	-1.176162	-27.952201	1.600426	-1.331556	-27.950146	1.353708	-1.239514	-27.993853	0.762971	-1.714344	-27.715068	1.053537	-1.276434	-28.080434	-0.048922	-2.057140	-27.731994	1.065567	-1.273470	-28.078824	-0.036707	-2.086626	-27.717851	1.063997	-1.265586	-28.090050	-0.063137	-2.065455	-28.201542	0.993546	-1.130049	-28.199272	1.074362	-1.161446	-27.890558	0.995809	-1.329947	-27.927675	1.023609	-1.334021	-28.198539	0.505022	-1.151835	-27.891051	0.441999	-1.316630	-28.180603	-0.066293	-1.127859	-28.217359	-0.031887	-1.160347	-27.864412	-0.082112	-1.325179	-27.879261	0.003180	-1.304523
1799	24.980413	00:00:24:71	-28.021101	1.722103	-1.198807	-27.922223	1.593041	-1.192323	-28.021802	1.624154	-1.102997	-28.060442	1.581516	-1.226722	-28.042999	1.532074	-1.230155	-28.183009	1.564183	-1.173232	-27.916840	1.613085	-1.342153	-27.961179	1.346260	-1.236523	-28.022332	0.810504	-1.709952	-27.718670	1.054391	-1.275673	-28.068890	-0.044174	-2.094456	-27.704290	1.075276	-1.291727	-28.085501	-0.057786	-2.061254	-27.727416	1.084868	-1.278817	-28.112562	-0.021285	-2.059361	-28.177298	0.987865	-1.167919	-28.214155	1.033908	-1.157026	-27.896132	0.986406	-1.321934	-27.922531	1.048663	-1.403922	-28.193606	0.462464	-1.162846	-27.900530	0.459264	-1.320459	-28.198292	-0.095681	-1.100612	-28.200470	-0.031570	-1.146267	-27.890883	-0.075453	-1.322366	-27.929661	-0.021429	-1.314648
1800	24.994306	00:00:24:00	-28.053971	1.695801	-1.200176	-27.925815	1.580588	-1.159372	-28.036359	1.618218	-1.147817	-28.059931	1.616105	-1.245660	-28.044778	1.566149	-1.249757	-28.187928	1.593266	-1.143823	-27.938152	1.597698	-1.359590	-27.941846	1.349711	-1.229924	-28.044120	0.788006	-1.664796	-27.724382	1.106746	-1.272783	-28.094946	-0.005051	-2.068838	-27.721255	1.064121	-1.263942	-28.106600	-0.046515	-2.073230	-27.731870	1.051361	-1.298175	-28.082434	-0.057049	-2.070043	-28.193248	1.000571	-1.148390	-28.220867	1.007744	-1.148595	-27.896465	0.967229	-1.342876	-27.893798	1.035865	-1.345498	-28.222881	0.473308	-1.139957	-27.867641	0.508792	-1.340835	-28.182886	-0.068671	-1.097903	-28.194022	-0.024292	-1.168277	-27.908271	-0.066039	-1.300631	-27.899160	-0.060928	-1.353645
1801	25.008200	00:00:25:01	-28.023794	1.716660	-1.189501	-27.920829	1.594284	-1.181434	-28.040028	1.575321	-1.097354	-28.054871	1.571449	-1.256710	-28.032607	1.586642	-1.267771	-28.174255	1.584753	-1.158663	-27.904170	1.589895	-1.320068	-27.940841	1.353409	-1.202663	-28.028159	0.779340	-1.705810	-27.730148	1.052050	-1.272515	-28.088591	-0.026519	-2.061808	-27.711369	1.072999	-1.263605	-28.116139	-0.023130	-2.058593	-27.699199	1.101330	-1.283140	-28.115981	-0.068225	-2.090423	-28.192239	0.992129	-1.144547	-28.223184	1.008216	-1.158758	-27.872631	0.991652	-1.367853	-27.901291	1.046303	-1.362625	-28.180206	0.474956	-1.109307	-27.879869	0.462313	-1.322732	-28.171431	-0.106520	-1.114048	-28.222545	-0.016056	-1.139566	-27.872710	-0.088446	-1.295385	-27.899411	-0.038946	-1.354675
1802	25.022093	00:00:25:02	-28.010711	1.714164	-1.196529	-27.941267	1.609052	-1.176137	-28.026699	1.586122	-1.121640	-28.024824	1.611622	-1.243319	-28.053407	1.548575	-1.248886	-28.215593	1.610751	-1.152606	-27.923696	1.619548	-1.345267	-27.930682	1.355711	-1.241431	-28.032394	0.779840	-1.692255	-27.716892	1.079687	-1.258583	-28.094463	-0.050590	-2.065168	-27.702740	1.088590	-1.275380	-28.103279	-0.033454	-2.086489	-27.715096	1.083439	-1.286136	-28.073987	-0.060494	-2.074123	-28.166847	1.011415	-1.156157	-28.177579	1.025774	-1.170015	-27.909254	0.974547	-1.338721	-27.893417	1.038184	-1.365056	-28.222120	0.476663	-1.179894	-27.903571	0.454170	-1.302291	-28.186202	-0.048055	-1.136386	-28.220101	-0.008482	-1.143320	-27.911399	-0.069804	-1.308052	-27.897902	-0.020391	-1.332564
1803	25.035987	00:00:25:03	-28.014923	1.716447	-1.202702	-27.933583	1.621789	-1.185621	-28.017126	1.613227	-1.105465	-28.068548	1.619637	-1.251216	-28.036707	1.565467	-1.236474	-28.165997	1.610766	-1.176187	-27.889272	1.601475	-1.344607	-27.968451	1.308974	-1.234523	-28.011027	0.756790	-1.689228	-27.713029	1.068448	-1.272718	-28.088668	-0.033616	-2.058763	-27.685255	1.098423	-1.285504	-28.075655	-0.040822	-2.059281	-27.716348	1.075891	-1.289812	-28.091861	-0.060291	-2.068356	-28.181966	0.993440	-1.117812	-28.183572	1.027279	-1.167964	-27.876355	0.993996	-1.287879	-27.894809	1.008660	-1.346451	-28.204707	0.488689	-1.142471	-27.900832	0.448193	-1.350445	-28.197892	-0.063167	-1.107036	-28.189773	-0.054915	-1.118723	-27.879618	-0.074744	-1.324445	-27.897789	-0.023645	-1.348365
1804	25.049880	00:00:25:04	-28.046848	1.716331	-1.224298	-27.921004	1.622180	-1.202522	-28.036046	1.624641	-1.124947	-28.036177	1.596221	-1.261320	-28.024858	1.590840	-1.224455	-28.177920	1.598367	-1.178330	-27.932908	1.591093	-1.348047	-27.945804	1.313518	-1.187302	-27.996058	0.803144	-1.693503	-27.687564	1.065287	-1.297488	-28.060741	-0.043486	-2.028718	-27.710558	1.041624	-1.284907	-28.099793	-0.055592	-2.053685	-27.679158	1.065178	-1.264248	-28.093734	-0.028394	-2.084766	-28.176490	0.991682	-1.142234	-28.206685	1.041331	-1.184776	-27.877049	0.989165	-1.324789	-27.888680	1.025931	-1.397943	-28.204478	0.495850	-1.134656	-27.886045	0.512161	-1.337959	-28.188044	-0.070001	-1.120933	-28.216181	-0.015611	-1.132257	-27.865196	-0.067771	-1.323559	-27.905528	-0.060133	-1.351742
1805	25.063774	00:00:25:05	-28.018370	1.693031	-1.220580	-27.937601	1.624592	-1.154037	-28.055351	1.625947	-1.115693	-28.053860	1.636202	-1.277477	-28.041550	1.544925	-1.239501	-28.165606	1.594790	-1.183424	-27.893493	1.593331	-1.341740	-27.933917	1.355698	-1.235976	-28.038317	0.770126	-1.691741	-27.704505	1.095901	-1.266930	-28.095514	-0.059423	-2.077697	-27.725845	1.072109	-1.272072	-28.077853	-0.026973	-2.059327	-27.725391	1.064709	-1.286787	-28.123237	-0.035420	-2.054584	-28.188784	0.977353	-1.134005	-28.201482	1.034838	-1.178450	-27.869585	1.000751	-1.317255	-27.890112	1.041311	-1.351822	-28.188591	0.470095	-1.138174	-27.906310	0.491702	-1.337786	-28.171984	-0.031101	-1.093380	-28.235309	-0.021113	-1.147994	-27.886015	-0.091493	-1.317199	-27.909580	-0.023523	-1.340963
1806	25.077667	00:00:25:06	-28.047440	1.727600	-1.185032	-27.926365	1.621291	-1.166638	-28.033175	1.635417	-1.137449	-28.043146	1.612470	-1.259415	-28.048400	1.575281	-1.232822	-28.172808	1.616286	-1.193320	-27.939142	1.590179	-1.347033	-27.956278	1.304817	-1.217289	-27.993541	0.780658	-1.701912	-27.702298	1.087516	-1.246307	-28.078211	-0.067255	-2.074035	-27.720301	1.057076	-1.268443	-28.071383	-0.053367	-2.060608	-27.734436	1.050005	-1.286034	-28.099356	-0.017949	-2.058300	-28.181628	0.982351	-1.130848	-28.232158	1.026198	-1.168764	-27.893623	0.982146	-1.320175	-27.925983	0.980591	-1.350039	-28.203453	0.496968	-1.166633	-27.921599	0.488965	-1.304773	-28.177146	-0.082709	-1.101096	-28.221193	-0.038194	-1.127324	-27.882653	-0.088567	-1.286654	-27.933357	-0.044666	-1.325462
1807	25.091561	00:00:25:07	-28.030440	1.706169	-1.214733	-27.934244	1.642856	-1.177831	-28.010487	1.629438	-1.100876	-28.050426	1.603245	-1.263739	-28.037607	1.557599	-1.243178	-28.191213	1.592117	-1.190015	-27.931564	1.624156	-1.312453	-27.947685	1.338137	-1.218726	-28.007977	0.773761	-1.694030	-27.713390	1.090130	-1.297589	-28.102459	-0.043560	-2.049727	-27.702287	1.080770	-1.295460	-28.117847	-0.061413	-2.083801	-27.727890	1.065306	-1.288153	-28.091055	-0.067990	-2.028800	-28.202427	0.962687	-1.119580	-28.177153	1.080716	-1.131501	-27.868847	0.977060	-1.304496	-27.903522	1.032838	-1.370036	-28.177604	0.463124	-1.165928	-27.898069	0.479573	-1.304724	-28.203957	-0.112600	-1.133006	-28.211734	-0.016923	-1.154221	-27.911553	-0.112658	-1.318531	-27.890709	-0.016048	-1.349091
1808	25.105454	00:00:25:08	-28.021645	1.684558	-1.190301	-27.936670	1.611439	-1.173669	-28.046435	1.594571	-1.116323	-28.010033	1.586290	-1.240033	-28.055537	1.544512	-1.230088	-28.183904	1.599527	-1.173799	-27.940733	1.599864	-1.326156	-27.938558	1.355117	-1.199898	-28.011650	0.807667	-1.706554	-27.720203	1.068362	-1.267323	-28.110545	-0.046235	-2.064915	-27.712297	1.096381	-1.268731	-28.087808	-0.073827	-2.073839	-27.688476	1.086707	-1.267919	-28.085155	-0.047237	-2.066022	-28.218980	0.984597	-1.156644	-28.232865	1.036695	-1.165035	-27.872218	0.983136	-1.347414	-27.906530	1.051039	-1.371847	-28.193815	0.494428	-1.136734	-27.924694	0.452287	-1.342153	-28.190586	-0.077564	-1.117284	-28.159123	-0.022896	-1.158880	-27.897311	-0.088456	-1.312515	-27.910588	-0.008288	-1.320011
1809	25.119347	00:00:25:09	-28.013667	1.707352	-1.189873	-27.948939	1.606247	-1.164939	-28.056702	1.624946	-1.117746	-28.050188	1.593549	-1.249323	-28.047290	1.567177	-1.230106	-28.194123	1.596238	-1.187343	-27.939701	1.610949	-1.340223	-27.924242	1.305207	-1.241678	-28.011456	0.776738	-1.702802	-27.731100	1.062610	-1.277108	-28.083291	-0.078894	-2.097916	-27.700590	1.046837	-1.284267	-28.106957	-0.056730	-2.041250	-27.722846	1.075424	-1.288041	-28.097921	-0.072332	-2.057899	-28.204381	0.985671	-1.133759	-28.195750	1.052352	-1.165579	-27.865794	0.994344	-1.344205	-27.897651	1.045341	-1.341267	-28.197199	0.466101	-1.185743	-27.871870	0.492486	-1.341206	-28.205814	-0.094222	-1.095104	-28.212238	-0.025212	-1.159311	-27.888036	-0.093168	-1.284648	-27.880885	0.006635	-1.362455
1810	25.133241	00:00:25:10	-28.005986	1.698223	-1.203830	-27.947680	1.612575	-1.176671	-28.029120	1.611035	-1.115636	-28.063063	1.632109	-1.224854	-28.047297	1.573430	-1.256254	-28.201692	1.593588	-1.180771	-27.938126	1.601647	-1.355190	-27.947289	1.358557	-1.249895	-28.043502	0.738613	-1.670653	-27.709858	1.095837	-1.278778	-28.117783	-0.047513	-2.074664	-27.712827	1.080256	-1.267842	-28.110437	-0.036760	-2.077274	-27.675088	1.054143	-1.302239	-28.124818	-0.070609	-2.054033	-28.164268	1.021157	-1.168739	-28.202613	1.035957	-1.115284	-27.849423	1.009386	-1.343952	-27.877663	1.000010	-1.395033	-28.191203	0.481070	-1.140009	-27.902498	0.464945	-1.323365	-28.185973	-0.063781	-1.121981	-28.206660	-0.043131	-1.115617	-27.886991	-0.081328	-1.267930	-27.895360	-0.005269	-1.325950
1811	25.147134	00:00:25:11	-28.033080	1.726064	-1.177471	-27.923262	1.611112	-1.207018	-28.061573	1.604909	-1.093740	-28.052947	1.601028	-1.259089	-28.028432	1.588216	-1.246735	-28.201102	1.573615	-1.175282	-27.922113	1.577434	-1.341094	-27.947289	1.349989	-1.238734	-27.999422	0.785241	-1.689970	-27.709558	1.086614	-1.299064	-28.101522	-0.046457	-2.070368	-27.701359	1.064996	-1.290805	-28.113106	-0.038889	-2.089768	-27.704127	1.059820	-1.253731	-28.111328	-0.059447	-2.055527	-28.195156	0.978592	-1.158340	-28.254752	1.013473	-1.190595	-27.857927	1.027199	-1.333296	-27.899376	1.023249	-1.376568	-28.226525	0.486375	-1.132287	-27.896348	0.489226	-1.353589	-28.181826	-0.094580	-1.083178	-28.216318	-0.036964	-1.152943	-27.916989	-0.115883	-1.318286	-27.883457	-0.059287	-1.329763
1812	25.161028	00:00:25:12	-28.041803	1.721574	-1.216786	-27.934082	1.590903	-1.168694	-28.043339	1.649409	-1.132169	-28.046982	1.589662	-1.272044	-28.014900	1.578281	-1.227258	-28.173919	1.616017	-1.168345	-27.927283	1.582514	-1.341228	-27.941358	1.328606	-1.226103	-27.982409	0.755155	-1.738065	-27.722514	1.107618	-1.270344	-28.121075	-0.060305	-2.052360	-27.722176	1.072048	-1.279649	-28.096583	-0.025962	-2.050886	-27.704567	1.045409	-1.310971	-28.095081	-0.032569	-2.060036	-28.175411	0.985515	-1.104497	-28.240491	1.028980	-1.168766	-27.889327	0.967246	-1.343886	-27.923517	1.038092	-1.375131	-28.195323	0.503348	-1.152751	-27.912615	0.472423	-1.293218	-28.194780	-0.098120	-1.159962	-28.184555	-0.038080	-1.149712	-27.879577	-0.081965	-1.317645	-27.889519	-0.014950	-1.346276
1813	25.174921	00:00:25:13	-28.035963	1.729308	-1.193148	-27.910422	1.641697	-1.166474	-28.063233	1.605512	-1.148067	-28.018789	1.623163	-1.269892	-28.065421	1.575449	-1.212455	-28.188054	1.573833	-1.125721	-27.937690	1.614261	-1.344687	-27.951813	1.337377	-1.224701	-28.005135	0.809468	-1.693238	-27.671550	1.047515	-1.291820	-28.086867	-0.050450	-2.045985	-27.718167	1.058571	-1.301766	-28.083807	-0.017022	-2.031345	-27.721976	1.079210	-1.277253	-28.090855	-0.051819	-2.036984	-28.202376	0.995631	-1.110350	-28.206559	1.004179	-1.162633	-27.884435	1.022597	-1.322223	-27.908568	1.029565	-1.344814	-28.215996	0.477522	-1.148210	-27.879737	0.494296	-1.310337	-28.202435	-0.087158	-1.108207	-28.225534	-0.015144	-1.140731	-27.887860	-0.078571	-1.314695	-27.886706	-0.034501	-1.332997
1814	25.188815	00:00:25:14	-27.998225	1.711129	-1.199859	-27.940025	1.629461	-1.199500	-28.024690	1.622576	-1.130200	-28.071394	1.621359	-1.261627	-28.017991	1.574213	-1.239773	-28.182122	1.597922	-1.193926	-27.929582	1.590097	-1.338222	-27.943302	1.369808	-1.237100	-28.018594	0.789115	-1.715178	-27.706421	1.083250	-1.257292	-28.108983	-0.043075	-2.034111	-27.708072	1.119457	-1.255752	-28.078792	-0.035720	-2.074495	-27.711110	1.089038	-1.255526	-28.088803	-0.037770	-2.052301	-28.158672	0.986507	-1.128725	-28.216442	1.030460	-1.176424	-27.877942	0.984124	-1.318888	-27.898755	1.032628	-1.368500	-28.222674	0.460825	-1.140915	-27.888639	0.473434	-1.364876	-28.175748	-0.058933	-1.136944	-28.211701	-0.042776	-1.149508	-27.859412	-0.053068	-1.329700	-27.917900	-0.058645	-1.368882
1815	25.202708	00:00:25:15	-28.031949	1.668733	-1.200124	-27.933889	1.598068	-1.183072	-28.042921	1.596286	-1.135490	-28.058558	1.609989	-1.276530	-28.040830	1.577773	-1.260431	-28.168789	1.623145	-1.176016	-27.947428	1.607224	-1.336385	-27.954051	1.339976	-1.237081	-28.018480	0.780094	-1.701952	-27.694281	1.070838	-1.281738	-28.086831	-0.047424	-2.036296	-27.698732	1.074187	-1.276502	-28.097146	-0.047336	-2.077691	-27.723544	1.092609	-1.274530	-28.107561	-0.041501	-2.102346	-28.189217	1.021804	-1.140489	-28.204723	1.013622	-1.157884	-27.860302	0.995136	-1.306063	-27.889615	1.021999	-1.335579	-28.174533	0.453192	-1.142654	-27.889706	0.470300	-1.298404	-28.175803	-0.059506	-1.119633	-28.221515	-0.050179	-1.183152	-27.872080	-0.092439	-1.319338	-27.898812	-0.026652	-1.325333
1816	25.216602	00:00:25:16	-28.021436	1.718310	-1.189261	-27.909173	1.606514	-1.181332	-28.037648	1.609673	-1.104354	-28.031825	1.570519	-1.265987	-28.021886	1.558764	-1.243434	-28.149381	1.605847	-1.177713	-27.925091	1.580285	-1.313632	-27.942051	1.351911	-1.236139	-27.972427	0.786347	-1.703271	-27.707786	1.039458	-1.284387	-28.120224	-0.067518	-2.045905	-27.718238	1.085790	-1.288902	-28.113724	-0.017070	-2.051203	-27.726267	1.077476	-1.259611	-28.095506	-0.067673	-2.047073	-28.204690	0.983444	-1.147817	-28.236475	1.031425	-1.195442	-27.889629	0.992216	-1.345255	-27.891637	1.026239	-1.358444	-28.216188	0.473391	-1.146773	-27.911818	0.474045	-1.333986	-28.181206	-0.094066	-1.149527	-28.196967	-0.041304	-1.151534	-27.900270	-0.101532	-1.322698	-27.886843	0.023552	-1.350669
1817	25.230495	00:00:25:17	-28.029828	1.717488	-1.218437	-27.934352	1.597327	-1.175750	-28.006627	1.619758	-1.093235	-28.054905	1.592506	-1.274246	-28.015661	1.594353	-1.249411	-28.180083	1.618260	-1.179952	-27.909510	1.569793	-1.323248	-27.935689	1.309037	-1.236056	-28.011763	0.776167	-1.698771	-27.704835	1.074073	-1.275467	-28.104171	-0.052847	-2.066852	-27.700232	1.080846	-1.290952	-28.081358	-0.044010	-2.061036	-27.719153	1.044777	-1.261575	-28.098730	-0.065777	-2.063022	-28.203056	0.995707	-1.150773	-28.188800	1.043689	-1.140580	-27.866235	0.969174	-1.310425	-27.875621	1.022066	-1.348731	-28.236351	0.484224	-1.151107	-27.915088	0.471270	-1.323409	-28.210095	-0.081960	-1.119758	-28.182815	-0.028839	-1.129539	-27.879374	-0.071254	-1.299355	-27.866733	-0.012773	-1.342411
1818	25.244388	00:00:25:18	-28.028669	1.712136	-1.193065	-27.917871	1.615530	-1.193863	-28.033463	1.616584	-1.125964	-28.051268	1.581476	-1.262466	-28.030479	1.599469	-1.235787	-28.198226	1.581115	-1.183114	-27.927697	1.606006	-1.317746	-27.946587	1.314578	-1.228333	-28.015190	0.764562	-1.697525	-27.711627	1.106305	-1.302161	-28.102627	-0.031195	-2.077580	-27.731357	1.062583	-1.296528	-28.103368	-0.049992	-2.061990	-27.736758	1.032496	-1.241744	-28.100074	-0.070579	-2.059610	-28.206165	1.017282	-1.135245	-28.196161	1.062249	-1.163289	-27.924796	0.993084	-1.310861	-27.911625	1.011361	-1.351324	-28.200096	0.483130	-1.162919	-27.899019	0.457221	-1.370282	-28.185563	-0.111639	-1.109207	-28.221247	-0.006620	-1.181937	-27.917108	-0.079895	-1.294707	-27.875672	-0.022808	-1.368370
1819	25.258282	00:00:25:19	-28.013902	1.713093	-1.204429	-27.931463	1.654705	-1.169880	-28.059568	1.612862	-1.126167	-28.065990	1.623534	-1.251521	-28.024161	1.563366	-1.222541	-28.202026	1.626489	-1.203711	-27.878179	1.598609	-1.328005	-27.944279	1.370244	-1.222015	-28.014226	0.778503	-1.729899	-27.716148	1.062084	-1.256539	-28.069084	-0.074063	-2.094345	-27.720397	1.061586	-1.287707	-28.101793	-0.060260	-2.042506	-27.694570	1.101124	-1.274225	-28.131114	-0.036737	-2.079186	-28.179740	0.974414	-1.130204	-28.212597	1.029009	-1.180698	-27.915688	0.975743	-1.349634	-27.907762	1.023676	-1.320128	-28.190216	0.468739	-1.160568	-27.857306	0.485199	-1.304408	-28.184445	-0.107194	-1.108286	-28.201839	-0.034236	-1.153278	-27.887838	-0.080498	-1.291970	-27.885199	-0.042633	-1.337851
1820	25.272175	00:00:25:20	-28.001588	1.687840	-1.200880	-27.945185	1.636241	-1.166491	-28.033932	1.605232	-1.124036	-28.057680	1.609124	-1.241891	-28.042355	1.566582	-1.234268	-28.175915	1.607625	-1.173463	-27.901554	1.628311	-1.381627	-27.938353	1.320896	-1.233159	-28.017601	0.780892	-1.680306	-27.709622	1.085789	-1.255644	-28.083017	-0.051982	-2.089109	-27.726870	1.042740	-1.279091	-28.094703	-0.065954	-2.065494	-27.691410	1.058170	-1.281620	-28.093577	-0.070373	-2.056389	-28.167279	0.968430	-1.149878	-28.236312	1.085269	-1.162048	-27.857353	1.006789	-1.345653	-27.855531	1.029695	-1.363628	-28.198621	0.465572	-1.168239	-27.895315	0.447627	-1.318935	-28.190585	-0.092436	-1.104851	-28.220325	-0.057920	-1.169123	-27.881289	-0.099260	-1.344635	-27.910263	-0.036502	-1.322485
1821	25.286069	00:00:25:21	-28.034109	1.750044	-1.213349	-27.925169	1.633061	-1.187886	-28.036564	1.585814	-1.101197	-28.065853	1.628717	-1.272415	-28.034611	1.574992	-1.244894	-28.196776	1.605500	-1.190404	-27.904233	1.625661	-1.292313	-27.931631	1.345926	-1.238438	-28.010288	0.793783	-1.711044	-27.761173	1.109959	-1.276652	-28.093291	-0.048102	-2.103944	-27.700891	1.076140	-1.276237	-28.096819	-0.032946	-2.042138	-27.714169	1.072469	-1.295078	-28.117135	-0.049911	-2.041431	-28.186269	0.973853	-1.141374	-28.192847	1.019031	-1.145714	-27.913124	0.991288	-1.324037	-27.864339	1.029470	-1.296373	-28.194253	0.488793	-1.146560	-27.944629	0.470090	-1.332191	-28.172617	-0.091339	-1.154275	-28.235936	-0.066432	-1.163371	-27.880436	-0.108743	-1.287980	-27.895361	-0.006244	-1.367197
1822	25.299962	00:00:25:22	-28.014113	1.690409	-1.194797	-27.922574	1.613169	-1.168990	-28.066768	1.606777	-1.120118	-28.015337	1.579632	-1.250917	-28.045277	1.560878	-1.253490	-28.204100	1.621073	-1.155789	-27.902106	1.613279	-1.304600	-27.951330	1.333057	-1.204490	-27.982309	0.778795	-1.689715	-27.719972	1.082248	-1.263900	-28.058592	-0.041299	-2.079642	-27.712222	1.056447	-1.285057	-28.080325	-0.063511	-2.058911	-27.694071	1.081945	-1.280702	-28.101590	-0.036377	-2.033020	-28.204898	0.982543	-1.149733	-28.183822	1.034739	-1.194306	-27.889975	0.986807	-1.338001	-27.951776	1.033355	-1.361068	-28.191430	0.477707	-1.152601	-27.870211	0.451896	-1.285369	-28.146607	-0.094498	-1.108417	-28.222204	-0.021238	-1.160913	-27.868146	-0.077769	-1.339661	-27.873517	-0.019050	-1.339378
1823	25.313856	00:00:25:23	-27.986983	1.717726	-1.191357	-27.911656	1.649637	-1.176378	-28.043191	1.601020	-1.128636	-28.048866	1.600026	-1.250890	-28.017922	1.582188	-1.258231	-28.176245	1.615472	-1.190990	-27.934139	1.618264	-1.340655	-27.941548	1.326470	-1.229599	-28.022210	0.788633	-1.657706	-27.702638	1.060740	-1.276299	-28.093881	-0.091663	-2.038593	-27.712296	1.069203	-1.275226	-28.092295	-0.065307	-2.078202	-27.735349	1.076118	-1.283479	-28.100183	-0.052704	-2.075049	-28.204727	0.977020	-1.165057	-28.223432	1.065881	-1.164383	-27.863651	0.992045	-1.365140	-27.908735	1.055628	-1.367129	-28.178955	0.474335	-1.151092	-27.869989	0.498200	-1.366217	-28.205434	-0.057042	-1.136829	-28.223548	-0.031253	-1.138738	-27.863868	-0.074766	-1.286444	-27.927400	-0.033497	-1.356140
1824	25.327749	00:00:25:24	-28.035291	1.716346	-1.209025	-27.948481	1.645850	-1.159512	-28.038106	1.633672	-1.085491	-28.063423	1.585283	-1.239107	-28.030873	1.570547	-1.253810	-28.207400	1.630868	-1.201042	-27.936304	1.627076	-1.286416	-27.955624	1.330904	-1.193884	-28.009418	0.757788	-1.737519	-27.686432	1.081374	-1.292572	-28.106761	0.005260	-2.090459	-27.724198	1.053213	-1.292669	-28.098587	-0.046169	-2.045022	-27.734471	1.082268	-1.281989	-28.110977	-0.054868	-2.067590	-28.187230	1.021914	-1.159804	-28.198029	1.035619	-1.170010	-27.877944	1.006307	-1.316696	-27.894785	1.042406	-1.356748	-28.167978	0.468117	-1.142041	-27.912422	0.481966	-1.333847	-28.223190	-0.073640	-1.124142	-28.193307	-0.061456	-1.164098	-27.857973	-0.092399	-1.305513	-27.879385	-0.048890	-1.287171
1825	25.341643	00:00:25:25	-28.003419	1.700964	-1.221867	-27.925303	1.614064	-1.169530	-28.022290	1.596045	-1.122738	-28.050799	1.583164	-1.277015	-28.049520	1.585110	-1.215905	-28.156144	1.590439	-1.152938	-27.928702	1.607102	-1.336190	-27.942711	1.329082	-1.208217	-28.000905	0.794835	-1.687446	-27.713413	1.056437	-1.264682	-28.072230	-0.014501	-2.052765	-27.724660	1.059758	-1.282120	-28.062655	-0.074253	-2.056985	-27.695029	1.067412	-1.291840	-28.045011	-0.080563	-2.045961	-28.196823	0.993733	-1.145212	-28.221255	1.051864	-1.174805	-27.877650	0.972267	-1.310762	-27.884550	1.034375	-1.338292	-28.220329	0.465682	-1.154208	-27.880698	0.460513	-1.328768	-28.221633	-0.070774	-1.123189	-28.195825	-0.038139	-1.145695	-27.882885	-0.076287	-1.310748	-27.889808	-0.034596	-1.328433
1826	25.355536	00:00:25:26	-28.012483	1.694604	-1.245938	-27.962237	1.612984	-1.203648	-28.032341	1.602578	-1.106965	-28.022755	1.628578	-1.271376	-28.052502	1.598136	-1.229681	-28.196639	1.605182	-1.219096	-27.929976	1.632298	-1.349653	-27.945400	1.340829	-1.215081	-28.009686	0.756180	-1.691773	-27.721194	1.053953	-1.291071	-28.085346	-0.066964	-2.087076	-27.731142	1.064829	-1.301561	-28.125800	-0.030288	-2.046686	-27.694610	1.057481	-1.274060	-28.090592	-0.050753	-2.068286	-28.195003	0.955016	-1.162156	-28.220797	1.037112	-1.176197	-27.863430	1.016160	-1.299990	-27.901594	1.028410	-1.335668	-28.194613	0.454185	-1.135042	-27.875683	0.458726	-1.355060	-28.181104	-0.066034	-1.099187	-28.206838	-0.013932	-1.143085	-27.885537	-0.075517	-1.319764	-27.905748	-0.058586	-1.360070
1827	25.369429	00:00:25:27	-28.040723	1.735841	-1.207100	-27.956220	1.580490	-1.173026	-28.050398	1.610505	-1.130071	-28.040357	1.613421	-1.255618	-28.050271	1.606090	-1.242278	-28.187283	1.587711	-1.202235	-27.901035	1.636156	-1.333712	-27.960435	1.339525	-1.246316	-27.996061	0.776783	-1.703539	-27.696326	1.077582	-1.295346	-28.113911	-0.025682	-2.042406	-27.718278	1.085378	-1.240596	-28.115054	-0.048858	-2.050625	-27.709397	1.090243	-1.248870	-28.088826	-0.014742	-2.048954	-28.173063	0.981707	-1.170733	-28.186845	1.010311	-1.158441	-27.904196	0.970554	-1.332109	-27.890844	1.023585	-1.383160	-28.180216	0.493383	-1.149734	-27.883238	0.458412	-1.333372	-28.182814	-0.073650	-1.096427	-28.207417	-0.017613	-1.148968	-27.883456	-0.140866	-1.323577	-27.909243	-0.011351	-1.333481
1828	25.383323	00:00:25:28	-28.019115	1.697357	-1.215123	-27.958161	1.597818	-1.150040	-28.061881	1.590959	-1.105134	-28.046857	1.603465	-1.248826	-28.031181	1.561340	-1.238206	-28.160672	1.621081	-1.160671	-27.903501	1.607898	-1.316875	-27.919871	1.358284	-1.236545	-28.015916	0.822101	-1.713305	-27.697847	1.072413	-1.269632	-28.082968	-0.039100	-2.038497	-27.725348	1.050509	-1.249900	-28.079016	-0.054263	-2.067139	-27.748691	1.090004	-1.299823	-28.079816	-0.075668	-2.029737	-28.178608	0.989594	-1.155078	-28.197667	1.043806	-1.171737	-27.930781	0.998425	-1.352350	-27.900229	1.026542	-1.346406	-28.200584	0.434503	-1.178583	-27.906618	0.480702	-1.298066	-28.195171	-0.066850	-1.097581	-28.203914	-0.046995	-1.146258	-27.876145	-0.056919	-1.287220	-27.883658	-0.103511	-1.357832
1829	25.397216	00:00:25:29	-28.042510	1.707456	-1.175631	-27.938107	1.596106	-1.165479	-28.072635	1.603029	-1.126174	-28.040066	1.577352	-1.255422	-28.029145	1.575170	-1.255520	-28.195352	1.645657	-1.157161	-27.930090	1.605720	-1.333055	-27.921189	1.323439	-1.229364	-28.027985	0.822274	-1.685102	-27.718906	1.068274	-1.282754	-28.077239	-0.059353	-2.023999	-27.742667	1.090932	-1.297805	-28.071517	-0.047312	-2.102677	-27.717687	1.058569	-1.271881	-28.088906	-0.057281	-2.074544	-28.206629	0.989343	-1.121089	-28.210926	1.030546	-1.188561	-27.905740	0.962063	-1.323357	-27.884675	1.012043	-1.335917	-28.196266	0.480908	-1.156931	-27.889943	0.479587	-1.349172	-28.213015	-0.061197	-1.114270	-28.207868	-0.020623	-1.136831	-27.878704	-0.095328	-1.299594	-27.879547	0.015356	-1.336160
1830	25.411110	00:00:25:30	-28.018235	1.692654	-1.251661	-27.912014	1.597281	-1.183582	-28.045530	1.629973	-1.131552	-28.003510	1.627411	-1.272269	-28.035106	1.562418	-1.246879	-28.194219	1.598995	-1.194344	-27.944430	1.618650	-1.326299	-27.956226	1.346885	-1.242170	-28.016110	0.763422	-1.702246	-27.710795	1.066274	-1.301472	-28.111242	-0.065134	-2.048283	-27.703151	1.071250	-1.229993	-28.089429	-0.041686	-2.078235	-27.707050	1.077805	-1.266777	-28.082662	-0.036228	-2.051679	-28.204306	0.981093	-1.140457	-28.225273	1.034331	-1.211916	-27.891351	0.950897	-1.329663	-27.903553	1.040739	-1.354345	-28.210712	0.489400	-1.169427	-27.902914	0.501447	-1.374364	-28.215759	-0.075256	-1.131471	-28.208309	-0.019793	-1.147351	-27.890367	-0.076466	-1.329919	-27.896393	-0.051832	-1.333755
1831	25.425003	00:00:25:31	-28.016632	1.698026	-1.215232	-27.925068	1.632314	-1.147848	-28.036870	1.624753	-1.131099	-28.066055	1.594005	-1.271712	-28.052752	1.606623	-1.224938	-28.196420	1.629830	-1.165607	-27.893578	1.611623	-1.333181	-27.932929	1.353314	-1.244946	-28.001903	0.816985	-1.716571	-27.733975	1.079736	-1.274122	-28.128710	-0.057539	-2.057648	-27.697431	1.071250	-1.305192	-28.122951	-0.059992	-2.054417	-27.725667	1.088168	-1.274317	-28.084129	-0.067727	-2.048684	-28.191133	0.980689	-1.111151	-28.192120	1.030264	-1.150272	-27.878431	0.975840	-1.332579	-27.889681	1.035751	-1.373401	-28.194422	0.475186	-1.143091	-27.895286	0.483356	-1.334905	-28.199804	-0.082442	-1.101023	-28.235384	-0.064709	-1.144000	-27.902433	-0.100388	-1.334560	-27.902019	-0.020497	-1.353767
1832	25.438897	00:00:25:32	-27.986783	1.706598	-1.199892	-27.936717	1.609200	-1.195139	-28.050326	1.563045	-1.146823	-28.077423	1.615021	-1.255782	-28.061722	1.569378	-1.272363	-28.185951	1.611920	-1.193824	-27.931081	1.614548	-1.310121	-27.928118	1.335598	-1.224995	-27.984347	0.770651	-1.724486	-27.710179	1.064284	-1.283768	-28.071104	-0.040637	-2.033468	-27.713483	1.067358	-1.267695	-28.110562	-0.034948	-2.057648	-27.717141	1.067515	-1.256791	-28.071606	-0.013199	-2.020582	-28.180598	0.987461	-1.138030	-28.199138	1.032559	-1.136129	-27.905961	0.979448	-1.334117	-27.938411	1.023588	-1.394284	-28.185106	0.436657	-1.153818	-27.899908	0.473900	-1.330514	-28.183593	-0.072698	-1.119773	-28.201855	-0.008989	-1.164854	-27.888015	-0.069619	-1.293400	-27.940146	-0.019952	-1.331654
1833	25.452790	00:00:25:33	-28.002616	1.698559	-1.211349	-27.914933	1.620515	-1.192279	-28.060490	1.584497	-1.092773	-28.055105	1.595003	-1.261758	-28.016849	1.592609	-1.214816	-28.179188	1.566883	-1.187702	-27.948022	1.592093	-1.339570	-27.974018	1.324496	-1.217110	-27.972077	0.774901	-1.704118	-27.689070	1.087688	-1.302075	-28.102743	-0.044495	-2.065038	-27.709824	1.052057	-1.249699	-28.110406	-0.025839	-2.057502	-27.737755	1.077204	-1.272229	-28.072049	-0.022350	-2.063144	-28.196126	0.994692	-1.143761	-28.230674	1.024785	-1.150320	-27.859907	0.963760	-1.349185	-27.924902	1.064436	-1.338543	-28.164872	0.502981	-1.139641	-27.908921	0.503248	-1.348754	-28.224553	-0.084398	-1.096705	-28.179877	-0.043918	-1.128936	-27.865458	-0.103107	-1.308160	-27.899417	-0.012627	-1.346252
1834	25.466684	00:00:25:34	-28.040220	1.684741	-1.200722	-27.943945	1.620000	-1.190572	-28.059022	1.602362	-1.119898	-28.021810	1.617820	-1.289049	-28.051262	1.575216	-1.225576	-28.189565	1.621400	-1.177168	-27.937635	1.590472	-1.327661	-27.938958	1.329788	-1.234416	-28.032264	0.778316	-1.699985	-27.713370	1.054815	-1.296037	-28.109447	-0.074348	-2.046527	-27.713658	1.066609	-1.325680	-28.072562	-0.061764	-2.064197	-27.711995	1.080540	-1.282761	-28.095716	-0.044172	-2.047026	-28.193022	0.992954	-1.133583	-28.177725	1.015367	-1.198499	-27.840244	0.983504	-1.305340	-27.874679	1.045649	-1.347989	-28.216136	0.478109	-1.134157	-27.884679	0.464788	-1.314855	-28.205569	-0.099208	-1.126472	-28.212341	-0.027481	-1.144903	-27.869998	-0.072495	-1.282497	-27.891933	-0.047888	-1.353732
1835	25.480577	00:00:25:35	-28.018254	1.719185	-1.223008	-27.921322	1.586584	-1.181818	-28.005901	1.608489	-1.107826	-28.062490	1.577648	-1.252653	-28.014171	1.592086	-1.238620	-28.191882	1.624470	-1.176420	-27.944436	1.589223	-1.376339	-27.942227	1.330175	-1.268804	-28.029374	0.778212	-1.706431	-27.688855	1.074905	-1.273326	-28.076575	-0.066186	-2.091792	-27.731802	1.050345	-1.277073	-28.096788	-0.056518	-2.026590	-27.687080	1.100916	-1.300689	-28.075890	-0.031492	-2.041648	-28.207656	1.006446	-1.129077	-28.191885	1.010961	-1.184053	-27.884409	0.976230	-1.347997	-27.917799	1.043978	-1.360753	-28.207027	0.472519	-1.164168	-27.881941	0.472239	-1.354277	-28.193889	-0.079596	-1.151310	-28.217798	-0.022364	-1.154676	-27.921131	-0.050478	-1.331421	-27.900916	-0.028356	-1.317290
1836	25.494470	00:00:25:36	-28.034218	1.678444	-1.221541	-27.923756	1.592893	-1.147001	-28.021482	1.637458	-1.111369	-28.034449	1.593370	-1.270870	-28.070671	1.583919	-1.244936	-28.207668	1.588837	-1.184366	-27.951919	1.586569	-1.349462	-27.942099	1.317318	-1.222637	-28.016611	0.812935	-1.700058	-27.727503	1.072792	-1.259739	-28.083266	-0.067090	-2.087213	-27.711003	1.072252	-1.299927	-28.092050	-0.019362	-2.065655	-27.683225	1.061415	-1.296582	-28.112245	-0.019205	-2.051954	-28.170899	0.983320	-1.155658	-28.217507	1.020427	-1.194305	-27.866258	0.976445	-1.342029	-27.881994	1.072025	-1.354435	-28.212914	0.480622	-1.136536	-27.877764	0.484799	-1.294221	-28.188683	-0.059450	-1.123188	-28.189454	-0.055049	-1.143425	-27.897813	-0.068285	-1.304227	-27.906043	-0.015595	-1.350088
1837	25.508364	00:00:25:37	-28.036071	1.736506	-1.194513	-27.941466	1.622360	-1.193137	-28.063530	1.597855	-1.111606	-28.059629	1.627636	-1.281317	-28.047947	1.583117	-1.243487	-28.162135	1.603644	-1.191215	-27.930706	1.583375	-1.351464	-27.915572	1.313536	-1.222026	-28.028336	0.810539	-1.699720	-27.704038	1.079457	-1.305404	-28.047987	-0.034210	-2.077363	-27.716323	1.048396	-1.300406	-28.093062	-0.047154	-2.079297	-27.678330	1.077730	-1.277473	-28.099993	-0.071975	-2.045023	-28.166993	0.985194	-1.126081	-28.205938	1.034416	-1.170791	-27.885417	0.969967	-1.319315	-27.904198	1.047170	-1.360070	-28.183942	0.457929	-1.127297	-27.880201	0.457295	-1.343513	-28.209649	-0.085887	-1.123573	-28.224106	-0.036240	-1.145914	-27.909430	-0.111625	-1.304141	-27.905269	-0.020339	-1.325744
1838	25.522257	00:00:25:38	-28.022633	1.724651	-1.235458	-27.939356	1.608200	-1.170951	-28.064120	1.634475	-1.132388	-28.049443	1.638488	-1.283238	-28.059451	1.577011	-1.213533	-28.174852	1.649983	-1.132240	-27.919911	1.601521	-1.344597	-27.952917	1.348855	-1.214476	-27.999090	0.759419	-1.705643	-27.727345	1.102412	-1.278185	-28.051671	-0.054339	-2.052782	-27.715871	1.033327	-1.301012	-28.085003	-0.032309	-2.050395	-27.724432	1.073045	-1.274545	-28.103546	-0.046563	-2.046173	-28.168104	0.981775	-1.135875	-28.217570	1.063753	-1.185958	-27.871904	0.971847	-1.332132	-27.857450	1.032158	-1.344365	-28.194516	0.483927	-1.120304	-27.873716	0.473179	-1.350478	-28.159554	-0.079909	-1.117030	-28.211715	-0.019132	-1.139482	-27.864783	-0.099401	-1.310588	-27.892948	-0.040649	-1.324483
1839	25.536151	00:00:25:39	-28.005168	1.720179	-1.190706	-27.939326	1.615707	-1.189267	-28.037805	1.605028	-1.087851	-28.025026	1.582783	-1.280384	-28.047596	1.572016	-1.256519	-28.169940	1.598554	-1.168594	-27.916927	1.612308	-1.326844	-27.947822	1.334397	-1.259292	-28.004304	0.779010	-1.711435	-27.703226	1.047436	-1.273304	-28.082755	-0.053637	-2.062654	-27.750379	1.064514	-1.273599	-28.076495	-0.037804	-2.053999	-27.677384	1.042913	-1.269778	-28.085418	-0.040477	-2.027028	-28.195606	0.978884	-1.163864	-28.215819	1.024454	-1.177683	-27.870554	0.955634	-1.298156	-27.928656	1.026209	-1.352205	-28.195285	0.493382	-1.160853	-27.880240	0.459024	-1.330312	-28.191053	-0.057161	-1.118464	-28.210211	-0.067866	-1.155074	-27.861085	-0.047446	-1.318573	-27.883350	0.002882	-1.311371
1840	25.550044	00:00:25:40	-28.040259	1.729470	-1.215783	-27.926766	1.605077	-1.169720	-28.017558	1.591679	-1.132411	-28.079914	1.623763	-1.281645	-28.019980	1.587863	-1.253327	-28.180245	1.624215	-1.162927	-27.912923	1.598303	-1.333223	-27.956726	1.320673	-1.255764	-28.029443	0.792447	-1.688055	-27.692202	1.063094	-1.268647	-28.092615	-0.063603	-2.070863	-27.713170	1.058411	-1.286356	-28.086556	-0.028472	-2.073208	-27.716784	1.060748	-1.293705	-28.101073	-0.070706	-2.040612	-28.171487	0.997806	-1.158804	-28.201367	1.039202	-1.170307	-27.841416	0.982130	-1.323010	-27.935773	1.055660	-1.367914	-28.188659	0.502496	-1.142929	-27.915771	0.461346	-1.321169	-28.221125	-0.080126	-1.101061	-28.215932	-0.050012	-1.209480	-27.866084	-0.078827	-1.304910	-27.902968	-0.002458	-1.339611
1841	25.563938	00:00:25:41	-28.017714	1.707488	-1.202099	-27.921592	1.621098	-1.192575	-28.047221	1.580621	-1.089346	-28.029383	1.635334	-1.286418	-28.031616	1.576193	-1.229106	-28.147647	1.579076	-1.156410	-27.935745	1.613248	-1.308894	-27.936998	1.341526	-1.221824	-28.025891	0.784713	-1.686717	-27.719268	1.077952	-1.262034	-28.117310	-0.057775	-2.051452	-27.688424	1.075189	-1.270893	-28.081732	-0.036727	-2.064977	-27.717450	1.050926	-1.274170	-28.100891	-0.029368	-2.069753	-28.182658	0.958649	-1.150585	-28.204394	1.036433	-1.157192	-27.898560	0.971348	-1.312630	-27.885068	1.011170	-1.347307	-28.207497	0.479595	-1.152936	-27.873286	0.485198	-1.331592	-28.192550	-0.094213	-1.143988	-28.213491	-0.038440	-1.155322	-27.888213	-0.044492	-1.303251	-27.891336	-0.075649	-1.343850
1842	25.577831	00:00:25:42	-28.038480	1.689304	-1.205203	-27.944918	1.606297	-1.186497	-27.986600	1.596813	-1.091491	-28.088390	1.580040	-1.276115	-28.031775	1.570521	-1.227354	-28.192382	1.608697	-1.197780	-27.926883	1.601114	-1.322660	-27.953530	1.331686	-1.235443	-28.038235	0.774890	-1.676759	-27.732467	1.075993	-1.277444	-28.101633	-0.037304	-2.086115	-27.686204	1.073925	-1.253919	-28.116849	-0.069009	-2.083346	-27.721856	1.074955	-1.299252	-28.091136	-0.027350	-2.032412	-28.197354	0.969686	-1.157380	-28.200442	1.054391	-1.164156	-27.871931	0.971407	-1.311561	-27.906427	1.020271	-1.345953	-28.237017	0.484186	-1.141383	-27.890040	0.488248	-1.313480	-28.207578	-0.089649	-1.130594	-28.213779	-0.002174	-1.157813	-27.872841	-0.081139	-1.320362	-27.889835	0.006518	-1.365441
1843	25.591725	00:00:25:43	-28.008346	1.721399	-1.207204	-27.955326	1.591721	-1.188259	-28.035184	1.621551	-1.121527	-28.051015	1.605512	-1.250762	-28.060748	1.562608	-1.252938	-28.182020	1.618561	-1.176384	-27.894926	1.593065	-1.322508	-27.958155	1.322324	-1.250236	-28.036377	0.820420	-1.697275	-27.709160	1.051763	-1.299362	-28.092312	-0.044097	-2.061093	-27.706786	1.071723	-1.281179	-28.105817	-0.040275	-2.076872	-27.699817	1.053446	-1.274685	-28.090023	-0.048199	-2.090860	-28.164975	0.979271	-1.156298	-28.239895	1.018092	-1.168291	-27.874457	0.988471	-1.307259	-27.917619	1.053627	-1.370158	-28.218705	0.484608	-1.162974	-27.891514	0.464545	-1.320486	-28.187118	-0.099905	-1.106283	-28.205514	-0.001360	-1.126382	-27.888089	-0.117243	-1.297085	-27.898650	-0.040995	-1.352283
1844	25.605618	00:00:25:44	-28.034435	1.723554	-1.185192	-27.921569	1.631143	-1.150793	-28.019634	1.589718	-1.098459	-28.064001	1.577762	-1.239387	-28.055516	1.558348	-1.220515	-28.221983	1.567534	-1.178566	-27.913893	1.589752	-1.348780	-27.949763	1.321706	-1.237959	-27.994348	0.770008	-1.692350	-27.742144	1.080119	-1.300027	-28.102617	-0.056301	-2.052322	-27.703139	1.082091	-1.281485	-28.115984	-0.010189	-2.021695	-27.701537	1.031347	-1.273066	-28.080091	-0.047687	-2.044136	-28.225706	0.961575	-1.163432	-28.193950	1.042120	-1.174227	-27.897473	0.967756	-1.300539	-27.898545	1.019129	-1.326339	-28.202199	0.464645	-1.158613	-27.903128	0.447844	-1.327538	-28.214179	-0.071528	-1.101473	-28.233382	-0.014852	-1.138098	-27.895449	-0.079493	-1.307936	-27.901161	-0.018914	-1.345144
1845	25.619511	00:00:25:45	-28.050391	1.747487	-1.237821	-27.943333	1.602966	-1.204918	-28.043904	1.587320	-1.105301	-28.046667	1.619787	-1.257849	-28.067962	1.606913	-1.222858	-28.175447	1.576890	-1.204724	-27.919018	1.589730	-1.364467	-27.962927	1.309107	-1.211907	-28.008646	0.756980	-1.684317	-27.703315	1.051736	-1.273830	-28.125053	-0.045572	-2.089006	-27.711580	1.086708	-1.277117	-28.116259	-0.063644	-2.046463	-27.722672	1.068032	-1.295410	-28.080225	-0.050599	-2.067670	-28.215328	0.972142	-1.137047	-28.215110	1.035150	-1.172497	-27.876132	0.966895	-1.309007	-27.886442	1.032300	-1.332894	-28.194401	0.481720	-1.156382	-27.915613	0.477734	-1.311810	-28.224099	-0.066559	-1.119122	-28.228672	-0.035520	-1.168283	-27.879997	-0.070465	-1.297067	-27.915179	-0.052912	-1.303600
1846	25.633405	00:00:25:46	-28.029037	1.699771	-1.194417	-27.897412	1.591603	-1.201776	-28.054126	1.600177	-1.110580	-28.049604	1.614091	-1.257958	-28.022099	1.558522	-1.227544	-28.200789	1.605358	-1.202290	-27.912469	1.621534	-1.374471	-27.931061	1.368077	-1.243705	-28.029634	0.805862	-1.681081	-27.696693	1.049870	-1.265357	-28.101570	-0.059152	-2.070477	-27.707028	1.053291	-1.297655	-28.114230	-0.044379	-2.061020	-27.716833	1.069005	-1.268964	-28.094256	-0.074963	-2.072143	-28.189530	0.996476	-1.177336	-28.228769	1.025798	-1.174255	-27.902172	1.004923	-1.333450	-27.894666	1.030148	-1.305580	-28.220761	0.467328	-1.113207	-27.880380	0.454281	-1.319410	-28.163000	-0.083064	-1.088721	-28.192311	-0.025200	-1.169031	-27.900280	-0.089302	-1.298942	-27.908783	-0.042310	-1.346476
1847	25.647298	00:00:25:47	-28.067485	1.702569	-1.212816	-27.936237	1.618564	-1.205785	-28.039502	1.626875	-1.120477	-28.029711	1.626845	-1.229160	-28.053908	1.592022	-1.224882	-28.197631	1.593412	-1.162990	-27.940603	1.604556	-1.350500	-27.937231	1.350911	-1.239029	-28.036567	0.800694	-1.693776	-27.736168	1.073045	-1.277356	-28.147320	-0.061079	-2.059892	-27.704464	1.067700	-1.283987	-28.091334	-0.071574	-2.061927	-27.725512	1.107710	-1.247769	-28.097012	-0.019073	-2.068513	-28.149236	0.985692	-1.136047	-28.183004	1.046653	-1.163620	-27.872525	1.022428	-1.327684	-27.907635	1.039627	-1.350840	-28.187262	0.483289	-1.139436	-27.877082	0.446474	-1.318385	-28.213748	-0.067376	-1.119476	-28.218858	-0.010446	-1.145716	-27.888375	-0.050111	-1.285803	-27.890158	-0.019484	-1.335061
1848	25.661192	00:00:25:48	-28.044820	1.729441	-1.232723	-27.935208	1.610638	-1.185330	-28.021977	1.604046	-1.107016	-28.035369	1.618470	-1.236206	-28.010267	1.575687	-1.241259	-28.138121	1.624154	-1.162617	-27.911416	1.600018	-1.337845	-27.955991	1.293938	-1.246441	-27.979152	0.758530	-1.701550	-27.715957	1.031442	-1.266137	-28.080901	-0.034192	-2.066488	-27.719210	1.059326	-1.308240	-28.083874	-0.047267	-2.041006	-27.709399	1.049649	-1.290575	-28.077643	-0.036456	-2.058663	-28.170738	0.988373	-1.127305	-28.224883	1.010240	-1.170546	-27.906688	0.972101	-1.328476	-27.946190	1.027358	-1.373417	-28.209766	0.454476	-1.141362	-27.870099	0.468948	-1.311840	-28.211726	-0.101000	-1.114434	-28.195496	-0.026696	-1.163792	-27.870541	-0.120918	-1.324368	-27.911714	-0.006425	-1.344703
1849	25.675085	00:00:25:49	-28.001122	1.717777	-1.198463	-27.930976	1.592303	-1.195290	-28.047230	1.609044	-1.113620	-28.055397	1.601095	-1.259388	-28.033974	1.538932	-1.218116	-28.143861	1.586683	-1.155182	-27.935745	1.631485	-1.320981	-27.933068	1.349679	-1.236630	-27.999595	0.785379	-1.710465	-27.694935	1.062410	-1.273094	-28.087625	-0.039225	-2.055707	-27.709199	1.065177	-1.275332	-28.098670	-0.009650	-2.065974	-27.702258	1.068994	-1.267723	-28.101535	-0.015860	-2.064669	-28.174044	0.952504	-1.155687	-28.217769	1.007997	-1.153120	-27.890732	0.979254	-1.353005	-27.894664	1.036977	-1.366836	-28.194413	0.463133	-1.142146	-27.929120	0.482463	-1.350159	-28.198305	-0.079115	-1.147152	-28.206126	-0.048618	-1.164447	-27.889745	-0.100633	-1.284835	-27.945424	-0.027351	-1.342163
1850	25.688979	00:00:25:50	-28.018329	1.720299	-1.216478	-27.930010	1.602641	-1.150044	-28.027198	1.630151	-1.093147	-28.042217	1.608667	-1.264408	-28.066043	1.590689	-1.219095	-28.188833	1.621704	-1.192345	-27.946953	1.604362	-1.303606	-27.933813	1.348085	-1.239922	-28.024660	0.800273	-1.685732	-27.710661	1.026548	-1.240571	-28.077457	-0.061684	-2.054508	-27.688750	1.069490	-1.302100	-28.089678	-0.074283	-2.068890	-27.723751	1.081861	-1.300904	-28.108919	-0.043319	-2.076234	-28.185248	0.956858	-1.152350	-28.186960	1.050571	-1.145716	-27.897982	0.977432	-1.337392	-27.894787	1.043841	-1.366627	-28.203100	0.473167	-1.149140	-27.890534	0.491181	-1.323651	-28.179083	-0.067938	-1.111272	-28.258940	-0.009749	-1.124126	-27.879343	-0.081722	-1.307274	-27.910180	-0.031330	-1.347098
1851	25.702872	00:00:25:51	-28.038142	1.694991	-1.189722	-27.950536	1.593572	-1.163773	-28.056946	1.627608	-1.139431	-28.052270	1.595134	-1.272031	-28.034268	1.570806	-1.191621	-28.155191	1.619959	-1.167732	-27.937952	1.613008	-1.334560	-27.943682	1.341474	-1.232351	-28.031323	0.770229	-1.681864	-27.690465	1.094775	-1.272293	-28.105870	-0.026479	-2.052383	-27.725282	1.082950	-1.276478	-28.079714	-0.050262	-2.051951	-27.719001	1.071377	-1.271308	-28.087460	-0.026919	-2.064755	-28.172388	0.979779	-1.118796	-28.210970	1.017598	-1.134779	-27.892915	0.975461	-1.336260	-27.915862	1.050431	-1.347468	-28.220957	0.449988	-1.156314	-27.862080	0.476582	-1.323264	-28.192407	-0.072388	-1.130572	-28.188008	-0.037653	-1.174129	-27.889897	-0.073160	-1.278362	-27.882710	-0.029952	-1.333122
1852	25.716766	00:00:25:52	-28.006248	1.708120	-1.253214	-27.937404	1.609644	-1.177244	-28.011922	1.615168	-1.079992	-28.039652	1.591477	-1.239066	-28.072323	1.551164	-1.219370	-28.171061	1.598093	-1.173100	-27.958867	1.595680	-1.347838	-27.942978	1.314153	-1.233680	-28.008873	0.775374	-1.734145	-27.698879	1.102641	-1.279478	-28.097411	-0.073451	-2.114499	-27.709164	1.070337	-1.260325	-28.085522	-0.019761	-2.054615	-27.715419	1.069901	-1.307386	-28.066736	-0.010693	-2.073701	-28.208343	1.005630	-1.133365	-28.225382	1.057260	-1.156517	-27.854373	0.990539	-1.331153	-27.892148	1.039628	-1.376755	-28.223418	0.450887	-1.147587	-27.899784	0.449878	-1.326471	-28.184647	-0.074749	-1.111650	-28.219196	-0.031787	-1.148718	-27.880657	-0.093123	-1.327385	-27.899329	-0.041043	-1.342686
1853	25.730659	00:00:25:53	-28.025408	1.720319	-1.180366	-27.931549	1.606201	-1.165443	-28.038745	1.614818	-1.120646	-28.015263	1.610293	-1.247325	-28.037263	1.602483	-1.239423	-28.153303	1.621122	-1.175417	-27.952690	1.636170	-1.342574	-27.924454	1.382726	-1.188793	-28.001787	0.779143	-1.714146	-27.703241	1.061748	-1.280396	-28.054601	-0.076848	-2.068140	-27.696020	1.090817	-1.317504	-28.093062	-0.033719	-2.055991	-27.686348	1.059603	-1.271821	-28.096974	-0.041302	-2.066820	-28.186107	0.962788	-1.120708	-28.223357	1.040121	-1.199476	-27.887588	0.988020	-1.297737	-27.871267	1.053289	-1.352357	-28.190634	0.492260	-1.161835	-27.894869	0.532128	-1.325994	-28.221239	-0.091363	-1.142914	-28.239071	-0.021110	-1.142703	-27.883201	-0.086308	-1.309766	-27.898188	-0.027079	-1.351291
1854	25.744552	00:00:25:54	-28.028438	1.705540	-1.213054	-27.920912	1.665200	-1.162966	-28.032387	1.616489	-1.139415	-28.038704	1.578855	-1.255292	-28.036600	1.556609	-1.251767	-28.175279	1.577212	-1.161643	-27.929422	1.605860	-1.333206	-27.938908	1.342378	-1.242644	-28.021667	0.800367	-1.691159	-27.718026	1.072135	-1.293621	-28.113316	-0.035648	-2.038833	-27.715541	1.059787	-1.279460	-28.108249	-0.042656	-2.090724	-27.685584	1.062788	-1.255390	-28.093414	-0.036615	-2.045033	-28.166993	1.000968	-1.159112	-28.216221	1.032922	-1.170732	-27.909618	0.969771	-1.341371	-27.907347	1.036807	-1.377217	-28.166928	0.473895	-1.166984	-27.926689	0.517413	-1.339409	-28.203927	-0.103499	-1.106360	-28.179167	-0.063046	-1.126572	-27.883366	-0.072994	-1.298343	-27.903189	-0.037081	-1.344497
1855	25.758446	00:00:25:55	-28.022175	1.689580	-1.193895	-27.944409	1.562042	-1.187970	-28.019203	1.592964	-1.119781	-28.052687	1.611649	-1.268938	-28.045950	1.548688	-1.215773	-28.212461	1.591409	-1.204254	-27.914800	1.577251	-1.320672	-27.915706	1.321211	-1.233302	-28.024445	0.767450	-1.694280	-27.735546	1.060230	-1.271331	-28.081865	-0.039314	-2.056187	-27.704973	1.089087	-1.226467	-28.069731	-0.049278	-2.076426	-27.698337	1.074693	-1.269327	-28.089916	-0.083501	-2.061274	-28.175208	0.990966	-1.141242	-28.186154	1.017545	-1.166441	-27.847481	0.963034	-1.336708	-27.931880	1.033292	-1.342916	-28.226812	0.470260	-1.139800	-27.912096	0.478598	-1.328418	-28.180824	-0.074190	-1.149938	-28.195919	-0.019863	-1.166950	-27.871438	-0.108773	-1.321536	-27.893441	-0.036064	-1.324715
1856	25.772339	00:00:25:56	-28.020704	1.682335	-1.215232	-27.884265	1.634963	-1.193249	-28.029230	1.595344	-1.097023	-28.043123	1.580954	-1.229292	-28.042984	1.599672	-1.239605	-28.194064	1.611040	-1.176092	-27.925682	1.607733	-1.334937	-27.950788	1.320477	-1.244822	-28.019492	0.802586	-1.684593	-27.723441	1.048941	-1.303518	-28.099227	-0.028000	-2.022657	-27.723167	1.085097	-1.238260	-28.078951	-0.049007	-2.043143	-27.726307	1.047235	-1.296890	-28.103356	-0.036846	-2.042565	-28.209798	0.970952	-1.163344	-28.193301	1.050854	-1.193552	-27.885485	0.981004	-1.318825	-27.932777	1.018011	-1.364574	-28.201886	0.463533	-1.162597	-27.876537	0.498754	-1.333301	-28.201198	-0.086532	-1.117371	-28.224815	-0.019186	-1.173775	-27.903484	-0.085204	-1.315492	-27.898128	-0.034535	-1.333977
1857	25.786233	00:00:25:57	-28.029844	1.713412	-1.217222	-27.915715	1.606791	-1.178574	-28.045698	1.597037	-1.103907	-28.048930	1.615136	-1.260132	-28.022671	1.577228	-1.245226	-28.170006	1.636202	-1.170812	-27.919616	1.598962	-1.356082	-27.937042	1.360901	-1.209775	-27.969398	0.752043	-1.691871	-27.696141	1.064945	-1.289584	-28.113688	-0.014947	-2.049347	-27.715291	1.080122	-1.290283	-28.103021	-0.053901	-2.077679	-27.713968	1.093808	-1.286626	-28.108124	-0.065653	-2.046020	-28.198451	0.985543	-1.139066	-28.196295	1.070374	-1.184477	-27.867727	0.987488	-1.299331	-27.920886	1.042550	-1.351690	-28.187415	0.472297	-1.120419	-27.890441	0.458177	-1.341366	-28.185520	-0.070261	-1.099828	-28.205376	-0.015343	-1.133658	-27.855675	-0.072291	-1.300996	-27.927536	-0.031467	-1.348663
1858	25.800126	00:00:25:58	-28.017014	1.693740	-1.181188	-27.914062	1.624745	-1.153619	-28.037228	1.592233	-1.121757	-28.097537	1.607532	-1.281003	-28.032335	1.561217	-1.225209	-28.157890	1.615606	-1.196398	-27.981939	1.604137	-1.333533	-27.948192	1.334500	-1.267814	-27.982616	0.765899	-1.727571	-27.730773	1.073937	-1.243549	-28.100904	-0.047630	-2.043142	-27.726341	1.115011	-1.268528	-28.091859	-0.034316	-2.064451	-27.721876	1.040124	-1.284625	-28.101471	-0.042866	-2.068524	-28.222288	0.996070	-1.162101	-28.202839	1.027513	-1.178901	-27.886630	1.000870	-1.298423	-27.890838	1.029282	-1.324769	-28.151386	0.483144	-1.146076	-27.893767	0.486205	-1.324841	-28.187598	-0.060702	-1.107818	-28.206578	-0.028923	-1.141323	-27.869329	-0.118594	-1.302346	-27.908942	-0.026836	-1.373169
1859	25.814020	00:00:25:59	-28.009133	1.692423	-1.207152	-27.927669	1.620703	-1.155632	-28.047463	1.606397	-1.081900	-28.055775	1.589148	-1.255447	-28.062786	1.580705	-1.229052	-28.175407	1.624598	-1.177681	-27.938533	1.580028	-1.340045	-27.947610	1.340312	-1.225400	-28.029312	0.787355	-1.722785	-27.696241	1.079227	-1.299421	-28.126931	-0.043192	-2.069396	-27.722498	1.080494	-1.273608	-28.058276	-0.007814	-2.078715	-27.696844	1.086410	-1.286878	-28.116240	-0.050679	-2.064601	-28.175320	1.006852	-1.137464	-28.225871	0.999925	-1.149064	-27.899584	0.968104	-1.294716	-27.894271	1.043824	-1.387701	-28.205404	0.504944	-1.138462	-27.886249	0.459670	-1.334611	-28.155028	-0.063932	-1.084878	-28.184429	-0.020939	-1.142350	-27.882512	-0.056107	-1.295952	-27.907647	-0.011164	-1.329141
1860	25.827913	00:00:25:60	-28.037275	1.720297	-1.212078	-27.942937	1.601079	-1.157772	-28.044823	1.566981	-1.129978	-28.041082	1.591872	-1.225485	-28.009394	1.599777	-1.202331	-28.171028	1.621727	-1.197110	-27.911795	1.599256	-1.334371	-27.964431	1.326364	-1.213626	-27.989983	0.773751	-1.705267	-27.695657	1.046168	-1.304202	-28.089140	-0.050816	-2.061550	-27.737587	1.078325	-1.281152	-28.110940	-0.055109	-2.073077	-27.722851	1.038672	-1.296429	-28.111710	-0.025327	-2.000562	-28.199911	0.988789	-1.143125	-28.220953	1.033830	-1.153086	-27.863929	0.980815	-1.316561	-27.887669	1.021032	-1.382395	-28.205108	0.454179	-1.131462	-27.876358	0.503443	-1.319991	-28.174425	-0.070138	-1.154945	-28.192880	-0.015868	-1.137702	-27.902696	-0.074615	-1.299759	-27.900547	-0.049945	-1.334715
1861	25.841807	00:00:25:61	-28.033859	1.717129	-1.194885	-27.928007	1.587361	-1.194077	-28.024603	1.633660	-1.132223	-28.021366	1.628659	-1.264684	-28.017293	1.560172	-1.241532	-28.181562	1.568772	-1.199062	-27.930633	1.612663	-1.316353	-27.942900	1.337560	-1.203247	-27.989854	0.769903	-1.715677	-27.713599	1.080327	-1.237240	-28.083503	-0.027295	-2.082756	-27.728716	1.056592	-1.292005	-28.107678	-0.047762	-2.059913	-27.699338	1.091672	-1.283491	-28.073743	-0.050912	-2.070649	-28.191650	0.972519	-1.151223	-28.209035	1.057327	-1.165301	-27.886185	1.006577	-1.330709	-27.897518	0.994108	-1.323339	-28.217836	0.458809	-1.143896	-27.887818	0.508721	-1.345873	-28.188998	-0.054149	-1.138341	-28.202592	-0.068554	-1.162893	-27.883594	-0.061935	-1.295059	-27.894239	-0.026603	-1.345616
1862	25.855700	00:00:25:62	-27.995971	1.701858	-1.218271	-27.920218	1.598163	-1.213942	-28.028887	1.631690	-1.090584	-28.043233	1.586052	-1.259872	-28.061749	1.577835	-1.226710	-28.167700	1.611772	-1.199041	-27.945162	1.615062	-1.292156	-27.934006	1.339341	-1.234482	-28.031278	0.770548	-1.712243	-27.708534	1.067775	-1.290164	-28.068260	-0.044388	-2.071359	-27.731855	1.061765	-1.268080	-28.100742	-0.058915	-2.077611	-27.715899	1.085066	-1.244361	-28.092425	-0.065309	-2.057695	-28.183780	1.008417	-1.160310	-28.190142	1.041809	-1.172462	-27.861422	0.981075	-1.325188	-27.924606	1.003021	-1.357551	-28.174620	0.456532	-1.173862	-27.876504	0.469994	-1.348613	-28.173604	-0.123022	-1.124919	-28.201875	-0.038195	-1.148563	-27.869525	-0.071080	-1.315133	-27.940474	-0.041465	-1.327482
1863	25.869593	00:00:25:63	-28.013873	1.694888	-1.184059	-27.938428	1.594471	-1.154841	-28.003231	1.600656	-1.123760	-28.025522	1.592083	-1.282271	-28.042024	1.576390	-1.249398	-28.161117	1.649827	-1.196081	-27.933531	1.590227	-1.329830	-27.946634	1.343242	-1.223339	-28.021029	0.764416	-1.686180	-27.699663	1.077152	-1.295261	-28.100955	-0.034777	-2.058708	-27.703929	1.069176	-1.286234	-28.093521	-0.044641	-2.045280	-27.704105	1.052164	-1.295221	-28.085615	-0.068706	-2.057140	-28.204936	1.006967	-1.118493	-28.223739	1.017155	-1.193849	-27.917716	0.963115	-1.340446	-27.884794	1.005816	-1.390912	-28.189479	0.471746	-1.152873	-27.896477	0.476465	-1.302097	-28.215407	-0.094044	-1.135546	-28.214317	-0.012795	-1.148285	-27.902593	-0.096588	-1.336990	-27.906059	-0.036442	-1.377374
1864	25.883487	00:00:25:64	-28.004879	1.731906	-1.194124	-27.954394	1.587868	-1.160871	-28.063566	1.577504	-1.101868	-28.073791	1.607925	-1.246192	-28.055337	1.574277	-1.249672	-28.186666	1.614720	-1.220005	-27.924880	1.624527	-1.326831	-27.930896	1.330320	-1.244665	-28.010584	0.794049	-1.691953	-27.731857	1.027019	-1.312357	-28.100075	-0.040586	-2.063092	-27.682653	1.093717	-1.303872	-28.084966	-0.012681	-2.067244	-27.703329	1.067512	-1.263375	-28.090144	-0.024829	-2.051010	-28.195207	0.992804	-1.146853	-28.178945	1.006732	-1.150655	-27.890915	0.985476	-1.298633	-27.889900	1.026589	-1.348680	-28.182367	0.475323	-1.142402	-27.894778	0.468621	-1.305824	-28.198797	-0.084373	-1.139361	-28.229991	-0.033236	-1.139501	-27.896266	-0.081386	-1.305108	-27.916850	-0.064517	-1.340877
1865	25.897380	00:00:25:65	-28.025709	1.672402	-1.223389	-27.925954	1.653047	-1.156428	-27.991239	1.600038	-1.117737	-28.079495	1.585854	-1.284013	-28.011907	1.574517	-1.224368	-28.195079	1.596430	-1.157385	-27.918738	1.593128	-1.331338	-27.967089	1.349790	-1.222198	-27.975622	0.795455	-1.712280	-27.699494	1.041792	-1.290090	-28.101116	-0.062991	-2.020470	-27.690525	1.053221	-1.270199	-28.067144	-0.031695	-2.063296	-27.690009	1.087601	-1.293416	-28.083017	-0.052515	-2.051973	-28.231931	0.988087	-1.164098	-28.189561	1.068659	-1.160087	-27.900888	0.965381	-1.310999	-27.936056	1.016524	-1.392292	-28.226537	0.461698	-1.144856	-27.917773	0.482468	-1.308601	-28.172325	-0.076568	-1.149915	-28.206337	-0.033910	-1.120856	-27.864904	-0.047471	-1.308310	-27.917503	-0.024250	-1.362400
1866	25.911274	00:00:25:66	-28.009609	1.703617	-1.205253	-27.923901	1.626184	-1.190959	-28.019271	1.610631	-1.155346	-28.054268	1.625686	-1.269986	-28.010986	1.570227	-1.260837	-28.165161	1.562958	-1.192785	-27.926882	1.597909	-1.310092	-27.940151	1.327412	-1.232200	-28.012299	0.792254	-1.712428	-27.722606	1.069857	-1.251907	-28.093143	-0.035720	-2.081136	-27.704654	1.078696	-1.270610	-28.088360	-0.046422	-2.081172	-27.727186	1.076162	-1.295512	-28.077126	-0.052949	-2.062597	-28.206880	0.983796	-1.135643	-28.196578	1.053735	-1.175820	-27.894382	1.006897	-1.324557	-27.882970	1.014794	-1.358352	-28.170452	0.481902	-1.148809	-27.879233	0.484032	-1.321521	-28.170989	-0.073854	-1.120115	-28.213018	-0.015278	-1.132628	-27.895507	-0.081098	-1.308627	-27.907222	-0.046611	-1.365913
1867	25.925167	00:00:25:67	-28.021578	1.731970	-1.200040	-27.931286	1.626323	-1.184632	-28.015811	1.624782	-1.120097	-28.025695	1.627237	-1.254691	-28.024830	1.587986	-1.243264	-28.179350	1.601397	-1.169395	-27.935887	1.585829	-1.333788	-27.967503	1.347126	-1.239773	-27.999203	0.755010	-1.673775	-27.665878	1.073184	-1.298383	-28.102665	-0.049851	-2.073737	-27.739225	1.087607	-1.282975	-28.058488	-0.060327	-2.062211	-27.734456	1.069803	-1.267535	-28.085195	-0.026492	-2.051422	-28.206265	0.969684	-1.118651	-28.218937	1.042871	-1.147220	-27.863427	0.986586	-1.314676	-27.935348	1.022382	-1.335731	-28.199873	0.464380	-1.162682	-27.876380	0.485657	-1.348077	-28.214996	-0.053558	-1.088661	-28.235431	-0.016089	-1.128758	-27.873095	-0.057598	-1.282920	-27.883703	-0.044615	-1.332339
1868	25.939061	00:00:25:68	-28.026748	1.694998	-1.204527	-27.954624	1.633850	-1.174745	-28.052270	1.621274	-1.116521	-28.044711	1.608944	-1.274719	-28.075795	1.557541	-1.244611	-28.195490	1.624209	-1.191977	-27.927553	1.629276	-1.351982	-27.937262	1.305760	-1.239231	-27.969271	0.803729	-1.723595	-27.708036	1.059292	-1.272694	-28.092614	-0.050622	-2.051846	-27.712948	1.106896	-1.300340	-28.088836	-0.067171	-2.075244	-27.696322	1.089619	-1.273618	-28.061352	-0.051399	-2.035540	-28.170920	1.000282	-1.124883	-28.197310	1.017402	-1.169307	-27.873037	0.953192	-1.313060	-27.898339	1.034909	-1.379818	-28.207276	0.485862	-1.120668	-27.887089	0.451903	-1.329969	-28.193100	-0.104028	-1.115068	-28.179516	-0.027603	-1.138871	-27.868644	-0.062624	-1.324069	-27.916305	-0.002640	-1.359065
1869	25.952954	00:00:25:69	-28.036567	1.691067	-1.199946	-27.922473	1.609374	-1.214960	-28.010445	1.610543	-1.156645	-28.033032	1.586424	-1.272131	-28.035163	1.604461	-1.226562	-28.180298	1.607129	-1.140916	-27.920047	1.608249	-1.326819	-27.963601	1.350840	-1.233266	-27.994458	0.781092	-1.701278	-27.717777	1.096698	-1.303671	-28.118679	-0.053759	-2.060249	-27.695480	1.065588	-1.281201	-28.057950	-0.042105	-2.053273	-27.711249	1.051418	-1.289687	-28.074199	-0.065818	-2.061185	-28.194615	0.966940	-1.137336	-28.181063	1.039818	-1.174599	-27.880380	0.975053	-1.314745	-27.923260	1.013322	-1.338928	-28.175889	0.487660	-1.147995	-27.893017	0.473614	-1.320438	-28.179606	-0.042712	-1.114813	-28.224533	-0.048664	-1.152023	-27.892717	-0.107879	-1.307738	-27.889109	-0.038337	-1.359667
1870	25.966848	00:00:25:70	-28.011608	1.703036	-1.198759	-27.917568	1.602214	-1.188778	-28.036899	1.600292	-1.115401	-28.049170	1.611737	-1.259149	-28.035874	1.592523	-1.259347	-28.186855	1.646546	-1.163882	-27.927724	1.598570	-1.332997	-27.960637	1.316227	-1.233492	-28.035552	0.771308	-1.718526	-27.707439	1.044123	-1.280063	-28.081002	-0.046809	-2.063261	-27.717229	1.062148	-1.315064	-28.106271	-0.053753	-2.057216	-27.717021	1.091567	-1.256394	-28.088604	-0.034734	-2.057651	-28.211630	0.966854	-1.121816	-28.198283	1.048636	-1.156540	-27.884508	0.986173	-1.337377	-27.861902	1.033491	-1.365599	-28.208805	0.462980	-1.139672	-27.924359	0.478262	-1.309200	-28.194421	-0.062640	-1.146273	-28.218617	-0.062470	-1.177807	-27.862524	-0.042051	-1.278433	-27.899759	-0.024883	-1.339333
1871	25.980741	00:00:25:71	-28.024195	1.679493	-1.238991	-27.914839	1.622097	-1.189675	-28.023465	1.609387	-1.112103	-28.046402	1.616173	-1.260408	-28.009114	1.544927	-1.240017	-28.201975	1.578484	-1.179934	-27.911456	1.608890	-1.330402	-27.934927	1.341311	-1.192097	-28.012703	0.790975	-1.710060	-27.700750	1.074663	-1.254119	-28.095504	-0.088345	-2.055123	-27.724393	1.068966	-1.286237	-28.070033	-0.032472	-2.081588	-27.704936	1.068046	-1.291228	-28.134690	-0.027443	-2.079184	-28.192686	1.009980	-1.114513	-28.196298	1.047113	-1.181362	-27.873243	0.998273	-1.330779	-27.909538	1.026124	-1.388983	-28.210814	0.477304	-1.140657	-27.927638	0.495141	-1.337821	-28.192309	-0.096986	-1.126776	-28.213043	-0.030844	-1.169700	-27.878885	-0.069891	-1.319848	-27.903739	-0.029711	-1.348453
1872	25.994634	00:00:25:00	-28.041820	1.707126	-1.229787	-27.947898	1.610393	-1.203859	-28.050139	1.618615	-1.119639	-28.044828	1.594257	-1.258748	-28.006804	1.565947	-1.262117	-28.210925	1.618767	-1.181808	-27.888669	1.598667	-1.338014	-27.949361	1.331495	-1.201171	-28.022512	0.787143	-1.664185	-27.725295	1.056694	-1.293400	-28.107716	-0.047812	-2.056694	-27.681945	1.048024	-1.263005	-28.131937	-0.045904	-2.047110	-27.713502	1.054387	-1.299837	-28.097182	-0.054020	-2.051058	-28.186950	0.983348	-1.119316	-28.199799	1.034505	-1.201109	-27.880159	0.993735	-1.328531	-27.900857	1.024521	-1.363378	-28.204112	0.506067	-1.155005	-27.867694	0.459001	-1.341087	-28.195914	-0.084347	-1.153501	-28.197707	-0.020680	-1.128058	-27.893159	-0.085268	-1.322476	-27.905583	-0.030511	-1.345685
1873	26.008528	00:00:26:01	-28.008065	1.702805	-1.215961	-27.929257	1.618230	-1.185950	-28.049061	1.606682	-1.122749	-28.045502	1.591892	-1.231538	-28.020762	1.563237	-1.226077	-28.188404	1.620177	-1.214419	-27.941282	1.577730	-1.353307	-27.944195	1.331497	-1.199255	-27.992322	0.804434	-1.716869	-27.690126	1.123046	-1.267147	-28.047628	-0.051154	-2.061162	-27.675488	1.066681	-1.311291	-28.102998	-0.062953	-2.023795	-27.731995	1.048289	-1.277694	-28.124707	-0.040748	-2.033705	-28.194678	0.993870	-1.150868	-28.211887	1.034754	-1.166621	-27.862530	1.000549	-1.343468	-27.917665	1.043690	-1.324399	-28.181648	0.465982	-1.127907	-27.866654	0.488819	-1.323520	-28.195331	-0.076711	-1.098601	-28.179097	-0.018442	-1.160221	-27.900032	-0.068218	-1.330551	-27.905839	-0.027381	-1.347406
1874	26.022421	00:00:26:02	-28.007254	1.694059	-1.214280	-27.949070	1.595410	-1.171071	-28.037152	1.587783	-1.123364	-28.002163	1.622663	-1.269234	-28.076227	1.554207	-1.280245	-28.186866	1.627531	-1.174010	-27.960000	1.600734	-1.345599	-27.949578	1.310625	-1.228166	-28.011857	0.797528	-1.685206	-27.676947	1.056689	-1.279310	-28.124308	-0.019504	-2.097062	-27.687179	1.073703	-1.296564	-28.091519	-0.069621	-2.057722	-27.731253	1.070149	-1.297483	-28.090385	-0.023804	-2.080928	-28.163923	1.007600	-1.128929	-28.237604	1.075966	-1.174488	-27.872694	0.978054	-1.283939	-27.925633	1.035709	-1.377496	-28.197523	0.462962	-1.137512	-27.896016	0.477063	-1.360155	-28.162809	-0.093560	-1.080384	-28.189340	-0.037869	-1.147806	-27.889467	-0.082983	-1.313903	-27.903408	-0.033528	-1.367251
1875	26.036315	00:00:26:03	-28.028411	1.725518	-1.210113	-27.898191	1.601569	-1.161494	-28.040081	1.604564	-1.127645	-28.043467	1.601252	-1.271881	-28.032580	1.567929	-1.234737	-28.208003	1.581015	-1.205814	-27.939914	1.587570	-1.352922	-27.940609	1.359375	-1.231500	-27.983361	0.791818	-1.696710	-27.695818	1.055475	-1.292124	-28.078323	-0.041972	-2.053034	-27.710354	1.085685	-1.311424	-28.074138	-0.059112	-2.077413	-27.716102	1.079864	-1.247384	-28.080406	-0.037445	-2.022530	-28.177654	0.999735	-1.131920	-28.207055	1.028409	-1.162976	-27.882424	0.963042	-1.316678	-27.932363	1.010863	-1.346249	-28.206464	0.486526	-1.149263	-27.909907	0.469692	-1.310905	-28.212564	-0.085461	-1.079000	-28.211726	-0.014811	-1.163256	-27.902990	-0.107695	-1.327337	-27.920750	-0.057553	-1.338298
1876	26.050208	00:00:26:04	-28.014709	1.704895	-1.179767	-27.956780	1.620661	-1.207445	-28.022258	1.623974	-1.098137	-28.038514	1.614278	-1.258590	-28.034596	1.562561	-1.250256	-28.179416	1.624667	-1.182591	-27.906910	1.616355	-1.337180	-27.923487	1.328438	-1.268054	-28.000115	0.755893	-1.682069	-27.720269	1.074705	-1.311496	-28.104490	-0.044980	-2.077294	-27.701464	1.073775	-1.301987	-28.079833	-0.063476	-2.062144	-27.710838	1.070615	-1.309350	-28.074838	-0.044551	-2.075861	-28.193824	1.001587	-1.128760	-28.174766	1.048447	-1.205970	-27.876682	0.985375	-1.314255	-27.880899	1.019534	-1.351892	-28.201983	0.477013	-1.149677	-27.883796	0.468996	-1.339228	-28.203638	-0.083778	-1.133023	-28.212249	-0.029875	-1.152952	-27.871809	-0.083324	-1.300710	-27.902871	-0.056302	-1.358299
1877	26.064102	00:00:26:05	-28.036057	1.717869	-1.235470	-27.923548	1.615252	-1.202113	-28.032254	1.615419	-1.116341	-28.036121	1.589929	-1.252601	-28.058434	1.572939	-1.245881	-28.175627	1.587392	-1.155355	-27.953100	1.633062	-1.348174	-27.941306	1.336125	-1.209793	-28.022043	0.788928	-1.704783	-27.712997	1.053854	-1.289378	-28.093721	-0.050944	-2.072949	-27.722689	1.093990	-1.269276	-28.082242	-0.081336	-2.066472	-27.716064	1.076222	-1.251510	-28.133975	-0.057341	-2.024959	-28.186114	0.988639	-1.173242	-28.195257	1.024445	-1.159934	-27.902803	0.982011	-1.303632	-27.917639	1.024159	-1.344142	-28.184532	0.445317	-1.135196	-27.898622	0.451921	-1.360794	-28.194112	-0.089584	-1.135569	-28.249807	-0.053857	-1.132867	-27.869198	-0.084339	-1.321505	-27.930693	-0.038550	-1.351503
1878	26.077995	00:00:26:06	-28.009711	1.726409	-1.181003	-27.917851	1.586384	-1.197403	-28.038914	1.648360	-1.111113	-28.071311	1.625873	-1.266873	-28.032447	1.570882	-1.222898	-28.207086	1.584655	-1.175950	-27.936023	1.597600	-1.338055	-27.968534	1.318586	-1.220318	-28.008903	0.786080	-1.723910	-27.689582	1.028780	-1.307373	-28.081012	-0.052626	-2.046844	-27.692918	1.065234	-1.283614	-28.093576	-0.037766	-2.034795	-27.676196	1.083057	-1.296066	-28.074237	-0.040353	-2.074943	-28.218672	0.976621	-1.100988	-28.186207	1.027384	-1.178677	-27.847773	0.962705	-1.313341	-27.879978	1.053231	-1.374041	-28.172262	0.467542	-1.090080	-27.898069	0.475506	-1.302586	-28.167133	-0.063991	-1.133755	-28.190175	-0.020342	-1.157071	-27.837866	-0.101895	-1.309243	-27.912944	-0.027988	-1.294626
1879	26.091889	00:00:26:07	-28.027151	1.717557	-1.176925	-27.911355	1.612178	-1.178311	-28.013324	1.589574	-1.108384	-28.076481	1.594805	-1.269039	-28.045220	1.557016	-1.249631	-28.168902	1.570979	-1.171490	-27.925829	1.591763	-1.316144	-27.924530	1.318958	-1.239777	-28.001882	0.789518	-1.692047	-27.717722	1.047125	-1.286193	-28.104450	-0.057374	-2.047766	-27.726767	1.090512	-1.289895	-28.074355	-0.030342	-2.050893	-27.735546	1.064119	-1.278729	-28.073494	-0.032167	-2.049646	-28.166541	0.975687	-1.126981	-28.153047	1.021785	-1.216083	-27.885577	0.974762	-1.329207	-27.888312	1.035760	-1.348339	-28.190823	0.475061	-1.141887	-27.903886	0.481540	-1.305957	-28.175166	-0.070870	-1.151424	-28.231028	-0.044738	-1.165561	-27.895963	-0.072598	-1.326495	-27.880813	-0.036550	-1.343759
1880	26.105782	00:00:26:08	-28.011044	1.721907	-1.245011	-27.912853	1.603929	-1.170011	-28.026841	1.612531	-1.071196	-28.069335	1.593323	-1.256507	-28.066579	1.571833	-1.247428	-28.177440	1.605100	-1.174912	-27.915836	1.589308	-1.350356	-27.970015	1.317139	-1.227079	-28.000719	0.782510	-1.729844	-27.697716	1.049524	-1.271281	-28.120144	-0.035457	-2.056458	-27.702400	1.068025	-1.270456	-28.100777	-0.045214	-2.058319	-27.692112	1.085218	-1.282425	-28.115149	-0.043066	-2.044110	-28.187560	0.992907	-1.174198	-28.205810	1.008937	-1.179411	-27.865574	0.991936	-1.336333	-27.871684	1.029195	-1.350324	-28.184270	0.488595	-1.151267	-27.896598	0.508014	-1.357141	-28.176277	-0.090955	-1.080756	-28.227275	-0.063475	-1.134323	-27.873745	-0.080259	-1.320763	-27.879260	-0.042071	-1.354813
1881	26.119675	00:00:26:09	-28.044251	1.690963	-1.203882	-27.950737	1.619288	-1.196772	-28.048781	1.629545	-1.097017	-28.060013	1.592345	-1.252922	-28.076047	1.578666	-1.242004	-28.214301	1.613763	-1.173736	-27.923304	1.589286	-1.357205	-27.947224	1.347413	-1.204014	-28.041051	0.758631	-1.679106	-27.691415	1.088825	-1.303537	-28.089263	-0.072206	-2.076910	-27.707481	1.053156	-1.283921	-28.100299	-0.024435	-2.061946	-27.685542	1.063081	-1.309739	-28.084866	-0.019113	-2.062324	-28.171521	0.969445	-1.142595	-28.204536	1.046296	-1.166651	-27.879625	0.974367	-1.358574	-27.895492	1.015778	-1.396085	-28.190720	0.499398	-1.141257	-27.889192	0.498244	-1.348530	-28.167856	-0.049090	-1.111347	-28.201265	-0.040224	-1.147272	-27.891419	-0.060607	-1.318797	-27.890006	-0.036293	-1.325365
1882	26.133569	00:00:26:10	-28.023254	1.706780	-1.172409	-27.919559	1.624381	-1.150551	-28.036251	1.626859	-1.116036	-28.038731	1.614720	-1.251640	-28.004378	1.568880	-1.243228	-28.152849	1.593560	-1.155966	-27.945974	1.588238	-1.353167	-27.949264	1.319965	-1.223025	-27.995156	0.816630	-1.716968	-27.713724	1.063785	-1.273359	-28.079743	-0.050534	-2.059112	-27.683168	1.065666	-1.281553	-28.096274	-0.066366	-2.041703	-27.731211	1.051047	-1.267174	-28.093516	-0.060979	-2.039279	-28.193040	0.991177	-1.127887	-28.191993	1.017978	-1.164461	-27.866629	0.993439	-1.313973	-27.919126	1.035066	-1.364871	-28.207169	0.465167	-1.118747	-27.896038	0.443158	-1.358825	-28.172643	-0.067508	-1.130810	-28.224032	-0.029929	-1.176987	-27.909279	-0.058613	-1.289258	-27.903096	-0.051611	-1.340621
1883	26.147462	00:00:26:11	-28.045330	1.725408	-1.226070	-27.938136	1.633540	-1.169067	-28.019942	1.665753	-1.137483	-28.058919	1.612855	-1.272362	-28.053431	1.571401	-1.240266	-28.201567	1.596395	-1.194326	-27.925865	1.588377	-1.352102	-27.958458	1.332089	-1.234334	-28.001987	0.778562	-1.690117	-27.703667	1.057157	-1.278816	-28.064302	-0.038341	-2.035350	-27.694642	1.055224	-1.274472	-28.099333	-0.074993	-2.059508	-27.699412	1.092682	-1.285900	-28.094830	-0.054948	-2.063678	-28.188086	0.968245	-1.147409	-28.184896	1.030616	-1.121233	-27.886794	0.989376	-1.300734	-27.893603	1.000158	-1.333363	-28.156384	0.438588	-1.108232	-27.889202	0.499744	-1.324475	-28.178861	-0.082089	-1.136736	-28.253622	-0.067181	-1.153606	-27.888575	-0.086838	-1.297466	-27.922980	-0.043118	-1.321019
1884	26.161356	00:00:26:12	-28.037013	1.725322	-1.209126	-27.932491	1.589063	-1.190500	-28.020478	1.589025	-1.122207	-28.020424	1.615607	-1.241994	-28.048314	1.564291	-1.220403	-28.202725	1.647700	-1.193238	-27.921395	1.590567	-1.343813	-27.920713	1.315344	-1.230381	-28.011485	0.816502	-1.714721	-27.738227	1.053900	-1.277337	-28.094672	-0.053074	-2.052645	-27.704718	1.057362	-1.281940	-28.125545	-0.037225	-2.064676	-27.713677	1.073123	-1.279072	-28.103902	-0.018800	-2.050572	-28.178298	0.977936	-1.138087	-28.202094	1.024822	-1.137421	-27.879089	0.975730	-1.329835	-27.895797	1.042947	-1.369620	-28.193487	0.486849	-1.137156	-27.883564	0.471469	-1.340118	-28.146916	-0.091688	-1.089510	-28.192402	-0.028550	-1.135059	-27.867340	-0.075733	-1.324636	-27.898529	-0.030780	-1.352418
1885	26.175249	00:00:26:13	-28.055847	1.694683	-1.210241	-27.893966	1.622146	-1.143885	-28.012274	1.600954	-1.089496	-28.059190	1.578322	-1.266873	-28.065616	1.572343	-1.233596	-28.167643	1.582033	-1.181488	-27.926746	1.600683	-1.339355	-27.941903	1.330427	-1.213445	-28.019239	0.757624	-1.699149	-27.730962	1.099174	-1.243209	-28.114561	-0.024973	-2.059980	-27.700765	1.050105	-1.301466	-28.091090	-0.065928	-2.061127	-27.726809	1.064743	-1.256628	-28.116456	-0.046905	-2.054687	-28.161053	0.987447	-1.118585	-28.213579	1.029072	-1.178254	-27.871909	0.995873	-1.312218	-27.943837	1.015677	-1.368671	-28.169345	0.467008	-1.160670	-27.908001	0.455659	-1.330860	-28.179363	-0.097622	-1.126369	-28.209016	-0.012407	-1.135651	-27.880374	-0.106985	-1.296499	-27.884303	-0.042402	-1.346133
1886	26.189143	00:00:26:14	-28.011526	1.704455	-1.233302	-27.925797	1.606997	-1.132867	-28.024812	1.610953	-1.112652	-28.049261	1.633744	-1.274045	-28.039751	1.586697	-1.223042	-28.191266	1.582337	-1.186109	-27.908624	1.616917	-1.321765	-27.950968	1.364291	-1.241984	-28.010473	0.765053	-1.706154	-27.721655	1.065190	-1.252933	-28.102577	-0.030714	-2.064989	-27.710443	1.078949	-1.233268	-28.086138	-0.042575	-2.051347	-27.720990	1.053621	-1.268246	-28.102640	-0.030440	-2.063086	-28.209627	1.013040	-1.120458	-28.208766	1.032530	-1.185460	-27.895693	1.020630	-1.301158	-27.919459	1.018260	-1.354225	-28.182573	0.471996	-1.130422	-27.874332	0.487845	-1.320025	-28.176989	-0.050589	-1.087499	-28.180550	-0.037883	-1.126474	-27.896345	-0.066570	-1.311859	-27.886836	-0.043014	-1.336681
1887	26.203036	00:00:26:15	-28.017269	1.716307	-1.210010	-27.922827	1.640697	-1.161095	-28.003867	1.590494	-1.142102	-28.039063	1.624759	-1.271553	-28.047785	1.578971	-1.235607	-28.207198	1.612896	-1.188639	-27.952790	1.599933	-1.340361	-27.932554	1.343200	-1.211245	-28.010669	0.748953	-1.710779	-27.713426	1.056806	-1.275236	-28.077190	-0.076511	-2.069065	-27.711393	1.077320	-1.307616	-28.095853	-0.025221	-2.044680	-27.716308	1.093774	-1.271200	-28.078854	-0.006901	-2.048312	-28.200356	0.993584	-1.119905	-28.202854	1.065456	-1.179775	-27.910468	0.976981	-1.328292	-27.895251	1.009839	-1.375701	-28.212433	0.452996	-1.156805	-27.870433	0.486395	-1.318251	-28.191680	-0.102427	-1.123174	-28.222782	-0.044830	-1.166751	-27.907640	-0.111798	-1.266083	-27.866275	-0.048851	-1.331107
1888	26.216930	00:00:26:16	-28.046383	1.713006	-1.191243	-27.918258	1.647373	-1.154410	-28.048782	1.592105	-1.112579	-28.031515	1.624394	-1.243219	-28.057579	1.600396	-1.230974	-28.184814	1.615732	-1.178921	-27.904241	1.608693	-1.331477	-27.946306	1.354048	-1.252344	-27.993282	0.782386	-1.702598	-27.689248	1.061893	-1.272935	-28.082025	-0.032417	-2.083731	-27.726399	1.094623	-1.275299	-28.095481	-0.037360	-2.068771	-27.713883	1.045837	-1.282186	-28.067663	-0.052304	-2.062277	-28.181744	0.963491	-1.139283	-28.223001	1.035363	-1.171261	-27.849568	0.980345	-1.317846	-27.914315	1.025073	-1.346779	-28.174976	0.485542	-1.123437	-27.864851	0.477216	-1.331369	-28.240156	-0.066887	-1.116253	-28.231108	-0.020892	-1.164091	-27.879405	-0.091533	-1.305159	-27.937818	-0.024398	-1.361603
1889	26.230823	00:00:26:17	-28.029319	1.695501	-1.230547	-27.906465	1.573604	-1.176524	-28.054568	1.586203	-1.108054	-28.072826	1.593307	-1.264842	-28.013768	1.592531	-1.223462	-28.193411	1.613523	-1.178758	-27.913455	1.615444	-1.361652	-27.961764	1.322898	-1.235672	-28.011128	0.792374	-1.677027	-27.700428	1.065571	-1.258002	-28.104291	-0.054192	-2.066863	-27.720328	1.039330	-1.286268	-28.071311	-0.033762	-2.070825	-27.733087	1.078153	-1.263178	-28.072822	-0.049708	-2.039043	-28.180327	0.967294	-1.159204	-28.234995	1.055623	-1.187295	-27.837901	1.012528	-1.291791	-27.895248	1.002702	-1.346410	-28.180995	0.492057	-1.131911	-27.900996	0.512134	-1.323981	-28.200333	-0.058985	-1.085391	-28.180757	-0.030976	-1.171893	-27.866484	-0.084976	-1.293436	-27.943843	-0.016142	-1.370572
1890	26.244716	00:00:26:18	-28.010801	1.711350	-1.216042	-27.894973	1.604267	-1.171110	-28.042796	1.599101	-1.123555	-28.070142	1.612422	-1.255952	-28.057040	1.587988	-1.249727	-28.189957	1.629896	-1.230596	-27.930831	1.611909	-1.324331	-27.951868	1.312780	-1.232869	-28.024017	0.769156	-1.690474	-27.699514	1.083298	-1.284024	-28.090713	-0.026663	-2.057422	-27.719089	1.065130	-1.276284	-28.103464	-0.059208	-2.070814	-27.703545	1.068811	-1.266559	-28.090197	-0.051469	-2.040754	-28.182425	0.994321	-1.148207	-28.200550	1.030046	-1.170927	-27.888735	0.984258	-1.319583	-27.899032	0.987475	-1.351657	-28.199988	0.457538	-1.130428	-27.893375	0.463062	-1.360921	-28.219073	-0.065292	-1.117848	-28.189867	-0.041625	-1.146811	-27.882238	-0.066150	-1.304978	-27.898141	-0.064294	-1.336674
1891	26.258610	00:00:26:19	-28.022751	1.742870	-1.245640	-27.915621	1.586740	-1.171929	-28.034926	1.628174	-1.138303	-28.045150	1.606729	-1.240487	-28.010166	1.546038	-1.246772	-28.197394	1.590199	-1.189685	-27.922691	1.559926	-1.339358	-27.969202	1.331187	-1.243745	-28.036433	0.765584	-1.680244	-27.671825	1.076416	-1.263921	-28.073843	-0.051074	-2.035337	-27.690096	1.068255	-1.261597	-28.092831	-0.058131	-2.092611	-27.693014	1.069906	-1.273685	-28.071986	-0.033666	-2.048972	-28.173354	1.003506	-1.167690	-28.205106	1.047028	-1.154332	-27.874016	0.987497	-1.352642	-27.898933	1.027576	-1.332301	-28.243578	0.485526	-1.138330	-27.905651	0.498766	-1.345098	-28.191895	-0.093607	-1.130363	-28.213530	-0.023612	-1.148468	-27.874048	-0.051500	-1.309945	-27.902958	-0.011563	-1.320823
1892	26.272503	00:00:26:20	-28.025112	1.712659	-1.218434	-27.962691	1.598178	-1.161540	-28.062054	1.624429	-1.140433	-28.011113	1.622809	-1.245063	-28.038158	1.597946	-1.256381	-28.155485	1.588259	-1.169003	-27.930397	1.618405	-1.360795	-27.937661	1.331766	-1.242896	-27.971895	0.763255	-1.729974	-27.688398	1.081828	-1.287261	-28.075435	-0.036567	-2.074153	-27.678620	1.072946	-1.287110	-28.099467	-0.043723	-2.051622	-27.724183	1.066001	-1.306446	-28.075874	-0.072696	-2.048567	-28.180305	0.993147	-1.134282	-28.185205	1.038797	-1.183624	-27.876865	0.993167	-1.340703	-27.865611	1.014362	-1.368648	-28.198600	0.491803	-1.140711	-27.913204	0.487147	-1.330306	-28.209952	-0.079879	-1.092579	-28.186293	-0.050066	-1.142518	-27.874036	-0.081073	-1.301644	-27.884151	-0.065272	-1.318770
1893	26.286397	00:00:26:21	-28.028905	1.706302	-1.204737	-27.919549	1.624015	-1.202755	-28.033315	1.620724	-1.135077	-28.059103	1.596989	-1.252841	-28.022171	1.584218	-1.231739	-28.178779	1.622090	-1.168215	-27.902217	1.589168	-1.343022	-27.926474	1.322799	-1.191923	-28.039154	0.764355	-1.702033	-27.717681	1.064007	-1.304907	-28.077470	-0.045913	-2.049662	-27.721359	1.086353	-1.290324	-28.095300	-0.048680	-2.064270	-27.719609	1.070948	-1.283617	-28.084233	-0.072601	-2.036947	-28.177162	0.990979	-1.148421	-28.227833	1.061492	-1.180047	-27.904765	0.976861	-1.348111	-27.914587	1.020440	-1.359666	-28.178857	0.441963	-1.146485	-27.922196	0.484182	-1.309528	-28.162942	-0.102178	-1.109834	-28.209664	-0.026253	-1.144941	-27.905205	-0.092320	-1.295226	-27.880119	-0.040331	-1.328402
1894	26.300290	00:00:26:22	-28.024576	1.714877	-1.212560	-27.940332	1.630370	-1.189863	-28.035072	1.600413	-1.112083	-28.066544	1.615354	-1.270835	-28.016399	1.562092	-1.223668	-28.195864	1.633590	-1.203423	-27.940153	1.587981	-1.332019	-27.948898	1.327545	-1.242910	-28.035822	0.785706	-1.706434	-27.722802	1.079972	-1.296223	-28.101172	-0.030962	-2.056010	-27.682598	1.061042	-1.284551	-28.113548	-0.053910	-2.093886	-27.693715	1.090470	-1.274460	-28.064634	-0.061411	-2.076356	-28.184116	0.955232	-1.124103	-28.207440	1.050646	-1.161330	-27.896030	0.982792	-1.317636	-27.894298	1.029063	-1.332965	-28.234602	0.508032	-1.149786	-27.898589	0.459794	-1.346820	-28.201244	-0.102102	-1.112622	-28.225155	-0.047887	-1.153583	-27.850171	-0.075570	-1.329703	-27.892432	-0.016344	-1.337492
1895	26.314184	00:00:26:23	-28.015741	1.675337	-1.224395	-27.942068	1.631250	-1.201448	-28.044277	1.590224	-1.118637	-28.041798	1.621368	-1.264069	-28.073307	1.583404	-1.200996	-28.180150	1.572493	-1.205092	-27.939814	1.581518	-1.332479	-27.953491	1.321539	-1.231331	-28.008221	0.785732	-1.708846	-27.736211	1.051721	-1.319600	-28.100738	-0.058468	-2.054952	-27.725938	1.075446	-1.266543	-28.088834	-0.043555	-2.058933	-27.723047	1.086299	-1.275996	-28.096389	-0.033604	-2.053186	-28.182525	1.008417	-1.169345	-28.197185	1.031585	-1.178969	-27.886357	0.969102	-1.336342	-27.885662	1.064284	-1.369064	-28.199503	0.496527	-1.135881	-27.899631	0.450868	-1.344953	-28.213622	-0.081790	-1.124676	-28.220138	-0.046260	-1.147971	-27.912301	-0.107665	-1.305890	-27.899689	-0.081972	-1.323928
1896	26.328077	00:00:26:24	-28.013769	1.695070	-1.210204	-27.928360	1.603177	-1.178594	-28.026176	1.591397	-1.085903	-28.059203	1.572827	-1.259040	-28.032210	1.569664	-1.220328	-28.195314	1.605599	-1.186356	-27.927543	1.614630	-1.328271	-27.960602	1.332010	-1.247771	-28.012536	0.774488	-1.713274	-27.695713	1.069357	-1.315798	-28.098142	-0.057671	-2.086416	-27.725738	1.077440	-1.264004	-28.126579	-0.012283	-2.094714	-27.726038	1.077275	-1.302912	-28.098940	-0.049406	-2.015537	-28.237515	0.997726	-1.102244	-28.196120	1.019998	-1.153164	-27.879916	0.976689	-1.325508	-27.902718	1.036391	-1.336296	-28.201015	0.487852	-1.137324	-27.888882	0.471858	-1.333410	-28.205938	-0.096826	-1.149969	-28.221043	-0.023803	-1.140443	-27.912335	-0.076684	-1.287893	-27.916485	-0.020651	-1.354173
1897	26.341971	00:00:26:25	-27.999400	1.720278	-1.236819	-27.937530	1.606551	-1.204359	-28.037168	1.616361	-1.107583	-28.070708	1.597587	-1.259635	-28.020399	1.587620	-1.235764	-28.158059	1.595850	-1.196521	-27.929436	1.615918	-1.331002	-27.930770	1.353560	-1.212432	-28.016598	0.770911	-1.667308	-27.741920	1.090195	-1.317039	-28.092098	-0.042832	-2.052821	-27.698717	1.089805	-1.318608	-28.100384	-0.061592	-2.074761	-27.728232	1.073351	-1.261444	-28.088482	-0.036875	-2.036420	-28.185913	0.993705	-1.157240	-28.242720	1.020397	-1.161541	-27.871272	0.964945	-1.325015	-27.886281	1.018902	-1.359968	-28.199865	0.498304	-1.143540	-27.862702	0.479980	-1.340148	-28.204785	-0.055352	-1.125877	-28.189007	-0.024173	-1.108802	-27.897358	-0.078639	-1.316900	-27.887341	-0.039666	-1.341382
1898	26.355864	00:00:26:26	-28.009058	1.706712	-1.198430	-27.938243	1.613476	-1.167873	-28.031827	1.592420	-1.112233	-28.051063	1.590460	-1.281485	-27.996905	1.597648	-1.245622	-28.173870	1.585519	-1.181516	-27.931890	1.621661	-1.335233	-27.954127	1.328473	-1.227224	-27.996502	0.771797	-1.698055	-27.718004	1.089263	-1.267665	-28.123665	-0.064709	-2.058521	-27.700902	1.095237	-1.270563	-28.105248	-0.033065	-2.060238	-27.706955	1.076311	-1.301434	-28.091331	-0.067557	-2.073555	-28.188587	1.040578	-1.101628	-28.259756	1.022353	-1.179571	-27.860053	1.003025	-1.311495	-27.876451	1.013073	-1.348542	-28.180017	0.489525	-1.182784	-27.912319	0.479208	-1.351534	-28.184309	-0.080749	-1.126503	-28.253874	-0.013289	-1.135227	-27.857437	-0.086399	-1.308997	-27.923284	-0.022632	-1.337449
1899	26.369757	00:00:26:27	-28.053329	1.716069	-1.181967	-27.939301	1.618818	-1.177290	-28.075460	1.624021	-1.111810	-28.075540	1.582009	-1.262885	-28.048658	1.598869	-1.257962	-28.200449	1.606284	-1.192153	-27.921766	1.634791	-1.352293	-27.974299	1.340058	-1.248879	-27.986377	0.745429	-1.676044	-27.707997	1.052903	-1.273419	-28.096366	-0.028334	-2.030578	-27.714423	1.048012	-1.293510	-28.104800	-0.039387	-2.061380	-27.707796	1.092033	-1.305436	-28.088048	-0.039879	-2.046701	-28.191986	0.994867	-1.118749	-28.229456	1.050974	-1.189483	-27.895359	0.979292	-1.339643	-27.878188	1.021124	-1.358039	-28.196310	0.497317	-1.151585	-27.874626	0.460986	-1.349835	-28.182296	-0.083134	-1.116179	-28.197533	-0.048882	-1.171726	-27.862014	-0.087230	-1.310732	-27.917482	-0.046450	-1.334723
1900	26.383651	00:00:26:28	-28.032561	1.706232	-1.229681	-27.935586	1.618694	-1.130767	-28.054718	1.639530	-1.090952	-28.072227	1.587166	-1.259914	-28.055689	1.576940	-1.247191	-28.168446	1.610255	-1.200953	-27.926395	1.641150	-1.326567	-27.920305	1.332285	-1.233224	-28.025196	0.741161	-1.679813	-27.722301	1.090077	-1.283728	-28.086763	-0.044165	-2.064924	-27.707864	1.069975	-1.300818	-28.098797	-0.043343	-2.052446	-27.711853	1.069732	-1.273228	-28.088661	-0.055797	-2.082448	-28.231231	0.999817	-1.144057	-28.213949	1.034502	-1.163313	-27.921951	0.971960	-1.328396	-27.903655	1.078592	-1.381503	-28.193527	0.516235	-1.188947	-27.902561	0.462530	-1.307695	-28.204055	-0.083822	-1.127910	-28.222538	-0.050456	-1.155495	-27.914254	-0.088002	-1.313444	-27.880027	0.002414	-1.318196
1901	26.397544	00:00:26:29	-28.022597	1.697490	-1.204032	-27.972297	1.632902	-1.189809	-27.990590	1.636216	-1.120386	-28.030738	1.613531	-1.278234	-28.024409	1.579397	-1.262328	-28.138554	1.622589	-1.201332	-27.923163	1.622157	-1.339310	-27.923993	1.331941	-1.222643	-28.014631	0.757868	-1.726396	-27.702512	1.078745	-1.252268	-28.110250	-0.083552	-2.067518	-27.720364	1.071893	-1.295055	-28.107081	-0.056592	-2.028267	-27.717482	1.057826	-1.299254	-28.071468	-0.025833	-2.047793	-28.183508	0.960504	-1.152094	-28.237672	1.041544	-1.215339	-27.871710	1.001561	-1.361524	-27.915797	1.025001	-1.405627	-28.189648	0.439145	-1.154567	-27.893499	0.460226	-1.327111	-28.153523	-0.068524	-1.114202	-28.211215	-0.015197	-1.159145	-27.911362	-0.051956	-1.310457	-27.888239	-0.025647	-1.345274
1902	26.411438	00:00:26:30	-28.001983	1.705068	-1.194194	-27.916116	1.587506	-1.156633	-28.029542	1.614815	-1.111773	-28.047482	1.576834	-1.263879	-28.021388	1.579225	-1.242326	-28.191718	1.626280	-1.228721	-27.880968	1.597770	-1.325864	-27.925530	1.339047	-1.251599	-28.033429	0.798174	-1.715998	-27.734734	1.080267	-1.280992	-28.071824	-0.050565	-2.064189	-27.729959	1.047983	-1.283193	-28.095556	-0.038456	-2.061535	-27.718708	1.057566	-1.261806	-28.089182	-0.058536	-2.078214	-28.193673	0.977905	-1.126553	-28.206446	1.030025	-1.151074	-27.870140	0.992895	-1.322308	-27.901984	1.017410	-1.331781	-28.207001	0.462854	-1.131103	-27.897670	0.470144	-1.323435	-28.201517	-0.046720	-1.143668	-28.217603	-0.025098	-1.117879	-27.865441	-0.065913	-1.311543	-27.900683	-0.043585	-1.318506
1903	26.425331	00:00:26:31	-28.027211	1.710933	-1.199391	-27.934606	1.628618	-1.194268	-28.014210	1.582593	-1.117746	-28.034337	1.618688	-1.246082	-28.038453	1.578147	-1.217022	-28.172417	1.642022	-1.197366	-27.899591	1.576364	-1.344078	-27.907773	1.320585	-1.256705	-27.952096	0.760128	-1.706832	-27.773913	1.066354	-1.266931	-28.101954	-0.034432	-2.039402	-27.710986	1.074951	-1.300617	-28.074742	-0.048715	-2.067493	-27.698051	1.069769	-1.289306	-28.097526	-0.057416	-2.048217	-28.165029	0.983720	-1.158982	-28.185421	1.022888	-1.210030	-27.892934	0.961010	-1.317313	-27.883779	1.046957	-1.364835	-28.217421	0.486435	-1.140468	-27.869573	0.459932	-1.362946	-28.177383	-0.076884	-1.114425	-28.221469	-0.013085	-1.170078	-27.913685	-0.094837	-1.315984	-27.901192	-0.023297	-1.323573
1904	26.439225	00:00:26:32	-28.034469	1.697775	-1.195840	-27.918578	1.593138	-1.186870	-28.040492	1.603300	-1.103296	-28.051072	1.587492	-1.254057	-28.038455	1.592690	-1.223178	-28.201004	1.604605	-1.177807	-27.931499	1.581986	-1.348342	-27.936370	1.358459	-1.238351	-27.974282	0.755655	-1.699459	-27.692207	1.068308	-1.279834	-28.091293	-0.057229	-2.052919	-27.727278	1.058035	-1.268557	-28.071481	-0.050960	-2.090914	-27.741692	1.091941	-1.278779	-28.090456	-0.027081	-2.068453	-28.196564	1.003354	-1.172949	-28.197295	1.063238	-1.175508	-27.859084	0.994341	-1.308520	-27.916670	1.040435	-1.360900	-28.201754	0.473415	-1.137298	-27.896512	0.474928	-1.370964	-28.198585	-0.069020	-1.136510	-28.202811	-0.022015	-1.161705	-27.906427	-0.081196	-1.327008	-27.917469	-0.036451	-1.347288
1905	26.453118	00:00:26:33	-28.014640	1.712621	-1.228641	-27.936426	1.622018	-1.182130	-28.021888	1.626965	-1.119070	-28.025195	1.603436	-1.286821	-28.061665	1.584103	-1.204221	-28.159293	1.627412	-1.161021	-27.925830	1.581481	-1.305801	-27.950361	1.327888	-1.219576	-28.007075	0.811607	-1.691177	-27.674516	1.056262	-1.245186	-28.089879	-0.047959	-2.058625	-27.699756	1.077305	-1.259461	-28.059762	-0.072138	-2.039368	-27.730945	1.073391	-1.264326	-28.113059	-0.078297	-2.060347	-28.202614	1.008360	-1.143257	-28.197724	1.025784	-1.171634	-27.849474	0.974466	-1.326005	-27.906455	1.032115	-1.368946	-28.210992	0.465866	-1.109396	-27.867928	0.478129	-1.309481	-28.197214	-0.092586	-1.106225	-28.175267	-0.014666	-1.136128	-27.872108	-0.105782	-1.309832	-27.894431	-0.017689	-1.353173
1906	26.467012	00:00:26:34	-28.021808	1.692905	-1.203368	-27.970352	1.597850	-1.148635	-28.033990	1.579221	-1.141309	-28.020832	1.603021	-1.247528	-28.041056	1.575217	-1.238919	-28.173436	1.599735	-1.178933	-27.924816	1.618440	-1.323366	-27.960981	1.330075	-1.205896	-28.015332	0.770535	-1.691638	-27.737146	1.053352	-1.300374	-28.100473	-0.036454	-2.075360	-27.692778	1.075644	-1.266610	-28.121950	-0.032729	-2.091913	-27.741705	1.087842	-1.276559	-28.063987	-0.035111	-2.082991	-28.219889	0.988696	-1.134047	-28.180520	1.023475	-1.178306	-27.925398	0.946894	-1.321477	-27.913677	1.037354	-1.348824	-28.184897	0.476913	-1.155811	-27.863899	0.455334	-1.337792	-28.181433	-0.050224	-1.121501	-28.255468	-0.048058	-1.164518	-27.895153	-0.108574	-1.307235	-27.900955	-0.016301	-1.340023
1907	26.480905	00:00:26:35	-28.015192	1.693152	-1.211934	-27.906683	1.574987	-1.176891	-28.060226	1.629321	-1.108690	-28.069615	1.594131	-1.273834	-28.033744	1.600492	-1.205208	-28.134416	1.604897	-1.190934	-27.925848	1.594491	-1.338051	-27.960882	1.300288	-1.245940	-27.997683	0.796321	-1.699034	-27.723171	1.061161	-1.259026	-28.107275	-0.050470	-2.090469	-27.761938	1.060920	-1.288445	-28.090177	-0.023234	-2.071410	-27.737835	1.087971	-1.287984	-28.058603	-0.041165	-2.090139	-28.160274	0.979267	-1.183660	-28.185408	1.036570	-1.163609	-27.878056	0.981709	-1.313534	-27.921827	1.027472	-1.334397	-28.191932	0.467214	-1.144646	-27.877833	0.472782	-1.315551	-28.195960	-0.073554	-1.121950	-28.213340	-0.041056	-1.139126	-27.853912	-0.107053	-1.304029	-27.911779	-0.030059	-1.332802
1908	26.494798	00:00:26:36	-28.004389	1.708397	-1.200918	-27.939978	1.611311	-1.167816	-28.037394	1.578517	-1.090693	-28.058352	1.624489	-1.248472	-28.030236	1.590963	-1.228329	-28.169839	1.621489	-1.175759	-27.934860	1.626688	-1.325426	-27.955993	1.330815	-1.224444	-27.998948	0.791026	-1.697729	-27.684954	1.056121	-1.261705	-28.075024	-0.038976	-2.077194	-27.708394	1.074967	-1.324191	-28.067029	-0.012801	-2.072489	-27.731964	1.061166	-1.306126	-28.089300	-0.049694	-2.087057	-28.185242	0.981258	-1.158299	-28.217150	1.006743	-1.149707	-27.864116	0.984862	-1.323344	-27.901526	1.031916	-1.380288	-28.205409	0.466578	-1.145951	-27.866625	0.495079	-1.335412	-28.212358	-0.087848	-1.139576	-28.229305	-0.058933	-1.151801	-27.929553	-0.113905	-1.332389	-27.897729	-0.048599	-1.307057
1909	26.508692	00:00:26:37	-28.031234	1.726517	-1.220493	-27.926674	1.633251	-1.162378	-28.046237	1.619402	-1.098674	-28.020319	1.615022	-1.275422	-28.065470	1.588381	-1.244602	-28.206743	1.586023	-1.182319	-27.929388	1.589605	-1.351488	-27.924926	1.340446	-1.240511	-27.987622	0.738541	-1.725634	-27.702817	1.063360	-1.253207	-28.095637	-0.062066	-2.067855	-27.694697	1.061167	-1.292227	-28.073625	-0.066719	-2.047537	-27.701412	1.090801	-1.265937	-28.103934	-0.040755	-2.046525	-28.186012	1.001522	-1.126120	-28.206158	1.048161	-1.171111	-27.901381	0.974165	-1.313727	-27.898620	1.032787	-1.382941	-28.175206	0.471560	-1.139728	-27.856696	0.486190	-1.315227	-28.180395	-0.085661	-1.152189	-28.211775	-0.037119	-1.157259	-27.896026	-0.072342	-1.253164	-27.924612	-0.029398	-1.339571
1910	26.522585	00:00:26:38	-28.009018	1.739852	-1.207895	-27.943754	1.611443	-1.169825	-28.042882	1.616247	-1.127807	-28.044301	1.576851	-1.290413	-28.004917	1.582604	-1.258987	-28.190330	1.590682	-1.178061	-27.910273	1.614077	-1.329608	-27.955320	1.340247	-1.244744	-28.007555	0.799978	-1.696944	-27.731902	1.060752	-1.315995	-28.086530	-0.058517	-2.061635	-27.689018	1.080737	-1.302123	-28.092254	-0.029846	-2.061090	-27.719362	1.089335	-1.268537	-28.108922	-0.023901	-2.068225	-28.162899	0.960622	-1.150495	-28.223930	1.054334	-1.182067	-27.873218	1.010680	-1.305800	-27.892650	1.045112	-1.351119	-28.183689	0.487217	-1.125765	-27.874642	0.493596	-1.301602	-28.188805	-0.097972	-1.118169	-28.241173	-0.030287	-1.197917	-27.879885	-0.081346	-1.314327	-27.897802	-0.047040	-1.351856
1911	26.536479	00:00:26:39	-28.031890	1.703370	-1.189305	-27.920235	1.635079	-1.178390	-28.043304	1.585731	-1.102808	-28.058579	1.609220	-1.255832	-28.064466	1.543447	-1.236208	-28.175663	1.622510	-1.158141	-27.907676	1.641656	-1.344385	-27.917043	1.359894	-1.192171	-27.987874	0.755448	-1.688363	-27.716091	1.056809	-1.293626	-28.074516	-0.048251	-2.068444	-27.729863	1.073674	-1.291891	-28.086934	-0.042938	-2.072171	-27.710893	1.053025	-1.275693	-28.088236	-0.053482	-2.071778	-28.203012	0.977616	-1.139039	-28.214805	1.013400	-1.192900	-27.894182	0.994295	-1.321209	-27.926004	1.013028	-1.332050	-28.210053	0.474164	-1.145017	-27.879203	0.459019	-1.350401	-28.172788	-0.091685	-1.125548	-28.211999	-0.029819	-1.160884	-27.881514	-0.089841	-1.314483	-27.913840	-0.042209	-1.325143
1912	26.550372	00:00:26:40	-27.998444	1.753475	-1.209013	-27.889340	1.607777	-1.157469	-28.008598	1.620426	-1.111718	-28.055454	1.552450	-1.261748	-28.063005	1.588849	-1.252605	-28.192148	1.588390	-1.136600	-27.916761	1.602615	-1.338855	-27.950422	1.334455	-1.244583	-28.028779	0.779050	-1.706144	-27.706919	1.079319	-1.294048	-28.088478	-0.079505	-2.080940	-27.663985	1.062570	-1.234239	-28.089350	-0.050304	-2.040556	-27.729244	1.089763	-1.279900	-28.132737	-0.054564	-2.063938	-28.180093	0.970640	-1.149342	-28.200123	1.017426	-1.183284	-27.932438	1.012786	-1.299861	-27.916693	0.999954	-1.357589	-28.179059	0.465474	-1.104122	-27.869584	0.505344	-1.315095	-28.177917	-0.076859	-1.113767	-28.184769	-0.018519	-1.144435	-27.874176	-0.087914	-1.317428	-27.905121	-0.040332	-1.359615
1913	26.564266	00:00:26:41	-28.009041	1.719324	-1.199020	-27.907020	1.604213	-1.186691	-28.043925	1.627989	-1.066251	-28.054105	1.591013	-1.276044	-28.041034	1.577565	-1.246138	-28.188014	1.626715	-1.190270	-27.914422	1.624656	-1.333439	-27.942490	1.347287	-1.246373	-28.042982	0.769497	-1.700355	-27.696604	1.057007	-1.281360	-28.094931	-0.028946	-2.046120	-27.721213	1.093722	-1.292922	-28.089244	-0.058157	-2.068045	-27.686979	1.044580	-1.297574	-28.075327	-0.052564	-2.039470	-28.193351	0.979071	-1.113678	-28.187571	1.026270	-1.168006	-27.891954	0.975974	-1.347118	-27.886854	1.045599	-1.383368	-28.189797	0.482609	-1.149568	-27.880407	0.481231	-1.348407	-28.201992	-0.060584	-1.109930	-28.201646	-0.017711	-1.152631	-27.855563	-0.046791	-1.319861	-27.906825	0.005668	-1.312924
1914	26.578159	00:00:26:42	-28.001815	1.700238	-1.211873	-27.936896	1.620889	-1.218653	-28.032271	1.629225	-1.116480	-28.061504	1.598024	-1.259479	-28.035342	1.609333	-1.258458	-28.198494	1.598729	-1.153092	-27.881583	1.591808	-1.342744	-27.944627	1.332615	-1.217771	-27.990259	0.785333	-1.710236	-27.754826	1.022957	-1.299351	-28.127567	-0.068869	-2.058817	-27.711715	1.091607	-1.270630	-28.084733	-0.049919	-2.054183	-27.720126	1.079965	-1.280528	-28.087841	-0.055532	-2.065640	-28.194995	0.978461	-1.157419	-28.187207	1.038968	-1.186072	-27.880699	1.008319	-1.295888	-27.921322	1.065866	-1.368652	-28.210926	0.483571	-1.133188	-27.869770	0.455642	-1.331459	-28.199143	-0.069631	-1.124968	-28.240217	-0.024866	-1.158905	-27.909454	-0.052447	-1.323960	-27.881802	-0.029805	-1.317711
1915	26.592053	00:00:26:43	-28.036312	1.727785	-1.182793	-27.938167	1.616193	-1.178490	-28.030242	1.591620	-1.139873	-28.066240	1.594370	-1.284170	-28.043433	1.582317	-1.232687	-28.183953	1.573795	-1.188125	-27.925468	1.577129	-1.359250	-27.935987	1.342010	-1.248899	-28.011280	0.765886	-1.696038	-27.728599	1.064804	-1.273555	-28.073469	-0.020261	-2.043793	-27.669909	1.055209	-1.257314	-28.096223	-0.089333	-2.077046	-27.713136	1.059056	-1.289069	-28.084168	-0.060856	-2.046211	-28.170815	0.984347	-1.163395	-28.222063	1.036336	-1.184796	-27.894605	0.957275	-1.283545	-27.918661	1.024022	-1.326886	-28.170102	0.485961	-1.121689	-27.895415	0.481115	-1.336995	-28.185044	-0.100149	-1.130665	-28.239526	-0.045711	-1.152428	-27.879732	-0.066639	-1.343876	-27.916881	-0.019364	-1.340823
1916	26.605946	00:00:26:44	-27.993196	1.719276	-1.191753	-27.929356	1.608205	-1.182756	-28.031808	1.636595	-1.134517	-28.033413	1.637691	-1.279443	-28.047460	1.569008	-1.235691	-28.188830	1.582690	-1.188966	-27.949200	1.607274	-1.357599	-27.953973	1.355056	-1.222469	-28.020238	0.771880	-1.674490	-27.690908	1.078450	-1.301134	-28.108718	-0.037405	-2.040930	-27.697426	1.069263	-1.272913	-28.098040	-0.040685	-2.075549	-27.693102	1.069868	-1.306766	-28.099848	-0.064132	-2.043040	-28.155243	0.978189	-1.150852	-28.213603	1.000877	-1.180574	-27.886177	0.971183	-1.336006	-27.880533	1.030570	-1.345953	-28.183572	0.488937	-1.152278	-27.857674	0.496851	-1.351484	-28.171351	-0.055360	-1.132809	-28.191607	-0.062405	-1.166815	-27.898590	-0.068415	-1.290381	-27.889591	-0.036081	-1.364228
1917	26.619839	00:00:26:45	-28.031531	1.710497	-1.221829	-27.917803	1.607143	-1.174123	-28.030353	1.624301	-1.115447	-28.053019	1.603290	-1.257759	-28.011057	1.568544	-1.260731	-28.198600	1.589903	-1.193275	-27.885598	1.589008	-1.293190	-27.924731	1.352781	-1.233291	-28.008098	0.758014	-1.693227	-27.714005	1.076531	-1.294759	-28.099078	-0.031086	-2.039346	-27.725197	1.063118	-1.284962	-28.086958	-0.028645	-2.041638	-27.710302	1.054104	-1.296142	-28.106780	-0.027230	-2.036485	-28.210430	0.998552	-1.140618	-28.204804	1.035554	-1.202661	-27.856662	0.969659	-1.301704	-27.931602	1.044468	-1.336738	-28.182647	0.480727	-1.166497	-27.902510	0.500881	-1.320229	-28.168165	-0.096293	-1.121523	-28.230574	-0.018696	-1.138674	-27.886203	-0.085241	-1.329564	-27.911608	-0.061120	-1.330011
1918	26.633733	00:00:26:46	-28.009611	1.707285	-1.191198	-27.904485	1.616745	-1.156757	-28.076306	1.642510	-1.117919	-28.062658	1.612411	-1.244864	-28.017848	1.561102	-1.268476	-28.198498	1.580758	-1.174366	-27.973905	1.587528	-1.362847	-27.939978	1.353903	-1.228931	-28.019985	0.777093	-1.675231	-27.708164	1.063936	-1.287624	-28.116119	-0.065933	-2.072520	-27.672707	1.070085	-1.293618	-28.049984	-0.004939	-2.044897	-27.681139	1.082139	-1.290361	-28.076545	-0.068334	-2.078555	-28.165115	0.972752	-1.148832	-28.176499	1.020401	-1.149695	-27.880000	0.960496	-1.344881	-27.922836	1.049791	-1.389937	-28.185687	0.487573	-1.134323	-27.914307	0.476440	-1.346257	-28.211284	-0.084575	-1.145289	-28.202162	-0.025562	-1.162355	-27.873669	-0.104962	-1.337886	-27.898830	-0.045469	-1.333534
1919	26.647626	00:00:26:47	-27.996921	1.692990	-1.216679	-27.922707	1.606497	-1.183379	-28.044321	1.627342	-1.144441	-28.047741	1.602399	-1.271395	-28.010001	1.577502	-1.221449	-28.195619	1.610687	-1.190574	-27.911583	1.596094	-1.321887	-27.949929	1.336452	-1.220022	-28.011718	0.763781	-1.722620	-27.702518	1.036245	-1.255337	-28.067055	-0.050235	-2.059319	-27.719070	1.080155	-1.297470	-28.071600	-0.039569	-2.081645	-27.716224	1.089795	-1.302442	-28.074780	-0.054980	-2.079721	-28.203283	1.020526	-1.116257	-28.181487	1.010522	-1.160167	-27.868581	0.947209	-1.332454	-27.916586	1.037816	-1.348932	-28.196367	0.474491	-1.150363	-27.873589	0.473595	-1.313049	-28.202600	-0.086196	-1.108811	-28.197301	-0.021661	-1.180164	-27.869327	-0.092243	-1.324995	-27.902932	-0.049721	-1.349956
1920	26.661520	00:00:26:48	-28.050502	1.721838	-1.216970	-27.949235	1.630120	-1.159765	-28.078939	1.607011	-1.148142	-28.061695	1.590763	-1.247363	-28.061025	1.573235	-1.203332	-28.156533	1.606566	-1.193796	-27.931537	1.600808	-1.350485	-27.971799	1.300806	-1.255303	-28.000596	0.796970	-1.688674	-27.705083	1.066816	-1.296733	-28.108968	-0.040863	-2.035947	-27.683562	1.068087	-1.313979	-28.077922	-0.031793	-2.071448	-27.718853	1.089718	-1.265460	-28.064248	-0.026563	-2.059078	-28.193215	0.979345	-1.165343	-28.198382	1.023972	-1.147283	-27.878981	0.991632	-1.357946	-27.931209	1.041713	-1.335328	-28.205286	0.466551	-1.154798	-27.878859	0.466952	-1.328139	-28.228835	-0.075153	-1.097326	-28.208171	-0.035781	-1.165768	-27.899945	-0.058630	-1.297356	-27.882857	-0.015847	-1.363197
1921	26.675413	00:00:26:49	-27.971144	1.677315	-1.194819	-27.939374	1.611606	-1.145121	-28.028856	1.596742	-1.093995	-28.063443	1.593351	-1.267691	-28.018412	1.549971	-1.256192	-28.151638	1.601158	-1.184495	-27.951381	1.609714	-1.308287	-27.920165	1.346220	-1.226096	-28.020312	0.773840	-1.704424	-27.673005	1.055549	-1.281557	-28.095586	-0.024211	-2.076194	-27.717930	1.087424	-1.278526	-28.088760	-0.062206	-2.047094	-27.714356	1.092765	-1.264972	-28.104639	-0.057719	-2.077372	-28.155621	0.990364	-1.148022	-28.225815	1.007862	-1.161509	-27.861381	0.947204	-1.346946	-27.890544	1.030138	-1.348455	-28.192870	0.461950	-1.152279	-27.883282	0.462166	-1.292699	-28.204622	-0.080672	-1.137261	-28.224573	-0.031014	-1.170752	-27.889120	-0.105918	-1.290032	-27.911532	-0.045489	-1.312006
1922	26.689307	00:00:26:50	-28.009746	1.726647	-1.237763	-27.937217	1.656261	-1.182904	-28.005624	1.592105	-1.124155	-28.065322	1.635467	-1.261363	-28.042657	1.572136	-1.246256	-28.171156	1.601655	-1.185340	-27.942941	1.573809	-1.315714	-27.927982	1.378920	-1.223935	-28.001260	0.780963	-1.701442	-27.692150	1.098868	-1.268913	-28.095816	-0.017855	-2.097762	-27.689856	1.083614	-1.269365	-28.104776	-0.059413	-2.072870	-27.696883	1.094503	-1.258607	-28.112953	-0.045535	-2.043371	-28.207391	0.960331	-1.123916	-28.215085	1.029035	-1.152365	-27.891904	0.966322	-1.314129	-27.877675	1.037078	-1.352913	-28.189344	0.508677	-1.173689	-27.904443	0.499554	-1.330113	-28.202606	-0.066948	-1.095052	-28.228861	-0.036875	-1.141209	-27.908956	-0.054125	-1.308535	-27.900852	-0.001584	-1.344130
1923	26.703200	00:00:26:51	-28.024333	1.722327	-1.173421	-27.938270	1.624361	-1.197326	-28.049262	1.626986	-1.141480	-28.084646	1.570127	-1.263030	-28.049208	1.555977	-1.253548	-28.191843	1.603159	-1.199018	-27.933737	1.599193	-1.331163	-27.916560	1.332991	-1.226946	-28.009477	0.779491	-1.670942	-27.728875	1.097108	-1.290933	-28.089913	-0.036210	-2.068006	-27.692125	1.087288	-1.274694	-28.102565	-0.031046	-2.047261	-27.730961	1.084237	-1.289850	-28.103842	-0.037901	-2.073767	-28.191575	1.007583	-1.124162	-28.196070	1.042346	-1.199508	-27.862794	0.987906	-1.360827	-27.894064	1.020272	-1.364656	-28.222340	0.484051	-1.147972	-27.889718	0.471026	-1.320224	-28.175688	-0.099371	-1.120445	-28.223654	-0.050356	-1.142571	-27.909549	-0.070305	-1.327224	-27.894927	-0.040129	-1.327942
1924	26.717094	00:00:26:52	-28.016095	1.689868	-1.216528	-27.916894	1.615267	-1.162797	-28.029791	1.634441	-1.115067	-28.082984	1.614363	-1.253262	-28.044032	1.590971	-1.202921	-28.146224	1.596064	-1.157457	-27.886539	1.617070	-1.350308	-27.966224	1.306917	-1.260083	-27.989128	0.794714	-1.721958	-27.720996	1.067689	-1.314221	-28.106425	-0.036484	-2.077447	-27.722035	1.080569	-1.278304	-28.095264	-0.046467	-2.035993	-27.717986	1.070321	-1.273993	-28.115697	-0.062527	-2.060823	-28.210308	0.982527	-1.129651	-28.209901	1.031377	-1.160534	-27.850539	0.988867	-1.362721	-27.875363	1.055904	-1.340646	-28.214990	0.471760	-1.148926	-27.916964	0.496312	-1.346895	-28.213338	-0.079010	-1.106056	-28.203123	-0.009170	-1.166769	-27.886721	-0.075707	-1.300889	-27.910945	-0.039517	-1.345816
1925	26.730987	00:00:26:53	-28.021477	1.705480	-1.229855	-27.946605	1.635718	-1.183672	-28.021688	1.569428	-1.136578	-28.021790	1.611361	-1.273057	-28.051078	1.610398	-1.243940	-28.183912	1.613903	-1.221409	-27.937332	1.608650	-1.323766	-27.964244	1.312101	-1.222873	-28.011323	0.771470	-1.668637	-27.677067	1.067496	-1.269581	-28.094524	-0.047431	-2.069343	-27.708291	1.087466	-1.313039	-28.141812	-0.054201	-2.040852	-27.699494	1.076946	-1.271578	-28.091623	-0.082935	-2.087877	-28.177507	1.000253	-1.154529	-28.192885	1.036169	-1.188899	-27.865664	0.983959	-1.331750	-27.911067	1.056765	-1.368677	-28.229041	0.465434	-1.199275	-27.894646	0.454688	-1.347338	-28.178145	-0.054067	-1.126736	-28.207663	-0.022126	-1.155093	-27.862531	-0.063334	-1.310398	-27.905310	-0.019875	-1.346033
1926	26.744880	00:00:26:54	-28.000450	1.704473	-1.206812	-27.932344	1.633316	-1.165909	-28.068319	1.571122	-1.079240	-28.075170	1.596465	-1.265370	-28.056211	1.597628	-1.225565	-28.219533	1.623748	-1.194767	-27.926608	1.615072	-1.349901	-27.958518	1.323894	-1.232115	-27.977307	0.787848	-1.708433	-27.698528	1.042242	-1.281706	-28.106841	-0.056221	-2.042775	-27.703128	1.084853	-1.282694	-28.115576	-0.032851	-2.075496	-27.718149	1.078854	-1.298345	-28.058118	-0.040436	-2.079671	-28.206563	0.971280	-1.119681	-28.261783	1.035561	-1.187542	-27.877677	0.959344	-1.316398	-27.904969	1.021645	-1.354508	-28.210480	0.463378	-1.128390	-27.883225	0.498246	-1.322205	-28.169848	-0.040775	-1.099176	-28.215314	-0.028441	-1.162469	-27.887159	-0.053493	-1.314383	-27.884243	-0.028854	-1.347892
1927	26.758774	00:00:26:55	-28.005689	1.703477	-1.208227	-27.935909	1.620605	-1.178095	-28.045168	1.615278	-1.129575	-28.067591	1.597811	-1.287014	-28.048122	1.559122	-1.224307	-28.163071	1.603579	-1.227644	-27.916594	1.605984	-1.303725	-27.938545	1.319508	-1.254729	-28.015186	0.774206	-1.732336	-27.701120	1.072946	-1.299239	-28.087111	-0.036723	-2.054619	-27.700455	1.084502	-1.258236	-28.082235	-0.040472	-2.053580	-27.713262	1.054567	-1.265513	-28.100899	-0.067382	-2.045545	-28.179103	0.975768	-1.140768	-28.233454	1.031631	-1.167300	-27.895368	0.950332	-1.348591	-27.895205	1.028021	-1.363195	-28.220274	0.467142	-1.166844	-27.875981	0.475532	-1.315817	-28.172210	-0.070031	-1.131233	-28.207273	-0.032010	-1.173188	-27.867881	-0.080306	-1.289676	-27.905313	-0.042494	-1.330650
1928	26.772667	00:00:26:56	-28.044081	1.714076	-1.240517	-27.940249	1.618507	-1.156525	-28.028649	1.630796	-1.116088	-28.035635	1.585886	-1.254892	-28.031284	1.567813	-1.259391	-28.179344	1.621914	-1.195540	-27.883850	1.611388	-1.371752	-27.945960	1.383645	-1.235276	-28.027822	0.801175	-1.684181	-27.704056	1.071393	-1.288583	-28.091935	-0.019722	-2.072584	-27.676962	1.028315	-1.284148	-28.079218	-0.035882	-2.043592	-27.738148	1.062766	-1.265715	-28.083932	-0.039344	-2.037247	-28.195918	0.991659	-1.181606	-28.241476	1.031339	-1.165148	-27.883049	0.966854	-1.335435	-27.886592	1.034731	-1.385292	-28.189175	0.482088	-1.158531	-27.896606	0.495813	-1.301355	-28.183883	-0.063050	-1.100714	-28.213024	-0.059594	-1.178990	-27.881917	-0.086129	-1.307427	-27.864829	-0.044755	-1.352008
1929	26.786561	00:00:26:57	-28.032153	1.717132	-1.221921	-27.905606	1.603913	-1.157658	-28.049896	1.583551	-1.123770	-28.058036	1.593157	-1.276897	-28.017846	1.581459	-1.275428	-28.180474	1.586572	-1.184142	-27.888512	1.580174	-1.296678	-27.931940	1.320566	-1.235956	-27.992204	0.813164	-1.695255	-27.735475	1.067917	-1.275014	-28.095919	-0.084361	-2.041219	-27.732325	1.067033	-1.266954	-28.078416	-0.051283	-2.048809	-27.692643	1.082769	-1.275623	-28.111651	-0.075546	-2.066154	-28.189820	1.002571	-1.115211	-28.234358	1.060975	-1.168822	-27.883442	0.999944	-1.320836	-27.938875	0.992259	-1.339132	-28.223307	0.509243	-1.149692	-27.883895	0.444080	-1.349144	-28.199522	-0.085582	-1.119622	-28.188951	-0.031827	-1.150556	-27.870987	-0.074704	-1.318734	-27.915386	-0.037405	-1.330646
1930	26.800454	00:00:26:58	-28.015765	1.695533	-1.208127	-27.924037	1.609226	-1.165341	-28.040431	1.603585	-1.094116	-28.036592	1.597823	-1.285485	-28.038839	1.591387	-1.239283	-28.135056	1.599291	-1.184009	-27.952235	1.604538	-1.346538	-27.939031	1.343249	-1.231939	-27.993293	0.747320	-1.698397	-27.713452	1.053889	-1.297031	-28.083066	-0.050394	-2.092555	-27.655785	1.065767	-1.290456	-28.118439	-0.054007	-2.041042	-27.696908	1.072229	-1.290290	-28.067721	-0.027468	-2.033174	-28.192675	1.013756	-1.102330	-28.200139	1.034161	-1.151095	-27.902684	0.982675	-1.325374	-27.908914	1.020376	-1.336255	-28.179956	0.448765	-1.155097	-27.905227	0.487054	-1.361549	-28.181981	-0.079239	-1.120699	-28.197109	-0.006020	-1.139947	-27.868148	-0.093220	-1.276178	-27.905967	-0.051394	-1.326283
1931	26.814348	00:00:26:59	-28.023229	1.710335	-1.212507	-27.931645	1.572409	-1.180966	-28.040049	1.588535	-1.102226	-28.057620	1.629827	-1.259328	-28.037499	1.560977	-1.258698	-28.172260	1.601459	-1.176380	-27.905558	1.591831	-1.333266	-27.929622	1.319728	-1.251497	-28.028769	0.787283	-1.736891	-27.724783	1.045448	-1.258778	-28.108606	-0.071265	-2.033366	-27.688655	1.060223	-1.265336	-28.105204	-0.023184	-2.058787	-27.727247	1.100862	-1.277317	-28.080279	-0.064111	-2.068295	-28.183923	0.973899	-1.140352	-28.184560	1.001643	-1.204462	-27.892254	0.968756	-1.314606	-27.904260	1.035299	-1.352660	-28.228982	0.478699	-1.118306	-27.902505	0.468560	-1.283547	-28.194855	-0.055301	-1.105609	-28.211224	-0.040412	-1.146993	-27.900177	-0.114259	-1.293840	-27.898951	-0.014941	-1.361704
1932	26.828241	00:00:26:60	-28.029808	1.694857	-1.207442	-27.909830	1.609613	-1.186953	-28.051827	1.625726	-1.106529	-28.051610	1.625076	-1.240673	-28.018990	1.577140	-1.203852	-28.240574	1.618644	-1.213933	-27.908676	1.624467	-1.346695	-27.933381	1.348520	-1.223854	-28.017861	0.765425	-1.686311	-27.705756	1.057094	-1.288182	-28.109485	-0.005497	-2.065097	-27.687420	1.103150	-1.293285	-28.094872	-0.050144	-2.058916	-27.696665	1.081215	-1.273260	-28.100588	-0.057780	-2.075189	-28.206998	0.964822	-1.163389	-28.196129	1.025034	-1.183087	-27.888591	0.952602	-1.310336	-27.911655	1.041978	-1.363667	-28.192996	0.472586	-1.161712	-27.915890	0.491742	-1.335839	-28.191536	-0.082738	-1.116797	-28.164905	-0.056724	-1.172038	-27.851487	-0.075828	-1.284900	-27.907704	-0.010777	-1.320162
1933	26.842135	00:00:26:61	-28.035557	1.688344	-1.190291	-27.945857	1.625474	-1.175239	-28.020433	1.623314	-1.144791	-28.023251	1.578900	-1.226339	-28.026731	1.578041	-1.260936	-28.181553	1.610989	-1.199877	-27.898028	1.611593	-1.338738	-27.906780	1.363488	-1.264411	-28.016296	0.800762	-1.655784	-27.724207	1.074560	-1.266718	-28.088918	-0.038461	-2.114740	-27.689410	1.056997	-1.295318	-28.092247	-0.079585	-2.062865	-27.720288	1.085966	-1.283492	-28.115060	-0.050980	-2.073525	-28.207185	0.970418	-1.152458	-28.225514	1.027802	-1.158894	-27.871618	0.982091	-1.336300	-27.892365	1.027341	-1.345155	-28.201742	0.493389	-1.161662	-27.898869	0.467842	-1.363920	-28.165803	-0.074176	-1.148212	-28.201076	-0.051403	-1.167741	-27.906370	-0.054194	-1.277813	-27.906153	-0.037341	-1.375844
1934	26.856028	00:00:26:62	-28.003684	1.681833	-1.215277	-27.948380	1.612144	-1.178410	-28.022892	1.580462	-1.098881	-28.064035	1.609904	-1.261985	-28.015074	1.540443	-1.250574	-28.201978	1.609872	-1.198108	-27.928591	1.590147	-1.329545	-27.936994	1.330546	-1.255740	-28.007426	0.787645	-1.712548	-27.718725	1.074041	-1.235273	-28.092230	-0.046620	-2.062690	-27.725464	1.069863	-1.290224	-28.085660	-0.014638	-2.063050	-27.710712	1.090208	-1.281011	-28.052462	-0.050598	-2.074168	-28.170573	0.969348	-1.168272	-28.202133	1.051273	-1.151977	-27.889263	0.987376	-1.300711	-27.898349	1.027456	-1.374116	-28.203316	0.473878	-1.144150	-27.906420	0.497414	-1.293977	-28.162968	-0.059667	-1.139409	-28.160898	-0.036552	-1.164309	-27.880933	-0.054596	-1.325338	-27.925257	-0.034867	-1.294791
1935	26.869921	00:00:26:63	-28.063597	1.702673	-1.192843	-27.915621	1.621291	-1.184275	-27.998335	1.609655	-1.131951	-28.065925	1.609543	-1.261944	-28.039662	1.593072	-1.227901	-28.194590	1.605583	-1.194670	-27.934151	1.588595	-1.365684	-27.971487	1.380138	-1.233773	-27.997096	0.760906	-1.675927	-27.713883	1.068690	-1.289162	-28.098821	-0.067190	-2.060517	-27.707416	1.042505	-1.305249	-28.090179	-0.034849	-2.056352	-27.708882	1.061256	-1.273389	-28.110857	-0.048748	-2.081177	-28.171434	0.965662	-1.154383	-28.169821	1.065704	-1.187627	-27.906438	0.982157	-1.344590	-27.871828	1.017482	-1.335028	-28.197330	0.481322	-1.136689	-27.904583	0.485421	-1.356732	-28.195736	-0.082978	-1.128352	-28.200742	-0.024255	-1.164886	-27.876632	-0.050233	-1.302828	-27.920003	-0.022682	-1.369926
1936	26.883815	00:00:26:64	-28.057199	1.705081	-1.222352	-27.939435	1.599329	-1.185633	-28.003557	1.618244	-1.111867	-28.062557	1.644816	-1.253542	-28.025046	1.572733	-1.232797	-28.167735	1.566132	-1.170150	-27.920407	1.565006	-1.324249	-27.961062	1.347262	-1.244214	-28.031985	0.777830	-1.708244	-27.716424	1.068527	-1.240358	-28.080118	-0.067965	-2.054731	-27.693013	1.045949	-1.245849	-28.110462	-0.055522	-2.071858	-27.717312	1.047939	-1.320249	-28.098774	-0.005893	-2.081427	-28.171189	0.977669	-1.143389	-28.207612	1.037828	-1.194432	-27.895474	0.959126	-1.321905	-27.899703	1.056810	-1.406471	-28.178736	0.495633	-1.155000	-27.848719	0.497457	-1.282432	-28.191929	-0.089728	-1.139393	-28.184768	-0.011130	-1.147801	-27.886345	-0.070758	-1.285130	-27.867178	-0.025100	-1.360887
1937	26.897708	00:00:26:65	-27.996912	1.703528	-1.243329	-27.947513	1.593919	-1.197578	-28.041861	1.586853	-1.103860	-28.038645	1.589978	-1.242187	-28.037799	1.575786	-1.233583	-28.206836	1.599073	-1.188370	-27.938878	1.585356	-1.347000	-27.957649	1.332503	-1.209804	-28.013685	0.739796	-1.675451	-27.700025	1.078929	-1.293763	-28.077466	-0.036314	-2.064128	-27.741277	1.093937	-1.262485	-28.114589	-0.012262	-2.067365	-27.731879	1.078043	-1.263100	-28.095569	-0.037127	-2.045197	-28.182921	0.981427	-1.139173	-28.191367	1.039147	-1.190685	-27.896294	1.000578	-1.316070	-27.900952	1.028975	-1.391153	-28.221479	0.468738	-1.139476	-27.903557	0.487947	-1.353169	-28.185135	-0.073010	-1.097597	-28.194520	-0.031828	-1.172173	-27.882003	-0.077357	-1.296469	-27.903032	-0.017027	-1.321031
1938	26.911602	00:00:26:66	-28.041049	1.706783	-1.190374	-27.917274	1.604098	-1.157673	-28.042192	1.601186	-1.106388	-28.068908	1.584323	-1.281873	-28.020425	1.547609	-1.237999	-28.183315	1.608242	-1.176586	-27.927833	1.609108	-1.350645	-27.958632	1.294955	-1.240904	-28.001068	0.776471	-1.688089	-27.731291	1.071798	-1.282246	-28.071310	-0.036833	-2.048345	-27.735327	1.062970	-1.292093	-28.116592	-0.042910	-2.021423	-27.728665	1.057393	-1.278098	-28.107286	-0.047694	-2.034551	-28.201275	0.970995	-1.142613	-28.207398	1.068094	-1.205295	-27.872945	0.994161	-1.304537	-27.914624	1.034796	-1.358100	-28.205034	0.456053	-1.150048	-27.932883	0.485905	-1.337311	-28.201847	-0.089132	-1.130450	-28.199932	-0.025502	-1.108017	-27.873763	-0.077427	-1.344184	-27.894707	-0.030032	-1.355228
1939	26.925495	00:00:26:67	-28.021908	1.719410	-1.203378	-27.930423	1.621133	-1.153859	-28.030453	1.616675	-1.122589	-27.999893	1.620727	-1.269295	-28.010422	1.576229	-1.236465	-28.207079	1.612112	-1.203191	-27.925353	1.603734	-1.314561	-27.960243	1.317882	-1.231219	-27.973845	0.801925	-1.697784	-27.721875	1.050356	-1.285995	-28.117839	-0.058255	-2.060509	-27.704849	1.094236	-1.293585	-28.112750	-0.029864	-2.056945	-27.700849	1.054021	-1.257729	-28.114076	-0.060987	-2.082813	-28.174115	0.988865	-1.142382	-28.170988	1.038120	-1.181431	-27.878403	0.967959	-1.347043	-27.899854	1.032750	-1.349931	-28.220939	0.472668	-1.157482	-27.874402	0.480211	-1.318385	-28.190622	-0.094792	-1.148480	-28.213421	-0.021483	-1.131449	-27.851094	-0.109273	-1.292109	-27.906966	-0.052016	-1.334065
1940	26.939389	00:00:26:68	-28.024144	1.693826	-1.206879	-27.903054	1.618889	-1.172419	-28.027262	1.592323	-1.098427	-28.044234	1.594626	-1.240062	-28.050526	1.579626	-1.270571	-28.197938	1.596836	-1.173679	-27.903512	1.602401	-1.316544	-27.934169	1.351241	-1.239227	-28.017957	0.759438	-1.700080	-27.722311	1.088949	-1.272301	-28.093602	-0.065548	-2.078996	-27.720225	1.072089	-1.260465	-28.087335	-0.071726	-2.051034	-27.684783	1.080225	-1.244406	-28.082209	-0.015637	-2.063085	-28.201192	0.994856	-1.138802	-28.201270	1.035481	-1.148607	-27.896926	0.974728	-1.320980	-27.901417	1.021887	-1.356178	-28.217425	0.478762	-1.164019	-27.852414	0.507102	-1.328981	-28.187034	-0.075492	-1.174814	-28.220377	-0.032394	-1.110170	-27.877083	-0.067860	-1.288478	-27.894305	-0.041158	-1.343764
1941	26.953282	00:00:26:69	-28.048331	1.705427	-1.228584	-27.952548	1.628846	-1.205537	-28.040740	1.641696	-1.103619	-28.041318	1.627486	-1.265602	-28.038669	1.582027	-1.213111	-28.183844	1.607048	-1.151584	-27.909847	1.622690	-1.342993	-27.929920	1.339466	-1.230607	-27.978732	0.743222	-1.673776	-27.739806	1.065986	-1.297979	-28.105141	-0.039208	-2.050091	-27.728872	1.080379	-1.266714	-28.072733	-0.082750	-2.061976	-27.719044	1.079099	-1.254795	-28.092241	-0.029802	-2.083970	-28.200566	0.970759	-1.183024	-28.179520	1.026417	-1.140659	-27.872944	1.013518	-1.299340	-27.868404	1.044906	-1.362624	-28.181008	0.462173	-1.162346	-27.893067	0.486894	-1.343416	-28.207176	-0.096314	-1.134260	-28.253694	-0.052309	-1.129617	-27.892117	-0.110921	-1.269330	-27.883972	-0.034693	-1.326207
1942	26.967176	00:00:26:70	-28.021482	1.689482	-1.220933	-27.944110	1.598580	-1.162585	-28.014595	1.611451	-1.137543	-28.042259	1.589918	-1.246701	-28.019135	1.566670	-1.254775	-28.183616	1.612106	-1.202603	-27.930211	1.619112	-1.366993	-27.913574	1.343225	-1.219983	-28.027575	0.771834	-1.693805	-27.687813	1.057313	-1.264653	-28.091311	-0.028361	-2.084234	-27.684126	1.098404	-1.297017	-28.129184	-0.033289	-2.073576	-27.684623	1.068562	-1.259955	-28.096187	-0.070362	-2.059946	-28.169400	0.987790	-1.178991	-28.207289	1.040838	-1.164726	-27.845281	1.021073	-1.304461	-27.886409	1.011727	-1.342415	-28.208787	0.488172	-1.119275	-27.884956	0.484922	-1.296017	-28.172428	-0.092066	-1.135695	-28.223129	0.006379	-1.143449	-27.869093	-0.079371	-1.313675	-27.918863	-0.026996	-1.337754
1943	26.981069	00:00:26:71	-28.028897	1.711553	-1.211645	-27.946382	1.635791	-1.158112	-28.016258	1.611980	-1.143052	-28.046775	1.596880	-1.269482	-28.055983	1.580219	-1.210017	-28.184418	1.574859	-1.173795	-27.893461	1.601179	-1.343659	-27.975491	1.385025	-1.219319	-28.000105	0.790775	-1.690746	-27.721387	1.074538	-1.257877	-28.082880	-0.078010	-2.070863	-27.710440	1.070493	-1.277774	-28.094201	-0.022941	-2.088864	-27.693858	1.042023	-1.251310	-28.066079	-0.040626	-2.042302	-28.181277	1.004315	-1.127204	-28.228158	1.039968	-1.169908	-27.870249	0.968970	-1.309678	-27.931595	1.043982	-1.385819	-28.225307	0.495532	-1.163291	-27.886908	0.452898	-1.342665	-28.181563	-0.083905	-1.138600	-28.216907	-0.064387	-1.148843	-27.863048	-0.098722	-1.297152	-27.895637	0.000223	-1.356590
1944	26.994962	00:00:26:00	-28.028937	1.709319	-1.178594	-27.940008	1.634600	-1.170580	-27.993058	1.620703	-1.103031	-28.013670	1.640536	-1.284318	-28.017105	1.548369	-1.237184	-28.165820	1.575250	-1.200181	-27.936049	1.591243	-1.336938	-27.978978	1.323060	-1.216580	-28.009896	0.778540	-1.689128	-27.712971	1.103122	-1.276675	-28.082992	-0.052661	-2.051587	-27.700210	1.082029	-1.289376	-28.069661	-0.047669	-2.048572	-27.718842	1.070772	-1.265183	-28.075816	-0.035088	-2.067408	-28.184897	1.020505	-1.139185	-28.174559	1.035187	-1.175387	-27.893719	0.972837	-1.295825	-27.883543	1.009937	-1.369774	-28.197463	0.479894	-1.191422	-27.912003	0.461835	-1.348068	-28.203750	-0.058933	-1.109278	-28.229953	-0.052131	-1.148977	-27.891568	-0.086408	-1.310799	-27.904204	-0.012496	-1.346983
1945	27.008856	00:00:27:01	-28.028189	1.734486	-1.195209	-27.927460	1.620405	-1.162551	-28.061334	1.609235	-1.109229	-28.053159	1.592128	-1.266854	-28.075389	1.569030	-1.223439	-28.178611	1.577380	-1.190730	-27.927049	1.607507	-1.309628	-27.960227	1.348822	-1.231073	-28.004552	0.770048	-1.690712	-27.710655	1.052221	-1.250943	-28.114262	-0.051376	-2.069247	-27.704755	1.066739	-1.260491	-28.067691	-0.054177	-2.049163	-27.699521	1.044471	-1.270329	-28.078690	-0.051657	-2.063403	-28.177765	1.002966	-1.161446	-28.219004	1.039249	-1.160767	-27.902814	0.965089	-1.310188	-27.896943	1.040179	-1.340506	-28.245640	0.454507	-1.167085	-27.877513	0.456762	-1.309246	-28.208396	-0.074931	-1.103901	-28.206225	-0.052012	-1.155921	-27.890147	-0.054541	-1.301114	-27.890960	-0.007451	-1.328687
1946	27.022749	00:00:27:02	-28.018521	1.726377	-1.198117	-27.934438	1.589417	-1.149337	-28.047329	1.619806	-1.108504	-28.017770	1.611027	-1.242527	-28.049062	1.587775	-1.228719	-28.182423	1.573779	-1.169520	-27.915550	1.600218	-1.336088	-27.945705	1.345792	-1.204121	-28.008982	0.785387	-1.696587	-27.718658	1.111256	-1.284341	-28.093757	-0.040748	-2.091156	-27.704180	1.074325	-1.258487	-28.073180	-0.064583	-2.050510	-27.691169	1.050482	-1.253596	-28.115071	-0.033436	-2.038502	-28.189535	0.975788	-1.162382	-28.188235	1.047575	-1.174868	-27.876129	0.969866	-1.328754	-27.905928	1.046778	-1.377042	-28.165936	0.467335	-1.154254	-27.888360	0.510272	-1.328700	-28.201712	-0.056404	-1.145972	-28.201637	-0.063586	-1.132888	-27.877086	-0.103007	-1.285075	-27.906727	-0.032022	-1.292927
1947	27.036643	00:00:27:03	-28.007442	1.734314	-1.216325	-27.934838	1.608008	-1.171379	-28.049123	1.621202	-1.125784	-28.013773	1.601940	-1.267562	-28.064846	1.589828	-1.224981	-28.168185	1.642069	-1.171312	-27.948809	1.599451	-1.361060	-27.974842	1.355514	-1.226065	-27.980248	0.769230	-1.730364	-27.689380	1.053583	-1.251807	-28.109339	-0.023155	-2.075679	-27.733652	1.051448	-1.268089	-28.114474	-0.054460	-2.067127	-27.695252	1.057002	-1.270292	-28.114081	-0.056281	-2.058999	-28.172879	0.966429	-1.164967	-28.210333	1.029675	-1.166122	-27.854249	0.993140	-1.311696	-27.911655	1.032544	-1.374457	-28.175424	0.469338	-1.163269	-27.913947	0.479299	-1.326162	-28.209691	-0.083731	-1.122771	-28.203098	-0.028822	-1.173957	-27.891631	-0.092917	-1.286306	-27.874384	-0.026526	-1.320939
1948	27.050536	00:00:27:04	-28.019148	1.707322	-1.187789	-27.958824	1.618704	-1.168784	-28.019679	1.635668	-1.134428	-28.031672	1.598713	-1.254300	-28.046517	1.597921	-1.248384	-28.201776	1.622296	-1.200983	-27.903690	1.604812	-1.320888	-27.953032	1.318997	-1.202589	-28.019408	0.758835	-1.709178	-27.725543	1.078246	-1.302553	-28.089541	-0.036144	-2.074789	-27.721319	1.038745	-1.289428	-28.099967	-0.039710	-2.058334	-27.699811	1.067124	-1.247113	-28.089049	-0.033509	-2.050375	-28.171674	0.985852	-1.143678	-28.220369	1.014441	-1.162821	-27.877044	0.988809	-1.334859	-27.899480	1.003225	-1.355506	-28.216271	0.482717	-1.144885	-27.898226	0.482293	-1.339099	-28.184995	-0.093113	-1.129089	-28.191766	-0.031853	-1.179104	-27.869730	-0.098474	-1.306707	-27.895031	-0.046119	-1.339722
1949	27.064430	00:00:27:05	-28.040154	1.715769	-1.206201	-27.915938	1.585286	-1.178033	-28.050444	1.602420	-1.117655	-28.034573	1.602891	-1.243876	-28.048350	1.578982	-1.249618	-28.197996	1.585216	-1.186994	-27.944263	1.590738	-1.332501	-27.946202	1.327585	-1.224100	-27.991855	0.781061	-1.676526	-27.689077	1.071869	-1.227047	-28.141762	-0.048496	-2.102920	-27.708871	1.099843	-1.303850	-28.086382	-0.030913	-2.034919	-27.719793	1.053549	-1.265949	-28.112247	-0.055239	-2.039851	-28.157120	0.989692	-1.127535	-28.200095	1.047649	-1.166849	-27.869579	1.010846	-1.299645	-27.887761	1.031746	-1.347479	-28.188394	0.479136	-1.179660	-27.896770	0.460806	-1.356530	-28.174434	-0.057395	-1.152438	-28.173560	-0.036130	-1.134141	-27.895040	-0.057312	-1.282400	-27.902535	-0.011300	-1.326394
1950	27.078323	00:00:27:06	-28.001800	1.722362	-1.216128	-27.941393	1.602909	-1.181274	-28.018785	1.583780	-1.091177	-28.070164	1.596609	-1.288998	-28.053454	1.557878	-1.230705	-28.156450	1.601844	-1.190744	-27.927859	1.604411	-1.340757	-27.953829	1.332978	-1.202833	-28.004273	0.781792	-1.729605	-27.723114	1.063535	-1.266048	-28.082065	-0.037977	-2.069826	-27.723684	1.092025	-1.279732	-28.078571	-0.057852	-2.112813	-27.747998	1.033421	-1.269073	-28.080577	-0.074427	-2.037770	-28.218948	0.976725	-1.160460	-28.197738	1.044399	-1.189355	-27.869570	0.986226	-1.312504	-27.921187	1.044529	-1.362327	-28.212401	0.460890	-1.158219	-27.876620	0.448957	-1.338117	-28.183877	-0.113441	-1.111924	-28.218414	-0.024258	-1.178987	-27.870881	-0.063759	-1.286285	-27.888251	-0.030392	-1.325011
1951	27.092217	00:00:27:07	-28.046360	1.697175	-1.199023	-27.915568	1.585186	-1.175259	-28.028744	1.630878	-1.127501	-28.053996	1.595964	-1.250449	-28.019607	1.575660	-1.209198	-28.181277	1.638339	-1.176156	-27.896075	1.601094	-1.349276	-27.961553	1.373818	-1.230200	-28.021654	0.797877	-1.710009	-27.702970	1.066015	-1.256795	-28.117407	-0.035583	-2.067912	-27.716369	1.060759	-1.263973	-28.131989	-0.040386	-2.057227	-27.709291	1.066468	-1.259333	-28.103686	-0.060835	-2.059505	-28.165164	0.983094	-1.146677	-28.208045	1.027237	-1.131712	-27.871833	0.977326	-1.325416	-27.889241	0.982899	-1.345500	-28.193613	0.460249	-1.144048	-27.860981	0.489507	-1.320143	-28.186281	-0.087799	-1.167115	-28.215712	-0.020557	-1.157782	-27.854591	-0.088410	-1.318054	-27.889106	-0.052192	-1.347839
1952	27.106110	00:00:27:08	-28.040582	1.735085	-1.210933	-27.930134	1.627987	-1.175942	-28.038226	1.604547	-1.128557	-28.025630	1.630191	-1.274800	-28.034768	1.555673	-1.235071	-28.140421	1.587602	-1.216836	-27.921244	1.617713	-1.352235	-27.962224	1.350515	-1.212319	-28.008857	0.774623	-1.713349	-27.690206	1.054359	-1.282508	-28.099565	-0.012542	-2.038973	-27.699502	1.097233	-1.240978	-28.141740	-0.048240	-2.053243	-27.698599	1.092503	-1.278190	-28.116342	-0.056875	-2.046740	-28.157949	0.969963	-1.151562	-28.219523	1.025500	-1.158150	-27.859205	0.965560	-1.320532	-27.897646	1.063783	-1.352893	-28.216688	0.462263	-1.130558	-27.908548	0.462591	-1.303168	-28.218976	-0.102127	-1.107210	-28.209259	-0.026709	-1.152596	-27.907173	-0.093386	-1.321024	-27.914656	-0.042025	-1.353605
1953	27.120003	00:00:27:09	-28.037238	1.709444	-1.229288	-27.924169	1.600139	-1.176123	-28.028317	1.575227	-1.120068	-28.043374	1.611355	-1.242801	-28.045160	1.588306	-1.241713	-28.171344	1.597978	-1.183751	-27.902815	1.606785	-1.308277	-27.951915	1.318892	-1.222686	-27.995438	0.774233	-1.701577	-27.697922	1.082542	-1.248569	-28.092024	-0.066036	-2.082379	-27.694566	1.103858	-1.258610	-28.089836	-0.063053	-2.051204	-27.725322	1.019607	-1.250424	-28.065587	-0.029337	-2.058920	-28.175824	1.001803	-1.136481	-28.225400	1.005870	-1.199431	-27.899400	1.009466	-1.322973	-27.901258	1.000461	-1.339282	-28.209243	0.465953	-1.155432	-27.895058	0.494870	-1.364442	-28.181001	-0.104926	-1.093748	-28.186088	-0.025443	-1.176003	-27.896103	-0.093559	-1.262742	-27.915164	-0.047111	-1.329092
1954	27.133897	00:00:27:10	-28.025733	1.707341	-1.219356	-27.955586	1.627690	-1.163924	-28.064852	1.630689	-1.105090	-28.036745	1.578549	-1.282403	-28.034634	1.576828	-1.222764	-28.203691	1.601921	-1.185796	-27.898663	1.626853	-1.309323	-27.909944	1.340287	-1.280829	-27.971980	0.793669	-1.709257	-27.723317	1.050480	-1.286952	-28.101510	-0.047878	-2.058989	-27.732487	1.077077	-1.251413	-28.093929	-0.045817	-2.058597	-27.693564	1.079356	-1.248416	-28.095854	-0.051087	-2.036485	-28.197976	1.004392	-1.136705	-28.208552	1.027502	-1.182306	-27.874171	0.967952	-1.297155	-27.872181	1.027411	-1.338531	-28.184872	0.487680	-1.159235	-27.907464	0.488728	-1.346292	-28.174992	-0.088366	-1.115704	-28.196728	-0.052694	-1.159963	-27.862174	-0.091013	-1.307759	-27.911011	-0.030093	-1.330096
1955	27.147790	00:00:27:11	-28.019711	1.687904	-1.212379	-27.939933	1.621622	-1.154536	-28.050018	1.626905	-1.102571	-28.082228	1.612109	-1.227117	-28.062291	1.550647	-1.238045	-28.155740	1.634409	-1.179319	-27.902793	1.597863	-1.353555	-27.937998	1.359295	-1.219770	-28.028129	0.795486	-1.715134	-27.692136	1.091558	-1.286674	-28.102954	-0.067788	-2.075594	-27.738531	1.103822	-1.225578	-28.095586	-0.038326	-2.083042	-27.730623	1.068581	-1.261450	-28.104521	-0.052335	-2.080591	-28.185589	0.959109	-1.142044	-28.198597	1.006247	-1.187070	-27.878640	0.977618	-1.346964	-27.906444	1.078915	-1.348264	-28.240791	0.470161	-1.151838	-27.888570	0.452985	-1.328099	-28.178239	-0.095087	-1.110018	-28.211770	-0.003179	-1.154321	-27.865786	-0.064578	-1.275220	-27.911086	0.000697	-1.296491
1956	27.161684	00:00:27:12	-28.018314	1.683668	-1.233090	-27.946469	1.599356	-1.171349	-28.059389	1.610753	-1.136270	-28.059302	1.609956	-1.232079	-28.036612	1.573886	-1.244111	-28.197811	1.633518	-1.196345	-27.936755	1.614073	-1.338885	-27.971058	1.309035	-1.245753	-27.996687	0.769043	-1.679113	-27.712347	1.062434	-1.261434	-28.078038	-0.050127	-2.050720	-27.716398	1.089813	-1.258855	-28.083433	-0.051137	-2.077147	-27.693454	1.092569	-1.287458	-28.087890	-0.032450	-2.065063	-28.186434	0.986834	-1.153945	-28.256679	1.043877	-1.173076	-27.872654	0.974194	-1.310339	-27.885087	1.044068	-1.311639	-28.195296	0.478197	-1.148592	-27.894212	0.471005	-1.324960	-28.173354	-0.046325	-1.146312	-28.248046	-0.041230	-1.162153	-27.852999	-0.093598	-1.313973	-27.947465	-0.053595	-1.335022
1957	27.175577	00:00:27:13	-28.016118	1.719177	-1.207878	-27.903001	1.616327	-1.187569	-28.032519	1.632508	-1.115614	-28.076279	1.635116	-1.229218	-28.046867	1.563248	-1.228828	-28.167766	1.615811	-1.198596	-27.948199	1.598044	-1.312787	-27.943994	1.317473	-1.184566	-28.024408	0.759131	-1.681072	-27.725113	1.079012	-1.276745	-28.088581	-0.064202	-2.056060	-27.733087	1.081313	-1.287978	-28.079744	-0.098060	-2.085645	-27.720920	1.069334	-1.269321	-28.090141	-0.066307	-2.034757	-28.179748	0.987408	-1.166229	-28.201805	1.060106	-1.184357	-27.878505	0.979439	-1.324537	-27.869959	1.047672	-1.330431	-28.206309	0.492770	-1.131501	-27.857710	0.492241	-1.331575	-28.180599	-0.063002	-1.105090	-28.197577	-0.058210	-1.172836	-27.865050	-0.051346	-1.296436	-27.873343	-0.019227	-1.325995
1958	27.189471	00:00:27:14	-27.998248	1.708452	-1.223179	-27.935850	1.589998	-1.205812	-28.000451	1.586736	-1.119672	-28.041386	1.584350	-1.289551	-28.032227	1.556298	-1.263950	-28.175929	1.630634	-1.197104	-27.900750	1.636283	-1.332662	-27.929205	1.349059	-1.261184	-27.992741	0.774547	-1.689073	-27.746080	1.051743	-1.263953	-28.072177	-0.047425	-2.069018	-27.712906	1.084941	-1.274160	-28.104638	-0.027318	-2.053336	-27.698596	1.075801	-1.249691	-28.106115	-0.045418	-2.071824	-28.187447	0.952391	-1.144773	-28.212110	1.032622	-1.183723	-27.882261	0.978388	-1.305136	-27.902991	0.992730	-1.335711	-28.199145	0.473817	-1.178241	-27.892123	0.486530	-1.353708	-28.190045	-0.092393	-1.141456	-28.204738	-0.068359	-1.152225	-27.824918	-0.078055	-1.290911	-27.894957	-0.034798	-1.387878
1959	27.203364	00:00:27:15	-28.033819	1.720124	-1.210374	-27.917169	1.569961	-1.173405	-28.041031	1.600612	-1.077524	-28.060309	1.573673	-1.260360	-28.030423	1.581151	-1.237892	-28.215625	1.611528	-1.187795	-27.909375	1.591979	-1.345439	-27.947681	1.317089	-1.243180	-28.025549	0.798104	-1.706080	-27.717073	1.077818	-1.231150	-28.096888	-0.065230	-2.071856	-27.709911	1.064320	-1.287569	-28.093847	-0.086782	-2.097559	-27.691697	1.070412	-1.227689	-28.082483	-0.047597	-2.077842	-28.219417	0.989552	-1.145712	-28.195385	1.062226	-1.168252	-27.885581	0.989520	-1.336052	-27.877802	1.011381	-1.312153	-28.175760	0.460089	-1.124644	-27.867228	0.486257	-1.323135	-28.177638	-0.069995	-1.124747	-28.219231	-0.038811	-1.168509	-27.875107	-0.093909	-1.291791	-27.877888	-0.033509	-1.330459
1960	27.217258	00:00:27:16	-28.030113	1.727288	-1.184640	-27.942921	1.651408	-1.159718	-28.050105	1.593974	-1.130898	-28.042651	1.611426	-1.256949	-28.007007	1.556804	-1.275156	-28.180113	1.626211	-1.171124	-27.943416	1.603549	-1.368989	-27.942454	1.334351	-1.221019	-28.012093	0.807222	-1.716010	-27.719518	1.105348	-1.242113	-28.111605	-0.059823	-2.064102	-27.721772	1.087831	-1.281384	-28.090284	-0.056707	-2.045401	-27.724665	1.086744	-1.221369	-28.083109	-0.035926	-2.098659	-28.197854	1.011774	-1.145987	-28.233178	1.026824	-1.184374	-27.866589	0.990723	-1.328724	-27.886295	1.016579	-1.370475	-28.188989	0.512146	-1.151501	-27.895907	0.492372	-1.343137	-28.201590	-0.103045	-1.151301	-28.209648	-0.029777	-1.139547	-27.859597	-0.061969	-1.288206	-27.903482	-0.032820	-1.333282
1961	27.231151	00:00:27:17	-27.995520	1.728505	-1.230546	-27.934445	1.596501	-1.151653	-28.039217	1.581890	-1.101589	-28.014869	1.622952	-1.268661	-28.002507	1.538957	-1.224565	-28.146725	1.592744	-1.169431	-27.933244	1.606318	-1.324855	-27.945320	1.351884	-1.218707	-28.007621	0.795139	-1.698438	-27.708804	1.054835	-1.264605	-28.046361	-0.036382	-2.057705	-27.702482	1.078923	-1.300660	-28.097866	-0.072105	-2.055146	-27.702124	1.091691	-1.280729	-28.099947	-0.055020	-2.084986	-28.164306	1.005361	-1.152625	-28.191211	1.036866	-1.186189	-27.867420	0.993849	-1.317056	-27.927225	1.029600	-1.347285	-28.200931	0.492988	-1.163346	-27.854657	0.455099	-1.310192	-28.205926	-0.084397	-1.117483	-28.193039	-0.028798	-1.134975	-27.873039	-0.083640	-1.308918	-27.865278	-0.052718	-1.310580
1962	27.245044	00:00:27:18	-28.020406	1.720049	-1.194036	-27.905535	1.578936	-1.186480	-28.051644	1.582789	-1.122933	-28.063794	1.581624	-1.264252	-28.046456	1.579345	-1.214409	-28.164093	1.598244	-1.210615	-27.933050	1.623600	-1.361549	-27.946102	1.311375	-1.224986	-28.006214	0.806362	-1.697026	-27.728686	1.088764	-1.250928	-28.084434	-0.103104	-2.062777	-27.706269	1.065029	-1.266640	-28.114214	-0.054381	-2.063603	-27.723918	1.080604	-1.294317	-28.094005	-0.040428	-2.074083	-28.212319	0.986142	-1.134710	-28.183997	1.043576	-1.182681	-27.864033	0.984052	-1.332668	-27.899261	1.014144	-1.368833	-28.194567	0.465887	-1.159747	-27.874109	0.484099	-1.335242	-28.168364	-0.074534	-1.137354	-28.233260	-0.026329	-1.148178	-27.874997	-0.095067	-1.309421	-27.925009	-0.027871	-1.318417
1963	27.258938	00:00:27:19	-28.018367	1.721124	-1.195754	-27.912511	1.603886	-1.186599	-28.048939	1.619013	-1.121588	-28.037999	1.565258	-1.256788	-28.045004	1.550409	-1.252118	-28.191905	1.588404	-1.189883	-27.915587	1.627498	-1.317846	-27.947419	1.304603	-1.255319	-28.027257	0.781091	-1.679764	-27.721794	1.058347	-1.251898	-28.114425	-0.048207	-2.048560	-27.705129	1.056193	-1.248102	-28.099421	-0.041070	-2.028747	-27.715604	1.082120	-1.319050	-28.106988	-0.035044	-2.081189	-28.200373	0.951675	-1.152292	-28.212011	1.027881	-1.205823	-27.897070	1.007997	-1.288782	-27.895540	1.047017	-1.339675	-28.200468	0.477578	-1.149566	-27.889572	0.465575	-1.312462	-28.170418	-0.086337	-1.133162	-28.225091	-0.060338	-1.148934	-27.889329	-0.095008	-1.276416	-27.880922	-0.042945	-1.349547
1964	27.272831	00:00:27:20	-27.987181	1.716617	-1.216870	-27.945777	1.616263	-1.179903	-28.015551	1.574544	-1.092603	-28.040859	1.592613	-1.263295	-28.006251	1.563359	-1.247688	-28.181968	1.611974	-1.203242	-27.924086	1.589873	-1.334471	-27.937962	1.344897	-1.210589	-28.009288	0.766938	-1.692695	-27.688845	1.108487	-1.289691	-28.095151	-0.049107	-2.090040	-27.714980	1.093438	-1.259260	-28.106002	-0.070494	-2.074648	-27.732086	1.072675	-1.251379	-28.092443	-0.028209	-2.060717	-28.209601	0.960520	-1.125674	-28.223666	1.030944	-1.160859	-27.873532	1.004835	-1.346870	-27.893535	1.003729	-1.337557	-28.187062	0.470558	-1.148164	-27.874926	0.474840	-1.360821	-28.165860	-0.091143	-1.144223	-28.217280	-0.013317	-1.163973	-27.883754	-0.069513	-1.296406	-27.874445	-0.017968	-1.329347
1965	27.286725	00:00:27:21	-27.999300	1.707355	-1.203238	-27.928992	1.598969	-1.163805	-28.012654	1.596932	-1.104583	-28.036989	1.626062	-1.261418	-28.025835	1.566277	-1.242842	-28.154067	1.591940	-1.201801	-27.914236	1.619049	-1.325586	-27.958430	1.329463	-1.214901	-28.015556	0.765491	-1.687224	-27.717142	1.084419	-1.269933	-28.092856	-0.048169	-2.044132	-27.700905	1.068096	-1.239490	-28.096560	-0.026197	-2.049553	-27.724231	1.080459	-1.260666	-28.110641	-0.006610	-2.058456	-28.190750	0.974060	-1.163680	-28.206380	1.020840	-1.171077	-27.897984	0.979168	-1.319718	-27.903686	1.046630	-1.357983	-28.170521	0.453120	-1.173375	-27.898159	0.463023	-1.334115	-28.149218	-0.070016	-1.135893	-28.208533	-0.048713	-1.148243	-27.865136	-0.098088	-1.292176	-27.940379	-0.066429	-1.322325
1966	27.300618	00:00:27:22	-28.017851	1.729680	-1.168360	-27.934591	1.623188	-1.177469	-28.053848	1.617985	-1.124092	-28.056846	1.607639	-1.287851	-28.019484	1.577595	-1.234667	-28.162322	1.611016	-1.212581	-27.891080	1.595682	-1.307750	-27.930645	1.330718	-1.249064	-27.971873	0.774641	-1.717988	-27.703681	1.048942	-1.272900	-28.070332	-0.068989	-2.075055	-27.730791	1.065868	-1.294237	-28.113673	-0.051628	-2.052141	-27.681020	1.109530	-1.284122	-28.111796	-0.045741	-2.072360	-28.200792	0.992880	-1.144212	-28.197813	1.002313	-1.182722	-27.903691	0.981960	-1.294866	-27.906307	1.048932	-1.368095	-28.187201	0.498547	-1.144191	-27.869509	0.492674	-1.346109	-28.196820	-0.037834	-1.146302	-28.209218	-0.025796	-1.171468	-27.905868	-0.078942	-1.309035	-27.874855	-0.048150	-1.354858
1967	27.314512	00:00:27:23	-28.031504	1.746837	-1.209189	-27.957090	1.630790	-1.160588	-28.047833	1.617145	-1.112874	-28.055383	1.588615	-1.247968	-28.031910	1.574567	-1.238172	-28.159107	1.616140	-1.170613	-27.932414	1.647750	-1.335489	-27.938988	1.361698	-1.211077	-28.014602	0.773440	-1.665267	-27.706708	1.058613	-1.235632	-28.095351	-0.052164	-2.036270	-27.711702	1.069231	-1.247253	-28.124912	-0.051801	-2.081722	-27.712792	1.085151	-1.276018	-28.144850	-0.049202	-2.048433	-28.185712	0.988171	-1.139453	-28.219136	1.037756	-1.169475	-27.876854	0.990336	-1.316316	-27.871556	1.056187	-1.353811	-28.178097	0.461221	-1.152132	-27.889513	0.466254	-1.290656	-28.189249	-0.073321	-1.140160	-28.228726	-0.033386	-1.173782	-27.871275	-0.085062	-1.279519	-27.901126	-0.020700	-1.329107
1968	27.328405	00:00:27:24	-28.008299	1.753898	-1.213347	-27.913658	1.621355	-1.167830	-28.045583	1.602771	-1.098802	-28.009615	1.629386	-1.255402	-28.019561	1.589626	-1.226781	-28.180950	1.609015	-1.201192	-27.912690	1.586862	-1.324498	-27.929910	1.347117	-1.233865	-27.985041	0.790265	-1.696283	-27.677027	1.065035	-1.261545	-28.110216	-0.037143	-2.042030	-27.716951	1.052250	-1.245467	-28.078773	-0.054643	-2.056249	-27.727126	1.095589	-1.251624	-28.079498	-0.044119	-2.074279	-28.164330	1.004563	-1.166468	-28.199894	1.035298	-1.180738	-27.887976	0.957325	-1.350999	-27.875501	1.026463	-1.337115	-28.187432	0.452077	-1.163532	-27.890769	0.483996	-1.335680	-28.197483	-0.094076	-1.148117	-28.222335	-0.022956	-1.161383	-27.857689	-0.103624	-1.295728	-27.889796	-0.015831	-1.339433
1969	27.342299	00:00:27:25	-27.987996	1.713729	-1.194124	-27.932125	1.624195	-1.149793	-28.022783	1.612226	-1.123265	-28.073224	1.591598	-1.282928	-28.033537	1.555883	-1.266941	-28.180319	1.600646	-1.179221	-27.903669	1.617556	-1.286207	-27.932607	1.341526	-1.228715	-28.048322	0.743516	-1.710575	-27.722729	1.063673	-1.241854	-28.111969	-0.042409	-2.062477	-27.686370	1.063913	-1.260688	-28.107567	-0.081600	-2.076045	-27.724937	1.079991	-1.261095	-28.115627	-0.007074	-2.038132	-28.167400	0.969077	-1.183886	-28.216398	1.070307	-1.180156	-27.870168	0.995242	-1.314042	-27.916559	1.056473	-1.372435	-28.210514	0.482149	-1.187599	-27.877770	0.466346	-1.324449	-28.153585	-0.098317	-1.150032	-28.225764	-0.025627	-1.131753	-27.898351	-0.074926	-1.303314	-27.900476	-0.039387	-1.328215
1970	27.356192	00:00:27:26	-28.016459	1.736965	-1.218825	-27.967398	1.616789	-1.160648	-28.056573	1.603195	-1.099002	-28.083140	1.597972	-1.251426	-28.033465	1.536951	-1.230522	-28.174572	1.607923	-1.168994	-27.934059	1.593971	-1.327073	-27.946774	1.320302	-1.265507	-28.014395	0.805132	-1.645874	-27.678496	1.087469	-1.233240	-28.105206	-0.043540	-2.081386	-27.702930	1.080700	-1.278879	-28.094063	-0.039403	-2.072703	-27.721465	1.043580	-1.246479	-28.098478	-0.052857	-2.075579	-28.214905	0.972967	-1.166958	-28.198616	1.039689	-1.196902	-27.883909	0.980035	-1.282122	-27.897012	1.030626	-1.355024	-28.227225	0.496293	-1.155054	-27.870044	0.436589	-1.313861	-28.180936	-0.060299	-1.140759	-28.211386	-0.025424	-1.181931	-27.849624	-0.097651	-1.295287	-27.910028	-0.039785	-1.356534
1971	27.370085	00:00:27:27	-28.024505	1.722348	-1.200071	-27.933916	1.586461	-1.182367	-28.039747	1.611406	-1.111998	-28.047848	1.618199	-1.276396	-28.034940	1.615041	-1.269542	-28.165635	1.595310	-1.194122	-27.922933	1.581302	-1.339247	-27.918324	1.368171	-1.233240	-27.996826	0.808784	-1.722587	-27.694411	1.070625	-1.236936	-28.081122	-0.062423	-2.072489	-27.704227	1.073126	-1.279447	-28.112734	-0.046085	-2.088772	-27.693758	1.070647	-1.266218	-28.095348	-0.024251	-2.070491	-28.197692	0.971891	-1.142780	-28.224877	1.055000	-1.149937	-27.882436	0.987488	-1.316000	-27.898971	1.068031	-1.346499	-28.191264	0.489604	-1.157586	-27.901803	0.471076	-1.337024	-28.166636	-0.073177	-1.102693	-28.199471	-0.033377	-1.142649	-27.860985	-0.061871	-1.281976	-27.867577	-0.003135	-1.327154
1972	27.383979	00:00:27:28	-28.019510	1.687873	-1.229019	-27.899766	1.613672	-1.149314	-28.046010	1.604247	-1.074150	-28.038489	1.611337	-1.285049	-28.018930	1.584069	-1.250924	-28.174887	1.589634	-1.174925	-27.908503	1.622953	-1.346315	-27.954202	1.322639	-1.216448	-27.999962	0.761651	-1.667938	-27.710479	1.056124	-1.281185	-28.100854	-0.009162	-2.049905	-27.689627	1.079738	-1.249324	-28.092163	0.006973	-2.098506	-27.694517	1.067668	-1.286869	-28.093510	-0.030215	-2.012421	-28.171541	0.997899	-1.117051	-28.196723	1.015694	-1.189070	-27.895818	0.991180	-1.314869	-27.880095	1.054061	-1.358775	-28.155817	0.482867	-1.124669	-27.868140	0.475172	-1.346117	-28.169182	-0.079954	-1.125773	-28.236406	-0.047221	-1.158211	-27.884204	-0.103315	-1.280527	-27.871407	-0.010879	-1.354943
1973	27.397872	00:00:27:29	-28.003350	1.681754	-1.226990	-27.964743	1.586041	-1.187355	-28.031225	1.600622	-1.083857	-28.047010	1.616315	-1.233868	-28.058127	1.579991	-1.242885	-28.187938	1.600799	-1.208457	-27.932140	1.594503	-1.360754	-27.933565	1.350847	-1.232553	-27.994587	0.775100	-1.692993	-27.717631	1.064620	-1.216970	-28.082346	-0.038406	-2.068112	-27.680893	1.069156	-1.276724	-28.086719	-0.025027	-2.067972	-27.705599	1.061261	-1.275391	-28.099457	-0.018932	-2.066627	-28.163821	0.984508	-1.172593	-28.226580	1.048154	-1.165448	-27.881151	0.992521	-1.285852	-27.883352	1.037034	-1.281206	-28.191170	0.482151	-1.181111	-27.907324	0.471580	-1.333975	-28.204059	-0.076694	-1.148105	-28.211139	-0.030986	-1.172630	-27.864830	-0.112175	-1.309908	-27.898120	-0.061461	-1.349949
1974	27.411766	00:00:27:30	-28.019198	1.697750	-1.195691	-27.936032	1.586331	-1.167323	-28.031179	1.585879	-1.091243	-28.031179	1.625005	-1.264173	-28.023709	1.571697	-1.234785	-28.152456	1.583070	-1.194273	-27.940480	1.604534	-1.314579	-27.934773	1.312060	-1.204359	-28.011252	0.811695	-1.705273	-27.702695	1.081130	-1.245166	-28.098859	-0.050635	-2.068065	-27.712618	1.102863	-1.258143	-28.114819	-0.038891	-2.059785	-27.718401	1.058453	-1.256038	-28.128750	-0.059380	-2.060274	-28.188425	0.985132	-1.164434	-28.178050	1.030768	-1.201386	-27.850005	0.974064	-1.309737	-27.885832	1.014512	-1.327934	-28.198732	0.470663	-1.164214	-27.896172	0.486776	-1.338179	-28.191142	-0.085564	-1.181973	-28.245148	-0.026602	-1.148943	-27.881325	-0.063116	-1.295525	-27.888681	-0.029072	-1.323347
1975	27.425659	00:00:27:31	-27.991627	1.731200	-1.184035	-27.916743	1.617604	-1.171749	-28.052539	1.600301	-1.135572	-28.067339	1.564814	-1.277651	-28.057643	1.607167	-1.251188	-28.158173	1.614757	-1.230225	-27.900493	1.630872	-1.339516	-27.972057	1.352373	-1.225587	-27.990970	0.792814	-1.687486	-27.678250	1.075748	-1.311143	-28.108758	-0.027711	-2.080843	-27.682357	1.069421	-1.263837	-28.122119	-0.024631	-2.029093	-27.731810	1.085253	-1.267796	-28.092790	-0.037739	-2.045031	-28.207684	1.003809	-1.194863	-28.197043	1.051572	-1.164438	-27.886739	0.966390	-1.312717	-27.886320	1.043476	-1.337665	-28.250324	0.469150	-1.170719	-27.874114	0.477045	-1.302319	-28.202299	-0.055998	-1.118627	-28.208815	-0.004322	-1.166972	-27.870733	-0.091984	-1.280404	-27.902544	-0.029897	-1.312653
1976	27.439553	00:00:27:32	-27.997479	1.690429	-1.226281	-27.935595	1.629363	-1.185306	-28.023059	1.607387	-1.126029	-28.035288	1.556433	-1.261677	-28.030125	1.556096	-1.264528	-28.186299	1.627393	-1.196380	-27.879228	1.591496	-1.332939	-27.927594	1.327988	-1.251247	-27.986834	0.758402	-1.715739	-27.690369	1.060268	-1.267188	-28.099620	-0.031965	-2.028532	-27.681448	1.096175	-1.283075	-28.109978	-0.034846	-2.081344	-27.690591	1.093104	-1.259277	-28.085243	-0.064597	-2.079648	-28.204206	0.992346	-1.165308	-28.229188	1.007276	-1.185246	-27.872414	0.994836	-1.324732	-27.866448	1.029388	-1.353273	-28.216277	0.481586	-1.131759	-27.891224	0.467902	-1.319491	-28.182115	-0.075608	-1.142961	-28.193926	-0.038902	-1.153323	-27.862862	-0.090559	-1.282607	-27.895713	-0.035475	-1.297578
1977	27.453446	00:00:27:33	-28.017772	1.683236	-1.191697	-27.899488	1.615131	-1.155898	-28.010355	1.625060	-1.119131	-28.067869	1.605240	-1.280578	-28.069082	1.582093	-1.263930	-28.221670	1.594447	-1.200836	-27.918649	1.646298	-1.319381	-27.967056	1.324531	-1.238279	-27.996508	0.768519	-1.700356	-27.713937	1.076518	-1.257492	-28.107778	-0.057802	-2.082589	-27.726633	1.068086	-1.255736	-28.136672	-0.046738	-2.075110	-27.696460	1.089278	-1.277075	-28.065695	-0.043677	-2.047159	-28.204414	0.970429	-1.137073	-28.210949	1.025726	-1.177033	-27.862015	0.976215	-1.310172	-27.906087	1.039211	-1.365875	-28.190924	0.494303	-1.123812	-27.888330	0.485908	-1.347283	-28.188828	-0.092752	-1.122983	-28.208924	-0.010401	-1.154127	-27.879441	-0.109046	-1.278702	-27.887001	-0.028187	-1.339226
1978	27.467340	00:00:27:34	-28.009409	1.705370	-1.215341	-27.924459	1.604414	-1.164542	-28.042089	1.609153	-1.147271	-28.054186	1.607987	-1.248355	-28.037373	1.569378	-1.234106	-28.184101	1.603256	-1.187661	-27.893656	1.595691	-1.324243	-27.962310	1.356284	-1.215167	-27.995268	0.770208	-1.696171	-27.679108	1.075934	-1.258807	-28.099911	-0.014548	-2.100978	-27.723656	1.079990	-1.227923	-28.075543	-0.060942	-2.076096	-27.704634	1.057982	-1.249121	-28.072015	-0.057197	-2.056301	-28.195645	0.998646	-1.172202	-28.218782	1.030503	-1.181358	-27.855540	0.974402	-1.321863	-27.890529	1.019483	-1.360309	-28.172202	0.506621	-1.173338	-27.856185	0.469208	-1.293469	-28.158440	-0.057559	-1.145994	-28.165989	-0.063997	-1.189895	-27.866414	-0.074694	-1.292020	-27.875452	-0.027004	-1.338954
1979	27.481233	00:00:27:35	-28.038713	1.697681	-1.201199	-27.920094	1.608431	-1.162909	-28.004689	1.592008	-1.108223	-28.064706	1.602018	-1.250701	-28.022843	1.596988	-1.261580	-28.191175	1.585614	-1.166374	-27.937284	1.611587	-1.322991	-27.913684	1.317573	-1.215218	-28.003666	0.783907	-1.710825	-27.705244	1.050390	-1.260804	-28.105908	-0.040492	-2.036669	-27.706576	1.070827	-1.270050	-28.107527	-0.055528	-2.058894	-27.719648	1.091883	-1.274948	-28.062582	-0.062754	-2.089742	-28.177233	0.966264	-1.142475	-28.233369	1.010508	-1.202341	-27.847496	0.971596	-1.329342	-27.879624	1.045241	-1.341566	-28.198849	0.485477	-1.164436	-27.881058	0.515340	-1.298683	-28.218901	-0.069589	-1.136322	-28.212815	-0.047781	-1.178322	-27.874613	-0.085420	-1.304615	-27.861012	-0.051985	-1.348341
1980	27.495126	00:00:27:36	-28.036136	1.728105	-1.207179	-27.921718	1.620719	-1.160294	-28.034920	1.621912	-1.088707	-28.051732	1.622829	-1.243079	-28.046321	1.586279	-1.276639	-28.154670	1.601363	-1.219556	-27.863415	1.603684	-1.347449	-27.961625	1.322681	-1.252561	-27.982164	0.786368	-1.713270	-27.734037	1.060435	-1.259183	-28.081295	-0.060625	-2.064075	-27.652833	1.079766	-1.290323	-28.073132	-0.027549	-2.049753	-27.694444	1.051053	-1.270688	-28.095567	-0.040677	-2.060169	-28.189788	1.025665	-1.163036	-28.225030	1.040423	-1.194590	-27.851460	1.006347	-1.331979	-27.904957	1.026691	-1.325592	-28.222300	0.466464	-1.177816	-27.872938	0.505978	-1.331033	-28.220189	-0.066682	-1.127452	-28.228034	0.001681	-1.153485	-27.895860	-0.080609	-1.302201	-27.886746	-0.031463	-1.305198
1981	27.509020	00:00:27:37	-28.021873	1.703322	-1.204141	-27.954020	1.649074	-1.182108	-28.031461	1.656475	-1.116383	-28.037599	1.604942	-1.297538	-28.040194	1.584940	-1.239044	-28.212819	1.643363	-1.207686	-27.934539	1.620662	-1.345890	-27.935701	1.358654	-1.252410	-27.967058	0.769338	-1.704250	-27.681787	1.094896	-1.263620	-28.090243	-0.068234	-2.055023	-27.694148	1.070296	-1.262343	-28.111190	-0.055618	-2.081815	-27.696398	1.096872	-1.258496	-28.087370	-0.025321	-2.045584	-28.189336	0.988328	-1.152749	-28.222223	1.028536	-1.168873	-27.876554	0.988427	-1.345143	-27.883817	1.022110	-1.340390	-28.207188	0.492081	-1.181117	-27.879817	0.500213	-1.358016	-28.202304	-0.071799	-1.118019	-28.204800	-0.015671	-1.144809	-27.920347	-0.053933	-1.300527	-27.858434	-0.030739	-1.356761
1982	27.522913	00:00:27:38	-28.050268	1.716514	-1.225543	-27.938424	1.611459	-1.183771	-28.035962	1.615960	-1.119963	-28.043588	1.593909	-1.278519	-28.041842	1.556250	-1.242151	-28.145359	1.606364	-1.193519	-27.911227	1.590518	-1.327437	-27.941410	1.325925	-1.211949	-27.991709	0.770583	-1.698764	-27.698111	1.074618	-1.251439	-28.120484	-0.039270	-2.051793	-27.699803	1.076702	-1.246126	-28.101622	-0.040224	-2.047230	-27.688379	1.095724	-1.264939	-28.090089	-0.040232	-2.059646	-28.195129	0.951400	-1.154499	-28.192573	1.033040	-1.204114	-27.879932	1.001056	-1.313062	-27.894723	1.039814	-1.346431	-28.217113	0.449720	-1.165593	-27.884905	0.495664	-1.347180	-28.173731	-0.091322	-1.103456	-28.210359	-0.046105	-1.135185	-27.863060	-0.105452	-1.298137	-27.872667	-0.053533	-1.321895
1983	27.536807	00:00:27:39	-28.037699	1.728175	-1.210067	-27.945034	1.632330	-1.206458	-28.033008	1.604542	-1.111989	-28.048441	1.633943	-1.256886	-28.027476	1.576817	-1.254098	-28.176105	1.597088	-1.178622	-27.887724	1.609584	-1.337232	-27.943515	1.311776	-1.223895	-28.035633	0.781517	-1.704100	-27.697256	1.076511	-1.245931	-28.081222	-0.087243	-2.084437	-27.687418	1.089559	-1.273542	-28.070508	-0.056337	-2.064638	-27.698682	1.092839	-1.266577	-28.082437	-0.059291	-2.052478	-28.200288	0.988286	-1.143220	-28.189408	1.032734	-1.236673	-27.886990	0.979756	-1.339744	-27.922373	1.005224	-1.348579	-28.211911	0.489396	-1.147446	-27.877330	0.478824	-1.343161	-28.144051	-0.068845	-1.142359	-28.203075	-0.012678	-1.179768	-27.862982	-0.093233	-1.276475	-27.877798	0.005250	-1.330480
1984	27.550700	00:00:27:40	-28.015237	1.729941	-1.216453	-27.898387	1.597777	-1.178639	-28.027122	1.604219	-1.112387	-28.040490	1.568620	-1.291008	-28.022401	1.562827	-1.245411	-28.170532	1.584486	-1.208760	-27.893660	1.594088	-1.330915	-27.955354	1.338698	-1.224796	-27.997760	0.772074	-1.675017	-27.732393	1.066530	-1.255604	-28.078460	-0.020788	-2.041049	-27.672169	1.071695	-1.269757	-28.092571	-0.040425	-2.043978	-27.686915	1.096451	-1.225691	-28.083794	-0.027835	-2.054792	-28.178260	0.987147	-1.175117	-28.202132	1.039084	-1.210173	-27.855155	0.999935	-1.311952	-27.874541	1.061814	-1.346684	-28.240036	0.456289	-1.159890	-27.881581	0.485632	-1.327889	-28.189111	-0.093800	-1.156640	-28.220654	-0.065180	-1.169787	-27.879317	-0.082716	-1.301850	-27.865098	-0.065862	-1.316736
1985	27.564594	00:00:27:41	-28.035299	1.728756	-1.210347	-27.932411	1.609932	-1.161365	-28.037131	1.604450	-1.137541	-28.045205	1.589139	-1.261298	-28.024400	1.537394	-1.250550	-28.175174	1.602344	-1.180434	-27.909616	1.629722	-1.338134	-27.940472	1.325824	-1.243651	-27.986046	0.770468	-1.698648	-27.686308	1.064070	-1.274472	-28.085347	-0.040766	-2.063608	-27.711502	1.063037	-1.255156	-28.095368	-0.026108	-2.085626	-27.692155	1.093797	-1.269541	-28.092367	-0.051856	-2.057139	-28.174607	0.983538	-1.159392	-28.197777	1.041899	-1.187953	-27.868075	0.999103	-1.318469	-27.876724	1.038321	-1.347626	-28.219375	0.463797	-1.166226	-27.858631	0.469766	-1.331306	-28.215131	-0.080447	-1.135459	-28.191269	-0.046733	-1.183527	-27.834914	-0.103267	-1.277402	-27.885043	-0.034494	-1.326628
1986	27.578487	00:00:27:42	-28.004684	1.707078	-1.225518	-27.930515	1.619347	-1.185181	-28.046103	1.597325	-1.101201	-28.045190	1.629546	-1.249173	-28.033740	1.561697	-1.244837	-28.159570	1.578795	-1.161363	-27.936615	1.613039	-1.309069	-27.938888	1.323020	-1.209077	-27.996632	0.784492	-1.710281	-27.690436	1.072731	-1.241212	-28.091401	-0.035159	-2.057719	-27.703147	1.070627	-1.231563	-28.121958	-0.041020	-2.058986	-27.712761	1.086084	-1.221741	-28.088375	-0.025883	-2.078184	-28.181665	0.971010	-1.121116	-28.201633	1.053144	-1.207636	-27.893582	0.974748	-1.340747	-27.880752	1.032975	-1.358920	-28.211860	0.460690	-1.180997	-27.885636	0.465869	-1.331388	-28.193352	-0.090918	-1.126032	-28.191530	-0.046884	-1.188262	-27.884689	-0.078614	-1.319418	-27.904606	-0.068476	-1.298181
1987	27.592381	00:00:27:43	-28.005111	1.698948	-1.216176	-27.926354	1.607875	-1.160862	-28.006278	1.577123	-1.110760	-28.050495	1.606945	-1.272164	-28.028710	1.565234	-1.278230	-28.223632	1.569191	-1.236346	-27.882621	1.606057	-1.336337	-27.937700	1.380466	-1.221016	-27.980042	0.788819	-1.699259	-27.703592	1.078248	-1.250304	-28.084803	-0.068240	-2.051586	-27.678377	1.071950	-1.246892	-28.062934	-0.064266	-2.072611	-27.678676	1.069527	-1.250593	-28.078270	-0.021717	-2.053115	-28.172505	0.956566	-1.149209	-28.219741	1.036931	-1.193032	-27.904631	0.960379	-1.294449	-27.916399	1.077088	-1.351692	-28.175719	0.452304	-1.158318	-27.871703	0.452887	-1.330763	-28.218601	-0.073111	-1.133437	-28.210372	-0.026991	-1.190539	-27.867766	-0.065065	-1.315101	-27.877523	-0.020861	-1.303220
1988	27.606274	00:00:27:44	-28.019657	1.684924	-1.189671	-27.888809	1.603287	-1.161666	-28.045431	1.589832	-1.129654	-28.028179	1.608772	-1.257711	-28.015939	1.562710	-1.244708	-28.179251	1.580657	-1.177244	-27.898646	1.610599	-1.333611	-27.939487	1.326427	-1.224604	-27.980097	0.778804	-1.692061	-27.685229	1.085563	-1.213738	-28.128589	-0.032750	-2.072081	-27.719265	1.058930	-1.260390	-28.107768	-0.035839	-2.070978	-27.722207	1.076433	-1.252062	-28.096036	-0.040419	-2.072740	-28.156036	1.028818	-1.178845	-28.202569	1.022670	-1.192626	-27.858270	0.966224	-1.288885	-27.874159	1.028791	-1.347427	-28.207746	0.461549	-1.173517	-27.873483	0.493373	-1.340596	-28.205625	-0.069652	-1.142402	-28.212952	-0.076901	-1.187438	-27.881326	-0.106643	-1.311729	-27.923871	-0.023103	-1.309394
1989	27.620167	00:00:27:45	-28.037469	1.705200	-1.238824	-27.919478	1.605017	-1.186737	-28.062358	1.575331	-1.088524	-28.035141	1.600215	-1.252226	-28.063696	1.546672	-1.248220	-28.191760	1.584366	-1.186730	-27.881048	1.579136	-1.334701	-27.933014	1.323352	-1.243076	-28.007605	0.771040	-1.695663	-27.693956	1.053349	-1.272082	-28.107406	-0.013571	-2.061688	-27.712880	1.080795	-1.246575	-28.077148	-0.046495	-2.086745	-27.710775	1.084515	-1.251778	-28.112959	-0.038276	-2.028157	-28.176030	0.976341	-1.137275	-28.197305	1.036559	-1.215770	-27.854842	0.968363	-1.295355	-27.842272	1.017511	-1.357672	-28.196189	0.510967	-1.151262	-27.884227	0.495341	-1.323199	-28.192666	-0.078795	-1.135352	-28.184402	-0.013048	-1.175747	-27.866147	-0.081513	-1.298047	-27.866189	-0.033626	-1.336327
1990	27.634061	00:00:27:46	-28.021000	1.663276	-1.192947	-27.945098	1.631245	-1.158288	-28.038193	1.614813	-1.106258	-28.040999	1.610431	-1.275679	-28.015815	1.591134	-1.246024	-28.134849	1.617899	-1.193014	-27.910807	1.609820	-1.336401	-27.936787	1.333965	-1.246137	-28.069540	0.791155	-1.689394	-27.731602	1.094287	-1.225632	-28.094131	-0.039918	-2.091171	-27.704386	1.063686	-1.255551	-28.084467	-0.073522	-2.069947	-27.704267	1.048796	-1.227433	-28.085257	-0.041933	-2.029932	-28.191750	1.031915	-1.186299	-28.208377	1.048418	-1.204218	-27.874879	1.016133	-1.287377	-27.852471	1.011243	-1.374206	-28.199628	0.496318	-1.154095	-27.842979	0.458450	-1.314285	-28.205783	-0.068763	-1.157850	-28.198151	-0.034329	-1.152355	-27.867171	-0.060724	-1.264532	-27.889573	-0.013835	-1.324490
1991	27.647954	00:00:27:47	-28.060712	1.709375	-1.221984	-27.958600	1.600410	-1.169931	-28.018998	1.627083	-1.137722	-28.046401	1.605095	-1.270319	-28.041199	1.581128	-1.242842	-28.171016	1.600268	-1.202080	-27.930713	1.626574	-1.303877	-27.932936	1.386823	-1.240233	-28.016691	0.798390	-1.689196	-27.696627	1.065345	-1.259062	-28.076919	-0.036636	-2.073961	-27.699998	1.073187	-1.254757	-28.085451	-0.071616	-2.059234	-27.713949	1.097391	-1.295250	-28.069198	-0.028372	-2.035185	-28.206278	0.967623	-1.158773	-28.192493	1.050098	-1.233175	-27.875577	0.972235	-1.305317	-27.900344	1.048217	-1.337344	-28.202958	0.444513	-1.178214	-27.862723	0.492896	-1.337754	-28.213534	-0.061495	-1.130775	-28.188089	-0.031068	-1.193570	-27.896953	-0.079579	-1.313324	-27.849892	-0.029709	-1.319842
1992	27.661848	00:00:27:48	-28.007161	1.700099	-1.214701	-27.935340	1.627913	-1.177620	-28.018614	1.597078	-1.111004	-28.035115	1.595103	-1.270077	-28.027600	1.595715	-1.254439	-28.199667	1.633229	-1.197773	-27.906991	1.634416	-1.359210	-27.967887	1.331013	-1.209894	-27.995271	0.797548	-1.686459	-27.704942	1.089962	-1.270786	-28.080077	-0.042124	-2.028370	-27.673035	1.059143	-1.241924	-28.086083	-0.065526	-2.089703	-27.679104	1.079101	-1.231176	-28.113308	-0.052751	-2.081653	-28.195114	1.025557	-1.136834	-28.199832	1.033366	-1.168362	-27.887773	0.996598	-1.324534	-27.872879	1.053706	-1.362728	-28.205310	0.478558	-1.148212	-27.873003	0.475747	-1.306822	-28.185630	-0.095354	-1.151619	-28.209168	-0.026938	-1.169202	-27.881653	-0.073442	-1.273948	-27.901169	-0.024702	-1.306364
1993	27.675741	00:00:27:49	-28.022970	1.688737	-1.244192	-27.897225	1.617575	-1.176153	-28.065798	1.579559	-1.124523	-28.060827	1.633618	-1.242528	-28.021522	1.547162	-1.254267	-28.158106	1.597928	-1.190228	-27.890870	1.585795	-1.315061	-27.951807	1.321920	-1.212156	-28.010650	0.764511	-1.698632	-27.729199	1.095588	-1.245321	-28.086576	-0.036306	-2.056878	-27.696830	1.082751	-1.258549	-28.081447	-0.033119	-2.059515	-27.725399	1.093640	-1.256328	-28.073758	-0.023221	-2.069158	-28.204432	0.971276	-1.152551	-28.227167	1.018637	-1.212653	-27.883328	0.963247	-1.284033	-27.891763	1.014831	-1.356962	-28.203944	0.475520	-1.157235	-27.896571	0.463590	-1.330470	-28.215524	-0.068989	-1.156491	-28.183745	-0.014841	-1.162783	-27.871017	-0.085681	-1.322075	-27.870069	-0.032372	-1.328436
1994	27.689635	00:00:27:50	-28.031614	1.684275	-1.212733	-27.936398	1.618401	-1.152364	-28.048929	1.621362	-1.099784	-28.034497	1.575027	-1.246417	-28.036326	1.549896	-1.260596	-28.182369	1.602678	-1.220657	-27.912877	1.607988	-1.348372	-27.936864	1.373260	-1.260195	-27.990718	0.778095	-1.680676	-27.686586	1.068382	-1.272310	-28.086718	-0.030749	-2.042531	-27.693562	1.067339	-1.302259	-28.081621	-0.053319	-2.051775	-27.734133	1.052785	-1.247346	-28.088105	-0.038821	-2.061060	-28.172303	1.005986	-1.152670	-28.201491	1.021742	-1.209700	-27.876589	0.994622	-1.312405	-27.892162	1.040606	-1.333312	-28.189961	0.470456	-1.151545	-27.858396	0.491965	-1.285421	-28.182802	-0.062283	-1.121868	-28.195881	-0.020463	-1.206761	-27.852299	-0.071802	-1.281076	-27.897706	-0.038230	-1.353997
1995	27.703528	00:00:27:51	-28.022943	1.729121	-1.214051	-27.953868	1.623721	-1.176741	-28.017138	1.599460	-1.107168	-28.054886	1.608797	-1.254308	-28.040912	1.555426	-1.262800	-28.182564	1.586197	-1.194749	-27.893290	1.589621	-1.343370	-27.935887	1.341145	-1.200144	-27.976906	0.758176	-1.684507	-27.685140	1.063506	-1.241955	-28.097223	-0.073878	-2.035495	-27.720357	1.078843	-1.260718	-28.129873	-0.077986	-2.057409	-27.654839	1.075930	-1.238512	-28.088933	-0.050334	-2.068245	-28.206736	0.954479	-1.169352	-28.218699	0.980765	-1.202228	-27.855586	0.979602	-1.304014	-27.907463	1.035770	-1.370519	-28.202527	0.485413	-1.160905	-27.874836	0.464545	-1.298193	-28.207812	-0.071964	-1.144143	-28.213265	-0.000275	-1.162858	-27.860020	-0.064291	-1.283912	-27.887198	-0.026445	-1.337253
1996	27.717422	00:00:27:52	-28.029156	1.664214	-1.187280	-27.921682	1.586891	-1.212122	-28.076979	1.640276	-1.112594	-28.079619	1.607229	-1.260100	-28.053392	1.565716	-1.255214	-28.182903	1.597670	-1.167526	-27.900100	1.603358	-1.322588	-27.964783	1.313931	-1.230484	-28.021729	0.774015	-1.706020	-27.715188	1.067651	-1.243518	-28.097210	-0.063991	-2.037623	-27.698721	1.065333	-1.262884	-28.096880	-0.029104	-2.056865	-27.720780	1.080037	-1.274557	-28.091872	-0.019073	-2.038167	-28.191586	0.950816	-1.171771	-28.215279	1.061365	-1.186600	-27.830809	1.013293	-1.307576	-27.877602	1.040407	-1.320853	-28.189355	0.498588	-1.181307	-27.841203	0.461292	-1.337441	-28.171473	-0.066000	-1.151722	-28.243024	-0.046520	-1.175846	-27.855473	-0.064483	-1.325489	-27.880877	-0.020719	-1.314002
1997	27.731315	00:00:27:53	-28.026721	1.709202	-1.212613	-27.944686	1.580671	-1.134267	-28.039414	1.597805	-1.109216	-28.042137	1.626356	-1.266126	-28.040818	1.570976	-1.230135	-28.177114	1.583337	-1.198668	-27.922850	1.613445	-1.339555	-27.954991	1.353845	-1.224374	-27.999903	0.749848	-1.747417	-27.709046	1.064816	-1.246806	-28.106345	-0.031315	-2.059374	-27.724212	1.074064	-1.239863	-28.103411	-0.061550	-2.058587	-27.703089	1.046906	-1.246173	-28.088723	-0.045510	-2.049008	-28.195593	0.999748	-1.148768	-28.218478	1.052738	-1.160623	-27.864396	0.965587	-1.320811	-27.890545	1.037968	-1.331425	-28.221762	0.508559	-1.187942	-27.888809	0.487985	-1.333226	-28.214466	-0.042012	-1.135658	-28.223264	-0.063605	-1.166013	-27.845341	-0.090644	-1.300456	-27.888291	-0.079784	-1.329572
1998	27.745208	00:00:27:54	-28.010673	1.705673	-1.233314	-27.928171	1.613610	-1.140923	-28.064853	1.623811	-1.113098	-27.994131	1.609717	-1.265257	-28.065208	1.582033	-1.240756	-28.160870	1.587881	-1.171565	-27.929503	1.607908	-1.308600	-27.956187	1.365530	-1.222133	-28.001684	0.786527	-1.691777	-27.691263	1.054595	-1.260937	-28.090912	-0.066103	-2.062625	-27.694353	1.033789	-1.224743	-28.069781	-0.037944	-2.099861	-27.724951	1.043384	-1.267000	-28.086912	-0.030552	-2.056187	-28.168684	0.981323	-1.174101	-28.214575	1.037380	-1.219231	-27.849455	1.002758	-1.289273	-27.870917	1.016485	-1.339484	-28.179623	0.469699	-1.187542	-27.864885	0.466080	-1.355909	-28.195921	-0.055442	-1.124163	-28.207768	-0.000560	-1.207280	-27.877289	-0.079277	-1.334499	-27.863378	-0.015827	-1.343860
1999	27.759102	00:00:27:55	-28.020339	1.700523	-1.232737	-27.916443	1.641628	-1.191041	-28.033511	1.580106	-1.121894	-28.017942	1.609040	-1.276487	-27.997010	1.590567	-1.242056	-28.178834	1.611767	-1.186098	-27.927099	1.587556	-1.347667	-27.918806	1.333905	-1.218167	-28.004202	0.784981	-1.709517	-27.702368	1.093799	-1.263910	-28.066775	-0.012828	-2.062339	-27.705441	1.079150	-1.251659	-28.098366	-0.023929	-2.071681	-27.707737	1.081507	-1.230639	-28.089421	-0.055723	-2.057835	-28.209657	0.989800	-1.169039	-28.207317	1.042540	-1.165615	-27.855070	0.952193	-1.320635	-27.915858	1.033541	-1.342529	-28.204260	0.490162	-1.137903	-27.894648	0.479259	-1.320620	-28.204252	-0.086075	-1.123744	-28.190986	-0.012582	-1.203631	-27.856258	-0.092004	-1.304909	-27.861047	-0.031588	-1.329562
2000	27.772995	00:00:27:56	-28.004282	1.704215	-1.200329	-27.932271	1.567624	-1.155100	-28.086367	1.618836	-1.114920	-28.056664	1.592207	-1.261493	-28.019581	1.554254	-1.235484	-28.181066	1.621684	-1.190226	-27.934499	1.611652	-1.314325	-27.931231	1.312936	-1.227403	-28.001533	0.807527	-1.715485	-27.695502	1.082235	-1.232963	-28.083373	-0.045700	-2.074119	-27.704029	1.073792	-1.285035	-28.106288	-0.027766	-2.055863	-27.694329	1.073585	-1.266609	-28.098833	-0.066302	-2.054245	-28.182891	0.982719	-1.168017	-28.224397	1.034208	-1.194155	-27.886736	0.957011	-1.301881	-27.888516	1.066186	-1.332740	-28.201205	0.477343	-1.178752	-27.875467	0.491407	-1.305644	-28.170447	-0.073774	-1.159544	-28.176935	-0.033302	-1.182873	-27.877975	-0.074098	-1.332775	-27.898625	-0.027670	-1.303175
2001	27.786889	00:00:27:57	-28.034981	1.724819	-1.189378	-27.927513	1.619924	-1.143696	-28.010332	1.596433	-1.125103	-28.031476	1.611838	-1.255272	-28.050085	1.567814	-1.245944	-28.180823	1.619283	-1.207088	-27.912680	1.623150	-1.348027	-27.979421	1.322429	-1.213234	-28.003238	0.779828	-1.672265	-27.719346	1.068100	-1.274591	-28.085675	-0.035212	-2.052014	-27.721425	1.070210	-1.245822	-28.108672	-0.028298	-2.085384	-27.734335	1.086559	-1.254460	-28.092121	-0.074422	-2.060155	-28.195564	0.991404	-1.145622	-28.184666	1.083391	-1.195827	-27.850848	0.989839	-1.306367	-27.866179	1.049197	-1.350812	-28.177785	0.495885	-1.174373	-27.884360	0.465068	-1.316010	-28.192404	-0.030274	-1.146610	-28.200331	-0.018423	-1.190077	-27.884977	-0.093578	-1.306604	-27.870845	-0.047324	-1.335214
2002	27.800782	00:00:27:58	-28.001726	1.707393	-1.212734	-27.966042	1.610180	-1.191471	-28.011719	1.613519	-1.114966	-28.008150	1.609138	-1.262541	-28.025948	1.596453	-1.248709	-28.183751	1.606417	-1.156562	-27.877929	1.607086	-1.334045	-27.999044	1.322551	-1.202704	-27.985527	0.772771	-1.681759	-27.727677	1.073102	-1.262060	-28.080672	-0.046533	-2.072473	-27.691010	1.052351	-1.254963	-28.106205	-0.053738	-2.037763	-27.691777	1.088820	-1.220685	-28.093990	-0.029076	-2.049176	-28.180667	0.960373	-1.137656	-28.176772	1.015892	-1.171235	-27.887128	1.007804	-1.312926	-27.862824	1.046012	-1.376160	-28.223170	0.472263	-1.152781	-27.899116	0.472901	-1.315649	-28.202052	-0.072349	-1.147754	-28.197014	-0.001259	-1.174541	-27.873756	-0.059203	-1.291268	-27.896963	-0.046539	-1.322214
2003	27.814676	00:00:27:59	-28.034298	1.713686	-1.191699	-27.980575	1.586064	-1.184289	-28.044367	1.648488	-1.131390	-28.025433	1.584508	-1.258956	-28.042929	1.582962	-1.223548	-28.208289	1.590872	-1.200196	-27.906766	1.616056	-1.304298	-27.949639	1.363106	-1.214983	-28.035004	0.788814	-1.688574	-27.743956	1.085715	-1.253700	-28.089429	-0.044303	-2.069649	-27.702187	1.102280	-1.270897	-28.084182	-0.017978	-2.051363	-27.659821	1.076139	-1.271208	-28.096431	-0.069726	-2.079392	-28.218256	0.991702	-1.178882	-28.203129	1.025241	-1.206557	-27.878326	0.969363	-1.321611	-27.865927	1.065018	-1.333809	-28.225503	0.479134	-1.202092	-27.838704	0.503732	-1.336605	-28.174448	-0.049288	-1.155315	-28.267771	-0.038107	-1.182159	-27.849507	-0.086851	-1.322144	-27.888821	-0.025448	-1.311501
2004	27.828569	00:00:27:60	-28.004781	1.711671	-1.191381	-27.939961	1.623206	-1.199119	-28.055043	1.625579	-1.126770	-28.049296	1.604549	-1.258663	-28.040255	1.581774	-1.257468	-28.171770	1.575840	-1.205425	-27.917766	1.650947	-1.292667	-27.905957	1.334204	-1.218974	-28.036163	0.791411	-1.708462	-27.710531	1.088674	-1.266262	-28.094107	-0.028284	-2.085338	-27.723639	1.083306	-1.249656	-28.095498	-0.084452	-2.042600	-27.685892	1.047559	-1.248171	-28.092953	-0.046363	-2.049122	-28.160750	0.996259	-1.161138	-28.217129	1.064398	-1.226669	-27.887526	1.008955	-1.309510	-27.892857	1.037025	-1.335473	-28.180205	0.477084	-1.156937	-27.890536	0.473090	-1.323074	-28.182751	-0.091380	-1.125195	-28.188117	-0.009813	-1.163364	-27.863918	-0.124971	-1.308807	-27.921431	-0.044837	-1.313222
2005	27.842463	00:00:27:61	-28.019433	1.732761	-1.189729	-27.940146	1.619603	-1.171190	-28.022179	1.650387	-1.114373	-28.072708	1.578054	-1.258940	-28.018736	1.564360	-1.231179	-28.150185	1.598954	-1.197173	-27.898869	1.599838	-1.350259	-27.936884	1.353507	-1.219997	-27.977915	0.808868	-1.698716	-27.716140	1.067705	-1.289078	-28.102089	-0.028828	-2.048576	-27.683005	1.065321	-1.241448	-28.080090	-0.030389	-2.056047	-27.710187	1.044748	-1.265758	-28.085080	-0.041837	-2.057155	-28.177428	0.997242	-1.171060	-28.192910	1.009442	-1.204104	-27.865496	0.999301	-1.306344	-27.897624	1.039610	-1.345183	-28.176243	0.475214	-1.168979	-27.851036	0.487576	-1.326986	-28.230000	-0.064485	-1.145887	-28.194132	-0.056394	-1.179979	-27.849013	-0.081544	-1.275039	-27.871572	-0.029568	-1.356035
2006	27.856356	00:00:27:62	-28.005271	1.685869	-1.224848	-27.941168	1.600723	-1.133911	-28.032631	1.610849	-1.133519	-28.050060	1.609889	-1.266712	-28.033922	1.531948	-1.243530	-28.160265	1.611267	-1.164529	-27.893383	1.622905	-1.319676	-27.934516	1.345654	-1.242143	-28.023037	0.763835	-1.696183	-27.658930	1.066299	-1.258320	-28.093036	-0.032144	-2.067007	-27.679021	1.069249	-1.225092	-28.109918	-0.040884	-2.096481	-27.676467	1.073363	-1.260345	-28.092672	-0.053163	-2.055931	-28.167167	0.983939	-1.145986	-28.190509	1.048450	-1.197485	-27.891778	1.008264	-1.332776	-27.856514	1.031731	-1.361597	-28.198929	0.474839	-1.133944	-27.895470	0.492071	-1.328573	-28.218906	-0.076566	-1.173365	-28.193655	-0.071464	-1.184602	-27.876761	-0.079643	-1.291525	-27.865566	-0.069484	-1.301387
2007	27.870249	00:00:27:63	-28.015529	1.702351	-1.187065	-27.928426	1.616254	-1.143472	-28.071455	1.597621	-1.099753	-28.017849	1.618620	-1.276043	-28.055162	1.555598	-1.253049	-28.187970	1.637447	-1.180571	-27.892331	1.616095	-1.322288	-27.937083	1.333570	-1.248925	-28.018872	0.761291	-1.742635	-27.717482	1.062934	-1.247451	-28.116322	-0.056108	-2.084263	-27.697182	1.084024	-1.246955	-28.105402	-0.045604	-2.047950	-27.690474	1.073628	-1.263096	-28.116801	-0.025168	-2.063119	-28.208676	0.980057	-1.140275	-28.191963	1.020299	-1.185542	-27.873781	0.985044	-1.283337	-27.893319	1.060649	-1.364803	-28.197415	0.486665	-1.181855	-27.889874	0.469841	-1.332538	-28.203210	-0.066774	-1.133110	-28.243755	-0.047736	-1.147769	-27.861869	-0.088435	-1.335495	-27.896272	-0.051715	-1.320556
2008	27.884143	00:00:27:64	-28.003618	1.703038	-1.246118	-27.938345	1.625881	-1.155896	-28.069048	1.610306	-1.142510	-28.048105	1.635555	-1.277030	-28.044050	1.544158	-1.246260	-28.203059	1.587662	-1.193546	-27.922008	1.594455	-1.330744	-27.945704	1.367315	-1.215841	-28.026463	0.794379	-1.726723	-27.673527	1.097215	-1.256803	-28.112924	-0.021529	-2.055578	-27.706916	1.024951	-1.240864	-28.106579	-0.030922	-2.083981	-27.732475	1.026201	-1.274577	-28.084146	-0.035885	-2.077293	-28.194322	0.970914	-1.149481	-28.218010	1.038711	-1.173877	-27.843977	0.971710	-1.313198	-27.871180	1.052030	-1.349692	-28.186950	0.468396	-1.172384	-27.896063	0.467218	-1.316034	-28.202549	-0.080593	-1.115704	-28.209046	-0.050223	-1.186199	-27.859762	-0.056101	-1.269708	-27.877791	-0.004689	-1.313496
2009	27.898036	00:00:27:65	-28.052395	1.716594	-1.192217	-27.925176	1.600232	-1.169189	-28.043156	1.615420	-1.110076	-28.068401	1.596254	-1.257300	-28.046734	1.593235	-1.209143	-28.168295	1.619931	-1.204686	-27.909903	1.617774	-1.341147	-27.921648	1.330953	-1.222898	-28.009565	0.788282	-1.704996	-27.709585	1.064877	-1.219630	-28.065014	-0.084207	-2.043771	-27.673819	1.081062	-1.257193	-28.114569	-0.039517	-2.053163	-27.685094	1.060374	-1.251108	-28.096419	-0.035546	-2.064627	-28.203759	0.996053	-1.154394	-28.198032	1.060959	-1.175324	-27.863338	1.001135	-1.309788	-27.877751	1.027323	-1.360762	-28.199894	0.469036	-1.176999	-27.864576	0.459659	-1.317332	-28.198345	-0.093214	-1.137791	-28.222501	-0.072245	-1.157259	-27.848300	-0.107052	-1.294279	-27.906983	-0.022641	-1.320343
2010	27.911930	00:00:27:66	-28.040549	1.690356	-1.231435	-27.928883	1.611376	-1.151525	-28.024995	1.599138	-1.115282	-28.044304	1.610673	-1.253502	-28.004423	1.537533	-1.247419	-28.172863	1.595785	-1.190487	-27.915613	1.607403	-1.352910	-27.943307	1.361025	-1.239784	-28.006210	0.779660	-1.668887	-27.692908	1.089660	-1.228710	-28.078604	-0.046863	-2.042264	-27.691075	1.073033	-1.257699	-28.086122	-0.059830	-2.057456	-27.694890	1.074316	-1.272481	-28.095567	-0.039779	-2.048650	-28.208356	1.012400	-1.132777	-28.204868	1.040778	-1.217127	-27.883862	0.971607	-1.323375	-27.899401	1.035310	-1.353053	-28.211844	0.489322	-1.134033	-27.845970	0.487262	-1.336593	-28.192706	-0.113973	-1.159762	-28.218117	-0.035680	-1.133497	-27.884007	-0.068838	-1.236111	-27.852398	-0.037952	-1.317545
2011	27.925823	00:00:27:67	-28.030931	1.708441	-1.196293	-27.930968	1.614018	-1.186532	-28.053630	1.618259	-1.101595	-28.053869	1.602290	-1.270816	-28.023438	1.563885	-1.257383	-28.162827	1.614434	-1.189084	-27.901137	1.622243	-1.321593	-27.952750	1.348815	-1.235036	-27.997812	0.783858	-1.676139	-27.685029	1.068087	-1.249773	-28.067019	-0.038667	-2.035479	-27.678290	1.070975	-1.284524	-28.085784	-0.043385	-2.062884	-27.720005	1.058253	-1.227789	-28.117386	-0.011333	-2.035376	-28.168926	0.980303	-1.146297	-28.193463	1.008557	-1.203182	-27.852809	0.996921	-1.340931	-27.911561	1.027732	-1.359671	-28.193086	0.477358	-1.178297	-27.879399	0.457370	-1.342461	-28.205308	-0.030728	-1.153028	-28.229667	-0.003174	-1.181284	-27.837931	-0.059031	-1.310042	-27.861030	-0.043418	-1.365892
2012	27.939717	00:00:27:68	-28.033749	1.695703	-1.201197	-27.940168	1.618733	-1.134601	-28.056495	1.576044	-1.082551	-28.042398	1.615060	-1.248587	-28.059567	1.581231	-1.232890	-28.156709	1.628575	-1.198445	-27.889923	1.595566	-1.330726	-27.934441	1.316219	-1.231484	-28.040553	0.764231	-1.688282	-27.691161	1.046250	-1.234453	-28.099692	-0.037460	-2.044843	-27.715055	1.051760	-1.231935	-28.089525	-0.049069	-2.087583	-27.715804	1.063046	-1.259984	-28.093927	-0.053641	-2.072107	-28.174434	0.987436	-1.160825	-28.195051	1.040154	-1.209335	-27.861794	0.996071	-1.301956	-27.873284	1.022592	-1.329494	-28.213905	0.465178	-1.173967	-27.859414	0.512616	-1.303081	-28.209823	-0.105444	-1.162686	-28.201684	-0.039234	-1.170523	-27.854662	-0.051273	-1.316273	-27.882287	-0.036749	-1.335515
2013	27.953610	00:00:27:69	-28.028483	1.724343	-1.200734	-27.945972	1.601311	-1.171241	-28.028757	1.619541	-1.136092	-28.070769	1.620209	-1.265577	-28.047037	1.548290	-1.238707	-28.185597	1.597903	-1.187417	-27.893826	1.624819	-1.360378	-27.932995	1.325891	-1.207472	-27.992332	0.779943	-1.699614	-27.694997	1.082525	-1.220334	-28.103717	-0.029601	-2.050846	-27.735801	1.074315	-1.232876	-28.109280	-0.030109	-2.086557	-27.679682	1.064644	-1.225946	-28.067665	-0.006948	-2.077443	-28.210461	0.988708	-1.126555	-28.199921	1.023241	-1.181723	-27.876318	0.973844	-1.313722	-27.872251	1.056695	-1.338378	-28.211224	0.491963	-1.150106	-27.851905	0.486106	-1.302925	-28.212290	-0.070364	-1.130705	-28.218729	-0.030641	-1.159007	-27.885271	-0.101822	-1.313519	-27.899576	-0.039958	-1.304520
2014	27.967504	00:00:27:70	-28.018778	1.702982	-1.219441	-27.950292	1.598905	-1.177268	-28.023903	1.613707	-1.127360	-28.047613	1.606144	-1.266148	-28.019752	1.578627	-1.241337	-28.170415	1.602805	-1.204823	-27.891614	1.607151	-1.317789	-27.956894	1.347275	-1.231816	-27.994547	0.801380	-1.707908	-27.707173	1.076501	-1.256093	-28.084120	-0.068777	-2.070777	-27.676971	1.085703	-1.267558	-28.090694	-0.051424	-2.062214	-27.708736	1.059904	-1.244378	-28.071420	-0.018220	-2.078292	-28.216670	0.989597	-1.146233	-28.214727	1.027894	-1.216796	-27.874223	0.995963	-1.329496	-27.873238	1.011621	-1.351534	-28.183007	0.495181	-1.167397	-27.901417	0.466939	-1.312621	-28.202074	-0.072893	-1.106634	-28.182236	-0.042292	-1.183450	-27.859012	-0.094781	-1.296216	-27.904330	-0.013978	-1.312194
2015	27.981397	00:00:27:71	-27.998080	1.722233	-1.209322	-27.922156	1.622040	-1.147606	-28.007060	1.596998	-1.128691	-28.021143	1.569046	-1.269455	-28.005720	1.577658	-1.246361	-28.147359	1.614161	-1.192622	-27.889902	1.623827	-1.316011	-27.911924	1.364242	-1.228982	-27.972841	0.774254	-1.711955	-27.711187	1.072326	-1.235694	-28.065870	-0.068634	-2.075511	-27.675985	1.089712	-1.254638	-28.108487	-0.043410	-2.042550	-27.675915	1.076736	-1.261944	-28.096941	-0.048987	-2.059822	-28.183982	1.024708	-1.169797	-28.218345	1.020190	-1.224178	-27.874148	0.986339	-1.289094	-27.839705	1.028231	-1.338416	-28.199189	0.461444	-1.190524	-27.890625	0.471928	-1.308390	-28.194752	-0.046146	-1.139793	-28.163057	-0.042946	-1.139095	-27.879289	-0.078119	-1.283709	-27.869235	-0.058484	-1.315449
2016	27.995290	00:00:27:00	-27.995815	1.728361	-1.223326	-27.944838	1.583162	-1.197544	-28.025853	1.614804	-1.122171	-28.029078	1.568310	-1.255087	-28.027729	1.550306	-1.214699	-28.204199	1.637544	-1.190967	-27.896245	1.575535	-1.322628	-27.950605	1.308049	-1.238175	-27.972747	0.776862	-1.683707	-27.710885	1.049083	-1.256673	-28.084872	-0.027075	-2.112379	-27.722377	1.100376	-1.255015	-28.098985	-0.059225	-2.011109	-27.684125	1.066241	-1.252136	-28.069504	-0.052413	-2.074331	-28.216866	0.979680	-1.159548	-28.209017	1.003517	-1.183617	-27.875851	0.972107	-1.270997	-27.881242	1.030146	-1.353075	-28.232621	0.469670	-1.151959	-27.905099	0.481926	-1.356610	-28.193473	-0.088717	-1.142925	-28.217821	-0.055406	-1.188965	-27.825870	-0.071299	-1.277080	-27.880019	-0.017709	-1.339618
2017	28.009184	00:00:28:01	-28.039185	1.684676	-1.206687	-27.934263	1.629674	-1.151900	-28.044223	1.597470	-1.115235	-28.073530	1.622844	-1.255246	-28.037367	1.551731	-1.262577	-28.195425	1.609593	-1.170707	-27.905805	1.631973	-1.362759	-27.943918	1.374725	-1.223786	-28.006707	0.799254	-1.704582	-27.688411	1.060269	-1.272224	-28.089671	-0.056544	-2.052022	-27.708807	1.072202	-1.239010	-28.089983	-0.046959	-2.044242	-27.715363	1.095219	-1.241642	-28.090914	-0.026207	-2.044511	-28.179526	0.978454	-1.180439	-28.196568	1.006316	-1.174084	-27.864861	0.965773	-1.333218	-27.872632	1.026335	-1.335235	-28.168058	0.469640	-1.149357	-27.850482	0.456679	-1.313192	-28.189896	-0.078206	-1.128983	-28.226486	-0.041061	-1.165202	-27.870872	-0.069399	-1.273469	-27.863467	-0.034617	-1.344239
2018	28.023077	00:00:28:02	-28.053086	1.700017	-1.184600	-27.908108	1.594653	-1.155814	-28.020689	1.593520	-1.096464	-28.028415	1.589719	-1.269463	-28.034225	1.569843	-1.230395	-28.154717	1.591993	-1.214810	-27.899704	1.592450	-1.328938	-27.949843	1.360094	-1.236647	-27.980770	0.777179	-1.696242	-27.713234	1.062293	-1.252433	-28.110298	-0.053568	-2.067439	-27.714858	1.067895	-1.265722	-28.085899	-0.050483	-2.084622	-27.713108	1.094460	-1.248204	-28.086640	-0.038587	-2.064799	-28.221957	0.956503	-1.179458	-28.241032	1.052117	-1.199102	-27.868095	0.976848	-1.300799	-27.886787	1.054447	-1.344204	-28.187168	0.522291	-1.159691	-27.885667	0.501607	-1.300279	-28.212415	-0.077759	-1.138888	-28.188411	-0.057889	-1.166006	-27.865736	-0.072883	-1.308042	-27.893140	0.004167	-1.324723
2019	28.036971	00:00:28:03	-28.021590	1.731155	-1.186466	-27.908756	1.646379	-1.140226	-28.013740	1.624429	-1.133748	-28.056165	1.640176	-1.289620	-28.023218	1.577134	-1.266549	-28.170317	1.609756	-1.194627	-27.939343	1.622186	-1.306697	-27.901091	1.331762	-1.251022	-27.980515	0.771885	-1.663138	-27.722912	1.062670	-1.254147	-28.066927	-0.037654	-2.122535	-27.706624	1.065687	-1.247002	-28.078739	-0.045482	-2.056644	-27.698835	1.077796	-1.251187	-28.090026	-0.028241	-2.054078	-28.172628	0.984119	-1.171215	-28.172639	1.036725	-1.182384	-27.828565	0.989570	-1.308484	-27.880309	1.048745	-1.367718	-28.185202	0.440709	-1.151620	-27.874115	0.458199	-1.316316	-28.160713	-0.081579	-1.121753	-28.215079	-0.017044	-1.161665	-27.868019	-0.068948	-1.286016	-27.879677	-0.020303	-1.300406
2020	28.050864	00:00:28:04	-28.059041	1.724648	-1.208221	-27.932959	1.590638	-1.188719	-28.060860	1.602077	-1.123121	-28.033564	1.603274	-1.259099	-28.022598	1.581862	-1.257032	-28.175713	1.598537	-1.215725	-27.914848	1.579603	-1.315871	-27.907187	1.347376	-1.223398	-27.975833	0.807838	-1.691645	-27.689602	1.131751	-1.241600	-28.068166	-0.016263	-2.073824	-27.728486	1.055719	-1.219852	-28.073793	-0.050816	-2.036736	-27.689819	1.066691	-1.212125	-28.074339	-0.051394	-2.044479	-28.195169	1.003885	-1.154403	-28.212938	1.056337	-1.185116	-27.872967	0.986594	-1.318704	-27.878398	1.044909	-1.377803	-28.225574	0.469718	-1.165272	-27.875485	0.466735	-1.302714	-28.179020	-0.091025	-1.150536	-28.214160	-0.040025	-1.173201	-27.862845	-0.092604	-1.274248	-27.896766	-0.058964	-1.344073
2021	28.064758	00:00:28:05	-27.997398	1.713754	-1.205538	-27.936152	1.616246	-1.189690	-28.033137	1.588326	-1.114597	-28.084552	1.622324	-1.263474	-28.049109	1.553763	-1.248159	-28.171037	1.616319	-1.202295	-27.912921	1.629077	-1.326092	-27.926458	1.308950	-1.231614	-28.023059	0.800255	-1.691890	-27.695396	1.082947	-1.267049	-28.097557	-0.046953	-2.049579	-27.707875	1.087733	-1.236375	-28.090708	-0.027450	-2.094064	-27.717360	1.062183	-1.247032	-28.061857	-0.046930	-2.015060	-28.196179	0.998490	-1.174385	-28.220820	1.040671	-1.185841	-27.879330	0.973345	-1.275932	-27.885725	1.032550	-1.334688	-28.194683	0.438968	-1.158045	-27.867246	0.460820	-1.306202	-28.218411	-0.066243	-1.167778	-28.226540	-0.042268	-1.178953	-27.868115	-0.063102	-1.291524	-27.886261	-0.032798	-1.334928
2022	28.078651	00:00:28:06	-27.984442	1.707891	-1.218536	-27.928943	1.591275	-1.195370	-28.032404	1.624208	-1.137257	-28.066244	1.628166	-1.253969	-28.019347	1.578485	-1.230336	-28.182830	1.577225	-1.184307	-27.916745	1.600414	-1.325357	-27.928526	1.346258	-1.266029	-27.991926	0.766371	-1.669578	-27.700818	1.091500	-1.229402	-28.077924	-0.048706	-2.068810	-27.695360	1.093972	-1.232603	-28.084996	-0.030901	-2.039644	-27.709732	1.070930	-1.218764	-28.091749	-0.048171	-2.078687	-28.202917	0.989593	-1.165911	-28.194347	1.015234	-1.183800	-27.872087	0.985562	-1.316115	-27.898090	1.025725	-1.318653	-28.199208	0.464930	-1.176564	-27.894801	0.468166	-1.310497	-28.189730	-0.076592	-1.151897	-28.204253	-0.036158	-1.176703	-27.869794	-0.092231	-1.285813	-27.871366	-0.022263	-1.345685
2023	28.092545	00:00:28:07	-28.001782	1.715603	-1.204261	-27.916788	1.565532	-1.182905	-28.034519	1.601024	-1.117991	-28.054322	1.584111	-1.263666	-28.011585	1.560318	-1.230732	-28.163236	1.623443	-1.214905	-27.900396	1.594959	-1.328284	-27.945159	1.315501	-1.226508	-28.000608	0.765931	-1.687845	-27.693498	1.063773	-1.226109	-28.105643	-0.025176	-2.072646	-27.690647	1.044598	-1.245763	-28.076221	-0.061907	-2.072212	-27.705845	1.080793	-1.256444	-28.110936	-0.050190	-2.075629	-28.217350	0.971288	-1.180146	-28.200816	1.037138	-1.170892	-27.858888	0.963659	-1.304779	-27.882676	1.028538	-1.345691	-28.204806	0.465972	-1.189443	-27.902637	0.466741	-1.325983	-28.173590	-0.075432	-1.118437	-28.191632	-0.034479	-1.194371	-27.905531	-0.075581	-1.284008	-27.881075	-0.040015	-1.331918
2024	28.106438	00:00:28:08	-28.026628	1.684805	-1.208549	-27.948890	1.604999	-1.165035	-28.041456	1.578659	-1.119631	-28.024442	1.599664	-1.274800	-28.028528	1.584267	-1.263943	-28.164932	1.579082	-1.192866	-27.894928	1.607907	-1.326057	-27.938072	1.325660	-1.254974	-27.981071	0.818683	-1.677644	-27.672193	1.047032	-1.236298	-28.076592	-0.016406	-2.084266	-27.673034	1.067698	-1.272760	-28.087416	-0.056582	-2.057894	-27.682197	1.106757	-1.267648	-28.089208	-0.064440	-2.064063	-28.188050	0.980312	-1.134283	-28.204675	1.047123	-1.179735	-27.871248	0.975902	-1.317717	-27.869685	1.037892	-1.347069	-28.224145	0.482796	-1.181664	-27.860346	0.467723	-1.315478	-28.179553	-0.086501	-1.130583	-28.208860	-0.062715	-1.182856	-27.895104	-0.059229	-1.273270	-27.866800	-0.043595	-1.309619
2025	28.120331	00:00:28:09	-28.006787	1.705818	-1.184592	-27.931152	1.578880	-1.172733	-28.036081	1.596251	-1.106544	-28.045582	1.614512	-1.268564	-28.020989	1.561083	-1.265646	-28.180055	1.594382	-1.182282	-27.899594	1.613408	-1.306855	-27.954481	1.337255	-1.238713	-27.982704	0.781108	-1.704617	-27.698151	1.064125	-1.269480	-28.092669	-0.034861	-2.099335	-27.699356	1.078158	-1.255169	-28.083134	-0.028185	-2.055367	-27.722215	1.102393	-1.260733	-28.105013	-0.032255	-2.048925	-28.153412	0.959629	-1.158207	-28.178944	1.013965	-1.185557	-27.855908	0.995589	-1.330540	-27.877691	1.045527	-1.361214	-28.211309	0.459985	-1.152733	-27.901349	0.463089	-1.324159	-28.160223	-0.076329	-1.173155	-28.194307	-0.016445	-1.137938	-27.872647	-0.069986	-1.304054	-27.844690	-0.002639	-1.334333
2026	28.134225	00:00:28:10	-28.029471	1.699531	-1.222239	-27.938890	1.588664	-1.150413	-28.047279	1.610996	-1.154949	-28.031620	1.578693	-1.264551	-28.011760	1.620038	-1.261782	-28.169970	1.614608	-1.162631	-27.900831	1.605840	-1.305097	-27.956971	1.350510	-1.203252	-27.969589	0.792779	-1.702525	-27.708474	1.077594	-1.235004	-28.086229	-0.042779	-2.075680	-27.734251	1.091106	-1.252341	-28.104642	-0.028912	-2.064021	-27.719989	1.056107	-1.269033	-28.099170	-0.056761	-2.089659	-28.205061	0.996922	-1.182968	-28.207173	1.024838	-1.202483	-27.858654	0.989247	-1.295541	-27.879581	1.013405	-1.338980	-28.215325	0.472022	-1.201415	-27.903219	0.474959	-1.323965	-28.189731	-0.073089	-1.157045	-28.227801	-0.020691	-1.169412	-27.858913	-0.121853	-1.298433	-27.886589	-0.033740	-1.304625
2027	28.148118	00:00:28:11	-28.002581	1.709415	-1.216229	-27.920407	1.623279	-1.140951	-28.018227	1.599231	-1.165504	-28.015025	1.610577	-1.270835	-27.997512	1.546564	-1.232724	-28.179239	1.595454	-1.228124	-27.919641	1.600034	-1.308927	-27.945938	1.336522	-1.213225	-28.008700	0.776802	-1.690402	-27.693806	1.083699	-1.221092	-28.114305	-0.033840	-2.055054	-27.698650	1.097795	-1.253099	-28.080884	-0.045528	-2.073733	-27.722535	1.061998	-1.258548	-28.127385	-0.025101	-2.072560	-28.167603	0.968845	-1.169734	-28.224835	1.015971	-1.202423	-27.875371	0.993585	-1.306482	-27.888017	1.064715	-1.312985	-28.194931	0.473359	-1.161022	-27.862057	0.449556	-1.334651	-28.187759	-0.082407	-1.141665	-28.184774	-0.028959	-1.173074	-27.903908	-0.075066	-1.302288	-27.868736	-0.042006	-1.327306
2028	28.162012	00:00:28:12	-28.052956	1.723261	-1.193442	-27.912776	1.624041	-1.177635	-28.039219	1.584558	-1.125904	-28.046959	1.613611	-1.232071	-28.026298	1.607892	-1.264753	-28.169329	1.596363	-1.230665	-27.912393	1.590564	-1.325648	-27.919720	1.319638	-1.218814	-27.988705	0.765570	-1.734894	-27.709826	1.051573	-1.270902	-28.092828	-0.071390	-2.081023	-27.709702	1.059341	-1.258624	-28.141204	-0.001742	-2.070465	-27.704434	1.055962	-1.277830	-28.087977	-0.039776	-2.065587	-28.168896	0.997802	-1.193586	-28.213131	1.014721	-1.250561	-27.895968	0.946192	-1.319356	-27.881883	1.023966	-1.374735	-28.199815	0.501153	-1.166854	-27.857692	0.472879	-1.302931	-28.189358	-0.079983	-1.156631	-28.194540	0.004362	-1.179549	-27.852158	-0.085732	-1.273426	-27.892701	-0.021728	-1.358326
2029	28.175905	00:00:28:13	-28.019113	1.718308	-1.234087	-27.914354	1.582621	-1.173707	-28.009288	1.590292	-1.114881	-28.037289	1.603988	-1.262300	-28.023301	1.583834	-1.237304	-28.189002	1.640007	-1.219145	-27.914919	1.603380	-1.333486	-27.954161	1.302527	-1.206789	-28.012768	0.777935	-1.682017	-27.703032	1.053464	-1.269417	-28.094662	-0.057583	-2.065608	-27.682138	1.103776	-1.269186	-28.121126	-0.024265	-2.085119	-27.687030	1.057305	-1.234567	-28.072915	-0.065004	-2.096559	-28.191689	0.972868	-1.158868	-28.221407	1.065953	-1.186714	-27.859776	0.974337	-1.309620	-27.881588	1.065679	-1.358986	-28.201806	0.486154	-1.135095	-27.887247	0.487286	-1.308521	-28.166949	-0.113315	-1.142716	-28.218802	-0.035184	-1.155282	-27.880816	-0.049183	-1.280435	-27.862901	-0.078019	-1.302084
2030	28.189799	00:00:28:14	-27.990738	1.725754	-1.213028	-27.932987	1.642145	-1.188061	-28.086682	1.620632	-1.120106	-28.072177	1.597599	-1.270862	-28.040269	1.579068	-1.234561	-28.201806	1.601319	-1.197635	-27.893974	1.603337	-1.346206	-27.912310	1.342711	-1.239390	-27.988600	0.760151	-1.729403	-27.684813	1.089778	-1.242983	-28.127243	-0.059201	-2.025183	-27.686868	1.039670	-1.245199	-28.087981	-0.040885	-2.064692	-27.695796	1.089273	-1.252227	-28.100406	-0.056029	-2.076977	-28.212603	0.974976	-1.147346	-28.228680	1.042389	-1.207870	-27.875829	0.959508	-1.329105	-27.892680	1.022054	-1.371335	-28.202943	0.475134	-1.148863	-27.888984	0.479369	-1.301555	-28.173206	-0.064728	-1.143229	-28.193638	-0.012272	-1.211153	-27.882969	-0.077444	-1.279737	-27.879521	-0.030206	-1.311967
2031	28.203692	00:00:28:15	-28.007925	1.701290	-1.215126	-27.910267	1.616870	-1.183315	-28.021098	1.618573	-1.112933	-28.035626	1.613450	-1.254414	-28.049577	1.580045	-1.257667	-28.179729	1.586363	-1.185419	-27.915110	1.617972	-1.339220	-27.962876	1.328401	-1.235420	-27.975428	0.785964	-1.709798	-27.666121	1.073361	-1.245350	-28.088104	-0.048305	-2.062375	-27.688208	1.086536	-1.227360	-28.080546	-0.036597	-2.110982	-27.709387	1.082524	-1.265429	-28.112295	-0.032249	-2.075242	-28.212345	0.981385	-1.180526	-28.217129	1.094539	-1.214728	-27.857014	1.001453	-1.308643	-27.891929	1.034027	-1.349222	-28.204903	0.453716	-1.177313	-27.874622	0.484474	-1.324920	-28.197227	-0.034490	-1.148228	-28.213957	-0.010593	-1.174319	-27.849950	-0.067220	-1.316966	-27.892213	-0.041617	-1.327215
2032	28.217586	00:00:28:16	-28.006029	1.691802	-1.198338	-27.919802	1.623718	-1.160376	-28.002744	1.605424	-1.104698	-28.038105	1.608822	-1.266596	-28.007456	1.549218	-1.205908	-28.217830	1.594000	-1.212487	-27.924308	1.604172	-1.310521	-27.940906	1.317790	-1.207588	-28.024914	0.785771	-1.684758	-27.724694	1.096282	-1.226202	-28.099578	-0.036018	-2.086142	-27.704407	1.083236	-1.242612	-28.105371	-0.044346	-2.096105	-27.712492	1.049511	-1.232323	-28.116175	-0.036792	-2.065802	-28.175582	1.007757	-1.177223	-28.206649	1.039103	-1.175976	-27.849583	0.989231	-1.270727	-27.896730	1.056377	-1.361301	-28.150469	0.484129	-1.195219	-27.860349	0.468306	-1.303716	-28.216127	-0.055060	-1.127889	-28.189839	-0.025975	-1.142485	-27.871498	-0.069034	-1.309329	-27.875494	-0.063556	-1.306967
2033	28.231479	00:00:28:17	-28.021251	1.709025	-1.225268	-27.933044	1.611853	-1.199432	-28.069146	1.593598	-1.124050	-28.050674	1.592023	-1.254809	-28.059196	1.559740	-1.255169	-28.199384	1.592386	-1.200596	-27.895605	1.634212	-1.314360	-27.949520	1.364134	-1.217062	-27.977162	0.772548	-1.695681	-27.697615	1.059636	-1.256832	-28.062212	-0.044672	-2.082707	-27.675560	1.094654	-1.267763	-28.052174	-0.089481	-2.072942	-27.703370	1.056578	-1.229994	-28.092280	-0.067350	-2.042989	-28.202894	0.999974	-1.156463	-28.213234	1.045036	-1.191685	-27.849800	0.981337	-1.313713	-27.861551	1.027177	-1.326784	-28.200339	0.457638	-1.157333	-27.891939	0.461141	-1.310158	-28.187541	-0.076587	-1.185913	-28.183657	-0.034554	-1.154675	-27.883438	-0.099175	-1.316936	-27.866422	-0.073689	-1.342670
2034	28.245372	00:00:28:18	-28.010048	1.727638	-1.229747	-27.937682	1.606509	-1.175077	-28.037789	1.623828	-1.110921	-28.015311	1.604325	-1.275852	-28.050857	1.557081	-1.211938	-28.183333	1.600457	-1.200137	-27.901318	1.601765	-1.319215	-27.960759	1.320535	-1.223296	-27.988870	0.755875	-1.708413	-27.705559	1.085065	-1.231749	-28.055796	-0.051463	-2.042382	-27.697604	1.085930	-1.239559	-28.122768	-0.051605	-2.048090	-27.706953	1.074850	-1.277579	-28.087777	-0.053207	-2.040882	-28.177446	0.964396	-1.141166	-28.207021	1.006560	-1.187595	-27.867426	0.962337	-1.333789	-27.885311	1.044386	-1.355480	-28.193760	0.470876	-1.154917	-27.891912	0.471887	-1.324001	-28.191970	-0.094156	-1.155563	-28.190154	-0.030108	-1.178291	-27.867149	-0.084716	-1.282018	-27.886920	-0.034740	-1.324275
2035	28.259266	00:00:28:19	-28.041117	1.688811	-1.206622	-27.934710	1.593162	-1.186079	-28.033738	1.607040	-1.126720	-28.071177	1.602712	-1.267518	-28.032394	1.568013	-1.237389	-28.159912	1.615291	-1.202671	-27.911561	1.599297	-1.304604	-27.939964	1.310928	-1.255558	-27.971888	0.761272	-1.699926	-27.729094	1.063938	-1.237042	-28.075979	-0.038541	-2.080074	-27.682444	1.072416	-1.252524	-28.092806	-0.045145	-2.048680	-27.710210	1.065155	-1.273112	-28.112749	-0.070278	-2.065128	-28.220040	1.005895	-1.155095	-28.197663	1.028572	-1.204419	-27.863513	0.988623	-1.295796	-27.862507	1.025298	-1.308330	-28.202184	0.475723	-1.164027	-27.869484	0.474537	-1.314472	-28.172520	-0.089912	-1.110569	-28.188961	-0.068599	-1.184426	-27.861351	-0.102634	-1.294533	-27.910085	-0.057848	-1.333105
2036	28.273159	00:00:28:20	-28.042349	1.717544	-1.227793	-27.933540	1.634065	-1.206175	-28.000107	1.598923	-1.138034	-28.012535	1.618937	-1.246754	-28.038434	1.594838	-1.263158	-28.172769	1.585736	-1.239582	-27.914127	1.592537	-1.339201	-27.935229	1.369797	-1.247714	-27.989861	0.779571	-1.697935	-27.683269	1.086479	-1.253512	-28.091761	0.003294	-2.114427	-27.708440	1.054394	-1.238721	-28.112903	-0.074461	-2.065645	-27.726778	1.049390	-1.232187	-28.095175	-0.032702	-2.047532	-28.165691	1.025443	-1.163903	-28.203196	1.005369	-1.206707	-27.894044	0.966363	-1.284511	-27.869021	1.013511	-1.315874	-28.193860	0.475375	-1.154964	-27.846183	0.494916	-1.313738	-28.205090	-0.090929	-1.171817	-28.194076	-0.049198	-1.147727	-27.847009	-0.102090	-1.301318	-27.870332	-0.083179	-1.345121
2037	28.287053	00:00:28:21	-28.031962	1.704019	-1.231254	-27.958893	1.622130	-1.167427	-28.010815	1.585451	-1.080916	-28.024443	1.620726	-1.304017	-27.998672	1.561915	-1.235959	-28.183168	1.622137	-1.220243	-27.915969	1.612031	-1.310010	-27.937853	1.351193	-1.245388	-28.006531	0.791402	-1.684968	-27.718500	1.050879	-1.252773	-28.098770	-0.041327	-2.088911	-27.684496	1.045424	-1.274203	-28.089746	-0.062709	-2.049411	-27.746264	1.034381	-1.229683	-28.103531	-0.050628	-2.088486	-28.163181	1.011639	-1.171947	-28.205560	1.021324	-1.204714	-27.850216	0.999360	-1.318366	-27.854680	1.029413	-1.323246	-28.211945	0.447743	-1.160795	-27.890159	0.469389	-1.313446	-28.176017	-0.070429	-1.126541	-28.216660	-0.014997	-1.189402	-27.854462	-0.088949	-1.282722	-27.860102	-0.063123	-1.318661
2038	28.300946	00:00:28:22	-27.997971	1.725619	-1.230968	-27.908924	1.581218	-1.144541	-28.018015	1.622304	-1.106348	-28.030906	1.615773	-1.254854	-28.028387	1.593163	-1.246558	-28.186875	1.618489	-1.215479	-27.922741	1.624658	-1.303521	-27.917650	1.336280	-1.195638	-28.007617	0.796412	-1.695229	-27.683347	1.066418	-1.231953	-28.097731	-0.051750	-2.082232	-27.676184	1.082295	-1.247417	-28.096159	-0.075930	-2.092534	-27.694412	1.082977	-1.245814	-28.094725	-0.064742	-2.049338	-28.196997	0.978476	-1.155056	-28.178488	1.021468	-1.208998	-27.849918	0.996607	-1.315963	-27.890238	1.032853	-1.372635	-28.195341	0.512836	-1.162306	-27.869585	0.461857	-1.320394	-28.175733	-0.082869	-1.101825	-28.199163	-0.056835	-1.164923	-27.865139	-0.082276	-1.301431	-27.858087	-0.010764	-1.318021
2039	28.314840	00:00:28:23	-28.008070	1.723770	-1.190081	-27.961896	1.631171	-1.167420	-28.048601	1.610444	-1.125184	-28.041006	1.631134	-1.261741	-28.023985	1.575454	-1.240708	-28.147149	1.611709	-1.183463	-27.885873	1.627305	-1.295533	-27.927081	1.319888	-1.226293	-28.000911	0.789912	-1.677522	-27.722745	1.054391	-1.256823	-28.105034	-0.072470	-2.077334	-27.686252	1.067951	-1.230276	-28.071042	-0.044032	-2.056221	-27.717458	1.059522	-1.253052	-28.095879	-0.061077	-2.063587	-28.181455	0.984598	-1.192935	-28.208923	1.033348	-1.205709	-27.851991	0.988569	-1.309091	-27.875103	1.017350	-1.349412	-28.177969	0.470721	-1.161261	-27.880448	0.480267	-1.300612	-28.203815	-0.091432	-1.159970	-28.208828	-0.048090	-1.177744	-27.865787	-0.058430	-1.285332	-27.894891	-0.064446	-1.329725
2040	28.328733	00:00:28:24	-28.026130	1.733857	-1.193139	-27.919381	1.600249	-1.152352	-28.054082	1.608314	-1.120843	-28.080146	1.602083	-1.271846	-28.019771	1.562124	-1.215694	-28.142737	1.613822	-1.208224	-27.913086	1.601203	-1.312929	-27.959672	1.338893	-1.219168	-27.982425	0.810895	-1.726141	-27.707158	1.087650	-1.266928	-28.094709	-0.025313	-2.054368	-27.719746	1.074610	-1.273249	-28.103822	-0.071535	-2.078796	-27.708033	1.066900	-1.258465	-28.128755	-0.064964	-2.032457	-28.204396	1.020025	-1.171547	-28.206667	1.044597	-1.195393	-27.872430	1.023547	-1.288204	-27.897786	1.022906	-1.367011	-28.220526	0.475110	-1.175814	-27.832595	0.482567	-1.314575	-28.204104	-0.066888	-1.155487	-28.195634	-0.032650	-1.175366	-27.850607	-0.076745	-1.296548	-27.893879	-0.017602	-1.322382
2041	28.342627	00:00:28:25	-28.055664	1.672557	-1.230429	-27.949395	1.636113	-1.181345	-28.047308	1.614253	-1.119108	-28.039123	1.600962	-1.253749	-28.040674	1.541891	-1.265967	-28.169258	1.595156	-1.167892	-27.913699	1.611042	-1.316882	-27.946517	1.334330	-1.226863	-28.025173	0.803606	-1.713810	-27.693611	1.057107	-1.233023	-28.101489	-0.064774	-2.069398	-27.661096	1.086040	-1.242582	-28.091180	-0.070592	-2.056498	-27.711092	1.094448	-1.216558	-28.105835	-0.033346	-2.048711	-28.222174	0.992774	-1.168849	-28.182765	1.043400	-1.184010	-27.855012	0.980427	-1.302020	-27.891915	1.028115	-1.334303	-28.203388	0.450667	-1.166885	-27.878315	0.468359	-1.294730	-28.193375	-0.062929	-1.144921	-28.207473	-0.025030	-1.154983	-27.884404	-0.088574	-1.305020	-27.890088	-0.040475	-1.330079
2042	28.356520	00:00:28:26	-27.971915	1.696360	-1.200405	-27.930587	1.600633	-1.176869	-28.026530	1.625026	-1.132067	-28.058127	1.615934	-1.271875	-28.043714	1.559295	-1.226911	-28.181915	1.608107	-1.194141	-27.922580	1.629075	-1.327147	-27.914556	1.354218	-1.204977	-27.991592	0.795114	-1.702724	-27.720321	1.075192	-1.218155	-28.123766	-0.040516	-2.049350	-27.725380	1.085278	-1.220705	-28.109276	-0.023130	-2.068313	-27.697676	1.092082	-1.238257	-28.088992	-0.040499	-2.060781	-28.169048	0.981889	-1.155324	-28.223607	1.053462	-1.210501	-27.879398	0.970626	-1.347266	-27.897159	1.073475	-1.348562	-28.198354	0.487681	-1.169567	-27.860497	0.480199	-1.320199	-28.207743	-0.085231	-1.139677	-28.212150	-0.028516	-1.161274	-27.864947	-0.065032	-1.272256	-27.868514	-0.042330	-1.348013
2043	28.370413	00:00:28:27	-27.994440	1.706185	-1.204911	-27.923974	1.617695	-1.161616	-28.057205	1.627921	-1.124176	-28.017060	1.598986	-1.261113	-28.014910	1.599158	-1.249827	-28.184611	1.597219	-1.198294	-27.850122	1.631738	-1.345676	-27.935561	1.338358	-1.220819	-28.006241	0.785954	-1.691374	-27.719754	1.071854	-1.277198	-28.069982	-0.041841	-2.075521	-27.721632	1.076636	-1.258288	-28.119212	-0.026575	-2.062212	-27.682133	1.057667	-1.281371	-28.099884	-0.059570	-2.071317	-28.188234	0.970523	-1.139657	-28.223646	1.018591	-1.193448	-27.849303	1.012961	-1.323773	-27.870990	1.026745	-1.331474	-28.197758	0.477371	-1.174528	-27.864794	0.459457	-1.292686	-28.205486	-0.086138	-1.145253	-28.185611	-0.019213	-1.151391	-27.921513	-0.059492	-1.318077	-27.861983	-0.034569	-1.326503
2044	28.384307	00:00:28:28	-28.020412	1.726825	-1.189297	-27.953720	1.599196	-1.201601	-28.071081	1.599012	-1.149481	-28.087280	1.623458	-1.276853	-28.037880	1.562860	-1.266769	-28.176556	1.604004	-1.208650	-27.894136	1.637584	-1.331421	-27.925427	1.347032	-1.205388	-28.003905	0.793532	-1.692835	-27.695070	1.044391	-1.238810	-28.101757	-0.036819	-2.072589	-27.731372	1.092971	-1.218954	-28.091880	-0.040561	-2.056802	-27.704978	1.079972	-1.245068	-28.099555	-0.064827	-2.060906	-28.209540	0.971200	-1.164904	-28.244307	1.028457	-1.185167	-27.887365	0.980160	-1.343210	-27.849989	1.028094	-1.328777	-28.194737	0.473324	-1.160339	-27.884989	0.481006	-1.328171	-28.160743	-0.089726	-1.139986	-28.194973	-0.018553	-1.168344	-27.851903	-0.061791	-1.282265	-27.870843	-0.017689	-1.297381
2045	28.398200	00:00:28:29	-28.008840	1.720454	-1.211734	-27.913967	1.592932	-1.157996	-28.014718	1.614071	-1.121301	-28.013115	1.610942	-1.272054	-28.028706	1.606963	-1.264110	-28.190811	1.597803	-1.210899	-27.887535	1.606091	-1.309412	-27.962422	1.355562	-1.237763	-27.994746	0.803228	-1.651748	-27.742597	1.041419	-1.221079	-28.092388	-0.026417	-2.036223	-27.688474	1.066847	-1.239678	-28.087526	-0.046912	-2.067571	-27.691359	1.110383	-1.198293	-28.095825	-0.043645	-2.084143	-28.169303	0.988889	-1.171889	-28.192265	1.032242	-1.203793	-27.876316	0.968733	-1.279705	-27.873126	1.049577	-1.388121	-28.185104	0.497167	-1.175041	-27.920206	0.495824	-1.311618	-28.213482	-0.079074	-1.155452	-28.191870	-0.026918	-1.198662	-27.890580	-0.097235	-1.267344	-27.908470	-0.028440	-1.332873
2046	28.412094	00:00:28:30	-28.001884	1.696043	-1.220283	-27.892997	1.631013	-1.159984	-28.026445	1.617512	-1.088313	-28.040481	1.610264	-1.259154	-28.050317	1.560474	-1.256176	-28.159577	1.573562	-1.218403	-27.903167	1.602588	-1.325416	-27.933463	1.338863	-1.202600	-28.007004	0.765925	-1.675642	-27.708262	1.076029	-1.232372	-28.092919	-0.063887	-2.064022	-27.694881	1.071182	-1.252795	-28.102480	-0.027356	-2.105842	-27.694124	1.070482	-1.246081	-28.100652	0.005966	-2.051654	-28.190811	0.986103	-1.183650	-28.208989	1.009606	-1.194261	-27.867611	1.028599	-1.321270	-27.889661	1.063750	-1.340973	-28.203005	0.479511	-1.171770	-27.874681	0.485252	-1.326162	-28.168403	-0.080575	-1.144615	-28.210905	-0.049920	-1.157209	-27.845939	-0.076002	-1.278341	-27.878420	-0.045250	-1.307881
2047	28.425987	00:00:28:31	-27.992219	1.722366	-1.186785	-27.928683	1.624202	-1.169280	-28.030909	1.634114	-1.110081	-28.054451	1.592119	-1.247998	-28.036373	1.562316	-1.257263	-28.201489	1.564622	-1.222541	-27.892084	1.604726	-1.328409	-27.945972	1.348374	-1.259255	-28.007216	0.787446	-1.707948	-27.693566	1.086423	-1.247014	-28.064917	-0.035057	-2.039063	-27.689612	1.069225	-1.239965	-28.099625	-0.048447	-2.064810	-27.703549	1.093010	-1.277152	-28.090463	-0.049930	-2.079599	-28.215567	0.991169	-1.164209	-28.208317	1.039283	-1.204647	-27.850077	0.984114	-1.292097	-27.894133	1.056832	-1.377087	-28.201221	0.459475	-1.158777	-27.870865	0.467416	-1.295086	-28.185844	-0.060942	-1.146090	-28.218170	-0.048297	-1.180728	-27.855223	-0.057907	-1.322433	-27.895514	-0.038801	-1.327436
2048	28.439881	00:00:28:32	-28.027661	1.741234	-1.212478	-27.906940	1.625647	-1.149108	-28.042480	1.600867	-1.110426	-28.006646	1.618455	-1.276510	-28.009575	1.561051	-1.254208	-28.147219	1.608663	-1.201741	-27.898248	1.619394	-1.315141	-27.938253	1.349323	-1.204798	-28.006051	0.795776	-1.714388	-27.699002	1.060296	-1.222360	-28.074180	-0.041549	-2.091828	-27.695957	1.079433	-1.229478	-28.071295	-0.078913	-2.033634	-27.684980	1.102869	-1.251881	-28.120634	-0.071810	-2.051485	-28.204008	0.983545	-1.156885	-28.206488	1.040534	-1.198400	-27.853997	0.993455	-1.284833	-27.843424	1.050904	-1.366810	-28.187298	0.478887	-1.163476	-27.866578	0.479997	-1.319389	-28.203097	-0.107258	-1.102285	-28.188482	-0.026319	-1.164567	-27.882316	-0.055741	-1.297851	-27.885426	-0.041192	-1.303701
2049	28.453774	00:00:28:33	-28.009760	1.723153	-1.211492	-27.928352	1.618794	-1.165556	-28.062615	1.614478	-1.128681	-28.037834	1.575574	-1.256490	-28.024586	1.566141	-1.251704	-28.157335	1.636394	-1.227248	-27.877276	1.608374	-1.326676	-27.948553	1.360704	-1.222518	-27.986853	0.787992	-1.689345	-27.732799	1.076266	-1.226888	-28.105765	-0.028269	-2.059000	-27.703538	1.068584	-1.234075	-28.098087	-0.023561	-2.061196	-27.735569	1.061499	-1.236572	-28.092097	-0.050231	-2.076071	-28.183763	0.995108	-1.153512	-28.217555	1.024825	-1.185551	-27.877081	0.983723	-1.293916	-27.872795	1.069169	-1.347897	-28.199945	0.499709	-1.175735	-27.896247	0.457854	-1.304910	-28.170573	-0.068820	-1.141907	-28.232288	-0.073148	-1.202390	-27.862403	-0.089146	-1.291117	-27.910133	-0.081799	-1.318251
2050	28.467668	00:00:28:34	-28.014469	1.692224	-1.227512	-27.964422	1.649878	-1.159085	-28.026484	1.602248	-1.148502	-28.050332	1.634074	-1.296741	-28.035536	1.567220	-1.231625	-28.190223	1.622142	-1.201896	-27.886073	1.612823	-1.334027	-27.936221	1.317150	-1.215916	-28.010988	0.749698	-1.676537	-27.681204	1.063929	-1.220492	-28.124318	-0.053363	-2.033596	-27.703184	1.092406	-1.224269	-28.118287	-0.044320	-2.064499	-27.714480	1.047596	-1.256273	-28.098052	-0.038712	-2.053769	-28.187574	0.965823	-1.199513	-28.212725	1.014002	-1.215924	-27.859691	0.991241	-1.280328	-27.892543	1.059058	-1.325341	-28.207922	0.476168	-1.169916	-27.853793	0.478107	-1.267760	-28.195488	-0.049713	-1.151781	-28.182156	-0.014289	-1.185749	-27.881896	-0.067999	-1.299155	-27.869587	-0.038341	-1.347533
2051	28.481561	00:00:28:35	-28.033028	1.706721	-1.216823	-27.913563	1.620940	-1.183216	-28.047268	1.589612	-1.104984	-28.039031	1.595718	-1.256529	-28.044018	1.568474	-1.203226	-28.140259	1.578562	-1.203555	-27.920231	1.625293	-1.325810	-27.971224	1.339213	-1.219638	-28.001805	0.792626	-1.691913	-27.710618	1.074425	-1.231387	-28.079977	-0.065287	-2.046997	-27.718081	1.073572	-1.237786	-28.068378	-0.055555	-2.068236	-27.706957	1.042998	-1.230718	-28.096459	-0.062470	-2.066824	-28.182507	0.971082	-1.177866	-28.205549	1.010583	-1.168811	-27.831544	0.972436	-1.303363	-27.890955	1.051936	-1.352811	-28.189283	0.502900	-1.192400	-27.888222	0.491491	-1.295358	-28.202531	-0.074125	-1.143066	-28.200743	-0.039927	-1.128481	-27.843056	-0.094241	-1.267355	-27.868216	-0.033252	-1.355327
2052	28.495454	00:00:28:36	-27.999204	1.732502	-1.208061	-27.939131	1.637657	-1.156236	-28.060631	1.595998	-1.105325	-28.026263	1.600194	-1.259987	-28.003075	1.563040	-1.235272	-28.180591	1.634979	-1.185070	-27.912478	1.627469	-1.322853	-27.941490	1.331200	-1.205912	-27.982873	0.794644	-1.691994	-27.705164	1.047538	-1.241233	-28.076306	-0.045475	-2.065773	-27.689247	1.099312	-1.247665	-28.096768	-0.050159	-2.048255	-27.688634	1.049559	-1.244165	-28.077753	-0.040828	-2.086519	-28.193671	1.003603	-1.164243	-28.217148	1.040527	-1.173189	-27.857748	0.975930	-1.334608	-27.903738	1.028147	-1.344942	-28.151631	0.481935	-1.152761	-27.881508	0.504502	-1.334111	-28.196910	-0.068236	-1.142691	-28.207849	-0.022612	-1.198679	-27.863798	-0.083510	-1.260581	-27.857826	-0.024571	-1.333121
2053	28.509348	00:00:28:37	-28.021385	1.746543	-1.200687	-27.927889	1.603617	-1.141738	-28.035154	1.591333	-1.115907	-28.043533	1.612397	-1.284393	-28.025423	1.578927	-1.257054	-28.194439	1.579243	-1.211031	-27.887850	1.591729	-1.310114	-27.947310	1.359960	-1.225971	-28.036891	0.794656	-1.668879	-27.681389	1.095571	-1.278996	-28.068988	-0.034145	-2.050981	-27.726284	1.121135	-1.211887	-28.117508	-0.066279	-2.068076	-27.684517	1.056705	-1.221796	-28.085590	-0.054750	-2.078436	-28.214881	1.000652	-1.156806	-28.208614	1.018446	-1.216006	-27.864317	0.996713	-1.331596	-27.886121	1.035427	-1.350623	-28.199483	0.489812	-1.170380	-27.877411	0.453109	-1.321942	-28.190898	-0.052667	-1.145874	-28.191828	0.003842	-1.176572	-27.859712	-0.029248	-1.290980	-27.896644	-0.039213	-1.328903
2054	28.523241	00:00:28:38	-28.024462	1.714899	-1.211999	-27.936106	1.622049	-1.122542	-28.080129	1.598359	-1.142761	-28.029268	1.614038	-1.282403	-28.043614	1.549188	-1.243198	-28.158861	1.602161	-1.212465	-27.879959	1.606177	-1.343821	-27.941366	1.361606	-1.215009	-28.033125	0.784376	-1.722355	-27.695212	1.079064	-1.259917	-28.091077	-0.074317	-2.070824	-27.720888	1.073014	-1.251361	-28.080840	-0.023134	-2.052009	-27.718280	1.055082	-1.231143	-28.113380	-0.035000	-2.075831	-28.182873	0.962054	-1.160366	-28.204492	1.025791	-1.185294	-27.814723	0.972471	-1.261124	-27.862277	1.039695	-1.346942	-28.211361	0.476392	-1.213555	-27.873198	0.507695	-1.314171	-28.188044	-0.107143	-1.157869	-28.216825	-0.026204	-1.158691	-27.867090	-0.081664	-1.296535	-27.887509	-0.050690	-1.335126
2055	28.537135	00:00:28:39	-28.034199	1.701912	-1.232378	-27.943694	1.641777	-1.176612	-28.039345	1.608362	-1.113163	-28.060866	1.601827	-1.275376	-28.030244	1.592881	-1.214969	-28.178101	1.606533	-1.229651	-27.876829	1.623933	-1.344067	-27.963798	1.341904	-1.226281	-28.005860	0.763744	-1.676649	-27.689327	1.051586	-1.234600	-28.111735	-0.049548	-2.072577	-27.688765	1.072832	-1.224836	-28.134332	-0.037351	-2.076007	-27.698426	1.067948	-1.232497	-28.113194	-0.052234	-2.047867	-28.195989	0.981801	-1.156773	-28.194602	1.042729	-1.209061	-27.876959	0.989893	-1.331503	-27.898339	1.058847	-1.325195	-28.192664	0.466776	-1.169239	-27.868454	0.467874	-1.320795	-28.220683	-0.078000	-1.152519	-28.199685	-0.026456	-1.174363	-27.859707	-0.073322	-1.301182	-27.894913	-0.019890	-1.323893
2056	28.551028	00:00:28:40	-27.996714	1.723891	-1.209516	-27.924939	1.627591	-1.167522	-28.026361	1.602406	-1.114351	-28.051320	1.596595	-1.251385	-28.029860	1.584989	-1.284986	-28.167938	1.601139	-1.222382	-27.883130	1.599049	-1.359897	-27.934913	1.348305	-1.200389	-28.011525	0.791551	-1.676821	-27.697867	1.056205	-1.258274	-28.088195	-0.042493	-2.061668	-27.704742	1.064497	-1.231624	-28.086437	-0.066258	-2.063156	-27.679320	1.081343	-1.252913	-28.105035	0.011766	-2.071375	-28.205079	0.986976	-1.151311	-28.223482	1.037996	-1.199260	-27.858356	1.000821	-1.279193	-27.873417	1.044844	-1.363444	-28.215535	0.497757	-1.192986	-27.863203	0.477411	-1.325641	-28.180624	-0.090190	-1.147141	-28.200768	-0.054178	-1.159705	-27.891613	-0.062591	-1.301211	-27.889727	-0.047372	-1.297945
2057	28.564922	00:00:28:41	-27.991099	1.712333	-1.227750	-27.933537	1.596487	-1.176336	-28.013915	1.605726	-1.140963	-28.050299	1.595740	-1.255802	-28.029826	1.583801	-1.248445	-28.199067	1.576746	-1.207476	-27.868285	1.618926	-1.304755	-27.954145	1.357070	-1.210496	-28.010040	0.777916	-1.688364	-27.725209	1.066724	-1.256289	-28.101834	-0.050243	-2.061749	-27.703999	1.070904	-1.241004	-28.080198	-0.053281	-2.061931	-27.713545	1.062440	-1.238609	-28.069281	-0.066762	-2.032767	-28.179095	0.985239	-1.177105	-28.229989	1.041575	-1.198090	-27.835000	1.000780	-1.314883	-27.884492	1.053045	-1.352074	-28.182113	0.500342	-1.178267	-27.861535	0.468683	-1.327428	-28.169804	-0.090294	-1.140822	-28.206046	-0.036507	-1.211077	-27.890808	-0.066598	-1.256322	-27.873757	-0.029924	-1.309749
2058	28.578815	00:00:28:42	-28.007171	1.695631	-1.201367	-27.963765	1.605738	-1.179910	-28.046293	1.593586	-1.154331	-28.046996	1.618679	-1.280117	-28.034160	1.564649	-1.245453	-28.179109	1.650591	-1.192568	-27.861862	1.563705	-1.311457	-27.933906	1.352856	-1.223761	-28.013629	0.781087	-1.714020	-27.698651	1.085868	-1.250744	-28.090000	-0.042500	-2.037025	-27.681064	1.079069	-1.251295	-28.075650	-0.035933	-2.033392	-27.698062	1.082078	-1.237700	-28.117721	-0.028712	-2.055066	-28.203130	0.974565	-1.148630	-28.202999	1.019847	-1.214492	-27.833788	1.005681	-1.319516	-27.877485	1.031610	-1.318982	-28.168715	0.472947	-1.180258	-27.847397	0.503222	-1.326959	-28.199495	-0.088036	-1.152746	-28.224648	-0.054397	-1.179605	-27.858044	-0.082152	-1.272724	-27.847440	-0.036874	-1.331544
2059	28.592709	00:00:28:43	-28.025826	1.712727	-1.216122	-27.932361	1.586274	-1.170301	-28.005990	1.614329	-1.137499	-28.034156	1.594568	-1.271653	-28.015917	1.611152	-1.243630	-28.173045	1.584879	-1.205078	-27.908603	1.620516	-1.348090	-27.943260	1.342398	-1.237762	-27.984016	0.776011	-1.672546	-27.697299	1.091368	-1.252722	-28.097227	-0.028095	-2.078562	-27.692740	1.090878	-1.250111	-28.083047	-0.061747	-2.125956	-27.713638	1.066754	-1.267317	-28.091972	-0.059144	-2.080665	-28.206803	1.004871	-1.149095	-28.223355	1.045337	-1.217385	-27.885255	0.980167	-1.278479	-27.871401	1.023135	-1.324301	-28.194573	0.437307	-1.216179	-27.868950	0.472213	-1.339160	-28.189753	-0.090880	-1.119415	-28.185139	-0.009750	-1.199773	-27.873090	-0.079717	-1.304953	-27.883191	-0.028209	-1.312543
2060	28.606602	00:00:28:44	-28.019907	1.734234	-1.209655	-27.898948	1.620637	-1.138390	-28.035909	1.638320	-1.134718	-28.045384	1.622717	-1.292639	-28.028180	1.561984	-1.256304	-28.170083	1.618007	-1.202188	-27.905751	1.602691	-1.343952	-27.960622	1.341501	-1.228120	-28.016794	0.788641	-1.705302	-27.703680	1.081878	-1.247225	-28.070819	-0.051985	-2.091213	-27.704895	1.089240	-1.240061	-28.087423	-0.036226	-2.032793	-27.736176	1.056085	-1.218040	-28.088260	-0.028341	-2.041252	-28.207435	0.987832	-1.149479	-28.190344	1.078320	-1.187104	-27.874559	1.002597	-1.283762	-27.893336	1.034329	-1.350981	-28.187574	0.491257	-1.160069	-27.860278	0.492539	-1.349042	-28.202586	-0.064069	-1.139022	-28.214963	-0.036471	-1.167952	-27.869076	-0.082893	-1.284635	-27.879433	-0.062224	-1.344246
2061	28.620495	00:00:28:45	-28.008877	1.676963	-1.215686	-27.918586	1.619323	-1.169034	-28.064059	1.601531	-1.097566	-28.023802	1.587051	-1.254921	-28.008453	1.577611	-1.216570	-28.162798	1.595346	-1.202647	-27.928385	1.591849	-1.331333	-27.917924	1.347306	-1.203516	-28.025166	0.757706	-1.681773	-27.688363	1.059269	-1.246008	-28.078225	-0.048864	-2.067198	-27.670068	1.080034	-1.248152	-28.081508	-0.041578	-2.079879	-27.712159	1.076104	-1.243830	-28.092047	-0.098366	-2.062920	-28.191942	0.992865	-1.190368	-28.191239	1.000342	-1.196766	-27.875255	1.001322	-1.311074	-27.884974	1.011211	-1.340079	-28.191943	0.467268	-1.164166	-27.865444	0.492350	-1.303913	-28.219214	-0.088852	-1.156283	-28.198129	-0.033429	-1.218322	-27.849882	-0.080609	-1.291835	-27.880669	-0.023911	-1.358039
2062	28.634389	00:00:28:46	-27.985186	1.710987	-1.203465	-27.925939	1.623521	-1.160415	-28.044830	1.594594	-1.112391	-28.037301	1.635362	-1.273072	-28.030241	1.573332	-1.276381	-28.172907	1.601489	-1.209682	-27.891312	1.604554	-1.321771	-27.949419	1.323251	-1.213218	-27.975547	0.752482	-1.725811	-27.684363	1.071644	-1.258268	-28.113149	-0.030768	-2.083084	-27.701343	1.077974	-1.222796	-28.076070	-0.054919	-2.048333	-27.682495	1.079519	-1.209754	-28.098704	-0.048785	-2.048706	-28.189553	1.011440	-1.155229	-28.165888	1.023229	-1.204507	-27.872645	1.002414	-1.300169	-27.868753	1.042864	-1.364108	-28.231001	0.450739	-1.163681	-27.856529	0.472751	-1.318389	-28.200937	-0.082552	-1.140356	-28.211771	-0.052304	-1.184269	-27.867759	-0.083042	-1.291704	-27.844584	-0.027819	-1.331167
2063	28.648282	00:00:28:47	-28.016895	1.673340	-1.204478	-27.912927	1.646702	-1.178880	-28.056933	1.589014	-1.128579	-28.055383	1.626090	-1.285744	-28.035335	1.576995	-1.253188	-28.127281	1.610320	-1.217644	-27.898861	1.578316	-1.355958	-27.958638	1.330269	-1.217715	-27.980386	0.800575	-1.692465	-27.706335	1.069211	-1.238293	-28.104982	-0.018425	-2.061139	-27.672931	1.064614	-1.251969	-28.114702	-0.051336	-2.085385	-27.710381	1.067403	-1.254533	-28.100490	-0.057892	-2.069514	-28.188143	0.965463	-1.170956	-28.197894	1.043029	-1.160847	-27.852812	0.979523	-1.306517	-27.853623	1.028343	-1.364064	-28.170957	0.470107	-1.160195	-27.916312	0.474488	-1.314957	-28.174391	-0.071999	-1.126130	-28.192198	-0.028660	-1.182474	-27.874395	-0.110006	-1.284583	-27.905169	-0.049664	-1.315188
2064	28.662176	00:00:28:48	-28.027058	1.700938	-1.209920	-27.911797	1.596432	-1.173056	-28.060396	1.588979	-1.124058	-28.035973	1.575124	-1.283337	-28.016645	1.561565	-1.273161	-28.170253	1.633761	-1.200826	-27.906683	1.611333	-1.335992	-27.907735	1.337493	-1.226271	-27.960247	0.765017	-1.701724	-27.719129	1.057567	-1.223129	-28.082615	-0.053861	-2.068102	-27.711848	1.078469	-1.223686	-28.117047	-0.084293	-2.054732	-27.670364	1.090589	-1.247346	-28.065302	-0.039023	-2.068173	-28.216032	0.971008	-1.179945	-28.211782	1.054493	-1.201279	-27.836138	1.024133	-1.289743	-27.838576	1.066133	-1.363101	-28.203010	0.456624	-1.187713	-27.865670	0.423605	-1.312971	-28.198548	-0.078050	-1.129535	-28.181928	-0.050720	-1.153348	-27.863802	-0.053030	-1.291315	-27.906233	-0.040259	-1.301526
2065	28.676069	00:00:28:49	-28.015387	1.707761	-1.218935	-27.916520	1.608378	-1.173218	-28.039036	1.604211	-1.142608	-28.050739	1.591506	-1.294793	-28.009588	1.564378	-1.253767	-28.170606	1.596925	-1.211334	-27.895255	1.622332	-1.322688	-27.947933	1.317845	-1.224952	-27.987502	0.778679	-1.710568	-27.682477	1.098822	-1.229140	-28.131680	-0.017677	-2.056317	-27.713828	1.047965	-1.177888	-28.071915	-0.013393	-2.080790	-27.700886	1.051869	-1.235222	-28.109737	-0.046648	-2.047339	-28.209625	0.959184	-1.183042	-28.207588	1.012209	-1.216119	-27.850688	0.946605	-1.328696	-27.889358	1.033726	-1.325255	-28.195982	0.489929	-1.153844	-27.869704	0.483469	-1.310897	-28.202367	-0.085125	-1.157340	-28.208434	-0.032127	-1.165912	-27.861692	-0.083549	-1.285211	-27.867698	-0.034281	-1.347679
2066	28.689963	00:00:28:50	-28.014926	1.730973	-1.168512	-27.910239	1.603808	-1.168468	-28.051479	1.610525	-1.128761	-28.008287	1.596809	-1.244869	-28.028702	1.556266	-1.252491	-28.171149	1.611270	-1.209407	-27.869058	1.602662	-1.342934	-27.923950	1.328759	-1.201803	-28.022473	0.766905	-1.731260	-27.704195	1.060849	-1.246610	-28.115280	-0.071746	-2.038817	-27.696036	1.062717	-1.256265	-28.083776	-0.070031	-2.067754	-27.710263	1.060076	-1.227000	-28.097607	-0.043879	-2.068973	-28.195995	0.988413	-1.184103	-28.244081	1.053885	-1.171825	-27.857013	0.997482	-1.337658	-27.896874	1.025237	-1.329534	-28.203726	0.459380	-1.193441	-27.870187	0.465711	-1.335928	-28.181375	-0.084893	-1.151388	-28.187297	-0.038213	-1.174532	-27.882409	-0.035486	-1.291156	-27.891475	-0.012180	-1.330079
2067	28.703856	00:00:28:51	-27.987930	1.702622	-1.213431	-27.931285	1.614655	-1.170497	-28.061500	1.598202	-1.091815	-28.038430	1.592470	-1.251527	-28.049131	1.574248	-1.252763	-28.162661	1.616936	-1.213310	-27.915945	1.588690	-1.329893	-27.938425	1.344694	-1.238821	-27.986597	0.770350	-1.700799	-27.707233	1.084153	-1.207599	-28.107490	-0.031841	-2.049441	-27.709648	1.086450	-1.230710	-28.078621	-0.065710	-2.059559	-27.689434	1.078442	-1.273632	-28.092208	-0.060854	-2.066743	-28.176739	1.009568	-1.143748	-28.220647	1.043055	-1.210497	-27.878051	1.002852	-1.304282	-27.877186	1.060736	-1.360463	-28.173650	0.475872	-1.157515	-27.899473	0.475671	-1.312398	-28.194823	-0.063282	-1.155681	-28.204313	-0.027835	-1.180235	-27.844221	-0.083008	-1.305698	-27.868490	-0.048445	-1.321467
2068	28.717750	00:00:28:52	-28.043477	1.746534	-1.200079	-27.951454	1.606560	-1.163793	-28.034458	1.612314	-1.132781	-28.077808	1.573656	-1.280335	-28.032886	1.555194	-1.244349	-28.174856	1.598917	-1.236394	-27.946970	1.603525	-1.339426	-27.915224	1.328552	-1.210672	-28.033713	0.769254	-1.684845	-27.712312	1.072441	-1.218627	-28.066795	-0.061531	-2.059119	-27.669114	1.082240	-1.238980	-28.085478	-0.023403	-2.048030	-27.688195	1.094856	-1.242754	-28.110388	-0.022015	-2.051884	-28.222333	0.960241	-1.188144	-28.183410	1.068755	-1.208503	-27.883233	1.013465	-1.263879	-27.849674	1.058806	-1.334735	-28.238031	0.481928	-1.187818	-27.836794	0.478513	-1.313858	-28.189968	-0.071901	-1.177792	-28.198861	-0.044435	-1.191899	-27.869572	-0.061129	-1.313293	-27.861487	-0.036006	-1.338568
2069	28.731643	00:00:28:53	-28.017317	1.714148	-1.215620	-27.923809	1.620944	-1.160782	-28.046139	1.630919	-1.110722	-28.055218	1.617078	-1.262144	-28.038312	1.577408	-1.241859	-28.169335	1.621348	-1.197969	-27.905930	1.596839	-1.320080	-27.943883	1.322216	-1.204388	-28.024772	0.766245	-1.701042	-27.663743	1.090256	-1.219625	-28.090489	-0.045131	-2.071083	-27.686045	1.078830	-1.211405	-28.098456	-0.068936	-2.066774	-27.709331	1.070842	-1.228740	-28.100935	-0.047928	-2.083183	-28.222477	0.990718	-1.143459	-28.208038	1.061782	-1.227817	-27.824367	0.957112	-1.307440	-27.876654	1.032566	-1.328830	-28.205679	0.477165	-1.156686	-27.866106	0.459464	-1.290366	-28.222112	-0.087495	-1.171257	-28.196341	-0.005225	-1.193091	-27.867993	-0.096266	-1.324657	-27.865619	-0.030496	-1.326209
2070	28.745536	00:00:28:54	-27.996216	1.702147	-1.213573	-27.952361	1.627874	-1.173244	-28.040234	1.577764	-1.134767	-28.045097	1.638179	-1.250730	-27.989885	1.573763	-1.257143	-28.173549	1.580342	-1.162825	-27.910880	1.634890	-1.343230	-27.957206	1.316817	-1.234753	-27.979893	0.785482	-1.693388	-27.718110	1.090065	-1.256557	-28.060526	-0.047219	-2.055859	-27.705233	1.087872	-1.252625	-28.076901	-0.036926	-2.051127	-27.698554	1.081587	-1.201585	-28.089022	-0.023412	-2.046565	-28.185317	0.994508	-1.149048	-28.211746	1.072474	-1.212934	-27.867855	0.999105	-1.296248	-27.893515	1.018966	-1.328894	-28.206563	0.445003	-1.168458	-27.896489	0.492884	-1.327100	-28.185812	-0.097293	-1.143980	-28.207990	-0.071527	-1.201492	-27.869603	-0.108705	-1.311390	-27.857592	-0.037277	-1.294122
2071	28.759430	00:00:28:55	-28.004416	1.718940	-1.210836	-27.945649	1.614830	-1.183676	-28.057964	1.631142	-1.114975	-28.043219	1.618170	-1.235648	-28.041250	1.559305	-1.233908	-28.162050	1.607678	-1.175130	-27.902161	1.601523	-1.320957	-27.942355	1.341951	-1.202869	-28.018196	0.781251	-1.674146	-27.703063	1.082243	-1.245723	-28.085818	-0.061571	-2.058799	-27.664353	1.083115	-1.211899	-28.087812	-0.072953	-2.055478	-27.692291	1.097927	-1.205388	-28.085118	-0.070791	-2.063461	-28.204894	0.951286	-1.163995	-28.198046	1.064216	-1.207241	-27.860172	1.015954	-1.350900	-27.884611	1.059623	-1.347989	-28.177726	0.501214	-1.177041	-27.865398	0.464330	-1.296269	-28.214818	-0.086984	-1.158049	-28.202503	-0.014191	-1.199787	-27.837770	-0.106621	-1.252006	-27.864588	-0.012362	-1.316580
2072	28.773323	00:00:28:56	-28.023373	1.700548	-1.191740	-27.929980	1.623329	-1.173950	-28.038854	1.626472	-1.139874	-28.045057	1.601364	-1.277894	-28.036079	1.559486	-1.237205	-28.166027	1.621422	-1.195990	-27.902741	1.607935	-1.326090	-27.935982	1.358268	-1.237744	-27.991075	0.755701	-1.683744	-27.652656	1.073765	-1.251856	-28.072004	-0.029082	-2.054781	-27.689510	1.069501	-1.254233	-28.089663	-0.070773	-2.085103	-27.717935	1.039904	-1.245106	-28.089289	-0.014419	-2.078935	-28.185715	0.994631	-1.155713	-28.235332	1.041286	-1.171353	-27.861548	0.998892	-1.310209	-27.879060	1.032914	-1.346157	-28.199833	0.443989	-1.177382	-27.870243	0.484719	-1.359955	-28.163562	-0.086394	-1.164116	-28.230894	-0.034883	-1.180175	-27.835761	-0.081035	-1.296425	-27.862645	-0.038849	-1.316685
2073	28.787217	00:00:28:57	-28.015411	1.695072	-1.195397	-27.921614	1.583242	-1.160410	-28.050095	1.615929	-1.111235	-28.025092	1.608958	-1.289396	-28.007227	1.584563	-1.235333	-28.154137	1.611313	-1.199209	-27.922523	1.602849	-1.328988	-27.937197	1.361979	-1.262448	-28.007039	0.797888	-1.672229	-27.669503	1.071172	-1.238690	-28.084285	-0.061330	-2.076065	-27.712695	1.073804	-1.238636	-28.077541	-0.028676	-2.099885	-27.691764	1.050117	-1.220047	-28.071249	-0.055747	-2.072205	-28.175523	1.020767	-1.177483	-28.183295	1.078424	-1.138238	-27.852362	0.986288	-1.302342	-27.884764	1.025851	-1.336620	-28.174701	0.479356	-1.164126	-27.857521	0.451022	-1.297070	-28.217546	-0.075778	-1.184774	-28.200856	-0.031084	-1.178513	-27.872007	-0.099581	-1.270093	-27.865280	-0.033390	-1.275749
2074	28.801110	00:00:28:58	-28.004735	1.703070	-1.205455	-27.917810	1.595686	-1.187267	-28.022222	1.621842	-1.087248	-28.049602	1.576609	-1.249444	-28.039130	1.586305	-1.219372	-28.165247	1.602745	-1.220899	-27.928145	1.627906	-1.320938	-27.934324	1.357406	-1.203906	-27.988056	0.764711	-1.689673	-27.684070	1.076508	-1.217543	-28.072536	-0.018745	-2.048088	-27.682807	1.089518	-1.250725	-28.073626	-0.043465	-2.059030	-27.712570	1.063598	-1.230075	-28.117416	-0.042398	-2.070210	-28.172955	0.973907	-1.162605	-28.179218	1.043613	-1.203586	-27.847764	0.973784	-1.288309	-27.868045	1.051559	-1.327160	-28.190023	0.493441	-1.187171	-27.887567	0.452353	-1.289967	-28.213453	-0.067945	-1.156928	-28.240626	-0.029391	-1.211646	-27.864910	-0.066466	-1.278495	-27.864975	-0.029621	-1.331097
2075	28.815004	00:00:28:59	-28.015636	1.723550	-1.199899	-27.935866	1.590570	-1.157516	-28.031331	1.623097	-1.119077	-28.069009	1.570025	-1.252867	-28.043946	1.559710	-1.244947	-28.158076	1.604463	-1.204243	-27.891220	1.620039	-1.310740	-27.950940	1.318514	-1.228105	-28.009476	0.786304	-1.677835	-27.686149	1.054012	-1.243912	-28.104133	-0.038927	-2.033311	-27.681678	1.077911	-1.207912	-28.091030	-0.029988	-2.110324	-27.708467	1.048264	-1.224225	-28.086386	-0.022355	-2.062970	-28.179987	0.982853	-1.165880	-28.188416	1.032784	-1.198438	-27.859732	0.989896	-1.322756	-27.882057	1.030985	-1.322056	-28.181126	0.483674	-1.146525	-27.894878	0.463372	-1.308612	-28.219083	-0.048193	-1.147212	-28.159728	-0.055059	-1.205318	-27.882807	-0.064935	-1.304107	-27.856488	-0.066842	-1.306275
2076	28.828897	00:00:28:60	-28.039655	1.699843	-1.223065	-27.925957	1.619227	-1.171436	-28.042963	1.628674	-1.117874	-28.075503	1.596783	-1.260030	-28.016933	1.580105	-1.271899	-28.154897	1.557161	-1.188516	-27.900561	1.605677	-1.338159	-27.939688	1.354871	-1.240131	-27.978356	0.793897	-1.688178	-27.699587	1.051015	-1.225031	-28.108892	-0.050699	-2.063788	-27.690117	1.093580	-1.250555	-28.078047	-0.072689	-2.061811	-27.680474	1.098239	-1.209104	-28.078741	-0.059655	-2.033548	-28.193784	1.006758	-1.146335	-28.209752	1.018771	-1.190296	-27.852667	0.962130	-1.303670	-27.876676	1.058106	-1.355269	-28.219251	0.483514	-1.167435	-27.864792	0.456915	-1.298641	-28.192275	-0.080761	-1.144807	-28.229370	-0.050656	-1.174833	-27.825844	-0.064561	-1.278457	-27.890021	-0.025652	-1.302406
2077	28.842791	00:00:28:61	-28.011931	1.709898	-1.186265	-27.934828	1.589512	-1.170849	-28.023918	1.608630	-1.131823	-28.034516	1.581507	-1.296793	-28.062651	1.577035	-1.263226	-28.186656	1.567422	-1.189576	-27.877731	1.601517	-1.320502	-27.911990	1.325071	-1.230471	-28.027558	0.780395	-1.692162	-27.682530	1.075642	-1.210629	-28.106885	-0.071017	-2.050687	-27.735044	1.073454	-1.244527	-28.094699	-0.044390	-2.043771	-27.683037	1.099495	-1.242641	-28.074229	-0.045107	-2.080911	-28.192724	0.985794	-1.174247	-28.194856	1.012810	-1.180523	-27.866388	0.963151	-1.310268	-27.870206	1.071262	-1.361422	-28.178205	0.482334	-1.199188	-27.856652	0.495162	-1.317203	-28.193999	-0.054142	-1.142143	-28.167786	-0.064451	-1.189925	-27.895672	-0.075931	-1.253185	-27.904234	-0.036900	-1.336412
2078	28.856684	00:00:28:62	-27.990237	1.703568	-1.220290	-27.946271	1.644394	-1.163512	-28.052655	1.624285	-1.114036	-28.061491	1.598867	-1.276094	-28.047610	1.581370	-1.261272	-28.201908	1.622274	-1.189247	-27.900440	1.601310	-1.325875	-27.909750	1.335281	-1.216132	-28.004480	0.764086	-1.676639	-27.718599	1.070292	-1.238224	-28.050898	-0.061920	-2.047771	-27.706146	1.059600	-1.225104	-28.083118	-0.040648	-2.087416	-27.694350	1.084998	-1.255635	-28.107570	-0.059274	-2.102977	-28.172203	1.009135	-1.178048	-28.176326	1.040626	-1.192765	-27.840952	0.958540	-1.324617	-27.872871	1.039889	-1.362736	-28.216796	0.477066	-1.162213	-27.866638	0.463747	-1.327013	-28.180250	-0.085148	-1.158060	-28.219539	-0.038183	-1.192330	-27.864873	-0.058461	-1.269574	-27.830305	-0.021635	-1.327753
2079	28.870577	00:00:28:63	-28.032947	1.687314	-1.194747	-27.933923	1.639678	-1.167543	-28.062958	1.624930	-1.149043	-28.022365	1.583677	-1.245440	-28.031543	1.583616	-1.261801	-28.161142	1.606425	-1.210983	-27.901378	1.584527	-1.305049	-27.933011	1.331896	-1.220765	-28.017978	0.744308	-1.709247	-27.678153	1.074622	-1.212460	-28.076936	-0.070716	-2.061127	-27.682833	1.094427	-1.245102	-28.124980	-0.039642	-2.060260	-27.731423	1.081130	-1.230092	-28.098661	-0.036273	-2.068931	-28.161387	0.979037	-1.154885	-28.236224	1.029599	-1.208622	-27.888395	0.981661	-1.335687	-27.891010	1.046256	-1.364256	-28.180458	0.430098	-1.206005	-27.849569	0.489859	-1.327444	-28.173730	-0.071579	-1.144008	-28.216701	-0.023679	-1.160311	-27.844428	-0.049890	-1.236567	-27.886796	-0.016938	-1.310331
2080	28.884471	00:00:28:64	-28.042659	1.727319	-1.246554	-27.923361	1.643959	-1.156147	-28.060185	1.601392	-1.148537	-28.015942	1.612461	-1.283519	-28.030162	1.537835	-1.231998	-28.155549	1.616718	-1.204820	-27.886885	1.635267	-1.345042	-27.961611	1.349715	-1.240719	-27.991445	0.787954	-1.648353	-27.685728	1.066406	-1.221966	-28.087292	-0.046648	-2.060667	-27.682619	1.085890	-1.221156	-28.122385	-0.054158	-2.077449	-27.713008	1.045470	-1.235484	-28.095041	-0.058480	-2.060965	-28.211863	0.984758	-1.190621	-28.209801	1.036977	-1.220545	-27.836168	1.001104	-1.327669	-27.887989	1.042189	-1.333611	-28.168175	0.517812	-1.187747	-27.869132	0.475706	-1.322961	-28.226837	-0.093888	-1.095509	-28.224462	-0.016133	-1.190379	-27.876699	-0.091249	-1.285781	-27.873151	-0.034180	-1.321269
2081	28.898364	00:00:28:65	-28.021361	1.722160	-1.211023	-27.930238	1.628480	-1.136227	-28.043822	1.592308	-1.104348	-28.014434	1.614603	-1.226625	-28.016289	1.562002	-1.238770	-28.155548	1.604525	-1.201951	-27.880184	1.627140	-1.324468	-27.929881	1.350347	-1.242308	-27.993790	0.765974	-1.682860	-27.698492	1.055500	-1.230158	-28.083784	-0.042177	-2.087391	-27.693752	1.047398	-1.256424	-28.096984	-0.037676	-2.037519	-27.714426	1.076356	-1.215980	-28.101725	-0.047768	-2.059958	-28.175825	0.944099	-1.175502	-28.220285	1.001706	-1.190190	-27.869100	0.985631	-1.309412	-27.858770	1.025506	-1.357601	-28.163676	0.460476	-1.149390	-27.895512	0.507343	-1.276990	-28.206686	-0.086427	-1.138811	-28.185506	-0.038647	-1.190332	-27.873707	-0.091057	-1.273780	-27.883911	-0.035800	-1.310322
2082	28.912258	00:00:28:66	-28.002559	1.696638	-1.194842	-27.896929	1.629061	-1.159287	-28.050113	1.640303	-1.119775	-28.024181	1.578486	-1.246685	-28.031380	1.558624	-1.229636	-28.177658	1.596944	-1.206423	-27.887205	1.612252	-1.338447	-27.948717	1.335965	-1.222033	-28.009180	0.777866	-1.666564	-27.681339	1.064365	-1.224855	-28.103598	-0.070316	-2.046232	-27.693794	1.093123	-1.262225	-28.079876	-0.061110	-2.047263	-27.685421	1.073244	-1.212255	-28.087425	-0.085461	-2.071665	-28.197021	1.005917	-1.183646	-28.222987	1.068342	-1.210408	-27.880327	0.950166	-1.321672	-27.869568	1.057034	-1.328003	-28.217081	0.476286	-1.180125	-27.872746	0.491637	-1.314613	-28.210601	-0.083745	-1.153005	-28.215890	-0.020115	-1.157794	-27.842149	-0.082676	-1.279645	-27.848329	-0.043057	-1.300320
2083	28.926151	00:00:28:67	-28.039691	1.689395	-1.195064	-27.958024	1.594092	-1.186944	-28.031749	1.594309	-1.125080	-28.037589	1.606605	-1.245687	-28.015842	1.558913	-1.280539	-28.171033	1.583972	-1.198129	-27.892819	1.588090	-1.294811	-27.951014	1.334254	-1.210477	-28.001686	0.780672	-1.690961	-27.662493	1.119472	-1.209960	-28.076280	-0.009314	-2.029484	-27.668642	1.069576	-1.248930	-28.093438	-0.067875	-2.061853	-27.721625	1.077970	-1.212026	-28.073218	-0.030165	-2.084388	-28.195084	0.976947	-1.189070	-28.204253	1.046363	-1.170262	-27.837908	0.985182	-1.308882	-27.880697	1.043555	-1.319397	-28.214717	0.468797	-1.202495	-27.861811	0.477492	-1.329413	-28.194935	-0.092614	-1.165953	-28.229461	-0.045942	-1.178902	-27.864050	-0.087491	-1.249926	-27.876724	-0.027259	-1.319322
2084	28.940045	00:00:28:68	-27.985091	1.749927	-1.192032	-27.907449	1.603796	-1.140545	-28.015216	1.633199	-1.105412	-28.037987	1.600524	-1.252200	-28.025821	1.547901	-1.262190	-28.151841	1.608102	-1.182927	-27.894274	1.632318	-1.334687	-27.944970	1.340178	-1.202184	-27.997983	0.802315	-1.705141	-27.714441	1.077996	-1.233331	-28.101469	-0.009116	-2.063461	-27.696211	1.039090	-1.230258	-28.088742	-0.028802	-2.057828	-27.695677	1.077500	-1.219636	-28.090402	-0.052595	-2.046459	-28.194914	0.990929	-1.215168	-28.178355	1.048174	-1.208835	-27.878392	0.977912	-1.296602	-27.854851	1.047012	-1.347531	-28.176825	0.517027	-1.163634	-27.871697	0.455870	-1.287308	-28.186819	-0.087691	-1.133978	-28.208798	-0.058725	-1.233274	-27.901439	-0.086346	-1.251553	-27.903780	-0.023976	-1.308100
2085	28.953938	00:00:28:69	-28.006534	1.712906	-1.224395	-27.908387	1.630778	-1.180079	-28.055037	1.622080	-1.138924	-28.029956	1.618391	-1.306370	-28.025784	1.578748	-1.237133	-28.183356	1.625245	-1.232934	-27.886669	1.628478	-1.339455	-27.919777	1.341868	-1.235277	-28.000610	0.788628	-1.711413	-27.706661	1.066326	-1.217659	-28.095149	-0.064777	-2.097553	-27.738995	1.056466	-1.229562	-28.117877	-0.038172	-2.056855	-27.729220	1.078778	-1.233417	-28.085211	-0.049280	-2.045023	-28.194161	1.011813	-1.198881	-28.196059	1.044373	-1.199251	-27.849798	1.000691	-1.320361	-27.871682	1.072186	-1.344789	-28.189436	0.478141	-1.216529	-27.879519	0.455988	-1.305112	-28.185648	-0.107621	-1.171016	-28.233537	-0.028838	-1.197220	-27.870641	-0.083477	-1.290842	-27.869257	-0.055813	-1.349789
2086	28.967832	00:00:28:70	-28.017547	1.718951	-1.184984	-27.899048	1.595046	-1.184694	-28.042875	1.595216	-1.163569	-28.043976	1.592860	-1.221808	-28.022023	1.534064	-1.232638	-28.200835	1.604267	-1.196600	-27.898720	1.585727	-1.344314	-27.933346	1.329440	-1.221069	-27.996974	0.789467	-1.685278	-27.697513	1.052695	-1.215735	-28.122102	-0.052414	-2.058010	-27.697095	1.070574	-1.208488	-28.077657	-0.022852	-2.058781	-27.698237	1.094575	-1.218588	-28.094256	-0.050663	-2.092412	-28.212936	0.973697	-1.159353	-28.224363	1.038739	-1.203287	-27.851013	0.973565	-1.287258	-27.891831	1.030609	-1.320906	-28.214939	0.478446	-1.138989	-27.880139	0.484903	-1.256080	-28.211281	-0.054786	-1.144670	-28.202888	-0.053413	-1.184894	-27.838668	-0.088265	-1.262173	-27.859164	-0.016486	-1.330231
2087	28.981725	00:00:28:71	-28.032805	1.731921	-1.229257	-27.941253	1.626908	-1.161887	-28.052617	1.592717	-1.114029	-28.054150	1.565677	-1.273199	-28.023736	1.566739	-1.250217	-28.180622	1.598664	-1.213688	-27.866339	1.607181	-1.312648	-27.887731	1.340240	-1.211500	-27.995173	0.761990	-1.698085	-27.727855	1.061998	-1.208670	-28.106976	-0.014548	-2.077090	-27.712638	1.066889	-1.226614	-28.079870	-0.044381	-2.059310	-27.709723	1.051393	-1.201209	-28.094219	-0.052289	-2.063724	-28.197188	1.016885	-1.176231	-28.215119	1.061235	-1.209294	-27.813322	0.967348	-1.311904	-27.863613	1.025008	-1.344485	-28.209605	0.488604	-1.178805	-27.900668	0.494969	-1.340063	-28.207305	-0.098855	-1.155821	-28.184866	-0.044502	-1.208983	-27.849714	-0.043243	-1.255063	-27.875981	-0.013301	-1.357310
2088	28.995618	00:00:28:00	-27.994079	1.710132	-1.228461	-27.913284	1.623729	-1.152104	-28.038871	1.614498	-1.111470	-28.017004	1.617465	-1.289148	-28.021616	1.564345	-1.217521	-28.165173	1.573926	-1.215124	-27.903827	1.612903	-1.312701	-27.901240	1.368634	-1.248406	-27.981311	0.758299	-1.707855	-27.661210	1.093891	-1.206718	-28.098972	-0.065356	-2.058896	-27.722749	1.053302	-1.250657	-28.097650	-0.039045	-2.045248	-27.699363	1.079570	-1.246439	-28.107466	-0.048148	-2.090089	-28.186159	0.978453	-1.157603	-28.206675	0.987226	-1.203408	-27.845805	0.978107	-1.301925	-27.858971	1.019574	-1.294842	-28.200235	0.461602	-1.178613	-27.854520	0.458529	-1.318821	-28.176508	-0.073960	-1.149556	-28.232838	-0.009516	-1.193072	-27.846755	-0.081124	-1.282610	-27.869223	-0.009741	-1.321465
2089	29.009512	00:00:29:01	-28.013183	1.713087	-1.223134	-27.974558	1.591927	-1.167112	-28.060180	1.601406	-1.098368	-28.047758	1.597597	-1.269950	-27.997233	1.559068	-1.234232	-28.170162	1.622731	-1.270596	-27.903375	1.604395	-1.313368	-27.935524	1.372047	-1.202523	-28.022516	0.755071	-1.675738	-27.724042	1.087715	-1.209967	-28.092407	-0.026512	-2.046277	-27.724113	1.066038	-1.246719	-28.102953	-0.058364	-2.043734	-27.681695	1.073244	-1.238605	-28.080138	-0.086488	-2.086392	-28.193472	0.982148	-1.175346	-28.194420	1.058140	-1.235467	-27.871341	0.995444	-1.268733	-27.856939	1.021439	-1.341020	-28.195662	0.456863	-1.163877	-27.868786	0.465039	-1.308399	-28.181767	-0.084522	-1.148709	-28.185287	-0.017285	-1.204491	-27.870899	-0.065178	-1.295722	-27.879226	-0.042394	-1.320163
2090	29.023405	00:00:29:02	-28.020483	1.725005	-1.221570	-27.954139	1.615137	-1.140976	-28.038488	1.594287	-1.108031	-28.002486	1.586520	-1.280593	-28.017035	1.568502	-1.221343	-28.176602	1.645729	-1.183795	-27.925348	1.589468	-1.309512	-27.964169	1.336629	-1.200282	-27.975217	0.783248	-1.705030	-27.704254	1.059341	-1.220610	-28.101166	-0.053738	-2.071833	-27.702973	1.072241	-1.258223	-28.112152	-0.055545	-2.057659	-27.704566	1.061633	-1.230571	-28.104489	-0.029852	-2.059792	-28.194831	0.972913	-1.135312	-28.189669	1.028328	-1.220661	-27.865717	0.982719	-1.295421	-27.882328	1.024670	-1.349514	-28.182152	0.461629	-1.178118	-27.862606	0.486906	-1.332756	-28.187405	-0.073353	-1.142166	-28.186652	-0.016941	-1.228333	-27.855988	-0.067234	-1.266564	-27.894066	-0.055829	-1.341551
2091	29.037299	00:00:29:03	-28.004398	1.708235	-1.212561	-27.953494	1.600933	-1.160335	-28.084679	1.591859	-1.119296	-28.007584	1.611550	-1.259116	-28.006749	1.582014	-1.238844	-28.166801	1.633113	-1.159921	-27.883952	1.600554	-1.305691	-27.949102	1.330170	-1.213577	-27.972627	0.779415	-1.694397	-27.707755	1.070449	-1.234714	-28.081670	-0.042824	-2.043014	-27.697441	1.073227	-1.234730	-28.124053	-0.058668	-2.048873	-27.702927	1.069248	-1.253855	-28.102214	-0.021118	-2.047287	-28.194518	1.001619	-1.211879	-28.178348	1.021018	-1.245361	-27.871636	0.992545	-1.308969	-27.882361	1.011249	-1.320679	-28.210240	0.463579	-1.195282	-27.841474	0.450739	-1.274371	-28.216953	-0.087888	-1.141942	-28.203984	-0.063444	-1.181703	-27.836185	-0.064376	-1.313512	-27.862163	-0.042388	-1.329993
2092	29.051192	00:00:29:04	-28.008163	1.737788	-1.211738	-27.945349	1.612957	-1.130028	-28.046263	1.603637	-1.125153	-28.026094	1.623958	-1.299177	-28.011923	1.571444	-1.243587	-28.179368	1.625298	-1.206135	-27.928799	1.632052	-1.298999	-27.927488	1.362063	-1.198222	-27.981268	0.791127	-1.709538	-27.676845	1.083757	-1.210887	-28.076091	-0.085579	-2.049761	-27.708856	1.081385	-1.230611	-28.106287	-0.066397	-2.072306	-27.723873	1.079788	-1.259659	-28.136787	-0.053731	-2.085466	-28.175447	0.954986	-1.162075	-28.210164	1.054956	-1.219551	-27.867759	0.988191	-1.282934	-27.859018	1.053799	-1.348674	-28.169646	0.484944	-1.181737	-27.863910	0.484504	-1.306028	-28.185484	-0.075118	-1.178879	-28.197741	-0.036225	-1.208251	-27.839908	-0.054736	-1.276996	-27.868751	-0.044092	-1.309010
2093	29.065086	00:00:29:05	-28.016105	1.716156	-1.192722	-27.922829	1.639339	-1.160082	-28.022173	1.591685	-1.158069	-28.022892	1.584078	-1.261594	-28.056264	1.551859	-1.248506	-28.177344	1.613098	-1.177146	-27.897080	1.593451	-1.321955	-27.948797	1.336440	-1.211541	-28.000783	0.782005	-1.705982	-27.677960	1.039181	-1.267643	-28.104764	-0.040155	-2.049726	-27.687257	1.040682	-1.230364	-28.087081	-0.025984	-2.037633	-27.686747	1.082377	-1.208954	-28.081649	-0.059678	-2.094361	-28.202254	0.984841	-1.171797	-28.174076	1.040823	-1.217160	-27.840204	0.955707	-1.313712	-27.851790	0.999445	-1.332710	-28.172938	0.506029	-1.157762	-27.858902	0.501021	-1.295188	-28.192465	-0.096352	-1.175996	-28.191348	-0.049367	-1.199055	-27.870919	-0.075081	-1.285640	-27.852461	-0.027050	-1.316649
2094	29.078979	00:00:29:06	-28.003307	1.711939	-1.196327	-27.932180	1.595367	-1.210121	-28.037879	1.601602	-1.115464	-28.019931	1.638259	-1.248678	-28.027693	1.573733	-1.226988	-28.156448	1.612728	-1.231286	-27.865269	1.639881	-1.343422	-27.954719	1.337071	-1.221057	-27.978165	0.766710	-1.669193	-27.662455	1.080165	-1.237870	-28.049167	-0.053609	-2.060510	-27.698153	1.048385	-1.262316	-28.108196	-0.022589	-2.070178	-27.723951	1.045866	-1.259157	-28.074856	-0.056970	-2.055746	-28.189986	0.968284	-1.185966	-28.196839	1.043563	-1.177037	-27.842883	0.968073	-1.293685	-27.879098	1.024679	-1.339742	-28.199480	0.473937	-1.187467	-27.873762	0.488368	-1.299445	-28.164752	-0.088111	-1.153988	-28.200072	-0.025656	-1.189400	-27.825288	-0.063091	-1.259475	-27.869680	-0.068598	-1.280504
2095	29.092873	00:00:29:07	-27.999683	1.712253	-1.254349	-27.938284	1.620804	-1.170363	-28.054797	1.587809	-1.116700	-28.058429	1.629288	-1.260252	-28.007631	1.584142	-1.273694	-28.134057	1.592245	-1.211745	-27.896693	1.596099	-1.308423	-27.939039	1.316656	-1.213035	-27.965754	0.783437	-1.686863	-27.692830	1.066332	-1.208188	-28.101420	-0.041045	-2.039571	-27.673606	1.076632	-1.244648	-28.089046	-0.069362	-2.087612	-27.692699	1.093645	-1.210984	-28.123422	-0.037429	-2.059412	-28.210615	0.995046	-1.204397	-28.184372	1.034386	-1.252919	-27.846521	0.978723	-1.311694	-27.859133	1.033947	-1.326174	-28.239758	0.498059	-1.195501	-27.876660	0.503099	-1.332470	-28.174991	-0.077845	-1.151294	-28.202272	-0.003835	-1.209252	-27.839595	-0.083983	-1.303046	-27.857798	-0.046255	-1.297997
2096	29.106766	00:00:29:08	-28.025378	1.755347	-1.187027	-27.895783	1.598092	-1.153526	-28.042415	1.616934	-1.118359	-28.007025	1.613641	-1.249332	-28.015425	1.534780	-1.273978	-28.160992	1.632485	-1.218365	-27.887578	1.619136	-1.299210	-27.937196	1.336615	-1.209557	-27.980098	0.760059	-1.684292	-27.705742	1.081197	-1.185104	-28.098250	-0.019040	-2.061525	-27.683938	1.082861	-1.232625	-28.096672	-0.049461	-2.042810	-27.726179	1.071188	-1.211221	-28.099991	-0.042661	-2.061635	-28.184675	0.992641	-1.208511	-28.204487	1.009034	-1.204040	-27.870525	1.005771	-1.307404	-27.881337	1.027010	-1.354489	-28.175036	0.481891	-1.202711	-27.891731	0.477868	-1.304820	-28.154584	-0.097134	-1.155809	-28.209242	-0.040022	-1.185471	-27.837155	-0.096645	-1.307757	-27.896478	0.020990	-1.332761
2097	29.120659	00:00:29:09	-28.004716	1.706659	-1.220187	-27.939896	1.587522	-1.157516	-28.075113	1.604725	-1.109170	-28.042293	1.619019	-1.280296	-28.020765	1.553130	-1.250395	-28.191000	1.604581	-1.216437	-27.909637	1.631496	-1.315745	-27.941978	1.323492	-1.218125	-27.973113	0.749225	-1.703754	-27.675348	1.101334	-1.254440	-28.104511	-0.045832	-2.063615	-27.670446	1.053701	-1.254198	-28.077173	-0.037123	-2.068669	-27.676422	1.071501	-1.206143	-28.088593	-0.034240	-2.061241	-28.203625	0.991069	-1.159982	-28.179055	1.028245	-1.235827	-27.860446	0.994744	-1.302613	-27.838408	1.052036	-1.310758	-28.193941	0.497831	-1.179149	-27.855677	0.447080	-1.338296	-28.176297	-0.074338	-1.158140	-28.199170	-0.051687	-1.212567	-27.862269	-0.082252	-1.296471	-27.880772	-0.029359	-1.354674
2098	29.134553	00:00:29:10	-27.983370	1.704221	-1.206247	-27.942198	1.596984	-1.131968	-28.025799	1.647383	-1.082083	-28.020380	1.605606	-1.272668	-28.004531	1.542651	-1.235369	-28.157048	1.592064	-1.197494	-27.893604	1.588849	-1.311381	-27.929354	1.328773	-1.232039	-27.976869	0.783476	-1.708143	-27.725289	1.063188	-1.208909	-28.100420	-0.032212	-2.044742	-27.692784	1.092161	-1.203978	-28.113792	-0.039372	-2.035832	-27.702142	1.063823	-1.207855	-28.098113	-0.067531	-2.055262	-28.203897	0.989483	-1.172398	-28.208246	1.048672	-1.219969	-27.887220	0.987886	-1.300870	-27.886932	1.038675	-1.322213	-28.178459	0.491731	-1.170632	-27.838454	0.461776	-1.289925	-28.231841	-0.083979	-1.160117	-28.235134	-0.048645	-1.190985	-27.852945	-0.071667	-1.276547	-27.898745	-0.016827	-1.299010
2099	29.148446	00:00:29:11	-28.038984	1.676592	-1.188441	-27.959282	1.605883	-1.157886	-28.043991	1.593521	-1.113988	-28.016575	1.583755	-1.249971	-28.024211	1.594170	-1.252302	-28.164203	1.588768	-1.211155	-27.902918	1.573886	-1.310165	-27.946011	1.351574	-1.252378	-28.011220	0.774025	-1.711436	-27.697037	1.062700	-1.225224	-28.088669	-0.019764	-2.083431	-27.701305	1.075919	-1.212891	-28.118696	-0.052469	-2.060855	-27.727635	1.057931	-1.223856	-28.069318	-0.063315	-2.049611	-28.187604	0.995620	-1.179557	-28.196096	1.018525	-1.238534	-27.888644	0.967544	-1.308088	-27.838816	1.013646	-1.347581	-28.183989	0.468730	-1.219307	-27.862674	0.492663	-1.326269	-28.215205	-0.058790	-1.153074	-28.226171	-0.046664	-1.182809	-27.852898	-0.068241	-1.316834	-27.877504	-0.016182	-1.314044
2100	29.162340	00:00:29:12	-28.038940	1.713472	-1.229928	-27.933982	1.601778	-1.197714	-28.053582	1.616746	-1.107613	-28.033029	1.595778	-1.290149	-28.039787	1.579907	-1.254089	-28.198688	1.588317	-1.204859	-27.904741	1.586103	-1.294383	-27.938529	1.323777	-1.231755	-27.999562	0.780047	-1.674217	-27.689555	1.066257	-1.193030	-28.077038	-0.029272	-2.082985	-27.702656	1.071313	-1.210360	-28.089411	-0.021588	-2.053890	-27.748258	1.090736	-1.222481	-28.075052	-0.063284	-2.048032	-28.194011	1.009605	-1.172578	-28.208625	1.003420	-1.211610	-27.857060	0.967762	-1.295755	-27.856557	1.047022	-1.328627	-28.183968	0.497339	-1.196035	-27.863414	0.459714	-1.345827	-28.163538	-0.069259	-1.160015	-28.210974	-0.010743	-1.189414	-27.864984	-0.077180	-1.285474	-27.836054	-0.023510	-1.286707
2101	29.176233	00:00:29:13	-28.041239	1.709415	-1.212993	-27.932230	1.586636	-1.151642	-28.013721	1.603955	-1.107393	-28.017393	1.603854	-1.250774	-27.995644	1.615300	-1.242214	-28.157045	1.609670	-1.219847	-27.869204	1.595080	-1.355903	-27.945392	1.336068	-1.211764	-28.007574	0.773171	-1.680390	-27.697682	1.084522	-1.230344	-28.113980	-0.036676	-2.033541	-27.699350	1.058745	-1.223951	-28.073065	-0.066734	-2.042455	-27.698916	1.086600	-1.256150	-28.103802	-0.064984	-2.072583	-28.159905	0.988171	-1.189191	-28.203659	1.020722	-1.199940	-27.860631	0.999125	-1.281634	-27.876011	1.050508	-1.319032	-28.239680	0.445877	-1.176902	-27.857113	0.484831	-1.321536	-28.208526	-0.086129	-1.160986	-28.205204	-0.040653	-1.189126	-27.846306	-0.072244	-1.262398	-27.856854	-0.013542	-1.258552
2102	29.190127	00:00:29:14	-28.023775	1.715514	-1.239458	-27.927589	1.612348	-1.176526	-28.027182	1.617388	-1.127259	-28.022085	1.602482	-1.274362	-28.026109	1.598275	-1.207983	-28.180365	1.573246	-1.221908	-27.886737	1.586457	-1.338624	-27.925305	1.343046	-1.233736	-27.979807	0.792629	-1.692061	-27.686462	1.045284	-1.230623	-28.092016	-0.049974	-2.063746	-27.696653	1.067687	-1.225389	-28.090697	-0.054395	-2.024333	-27.698110	1.071594	-1.217959	-28.102364	-0.055358	-2.042341	-28.208769	0.990566	-1.178816	-28.201088	1.040003	-1.182655	-27.812345	1.001529	-1.293114	-27.845892	1.006800	-1.360844	-28.215631	0.454461	-1.209953	-27.851778	0.480688	-1.310781	-28.192893	-0.052719	-1.163475	-28.204539	-0.047228	-1.177708	-27.841215	-0.085513	-1.275547	-27.863733	-0.025099	-1.306193
2103	29.204020	00:00:29:15	-28.030172	1.684680	-1.182797	-27.909523	1.589162	-1.149798	-28.043833	1.608013	-1.094509	-28.036172	1.625804	-1.270316	-28.027041	1.565870	-1.258651	-28.173568	1.598438	-1.210236	-27.888885	1.604759	-1.301735	-27.925155	1.352707	-1.252163	-27.985160	0.761952	-1.679090	-27.708275	1.101220	-1.213407	-28.071997	-0.041216	-2.078118	-27.695729	1.071556	-1.230469	-28.105036	-0.046692	-2.035415	-27.675931	1.085465	-1.230342	-28.107394	-0.006831	-2.055741	-28.190359	0.992383	-1.182399	-28.197406	1.070956	-1.210811	-27.842489	0.964639	-1.289722	-27.864529	1.074030	-1.350707	-28.229458	0.467130	-1.164007	-27.835755	0.507376	-1.324943	-28.194417	-0.082133	-1.157158	-28.222556	-0.057751	-1.185491	-27.866305	-0.090795	-1.270871	-27.882626	-0.009419	-1.315415
2104	29.217914	00:00:29:16	-28.003192	1.708931	-1.207112	-27.914852	1.594694	-1.194674	-28.029076	1.615634	-1.107169	-28.035638	1.629442	-1.257619	-28.042921	1.579412	-1.240821	-28.170041	1.599138	-1.203827	-27.914889	1.584198	-1.309848	-27.912747	1.304260	-1.232814	-27.999268	0.783360	-1.693160	-27.701922	1.079384	-1.228292	-28.082444	-0.006990	-2.041309	-27.668075	1.034661	-1.214858	-28.074371	-0.026299	-2.072898	-27.696189	1.069482	-1.198370	-28.084462	-0.036342	-2.072523	-28.193244	0.982434	-1.154809	-28.206463	1.034563	-1.206649	-27.867235	1.039905	-1.313719	-27.865606	1.018073	-1.340581	-28.216797	0.469662	-1.186428	-27.866116	0.481073	-1.324487	-28.177350	-0.061929	-1.176379	-28.176183	-0.013757	-1.214482	-27.822127	-0.134029	-1.322530	-27.875379	-0.033864	-1.310133
2105	29.231807	00:00:29:17	-28.004979	1.748591	-1.239386	-27.943531	1.617221	-1.149353	-28.019611	1.611192	-1.131722	-28.037761	1.578559	-1.283326	-28.041603	1.590808	-1.233697	-28.166479	1.610914	-1.217877	-27.888021	1.578318	-1.338964	-27.928865	1.329272	-1.191717	-27.992967	0.798925	-1.680285	-27.723086	1.054123	-1.222125	-28.060350	-0.085861	-2.045017	-27.699051	1.074844	-1.216116	-28.084768	-0.047102	-2.057394	-27.689049	1.067280	-1.230039	-28.101648	-0.057987	-2.081105	-28.192525	0.991586	-1.174012	-28.183956	1.028870	-1.220375	-27.852174	0.991265	-1.308420	-27.851131	1.049324	-1.338674	-28.183966	0.496066	-1.167149	-27.834486	0.455216	-1.302989	-28.202133	-0.109746	-1.136941	-28.196699	-0.025461	-1.227455	-27.855216	-0.078026	-1.277199	-27.865268	-0.037400	-1.300498
2106	29.245700	00:00:29:18	-28.006776	1.739027	-1.229284	-27.935499	1.592751	-1.133059	-28.053539	1.595528	-1.106770	-28.042908	1.626155	-1.268560	-28.024458	1.571646	-1.261137	-28.184984	1.597152	-1.214858	-27.912160	1.616562	-1.330686	-27.935616	1.325432	-1.220893	-28.001223	0.744797	-1.709310	-27.716392	1.108093	-1.192704	-28.077125	-0.056186	-2.066174	-27.672157	1.066973	-1.245294	-28.081253	-0.041318	-2.044636	-27.688065	1.074698	-1.218162	-28.092691	-0.066194	-2.036924	-28.192893	1.009146	-1.181784	-28.153087	1.039440	-1.219362	-27.853498	0.982586	-1.300939	-27.885455	1.034711	-1.334761	-28.206263	0.492849	-1.198498	-27.817984	0.461521	-1.305606	-28.194720	-0.069975	-1.161298	-28.190426	-0.035750	-1.176026	-27.857901	-0.085913	-1.250687	-27.858738	-0.056928	-1.301439
2107	29.259594	00:00:29:19	-28.023004	1.720575	-1.204978	-27.962504	1.596021	-1.179694	-28.065645	1.614307	-1.110387	-28.047849	1.618538	-1.282982	-28.000734	1.580103	-1.249662	-28.173605	1.621230	-1.204413	-27.916664	1.595091	-1.312163	-27.921307	1.318784	-1.199045	-27.989108	0.782114	-1.723136	-27.682939	1.076758	-1.242696	-28.091140	-0.038981	-2.053818	-27.730694	1.076865	-1.213973	-28.066347	-0.041489	-2.054411	-27.705801	1.086061	-1.269508	-28.102393	-0.039240	-2.058874	-28.188993	0.986160	-1.180210	-28.193645	1.015254	-1.224688	-27.862559	0.969608	-1.308053	-27.843831	1.037840	-1.337472	-28.191336	0.465643	-1.149997	-27.847884	0.447116	-1.344361	-28.183192	-0.090883	-1.132076	-28.234013	-0.018665	-1.180508	-27.851315	-0.039266	-1.300923	-27.848629	-0.019354	-1.278201
2108	29.273487	00:00:29:20	-27.998483	1.715488	-1.247356	-27.919815	1.602870	-1.163102	-28.041980	1.635423	-1.070820	-28.041170	1.593180	-1.254203	-28.054560	1.569978	-1.272374	-28.179417	1.602606	-1.215916	-27.881809	1.604409	-1.298276	-27.954359	1.308236	-1.229689	-27.982658	0.780192	-1.672752	-27.711593	1.077269	-1.213872	-28.097036	-0.030559	-2.060925	-27.686515	1.075383	-1.192692	-28.135223	-0.036393	-2.096042	-27.691068	1.064448	-1.218502	-28.074583	-0.024791	-2.038567	-28.176259	0.972560	-1.185443	-28.193949	1.041168	-1.245893	-27.871262	1.006360	-1.305352	-27.868994	1.033682	-1.358749	-28.206829	0.452452	-1.169056	-27.866206	0.484998	-1.304062	-28.150676	-0.059167	-1.182342	-28.196344	-0.067172	-1.188427	-27.865915	-0.079090	-1.276509	-27.900249	-0.029701	-1.326861
2109	29.287381	00:00:29:21	-28.024410	1.704203	-1.195281	-27.962346	1.595353	-1.161671	-28.045169	1.630983	-1.121171	-28.036306	1.593802	-1.280396	-28.028071	1.552177	-1.233277	-28.171955	1.599063	-1.197921	-27.886584	1.599378	-1.329229	-27.897740	1.319903	-1.238149	-27.989443	0.771993	-1.677655	-27.685970	1.088688	-1.202861	-28.101773	-0.058597	-2.074735	-27.696822	1.110069	-1.206227	-28.087693	-0.061591	-2.055946	-27.725340	1.098545	-1.224274	-28.087367	-0.049505	-2.049970	-28.192735	0.987825	-1.172717	-28.210431	1.051375	-1.238761	-27.839102	0.973580	-1.317954	-27.838506	1.042552	-1.307200	-28.178411	0.481806	-1.205486	-27.868094	0.465904	-1.292627	-28.179894	-0.058390	-1.161578	-28.198414	-0.061648	-1.217451	-27.883635	-0.058181	-1.246992	-27.858998	-0.028952	-1.329140
2110	29.301274	00:00:29:22	-28.025140	1.723104	-1.188706	-27.899682	1.602731	-1.145688	-28.042956	1.600711	-1.138268	-28.016020	1.588090	-1.272274	-28.004742	1.594289	-1.237785	-28.141774	1.640825	-1.225166	-27.905682	1.611876	-1.316577	-27.919384	1.319947	-1.227353	-27.991093	0.772801	-1.649056	-27.714937	1.081814	-1.242890	-28.070516	-0.035399	-2.062142	-27.700775	1.097154	-1.216348	-28.110333	-0.051546	-2.091091	-27.703423	1.064948	-1.238165	-28.084465	-0.070351	-2.073513	-28.195542	1.000696	-1.180064	-28.222131	1.036024	-1.253384	-27.827630	1.015611	-1.311568	-27.889474	1.046800	-1.289599	-28.175007	0.505873	-1.172701	-27.850534	0.478432	-1.313109	-28.159287	-0.093272	-1.194262	-28.194996	-0.030378	-1.211021	-27.888907	-0.115944	-1.303399	-27.880808	-0.002504	-1.287832
2111	29.315168	00:00:29:23	-27.985105	1.696145	-1.211935	-27.936515	1.651885	-1.153690	-28.035793	1.590133	-1.100816	-28.000006	1.569496	-1.258705	-28.026050	1.620965	-1.236747	-28.185024	1.597021	-1.231698	-27.906189	1.626080	-1.315094	-27.933910	1.347361	-1.204393	-27.992178	0.783880	-1.682094	-27.702438	1.059525	-1.195886	-28.070417	-0.060332	-2.087244	-27.713439	1.074470	-1.234917	-28.079502	-0.048555	-2.075630	-27.683371	1.080057	-1.208831	-28.053694	-0.052577	-2.078239	-28.169948	0.988529	-1.168986	-28.206427	1.034438	-1.213416	-27.851194	0.961212	-1.311855	-27.899705	1.024108	-1.325981	-28.165948	0.486448	-1.175166	-27.847641	0.486855	-1.310555	-28.179561	-0.056268	-1.144641	-28.209409	0.009327	-1.178982	-27.856335	-0.055204	-1.263316	-27.890842	-0.042831	-1.338170
2112	29.329061	00:00:29:24	-28.020770	1.716317	-1.216147	-27.887535	1.612209	-1.124193	-28.062133	1.616104	-1.137006	-27.997654	1.591546	-1.252104	-28.040164	1.582884	-1.267068	-28.175459	1.594908	-1.225535	-27.879728	1.598857	-1.313606	-27.933287	1.349676	-1.226547	-28.006377	0.770709	-1.659623	-27.680656	1.054101	-1.216199	-28.095142	-0.055201	-2.065142	-27.689713	1.088098	-1.203492	-28.106811	-0.023256	-2.076764	-27.688562	1.049114	-1.245410	-28.089649	-0.047891	-2.045543	-28.170202	0.979565	-1.169691	-28.203099	1.038633	-1.216645	-27.871027	0.977666	-1.310066	-27.871918	1.054780	-1.307903	-28.177519	0.508765	-1.188733	-27.857546	0.503632	-1.280454	-28.172545	-0.068513	-1.170537	-28.164240	-0.009833	-1.230825	-27.826476	-0.075591	-1.265550	-27.864570	-0.042525	-1.295606
2113	29.342955	00:00:29:25	-28.039200	1.705333	-1.206402	-27.941582	1.627888	-1.164372	-28.053516	1.564577	-1.109547	-28.049304	1.598314	-1.280049	-28.039104	1.557493	-1.255699	-28.219487	1.593677	-1.231887	-27.889403	1.626668	-1.297614	-27.951791	1.338411	-1.223691	-27.977917	0.795672	-1.675921	-27.678945	1.087792	-1.208878	-28.091035	-0.037881	-2.064725	-27.680775	1.092763	-1.227063	-28.072728	-0.029238	-2.050550	-27.699065	1.047054	-1.207689	-28.086545	-0.060360	-2.086206	-28.181750	0.989496	-1.172552	-28.182076	1.042082	-1.218757	-27.837638	0.998655	-1.332749	-27.827057	1.022773	-1.328205	-28.213704	0.507166	-1.207148	-27.866774	0.448904	-1.320540	-28.173956	-0.077866	-1.131506	-28.212053	-0.031446	-1.225347	-27.851520	-0.061216	-1.302441	-27.871643	-0.061127	-1.280959
2114	29.356848	00:00:29:26	-28.010428	1.717242	-1.211518	-27.922042	1.570236	-1.165168	-28.062249	1.625027	-1.115780	-28.060895	1.645728	-1.306545	-28.047301	1.580102	-1.241804	-28.145998	1.607651	-1.217866	-27.878960	1.605305	-1.327361	-27.939972	1.356179	-1.245766	-27.985381	0.818828	-1.685024	-27.702049	1.089973	-1.240572	-28.123229	-0.057202	-2.087076	-27.683451	1.076797	-1.207124	-28.093244	-0.051691	-2.069300	-27.688604	1.084840	-1.205707	-28.093782	-0.032025	-2.063259	-28.203446	0.990435	-1.175199	-28.180651	1.057263	-1.206468	-27.844015	0.974835	-1.326121	-27.862080	0.997169	-1.347903	-28.192084	0.477255	-1.185191	-27.822149	0.467516	-1.305868	-28.181558	-0.093088	-1.165107	-28.207713	-0.016306	-1.226229	-27.858337	-0.102577	-1.296246	-27.887397	-0.019065	-1.344755
2115	29.370741	00:00:29:27	-28.014486	1.730088	-1.200096	-27.919217	1.609104	-1.175890	-28.033297	1.617171	-1.090142	-28.024829	1.600663	-1.283952	-28.058526	1.561556	-1.245807	-28.165678	1.614139	-1.211735	-27.883431	1.615513	-1.314128	-27.915712	1.310927	-1.241219	-28.003067	0.762306	-1.664763	-27.692264	1.061383	-1.243080	-28.098213	-0.049618	-2.065521	-27.701162	1.096826	-1.195215	-28.083827	-0.088649	-2.063427	-27.695934	1.075159	-1.244637	-28.079635	-0.013432	-2.035304	-28.175132	0.983368	-1.203873	-28.204653	1.023033	-1.206043	-27.854777	0.998991	-1.302889	-27.894696	1.023360	-1.335586	-28.176891	0.464173	-1.213176	-27.863828	0.468360	-1.337263	-28.189128	-0.107243	-1.191339	-28.183462	-0.030379	-1.175386	-27.886532	-0.063819	-1.288566	-27.882965	-0.039047	-1.336316
2116	29.384635	00:00:29:28	-27.992743	1.712909	-1.194273	-27.934715	1.603418	-1.177274	-28.047450	1.620383	-1.117975	-28.031601	1.593555	-1.245869	-28.022001	1.592115	-1.247212	-28.192282	1.602408	-1.231430	-27.909265	1.585255	-1.348234	-27.954467	1.322119	-1.212592	-27.974577	0.781680	-1.676407	-27.681965	1.064912	-1.213239	-28.099446	-0.070119	-2.055308	-27.682485	1.107704	-1.242227	-28.114812	-0.038711	-2.048736	-27.668611	1.070108	-1.213977	-28.114008	-0.038788	-2.045520	-28.207423	0.998724	-1.175650	-28.193830	1.064003	-1.224869	-27.865964	0.977138	-1.287408	-27.869784	1.022034	-1.352924	-28.182781	0.469665	-1.170933	-27.878272	0.475472	-1.304230	-28.193718	-0.033535	-1.168450	-28.203106	-0.028298	-1.216903	-27.861820	-0.098256	-1.270416	-27.854048	-0.012770	-1.330880
2117	29.398528	00:00:29:29	-28.003686	1.715378	-1.197245	-27.927845	1.614032	-1.189570	-28.035576	1.628244	-1.110988	-28.046833	1.615610	-1.280747	-28.004454	1.590416	-1.234201	-28.174019	1.620339	-1.231738	-27.887232	1.590807	-1.331670	-27.928665	1.310264	-1.200935	-28.008009	0.807692	-1.703314	-27.683114	1.080809	-1.238046	-28.097879	-0.004988	-2.050251	-27.723573	1.085200	-1.180116	-28.071634	-0.055766	-2.048036	-27.720301	1.063960	-1.220258	-28.094653	-0.046531	-2.070629	-28.168284	0.959457	-1.191544	-28.200737	1.038404	-1.230064	-27.853313	0.986527	-1.286617	-27.900410	1.047529	-1.344009	-28.175710	0.484367	-1.167609	-27.871999	0.489112	-1.309383	-28.184854	-0.084367	-1.152497	-28.155936	-0.029542	-1.219167	-27.822373	-0.088433	-1.287159	-27.881199	-0.020961	-1.274884
2118	29.412422	00:00:29:30	-28.010843	1.696637	-1.213508	-27.938208	1.586684	-1.155378	-28.051783	1.598510	-1.146844	-28.004598	1.627913	-1.261892	-28.040890	1.555334	-1.241218	-28.168168	1.591681	-1.229465	-27.867513	1.608554	-1.324247	-27.929920	1.333065	-1.235645	-28.010075	0.756022	-1.672752	-27.689416	1.070238	-1.194961	-28.120434	-0.062148	-2.065541	-27.684990	1.076824	-1.204735	-28.070284	-0.030330	-2.066594	-27.703158	1.062316	-1.199433	-28.113002	-0.026080	-2.072199	-28.180083	0.992314	-1.220727	-28.215636	1.053288	-1.216399	-27.865380	0.989325	-1.284274	-27.854001	1.026246	-1.327393	-28.175592	0.448423	-1.211173	-27.843875	0.465028	-1.309012	-28.220571	-0.105611	-1.181025	-28.202012	0.007159	-1.203102	-27.839103	-0.105558	-1.274535	-27.841357	-0.006805	-1.303186
2119	29.426315	00:00:29:31	-28.016234	1.700840	-1.210937	-27.922517	1.589327	-1.143779	-28.082272	1.603405	-1.121209	-28.036903	1.655869	-1.272588	-28.036913	1.525647	-1.236123	-28.171455	1.608214	-1.204497	-27.887896	1.608609	-1.287068	-27.918885	1.352179	-1.225886	-28.018650	0.804901	-1.687926	-27.724541	1.062541	-1.212979	-28.100481	-0.055011	-2.071949	-27.718977	1.044588	-1.212270	-28.105354	-0.075150	-2.055774	-27.690371	1.092734	-1.213743	-28.097834	-0.035763	-2.091362	-28.211823	0.998214	-1.165443	-28.195709	1.001047	-1.183842	-27.845337	0.988780	-1.275543	-27.865649	1.059644	-1.338172	-28.214868	0.507757	-1.210220	-27.864978	0.452873	-1.286127	-28.219688	-0.056783	-1.166264	-28.225945	-0.032504	-1.188735	-27.842916	-0.098825	-1.247230	-27.874431	-0.034455	-1.329064
2120	29.440209	00:00:29:32	-28.045102	1.677914	-1.201235	-27.937478	1.597765	-1.138054	-28.046045	1.605283	-1.106956	-28.021220	1.560394	-1.250722	-28.024281	1.577211	-1.239276	-28.150892	1.599952	-1.180334	-27.862225	1.578883	-1.322752	-27.919402	1.319147	-1.230609	-27.977249	0.768511	-1.722516	-27.684620	1.056937	-1.211691	-28.074664	-0.082268	-2.077136	-27.697827	1.090738	-1.212198	-28.057994	-0.050683	-2.051384	-27.665513	1.055470	-1.185902	-28.056207	-0.061603	-2.072650	-28.217257	0.983539	-1.173171	-28.167198	1.038066	-1.234936	-27.874954	0.986109	-1.289177	-27.862344	1.058317	-1.299361	-28.218643	0.502186	-1.211697	-27.856744	0.505449	-1.325452	-28.201381	-0.074748	-1.178432	-28.190745	0.000540	-1.161141	-27.892460	-0.061401	-1.292451	-27.872823	-0.081855	-1.326703
2121	29.454102	00:00:29:33	-28.034326	1.746106	-1.211564	-27.952835	1.624561	-1.141847	-28.050845	1.599811	-1.107470	-28.027399	1.589259	-1.260553	-28.025045	1.568780	-1.261521	-28.195586	1.629555	-1.208442	-27.899247	1.591133	-1.319696	-27.942811	1.366576	-1.228212	-27.975906	0.759053	-1.677093	-27.706006	1.047426	-1.203181	-28.093713	-0.029140	-2.060787	-27.736842	1.087151	-1.222358	-28.090605	-0.035415	-2.067822	-27.701373	1.093422	-1.239128	-28.087606	-0.035298	-2.072738	-28.247621	0.962379	-1.152107	-28.178132	1.044248	-1.233094	-27.836724	0.967522	-1.305679	-27.860192	1.045325	-1.326951	-28.172892	0.458779	-1.207058	-27.889740	0.465747	-1.279679	-28.195110	-0.088852	-1.135348	-28.170517	-0.062404	-1.196569	-27.852066	-0.078166	-1.284811	-27.897094	-0.008966	-1.347151
2122	29.467996	00:00:29:34	-28.024544	1.732276	-1.195427	-27.970243	1.589880	-1.168596	-28.010716	1.607851	-1.126160	-28.023550	1.576794	-1.289154	-28.040369	1.594186	-1.207576	-28.184938	1.617404	-1.240901	-27.914492	1.630047	-1.338298	-27.927360	1.344727	-1.222325	-28.007968	0.838987	-1.724478	-27.730297	1.077234	-1.210830	-28.126142	-0.043664	-2.082251	-27.669683	1.078153	-1.207055	-28.117237	-0.026440	-2.055170	-27.691239	1.077301	-1.225077	-28.088064	-0.079083	-2.079544	-28.192928	0.991727	-1.173568	-28.190942	1.027452	-1.230542	-27.832543	0.970220	-1.275429	-27.841876	1.051809	-1.329107	-28.196676	0.451757	-1.210212	-27.845162	0.507017	-1.332936	-28.172330	-0.079980	-1.161055	-28.184726	-0.032842	-1.184921	-27.871250	-0.052733	-1.294268	-27.871797	-0.019500	-1.293009
2123	29.481889	00:00:29:35	-27.987558	1.734268	-1.197183	-27.953268	1.584758	-1.160515	-28.051851	1.607969	-1.145732	-28.038038	1.602717	-1.274767	-28.042583	1.590717	-1.244997	-28.178967	1.582163	-1.210174	-27.874769	1.591991	-1.314671	-27.938065	1.351421	-1.245100	-28.008249	0.785570	-1.692322	-27.691265	1.052498	-1.220043	-28.076525	-0.073023	-2.056993	-27.686741	1.084581	-1.198565	-28.094872	-0.044624	-2.052514	-27.703417	1.104446	-1.227788	-28.107524	-0.044891	-2.066468	-28.205602	1.013326	-1.196622	-28.209486	1.014587	-1.205173	-27.866242	0.991580	-1.274657	-27.883950	1.054981	-1.298327	-28.213685	0.445821	-1.181033	-27.823527	0.468581	-1.333219	-28.178341	-0.100077	-1.175473	-28.207700	-0.024172	-1.188169	-27.855188	-0.074638	-1.246059	-27.891654	-0.039597	-1.281314
2124	29.495782	00:00:29:36	-27.988914	1.714962	-1.195876	-27.906498	1.612578	-1.168447	-28.016844	1.578262	-1.075274	-28.034786	1.597691	-1.284641	-28.019802	1.594727	-1.260954	-28.167771	1.643610	-1.225954	-27.907068	1.638864	-1.355097	-27.915383	1.339066	-1.263229	-27.985955	0.763651	-1.708843	-27.673920	1.081308	-1.249244	-28.106941	-0.077374	-2.039971	-27.721546	1.084138	-1.207457	-28.077540	-0.036634	-2.041064	-27.733230	1.050341	-1.216839	-28.123835	-0.061254	-2.052502	-28.188130	0.947046	-1.178908	-28.240933	1.021364	-1.189987	-27.853640	1.004948	-1.295958	-27.872483	1.037696	-1.314692	-28.244905	0.494850	-1.205507	-27.855816	0.496000	-1.309658	-28.190166	-0.063436	-1.137531	-28.199624	-0.026069	-1.209341	-27.895032	-0.084281	-1.304357	-27.864022	-0.030784	-1.309015
2125	29.509676	00:00:29:37	-28.045555	1.720038	-1.207529	-27.934277	1.612855	-1.175975	-28.034326	1.577440	-1.128242	-28.040698	1.594708	-1.253913	-28.003206	1.580229	-1.236204	-28.185126	1.648555	-1.209576	-27.902907	1.574126	-1.308792	-27.939589	1.353581	-1.223777	-27.986150	0.765603	-1.689132	-27.679154	1.049563	-1.214128	-28.113439	-0.040610	-2.067117	-27.706218	1.097930	-1.220622	-28.097372	-0.026215	-2.061300	-27.700677	1.103383	-1.227408	-28.096163	-0.065558	-2.063515	-28.192554	0.949729	-1.178475	-28.226488	1.023349	-1.210650	-27.838669	0.978327	-1.286727	-27.857960	1.030960	-1.308888	-28.241436	0.481889	-1.190825	-27.841655	0.507017	-1.304650	-28.164662	-0.089007	-1.154676	-28.210611	-0.062206	-1.196123	-27.863346	-0.104234	-1.282227	-27.843764	0.011752	-1.340890
2126	29.523569	00:00:29:38	-28.069044	1.746784	-1.207184	-27.915164	1.580284	-1.149495	-28.026103	1.598248	-1.134508	-28.032947	1.626591	-1.292064	-27.998212	1.572888	-1.252531	-28.163822	1.603538	-1.218487	-27.890128	1.590598	-1.307368	-27.950505	1.351284	-1.230689	-27.992183	0.775091	-1.702166	-27.707271	1.057164	-1.200225	-28.105217	-0.010798	-2.059367	-27.675691	1.074550	-1.208885	-28.060231	-0.038036	-2.069854	-27.701758	1.062474	-1.223499	-28.083866	-0.034942	-2.041954	-28.223764	1.036387	-1.171880	-28.202312	1.014444	-1.231667	-27.864878	0.991325	-1.317183	-27.832852	1.035251	-1.322041	-28.189613	0.465513	-1.210033	-27.853801	0.477713	-1.316970	-28.181179	-0.069533	-1.172854	-28.221798	-0.054304	-1.172817	-27.861517	-0.081790	-1.281188	-27.865165	-0.011742	-1.326475
2127	29.537463	00:00:29:39	-28.004028	1.699286	-1.217431	-27.913955	1.609945	-1.152249	-28.041414	1.595530	-1.113759	-28.042266	1.597113	-1.289567	-28.032704	1.559607	-1.268215	-28.188452	1.596260	-1.237061	-27.946452	1.606249	-1.321961	-27.921794	1.344964	-1.218416	-27.983914	0.766196	-1.694281	-27.722271	1.063318	-1.207895	-28.107312	-0.024316	-2.025848	-27.656709	1.070764	-1.204891	-28.120900	-0.052689	-2.060273	-27.724553	1.040588	-1.206485	-28.122240	-0.077405	-2.070692	-28.150838	0.984697	-1.193496	-28.234234	1.028999	-1.206959	-27.838560	1.012864	-1.307325	-27.872025	1.000964	-1.299295	-28.194338	0.522427	-1.223758	-27.852529	0.480181	-1.297325	-28.185836	-0.052363	-1.191146	-28.174720	-0.047477	-1.205107	-27.859649	-0.070493	-1.295378	-27.876692	-0.038722	-1.291348
2128	29.551356	00:00:29:40	-28.039150	1.718975	-1.225183	-27.945288	1.609229	-1.151176	-28.041832	1.632865	-1.118453	-28.026402	1.593707	-1.262791	-28.035263	1.607823	-1.249182	-28.151021	1.592172	-1.204720	-27.918653	1.596115	-1.346605	-27.947796	1.346177	-1.237528	-27.990978	0.763950	-1.666336	-27.671294	1.077326	-1.216208	-28.093881	-0.042421	-2.060358	-27.678836	1.087401	-1.215058	-28.073151	-0.029549	-2.071510	-27.693305	1.074286	-1.211544	-28.102781	-0.053070	-2.050790	-28.188966	1.009737	-1.169275	-28.212014	1.072021	-1.239012	-27.844496	0.982751	-1.302339	-27.866379	1.028333	-1.339637	-28.178819	0.494690	-1.184271	-27.864832	0.469813	-1.279291	-28.172387	-0.080448	-1.170529	-28.235803	-0.031422	-1.191439	-27.857961	-0.059607	-1.287968	-27.833420	-0.033716	-1.307258
2129	29.565250	00:00:29:41	-27.999953	1.729618	-1.242631	-27.914069	1.631407	-1.157750	-28.071746	1.637030	-1.135533	-28.033137	1.611038	-1.280020	-28.032641	1.578172	-1.214308	-28.172022	1.601201	-1.215258	-27.910716	1.626018	-1.327016	-27.923185	1.322994	-1.187603	-28.006291	0.779537	-1.674999	-27.721546	1.102065	-1.191094	-28.073860	-0.050716	-2.077455	-27.709518	1.086199	-1.241790	-28.070805	-0.020258	-2.030582	-27.689469	1.066803	-1.228778	-28.114871	-0.058493	-2.032822	-28.215782	0.971066	-1.189200	-28.187576	1.066068	-1.237615	-27.866108	0.987246	-1.302462	-27.872420	1.031671	-1.324063	-28.200396	0.474925	-1.214762	-27.856281	0.484051	-1.315299	-28.196570	-0.068089	-1.182656	-28.188579	-0.045617	-1.213264	-27.868597	-0.078923	-1.258552	-27.827379	-0.019970	-1.270404
2130	29.579143	00:00:29:42	-27.996402	1.719608	-1.235514	-27.947181	1.614545	-1.176598	-28.055915	1.621195	-1.100969	-28.026565	1.631177	-1.246602	-28.024586	1.550415	-1.231836	-28.174273	1.579285	-1.214105	-27.890577	1.626230	-1.317103	-27.945690	1.358849	-1.237277	-27.944957	0.753601	-1.645494	-27.701238	1.054416	-1.201926	-28.113206	-0.047231	-2.031625	-27.713589	1.070024	-1.227661	-28.098121	-0.026791	-2.026769	-27.709045	1.059799	-1.219678	-28.077115	-0.025548	-2.067302	-28.182168	0.959038	-1.180941	-28.203704	1.017958	-1.230578	-27.849458	0.970295	-1.284807	-27.836119	1.012093	-1.319348	-28.167747	0.489619	-1.218986	-27.867641	0.489259	-1.331485	-28.154597	-0.076746	-1.163880	-28.207424	-0.059729	-1.195093	-27.849317	-0.114673	-1.288324	-27.866259	-0.039464	-1.300849
2131	29.593037	00:00:29:43	-28.024730	1.732338	-1.230799	-27.872915	1.590499	-1.145605	-28.051205	1.624527	-1.113562	-28.043932	1.599607	-1.283757	-28.034985	1.568334	-1.230863	-28.199393	1.604981	-1.202382	-27.883145	1.614278	-1.323942	-27.924083	1.359457	-1.215262	-28.002313	0.753190	-1.715839	-27.711341	1.054012	-1.199599	-28.087224	-0.051602	-2.068311	-27.703827	1.079185	-1.212124	-28.099132	-0.033820	-2.071980	-27.694594	1.051439	-1.204580	-28.092349	-0.052951	-2.059355	-28.214144	1.013642	-1.197260	-28.213909	1.034616	-1.211621	-27.840513	0.990424	-1.287465	-27.846215	1.003858	-1.338360	-28.201787	0.492534	-1.187881	-27.874252	0.481738	-1.261932	-28.203774	-0.093386	-1.149011	-28.231492	-0.012493	-1.176914	-27.872028	-0.061150	-1.269663	-27.893106	-0.029649	-1.307182
2132	29.606930	00:00:29:44	-27.966264	1.690396	-1.200548	-27.958594	1.604895	-1.182174	-28.044487	1.598073	-1.135394	-28.028329	1.614804	-1.257042	-28.061671	1.605066	-1.245936	-28.172117	1.607126	-1.207495	-27.913590	1.596575	-1.295763	-27.942875	1.348772	-1.235179	-28.002607	0.764223	-1.695745	-27.694512	1.067312	-1.213388	-28.112410	-0.022138	-2.064045	-27.711815	1.071913	-1.206551	-28.088247	-0.012780	-2.087443	-27.685233	1.061524	-1.229503	-28.091528	-0.010864	-2.066759	-28.201689	0.991168	-1.173300	-28.215504	1.018674	-1.209425	-27.837486	0.999456	-1.312501	-27.871834	1.022494	-1.337529	-28.208538	0.470503	-1.182176	-27.892356	0.473058	-1.323140	-28.163513	-0.078356	-1.156896	-28.173339	-0.052324	-1.206030	-27.902235	-0.065785	-1.264873	-27.844162	-0.049492	-1.319046
2133	29.620823	00:00:29:45	-28.030072	1.708278	-1.196945	-27.952579	1.591586	-1.160907	-28.041219	1.618946	-1.106401	-28.011722	1.585392	-1.272922	-28.017413	1.538828	-1.233988	-28.175620	1.648247	-1.178606	-27.877852	1.619784	-1.301308	-27.914002	1.357000	-1.227219	-27.986604	0.801282	-1.710541	-27.712004	1.074748	-1.231205	-28.050912	-0.040816	-2.058696	-27.719213	1.070425	-1.216203	-28.088275	-0.041297	-2.070784	-27.692474	1.086790	-1.237130	-28.110667	-0.041738	-2.074938	-28.208889	0.994458	-1.193021	-28.194215	1.063282	-1.217218	-27.865183	1.002170	-1.314016	-27.862107	1.058623	-1.378318	-28.218249	0.478203	-1.197149	-27.831437	0.492914	-1.278375	-28.203895	-0.116189	-1.163770	-28.200875	-0.032876	-1.188322	-27.840509	-0.080494	-1.286670	-27.870473	-0.046896	-1.321819
2134	29.634717	00:00:29:46	-28.021451	1.706613	-1.243347	-27.960713	1.583741	-1.136348	-28.072079	1.601677	-1.125645	-28.043942	1.603583	-1.261898	-28.024153	1.575185	-1.253442	-28.155965	1.598337	-1.235188	-27.885676	1.628190	-1.294329	-27.958128	1.316504	-1.244598	-28.000838	0.760808	-1.687995	-27.705405	1.092224	-1.221099	-28.096628	-0.081341	-2.092397	-27.677564	1.069843	-1.221162	-28.062668	-0.064467	-2.075942	-27.704671	1.052045	-1.237274	-28.086913	-0.019799	-2.038360	-28.201150	0.959842	-1.189785	-28.234753	1.066787	-1.208670	-27.857772	1.002850	-1.313475	-27.862486	1.042486	-1.370780	-28.188727	0.465815	-1.166716	-27.857557	0.465710	-1.301834	-28.197427	-0.080547	-1.142328	-28.196711	-0.034193	-1.176623	-27.842793	-0.059403	-1.281439	-27.854574	-0.047549	-1.328990
2135	29.648610	00:00:29:47	-28.020425	1.696238	-1.191351	-27.932373	1.606695	-1.170790	-28.045111	1.650872	-1.116639	-27.986002	1.616691	-1.273307	-28.036892	1.549950	-1.239329	-28.144738	1.571928	-1.216247	-27.883857	1.600377	-1.323529	-27.916177	1.307039	-1.208134	-28.003638	0.784358	-1.697408	-27.703895	1.072078	-1.217088	-28.120890	-0.039092	-2.046657	-27.708489	1.064127	-1.216474	-28.084279	-0.026873	-2.097459	-27.704472	1.081959	-1.184581	-28.076298	-0.053583	-2.039378	-28.212993	1.020217	-1.182131	-28.209592	1.048176	-1.171540	-27.857336	1.003325	-1.292074	-27.831113	1.018005	-1.312031	-28.206041	0.483240	-1.202717	-27.849676	0.463459	-1.273706	-28.160289	-0.102306	-1.154909	-28.212531	-0.059362	-1.197706	-27.844139	-0.053357	-1.280451	-27.840000	-0.034049	-1.324906
2136	29.662504	00:00:29:48	-28.026490	1.734387	-1.189650	-27.917262	1.637856	-1.162683	-28.047884	1.553181	-1.131803	-28.032869	1.616192	-1.291864	-28.022764	1.585497	-1.240766	-28.174860	1.568097	-1.211516	-27.906520	1.624015	-1.338015	-27.945590	1.317870	-1.212545	-27.978383	0.759628	-1.707360	-27.688124	1.102651	-1.209105	-28.138946	-0.050374	-2.037982	-27.676342	1.069493	-1.214830	-28.094453	-0.061705	-2.074394	-27.708773	1.071320	-1.192875	-28.085567	-0.051703	-2.058572	-28.200262	0.987514	-1.191029	-28.189618	1.011176	-1.224504	-27.836075	0.977897	-1.306699	-27.853687	1.056128	-1.350309	-28.175096	0.494374	-1.201851	-27.835707	0.488219	-1.292568	-28.199054	-0.060897	-1.177933	-28.204973	-0.015596	-1.215404	-27.882346	-0.062660	-1.282877	-27.850759	-0.029550	-1.330649
2137	29.676397	00:00:29:49	-28.020975	1.683237	-1.216533	-27.950706	1.629438	-1.145103	-28.017261	1.607144	-1.135816	-28.025940	1.627774	-1.253166	-28.014041	1.560794	-1.261987	-28.191318	1.606027	-1.223756	-27.918837	1.554210	-1.337840	-27.928800	1.346072	-1.233830	-27.998564	0.769090	-1.708799	-27.681823	1.062429	-1.198016	-28.108193	-0.033695	-2.042381	-27.718463	1.074158	-1.216508	-28.114049	-0.042516	-2.049819	-27.682371	1.062373	-1.239904	-28.116949	-0.077951	-2.073416	-28.179656	0.995124	-1.168094	-28.195609	1.020516	-1.221579	-27.861566	0.996496	-1.306354	-27.865980	1.041868	-1.323037	-28.190874	0.447398	-1.186937	-27.862322	0.456840	-1.304546	-28.193824	-0.085336	-1.161335	-28.200379	-0.024142	-1.207736	-27.841192	-0.108165	-1.291375	-27.867766	-0.016122	-1.312568
2138	29.690291	00:00:29:50	-27.989202	1.740012	-1.200567	-27.931245	1.614520	-1.144966	-28.075608	1.582462	-1.095189	-28.013601	1.585241	-1.274788	-28.010369	1.574670	-1.225083	-28.117488	1.604080	-1.228440	-27.870267	1.579921	-1.339345	-27.960137	1.350281	-1.208211	-28.003200	0.757804	-1.673299	-27.698926	1.071521	-1.201146	-28.080605	-0.075162	-2.060079	-27.721396	1.050271	-1.202407	-28.068173	-0.038382	-2.058406	-27.702477	1.078307	-1.172073	-28.115018	-0.046897	-2.083243	-28.191061	0.987163	-1.179670	-28.206425	1.066116	-1.229244	-27.853367	0.977604	-1.285052	-27.875796	1.026259	-1.353031	-28.205699	0.463103	-1.218221	-27.842619	0.487185	-1.301183	-28.199579	-0.094274	-1.157576	-28.237135	-0.033345	-1.217722	-27.881233	-0.091799	-1.257033	-27.855632	-0.030087	-1.340847
2139	29.704184	00:00:29:51	-28.051404	1.704529	-1.198557	-27.927161	1.598095	-1.130703	-28.064949	1.616509	-1.114196	-28.016607	1.602697	-1.288731	-28.034497	1.570608	-1.229721	-28.176286	1.585023	-1.217036	-27.879284	1.611983	-1.319639	-27.962799	1.345862	-1.197900	-27.952754	0.762422	-1.673450	-27.691470	1.074353	-1.202307	-28.073423	-0.074417	-2.069971	-27.687724	1.094949	-1.188527	-28.091750	-0.052252	-2.054296	-27.705505	1.047402	-1.212022	-28.106273	-0.047358	-2.007353	-28.198215	0.966397	-1.172997	-28.201280	1.024350	-1.257868	-27.872593	0.990207	-1.274897	-27.865222	1.032255	-1.313400	-28.225360	0.479163	-1.186931	-27.862953	0.475255	-1.298191	-28.199394	-0.073219	-1.184398	-28.183590	-0.041531	-1.206059	-27.866979	-0.057780	-1.299637	-27.839399	-0.025208	-1.319071
2140	29.718078	00:00:29:52	-28.009431	1.701482	-1.236406	-27.915664	1.619657	-1.188283	-28.066794	1.617497	-1.149268	-28.039210	1.618107	-1.259773	-28.019548	1.536482	-1.239034	-28.200173	1.605196	-1.224042	-27.904582	1.581791	-1.321958	-27.942518	1.346790	-1.226915	-28.022527	0.783169	-1.658669	-27.701785	1.066165	-1.206709	-28.094857	-0.018271	-2.079068	-27.692676	1.065963	-1.201518	-28.056500	-0.031258	-2.072778	-27.712987	1.084894	-1.223315	-28.069659	-0.031975	-2.060488	-28.174316	0.996133	-1.190642	-28.176112	1.045168	-1.247426	-27.832951	0.962705	-1.298113	-27.869383	0.992871	-1.332529	-28.207998	0.483355	-1.184070	-27.871847	0.500524	-1.287814	-28.194188	-0.096173	-1.210003	-28.190837	-0.053396	-1.146711	-27.897251	-0.084526	-1.280343	-27.841410	-0.050450	-1.308356
2141	29.731971	00:00:29:53	-28.023224	1.733408	-1.215106	-27.945371	1.641676	-1.193705	-28.051296	1.606680	-1.146306	-28.036876	1.599717	-1.271219	-28.013300	1.566416	-1.244539	-28.173940	1.609295	-1.239702	-27.918583	1.628480	-1.343677	-27.931222	1.380150	-1.190820	-27.980873	0.794416	-1.712820	-27.687152	1.084104	-1.208053	-28.095347	-0.054077	-2.042084	-27.710696	1.096394	-1.233213	-28.070219	-0.050211	-2.078459	-27.668076	1.078572	-1.204683	-28.102434	-0.054002	-2.075510	-28.180929	1.011759	-1.181663	-28.179685	1.031911	-1.243227	-27.833135	0.990776	-1.261887	-27.847313	1.041817	-1.328279	-28.235707	0.469233	-1.186668	-27.840800	0.449162	-1.314809	-28.174825	-0.110964	-1.187847	-28.199958	-0.008831	-1.170710	-27.874652	-0.075712	-1.289188	-27.880517	-0.015235	-1.294917
2142	29.745864	00:00:29:54	-28.013592	1.700218	-1.200280	-27.931390	1.625374	-1.198648	-28.025671	1.575692	-1.110121	-28.066389	1.583626	-1.251543	-28.058448	1.552643	-1.285090	-28.167148	1.617755	-1.221692	-27.899404	1.599940	-1.336674	-27.917288	1.346783	-1.219893	-27.994177	0.774864	-1.687021	-27.709740	1.077627	-1.206686	-28.076943	-0.042235	-2.027503	-27.704874	1.092572	-1.195864	-28.078725	-0.028255	-2.056257	-27.711518	1.087488	-1.217675	-28.062208	-0.049883	-2.047778	-28.192325	0.970112	-1.201670	-28.192139	1.041554	-1.214431	-27.884120	1.002159	-1.304306	-27.882305	1.040118	-1.292864	-28.205741	0.483759	-1.158812	-27.854864	0.485926	-1.316990	-28.203861	-0.073495	-1.185207	-28.213246	-0.012519	-1.232163	-27.840932	-0.071331	-1.269899	-27.891443	-0.050338	-1.312503
2143	29.759758	00:00:29:55	-28.034462	1.697247	-1.198514	-27.931293	1.626903	-1.161142	-28.043447	1.607435	-1.130386	-28.038699	1.598426	-1.252856	-27.995645	1.551724	-1.222880	-28.185194	1.596086	-1.240038	-27.896133	1.601428	-1.307219	-27.944769	1.310285	-1.232428	-28.000561	0.773705	-1.705542	-27.653678	1.059800	-1.233022	-28.083476	-0.017578	-2.056962	-27.711294	1.107937	-1.221868	-28.105922	-0.074742	-2.049568	-27.687583	1.086694	-1.210155	-28.071858	-0.026364	-2.053014	-28.166769	0.993492	-1.158575	-28.163600	1.037466	-1.227503	-27.881261	0.986129	-1.293484	-27.855527	1.018502	-1.326037	-28.170399	0.475935	-1.233815	-27.852273	0.464957	-1.284370	-28.204845	-0.055486	-1.173984	-28.210600	-0.028678	-1.173612	-27.854730	-0.114178	-1.257560	-27.843289	-0.037879	-1.293212
2144	29.773651	00:00:29:56	-28.031459	1.698180	-1.232580	-27.947929	1.614446	-1.145999	-28.048433	1.598481	-1.124056	-28.029458	1.611185	-1.267390	-28.031615	1.572302	-1.247291	-28.145644	1.620598	-1.214191	-27.896636	1.610651	-1.345042	-27.956982	1.342332	-1.217681	-28.003807	0.756261	-1.677841	-27.689037	1.081540	-1.213070	-28.083853	-0.033995	-2.069030	-27.661964	1.059841	-1.245118	-28.079047	-0.054099	-2.073570	-27.678140	1.079723	-1.211557	-28.129239	-0.054075	-2.067408	-28.205801	0.979666	-1.164002	-28.212794	1.053018	-1.246798	-27.879636	0.992637	-1.318679	-27.871951	1.041738	-1.340421	-28.181785	0.482173	-1.216594	-27.863356	0.459401	-1.310197	-28.205130	-0.099012	-1.189307	-28.200591	-0.042679	-1.237222	-27.854462	-0.101954	-1.287327	-27.868904	0.000289	-1.289442
2145	29.787545	00:00:29:57	-28.029203	1.689595	-1.240167	-27.910201	1.590728	-1.162160	-28.035614	1.600924	-1.110154	-28.033867	1.596363	-1.271756	-28.029346	1.577950	-1.253598	-28.172294	1.638030	-1.239177	-27.888010	1.581443	-1.305145	-27.944462	1.323180	-1.215376	-27.999347	0.793639	-1.687079	-27.683788	1.087711	-1.231022	-28.091512	-0.024354	-2.047307	-27.713463	1.092397	-1.209421	-28.077389	-0.054186	-2.051441	-27.704538	1.056041	-1.212258	-28.101978	-0.063389	-2.063392	-28.197424	0.998160	-1.233016	-28.192567	1.030599	-1.243049	-27.833090	0.992924	-1.304486	-27.896337	1.043184	-1.290112	-28.200205	0.474836	-1.180239	-27.850807	0.477034	-1.285131	-28.184671	-0.083830	-1.167523	-28.217364	-0.064701	-1.178644	-27.824883	-0.049771	-1.252776	-27.870647	-0.053344	-1.314202
2146	29.801438	00:00:29:58	-27.996938	1.735030	-1.241994	-27.929516	1.585097	-1.144564	-28.055372	1.638321	-1.118876	-28.044563	1.583329	-1.268232	-28.014757	1.573415	-1.249057	-28.157326	1.632276	-1.208696	-27.880307	1.610308	-1.305336	-27.965815	1.316601	-1.215332	-27.983348	0.766497	-1.659237	-27.709090	1.091429	-1.217440	-28.096834	-0.032071	-2.056672	-27.718218	1.082226	-1.245733	-28.088580	-0.062177	-2.061806	-27.682479	1.060723	-1.193929	-28.117620	-0.064542	-2.054183	-28.189739	1.005890	-1.182640	-28.204478	1.009630	-1.237759	-27.840511	0.993142	-1.315004	-27.871497	1.035435	-1.328206	-28.177376	0.473493	-1.186461	-27.842614	0.471190	-1.312935	-28.219532	-0.099401	-1.157732	-28.187200	-0.034506	-1.218655	-27.850341	-0.045967	-1.269730	-27.855054	-0.038145	-1.310775
2147	29.815332	00:00:29:59	-28.001800	1.676359	-1.221481	-27.955198	1.603232	-1.187216	-28.025046	1.611601	-1.133718	-28.017094	1.588070	-1.259510	-27.995761	1.586019	-1.265345	-28.172118	1.604462	-1.204234	-27.893570	1.626329	-1.339539	-27.947373	1.347187	-1.207147	-27.991800	0.784379	-1.698675	-27.701854	1.051332	-1.209224	-28.084373	-0.054750	-2.081609	-27.721402	1.077748	-1.191547	-28.108176	-0.060794	-2.076773	-27.687660	1.093446	-1.216945	-28.090605	-0.030627	-2.051978	-28.199988	0.998389	-1.189102	-28.188069	1.039713	-1.181874	-27.871338	0.982847	-1.282171	-27.843633	1.072866	-1.334402	-28.199733	0.495127	-1.222755	-27.862393	0.477549	-1.306777	-28.195738	-0.081397	-1.149480	-28.198919	-0.043215	-1.195298	-27.853283	-0.058690	-1.261696	-27.882869	-0.042171	-1.319254
2148	29.829225	00:00:29:60	-28.027685	1.728696	-1.201426	-27.917916	1.604401	-1.164336	-28.031762	1.620310	-1.119590	-28.009455	1.606193	-1.268356	-28.012035	1.571126	-1.229316	-28.182780	1.599386	-1.215541	-27.910456	1.633136	-1.293488	-27.901521	1.329491	-1.222109	-27.977200	0.783417	-1.689187	-27.690046	1.062254	-1.207741	-28.085064	-0.056928	-2.045932	-27.692619	1.055701	-1.185951	-28.094416	-0.065827	-2.047313	-27.698754	1.091029	-1.215971	-28.097263	-0.084686	-2.042400	-28.195630	0.983337	-1.196834	-28.221660	1.034971	-1.221656	-27.883201	0.978343	-1.309840	-27.867450	1.021482	-1.296295	-28.217889	0.472556	-1.244226	-27.845350	0.491008	-1.311134	-28.184228	-0.086778	-1.161325	-28.227510	-0.020844	-1.217974	-27.866428	-0.073445	-1.269162	-27.838024	-0.023889	-1.311186
2149	29.843119	00:00:29:61	-27.992875	1.714824	-1.218856	-27.929877	1.630077	-1.150492	-28.062720	1.601316	-1.102723	-28.012610	1.604733	-1.281200	-28.044531	1.587270	-1.216542	-28.173012	1.586900	-1.226391	-27.865165	1.629101	-1.331918	-27.950868	1.306337	-1.243864	-27.969928	0.757109	-1.678489	-27.712918	1.090288	-1.194306	-28.109366	-0.037628	-2.049713	-27.679763	1.090020	-1.188806	-28.096842	-0.048562	-2.082766	-27.705313	1.087505	-1.197875	-28.085973	-0.049723	-2.056162	-28.187543	1.025210	-1.173520	-28.220532	1.043043	-1.240232	-27.857176	0.972381	-1.274752	-27.851514	1.032876	-1.324496	-28.170430	0.474947	-1.166829	-27.847117	0.493458	-1.288478	-28.191630	-0.078401	-1.163762	-28.174976	-0.031935	-1.173933	-27.852944	-0.097487	-1.259766	-27.865591	-0.048980	-1.366854
2150	29.857012	00:00:29:62	-28.010597	1.713144	-1.204763	-27.963574	1.603422	-1.150198	-28.075096	1.606236	-1.126075	-28.019603	1.613868	-1.297447	-28.031083	1.577911	-1.222914	-28.166213	1.602552	-1.208920	-27.906080	1.617110	-1.272173	-27.949264	1.323155	-1.206839	-27.960424	0.746896	-1.701168	-27.684738	1.047901	-1.227117	-28.097284	-0.035059	-2.054277	-27.672936	1.074734	-1.212726	-28.085541	-0.041342	-2.056386	-27.714890	1.073038	-1.211592	-28.098444	-0.039487	-2.043973	-28.190905	0.995625	-1.190804	-28.203222	1.028324	-1.227048	-27.875022	0.986276	-1.302121	-27.837625	1.015781	-1.334061	-28.208206	0.491587	-1.192159	-27.820310	0.467624	-1.293989	-28.200595	-0.089787	-1.175992	-28.248570	-0.026810	-1.200635	-27.851087	-0.056528	-1.269251	-27.853800	-0.032474	-1.332210
2151	29.870905	00:00:29:63	-28.021959	1.716616	-1.230019	-27.940091	1.596727	-1.182038	-28.053596	1.597015	-1.136117	-28.022734	1.585096	-1.249440	-28.049901	1.556961	-1.239494	-28.177203	1.638292	-1.212985	-27.877195	1.649855	-1.336303	-27.942181	1.283349	-1.222033	-27.985363	0.790639	-1.681575	-27.695099	1.031588	-1.207684	-28.097439	-0.045047	-2.061729	-27.677031	1.081707	-1.191109	-28.098556	-0.087881	-2.050367	-27.702134	1.080502	-1.236949	-28.086356	-0.032467	-2.082965	-28.192320	0.973804	-1.188732	-28.219452	1.022945	-1.226773	-27.847847	0.971006	-1.282477	-27.864541	1.027636	-1.321908	-28.213441	0.452672	-1.214766	-27.846338	0.465548	-1.313650	-28.163970	-0.065064	-1.172233	-28.189753	-0.026644	-1.216521	-27.839824	-0.058094	-1.250432	-27.841289	-0.043778	-1.308693
2152	29.884799	00:00:29:64	-28.004771	1.685578	-1.225008	-27.949757	1.587750	-1.163054	-28.027760	1.617818	-1.114739	-28.065941	1.575468	-1.227474	-28.025423	1.568203	-1.215616	-28.161657	1.612637	-1.229304	-27.922763	1.601635	-1.284125	-27.930166	1.322719	-1.221823	-28.024578	0.776901	-1.673249	-27.694134	1.085214	-1.226913	-28.080883	-0.038010	-2.101042	-27.715222	1.051775	-1.222419	-28.081701	-0.049553	-2.054643	-27.698953	1.071687	-1.201351	-28.072046	-0.055484	-2.036095	-28.170316	0.952916	-1.178543	-28.203029	1.023853	-1.228292	-27.846584	0.990816	-1.300742	-27.900242	1.036481	-1.358360	-28.172782	0.486201	-1.181474	-27.887665	0.467319	-1.288081	-28.193693	-0.080398	-1.162666	-28.223421	-0.005434	-1.207599	-27.832217	-0.080681	-1.311459	-27.877750	-0.025968	-1.305885
2153	29.898692	00:00:29:65	-28.026299	1.693062	-1.182227	-27.950228	1.600161	-1.161838	-28.044361	1.613247	-1.109432	-27.998561	1.613304	-1.248177	-28.038035	1.566173	-1.247740	-28.207462	1.603302	-1.243075	-27.882853	1.630268	-1.311940	-27.951013	1.354048	-1.202033	-27.996957	0.767520	-1.677003	-27.694698	1.102842	-1.244978	-28.100934	-0.065516	-2.073064	-27.702656	1.072804	-1.202580	-28.089324	-0.050415	-2.061550	-27.665580	1.062249	-1.211477	-28.092511	-0.038378	-2.074145	-28.231801	1.007129	-1.205411	-28.198793	1.003025	-1.232351	-27.836684	0.997378	-1.298352	-27.874134	1.052334	-1.308443	-28.210642	0.464231	-1.194080	-27.849871	0.426214	-1.313060	-28.189590	-0.077138	-1.177872	-28.214150	-0.018370	-1.203790	-27.866719	-0.062927	-1.261712	-27.854105	-0.045831	-1.308899
2154	29.912586	00:00:29:66	-28.021001	1.661833	-1.211512	-27.938668	1.628808	-1.156575	-28.029663	1.614720	-1.145716	-28.022530	1.609571	-1.273388	-28.018468	1.570581	-1.249632	-28.136435	1.611241	-1.240033	-27.864028	1.582347	-1.308144	-27.928036	1.348601	-1.196138	-28.018101	0.776320	-1.682029	-27.693997	1.063839	-1.245024	-28.098485	-0.052747	-2.065585	-27.711733	1.065150	-1.219388	-28.082250	-0.043250	-2.051268	-27.667125	1.083981	-1.190359	-28.101380	-0.009327	-2.062806	-28.163488	0.987856	-1.152453	-28.180374	1.032250	-1.214582	-27.848964	1.007099	-1.280957	-27.873895	1.019640	-1.338231	-28.189629	0.482969	-1.216326	-27.860921	0.505701	-1.332868	-28.190152	-0.093446	-1.170137	-28.201830	-0.021104	-1.198690	-27.870178	-0.069769	-1.280073	-27.858767	-0.056558	-1.275428
2155	29.926479	00:00:29:67	-27.991436	1.699226	-1.205794	-27.960782	1.611104	-1.194204	-28.060711	1.615477	-1.160973	-27.983196	1.607036	-1.303997	-28.044029	1.547077	-1.251408	-28.204532	1.591021	-1.201673	-27.856988	1.587279	-1.309013	-27.946153	1.327006	-1.204341	-27.968934	0.787365	-1.681868	-27.689381	1.068217	-1.210129	-28.054584	-0.038521	-2.038893	-27.710609	1.069132	-1.212020	-28.134174	-0.056944	-2.045219	-27.697950	1.081174	-1.171875	-28.086902	-0.032812	-2.046743	-28.192352	0.977321	-1.207336	-28.199491	1.028137	-1.219321	-27.869263	0.997339	-1.304660	-27.845188	1.055016	-1.326629	-28.188433	0.488353	-1.200453	-27.823498	0.464710	-1.317663	-28.147278	-0.077216	-1.157950	-28.211316	-0.045057	-1.195671	-27.814605	-0.082968	-1.286808	-27.820968	0.007446	-1.313379
2156	29.940373	00:00:29:68	-28.002920	1.702130	-1.229667	-27.921036	1.577691	-1.174276	-28.039936	1.578111	-1.076325	-28.024489	1.634319	-1.283709	-28.007574	1.541972	-1.244067	-28.169393	1.620043	-1.227932	-27.894584	1.606321	-1.318094	-27.922000	1.336950	-1.215545	-28.001193	0.788001	-1.692553	-27.676367	1.059019	-1.220833	-28.055750	-0.047847	-2.076861	-27.693820	1.068382	-1.215750	-28.075204	0.025196	-2.049554	-27.709022	1.057822	-1.237538	-28.094650	-0.050231	-2.098700	-28.202228	0.986664	-1.201776	-28.228357	1.039317	-1.201555	-27.825989	1.001189	-1.313079	-27.859011	1.018812	-1.330348	-28.206803	0.506347	-1.201338	-27.866057	0.507555	-1.243667	-28.209431	-0.081730	-1.178867	-28.200127	-0.011074	-1.221233	-27.855467	-0.078857	-1.241184	-27.826579	-0.028064	-1.291444
2157	29.954266	00:00:29:69	-28.011760	1.686811	-1.213853	-27.943219	1.598616	-1.161826	-28.047169	1.605261	-1.127451	-28.034522	1.600675	-1.295393	-28.026877	1.567444	-1.251654	-28.152327	1.627311	-1.217714	-27.896151	1.591138	-1.320512	-27.947465	1.338702	-1.255350	-27.989024	0.766332	-1.674390	-27.707082	1.066218	-1.205172	-28.093589	-0.055135	-2.049922	-27.712214	1.066307	-1.195868	-28.103866	-0.072523	-2.088929	-27.670470	1.063277	-1.187239	-28.086464	-0.021698	-2.089464	-28.193668	1.013347	-1.221145	-28.194835	1.042081	-1.220761	-27.870148	0.988161	-1.272252	-27.861230	1.031666	-1.336979	-28.172860	0.468188	-1.228130	-27.861836	0.466662	-1.274182	-28.209285	-0.090602	-1.159402	-28.190400	-0.042967	-1.204596	-27.808399	-0.055068	-1.277954	-27.830208	0.002019	-1.326185
2158	29.968160	00:00:29:70	-28.036620	1.692924	-1.225616	-27.937708	1.620394	-1.183978	-28.041594	1.589827	-1.142421	-28.017679	1.609804	-1.298761	-28.037740	1.578386	-1.282876	-28.164897	1.604631	-1.208324	-27.895173	1.608216	-1.299622	-27.925713	1.349321	-1.213810	-27.958156	0.773099	-1.687264	-27.723387	1.058503	-1.189562	-28.093343	-0.054135	-2.062825	-27.704637	1.057877	-1.217312	-28.076647	-0.020163	-2.056469	-27.677052	1.103998	-1.199708	-28.066950	-0.027159	-2.088966	-28.214901	0.995241	-1.199451	-28.162003	1.023335	-1.224827	-27.837304	0.973381	-1.289954	-27.909148	1.056354	-1.299558	-28.216822	0.484024	-1.217894	-27.854792	0.447137	-1.281849	-28.187750	-0.076911	-1.161650	-28.198907	-0.054468	-1.189067	-27.862581	-0.044769	-1.268227	-27.860284	-0.034767	-1.312702
2159	29.982053	00:00:29:71	-28.004805	1.707008	-1.223536	-27.932876	1.633716	-1.164865	-28.058334	1.585448	-1.127563	-28.025941	1.583765	-1.239716	-28.042565	1.590578	-1.263935	-28.117132	1.614828	-1.221164	-27.876148	1.596397	-1.314464	-27.925197	1.336065	-1.240299	-27.999915	0.763511	-1.671584	-27.707283	1.072764	-1.203799	-28.103327	-0.080597	-2.084864	-27.716541	1.075588	-1.184254	-28.102904	-0.030172	-2.096599	-27.685725	1.072584	-1.194803	-28.120464	-0.058045	-2.015895	-28.169320	1.015493	-1.217401	-28.244909	1.019566	-1.222458	-27.846417	0.942383	-1.295226	-27.868846	1.049687	-1.328695	-28.223689	0.452562	-1.191514	-27.838543	0.491393	-1.284490	-28.199015	-0.064123	-1.155197	-28.203714	-0.035987	-1.186006	-27.867627	-0.108044	-1.286702	-27.856175	-0.010382	-1.320431
2160	29.995946	00:00:29:00	-28.004792	1.659054	-1.218510	-27.939378	1.618881	-1.159202	-28.034761	1.617262	-1.176277	-28.051142	1.647869	-1.285857	-28.000023	1.548435	-1.238512	-28.180797	1.624762	-1.229003	-27.891604	1.578991	-1.309162	-27.927490	1.377068	-1.182020	-28.009735	0.787402	-1.687780	-27.669168	1.051574	-1.219617	-28.097516	-0.042942	-2.075870	-27.725670	1.064291	-1.183962	-28.104346	-0.066326	-2.055778	-27.700224	1.058168	-1.192858	-28.110564	-0.056443	-2.060636	-28.171698	0.989535	-1.190482	-28.203565	1.039813	-1.222991	-27.859848	1.002089	-1.270863	-27.869388	1.016442	-1.321945	-28.193729	0.468468	-1.209802	-27.863955	0.485785	-1.304045	-28.146391	-0.072715	-1.172008	-28.174550	-0.050449	-1.204590	-27.843045	-0.065569	-1.280539	-27.880116	-0.016271	-1.319739
2161	30.009840	00:00:30:01	-28.038233	1.709295	-1.195507	-27.937914	1.608784	-1.177222	-28.031210	1.612947	-1.135573	-28.043613	1.596232	-1.253279	-28.000931	1.554379	-1.244561	-28.178650	1.588888	-1.226729	-27.856725	1.598081	-1.314306	-27.963449	1.360567	-1.219194	-27.988572	0.763555	-1.665259	-27.672942	1.045567	-1.194537	-28.108388	-0.049485	-2.085972	-27.724195	1.074653	-1.186238	-28.089178	-0.027232	-2.049237	-27.671701	1.074202	-1.240902	-28.087065	-0.077280	-2.069237	-28.222217	0.979992	-1.189803	-28.177384	1.035451	-1.254981	-27.820857	0.976796	-1.247232	-27.872413	1.021320	-1.327674	-28.221736	0.469687	-1.186783	-27.834314	0.450109	-1.313432	-28.186677	-0.074289	-1.135393	-28.215007	-0.050442	-1.206031	-27.837526	-0.050886	-1.287177	-27.846203	-0.039534	-1.329740
2162	30.023733	00:00:30:02	-27.999431	1.703989	-1.234427	-27.924807	1.591358	-1.164065	-28.026351	1.593509	-1.153564	-28.075688	1.614265	-1.254283	-28.030958	1.553158	-1.264375	-28.147381	1.616485	-1.215746	-27.907150	1.594206	-1.322124	-27.934762	1.347343	-1.218463	-28.010735	0.773328	-1.686392	-27.716567	1.068599	-1.209756	-28.103943	-0.057947	-2.019911	-27.708569	1.065505	-1.209306	-28.102027	-0.025202	-2.063222	-27.699892	1.074603	-1.192471	-28.109469	-0.047759	-2.062142	-28.226207	1.011273	-1.186536	-28.197834	1.014310	-1.223662	-27.869357	0.980695	-1.286661	-27.867457	1.048280	-1.321117	-28.186424	0.467345	-1.187935	-27.859788	0.499765	-1.268123	-28.218271	-0.065496	-1.155244	-28.191354	-0.043936	-1.197271	-27.861851	-0.056278	-1.278872	-27.893298	-0.016042	-1.293723
2163	30.037627	00:00:30:03	-27.998703	1.700111	-1.220090	-27.950929	1.610703	-1.120555	-28.051481	1.606949	-1.130195	-28.055110	1.602995	-1.252371	-28.035892	1.548722	-1.216633	-28.177465	1.588668	-1.217950	-27.848106	1.604529	-1.315977	-27.939526	1.341519	-1.213149	-27.983083	0.776438	-1.662720	-27.693239	1.081390	-1.182767	-28.108945	-0.031494	-2.075048	-27.704858	1.078786	-1.226358	-28.122647	-0.038489	-2.057498	-27.705116	1.046457	-1.205130	-28.076213	-0.027409	-2.047643	-28.211272	0.985951	-1.178519	-28.208094	1.032702	-1.208127	-27.810231	1.006790	-1.337230	-27.855583	1.030171	-1.339886	-28.201869	0.475204	-1.194950	-27.883668	0.496575	-1.317796	-28.197477	-0.100699	-1.114884	-28.133611	-0.047630	-1.198605	-27.849312	-0.080179	-1.262685	-27.850283	-0.018691	-1.298476
2164	30.051520	00:00:30:04	-28.009946	1.720652	-1.210619	-27.932310	1.591557	-1.153430	-28.038072	1.594285	-1.133309	-28.028267	1.607719	-1.268112	-28.019807	1.559347	-1.217941	-28.177567	1.595987	-1.241223	-27.875063	1.593707	-1.313625	-27.913275	1.333997	-1.207373	-27.974720	0.767028	-1.668820	-27.713130	1.051169	-1.192773	-28.091347	-0.039464	-2.045923	-27.693628	1.067742	-1.181002	-28.100307	-0.069642	-2.070208	-27.684698	1.101431	-1.225047	-28.051413	-0.063509	-2.064953	-28.177783	0.957591	-1.164895	-28.188446	1.039706	-1.221343	-27.845538	0.971450	-1.283645	-27.871122	1.040676	-1.326245	-28.188144	0.503410	-1.212113	-27.840908	0.464716	-1.270297	-28.195720	-0.098126	-1.149522	-28.202485	0.000109	-1.195719	-27.866088	-0.115895	-1.269093	-27.873517	-0.008161	-1.275592
2165	30.065414	00:00:30:05	-28.012164	1.712523	-1.181751	-27.923315	1.631522	-1.194884	-28.041073	1.613625	-1.128362	-28.004870	1.609869	-1.227302	-28.016747	1.569838	-1.242752	-28.168116	1.586981	-1.217595	-27.885357	1.611937	-1.308880	-27.907714	1.350717	-1.247127	-27.963481	0.786372	-1.709032	-27.675520	1.073439	-1.209238	-28.064762	-0.074753	-2.062394	-27.687723	1.071495	-1.199840	-28.087456	-0.079450	-2.095187	-27.691499	1.045955	-1.188706	-28.094971	-0.064017	-2.055575	-28.180775	0.984706	-1.165089	-28.209513	1.012213	-1.248279	-27.844733	0.978964	-1.308223	-27.846625	1.054478	-1.369255	-28.195204	0.464933	-1.194116	-27.879830	0.479662	-1.290305	-28.223894	-0.062896	-1.152349	-28.198629	0.022328	-1.186953	-27.848626	-0.047360	-1.309190	-27.822816	-0.038570	-1.301180
2166	30.079307	00:00:30:06	-27.966912	1.722822	-1.194803	-27.922942	1.610901	-1.186010	-28.065306	1.611394	-1.140934	-28.011973	1.597720	-1.277248	-28.040745	1.582475	-1.249192	-28.197185	1.580674	-1.247553	-27.902000	1.607206	-1.306694	-27.962176	1.357759	-1.192246	-28.003800	0.779187	-1.677176	-27.685115	1.071254	-1.206144	-28.074126	-0.087458	-2.067468	-27.717740	1.037890	-1.205199	-28.108595	-0.050242	-2.064751	-27.700361	1.049117	-1.242343	-28.072344	-0.058641	-2.068380	-28.205861	0.983909	-1.202144	-28.214374	1.042072	-1.214411	-27.845744	0.998973	-1.307262	-27.865104	1.033269	-1.309112	-28.198752	0.460721	-1.213418	-27.844196	0.464689	-1.312854	-28.159687	-0.090090	-1.185706	-28.189902	-0.019906	-1.203206	-27.831923	-0.095117	-1.300016	-27.858348	-0.043080	-1.285801
2167	30.093201	00:00:30:07	-28.018430	1.738684	-1.206227	-27.913350	1.598599	-1.157260	-28.064661	1.609162	-1.119117	-28.014015	1.626456	-1.278983	-28.017045	1.562858	-1.258467	-28.151941	1.596432	-1.197725	-27.872868	1.594835	-1.308912	-27.892615	1.357300	-1.235609	-27.989534	0.768532	-1.689413	-27.684267	1.028360	-1.196325	-28.089801	-0.051075	-2.060029	-27.690614	1.062240	-1.197922	-28.060892	-0.085186	-2.067649	-27.693611	1.077487	-1.202458	-28.085281	-0.053129	-2.076962	-28.166769	0.977561	-1.191414	-28.225991	1.022757	-1.235670	-27.867889	0.966342	-1.283869	-27.880079	1.041096	-1.326517	-28.200790	0.450112	-1.193662	-27.862992	0.429361	-1.272252	-28.208371	-0.091960	-1.168074	-28.210879	-0.024555	-1.206515	-27.845682	-0.079048	-1.280399	-27.886617	-0.001545	-1.330389
2168	30.107094	00:00:30:08	-28.032927	1.685251	-1.211563	-27.945270	1.626178	-1.166858	-28.046292	1.586421	-1.135377	-28.013226	1.585158	-1.294686	-28.041866	1.615503	-1.268412	-28.164483	1.625664	-1.203793	-27.897627	1.598254	-1.341923	-27.934134	1.331549	-1.213452	-27.964392	0.797576	-1.694208	-27.726345	1.056779	-1.211853	-28.078800	-0.065274	-2.090147	-27.671780	1.067117	-1.200268	-28.081481	-0.045834	-2.026442	-27.693713	1.068584	-1.194874	-28.075022	-0.033287	-2.063024	-28.173821	1.012620	-1.202662	-28.195971	1.014269	-1.224129	-27.846837	0.964383	-1.261228	-27.868283	1.065607	-1.303528	-28.213609	0.484125	-1.225049	-27.831757	0.467365	-1.280473	-28.214501	-0.112104	-1.174864	-28.208567	-0.019798	-1.203666	-27.867937	-0.112704	-1.252446	-27.835536	-0.027917	-1.324675
2169	30.120987	00:00:30:09	-28.009075	1.685196	-1.202800	-27.939858	1.615004	-1.155059	-28.056972	1.594026	-1.125570	-28.033421	1.605748	-1.261017	-28.024829	1.591029	-1.228929	-28.180891	1.618219	-1.220664	-27.909215	1.585257	-1.340445	-27.971884	1.320381	-1.203762	-27.979093	0.786977	-1.678772	-27.717858	1.090780	-1.227446	-28.087625	-0.039819	-2.081339	-27.731656	1.033845	-1.202307	-28.095053	-0.090485	-2.042896	-27.685658	1.077686	-1.188045	-28.098105	-0.070780	-2.058007	-28.183746	1.008231	-1.182058	-28.203006	1.019600	-1.236560	-27.849727	0.966977	-1.308335	-27.895421	1.032568	-1.319316	-28.197403	0.480523	-1.205752	-27.867550	0.483996	-1.276616	-28.226538	-0.088542	-1.177677	-28.199190	-0.046838	-1.169141	-27.874985	-0.097164	-1.279643	-27.831298	-0.023279	-1.292236
2170	30.134881	00:00:30:10	-28.006994	1.723105	-1.210255	-27.919458	1.603503	-1.180065	-28.026847	1.595782	-1.120554	-28.023293	1.582312	-1.274435	-28.004970	1.592856	-1.246181	-28.158835	1.607701	-1.219747	-27.857414	1.583694	-1.305891	-27.908451	1.319688	-1.227051	-27.983070	0.777054	-1.720560	-27.683931	1.083783	-1.177904	-28.065729	-0.063814	-2.052230	-27.706779	1.083697	-1.207069	-28.082618	-0.054910	-2.062371	-27.698857	1.082648	-1.223637	-28.053014	-0.050169	-2.071610	-28.167474	0.998972	-1.197585	-28.190743	1.023673	-1.225752	-27.816558	1.000424	-1.320419	-27.854013	1.029526	-1.332710	-28.211313	0.445503	-1.220999	-27.862875	0.507474	-1.276135	-28.230510	-0.097343	-1.178411	-28.189841	-0.059178	-1.208426	-27.845153	-0.090463	-1.280714	-27.898584	-0.053816	-1.304503
2171	30.148774	00:00:30:11	-28.034789	1.726948	-1.225549	-27.950079	1.612054	-1.145485	-28.022317	1.613807	-1.121476	-28.077279	1.636888	-1.295438	-28.015949	1.584086	-1.263264	-28.189762	1.594910	-1.209735	-27.872064	1.601316	-1.310521	-27.936010	1.348191	-1.190050	-27.986233	0.802668	-1.707052	-27.714387	1.095723	-1.200749	-28.123853	-0.049523	-2.068644	-27.698630	1.110486	-1.203147	-28.096980	-0.074724	-2.074899	-27.690252	1.055988	-1.178194	-28.112362	-0.035909	-2.081313	-28.180435	0.979907	-1.217353	-28.198179	1.058487	-1.220363	-27.826039	1.014902	-1.284407	-27.852572	1.055104	-1.318421	-28.196157	0.473628	-1.206690	-27.839091	0.473213	-1.298846	-28.185860	-0.060459	-1.178798	-28.203468	-0.047931	-1.207757	-27.861473	-0.077327	-1.279883	-27.850570	-0.041653	-1.314311
2172	30.162668	00:00:30:12	-28.031518	1.710624	-1.214551	-27.937118	1.628599	-1.157761	-28.046283	1.626324	-1.097838	-28.056274	1.606683	-1.281958	-28.002630	1.571385	-1.240153	-28.184404	1.589778	-1.225912	-27.863664	1.602612	-1.322015	-27.916694	1.354306	-1.224369	-27.989760	0.772481	-1.690385	-27.661670	1.071578	-1.208825	-28.078141	-0.049171	-2.091178	-27.672565	1.090269	-1.206941	-28.110021	-0.045213	-2.049102	-27.721974	1.081745	-1.202174	-28.117253	-0.050674	-2.073347	-28.196610	0.962081	-1.191911	-28.198048	1.050598	-1.203270	-27.868327	0.977383	-1.312311	-27.865641	1.003949	-1.338084	-28.204647	0.477347	-1.211251	-27.835270	0.462085	-1.271131	-28.183597	-0.077335	-1.169126	-28.208680	-0.026963	-1.214837	-27.815330	-0.112403	-1.271279	-27.852880	-0.026191	-1.305262
2173	30.176561	00:00:30:13	-28.015441	1.730772	-1.187514	-27.937398	1.649980	-1.144591	-28.059599	1.622433	-1.124218	-28.032571	1.606260	-1.252791	-28.049327	1.552037	-1.247158	-28.166334	1.615701	-1.221002	-27.876579	1.604932	-1.313142	-27.930287	1.328616	-1.208115	-28.012304	0.801814	-1.688059	-27.719841	1.064267	-1.222630	-28.090795	-0.058878	-2.036961	-27.706260	1.082379	-1.187944	-28.092687	-0.064609	-2.056161	-27.725161	1.058053	-1.200806	-28.081360	-0.041819	-2.078066	-28.221711	0.985506	-1.209882	-28.200584	1.062352	-1.226632	-27.845680	0.999453	-1.313437	-27.843290	1.044314	-1.322611	-28.218927	0.470345	-1.207562	-27.853234	0.451844	-1.289373	-28.177675	-0.084757	-1.174925	-28.179260	-0.022650	-1.220378	-27.832178	-0.074869	-1.267950	-27.878801	-0.043394	-1.307212
2174	30.190455	00:00:30:14	-28.003641	1.743428	-1.225770	-27.920055	1.614715	-1.166563	-28.073437	1.604068	-1.132599	-28.018405	1.595142	-1.305985	-28.003949	1.533036	-1.249168	-28.175728	1.586266	-1.204403	-27.894720	1.607764	-1.302007	-27.904223	1.349463	-1.201633	-27.984985	0.783946	-1.709515	-27.707657	1.080334	-1.211252	-28.087473	-0.033225	-2.049194	-27.717171	1.036480	-1.234642	-28.103181	-0.062652	-2.061285	-27.691819	1.071520	-1.219968	-28.091605	-0.049575	-2.070826	-28.197538	0.986865	-1.185244	-28.211474	1.021384	-1.230478	-27.821617	0.972084	-1.281610	-27.821245	1.049631	-1.327224	-28.179116	0.462634	-1.211700	-27.835992	0.489782	-1.280674	-28.192457	-0.083116	-1.179084	-28.202796	-0.037226	-1.204234	-27.876425	-0.096715	-1.247653	-27.871699	-0.022587	-1.320774
2175	30.204348	00:00:30:15	-28.003047	1.727981	-1.192911	-27.939952	1.599031	-1.150288	-28.067422	1.616750	-1.141308	-28.039736	1.590690	-1.256744	-28.029737	1.554674	-1.240518	-28.184428	1.592631	-1.244133	-27.871475	1.610532	-1.289300	-27.958607	1.345610	-1.220249	-27.974897	0.769949	-1.691037	-27.713550	1.043824	-1.223814	-28.116553	-0.058900	-2.080099	-27.701253	1.061633	-1.188111	-28.117066	-0.016497	-2.058490	-27.692708	1.064610	-1.208232	-28.107455	-0.054638	-2.048564	-28.187610	0.961480	-1.179258	-28.213585	1.005235	-1.237492	-27.846527	0.972423	-1.275381	-27.850924	1.041779	-1.341833	-28.178778	0.489158	-1.187390	-27.797749	0.504793	-1.296123	-28.183180	-0.056083	-1.180907	-28.192359	-0.026035	-1.180294	-27.843533	-0.083801	-1.243235	-27.858043	-0.018763	-1.304947
2176	30.218242	00:00:30:16	-27.989847	1.741226	-1.213226	-27.919267	1.580741	-1.184888	-28.056868	1.615434	-1.122993	-28.023634	1.597072	-1.285903	-28.009894	1.574597	-1.258268	-28.193147	1.608467	-1.252132	-27.904060	1.647888	-1.299415	-27.947921	1.342379	-1.198117	-27.980384	0.764834	-1.652125	-27.690826	1.089856	-1.247821	-28.068066	-0.033281	-2.054924	-27.703886	1.113953	-1.194088	-28.105007	-0.051612	-2.059005	-27.688647	1.067200	-1.193450	-28.090352	-0.063767	-2.034969	-28.176682	1.029375	-1.180930	-28.189370	1.022418	-1.212148	-27.860410	0.976849	-1.261038	-27.856442	1.047574	-1.308232	-28.197778	0.504486	-1.183681	-27.845660	0.467818	-1.277525	-28.194773	-0.070433	-1.157382	-28.223122	-0.038849	-1.197820	-27.832348	-0.056235	-1.270291	-27.862078	-0.048975	-1.313748
2177	30.232135	00:00:30:17	-27.995939	1.702162	-1.211927	-27.919737	1.592758	-1.147241	-28.041398	1.612173	-1.140465	-28.021494	1.615281	-1.273294	-28.034334	1.568773	-1.250978	-28.172794	1.594541	-1.225952	-27.854266	1.620929	-1.288487	-27.927552	1.348636	-1.231900	-28.004169	0.751891	-1.679407	-27.733105	1.093249	-1.228279	-28.091622	-0.068241	-2.076572	-27.703788	1.107712	-1.184087	-28.103792	-0.073550	-2.069637	-27.672267	1.046874	-1.200540	-28.099604	-0.046171	-2.070456	-28.165263	0.955205	-1.177454	-28.186566	0.993765	-1.231157	-27.862150	0.962516	-1.274398	-27.853894	1.032225	-1.307031	-28.201456	0.489085	-1.210321	-27.858372	0.463349	-1.304400	-28.210081	-0.097516	-1.167435	-28.184360	-0.034372	-1.174141	-27.823176	-0.096803	-1.267901	-27.895165	-0.028248	-1.313655
2178	30.246028	00:00:30:18	-27.995628	1.698198	-1.186366	-27.964603	1.606748	-1.143026	-28.048788	1.621602	-1.113934	-28.001723	1.652489	-1.289152	-28.005373	1.603151	-1.273343	-28.171767	1.628779	-1.245141	-27.888124	1.635372	-1.318035	-27.912738	1.335285	-1.189718	-28.021149	0.765227	-1.724697	-27.698335	1.062177	-1.183789	-28.120649	-0.049092	-2.044611	-27.692559	1.077717	-1.225078	-28.097574	-0.060351	-2.069220	-27.689346	1.084508	-1.190602	-28.080723	-0.050125	-2.076363	-28.180629	0.939924	-1.176747	-28.205613	1.053698	-1.248467	-27.880214	0.974680	-1.272021	-27.827152	1.028738	-1.334255	-28.187214	0.495478	-1.200821	-27.852562	0.484972	-1.325987	-28.195857	-0.069217	-1.167612	-28.206335	-0.055788	-1.216758	-27.864796	-0.074577	-1.233758	-27.854330	-0.052381	-1.332792
2179	30.259922	00:00:30:19	-27.994270	1.737474	-1.253806	-27.919849	1.578782	-1.189197	-28.041768	1.623622	-1.131068	-28.052991	1.592450	-1.276266	-28.041405	1.561857	-1.235724	-28.173365	1.563673	-1.238917	-27.873041	1.608251	-1.314774	-27.958704	1.355215	-1.208822	-28.008384	0.751638	-1.684457	-27.668604	1.092643	-1.188348	-28.100156	-0.035892	-2.093238	-27.675829	1.065171	-1.172678	-28.124454	-0.008343	-2.068686	-27.678472	1.073081	-1.205148	-28.092248	-0.064170	-2.033239	-28.195431	0.953211	-1.191134	-28.175843	1.000536	-1.203804	-27.854305	0.932721	-1.279803	-27.839425	1.040555	-1.333518	-28.175147	0.515413	-1.190649	-27.834191	0.473719	-1.324311	-28.159910	-0.049129	-1.146985	-28.213187	-0.029385	-1.195038	-27.863984	-0.067631	-1.221941	-27.864778	-0.025593	-1.314248
2180	30.273815	00:00:30:20	-28.023206	1.732929	-1.241585	-27.891492	1.626903	-1.157473	-28.039842	1.612867	-1.132117	-28.038390	1.616020	-1.260265	-27.994118	1.536482	-1.231646	-28.185660	1.600967	-1.194682	-27.890292	1.588794	-1.298800	-27.943040	1.341296	-1.196961	-27.996990	0.799531	-1.674438	-27.754675	1.048654	-1.216396	-28.087482	-0.049894	-2.052482	-27.687879	1.070497	-1.191359	-28.115683	-0.088981	-2.093747	-27.703737	1.052331	-1.194574	-28.076059	-0.065981	-2.076488	-28.218385	1.008686	-1.216747	-28.224718	1.053379	-1.229632	-27.826953	0.985539	-1.292450	-27.818197	1.039261	-1.333477	-28.193624	0.463681	-1.222846	-27.831280	0.476109	-1.302493	-28.179468	-0.080139	-1.192956	-28.173099	-0.046754	-1.215428	-27.820810	-0.075792	-1.270085	-27.840499	-0.039194	-1.320014
2181	30.287709	00:00:30:21	-27.998649	1.736532	-1.223277	-27.921809	1.612671	-1.177206	-28.059179	1.617756	-1.135801	-27.998480	1.599696	-1.269361	-28.016695	1.600207	-1.249292	-28.164432	1.603804	-1.253123	-27.896617	1.608280	-1.304130	-27.938638	1.349232	-1.236581	-27.977636	0.797182	-1.681637	-27.684395	1.050377	-1.210484	-28.084905	-0.062779	-2.065839	-27.693353	1.076550	-1.168477	-28.129078	-0.005785	-2.039619	-27.695271	1.068472	-1.211099	-28.100843	-0.013027	-2.053971	-28.198987	1.019536	-1.205252	-28.246269	1.022761	-1.211841	-27.875435	0.971356	-1.328811	-27.868240	1.058085	-1.333850	-28.181579	0.488971	-1.191903	-27.852594	0.475302	-1.281571	-28.196008	-0.061640	-1.177732	-28.212021	-0.023346	-1.220276	-27.848156	-0.058529	-1.255435	-27.862813	-0.032689	-1.302488
2182	30.301602	00:00:30:22	-28.016965	1.733063	-1.233296	-27.929268	1.605964	-1.176747	-28.037371	1.604456	-1.141180	-28.021109	1.619396	-1.286245	-28.025963	1.590868	-1.256658	-28.150280	1.614602	-1.229187	-27.900620	1.605141	-1.300601	-27.970822	1.339113	-1.199793	-28.002238	0.771549	-1.684552	-27.666734	1.082370	-1.207808	-28.070363	-0.054126	-2.077505	-27.665540	1.088947	-1.197836	-28.109216	-0.031840	-2.091034	-27.684865	1.053501	-1.194915	-28.083577	-0.044572	-2.032490	-28.196694	0.993160	-1.183858	-28.184968	1.025074	-1.248565	-27.842456	0.995786	-1.300917	-27.842641	1.036517	-1.312995	-28.201557	0.459938	-1.205422	-27.867087	0.470279	-1.297691	-28.197477	-0.075014	-1.152228	-28.188364	-0.012694	-1.229265	-27.847075	-0.091016	-1.261979	-27.878600	-0.039545	-1.302751
2183	30.315496	00:00:30:23	-28.019542	1.750543	-1.191817	-27.950214	1.641492	-1.160519	-28.034502	1.636137	-1.144339	-28.021497	1.602576	-1.294434	-28.054782	1.574186	-1.245500	-28.158735	1.602094	-1.245047	-27.881736	1.609771	-1.301654	-27.950434	1.324875	-1.207338	-27.982504	0.764036	-1.680777	-27.687643	1.040231	-1.179362	-28.065187	-0.052938	-2.059833	-27.689860	1.067274	-1.191426	-28.082167	-0.051879	-2.071898	-27.690293	1.084454	-1.211087	-28.112998	-0.041198	-2.056178	-28.197269	0.987903	-1.228878	-28.183425	1.017256	-1.222994	-27.859158	0.968489	-1.282479	-27.874706	1.065816	-1.351571	-28.199447	0.452537	-1.218472	-27.853803	0.488316	-1.293634	-28.190735	-0.075355	-1.188682	-28.192508	-0.038920	-1.202343	-27.818222	-0.061811	-1.282861	-27.829506	-0.032484	-1.319592
2184	30.329389	00:00:30:24	-28.013042	1.700379	-1.234088	-27.940470	1.627340	-1.148026	-28.075510	1.632013	-1.149592	-28.055632	1.608479	-1.279729	-28.017066	1.562637	-1.253930	-28.131149	1.594720	-1.239354	-27.883280	1.585186	-1.293611	-27.929367	1.333492	-1.195726	-27.991790	0.796124	-1.689225	-27.699040	1.034819	-1.212723	-28.105421	-0.059191	-2.064152	-27.701082	1.087151	-1.171593	-28.121232	-0.055047	-2.049306	-27.706216	1.057870	-1.201428	-28.102552	-0.028038	-2.036919	-28.211572	0.983965	-1.203741	-28.198251	1.037076	-1.256394	-27.829204	0.984053	-1.289589	-27.851206	1.042665	-1.298788	-28.215621	0.443488	-1.182432	-27.836354	0.502421	-1.297293	-28.163458	-0.070981	-1.180159	-28.206605	-0.045270	-1.185368	-27.816598	-0.077202	-1.276879	-27.848816	-0.042325	-1.279991
2185	30.343283	00:00:30:25	-28.030354	1.709731	-1.231649	-27.954061	1.599169	-1.154961	-28.070373	1.558820	-1.114394	-27.984892	1.596362	-1.242615	-28.018611	1.582640	-1.255770	-28.169735	1.615982	-1.208277	-27.871828	1.603676	-1.305309	-27.909830	1.368396	-1.211734	-28.009239	0.772049	-1.687848	-27.677647	1.079006	-1.191063	-28.067274	-0.037501	-2.073815	-27.686785	1.073447	-1.196020	-28.107282	-0.024082	-2.055048	-27.659448	1.065828	-1.189367	-28.078783	-0.066906	-2.074675	-28.158505	1.039831	-1.205898	-28.189838	1.042254	-1.218075	-27.858723	0.971568	-1.284510	-27.825741	1.031529	-1.319221	-28.181092	0.480609	-1.199881	-27.841088	0.475543	-1.307800	-28.188540	-0.085791	-1.205181	-28.204938	-0.019996	-1.190076	-27.827853	-0.085379	-1.265330	-27.855651	-0.016413	-1.300267
2186	30.357176	00:00:30:26	-28.015788	1.762792	-1.197008	-27.929750	1.615839	-1.199485	-28.041771	1.617053	-1.128979	-28.018702	1.591767	-1.274364	-28.007646	1.551331	-1.246920	-28.161137	1.609415	-1.235912	-27.883024	1.609972	-1.317561	-27.956147	1.334236	-1.206342	-27.969645	0.776696	-1.699495	-27.697939	1.079879	-1.213096	-28.094620	-0.005460	-2.041957	-27.701561	1.074373	-1.191939	-28.119175	-0.064406	-2.073301	-27.696095	1.089502	-1.201541	-28.080451	-0.041840	-2.082444	-28.212836	0.988035	-1.189557	-28.212516	1.070793	-1.247822	-27.847031	0.997013	-1.271027	-27.851474	1.044017	-1.353685	-28.194787	0.509540	-1.203341	-27.855356	0.496090	-1.315840	-28.206446	-0.082730	-1.188130	-28.217904	-0.061137	-1.217022	-27.832785	-0.127462	-1.263097	-27.832033	-0.048742	-1.319189
2187	30.371069	00:00:30:27	-28.013449	1.700079	-1.224912	-27.949149	1.608161	-1.189142	-28.013486	1.641721	-1.109092	-28.036506	1.588963	-1.303510	-28.035547	1.582444	-1.228428	-28.192197	1.622800	-1.250211	-27.872567	1.629552	-1.316682	-27.946526	1.350100	-1.263910	-27.979948	0.751359	-1.679013	-27.692087	1.090848	-1.169627	-28.079942	-0.053364	-2.064878	-27.680778	1.102216	-1.182633	-28.089210	-0.036435	-2.053130	-27.705412	1.125013	-1.187152	-28.100630	-0.032328	-2.078493	-28.195015	0.951878	-1.222144	-28.224464	1.016670	-1.239204	-27.817592	0.977494	-1.302158	-27.844120	1.075280	-1.297605	-28.173986	0.490487	-1.192966	-27.821501	0.510046	-1.324771	-28.196765	-0.091928	-1.134846	-28.197477	-0.046846	-1.217276	-27.831336	-0.069631	-1.255257	-27.830515	-0.033355	-1.314273
2188	30.384963	00:00:30:28	-27.982760	1.714472	-1.186435	-27.942617	1.628984	-1.171573	-28.049815	1.617761	-1.115439	-28.034816	1.643099	-1.256163	-28.043394	1.553094	-1.244736	-28.153327	1.628467	-1.212653	-27.879665	1.598814	-1.285254	-27.918300	1.324596	-1.243751	-28.000931	0.783879	-1.670153	-27.701986	1.056613	-1.189496	-28.110018	-0.030770	-2.091459	-27.712916	1.064079	-1.211977	-28.100038	-0.060610	-2.054731	-27.680194	1.094557	-1.224397	-28.107401	-0.020667	-2.062451	-28.187814	1.006769	-1.187286	-28.215115	1.041517	-1.238157	-27.862780	0.974754	-1.277155	-27.833215	1.050886	-1.289456	-28.184945	0.478398	-1.207275	-27.864819	0.482107	-1.334742	-28.201476	-0.077480	-1.170017	-28.188865	-0.004673	-1.221581	-27.847993	-0.070501	-1.310419	-27.839599	-0.021055	-1.346882
2189	30.398856	00:00:30:29	-27.982596	1.730184	-1.188554	-27.924144	1.616676	-1.172415	-28.052031	1.596974	-1.126923	-28.019850	1.611876	-1.258164	-27.995682	1.538605	-1.239530	-28.156441	1.605567	-1.204141	-27.892809	1.587994	-1.285237	-27.950773	1.342415	-1.204053	-27.965204	0.774259	-1.676136	-27.719128	1.061146	-1.171780	-28.106050	-0.045734	-2.054557	-27.685211	1.053997	-1.246942	-28.089274	-0.027552	-2.052741	-27.705040	1.096780	-1.185158	-28.102521	-0.020691	-2.079904	-28.166804	1.000372	-1.198558	-28.224452	1.054717	-1.250383	-27.837525	1.013437	-1.280757	-27.854039	1.031877	-1.289705	-28.155674	0.479926	-1.221422	-27.826868	0.449715	-1.287665	-28.211073	-0.095730	-1.182901	-28.197277	-0.031309	-1.218979	-27.849895	-0.111918	-1.269024	-27.857515	-0.057399	-1.308520
2190	30.412750	00:00:30:30	-27.994103	1.673084	-1.212654	-27.939212	1.648530	-1.157506	-28.076278	1.608380	-1.143145	-27.990872	1.595173	-1.249319	-28.037321	1.539270	-1.235867	-28.161244	1.632352	-1.253653	-27.869310	1.618628	-1.303148	-27.957655	1.307783	-1.190432	-27.974674	0.764678	-1.665776	-27.702203	1.084401	-1.202842	-28.073872	-0.045778	-2.033260	-27.709465	1.094662	-1.206629	-28.080640	-0.034562	-2.041656	-27.676718	1.087219	-1.209360	-28.089384	-0.022388	-2.057644	-28.173329	0.989150	-1.206975	-28.231281	1.019508	-1.233478	-27.853021	0.987777	-1.304312	-27.839207	1.058991	-1.311271	-28.141154	0.501024	-1.230028	-27.852208	0.507370	-1.309786	-28.171505	-0.073885	-1.203820	-28.220438	-0.034817	-1.206554	-27.846062	-0.073931	-1.263934	-27.856180	-0.058248	-1.309815
2191	30.426643	00:00:30:31	-27.998973	1.701940	-1.236180	-27.924643	1.599578	-1.139468	-28.066962	1.611088	-1.135837	-28.023027	1.580859	-1.276603	-28.019206	1.569747	-1.247080	-28.166499	1.602295	-1.245006	-27.903069	1.583897	-1.323874	-27.919178	1.327429	-1.231204	-28.012386	0.808122	-1.724084	-27.673087	1.078679	-1.201690	-28.110637	-0.062089	-2.051194	-27.695529	1.069114	-1.189141	-28.086341	-0.038596	-2.065290	-27.717657	1.102150	-1.181873	-28.079479	-0.002359	-2.079680	-28.183508	0.966767	-1.167474	-28.199292	1.043397	-1.212866	-27.832830	0.949814	-1.278825	-27.869441	1.021193	-1.314933	-28.182383	0.492256	-1.205333	-27.834880	0.489549	-1.318879	-28.193055	-0.084038	-1.184454	-28.211183	-0.058887	-1.199686	-27.872201	-0.074330	-1.282133	-27.872861	-0.030385	-1.321449
2192	30.440537	00:00:30:32	-27.989761	1.712006	-1.198672	-27.934406	1.589117	-1.158519	-28.023711	1.618114	-1.119288	-28.042682	1.592513	-1.270445	-28.009166	1.540571	-1.277190	-28.185620	1.596807	-1.218807	-27.872972	1.613402	-1.303886	-27.914020	1.306509	-1.207880	-28.012824	0.792482	-1.677061	-27.732141	1.072027	-1.182570	-28.089700	-0.033288	-2.033546	-27.674672	1.067045	-1.160742	-28.096370	-0.067226	-2.058647	-27.686400	1.065902	-1.207985	-28.106042	-0.061650	-2.034443	-28.201787	1.000431	-1.208921	-28.213315	1.058742	-1.242436	-27.830480	0.975493	-1.282154	-27.838236	1.073796	-1.343800	-28.199816	0.444099	-1.213057	-27.868224	0.474675	-1.281220	-28.205665	-0.084844	-1.158980	-28.207686	-0.010484	-1.171658	-27.868215	-0.104187	-1.283861	-27.828376	-0.028736	-1.314565
2193	30.454430	00:00:30:33	-28.045126	1.700248	-1.206545	-27.975727	1.610255	-1.145148	-28.048822	1.579151	-1.107363	-28.037288	1.571246	-1.264264	-28.025176	1.531067	-1.237570	-28.170240	1.622391	-1.236603	-27.886301	1.594665	-1.313996	-27.947585	1.354667	-1.225033	-27.985797	0.774353	-1.653041	-27.711117	1.101415	-1.205499	-28.085389	-0.052518	-2.039764	-27.679168	1.095264	-1.189327	-28.100295	-0.038114	-2.067802	-27.673372	1.084132	-1.175212	-28.091603	-0.030354	-2.051522	-28.171223	0.956719	-1.165401	-28.202560	1.033392	-1.250010	-27.826104	0.979783	-1.296965	-27.826077	1.034036	-1.297398	-28.194043	0.483570	-1.245128	-27.862915	0.474845	-1.282672	-28.192224	-0.091284	-1.187577	-28.197330	-0.013487	-1.199440	-27.841823	-0.100732	-1.260725	-27.871468	0.005726	-1.288244
2194	30.468324	00:00:30:34	-27.997748	1.697080	-1.217276	-27.925268	1.648338	-1.155707	-28.058315	1.618056	-1.143899	-28.012305	1.604210	-1.271359	-28.014059	1.586668	-1.246060	-28.152074	1.591325	-1.218404	-27.864230	1.609235	-1.288913	-27.948775	1.347308	-1.220752	-27.983532	0.812474	-1.656407	-27.681030	1.082842	-1.205387	-28.082298	-0.032977	-2.059943	-27.701100	1.085878	-1.187824	-28.100319	-0.033651	-2.064369	-27.685853	1.074553	-1.204605	-28.097159	-0.050529	-2.053911	-28.179698	0.994882	-1.201299	-28.184482	1.036498	-1.263872	-27.866401	1.012834	-1.285887	-27.897714	1.049074	-1.321540	-28.190240	0.453013	-1.175193	-27.834117	0.512384	-1.301615	-28.156632	-0.095683	-1.180267	-28.182968	-0.019710	-1.194379	-27.885356	-0.111598	-1.250852	-27.868527	-0.004519	-1.304424
2195	30.482217	00:00:30:35	-28.004802	1.714677	-1.235118	-27.921037	1.611945	-1.124362	-28.058671	1.613725	-1.092272	-28.021665	1.616766	-1.259446	-28.004219	1.545977	-1.233334	-28.171606	1.586610	-1.202709	-27.871688	1.598902	-1.312828	-27.916008	1.348587	-1.202672	-28.003747	0.756107	-1.721488	-27.683798	1.054710	-1.208499	-28.098462	-0.050504	-2.077533	-27.673629	1.077892	-1.202609	-28.099594	-0.066690	-2.047459	-27.700125	1.067104	-1.195851	-28.084055	-0.054164	-2.051332	-28.197683	1.008560	-1.200227	-28.196831	1.023744	-1.217779	-27.862537	0.984694	-1.285311	-27.875956	1.021853	-1.336649	-28.200962	0.467625	-1.200103	-27.850535	0.480192	-1.289703	-28.201136	-0.070851	-1.205324	-28.231648	-0.039090	-1.216172	-27.842553	-0.052378	-1.284232	-27.865083	0.004331	-1.308856
2196	30.496110	00:00:30:36	-28.014928	1.707531	-1.187145	-27.864399	1.588553	-1.195067	-28.028345	1.595697	-1.128852	-28.053721	1.623561	-1.292140	-27.991890	1.580142	-1.257210	-28.189855	1.618100	-1.216528	-27.851806	1.611490	-1.313032	-27.907424	1.323072	-1.235159	-28.000355	0.763550	-1.669350	-27.680127	1.060700	-1.199123	-28.091563	-0.069017	-2.078532	-27.681815	1.075228	-1.177716	-28.093123	-0.033589	-2.076476	-27.708138	1.076592	-1.168035	-28.054652	-0.035525	-2.069680	-28.205806	0.997121	-1.187569	-28.183400	1.052039	-1.230836	-27.844627	0.972020	-1.278449	-27.847388	1.048028	-1.308474	-28.218729	0.496830	-1.202780	-27.857219	0.450806	-1.288483	-28.186113	-0.061739	-1.205381	-28.215846	0.003242	-1.230710	-27.860716	-0.063235	-1.259061	-27.859583	-0.039131	-1.300680
2197	30.510004	00:00:30:37	-27.982114	1.670663	-1.196151	-27.919167	1.598424	-1.150314	-28.060995	1.587700	-1.106240	-28.013970	1.601629	-1.278678	-28.013019	1.583021	-1.293148	-28.161152	1.597948	-1.232939	-27.892777	1.619299	-1.319200	-27.931211	1.319594	-1.220916	-27.982012	0.798826	-1.701355	-27.697504	1.064342	-1.196440	-28.101550	-0.067132	-2.092095	-27.697064	1.090879	-1.205939	-28.117041	-0.056264	-2.091957	-27.683773	1.071944	-1.220931	-28.084807	-0.056089	-2.080474	-28.190752	0.996725	-1.194584	-28.221336	1.020713	-1.249838	-27.839975	0.975289	-1.279867	-27.882687	1.014836	-1.350715	-28.247331	0.453535	-1.216106	-27.861065	0.475569	-1.290801	-28.177061	-0.099998	-1.195911	-28.204187	-0.024012	-1.225402	-27.824141	-0.081964	-1.257852	-27.846648	-0.063669	-1.308208
2198	30.523897	00:00:30:38	-28.014063	1.711743	-1.204788	-27.965300	1.594118	-1.160928	-28.095990	1.593163	-1.134486	-28.034172	1.591080	-1.249828	-27.980959	1.571009	-1.260685	-28.172436	1.619274	-1.218859	-27.866254	1.609897	-1.317095	-27.924793	1.359973	-1.219409	-27.977054	0.770011	-1.659277	-27.703063	1.072750	-1.190090	-28.112153	-0.051717	-2.041536	-27.649077	1.042416	-1.188907	-28.094964	-0.044805	-2.056899	-27.684800	1.051859	-1.214219	-28.094040	-0.030670	-2.069033	-28.204790	0.994182	-1.214002	-28.212984	1.031072	-1.231889	-27.838877	1.000774	-1.305438	-27.852448	1.033327	-1.302260	-28.195002	0.461948	-1.213720	-27.828996	0.454488	-1.302686	-28.195268	-0.102789	-1.177570	-28.233045	-0.037927	-1.215867	-27.816650	-0.078610	-1.269677	-27.855157	-0.064076	-1.259228
2199	30.537791	00:00:30:39	-28.003200	1.695089	-1.243658	-27.917345	1.626626	-1.135320	-28.058389	1.570875	-1.119621	-28.022821	1.608866	-1.254246	-28.000167	1.571880	-1.266475	-28.150903	1.591588	-1.243689	-27.865482	1.632065	-1.314754	-27.920901	1.352950	-1.247127	-27.983334	0.804387	-1.708607	-27.669476	1.039759	-1.189168	-28.076253	-0.053233	-2.066055	-27.702187	1.071576	-1.220857	-28.086590	-0.039082	-2.050483	-27.698257	1.066867	-1.177396	-28.073629	-0.048403	-2.062689	-28.215766	1.007768	-1.234369	-28.218006	1.037658	-1.234019	-27.866669	0.977547	-1.286108	-27.838863	1.010847	-1.313293	-28.163777	0.470739	-1.202747	-27.864072	0.505807	-1.295273	-28.188171	-0.097632	-1.163828	-28.214708	-0.027890	-1.240148	-27.870769	-0.088934	-1.267387	-27.843056	-0.000865	-1.300864
2200	30.551684	00:00:30:40	-28.010408	1.723379	-1.212458	-27.933705	1.607119	-1.169412	-28.032123	1.604108	-1.137656	-28.012995	1.617631	-1.252168	-28.014883	1.544212	-1.242849	-28.166784	1.577353	-1.191574	-27.864081	1.579689	-1.348720	-27.922749	1.350223	-1.238787	-28.029861	0.758923	-1.691724	-27.697607	1.069693	-1.205676	-28.092085	-0.065250	-2.070241	-27.691724	1.084991	-1.188541	-28.088647	-0.048922	-2.054223	-27.731837	1.074603	-1.200359	-28.103917	-0.039563	-2.072829	-28.196704	1.002119	-1.195649	-28.206267	1.033359	-1.257673	-27.812748	1.003604	-1.263710	-27.830994	1.014994	-1.317802	-28.190252	0.485070	-1.213225	-27.844707	0.478439	-1.294747	-28.194027	-0.088485	-1.158643	-28.225497	-0.034075	-1.215297	-27.838688	-0.080250	-1.252852	-27.847430	-0.045252	-1.304270
2201	30.565578	00:00:30:41	-28.008890	1.738698	-1.231555	-27.960356	1.633325	-1.149661	-28.036168	1.583722	-1.106069	-28.027242	1.593386	-1.232515	-27.998534	1.600307	-1.236811	-28.187432	1.589522	-1.207059	-27.903367	1.587931	-1.321608	-27.928559	1.333466	-1.178947	-27.975881	0.767562	-1.676689	-27.677587	1.104090	-1.148891	-28.108284	-0.071388	-2.028589	-27.682283	1.060458	-1.230326	-28.115058	-0.068226	-2.065166	-27.691826	1.072170	-1.157329	-28.099223	-0.048226	-2.070301	-28.176604	0.976316	-1.188399	-28.182542	1.041140	-1.212733	-27.815013	0.988718	-1.263822	-27.834406	1.060349	-1.312252	-28.197898	0.462250	-1.235446	-27.834555	0.438959	-1.277317	-28.187386	-0.084595	-1.187802	-28.209778	-0.038983	-1.224204	-27.858166	-0.073610	-1.255686	-27.850449	-0.011275	-1.311463
2202	30.579471	00:00:30:42	-28.026994	1.758403	-1.192620	-27.959310	1.649668	-1.170505	-28.047211	1.609071	-1.113509	-28.052231	1.614277	-1.244213	-27.990617	1.556894	-1.231479	-28.179392	1.608902	-1.242300	-27.876101	1.592545	-1.325367	-27.914433	1.321644	-1.230555	-27.985187	0.773886	-1.700601	-27.697925	1.086252	-1.151314	-28.064806	-0.054150	-2.066328	-27.687311	1.085608	-1.185451	-28.104075	-0.046661	-2.050026	-27.663211	1.063529	-1.205081	-28.076151	-0.048742	-2.082527	-28.174686	1.001846	-1.223607	-28.193732	1.015466	-1.238520	-27.858171	0.963831	-1.292962	-27.838838	1.038637	-1.286535	-28.184964	0.483428	-1.178340	-27.830128	0.495168	-1.285540	-28.209155	-0.063758	-1.190907	-28.210022	0.002006	-1.204891	-27.861984	-0.092530	-1.268315	-27.829726	-0.003307	-1.328899
2203	30.593365	00:00:30:43	-27.996405	1.729334	-1.224877	-27.929580	1.605644	-1.155002	-28.073924	1.561613	-1.106116	-28.033560	1.609906	-1.302549	-28.010433	1.559091	-1.250818	-28.157804	1.597348	-1.260849	-27.875261	1.616801	-1.305070	-27.914475	1.335282	-1.207333	-27.986332	0.762393	-1.667750	-27.689866	1.052222	-1.199424	-28.058349	-0.074390	-2.052900	-27.710476	1.096329	-1.173398	-28.064098	-0.029858	-2.065821	-27.704159	1.062406	-1.177407	-28.090405	-0.052945	-2.038173	-28.179180	0.997827	-1.228195	-28.200716	1.034406	-1.246202	-27.843923	1.000550	-1.268362	-27.833611	1.008066	-1.327107	-28.211598	0.473252	-1.194275	-27.814637	0.467131	-1.287743	-28.160450	-0.060144	-1.197907	-28.184529	-0.050953	-1.198389	-27.868145	-0.075913	-1.255608	-27.843202	-0.060542	-1.328957
2204	30.607258	00:00:30:44	-28.030480	1.705857	-1.213510	-27.962327	1.593864	-1.161253	-28.071455	1.638947	-1.111340	-28.021739	1.623356	-1.273634	-28.008318	1.558878	-1.237072	-28.175336	1.596545	-1.262121	-27.874699	1.587879	-1.293173	-27.912528	1.330640	-1.242055	-27.997126	0.763585	-1.663044	-27.683046	1.111104	-1.181814	-28.079793	-0.068210	-2.064868	-27.699419	1.071452	-1.186532	-28.083699	-0.023753	-2.037764	-27.718722	1.065837	-1.188755	-28.116430	-0.051885	-2.041080	-28.196335	0.963023	-1.187307	-28.208988	1.025372	-1.246811	-27.842322	0.970433	-1.263975	-27.823826	1.030929	-1.320522	-28.189816	0.512116	-1.207820	-27.841049	0.486446	-1.266021	-28.182526	-0.063261	-1.183044	-28.191191	-0.014693	-1.215013	-27.865377	-0.060169	-1.255909	-27.847585	-0.030581	-1.319653
2205	30.621151	00:00:30:45	-28.026124	1.690328	-1.225582	-27.956076	1.612231	-1.179524	-28.060828	1.604855	-1.124380	-28.006125	1.608812	-1.251344	-27.993859	1.569918	-1.226837	-28.160987	1.624412	-1.242598	-27.861599	1.625331	-1.298403	-27.934809	1.342904	-1.220586	-27.971734	0.788521	-1.668450	-27.693818	1.088844	-1.167635	-28.091928	-0.040163	-2.061936	-27.670042	1.092521	-1.175210	-28.064628	-0.033725	-2.047185	-27.706666	1.093603	-1.182965	-28.120791	-0.019116	-2.078730	-28.218464	1.015570	-1.196796	-28.173336	1.065880	-1.259795	-27.808086	0.984298	-1.264345	-27.842014	1.018736	-1.328494	-28.203036	0.471367	-1.215232	-27.839640	0.472284	-1.265759	-28.194152	-0.076822	-1.169765	-28.231337	-0.034931	-1.190400	-27.863008	-0.090754	-1.262685	-27.844451	-0.053756	-1.296948
2206	30.635045	00:00:30:46	-28.028110	1.722267	-1.220724	-27.964763	1.638813	-1.138954	-28.048814	1.613479	-1.140807	-28.047488	1.597159	-1.271460	-28.017489	1.587512	-1.248101	-28.201412	1.609363	-1.227656	-27.880841	1.643138	-1.315601	-27.923272	1.378106	-1.217747	-27.979965	0.785094	-1.681599	-27.666451	1.081345	-1.189983	-28.116811	-0.056139	-2.074710	-27.695428	1.078905	-1.205979	-28.098689	-0.033240	-2.033387	-27.731070	1.081888	-1.135538	-28.101295	-0.036699	-2.086294	-28.168671	0.968673	-1.211466	-28.194179	1.036080	-1.230832	-27.866532	0.999608	-1.283982	-27.833780	1.035850	-1.330641	-28.199564	0.490524	-1.223053	-27.832902	0.480835	-1.268661	-28.214549	-0.064635	-1.172817	-28.199610	-0.027335	-1.225623	-27.835223	-0.040604	-1.264424	-27.853246	0.001750	-1.325940
2207	30.648938	00:00:30:47	-28.037562	1.701812	-1.223794	-27.933918	1.631696	-1.172527	-28.034291	1.593660	-1.136226	-28.023284	1.604897	-1.282246	-28.001916	1.559543	-1.243677	-28.161344	1.608994	-1.232598	-27.850922	1.613492	-1.296007	-27.905414	1.363570	-1.217052	-27.973917	0.780757	-1.680851	-27.694153	1.057469	-1.175584	-28.096643	-0.060825	-2.026109	-27.667445	1.071595	-1.180504	-28.126642	-0.054571	-2.063840	-27.655366	1.089054	-1.169108	-28.093110	-0.034561	-2.062835	-28.190731	1.005744	-1.196535	-28.173261	1.058573	-1.231082	-27.830304	0.991435	-1.257425	-27.843907	1.057128	-1.318341	-28.203560	0.477092	-1.185019	-27.850390	0.478752	-1.290563	-28.169411	-0.074914	-1.203577	-28.185775	-0.026069	-1.231968	-27.870481	-0.081072	-1.232318	-27.866952	-0.029145	-1.323103
2208	30.662832	00:00:30:48	-28.003043	1.690821	-1.199887	-27.943114	1.643401	-1.175598	-28.045427	1.574495	-1.120879	-28.001671	1.595567	-1.258158	-28.025621	1.586688	-1.237020	-28.168923	1.582678	-1.243888	-27.859900	1.573837	-1.317008	-27.922517	1.379678	-1.197175	-27.981760	0.767783	-1.657519	-27.674819	1.070678	-1.169028	-28.111498	-0.034783	-2.080311	-27.689643	1.082859	-1.191319	-28.079256	-0.052595	-2.038185	-27.698232	1.053524	-1.178780	-28.063589	-0.069358	-2.087637	-28.172233	0.994384	-1.183004	-28.180322	1.050280	-1.224713	-27.882821	0.972742	-1.284295	-27.828771	1.035715	-1.298359	-28.186490	0.445842	-1.207782	-27.825325	0.462202	-1.259788	-28.175799	-0.063914	-1.192058	-28.206939	-0.066836	-1.283097	-27.845305	-0.100820	-1.286897	-27.891772	-0.033086	-1.314655
2209	30.676725	00:00:30:49	-27.997114	1.700668	-1.206036	-27.909245	1.616696	-1.147889	-28.034890	1.593811	-1.154220	-27.990717	1.599141	-1.283084	-28.020057	1.590769	-1.232601	-28.191750	1.608521	-1.219830	-27.878495	1.603754	-1.306291	-27.905570	1.306972	-1.243721	-27.989834	0.780307	-1.672005	-27.697290	1.099297	-1.163642	-28.095488	-0.044424	-2.067536	-27.682515	1.070603	-1.199706	-28.124482	-0.038526	-2.073132	-27.722930	1.049299	-1.181011	-28.116774	-0.022391	-2.068326	-28.199112	0.979713	-1.186526	-28.193117	1.007266	-1.209323	-27.825474	0.959159	-1.296689	-27.834878	1.016402	-1.338136	-28.199285	0.500037	-1.192987	-27.854441	0.477327	-1.265038	-28.200805	-0.080906	-1.203227	-28.216193	-0.040946	-1.183930	-27.813394	-0.051255	-1.263410	-27.834420	-0.046271	-1.314724
2210	30.690619	00:00:30:50	-28.029815	1.723212	-1.189201	-27.951798	1.644664	-1.117147	-28.057904	1.579223	-1.138466	-28.011641	1.597732	-1.271819	-28.013960	1.583470	-1.214777	-28.176696	1.603023	-1.249598	-27.886089	1.619019	-1.298913	-27.929210	1.311847	-1.232271	-27.972243	0.755582	-1.674536	-27.687612	1.075640	-1.176533	-28.064868	-0.052115	-2.062215	-27.678937	1.110451	-1.164640	-28.138121	-0.014571	-2.024526	-27.700163	1.074001	-1.158659	-28.078512	-0.071457	-2.035809	-28.168131	0.992447	-1.209517	-28.168843	1.032940	-1.222630	-27.839483	0.974463	-1.278790	-27.857530	1.028367	-1.323427	-28.179741	0.480234	-1.192586	-27.866399	0.472484	-1.300257	-28.183485	-0.044002	-1.185739	-28.225550	-0.028093	-1.248581	-27.837089	-0.067131	-1.259298	-27.845539	-0.069296	-1.295397
2211	30.704512	00:00:30:51	-28.044951	1.714857	-1.239896	-27.972836	1.614797	-1.150245	-28.045695	1.602920	-1.146392	-28.026980	1.605851	-1.278220	-28.024137	1.564098	-1.247085	-28.188222	1.600673	-1.233284	-27.877229	1.608668	-1.304612	-27.936687	1.370710	-1.191153	-27.989815	0.802863	-1.686330	-27.688919	1.071080	-1.191055	-28.082963	-0.044587	-2.075303	-27.675600	1.065809	-1.145228	-28.088080	-0.066433	-2.061038	-27.695897	1.091626	-1.169077	-28.103810	-0.059848	-2.053427	-28.168145	0.966221	-1.212575	-28.195552	1.016188	-1.241890	-27.846402	0.977173	-1.278449	-27.850479	1.019072	-1.327438	-28.230251	0.431356	-1.232643	-27.857436	0.490242	-1.291343	-28.211524	-0.068946	-1.198235	-28.198104	-0.030671	-1.178789	-27.853110	-0.064678	-1.274163	-27.854597	-0.028478	-1.292826
2212	30.718406	00:00:30:52	-28.022312	1.716759	-1.212944	-27.913770	1.619487	-1.163918	-28.050346	1.595680	-1.109286	-28.041591	1.596552	-1.289991	-28.033705	1.563894	-1.266707	-28.199235	1.582116	-1.238267	-27.868569	1.594967	-1.290207	-27.907591	1.334766	-1.181143	-27.980762	0.770906	-1.692294	-27.709265	1.067346	-1.173828	-28.083981	-0.051849	-2.070426	-27.687784	1.063042	-1.191775	-28.137070	-0.026134	-2.016507	-27.689399	1.032845	-1.183239	-28.106375	-0.062799	-2.062963	-28.177783	0.976379	-1.240530	-28.182953	1.032744	-1.224306	-27.826754	0.999605	-1.275727	-27.866839	1.029595	-1.301666	-28.175953	0.454260	-1.213467	-27.845144	0.487562	-1.284690	-28.171887	-0.084399	-1.183919	-28.166609	-0.041943	-1.230436	-27.833583	-0.081953	-1.264001	-27.843245	-0.055878	-1.289135
2213	30.732299	00:00:30:53	-28.013561	1.699750	-1.197367	-27.938011	1.623522	-1.153235	-28.040554	1.596268	-1.118452	-28.021696	1.592592	-1.275476	-28.056434	1.568498	-1.237714	-28.197455	1.596063	-1.215463	-27.853457	1.601857	-1.333294	-27.926631	1.352776	-1.225252	-27.978775	0.786501	-1.695698	-27.729661	1.067817	-1.187557	-28.063949	-0.033035	-2.044153	-27.688537	1.067555	-1.163967	-28.052232	-0.025846	-2.088274	-27.672865	1.073224	-1.182619	-28.111333	-0.060700	-2.075220	-28.193067	1.006712	-1.182666	-28.227771	1.035283	-1.254971	-27.879433	0.989895	-1.270490	-27.866662	1.046796	-1.312774	-28.197753	0.434138	-1.188665	-27.829700	0.471346	-1.278491	-28.169441	-0.113782	-1.179272	-28.203018	-0.038660	-1.229570	-27.825267	-0.065661	-1.232099	-27.845354	-0.035883	-1.309148
2214	30.746192	00:00:30:54	-28.008805	1.734818	-1.224285	-27.948542	1.612123	-1.127322	-28.048319	1.570874	-1.126834	-28.048696	1.579636	-1.258092	-28.008092	1.567370	-1.248691	-28.165659	1.592249	-1.223783	-27.895354	1.566134	-1.318035	-27.967872	1.344848	-1.202965	-27.953947	0.772521	-1.691782	-27.671032	1.049818	-1.151107	-28.099412	-0.039346	-2.054594	-27.681951	1.098032	-1.160500	-28.091066	-0.073262	-2.053656	-27.700353	1.070307	-1.164884	-28.100687	-0.036370	-2.062549	-28.198610	0.978382	-1.227572	-28.208038	1.012837	-1.231990	-27.841386	1.014828	-1.260474	-27.853596	1.048431	-1.323707	-28.183849	0.486822	-1.230635	-27.842999	0.481408	-1.284200	-28.213694	-0.112951	-1.168128	-28.189119	-0.048935	-1.233821	-27.830957	-0.049111	-1.260686	-27.838016	-0.003400	-1.304279
2215	30.760086	00:00:30:55	-28.013290	1.698513	-1.220711	-27.958110	1.617668	-1.175947	-28.033017	1.640150	-1.140632	-28.020573	1.599647	-1.303282	-28.047316	1.566920	-1.225969	-28.153266	1.626429	-1.218033	-27.889544	1.574041	-1.294089	-27.920222	1.325811	-1.220316	-27.986382	0.785368	-1.677343	-27.653629	1.039076	-1.165556	-28.058071	-0.053556	-2.068960	-27.685119	1.073895	-1.169409	-28.100478	-0.081568	-2.028678	-27.676957	1.092450	-1.155533	-28.114742	-0.031025	-2.098067	-28.162657	0.989749	-1.195019	-28.223914	1.011380	-1.232825	-27.825928	0.977275	-1.257815	-27.818725	1.005088	-1.335822	-28.203174	0.490520	-1.222012	-27.851756	0.477910	-1.295314	-28.183895	-0.074851	-1.153179	-28.200114	-0.042718	-1.227128	-27.812976	-0.085976	-1.247256	-27.841407	-0.047790	-1.275221
2216	30.773979	00:00:30:56	-27.988732	1.693717	-1.178454	-27.918695	1.604179	-1.160169	-28.054655	1.579775	-1.145568	-28.031312	1.586808	-1.252161	-27.984249	1.551924	-1.273290	-28.152625	1.582899	-1.227980	-27.874876	1.620602	-1.329039	-27.914700	1.339263	-1.194758	-27.998225	0.764247	-1.684309	-27.693616	1.090483	-1.132162	-28.104812	-0.034045	-2.070516	-27.677783	1.087281	-1.185415	-28.135953	-0.053201	-2.036538	-27.704552	1.076239	-1.141816	-28.111215	-0.045855	-2.063257	-28.177997	1.000302	-1.196725	-28.218621	1.018873	-1.271051	-27.844887	0.981138	-1.286066	-27.875689	1.064715	-1.353141	-28.188722	0.482329	-1.224934	-27.815027	0.455687	-1.278528	-28.190166	-0.078772	-1.173256	-28.193308	-0.040546	-1.189502	-27.872791	-0.091772	-1.284838	-27.844955	-0.038279	-1.297448
2217	30.787873	00:00:30:57	-28.021882	1.699644	-1.223075	-27.945680	1.633642	-1.125126	-28.039612	1.617604	-1.115888	-28.023480	1.625561	-1.288443	-28.023780	1.595751	-1.262522	-28.156655	1.573677	-1.243823	-27.860042	1.617692	-1.283994	-27.915541	1.348005	-1.172249	-27.988518	0.774810	-1.678790	-27.703173	1.077067	-1.187132	-28.098733	-0.026402	-2.059368	-27.686851	1.072730	-1.160951	-28.115156	-0.009631	-2.071510	-27.706651	1.135837	-1.132698	-28.110716	-0.035554	-2.063076	-28.206110	1.004341	-1.196711	-28.196084	1.040855	-1.253385	-27.821112	0.982103	-1.290098	-27.876929	1.033155	-1.283826	-28.184559	0.462134	-1.194971	-27.816110	0.475215	-1.284878	-28.200459	-0.088948	-1.166944	-28.202078	-0.025276	-1.203951	-27.821984	-0.091568	-1.249557	-27.820068	-0.031958	-1.292230
2218	30.801766	00:00:30:58	-28.003904	1.715586	-1.200940	-27.927640	1.602794	-1.171981	-28.045694	1.608400	-1.116545	-28.022978	1.630351	-1.262017	-28.004505	1.588361	-1.212406	-28.153635	1.582870	-1.274794	-27.874366	1.612809	-1.330233	-27.947772	1.362864	-1.185668	-27.962453	0.750045	-1.663427	-27.703719	1.063480	-1.151887	-28.116641	-0.016576	-2.048008	-27.683280	1.059148	-1.148289	-28.078081	-0.022577	-2.054515	-27.706940	1.063130	-1.163192	-28.077011	-0.059362	-2.058792	-28.193921	0.994947	-1.214379	-28.227864	1.051482	-1.225006	-27.809843	0.985368	-1.292984	-27.862354	1.011315	-1.312370	-28.192472	0.491997	-1.225015	-27.836850	0.490950	-1.284033	-28.203642	-0.094004	-1.185963	-28.173924	-0.039543	-1.223363	-27.841226	-0.106818	-1.237191	-27.848087	-0.014649	-1.255745
2219	30.815660	00:00:30:59	-28.021915	1.717796	-1.206010	-27.927653	1.624482	-1.159076	-28.063772	1.618444	-1.137476	-28.031931	1.622158	-1.262264	-28.015516	1.561320	-1.265171	-28.152797	1.585410	-1.237635	-27.874527	1.622241	-1.296451	-27.946033	1.338805	-1.184891	-28.005138	0.761462	-1.675119	-27.697256	1.087829	-1.164093	-28.098161	-0.049507	-2.057201	-27.697885	1.086147	-1.181654	-28.099724	-0.070358	-2.061550	-27.665102	1.087279	-1.175347	-28.084055	-0.051557	-2.040620	-28.186722	0.949185	-1.210732	-28.214770	1.035335	-1.239296	-27.840779	0.989504	-1.272224	-27.863013	1.042085	-1.343298	-28.202451	0.475203	-1.244948	-27.844801	0.490344	-1.287453	-28.193930	-0.081304	-1.162515	-28.182541	-0.055742	-1.220779	-27.840839	-0.061747	-1.237090	-27.841056	-0.063499	-1.289858
2220	30.829553	00:00:30:60	-27.996578	1.689969	-1.185310	-27.919042	1.645336	-1.145014	-28.037656	1.617288	-1.138566	-28.035750	1.607596	-1.259036	-28.038816	1.556344	-1.235393	-28.171644	1.604012	-1.224940	-27.909808	1.601215	-1.342460	-27.910412	1.326067	-1.221429	-27.990488	0.740784	-1.671204	-27.703547	1.095809	-1.192085	-28.092197	-0.032735	-2.060715	-27.662892	1.081874	-1.176962	-28.081423	-0.007757	-2.062196	-27.643182	1.049917	-1.173241	-28.080094	-0.023980	-2.062236	-28.155685	0.982755	-1.198477	-28.201051	1.006094	-1.230534	-27.897937	0.977817	-1.282874	-27.851304	1.030535	-1.298043	-28.178590	0.468057	-1.199961	-27.839469	0.476254	-1.282899	-28.174333	-0.084936	-1.176001	-28.224157	-0.011184	-1.217871	-27.827474	-0.060042	-1.251800	-27.857282	-0.051101	-1.277047
2221	30.843447	00:00:30:61	-27.994415	1.696865	-1.216610	-27.936532	1.612111	-1.167563	-28.026670	1.594245	-1.116539	-28.027521	1.605981	-1.260242	-28.054153	1.548768	-1.228033	-28.178015	1.617712	-1.235486	-27.898868	1.573285	-1.317243	-27.927785	1.337939	-1.189533	-27.974932	0.766047	-1.704003	-27.680645	1.084280	-1.165798	-28.086538	-0.060537	-2.043493	-27.680384	1.098621	-1.164137	-28.094047	-0.053157	-2.100168	-27.687592	1.037412	-1.175191	-28.076893	-0.073593	-2.063966	-28.175752	0.949091	-1.172482	-28.201439	1.014380	-1.239704	-27.864602	0.956628	-1.237250	-27.825366	1.039366	-1.299409	-28.203399	0.465031	-1.210333	-27.870709	0.484757	-1.269114	-28.177992	-0.067260	-1.180744	-28.183881	-0.043454	-1.207760	-27.862359	-0.085292	-1.250769	-27.858920	-0.021822	-1.290010
2222	30.857340	00:00:30:62	-28.018766	1.698600	-1.231478	-27.981209	1.591165	-1.169750	-28.047235	1.596642	-1.140088	-28.038281	1.595378	-1.274977	-28.031056	1.611782	-1.225918	-28.139414	1.606798	-1.271209	-27.892124	1.599726	-1.311963	-27.923330	1.338243	-1.184446	-27.986711	0.776503	-1.699692	-27.693410	1.085160	-1.172855	-28.089042	-0.029728	-2.055491	-27.683820	1.058338	-1.155097	-28.083426	-0.031390	-2.049203	-27.664703	1.070805	-1.176784	-28.119835	-0.024983	-2.077808	-28.212986	0.985344	-1.228822	-28.199089	1.037989	-1.259182	-27.829626	0.980753	-1.264897	-27.865230	1.041313	-1.327079	-28.202632	0.455171	-1.195540	-27.862991	0.471673	-1.287952	-28.175420	-0.092908	-1.174687	-28.224713	-0.050500	-1.203353	-27.823665	-0.085213	-1.278898	-27.838337	-0.044118	-1.285859
2223	30.871233	00:00:30:63	-28.044237	1.734814	-1.207772	-27.943032	1.626096	-1.152054	-28.043917	1.610244	-1.128168	-28.010768	1.613189	-1.254687	-28.016559	1.558054	-1.243549	-28.159780	1.601788	-1.261103	-27.852922	1.608278	-1.292604	-27.926316	1.306725	-1.207140	-27.987363	0.773297	-1.700345	-27.702527	1.077711	-1.161627	-28.105248	-0.028411	-2.075104	-27.716306	1.064300	-1.190581	-28.095801	-0.042355	-2.083676	-27.703952	1.063010	-1.187051	-28.091730	-0.063125	-2.030661	-28.159726	0.994697	-1.186699	-28.192344	1.055392	-1.265466	-27.822679	0.972790	-1.278557	-27.824343	1.051559	-1.312135	-28.177862	0.468034	-1.196681	-27.845464	0.436849	-1.292064	-28.154908	-0.081450	-1.209088	-28.227481	-0.006465	-1.215537	-27.826618	-0.056998	-1.230028	-27.823921	-0.049152	-1.303538
2224	30.885127	00:00:30:64	-28.041103	1.727403	-1.202603	-27.927206	1.636393	-1.169878	-28.068179	1.583842	-1.154682	-28.023888	1.622473	-1.270214	-28.030550	1.579490	-1.254825	-28.192721	1.584953	-1.233086	-27.876859	1.587146	-1.285688	-27.924460	1.342084	-1.210804	-28.008819	0.778212	-1.659316	-27.686152	1.089512	-1.163004	-28.084236	-0.040442	-2.070496	-27.673327	1.074067	-1.143994	-28.085749	-0.057627	-2.091108	-27.676555	1.066790	-1.161937	-28.103846	-0.047977	-2.065639	-28.177268	0.981605	-1.195190	-28.226727	0.992743	-1.221541	-27.845439	0.982767	-1.278508	-27.860403	1.015084	-1.337606	-28.206516	0.486541	-1.218678	-27.879078	0.481675	-1.291750	-28.185212	-0.088467	-1.141615	-28.167859	-0.060856	-1.221586	-27.829811	-0.090723	-1.264838	-27.850411	-0.026130	-1.282445
2225	30.899020	00:00:30:65	-28.007822	1.734450	-1.217151	-27.939009	1.638469	-1.157496	-28.048705	1.571113	-1.146742	-28.018785	1.612203	-1.259006	-28.015918	1.531602	-1.238953	-28.174268	1.618966	-1.242022	-27.877436	1.603130	-1.280247	-27.922135	1.327789	-1.217724	-27.971129	0.794707	-1.694657	-27.705116	1.057332	-1.150257	-28.073225	-0.017595	-2.083747	-27.675707	1.082264	-1.166420	-28.088315	-0.016622	-2.061725	-27.659589	1.043340	-1.155249	-28.089503	-0.059153	-2.054828	-28.207358	0.955279	-1.184974	-28.212634	1.013700	-1.249328	-27.824117	0.969041	-1.282194	-27.850173	0.985205	-1.311783	-28.215704	0.476008	-1.219010	-27.827468	0.452530	-1.305291	-28.185265	-0.050816	-1.170741	-28.192782	-0.037299	-1.226013	-27.860123	-0.070284	-1.266804	-27.840281	-0.049492	-1.310344
2226	30.912914	00:00:30:66	-28.027448	1.719711	-1.244308	-27.945712	1.613771	-1.154688	-28.057721	1.604459	-1.121211	-28.049969	1.587324	-1.270932	-28.027518	1.584370	-1.255671	-28.166884	1.603343	-1.225232	-27.886098	1.622895	-1.281864	-27.946158	1.348220	-1.217566	-27.964621	0.752219	-1.692060	-27.700845	1.092261	-1.174059	-28.107734	-0.018376	-2.023232	-27.694863	1.077874	-1.139531	-28.048706	-0.037909	-2.066047	-27.686243	1.065271	-1.167971	-28.059316	-0.061849	-2.057304	-28.222927	0.985569	-1.184164	-28.202020	1.025223	-1.256438	-27.858468	1.006555	-1.302065	-27.842419	1.015780	-1.308910	-28.227380	0.445476	-1.228715	-27.831247	0.459738	-1.299151	-28.158056	-0.079863	-1.165594	-28.209868	0.000460	-1.230261	-27.844160	-0.094129	-1.265207	-27.843694	-0.030041	-1.265996
2227	30.926807	00:00:30:67	-28.019922	1.701751	-1.230116	-27.944900	1.594735	-1.144589	-28.078018	1.576627	-1.153195	-28.028016	1.596674	-1.280884	-28.052194	1.559333	-1.220943	-28.173248	1.568867	-1.222195	-27.876630	1.610680	-1.292584	-27.938271	1.329113	-1.206092	-27.964515	0.762825	-1.658847	-27.679845	1.055696	-1.152663	-28.098279	-0.070626	-2.062847	-27.689846	1.071735	-1.172470	-28.088631	-0.056260	-2.064560	-27.681085	1.087902	-1.171571	-28.094032	-0.035590	-2.076321	-28.195424	0.972491	-1.210043	-28.191160	1.027583	-1.207663	-27.837921	0.995320	-1.286348	-27.835775	1.054267	-1.307382	-28.183361	0.479713	-1.211373	-27.843131	0.459774	-1.276493	-28.200159	-0.060665	-1.162553	-28.215677	-0.019236	-1.205305	-27.824557	-0.046725	-1.240089	-27.862859	-0.015521	-1.295141
2228	30.940701	00:00:30:68	-28.025289	1.665838	-1.232880	-27.903342	1.605674	-1.147696	-28.034720	1.605822	-1.141863	-28.012713	1.622616	-1.285493	-28.017045	1.560593	-1.252129	-28.130947	1.611642	-1.239022	-27.886761	1.579649	-1.313122	-27.948757	1.341979	-1.199475	-27.998384	0.757099	-1.693897	-27.688016	1.069406	-1.165624	-28.109635	0.015519	-2.068073	-27.668479	1.065265	-1.157524	-28.105194	-0.040618	-2.061037	-27.690668	1.060690	-1.156082	-28.108525	-0.053832	-2.070719	-28.203933	0.993853	-1.203449	-28.253358	1.019886	-1.259371	-27.834996	0.967512	-1.277946	-27.833242	1.017169	-1.338456	-28.194434	0.502120	-1.194231	-27.850555	0.488417	-1.282848	-28.167042	-0.108818	-1.166738	-28.238237	-0.037076	-1.212333	-27.820211	-0.058414	-1.272978	-27.827154	-0.026471	-1.339058
2229	30.954594	00:00:30:69	-27.983723	1.724130	-1.174620	-27.943080	1.605514	-1.140565	-28.063036	1.605404	-1.131118	-28.006850	1.585450	-1.277110	-27.982941	1.549281	-1.258103	-28.159560	1.605876	-1.230885	-27.887600	1.568468	-1.325104	-27.930762	1.341948	-1.209863	-27.974667	0.800327	-1.664330	-27.711379	1.072198	-1.163001	-28.088427	-0.050260	-2.073309	-27.700570	1.081678	-1.185583	-28.083233	-0.058501	-2.062371	-27.699926	1.063575	-1.177738	-28.077473	-0.062831	-2.043015	-28.188604	0.984600	-1.204218	-28.207501	1.019426	-1.242491	-27.876664	0.993285	-1.274114	-27.898574	1.067964	-1.298267	-28.172484	0.502328	-1.227954	-27.846156	0.434819	-1.252837	-28.185014	-0.079004	-1.179757	-28.167360	-0.033155	-1.192334	-27.837729	-0.099334	-1.265068	-27.842423	-0.018784	-1.308773
2230	30.968488	00:00:30:70	-27.982829	1.684428	-1.225549	-27.936461	1.588698	-1.169456	-28.008552	1.601503	-1.135714	-28.034976	1.632009	-1.273381	-27.994326	1.576289	-1.233028	-28.166191	1.618428	-1.241442	-27.880377	1.617166	-1.273335	-27.936536	1.351454	-1.223012	-27.998973	0.791554	-1.715753	-27.658908	1.056202	-1.164463	-28.098327	-0.029889	-2.075310	-27.679216	1.084615	-1.192865	-28.102156	-0.053045	-2.073091	-27.672849	1.067415	-1.181391	-28.104111	-0.039542	-2.039915	-28.197241	0.972578	-1.162697	-28.194998	1.036215	-1.262961	-27.834210	0.988082	-1.267585	-27.879217	1.017781	-1.298390	-28.216286	0.475988	-1.207133	-27.842914	0.477955	-1.270334	-28.215783	-0.077263	-1.163826	-28.153551	-0.003239	-1.205387	-27.846093	-0.081184	-1.254744	-27.867397	-0.023993	-1.293483
2231	30.982381	00:00:30:71	-27.997946	1.718414	-1.223133	-27.939876	1.651046	-1.151914	-28.068387	1.607285	-1.114256	-28.018034	1.611869	-1.280775	-27.997958	1.593178	-1.241588	-28.170219	1.591741	-1.261191	-27.851577	1.586726	-1.278903	-27.922552	1.320804	-1.208701	-28.007679	0.773984	-1.704738	-27.698618	1.078486	-1.172820	-28.085109	-0.034499	-2.071377	-27.684619	1.091982	-1.119733	-28.134042	-0.035507	-2.044344	-27.687890	1.075007	-1.143259	-28.100375	-0.070007	-2.059605	-28.168041	0.990305	-1.216081	-28.179499	1.025142	-1.237735	-27.872590	0.975544	-1.261836	-27.856580	1.028949	-1.288154	-28.183782	0.481557	-1.173493	-27.854761	0.468231	-1.287862	-28.170888	-0.055445	-1.163403	-28.221851	-0.030343	-1.169710	-27.847776	-0.055698	-1.274550	-27.867721	-0.013315	-1.304142
2232	30.996274	00:00:30:00	-27.990632	1.727213	-1.193898	-27.926098	1.612415	-1.128244	-28.046299	1.598522	-1.088827	-28.014415	1.597252	-1.272735	-28.015418	1.570533	-1.223125	-28.153728	1.611354	-1.258916	-27.886398	1.612273	-1.303056	-27.959397	1.351584	-1.200045	-27.996443	0.837814	-1.667468	-27.657858	1.090268	-1.147548	-28.083948	-0.049483	-2.060593	-27.674754	1.090488	-1.179038	-28.062446	-0.045598	-2.055581	-27.719624	1.093574	-1.155044	-28.093923	-0.047764	-2.067772	-28.168573	1.004856	-1.165355	-28.169730	1.025466	-1.221792	-27.865616	0.979445	-1.279249	-27.817583	1.035048	-1.325485	-28.180057	0.473382	-1.225450	-27.816970	0.490183	-1.277562	-28.186623	-0.076654	-1.209152	-28.202716	-0.025363	-1.219803	-27.843683	-0.050946	-1.228557	-27.873175	-0.005267	-1.288108
2233	31.010168	00:00:31:01	-28.002829	1.702276	-1.193665	-27.903282	1.637946	-1.169589	-28.066865	1.643495	-1.125516	-27.999013	1.578768	-1.276793	-27.998396	1.581906	-1.247502	-28.129651	1.574981	-1.226929	-27.872894	1.614030	-1.298253	-27.951640	1.330654	-1.166318	-27.980473	0.793870	-1.653814	-27.689254	1.100310	-1.160362	-28.101303	-0.037497	-2.053410	-27.692339	1.069504	-1.165145	-28.095858	-0.026889	-2.037817	-27.703397	1.114213	-1.132221	-28.071921	-0.033963	-2.052854	-28.195578	1.014223	-1.203366	-28.215823	1.033848	-1.264225	-27.823665	0.952553	-1.257022	-27.849279	1.007523	-1.280531	-28.215764	0.465274	-1.203546	-27.851984	0.496302	-1.271668	-28.216750	-0.068846	-1.174261	-28.203473	-0.050494	-1.211891	-27.840788	-0.071349	-1.253654	-27.873106	-0.044167	-1.326980
2234	31.024061	00:00:31:02	-28.003724	1.690142	-1.214175	-27.919526	1.584117	-1.179056	-28.045674	1.606360	-1.136544	-28.005595	1.630595	-1.267741	-27.990649	1.518480	-1.257251	-28.176656	1.608606	-1.219875	-27.880655	1.591522	-1.293669	-27.939347	1.324320	-1.199141	-27.997082	0.788124	-1.686357	-27.686862	1.112777	-1.165161	-28.097013	-0.019208	-2.065713	-27.701519	1.062687	-1.192724	-28.111532	-0.085782	-2.101464	-27.703750	1.075899	-1.154617	-28.101379	-0.029567	-2.057452	-28.194241	0.977162	-1.214411	-28.177607	1.037157	-1.234461	-27.858157	0.957391	-1.273353	-27.812273	1.037131	-1.331951	-28.175045	0.468131	-1.233790	-27.811649	0.465992	-1.236785	-28.183853	-0.076573	-1.171742	-28.194618	-0.033610	-1.173073	-27.876616	-0.063833	-1.267532	-27.848034	-0.032057	-1.296114
2235	31.037955	00:00:31:03	-28.030158	1.718599	-1.240618	-27.915663	1.596608	-1.145972	-28.041640	1.624280	-1.118604	-28.031311	1.598675	-1.279198	-28.019157	1.547183	-1.224209	-28.170654	1.589244	-1.232812	-27.868598	1.605238	-1.285440	-27.923320	1.332437	-1.189068	-27.959578	0.805129	-1.714941	-27.692847	1.058553	-1.129247	-28.056524	-0.063884	-2.068806	-27.687130	1.110382	-1.147138	-28.121778	-0.062558	-2.076229	-27.678356	1.051209	-1.163762	-28.109375	-0.046751	-2.072037	-28.182566	0.972729	-1.216986	-28.210421	1.006205	-1.243436	-27.808690	0.986356	-1.258018	-27.852952	1.054956	-1.316549	-28.191235	0.460445	-1.186243	-27.838726	0.476602	-1.309006	-28.190753	-0.075881	-1.178785	-28.216555	-0.012087	-1.225724	-27.840501	-0.095765	-1.280054	-27.843241	-0.019118	-1.315531
2236	31.051848	00:00:31:04	-28.023959	1.705671	-1.233253	-27.958093	1.593402	-1.181898	-28.010030	1.616722	-1.127947	-28.035989	1.589434	-1.282775	-28.010674	1.558987	-1.241855	-28.160251	1.600192	-1.257958	-27.892691	1.621344	-1.305045	-27.935373	1.298005	-1.235540	-28.011428	0.757165	-1.659514	-27.717971	1.072177	-1.186171	-28.137755	-0.045501	-2.073946	-27.687316	1.068910	-1.162549	-28.096985	-0.032498	-2.067994	-27.677401	1.096064	-1.155773	-28.097996	-0.028101	-2.034450	-28.198958	0.993768	-1.212537	-28.190061	1.027047	-1.242156	-27.814997	1.003903	-1.310149	-27.854212	1.039375	-1.295335	-28.189931	0.460185	-1.209567	-27.850448	0.466942	-1.290753	-28.175976	-0.079080	-1.195987	-28.201279	-0.061264	-1.194970	-27.838021	-0.064472	-1.264068	-27.842333	-0.030161	-1.280300
2237	31.065742	00:00:31:05	-28.054557	1.720518	-1.226029	-27.923601	1.602725	-1.153632	-28.038594	1.610743	-1.132087	-28.018285	1.587658	-1.250876	-28.013430	1.569908	-1.256941	-28.154953	1.586170	-1.227526	-27.878307	1.605632	-1.300208	-27.926198	1.355755	-1.189472	-27.962416	0.733963	-1.699519	-27.668257	1.085912	-1.132832	-28.099061	-0.058113	-2.080971	-27.701979	1.072361	-1.169029	-28.042096	-0.052522	-2.066294	-27.714976	1.091399	-1.153014	-28.097575	-0.048496	-2.077511	-28.159676	0.984906	-1.171746	-28.199654	1.031363	-1.238712	-27.841188	0.978163	-1.281992	-27.857569	1.012341	-1.320294	-28.184628	0.461707	-1.235444	-27.848414	0.466344	-1.297963	-28.156070	-0.051052	-1.181007	-28.187963	-0.050755	-1.213505	-27.852654	-0.082948	-1.270730	-27.854620	-0.041246	-1.281074
2238	31.079635	00:00:31:06	-28.013628	1.684066	-1.196020	-27.933335	1.594816	-1.163362	-28.054631	1.595061	-1.114198	-28.036493	1.593688	-1.266513	-28.013150	1.560247	-1.224111	-28.160434	1.576324	-1.195202	-27.887049	1.583340	-1.283475	-27.958281	1.334040	-1.201416	-27.986887	0.767400	-1.660751	-27.708586	1.095049	-1.147056	-28.080818	-0.056669	-2.085077	-27.687403	1.079789	-1.150427	-28.094828	-0.049159	-2.067591	-27.691036	1.042576	-1.155094	-28.080018	-0.039331	-2.073698	-28.183883	0.989530	-1.205627	-28.205037	1.026321	-1.245555	-27.842720	0.997147	-1.273556	-27.866726	1.018934	-1.315127	-28.158989	0.472990	-1.208517	-27.838360	0.473022	-1.258162	-28.212942	-0.111637	-1.153781	-28.204745	-0.065000	-1.233753	-27.860074	-0.091791	-1.250371	-27.868408	-0.028435	-1.277224
2239	31.093529	00:00:31:07	-28.021124	1.705408	-1.200752	-27.871223	1.603573	-1.151786	-28.061463	1.608611	-1.114029	-27.998321	1.573535	-1.283212	-28.002467	1.579763	-1.200274	-28.169976	1.636696	-1.242344	-27.846800	1.620278	-1.295991	-27.935265	1.333997	-1.220020	-27.979318	0.769555	-1.690531	-27.705616	1.088499	-1.151476	-28.113078	-0.039422	-2.059059	-27.686939	1.088570	-1.167774	-28.112164	-0.053519	-2.051777	-27.710943	1.058303	-1.196817	-28.107457	-0.034845	-2.067853	-28.182452	0.978096	-1.169441	-28.215903	1.021793	-1.252392	-27.808403	0.981908	-1.314053	-27.826730	1.010200	-1.312305	-28.226048	0.481952	-1.223144	-27.810375	0.475250	-1.298519	-28.185084	-0.092299	-1.151888	-28.213450	-0.001350	-1.231292	-27.840375	-0.065807	-1.260554	-27.861993	-0.041655	-1.310270
2240	31.107422	00:00:31:08	-27.992109	1.684911	-1.265656	-27.923262	1.622009	-1.150811	-28.058620	1.608595	-1.118026	-28.039585	1.604349	-1.281569	-28.042375	1.541064	-1.252818	-28.166987	1.603671	-1.221939	-27.881317	1.613265	-1.304629	-27.934340	1.333823	-1.212218	-27.973336	0.796242	-1.689703	-27.722200	1.093441	-1.139372	-28.084480	-0.033121	-2.043997	-27.680051	1.075780	-1.146796	-28.096832	-0.032984	-2.076753	-27.674002	1.081526	-1.165553	-28.083492	-0.010506	-2.080140	-28.211136	0.983724	-1.211450	-28.186423	1.023844	-1.244866	-27.849577	0.990380	-1.284519	-27.825137	1.040031	-1.310929	-28.169577	0.512549	-1.203171	-27.856414	0.497255	-1.278324	-28.180209	-0.077949	-1.179518	-28.190869	0.002470	-1.195790	-27.823169	-0.040900	-1.245373	-27.845144	-0.030089	-1.289634
2241	31.121315	00:00:31:09	-28.043022	1.695099	-1.193355	-27.953858	1.623215	-1.144375	-28.017438	1.608709	-1.130148	-28.011059	1.638805	-1.287485	-28.006027	1.572954	-1.281085	-28.173146	1.598526	-1.231450	-27.905631	1.587282	-1.297783	-27.953150	1.340866	-1.219363	-27.953037	0.773634	-1.676029	-27.686425	1.099644	-1.168041	-28.106339	-0.039269	-2.033991	-27.676975	1.067739	-1.167043	-28.111827	-0.011171	-2.043231	-27.674132	1.056328	-1.175857	-28.078782	-0.036416	-2.063373	-28.181540	0.997273	-1.197699	-28.178475	1.033620	-1.245865	-27.816899	0.965567	-1.267304	-27.861779	0.984374	-1.318804	-28.186463	0.472505	-1.223419	-27.876194	0.483011	-1.302673	-28.207604	-0.072309	-1.176840	-28.196673	-0.009365	-1.234336	-27.840469	-0.067347	-1.252472	-27.830269	-0.021861	-1.288805
2242	31.135209	00:00:31:10	-28.017644	1.704641	-1.235867	-27.927431	1.605205	-1.158627	-28.020239	1.598881	-1.104193	-28.004992	1.582050	-1.279201	-27.996233	1.543287	-1.276680	-28.166040	1.612392	-1.232949	-27.838277	1.640086	-1.292771	-27.941306	1.347617	-1.181259	-28.000735	0.756860	-1.718412	-27.710462	1.066306	-1.161910	-28.076719	-0.019027	-2.061141	-27.678692	1.083352	-1.167421	-28.079460	-0.058275	-2.051010	-27.721707	1.055446	-1.149326	-28.066609	-0.064457	-2.031572	-28.176463	0.979732	-1.221057	-28.217582	0.982482	-1.243864	-27.837479	0.985637	-1.276624	-27.841085	1.039955	-1.295657	-28.184472	0.476154	-1.232814	-27.870331	0.464043	-1.293728	-28.178610	-0.084543	-1.195012	-28.195068	-0.021644	-1.215313	-27.842116	-0.061119	-1.240315	-27.853641	-0.018734	-1.304635
2243	31.149102	00:00:31:11	-27.994879	1.703959	-1.216025	-27.930944	1.636255	-1.161253	-28.061279	1.616717	-1.109932	-28.021079	1.620135	-1.264419	-28.022305	1.566154	-1.265198	-28.152653	1.619875	-1.237704	-27.884035	1.602460	-1.305238	-27.953391	1.359623	-1.214195	-28.027035	0.770201	-1.676429	-27.663863	1.078807	-1.177767	-28.099429	-0.035764	-2.038451	-27.685508	1.061037	-1.166891	-28.096729	-0.041360	-2.064626	-27.673025	1.061419	-1.181722	-28.109014	-0.076930	-2.041721	-28.181683	0.960308	-1.206566	-28.194541	1.039119	-1.240391	-27.869276	0.978243	-1.265879	-27.862260	1.015995	-1.333195	-28.201256	0.491136	-1.214968	-27.847374	0.483256	-1.287796	-28.167137	-0.075876	-1.196401	-28.178881	-0.044464	-1.213393	-27.802509	-0.081768	-1.273938	-27.849486	-0.030770	-1.285248
2244	31.162996	00:00:31:12	-27.972362	1.675821	-1.216301	-27.944088	1.628923	-1.163948	-28.049920	1.631142	-1.150422	-28.019717	1.610087	-1.255699	-28.030961	1.585301	-1.252323	-28.184687	1.595718	-1.209778	-27.882985	1.622412	-1.289859	-27.938833	1.361072	-1.197743	-27.962398	0.800243	-1.690830	-27.678394	1.108106	-1.127732	-28.078805	-0.039530	-2.067685	-27.680278	1.061260	-1.159606	-28.095334	-0.056048	-2.085900	-27.671663	1.041214	-1.138657	-28.071041	-0.060268	-2.059752	-28.197139	0.991932	-1.200500	-28.190248	1.039569	-1.203474	-27.832446	0.975744	-1.259275	-27.801139	1.029221	-1.314992	-28.216463	0.453503	-1.186255	-27.841760	0.467092	-1.254307	-28.172845	-0.047438	-1.171061	-28.179859	-0.055498	-1.207388	-27.821099	-0.091815	-1.254513	-27.874427	-0.061884	-1.295474
2245	31.176889	00:00:31:13	-27.981030	1.710679	-1.198414	-27.937266	1.603381	-1.158463	-28.045237	1.606097	-1.145021	-28.021778	1.587812	-1.215358	-28.021021	1.576201	-1.255935	-28.135775	1.572591	-1.223908	-27.870820	1.587646	-1.313902	-27.888656	1.337214	-1.204806	-27.997128	0.802265	-1.706887	-27.691854	1.084596	-1.160706	-28.091226	-0.063830	-2.073027	-27.663052	1.071440	-1.152599	-28.122108	-0.041340	-2.069254	-27.702615	1.060188	-1.174586	-28.102978	-0.053043	-2.079099	-28.173739	0.963623	-1.220738	-28.162742	1.031512	-1.229064	-27.849697	0.967417	-1.241936	-27.839889	1.025307	-1.324136	-28.151936	0.470685	-1.213860	-27.836250	0.498941	-1.288989	-28.170017	-0.062604	-1.179407	-28.192996	-0.060841	-1.218929	-27.853075	-0.067722	-1.233409	-27.836473	-0.016006	-1.280173
2246	31.190783	00:00:31:14	-28.004948	1.679130	-1.231942	-27.922834	1.608453	-1.193997	-28.046759	1.616177	-1.141698	-28.035655	1.584222	-1.274090	-28.000177	1.564669	-1.237088	-28.160028	1.601938	-1.233861	-27.891387	1.585890	-1.313085	-27.925599	1.327882	-1.191288	-28.002754	0.767671	-1.679731	-27.715553	1.078301	-1.177979	-28.077180	-0.038344	-2.073255	-27.667941	1.071656	-1.137463	-28.059808	-0.047035	-2.033468	-27.686649	1.092114	-1.142171	-28.089219	-0.046750	-2.068100	-28.180039	0.985362	-1.207896	-28.184110	1.014665	-1.262646	-27.833651	0.981021	-1.272234	-27.833522	1.019929	-1.309866	-28.219951	0.501721	-1.213245	-27.860912	0.464334	-1.293895	-28.161338	-0.051064	-1.216100	-28.174356	-0.060436	-1.179769	-27.836300	-0.131760	-1.282033	-27.865164	-0.040079	-1.327996
2247	31.204676	00:00:31:15	-27.997740	1.701348	-1.214158	-27.935156	1.586616	-1.163238	-28.067976	1.621844	-1.123171	-27.994156	1.595130	-1.263970	-28.015518	1.562940	-1.219256	-28.170491	1.618546	-1.232860	-27.871390	1.608905	-1.285929	-27.903810	1.325929	-1.199010	-28.013975	0.782256	-1.714224	-27.654534	1.106932	-1.149470	-28.069505	-0.016140	-2.052189	-27.711390	1.093051	-1.125270	-28.064075	-0.057152	-2.070414	-27.679609	1.113653	-1.143923	-28.106869	-0.078166	-2.063445	-28.173072	0.984196	-1.234557	-28.198053	1.026072	-1.231216	-27.837584	0.988970	-1.270799	-27.862427	1.020495	-1.300392	-28.168375	0.466705	-1.231141	-27.851326	0.468221	-1.261237	-28.184482	-0.104885	-1.202909	-28.202620	0.004597	-1.213756	-27.823147	-0.100247	-1.250013	-27.824317	-0.016115	-1.289662
2248	31.218570	00:00:31:16	-28.000371	1.721334	-1.202039	-27.935716	1.621739	-1.157912	-28.030874	1.609162	-1.112745	-28.025892	1.607531	-1.255318	-28.018780	1.533744	-1.231556	-28.152289	1.592967	-1.241356	-27.874714	1.594849	-1.306288	-27.902884	1.299320	-1.232417	-27.964704	0.749577	-1.709449	-27.696516	1.067716	-1.150078	-28.087873	-0.062807	-2.070974	-27.681556	1.088685	-1.144984	-28.085289	-0.049770	-2.050808	-27.695257	1.071168	-1.144193	-28.077686	-0.013776	-2.067950	-28.171374	0.980369	-1.183167	-28.164566	0.996861	-1.237804	-27.846667	0.982295	-1.289829	-27.849235	1.059020	-1.284147	-28.169565	0.477493	-1.228998	-27.810252	0.489152	-1.286209	-28.190506	-0.083768	-1.213156	-28.197952	-0.044570	-1.217526	-27.853626	-0.048674	-1.269731	-27.834984	-0.015385	-1.300594
2249	31.232463	00:00:31:17	-27.993339	1.735832	-1.172515	-27.917252	1.611578	-1.149606	-28.061745	1.600855	-1.137111	-28.024116	1.582798	-1.246466	-28.017548	1.571837	-1.243930	-28.165816	1.606640	-1.226270	-27.892453	1.621291	-1.297168	-27.952970	1.370853	-1.188603	-27.999017	0.748876	-1.671549	-27.695358	1.083202	-1.165546	-28.091281	-0.021389	-2.077582	-27.701269	1.054117	-1.149384	-28.116066	-0.072675	-2.061454	-27.705273	1.085490	-1.149729	-28.099748	-0.044075	-2.031864	-28.174238	0.992915	-1.219510	-28.223368	1.051077	-1.233570	-27.851830	1.014400	-1.264304	-27.864100	1.019719	-1.354585	-28.202988	0.491528	-1.208262	-27.872356	0.475289	-1.305869	-28.176118	-0.129789	-1.192143	-28.217469	-0.038656	-1.192426	-27.823619	-0.064922	-1.226164	-27.856623	-0.012111	-1.297396
2250	31.246356	00:00:31:18	-27.978045	1.718863	-1.202500	-27.939007	1.609937	-1.152572	-28.037090	1.598122	-1.135515	-27.997295	1.587573	-1.286097	-28.030105	1.562511	-1.226539	-28.175717	1.585056	-1.210468	-27.870126	1.617902	-1.310731	-27.913344	1.346725	-1.196585	-27.993247	0.794763	-1.690677	-27.644481	1.086089	-1.153665	-28.115559	-0.011341	-2.032830	-27.674724	1.097999	-1.109796	-28.100633	-0.050224	-2.059718	-27.673332	1.074680	-1.178296	-28.101826	-0.071415	-2.078447	-28.177246	0.990767	-1.199249	-28.165256	1.043054	-1.229938	-27.877478	0.979060	-1.282910	-27.847148	1.019129	-1.314259	-28.193740	0.443629	-1.198735	-27.844072	0.509220	-1.293212	-28.193298	-0.095917	-1.193232	-28.188235	-0.055430	-1.214126	-27.852141	-0.088514	-1.281753	-27.812437	-0.028339	-1.289585
2251	31.260250	00:00:31:19	-28.028314	1.738959	-1.228658	-27.973536	1.588805	-1.189495	-28.061242	1.662713	-1.119450	-28.021985	1.584853	-1.278989	-28.008571	1.553611	-1.244546	-28.186423	1.614617	-1.194213	-27.913913	1.612723	-1.315703	-27.947598	1.349532	-1.205635	-28.008459	0.774365	-1.637394	-27.690953	1.078060	-1.171546	-28.123130	-0.013625	-2.061059	-27.677516	1.098507	-1.164048	-28.102125	-0.045076	-2.064770	-27.689799	1.105461	-1.147210	-28.131832	-0.042840	-2.079544	-28.181206	0.967555	-1.194667	-28.209806	1.042912	-1.247671	-27.862783	0.980014	-1.248387	-27.851164	1.031706	-1.314386	-28.204891	0.459980	-1.208021	-27.831384	0.448042	-1.283795	-28.166616	-0.021014	-1.193028	-28.219413	-0.013254	-1.212415	-27.841600	-0.073313	-1.289270	-27.836452	-0.022910	-1.293511
2252	31.274143	00:00:31:20	-28.005764	1.708151	-1.216434	-27.941310	1.597139	-1.153589	-28.050318	1.611950	-1.118424	-28.058455	1.586806	-1.282344	-28.019517	1.558166	-1.228120	-28.165027	1.567895	-1.251277	-27.885627	1.611981	-1.321411	-27.929741	1.333461	-1.188143	-27.974713	0.775812	-1.706279	-27.670261	1.059036	-1.164498	-28.090259	-0.015195	-2.063692	-27.663611	1.099446	-1.113217	-28.091694	-0.034655	-2.046802	-27.670957	1.082374	-1.159340	-28.098888	-0.039517	-2.072033	-28.202448	0.969613	-1.203780	-28.187252	1.035141	-1.227634	-27.861171	0.978809	-1.283583	-27.848265	1.000183	-1.338697	-28.225315	0.451387	-1.227600	-27.852710	0.455655	-1.310232	-28.194066	-0.080686	-1.166441	-28.206867	-0.055574	-1.198188	-27.824640	-0.108101	-1.273774	-27.879733	-0.049650	-1.288215
2253	31.288037	00:00:31:21	-28.017780	1.689449	-1.188622	-27.921749	1.641082	-1.163884	-28.031764	1.577487	-1.131943	-28.023645	1.573998	-1.258128	-27.996517	1.576707	-1.248312	-28.159586	1.593956	-1.219857	-27.885826	1.591584	-1.299358	-27.946598	1.336350	-1.192976	-28.015391	0.779054	-1.704972	-27.666339	1.052692	-1.153345	-28.115401	0.000699	-2.061745	-27.702738	1.090197	-1.161355	-28.125872	-0.038050	-2.076040	-27.667480	1.114078	-1.141747	-28.087132	-0.059112	-2.058929	-28.158471	0.999919	-1.180475	-28.195204	1.043363	-1.206062	-27.858684	0.956331	-1.292210	-27.852284	1.058158	-1.337342	-28.185226	0.473290	-1.223252	-27.846791	0.481162	-1.275900	-28.182893	-0.083747	-1.182490	-28.198888	-0.038489	-1.235249	-27.837165	-0.062125	-1.229066	-27.852605	-0.031184	-1.329107
2254	31.301930	00:00:31:22	-27.991030	1.719781	-1.203818	-27.928112	1.606701	-1.149922	-28.038339	1.606675	-1.125217	-28.016994	1.595714	-1.244580	-28.028901	1.553653	-1.241310	-28.127582	1.595818	-1.251136	-27.847497	1.582583	-1.272092	-27.933300	1.328326	-1.164097	-28.009922	0.759960	-1.676743	-27.668386	1.039316	-1.155334	-28.108914	-0.059415	-2.050319	-27.711370	1.103842	-1.126714	-28.083466	-0.047722	-2.062449	-27.714845	1.090258	-1.143371	-28.083169	-0.049930	-2.054072	-28.139422	0.987528	-1.233698	-28.195497	1.029479	-1.248308	-27.832587	0.961834	-1.279278	-27.872675	1.026667	-1.285746	-28.196667	0.472319	-1.207891	-27.869774	0.462388	-1.275054	-28.190961	-0.067065	-1.179969	-28.203509	-0.031273	-1.194074	-27.845704	-0.076873	-1.254678	-27.844914	-0.056219	-1.260829
2255	31.315824	00:00:31:23	-27.995199	1.693398	-1.215242	-27.911985	1.625271	-1.184247	-28.028057	1.636422	-1.118534	-28.017329	1.608398	-1.260491	-27.993282	1.576766	-1.243368	-28.169374	1.577836	-1.229036	-27.886631	1.613954	-1.288582	-27.927927	1.341936	-1.198159	-27.947956	0.781754	-1.699418	-27.663978	1.093980	-1.141330	-28.121384	-0.045754	-2.059110	-27.680857	1.085830	-1.148452	-28.116161	-0.030174	-2.043464	-27.678936	1.088108	-1.122648	-28.112740	-0.053944	-2.080667	-28.218999	0.991206	-1.187399	-28.213134	1.024619	-1.213564	-27.839242	0.970853	-1.249038	-27.862592	1.016058	-1.284239	-28.204913	0.480892	-1.210365	-27.852852	0.454782	-1.265981	-28.206194	-0.095821	-1.136022	-28.214795	-0.045127	-1.213075	-27.847793	-0.099860	-1.265113	-27.825746	-0.068713	-1.261634
2256	31.329717	00:00:31:24	-28.006756	1.708643	-1.237523	-27.912229	1.630201	-1.125608	-28.081799	1.590281	-1.129453	-28.001557	1.601157	-1.298101	-28.016837	1.555085	-1.249162	-28.174090	1.613381	-1.223960	-27.858962	1.589807	-1.316287	-27.900577	1.359629	-1.223620	-27.971045	0.769575	-1.682841	-27.698818	1.106843	-1.135507	-28.061503	-0.048767	-2.077867	-27.684302	1.071459	-1.123020	-28.133174	-0.064803	-2.056820	-27.714022	1.088313	-1.158312	-28.089629	-0.062266	-2.053769	-28.167395	0.988837	-1.222048	-28.208639	1.058041	-1.224107	-27.834101	0.991022	-1.267829	-27.835202	1.031906	-1.303348	-28.212712	0.468558	-1.208919	-27.850366	0.475131	-1.271792	-28.187886	-0.080987	-1.154468	-28.210444	-0.029340	-1.195947	-27.858533	-0.060774	-1.268364	-27.832959	-0.010714	-1.298816
2257	31.343611	00:00:31:25	-28.008688	1.705639	-1.207712	-27.932752	1.615975	-1.101126	-28.050704	1.585738	-1.125415	-28.021660	1.600825	-1.255932	-28.003253	1.572721	-1.223752	-28.190165	1.632900	-1.200838	-27.862242	1.608391	-1.293168	-27.923546	1.369996	-1.182809	-27.996524	0.746977	-1.696018	-27.735241	1.068177	-1.149479	-28.107527	-0.065310	-2.068881	-27.688044	1.097288	-1.113530	-28.093201	-0.055471	-2.046916	-27.691905	1.068354	-1.169472	-28.095230	-0.060845	-2.062080	-28.170424	0.996212	-1.226497	-28.213414	1.038153	-1.246244	-27.836419	0.942544	-1.270181	-27.865322	1.022233	-1.320710	-28.189115	0.479920	-1.199180	-27.819162	0.441727	-1.299253	-28.194949	-0.091856	-1.143078	-28.194033	-0.045022	-1.254996	-27.859433	-0.078050	-1.241192	-27.848620	-0.033521	-1.299755
2258	31.357504	00:00:31:26	-28.033648	1.720286	-1.250899	-27.919443	1.641530	-1.133871	-28.045080	1.596140	-1.116390	-27.991376	1.590635	-1.298464	-28.013266	1.576125	-1.246624	-28.184393	1.571889	-1.224766	-27.891805	1.610737	-1.291793	-27.955371	1.340684	-1.207939	-27.994218	0.752907	-1.668056	-27.678563	1.089854	-1.170152	-28.074382	-0.028272	-2.081563	-27.706267	1.066756	-1.096394	-28.124669	-0.046101	-2.101239	-27.655812	1.073458	-1.161974	-28.069985	-0.006191	-2.089424	-28.212600	0.994714	-1.213547	-28.211300	1.040748	-1.249590	-27.842641	0.964552	-1.276110	-27.838198	1.009854	-1.318804	-28.185030	0.490034	-1.197819	-27.819574	0.481590	-1.268080	-28.188545	-0.110158	-1.190576	-28.185988	-0.031398	-1.205114	-27.844950	-0.077698	-1.246147	-27.860002	-0.004570	-1.304517
2259	31.371397	00:00:31:27	-27.998687	1.710324	-1.254548	-27.923846	1.616803	-1.155983	-28.035940	1.592108	-1.101287	-28.038997	1.600116	-1.247333	-28.019634	1.577836	-1.246032	-28.160628	1.619757	-1.216386	-27.860862	1.589226	-1.299223	-27.934740	1.355972	-1.234772	-27.986098	0.794187	-1.678833	-27.691852	1.071234	-1.128314	-28.092739	-0.040087	-2.080110	-27.672138	1.075494	-1.136111	-28.095679	-0.057421	-2.091206	-27.674285	1.102544	-1.158998	-28.127870	-0.049149	-2.064380	-28.203372	0.993164	-1.202444	-28.204980	1.029338	-1.240044	-27.850866	0.965055	-1.299064	-27.853432	1.044175	-1.325514	-28.173982	0.484212	-1.184344	-27.845044	0.478041	-1.276535	-28.201756	-0.087847	-1.157181	-28.188783	-0.049654	-1.221242	-27.852991	-0.056813	-1.256554	-27.838634	-0.028463	-1.304693
2260	31.385291	00:00:31:28	-28.009001	1.714021	-1.222155	-27.902072	1.608484	-1.163764	-28.016028	1.608931	-1.125096	-28.005911	1.590352	-1.282631	-28.046981	1.580350	-1.252698	-28.188509	1.602271	-1.240599	-27.895143	1.608907	-1.321484	-27.898836	1.303884	-1.175215	-27.985367	0.782495	-1.666567	-27.680525	1.052072	-1.150330	-28.119088	-0.072474	-2.071631	-27.696637	1.090511	-1.147308	-28.095918	-0.054434	-2.040092	-27.670087	1.090683	-1.137894	-28.075852	-0.053280	-2.073067	-28.208737	0.968233	-1.197444	-28.198538	0.997854	-1.243108	-27.815408	0.991432	-1.271097	-27.872074	1.021819	-1.300754	-28.212091	0.476206	-1.188388	-27.857973	0.434029	-1.290814	-28.167847	-0.106083	-1.175125	-28.214091	-0.029574	-1.221753	-27.831552	-0.086187	-1.269316	-27.877331	-0.042897	-1.287734
2261	31.399184	00:00:31:29	-28.016314	1.712173	-1.227414	-27.912658	1.633357	-1.138526	-28.014516	1.599581	-1.111125	-27.989709	1.590972	-1.304854	-27.999168	1.575582	-1.252529	-28.161050	1.582775	-1.235502	-27.864677	1.585699	-1.299529	-27.901183	1.345376	-1.176656	-27.977396	0.733581	-1.698299	-27.699204	1.076882	-1.119785	-28.053344	-0.051876	-2.062949	-27.681369	1.079678	-1.179396	-28.085841	-0.070540	-2.056781	-27.668882	1.089846	-1.111928	-28.113172	0.002051	-2.044393	-28.184217	0.967655	-1.214855	-28.180078	1.014818	-1.225418	-27.861428	0.995670	-1.275216	-27.848584	1.025996	-1.316451	-28.174401	0.484713	-1.193549	-27.832948	0.428967	-1.296077	-28.178765	-0.039007	-1.159648	-28.207339	-0.047140	-1.185591	-27.847257	-0.088896	-1.292178	-27.868613	-0.048417	-1.307925
2262	31.413078	00:00:31:30	-27.980609	1.693773	-1.212287	-27.956243	1.603818	-1.153199	-28.079600	1.602054	-1.121911	-28.006300	1.635749	-1.250227	-28.030140	1.569301	-1.262459	-28.168124	1.597698	-1.247063	-27.874647	1.604321	-1.290919	-27.960502	1.315538	-1.197426	-27.969491	0.792114	-1.678188	-27.654451	1.064150	-1.149065	-28.077332	-0.027745	-2.067857	-27.677780	1.110913	-1.140097	-28.094950	-0.062117	-2.090590	-27.682086	1.098022	-1.132130	-28.066040	-0.078599	-2.085617	-28.183621	0.994852	-1.203796	-28.194703	1.040050	-1.222772	-27.829140	0.993340	-1.271156	-27.825154	1.022490	-1.310025	-28.194230	0.454089	-1.210268	-27.826949	0.455726	-1.280961	-28.177265	-0.051873	-1.178476	-28.201831	-0.017140	-1.198963	-27.822530	-0.094976	-1.241229	-27.843541	-0.051375	-1.287699
2263	31.426971	00:00:31:31	-28.029849	1.662510	-1.227750	-27.918945	1.639796	-1.135850	-28.036031	1.610068	-1.102483	-28.013377	1.619474	-1.261741	-28.011873	1.514942	-1.241625	-28.145958	1.569221	-1.193348	-27.879178	1.606163	-1.293844	-27.910571	1.333683	-1.172835	-27.985256	0.749727	-1.685903	-27.694178	1.086358	-1.137777	-28.105292	-0.042252	-2.092844	-27.699495	1.056537	-1.185610	-28.090305	-0.049398	-2.077780	-27.708124	1.061732	-1.169418	-28.104592	-0.004588	-2.044912	-28.194321	0.988184	-1.171074	-28.198597	1.013062	-1.259949	-27.836510	0.941699	-1.295546	-27.889840	1.035262	-1.289347	-28.178259	0.479243	-1.216105	-27.835997	0.458068	-1.308005	-28.177292	-0.109209	-1.177208	-28.180650	-0.058366	-1.197948	-27.845980	-0.078350	-1.221610	-27.854460	-0.049840	-1.275568
2264	31.440865	00:00:31:32	-27.990388	1.715624	-1.240953	-27.942417	1.629785	-1.149733	-28.051225	1.640497	-1.123980	-28.018909	1.580147	-1.274453	-28.040779	1.591790	-1.232290	-28.172895	1.591830	-1.219015	-27.883640	1.622173	-1.303182	-27.937540	1.322110	-1.206975	-27.959081	0.778104	-1.675268	-27.679772	1.088526	-1.113692	-28.110401	-0.065114	-2.055197	-27.665493	1.061907	-1.130454	-28.087405	-0.046457	-2.069011	-27.693961	1.056368	-1.148840	-28.086349	-0.045924	-2.047686	-28.179368	0.965961	-1.204705	-28.170441	1.040555	-1.223752	-27.825408	0.987004	-1.281970	-27.823007	1.042468	-1.328299	-28.164746	0.454974	-1.200165	-27.833166	0.480333	-1.296174	-28.199860	-0.083437	-1.188720	-28.218569	-0.055700	-1.215471	-27.841698	-0.079669	-1.251943	-27.842632	-0.051016	-1.275054
2265	31.454758	00:00:31:33	-28.011798	1.728006	-1.238104	-27.953726	1.600587	-1.145188	-28.081452	1.613074	-1.119230	-28.023552	1.596684	-1.273540	-28.013856	1.559768	-1.215995	-28.186786	1.583126	-1.218918	-27.863020	1.573514	-1.299713	-27.916163	1.334595	-1.211081	-27.986360	0.771351	-1.660815	-27.666183	1.113225	-1.100138	-28.083189	-0.050483	-2.066457	-27.671935	1.059865	-1.145227	-28.083614	-0.028150	-2.053891	-27.674234	1.095269	-1.132979	-28.105600	-0.044725	-2.076767	-28.190464	1.013454	-1.187004	-28.188037	1.018448	-1.210090	-27.825625	0.981841	-1.287629	-27.847970	0.999079	-1.300386	-28.191232	0.447571	-1.219421	-27.828733	0.474756	-1.298041	-28.172750	-0.095476	-1.211051	-28.200658	-0.033993	-1.207673	-27.829147	-0.080097	-1.251089	-27.831284	-0.054445	-1.302956
2266	31.468652	00:00:31:34	-28.003109	1.736407	-1.181079	-27.954131	1.619262	-1.137634	-28.042879	1.614233	-1.120907	-28.042300	1.607571	-1.280587	-28.012394	1.584346	-1.265026	-28.157117	1.621229	-1.242627	-27.882668	1.571667	-1.303655	-27.905125	1.345248	-1.160754	-27.985105	0.802090	-1.671694	-27.654491	1.095428	-1.155011	-28.125487	-0.018446	-2.068984	-27.645551	1.067658	-1.128160	-28.065033	-0.049101	-2.080972	-27.705720	1.093151	-1.168577	-28.088489	-0.040654	-2.057023	-28.164572	1.018456	-1.176340	-28.208747	1.016602	-1.240830	-27.833268	0.953373	-1.317282	-27.856648	1.045330	-1.311844	-28.189425	0.486457	-1.199877	-27.830302	0.467125	-1.299870	-28.179253	-0.061820	-1.181629	-28.187506	-0.033735	-1.226080	-27.856334	-0.098031	-1.255839	-27.854177	-0.024792	-1.304860
2267	31.482545	00:00:31:35	-28.020670	1.725573	-1.206682	-27.896877	1.593579	-1.144637	-28.050338	1.631104	-1.116528	-28.003439	1.606658	-1.282560	-27.987709	1.578700	-1.221101	-28.184997	1.573733	-1.207219	-27.891881	1.603721	-1.303110	-27.912218	1.360483	-1.210371	-27.989608	0.738994	-1.669851	-27.673785	1.061292	-1.145603	-28.100813	-0.040664	-2.050542	-27.709868	1.079597	-1.131584	-28.103032	-0.056561	-2.061839	-27.697717	1.087532	-1.152037	-28.099804	-0.040681	-2.072272	-28.180542	0.970660	-1.237152	-28.207686	1.010581	-1.265742	-27.875268	1.001309	-1.261550	-27.840427	1.029134	-1.335299	-28.188512	0.465768	-1.219310	-27.836158	0.476813	-1.284936	-28.199047	-0.095767	-1.161002	-28.203618	-0.073104	-1.213173	-27.856267	-0.095474	-1.266021	-27.861191	-0.040202	-1.287107
2268	31.496438	00:00:31:36	-27.980424	1.714912	-1.228125	-27.960077	1.619248	-1.156317	-28.051579	1.578658	-1.090196	-28.003518	1.613325	-1.250434	-28.011085	1.548730	-1.189534	-28.182732	1.593160	-1.223932	-27.891925	1.588486	-1.292966	-27.931021	1.352431	-1.180595	-28.020079	0.763425	-1.679406	-27.695740	1.036827	-1.151088	-28.081560	-0.026393	-2.045103	-27.649629	1.082840	-1.143730	-28.104218	-0.044491	-2.066945	-27.681453	1.070716	-1.127519	-28.103329	-0.041432	-2.048029	-28.185630	0.963517	-1.175045	-28.167326	1.016563	-1.218237	-27.860958	0.975219	-1.276179	-27.870339	1.037511	-1.287551	-28.206005	0.460443	-1.189813	-27.811697	0.450596	-1.304191	-28.168370	-0.067340	-1.167890	-28.186017	-0.026087	-1.209861	-27.842624	-0.074105	-1.258201	-27.880492	-0.047987	-1.280101
2269	31.510332	00:00:31:37	-28.043711	1.731552	-1.209527	-27.920146	1.585692	-1.142715	-28.071230	1.624828	-1.138716	-28.039352	1.569156	-1.297693	-28.015893	1.555135	-1.273112	-28.169303	1.616533	-1.225382	-27.872269	1.577378	-1.306129	-27.936753	1.340547	-1.156235	-28.040709	0.763736	-1.677345	-27.688803	1.087236	-1.143938	-28.090289	-0.035121	-2.069885	-27.712135	1.101669	-1.147091	-28.105574	-0.044872	-2.074606	-27.653469	1.089248	-1.138679	-28.094775	-0.038749	-2.074742	-28.166641	0.947120	-1.195324	-28.193684	1.030434	-1.223331	-27.826362	1.003006	-1.275271	-27.806182	1.015881	-1.334290	-28.194013	0.445208	-1.194307	-27.861611	0.457096	-1.268029	-28.181040	-0.072483	-1.159005	-28.181335	-0.056165	-1.214691	-27.829252	-0.066567	-1.256148	-27.828899	-0.073907	-1.297110
2270	31.524225	00:00:31:38	-28.017062	1.711361	-1.233176	-27.954721	1.637296	-1.159682	-28.089972	1.623722	-1.146298	-28.008446	1.609096	-1.285055	-28.011200	1.605673	-1.244253	-28.156902	1.608797	-1.221299	-27.868216	1.614407	-1.283179	-27.914632	1.313907	-1.161367	-27.965463	0.753732	-1.675954	-27.691964	1.066299	-1.108012	-28.086760	-0.034324	-2.056851	-27.658041	1.088444	-1.123811	-28.102546	-0.049279	-2.035589	-27.689355	1.084319	-1.132816	-28.060412	-0.054002	-2.079530	-28.202290	0.990743	-1.166548	-28.207966	1.015743	-1.243163	-27.826115	0.992501	-1.289251	-27.860511	1.033780	-1.297874	-28.189753	0.494734	-1.213134	-27.839714	0.450234	-1.302427	-28.195676	-0.102739	-1.184315	-28.200774	-0.052179	-1.215270	-27.863159	-0.067280	-1.274932	-27.820131	-0.033489	-1.330078
2271	31.538119	00:00:31:39	-27.987315	1.699360	-1.214904	-27.885831	1.605919	-1.158990	-28.046126	1.586369	-1.113061	-28.050177	1.585898	-1.235748	-28.017269	1.547149	-1.259295	-28.153380	1.591189	-1.225095	-27.896975	1.596498	-1.303088	-27.890227	1.338554	-1.178224	-27.998949	0.747187	-1.681299	-27.699197	1.072578	-1.166310	-28.116584	-0.045214	-2.056601	-27.671133	1.084381	-1.100176	-28.116864	-0.060559	-2.065252	-27.672639	1.074367	-1.151452	-28.090666	-0.021782	-2.056187	-28.190657	0.974738	-1.181069	-28.240924	1.034974	-1.244882	-27.841586	0.967965	-1.270203	-27.843605	1.031926	-1.318045	-28.171983	0.460946	-1.152451	-27.824996	0.534026	-1.254163	-28.178416	-0.093305	-1.170209	-28.179922	-0.066514	-1.187048	-27.853573	-0.084770	-1.278712	-27.840138	-0.025179	-1.270841
2272	31.552012	00:00:31:40	-28.023793	1.686312	-1.210509	-27.918265	1.623953	-1.153579	-28.062563	1.649173	-1.113483	-28.048529	1.561764	-1.248831	-28.007661	1.532408	-1.247735	-28.165611	1.629852	-1.217241	-27.870979	1.585417	-1.295284	-27.927759	1.336778	-1.208995	-27.995341	0.789086	-1.692412	-27.670152	1.080395	-1.122478	-28.109057	-0.095994	-2.032691	-27.685088	1.108599	-1.166469	-28.121326	-0.072118	-2.070927	-27.664092	1.063427	-1.139974	-28.082894	-0.041394	-2.077780	-28.209905	0.972856	-1.193361	-28.202894	1.054047	-1.267525	-27.849238	0.974273	-1.267965	-27.825107	1.016317	-1.350128	-28.199577	0.481451	-1.202888	-27.835115	0.438362	-1.293601	-28.224439	-0.087719	-1.165404	-28.217952	-0.022454	-1.232988	-27.846186	-0.074843	-1.239304	-27.863075	-0.060599	-1.304787
2273	31.565906	00:00:31:41	-28.041097	1.671813	-1.202260	-27.865169	1.645700	-1.131912	-28.051792	1.642100	-1.135300	-28.003025	1.597107	-1.265117	-28.024964	1.577188	-1.251755	-28.180747	1.605728	-1.231210	-27.877532	1.592155	-1.281635	-27.905577	1.328957	-1.176309	-27.971821	0.759788	-1.717164	-27.657731	1.090870	-1.113615	-28.113108	-0.047818	-2.070913	-27.663396	1.066629	-1.153119	-28.068682	-0.044604	-2.058337	-27.669149	1.055014	-1.141309	-28.097181	-0.056633	-2.069075	-28.218843	0.972033	-1.182184	-28.182824	1.001065	-1.239519	-27.853174	0.978198	-1.251692	-27.825216	1.021874	-1.331594	-28.147574	0.496986	-1.216977	-27.858910	0.434810	-1.278762	-28.176546	-0.087444	-1.171467	-28.192096	-0.001501	-1.201661	-27.826664	-0.063890	-1.223968	-27.863031	-0.042346	-1.297653
2274	31.579799	00:00:31:42	-28.043578	1.709442	-1.229154	-27.940534	1.595268	-1.156854	-28.070063	1.606862	-1.156093	-28.016209	1.607003	-1.267555	-28.011549	1.571037	-1.190266	-28.160811	1.626883	-1.237674	-27.887182	1.566142	-1.274912	-27.920420	1.345473	-1.186645	-27.992491	0.775369	-1.704541	-27.668649	1.088405	-1.113892	-28.088034	-0.043492	-2.057343	-27.696216	1.092070	-1.145208	-28.092404	-0.012443	-2.096349	-27.675617	1.080949	-1.119732	-28.088339	-0.049714	-2.038562	-28.186945	0.943182	-1.177167	-28.199437	0.981881	-1.223363	-27.839990	1.002834	-1.259608	-27.839584	1.020236	-1.323413	-28.156804	0.485476	-1.184848	-27.861732	0.469751	-1.302275	-28.203166	-0.069780	-1.153953	-28.187611	-0.033249	-1.221668	-27.819878	-0.083821	-1.239520	-27.862844	-0.035273	-1.262367
2275	31.593693	00:00:31:43	-28.025500	1.672397	-1.235972	-27.913829	1.598640	-1.154514	-28.035410	1.615531	-1.115568	-28.046037	1.619436	-1.261954	-28.041903	1.549531	-1.260655	-28.181154	1.611917	-1.231023	-27.860112	1.597654	-1.296702	-27.967876	1.365874	-1.213068	-28.002775	0.778204	-1.709751	-27.677779	1.066820	-1.156774	-28.080612	-0.012379	-2.046830	-27.674886	1.106624	-1.126904	-28.087106	-0.025269	-2.036778	-27.667950	1.081374	-1.127371	-28.120540	-0.025184	-2.072791	-28.197273	0.973044	-1.211134	-28.197794	1.043699	-1.197932	-27.834064	0.996596	-1.301716	-27.855852	1.044001	-1.316021	-28.203371	0.477112	-1.197182	-27.833232	0.484002	-1.298174	-28.187658	-0.078041	-1.182389	-28.181634	-0.050358	-1.199680	-27.822257	-0.080974	-1.256030	-27.884982	0.003004	-1.293928
2276	31.607586	00:00:31:44	-27.993217	1.694896	-1.204082	-27.936227	1.621720	-1.161188	-28.042316	1.607021	-1.135821	-28.031377	1.619114	-1.253418	-28.039161	1.555158	-1.285784	-28.137821	1.639755	-1.253161	-27.899970	1.596375	-1.305915	-27.915843	1.320967	-1.198494	-27.979980	0.743447	-1.663029	-27.687289	1.095067	-1.118758	-28.096338	-0.050040	-2.067117	-27.663243	1.050134	-1.129819	-28.098742	-0.064793	-2.031949	-27.653188	1.093523	-1.109358	-28.093550	-0.075516	-2.031132	-28.183728	0.963886	-1.183879	-28.227082	1.063737	-1.214928	-27.829557	0.974394	-1.275218	-27.853685	1.031179	-1.322283	-28.195381	0.484525	-1.217868	-27.859388	0.449000	-1.293796	-28.174880	-0.082061	-1.138308	-28.173462	-0.013075	-1.200310	-27.834397	-0.060545	-1.252805	-27.854110	-0.034651	-1.288605
2277	31.621479	00:00:31:45	-27.997193	1.704504	-1.233614	-27.909629	1.640664	-1.149954	-28.043203	1.607127	-1.123473	-28.035259	1.586875	-1.247106	-27.995597	1.577305	-1.247892	-28.150326	1.622968	-1.226947	-27.887041	1.611776	-1.294333	-27.914256	1.328237	-1.176052	-27.972003	0.773584	-1.665803	-27.645445	1.075164	-1.143663	-28.136385	-0.035251	-2.076575	-27.694763	1.069291	-1.146576	-28.073167	-0.035915	-2.080680	-27.658514	1.103391	-1.139784	-28.109920	-0.049955	-2.062334	-28.162632	0.976596	-1.206434	-28.206227	1.023813	-1.222987	-27.840211	0.989223	-1.286512	-27.852172	1.025825	-1.292467	-28.197785	0.476416	-1.170730	-27.833108	0.450518	-1.286133	-28.163102	-0.061176	-1.172401	-28.201875	-0.005457	-1.193515	-27.850459	-0.105644	-1.244318	-27.821344	-0.036315	-1.282059
2278	31.635373	00:00:31:46	-28.019153	1.704507	-1.231440	-27.912816	1.621079	-1.161336	-28.039128	1.603095	-1.126138	-28.020757	1.572937	-1.257895	-28.025144	1.583268	-1.235854	-28.177881	1.605038	-1.231386	-27.875025	1.587793	-1.307775	-27.936318	1.327748	-1.188153	-28.007752	0.743015	-1.710981	-27.656622	1.105382	-1.153400	-28.109629	-0.041774	-2.077305	-27.700044	1.104379	-1.119550	-28.132245	-0.125247	-2.075357	-27.665785	1.117868	-1.133672	-28.105313	-0.060553	-2.071594	-28.176077	0.996481	-1.215331	-28.175454	1.014196	-1.240339	-27.844608	0.998155	-1.282563	-27.848462	1.007533	-1.310428	-28.209493	0.467595	-1.187983	-27.874868	0.459062	-1.256426	-28.167425	-0.110337	-1.145885	-28.195239	-0.016900	-1.231273	-27.865800	-0.081172	-1.231249	-27.841049	-0.037416	-1.276694
2279	31.649266	00:00:31:47	-28.025274	1.720265	-1.204271	-27.915363	1.619989	-1.166924	-28.060226	1.633554	-1.144486	-27.991449	1.620082	-1.274156	-27.990198	1.581556	-1.261474	-28.195572	1.618752	-1.250519	-27.895533	1.577565	-1.300054	-27.932073	1.335232	-1.155114	-27.978503	0.758173	-1.691469	-27.715876	1.109172	-1.122070	-28.118326	-0.036237	-2.037477	-27.672752	1.064934	-1.145609	-28.099862	-0.065270	-2.078530	-27.673038	1.110670	-1.129804	-28.099775	-0.053149	-2.065408	-28.205089	1.024658	-1.196303	-28.180445	1.027599	-1.220843	-27.827075	0.974834	-1.265112	-27.847876	1.041706	-1.327230	-28.207501	0.462101	-1.162387	-27.828429	0.489136	-1.303264	-28.163645	-0.064528	-1.163016	-28.206165	-0.021039	-1.238936	-27.849324	-0.078329	-1.268173	-27.833988	-0.026245	-1.289039
2280	31.663160	00:00:31:48	-27.994137	1.717540	-1.198459	-27.949172	1.604364	-1.115347	-28.066086	1.585422	-1.119379	-28.054247	1.595244	-1.245152	-27.993011	1.536344	-1.227657	-28.152260	1.581328	-1.230435	-27.879828	1.592047	-1.310480	-27.906112	1.320852	-1.162936	-27.998870	0.746049	-1.713975	-27.672607	1.086419	-1.113676	-28.100649	-0.054843	-2.041686	-27.676741	1.114584	-1.122764	-28.071021	-0.030841	-2.047978	-27.645959	1.084651	-1.149967	-28.086284	-0.078406	-2.053484	-28.171109	0.977481	-1.178180	-28.188467	1.021186	-1.211263	-27.865231	0.953346	-1.306731	-27.824182	1.020475	-1.323809	-28.175648	0.460042	-1.182482	-27.858058	0.469796	-1.285108	-28.198242	-0.073455	-1.180164	-28.198323	-0.017029	-1.185716	-27.840787	-0.063151	-1.224558	-27.849580	-0.030024	-1.285162
2281	31.677053	00:00:31:49	-28.030914	1.712955	-1.231679	-27.922879	1.643118	-1.138037	-28.021991	1.646433	-1.127229	-27.995894	1.579432	-1.259099	-28.006147	1.564572	-1.243983	-28.170218	1.594018	-1.233979	-27.899133	1.615935	-1.322278	-27.936181	1.316674	-1.178483	-27.975859	0.767171	-1.663282	-27.679855	1.079264	-1.114974	-28.088313	-0.050223	-2.074646	-27.684190	1.081260	-1.104219	-28.089534	-0.016298	-2.081577	-27.705019	1.074033	-1.119521	-28.084581	-0.077150	-2.067178	-28.166549	0.974160	-1.207053	-28.204640	1.027415	-1.230671	-27.812642	0.981895	-1.250275	-27.831955	1.007601	-1.288638	-28.168076	0.462519	-1.216206	-27.826918	0.455894	-1.271367	-28.213013	-0.086735	-1.170197	-28.191990	-0.003153	-1.236758	-27.846342	-0.079641	-1.215936	-27.876106	-0.049284	-1.305650
2282	31.690947	00:00:31:50	-28.019298	1.734118	-1.202273	-27.913953	1.598628	-1.140066	-28.062724	1.604772	-1.125440	-28.001071	1.601651	-1.252440	-28.002362	1.571309	-1.247086	-28.194718	1.608491	-1.200053	-27.895043	1.594524	-1.306326	-27.919666	1.343541	-1.175235	-28.010016	0.767940	-1.671184	-27.662535	1.042642	-1.117182	-28.071144	-0.005828	-2.062274	-27.704916	1.062072	-1.094026	-28.077472	-0.052345	-2.036652	-27.656501	1.091904	-1.110598	-28.096782	-0.013682	-2.074128	-28.215299	0.973072	-1.183344	-28.190371	1.009804	-1.221466	-27.839914	0.988040	-1.302444	-27.814636	1.029746	-1.305650	-28.192099	0.490690	-1.207755	-27.834099	0.498068	-1.278172	-28.193667	-0.084489	-1.147472	-28.206170	-0.028623	-1.223920	-27.831925	-0.073741	-1.246829	-27.863683	-0.032442	-1.298444
2283	31.704840	00:00:31:51	-28.021735	1.704959	-1.237017	-27.910769	1.580509	-1.132543	-28.047694	1.623967	-1.133612	-28.052447	1.573458	-1.250675	-28.003127	1.561289	-1.242576	-28.153329	1.597947	-1.231588	-27.864535	1.616309	-1.303267	-27.931484	1.301286	-1.152112	-28.001458	0.779229	-1.674269	-27.666519	1.089406	-1.115115	-28.112630	-0.074244	-2.089523	-27.675134	1.077867	-1.141996	-28.102813	-0.091944	-2.087204	-27.692219	1.080371	-1.122069	-28.092878	-0.055028	-2.088790	-28.192325	0.985278	-1.180656	-28.186777	1.027564	-1.224942	-27.850810	0.999611	-1.261368	-27.890074	1.051053	-1.297231	-28.187679	0.476978	-1.206201	-27.851305	0.444659	-1.267827	-28.187436	-0.114668	-1.185330	-28.193713	-0.051077	-1.226369	-27.812206	-0.068308	-1.245711	-27.860467	-0.022704	-1.283146
2284	31.718734	00:00:31:52	-28.020662	1.691259	-1.198008	-27.929207	1.615763	-1.163495	-28.056501	1.620443	-1.129097	-28.023240	1.590731	-1.252444	-28.042722	1.551365	-1.222965	-28.191900	1.598871	-1.216626	-27.868823	1.595605	-1.286912	-27.942339	1.331196	-1.148697	-28.000744	0.802877	-1.669343	-27.634610	1.071145	-1.124984	-28.086693	-0.056135	-2.059134	-27.681294	1.076642	-1.107379	-28.063425	-0.036230	-2.060596	-27.682731	1.067436	-1.118591	-28.082144	-0.059049	-2.045276	-28.177526	0.935469	-1.168250	-28.176675	1.037822	-1.229888	-27.878148	0.975217	-1.246521	-27.846544	0.997551	-1.323059	-28.193816	0.467051	-1.197851	-27.842536	0.482001	-1.298235	-28.189510	-0.078801	-1.147802	-28.186028	-0.035439	-1.204016	-27.839700	-0.065315	-1.240722	-27.850054	-0.070008	-1.270093
2285	31.732627	00:00:31:53	-28.024689	1.695077	-1.245657	-27.962670	1.622207	-1.179695	-28.052277	1.594698	-1.119849	-28.021772	1.604204	-1.257931	-28.015224	1.551973	-1.257715	-28.160643	1.597989	-1.205593	-27.881771	1.575930	-1.294688	-27.938980	1.333613	-1.171771	-27.944077	0.766776	-1.678172	-27.687551	1.094720	-1.108670	-28.051815	-0.065641	-2.104018	-27.681608	1.085605	-1.137990	-28.065350	-0.022204	-2.051628	-27.657200	1.083649	-1.108282	-28.084376	-0.063330	-2.044701	-28.201259	0.982967	-1.176235	-28.197081	1.060165	-1.235977	-27.819132	0.972317	-1.263553	-27.849339	1.034912	-1.320377	-28.186964	0.497461	-1.202212	-27.825474	0.508309	-1.292076	-28.188819	-0.068912	-1.182245	-28.157716	-0.018731	-1.205189	-27.811084	-0.088517	-1.251314	-27.833763	-0.039380	-1.296068
2286	31.746520	00:00:31:54	-28.026396	1.718544	-1.236159	-27.950792	1.630261	-1.127514	-28.031760	1.623057	-1.142380	-28.012934	1.587660	-1.254156	-27.992524	1.599390	-1.217803	-28.144946	1.600279	-1.218188	-27.861429	1.566960	-1.299923	-27.903021	1.357593	-1.178353	-28.004961	0.796437	-1.669308	-27.674594	1.076001	-1.120860	-28.106876	-0.031836	-2.065734	-27.661928	1.101938	-1.150536	-28.126920	-0.078637	-2.052883	-27.692672	1.084388	-1.100872	-28.080301	-0.035851	-2.046773	-28.228845	0.949271	-1.185274	-28.196071	1.017206	-1.225527	-27.852307	0.958856	-1.290499	-27.842466	1.029174	-1.286741	-28.192848	0.493991	-1.184871	-27.857328	0.465455	-1.290223	-28.168531	-0.051802	-1.153970	-28.212890	-0.027692	-1.221774	-27.849600	-0.100188	-1.280200	-27.880084	-0.037609	-1.279738
2287	31.760414	00:00:31:55	-28.024582	1.711852	-1.204715	-27.957591	1.621052	-1.129562	-28.036302	1.609854	-1.113942	-28.013537	1.600009	-1.276411	-27.998147	1.578539	-1.221847	-28.168596	1.565676	-1.247613	-27.852531	1.595247	-1.307921	-27.943911	1.332037	-1.196219	-28.016266	0.737046	-1.677275	-27.698834	1.090573	-1.104616	-28.105522	-0.045313	-2.070905	-27.676479	1.063218	-1.121617	-28.108856	-0.065322	-2.095188	-27.655964	1.091454	-1.145249	-28.097961	-0.031528	-2.036598	-28.188711	1.003013	-1.194402	-28.215315	1.048969	-1.232129	-27.811709	0.985173	-1.294982	-27.827785	1.040115	-1.335675	-28.187094	0.432701	-1.192559	-27.851592	0.469750	-1.307338	-28.193871	-0.093209	-1.164778	-28.206471	-0.041256	-1.198155	-27.829327	-0.083735	-1.258139	-27.840369	-0.001673	-1.338405
2288	31.774307	00:00:31:56	-27.995120	1.703714	-1.198612	-27.938068	1.615325	-1.136953	-28.082682	1.615295	-1.120419	-28.014690	1.602711	-1.283494	-28.034919	1.542939	-1.254200	-28.172518	1.586522	-1.211623	-27.853877	1.600602	-1.324483	-27.924145	1.332795	-1.176954	-27.956918	0.749612	-1.704803	-27.684826	1.078684	-1.105576	-28.122182	-0.053819	-2.054093	-27.677998	1.118569	-1.124443	-28.082350	-0.058844	-2.080074	-27.682980	1.101598	-1.102744	-28.097745	-0.043471	-2.053453	-28.184485	0.988636	-1.205036	-28.203526	1.056150	-1.219142	-27.841907	0.980767	-1.275579	-27.838771	1.024049	-1.310048	-28.210498	0.460835	-1.183972	-27.846280	0.489810	-1.284229	-28.196340	-0.068385	-1.160049	-28.183924	-0.016199	-1.223354	-27.868727	-0.067260	-1.259608	-27.876648	-0.026016	-1.269853
2289	31.788201	00:00:31:57	-27.992178	1.711141	-1.213501	-27.921555	1.578231	-1.119401	-28.068972	1.618839	-1.145785	-28.032020	1.596615	-1.279676	-28.012323	1.551230	-1.240470	-28.164253	1.603112	-1.233536	-27.875614	1.582807	-1.311675	-27.935722	1.346817	-1.181893	-27.967879	0.756824	-1.679028	-27.645265	1.066572	-1.099559	-28.102422	-0.028414	-2.052388	-27.642546	1.084091	-1.131952	-28.088570	-0.037823	-2.042291	-27.663931	1.087966	-1.127844	-28.085897	-0.050385	-2.064300	-28.181468	0.941239	-1.159087	-28.194208	1.015737	-1.226968	-27.825655	0.970168	-1.269185	-27.893867	1.016714	-1.310870	-28.195226	0.455203	-1.206941	-27.856624	0.486358	-1.289596	-28.185558	-0.083267	-1.173589	-28.201188	-0.035496	-1.222986	-27.820382	-0.083433	-1.261804	-27.835531	-0.045169	-1.290603
2290	31.802094	00:00:31:58	-27.995821	1.699684	-1.225397	-27.917375	1.611829	-1.123422	-28.042862	1.614515	-1.118259	-28.053547	1.618718	-1.275060	-28.019821	1.581999	-1.235443	-28.166188	1.598569	-1.207978	-27.892981	1.565105	-1.306177	-27.920697	1.343009	-1.199582	-27.987467	0.775831	-1.666732	-27.664703	1.080928	-1.131774	-28.085640	-0.029447	-2.076961	-27.657575	1.071782	-1.107813	-28.079553	-0.049341	-2.081405	-27.669911	1.068778	-1.108631	-28.118991	-0.056119	-2.071556	-28.209112	0.966208	-1.178875	-28.195598	1.040991	-1.238957	-27.832524	0.981542	-1.258718	-27.832259	1.026037	-1.327891	-28.186953	0.472454	-1.227614	-27.838857	0.461812	-1.280564	-28.175745	-0.048126	-1.160999	-28.206204	-0.034603	-1.216476	-27.852063	-0.075514	-1.278975	-27.847203	-0.022929	-1.268415
2291	31.815988	00:00:31:59	-28.005230	1.692203	-1.196037	-27.924678	1.626112	-1.155601	-28.074871	1.592044	-1.150339	-28.020130	1.618060	-1.258724	-28.029112	1.561545	-1.234554	-28.228645	1.584869	-1.226440	-27.891996	1.602771	-1.334452	-27.908911	1.323992	-1.178555	-27.984127	0.789186	-1.679238	-27.665693	1.072873	-1.117308	-28.089225	-0.060675	-2.031531	-27.690164	1.106901	-1.131942	-28.101439	-0.047700	-2.088793	-27.673059	1.093299	-1.109902	-28.119062	-0.039051	-2.034925	-28.188120	0.961936	-1.212215	-28.179433	1.035735	-1.233327	-27.827652	0.985519	-1.224009	-27.856729	1.004366	-1.295204	-28.166976	0.472255	-1.202712	-27.856741	0.495616	-1.277739	-28.190449	-0.065047	-1.179072	-28.226916	-0.069485	-1.230658	-27.823851	-0.091384	-1.248544	-27.818041	-0.028839	-1.283919
2292	31.829881	00:00:31:60	-28.003297	1.726670	-1.242693	-27.911059	1.568348	-1.146814	-28.065575	1.605318	-1.129184	-28.034797	1.584442	-1.277573	-28.042718	1.547092	-1.248516	-28.197520	1.612143	-1.233327	-27.862396	1.593852	-1.302251	-27.935549	1.328741	-1.170832	-27.984716	0.753995	-1.664439	-27.680991	1.063675	-1.096137	-28.087534	-0.046902	-2.052958	-27.716084	1.074985	-1.107311	-28.093599	-0.070512	-2.073799	-27.670178	1.094751	-1.115775	-28.081671	-0.050570	-2.055861	-28.199196	0.990677	-1.198551	-28.187731	1.023522	-1.177853	-27.846806	0.948126	-1.241305	-27.839680	0.990071	-1.300663	-28.214877	0.475514	-1.175174	-27.822901	0.470372	-1.301728	-28.185643	-0.075473	-1.184804	-28.191089	-0.042926	-1.218942	-27.867154	-0.058043	-1.253671	-27.837281	-0.039866	-1.295336
2293	31.843775	00:00:31:61	-27.990926	1.725127	-1.200481	-27.933211	1.601698	-1.165803	-28.049238	1.632212	-1.099211	-28.056911	1.627568	-1.273490	-27.996386	1.582394	-1.226362	-28.159712	1.584565	-1.247582	-27.925949	1.605837	-1.262565	-27.925396	1.349659	-1.201137	-27.985033	0.776864	-1.678715	-27.679089	1.055641	-1.134805	-28.115976	-0.074528	-2.067131	-27.686702	1.137185	-1.140183	-28.080118	-0.043942	-2.055972	-27.676466	1.079112	-1.113702	-28.103291	-0.046201	-2.025884	-28.211200	0.969868	-1.193312	-28.203430	1.022342	-1.213462	-27.824800	0.952545	-1.294082	-27.872415	1.022224	-1.307220	-28.196436	0.469621	-1.197858	-27.828034	0.472099	-1.297472	-28.197498	-0.077022	-1.167769	-28.194799	-0.085935	-1.207624	-27.856646	-0.055827	-1.251001	-27.830943	-0.017837	-1.316177
2294	31.857668	00:00:31:62	-28.011035	1.720115	-1.236340	-27.949633	1.595360	-1.151998	-28.030086	1.641122	-1.121521	-28.006072	1.597493	-1.261997	-28.017613	1.557512	-1.226844	-28.177360	1.600090	-1.255306	-27.898493	1.584575	-1.290072	-27.919370	1.322610	-1.164132	-27.975487	0.793489	-1.693393	-27.672765	1.083589	-1.143467	-28.103893	-0.050516	-2.066595	-27.652266	1.105966	-1.120457	-28.100035	-0.049905	-2.067864	-27.712556	1.100608	-1.125732	-28.106143	-0.048538	-2.052986	-28.215884	0.984892	-1.169703	-28.174702	1.035000	-1.250771	-27.847092	0.981403	-1.244082	-27.836103	1.015920	-1.304819	-28.199226	0.463367	-1.187055	-27.860735	0.482061	-1.233621	-28.173692	-0.063881	-1.186022	-28.231698	-0.022233	-1.236622	-27.838794	-0.052588	-1.272334	-27.873886	-0.002065	-1.299528
2295	31.871561	00:00:31:63	-28.003187	1.710877	-1.230058	-27.950272	1.595231	-1.126800	-28.072594	1.606196	-1.105430	-28.016209	1.608924	-1.270890	-28.015894	1.606268	-1.221286	-28.147376	1.581769	-1.242189	-27.882003	1.616254	-1.261506	-27.923435	1.310548	-1.204721	-27.973129	0.783912	-1.681465	-27.680609	1.088829	-1.115990	-28.059383	-0.040314	-2.047733	-27.657750	1.089507	-1.107055	-28.109307	-0.060755	-2.066761	-27.689230	1.094569	-1.140690	-28.075326	-0.026737	-2.053250	-28.161526	0.988488	-1.197147	-28.196056	0.998939	-1.218393	-27.833337	0.966262	-1.271055	-27.861459	1.012781	-1.301916	-28.221665	0.482265	-1.220201	-27.831392	0.474571	-1.276443	-28.191273	-0.085323	-1.184954	-28.224691	-0.045727	-1.189850	-27.871522	-0.094920	-1.226506	-27.822252	-0.042918	-1.265814
2296	31.885455	00:00:31:64	-28.061239	1.688920	-1.213830	-27.925365	1.610575	-1.149239	-28.025389	1.597209	-1.136951	-27.986315	1.591495	-1.279550	-28.026932	1.602284	-1.248846	-28.142449	1.583762	-1.236717	-27.879157	1.605883	-1.293245	-27.908305	1.355395	-1.159082	-28.004206	0.738048	-1.690703	-27.677029	1.105143	-1.118849	-28.096405	-0.035588	-2.097698	-27.658242	1.062588	-1.112085	-28.086212	-0.035567	-2.042683	-27.677132	1.068721	-1.103167	-28.109254	-0.058049	-2.049210	-28.171386	1.006227	-1.194684	-28.150677	0.992316	-1.219242	-27.862140	0.980449	-1.261257	-27.869076	1.050709	-1.323456	-28.175440	0.493757	-1.203145	-27.837601	0.438182	-1.284710	-28.205306	-0.095257	-1.178756	-28.209413	-0.024351	-1.218495	-27.828509	-0.084229	-1.231290	-27.853015	-0.047040	-1.270763
2297	31.899348	00:00:31:65	-28.023566	1.714931	-1.227930	-27.935867	1.594933	-1.166207	-28.026412	1.605768	-1.121977	-28.039442	1.598562	-1.267293	-27.976044	1.570464	-1.238563	-28.160422	1.550029	-1.268927	-27.879375	1.573052	-1.285731	-27.922498	1.328094	-1.165207	-27.982825	0.769127	-1.694332	-27.666452	1.072557	-1.111393	-28.105228	-0.036551	-2.070584	-27.672472	1.068578	-1.100894	-28.103133	-0.023820	-2.072836	-27.674825	1.071248	-1.099152	-28.088571	-0.061742	-2.075147	-28.176755	1.014296	-1.174883	-28.185120	1.009131	-1.223112	-27.859038	0.966628	-1.286074	-27.822119	1.045007	-1.311500	-28.181240	0.460213	-1.182652	-27.827942	0.496224	-1.282272	-28.163470	-0.066355	-1.160974	-28.224831	-0.021846	-1.207990	-27.833649	-0.065089	-1.250386	-27.833718	-0.033520	-1.294201
2298	31.913242	00:00:31:66	-28.016895	1.705456	-1.209193	-27.947154	1.619651	-1.144215	-28.039473	1.641772	-1.118192	-28.017517	1.601833	-1.244139	-27.998017	1.552484	-1.251858	-28.134572	1.578620	-1.245456	-27.899940	1.581144	-1.272071	-27.941616	1.359876	-1.189208	-27.996616	0.787562	-1.666369	-27.717786	1.107574	-1.109876	-28.105217	-0.040338	-2.051083	-27.689786	1.092139	-1.089431	-28.106858	-0.047657	-2.039335	-27.682196	1.101702	-1.128038	-28.106385	-0.036691	-2.044430	-28.184985	0.973526	-1.184116	-28.196754	1.000264	-1.229496	-27.842811	0.984282	-1.264497	-27.830859	0.990595	-1.296059	-28.137482	0.462147	-1.214144	-27.852074	0.451177	-1.277659	-28.223964	-0.060256	-1.174033	-28.178671	-0.045555	-1.215310	-27.864145	-0.090842	-1.253856	-27.823499	-0.021822	-1.271801
2299	31.927135	00:00:31:67	-27.986012	1.711245	-1.200694	-27.922620	1.651458	-1.120967	-28.058571	1.602675	-1.097480	-28.028519	1.610436	-1.252593	-28.021571	1.577796	-1.230877	-28.169062	1.615259	-1.212814	-27.855756	1.571822	-1.295173	-27.920112	1.366018	-1.176677	-27.982976	0.804930	-1.665857	-27.652631	1.071747	-1.128215	-28.117361	-0.045699	-2.051195	-27.677892	1.043448	-1.075894	-28.069828	-0.024703	-2.072726	-27.681965	1.123929	-1.088791	-28.112707	-0.055611	-2.047748	-28.162049	0.978606	-1.175830	-28.220763	1.013203	-1.218734	-27.859442	0.965082	-1.281160	-27.848962	1.011321	-1.345154	-28.176683	0.475291	-1.182204	-27.791609	0.450197	-1.254541	-28.190255	-0.061057	-1.148121	-28.197758	-0.035305	-1.211001	-27.832425	-0.086038	-1.269860	-27.843253	-0.029696	-1.315731
2300	31.941029	00:00:31:68	-28.024391	1.707283	-1.211895	-27.948809	1.618852	-1.115684	-28.045249	1.614970	-1.144169	-28.029796	1.592676	-1.280085	-27.992173	1.514359	-1.247137	-28.201376	1.591610	-1.227009	-27.902861	1.623296	-1.303084	-27.929623	1.309307	-1.206603	-27.988704	0.784390	-1.671810	-27.714501	1.103271	-1.095018	-28.128139	-0.057295	-2.059428	-27.676643	1.083720	-1.133081	-28.098998	-0.047263	-2.042022	-27.709058	1.102970	-1.123215	-28.083190	-0.019358	-2.049765	-28.174960	0.964874	-1.164533	-28.195091	1.029644	-1.232821	-27.893014	0.938312	-1.282641	-27.829008	1.023748	-1.297950	-28.179987	0.486895	-1.222022	-27.834814	0.448616	-1.280663	-28.205886	-0.109047	-1.205061	-28.163202	-0.042132	-1.204791	-27.840630	-0.084036	-1.232982	-27.871523	-0.028304	-1.290673
2301	31.954922	00:00:31:69	-27.983376	1.715672	-1.251097	-27.934137	1.611965	-1.138576	-28.052732	1.642462	-1.125983	-28.003124	1.572402	-1.269533	-27.998132	1.570045	-1.232133	-28.158958	1.589249	-1.201377	-27.875475	1.571873	-1.286296	-27.915532	1.326247	-1.177610	-27.997912	0.749308	-1.706191	-27.668116	1.075086	-1.090236	-28.078710	-0.071930	-2.050133	-27.691659	1.089686	-1.136120	-28.083092	-0.045379	-2.029505	-27.667902	1.063927	-1.112252	-28.082844	-0.064758	-2.069181	-28.165822	0.983777	-1.179881	-28.184345	1.039421	-1.233953	-27.797837	0.970398	-1.266651	-27.860514	1.019438	-1.294690	-28.167192	0.496112	-1.206148	-27.801339	0.473294	-1.257832	-28.186121	-0.102061	-1.121124	-28.183429	-0.047463	-1.197217	-27.819459	-0.067998	-1.250881	-27.851279	-0.028133	-1.275369
2302	31.968816	00:00:31:70	-28.018649	1.696615	-1.232788	-27.943491	1.598875	-1.163157	-28.044181	1.617639	-1.151104	-28.039073	1.597817	-1.277355	-28.031370	1.554091	-1.239469	-28.178653	1.559600	-1.229039	-27.900768	1.641833	-1.290327	-27.919531	1.339230	-1.146506	-27.962076	0.782255	-1.686837	-27.686964	1.085374	-1.115372	-28.110020	-0.058681	-2.061210	-27.668242	1.095439	-1.154866	-28.099779	-0.054069	-2.035878	-27.693954	1.074401	-1.147193	-28.070389	-0.024316	-2.033726	-28.178157	0.972843	-1.173942	-28.182366	1.001879	-1.231869	-27.864022	0.977872	-1.266894	-27.850328	1.019096	-1.303267	-28.168433	0.450981	-1.184701	-27.839161	0.458755	-1.300192	-28.175562	-0.081256	-1.218318	-28.205522	-0.047264	-1.243708	-27.830752	-0.063497	-1.231101	-27.899636	-0.012347	-1.303759
2303	31.982709	00:00:31:71	-28.043562	1.702206	-1.217433	-27.947149	1.639741	-1.149653	-28.036085	1.585020	-1.181788	-28.014428	1.586858	-1.247779	-27.991565	1.580997	-1.259723	-28.170926	1.576291	-1.225173	-27.888845	1.608781	-1.294910	-27.938611	1.313033	-1.201627	-27.983045	0.805817	-1.688965	-27.689908	1.113308	-1.148903	-28.103675	-0.038828	-2.047721	-27.678407	1.069661	-1.101872	-28.083836	-0.041952	-2.086435	-27.682414	1.092105	-1.104106	-28.079613	-0.070079	-2.080808	-28.176704	0.986339	-1.193892	-28.206040	0.998214	-1.196708	-27.828051	0.967252	-1.246701	-27.850967	1.029952	-1.327232	-28.197256	0.448965	-1.183137	-27.819665	0.453680	-1.273487	-28.188407	-0.085604	-1.161180	-28.197907	-0.030913	-1.203804	-27.857986	-0.081703	-1.267857	-27.875321	-0.003080	-1.290389
2304	31.996602	00:00:31:00	-27.998707	1.728120	-1.231926	-27.945269	1.593806	-1.152607	-28.034913	1.602341	-1.121345	-28.019601	1.578184	-1.287736	-28.012600	1.557905	-1.215625	-28.149029	1.613956	-1.231393	-27.860005	1.588337	-1.297882	-27.937840	1.327166	-1.166830	-27.998979	0.747949	-1.683977	-27.648782	1.091290	-1.118726	-28.096251	-0.061627	-2.064752	-27.696851	1.087227	-1.127730	-28.061151	-0.072464	-2.072192	-27.703679	1.102433	-1.104992	-28.084446	-0.026441	-2.086867	-28.187458	0.998021	-1.177288	-28.197777	1.028746	-1.224010	-27.801501	0.984889	-1.300228	-27.839963	1.010652	-1.290994	-28.187057	0.447634	-1.215536	-27.827511	0.473070	-1.282374	-28.155323	-0.083317	-1.158734	-28.173257	-0.028011	-1.194870	-27.842148	-0.076650	-1.263404	-27.838576	-0.049113	-1.274320
2305	32.010496	00:00:32:01	-28.001211	1.682281	-1.243306	-27.933412	1.611201	-1.177557	-28.056558	1.627706	-1.121027	-28.035914	1.589490	-1.255973	-28.043516	1.557279	-1.199360	-28.171573	1.591597	-1.217923	-27.896910	1.598243	-1.287882	-27.935585	1.336182	-1.182927	-27.959849	0.778958	-1.686043	-27.656624	1.124733	-1.090035	-28.117021	-0.070796	-2.087472	-27.667262	1.056588	-1.084581	-28.084611	-0.055060	-2.084675	-27.648526	1.065491	-1.116479	-28.081341	-0.063575	-2.079834	-28.209025	0.954760	-1.194156	-28.196221	1.011620	-1.229083	-27.845899	0.939252	-1.278984	-27.845539	1.007277	-1.298427	-28.202506	0.475737	-1.232798	-27.843921	0.450771	-1.274902	-28.186688	-0.075132	-1.167961	-28.172742	-0.044861	-1.230304	-27.828183	-0.074735	-1.257136	-27.830866	-0.054086	-1.304596
2306	32.024389	00:00:32:02	-28.001492	1.705728	-1.217152	-27.930304	1.645784	-1.159711	-28.069259	1.616876	-1.128643	-28.039884	1.572901	-1.261318	-28.000853	1.601747	-1.266594	-28.152092	1.617801	-1.224444	-27.904285	1.605062	-1.307032	-27.949847	1.332253	-1.178231	-27.983014	0.751127	-1.682663	-27.687784	1.097515	-1.109970	-28.096263	-0.038941	-2.096523	-27.699293	1.095939	-1.105470	-28.094253	-0.028301	-2.077936	-27.657498	1.100116	-1.083671	-28.105729	-0.037049	-2.049419	-28.187500	0.989928	-1.213894	-28.176619	1.025444	-1.224695	-27.831453	1.006389	-1.269818	-27.822734	0.996678	-1.305992	-28.186831	0.472066	-1.212104	-27.851133	0.473990	-1.297779	-28.182282	-0.059172	-1.186095	-28.218225	-0.031168	-1.209790	-27.838165	-0.090628	-1.272060	-27.852949	-0.044151	-1.277066
2307	32.038283	00:00:32:03	-28.023257	1.706277	-1.226732	-27.910107	1.606768	-1.140381	-28.043394	1.619678	-1.115836	-28.001739	1.595007	-1.282009	-28.021559	1.562242	-1.224282	-28.164795	1.618298	-1.246169	-27.839254	1.600467	-1.306667	-27.903629	1.328659	-1.168476	-27.958638	0.775042	-1.677498	-27.673600	1.086381	-1.131419	-28.104423	-0.037832	-2.077602	-27.695045	1.076137	-1.113249	-28.131194	-0.060691	-2.055603	-27.678395	1.095739	-1.110656	-28.085240	-0.069390	-2.031309	-28.173262	0.963796	-1.183383	-28.208673	1.002183	-1.257278	-27.836681	0.939576	-1.258717	-27.870534	1.031093	-1.313945	-28.190154	0.471123	-1.194417	-27.862504	0.459293	-1.290421	-28.178203	-0.082252	-1.158515	-28.203955	-0.030906	-1.217527	-27.834798	-0.060230	-1.238962	-27.842343	-0.054657	-1.318141
2308	32.052176	00:00:32:04	-27.988309	1.702318	-1.251195	-27.937161	1.614217	-1.143185	-28.055149	1.598914	-1.119782	-28.016071	1.574551	-1.278581	-27.995737	1.535449	-1.226253	-28.175590	1.589543	-1.238780	-27.868252	1.542625	-1.283194	-27.909291	1.354175	-1.143626	-27.981876	0.740060	-1.662278	-27.666327	1.051974	-1.099837	-28.106138	-0.040384	-2.088113	-27.655219	1.094214	-1.123493	-28.108529	-0.039159	-2.052750	-27.674519	1.087447	-1.099020	-28.104349	-0.075704	-2.092056	-28.218490	0.982627	-1.199584	-28.190038	1.007768	-1.243489	-27.838348	0.968985	-1.265624	-27.859878	1.018169	-1.277226	-28.171723	0.465602	-1.224548	-27.840577	0.486386	-1.256497	-28.185064	-0.078247	-1.173552	-28.188688	-0.050315	-1.183505	-27.881553	-0.075504	-1.252299	-27.855848	-0.062792	-1.314988
2309	32.066070	00:00:32:05	-27.988083	1.737628	-1.213411	-27.930881	1.608225	-1.172159	-28.084173	1.598206	-1.127625	-28.003777	1.626450	-1.237480	-28.025252	1.562976	-1.211817	-28.154345	1.569724	-1.206889	-27.902086	1.584648	-1.289278	-27.910282	1.333263	-1.145616	-27.999141	0.776573	-1.646034	-27.662351	1.097702	-1.070478	-28.070753	-0.060387	-2.080582	-27.653633	1.091509	-1.115062	-28.090290	-0.040482	-2.047728	-27.664074	1.054868	-1.100092	-28.068811	-0.058992	-2.061432	-28.203068	0.991540	-1.197490	-28.240785	1.011378	-1.237393	-27.826287	0.984421	-1.287821	-27.846125	0.980751	-1.279786	-28.163697	0.482003	-1.174687	-27.844953	0.473300	-1.294957	-28.195711	-0.079576	-1.162924	-28.175681	-0.019942	-1.211691	-27.810260	-0.091586	-1.255055	-27.853247	0.002073	-1.272028
2310	32.079963	00:00:32:06	-28.047623	1.705429	-1.217521	-27.949595	1.621515	-1.161890	-28.053071	1.624163	-1.130085	-27.995190	1.594296	-1.264701	-28.038880	1.559233	-1.253518	-28.196821	1.573877	-1.249217	-27.891772	1.544475	-1.293108	-27.950265	1.336126	-1.141256	-27.954708	0.759863	-1.705363	-27.719650	1.086312	-1.124405	-28.058393	-0.034071	-2.041837	-27.694972	1.036868	-1.101553	-28.089364	-0.058026	-2.059867	-27.656262	1.110104	-1.122763	-28.091799	-0.064051	-2.058394	-28.166637	0.954635	-1.174999	-28.232390	1.020657	-1.245232	-27.830913	0.994775	-1.272172	-27.836393	1.029235	-1.269208	-28.238597	0.486773	-1.226123	-27.859636	0.478650	-1.264117	-28.170621	-0.116625	-1.157992	-28.214635	-0.012462	-1.203729	-27.810570	-0.048786	-1.242981	-27.868791	-0.030389	-1.308911
2311	32.093857	00:00:32:07	-28.038231	1.738628	-1.216132	-27.926599	1.636029	-1.169019	-28.029692	1.643599	-1.129546	-28.019675	1.566922	-1.233986	-27.991129	1.534065	-1.236312	-28.147191	1.588968	-1.256468	-27.873778	1.608418	-1.273660	-27.908677	1.320149	-1.200151	-27.994823	0.830617	-1.713150	-27.640654	1.118618	-1.115217	-28.094022	-0.051969	-2.024585	-27.650809	1.074166	-1.107879	-28.116888	-0.036093	-2.069708	-27.670099	1.105976	-1.118630	-28.104123	-0.034885	-2.087960	-28.170289	0.959614	-1.153444	-28.219876	1.037794	-1.221725	-27.850920	0.985287	-1.273223	-27.837489	1.004695	-1.333260	-28.185095	0.471738	-1.218037	-27.835958	0.464290	-1.261715	-28.196193	-0.054130	-1.154577	-28.187764	-0.046540	-1.210975	-27.852530	-0.092378	-1.262779	-27.829635	-0.055302	-1.292493
2312	32.107750	00:00:32:08	-28.029410	1.712528	-1.249007	-27.916484	1.613352	-1.153984	-28.041208	1.604695	-1.142865	-28.029481	1.578641	-1.277744	-27.991847	1.519703	-1.220364	-28.137290	1.577438	-1.243658	-27.855699	1.591878	-1.267776	-27.905828	1.341026	-1.169541	-27.989933	0.757966	-1.720081	-27.675707	1.090538	-1.097403	-28.094492	-0.056679	-2.054354	-27.663076	1.090621	-1.124164	-28.052442	-0.064661	-2.067371	-27.675395	1.092690	-1.099067	-28.076366	-0.037385	-2.085385	-28.200850	0.967589	-1.172638	-28.180708	1.054424	-1.243200	-27.826154	1.005961	-1.279101	-27.869829	1.041178	-1.321462	-28.194197	0.450759	-1.181492	-27.842776	0.457146	-1.276079	-28.202832	-0.092007	-1.168393	-28.196900	-0.035995	-1.207057	-27.852939	-0.043564	-1.248867	-27.857197	-0.016091	-1.272471
2313	32.121643	00:00:32:09	-28.020208	1.712075	-1.232672	-27.929139	1.631439	-1.161854	-28.027055	1.611356	-1.151032	-28.030086	1.561672	-1.257303	-27.996550	1.578886	-1.234414	-28.183315	1.606605	-1.229569	-27.877019	1.589300	-1.299246	-27.899385	1.343273	-1.170428	-28.002904	0.793365	-1.659630	-27.657368	1.088178	-1.151006	-28.084502	-0.076681	-2.056665	-27.684006	1.088051	-1.092753	-28.105285	-0.040201	-2.052171	-27.702752	1.101395	-1.090089	-28.157408	-0.045247	-2.060592	-28.227947	0.989753	-1.173335	-28.190869	1.017520	-1.224670	-27.813613	0.989032	-1.268016	-27.882895	0.998162	-1.310689	-28.184956	0.483953	-1.207950	-27.865588	0.436537	-1.283484	-28.191064	-0.078658	-1.173484	-28.175260	-0.052126	-1.196447	-27.820976	-0.065918	-1.260615	-27.850236	-0.039168	-1.267780
2314	32.135537	00:00:32:10	-27.984592	1.713106	-1.235016	-27.916973	1.594328	-1.151266	-28.046813	1.628791	-1.125685	-28.034448	1.599793	-1.272326	-27.997226	1.549868	-1.230467	-28.147591	1.593156	-1.228318	-27.870533	1.631104	-1.338637	-27.913334	1.345364	-1.175048	-27.959936	0.768647	-1.674784	-27.657721	1.079546	-1.089191	-28.101038	-0.046521	-2.063762	-27.632996	1.066308	-1.084848	-28.103101	-0.082050	-2.078199	-27.679098	1.082209	-1.090872	-28.125307	-0.077820	-2.055945	-28.211781	0.978729	-1.199205	-28.161312	1.000837	-1.240354	-27.843367	0.933529	-1.259476	-27.893165	1.019159	-1.319798	-28.196523	0.475920	-1.177219	-27.822018	0.498364	-1.308427	-28.190895	-0.056665	-1.202251	-28.190935	-0.034903	-1.229541	-27.829741	-0.039546	-1.204903	-27.836359	-0.011206	-1.306929
2315	32.149430	00:00:32:11	-28.001784	1.678722	-1.228130	-27.948312	1.641789	-1.152209	-28.051410	1.623375	-1.158339	-28.032481	1.591539	-1.271026	-28.001263	1.544623	-1.238233	-28.173163	1.606205	-1.250603	-27.878070	1.607377	-1.295723	-27.934803	1.329525	-1.161756	-27.981515	0.761228	-1.679693	-27.677238	1.077169	-1.105668	-28.084199	-0.037520	-2.065027	-27.680648	1.094002	-1.098429	-28.080418	-0.030199	-2.098664	-27.669409	1.065538	-1.101366	-28.097814	-0.050053	-2.044980	-28.147845	0.989877	-1.182642	-28.190477	1.029954	-1.227427	-27.842274	1.010263	-1.294623	-27.827087	1.006037	-1.321906	-28.234554	0.495500	-1.209058	-27.860642	0.460693	-1.292357	-28.188639	-0.096154	-1.158183	-28.185674	-0.005984	-1.224871	-27.845479	-0.083691	-1.244745	-27.843188	-0.058248	-1.308290
2316	32.163324	00:00:32:12	-28.022548	1.700910	-1.217730	-27.918970	1.601955	-1.173850	-28.052854	1.612396	-1.125274	-28.018367	1.623990	-1.266753	-28.016778	1.563884	-1.228267	-28.139186	1.596504	-1.203201	-27.876763	1.572468	-1.305417	-27.899636	1.379442	-1.177334	-27.967255	0.748600	-1.676638	-27.671856	1.101571	-1.122782	-28.087795	-0.026820	-2.064783	-27.659823	1.077827	-1.126810	-28.074371	-0.069928	-2.037923	-27.637916	1.074102	-1.116934	-28.118325	-0.025916	-2.060470	-28.208785	0.971849	-1.168171	-28.189238	1.044102	-1.199483	-27.846893	0.997428	-1.268055	-27.832826	1.018473	-1.323186	-28.198979	0.466189	-1.214355	-27.879264	0.462931	-1.304211	-28.174245	-0.062668	-1.185504	-28.199776	-0.047100	-1.233826	-27.864131	-0.063528	-1.257612	-27.833689	-0.059876	-1.311265
2317	32.177217	00:00:32:13	-28.002083	1.685261	-1.219795	-27.954277	1.598643	-1.168672	-28.054288	1.604598	-1.107701	-28.027904	1.580113	-1.278423	-28.017739	1.570055	-1.209856	-28.149194	1.582246	-1.239453	-27.888941	1.586409	-1.270112	-27.889285	1.357813	-1.162785	-27.984082	0.763153	-1.708603	-27.646367	1.102239	-1.086380	-28.101147	-0.041319	-2.076992	-27.676682	1.078630	-1.097792	-28.114008	-0.038534	-2.040449	-27.666635	1.082132	-1.113711	-28.134179	-0.026128	-2.093581	-28.195940	0.998905	-1.161584	-28.225153	1.018542	-1.217852	-27.820067	0.972528	-1.271434	-27.850040	0.977981	-1.328094	-28.194696	0.460754	-1.209588	-27.862434	0.445248	-1.270673	-28.129810	-0.037169	-1.167310	-28.209932	-0.060181	-1.205498	-27.830070	-0.101667	-1.266262	-27.864044	-0.005943	-1.269122
2318	32.191111	00:00:32:14	-28.032138	1.750108	-1.234244	-27.939700	1.612071	-1.160483	-28.033351	1.608029	-1.120332	-28.018485	1.586523	-1.251639	-28.023834	1.598344	-1.204989	-28.165623	1.587783	-1.201296	-27.880316	1.594114	-1.268312	-27.930788	1.310554	-1.148387	-28.028700	0.783398	-1.676649	-27.664271	1.100759	-1.088842	-28.086668	-0.044319	-2.030819	-27.642573	1.087822	-1.082781	-28.088064	-0.031612	-2.065448	-27.629016	1.079005	-1.114159	-28.105280	-0.026380	-2.048670	-28.146420	0.967147	-1.182888	-28.207309	1.009699	-1.202576	-27.829495	0.990739	-1.263339	-27.838023	1.007829	-1.313927	-28.198828	0.480854	-1.177003	-27.837273	0.473599	-1.269508	-28.189041	-0.109097	-1.181682	-28.216609	-0.054572	-1.177682	-27.829799	-0.093374	-1.260737	-27.828210	-0.032949	-1.317738
2319	32.205004	00:00:32:15	-28.025935	1.691346	-1.204219	-27.925757	1.608707	-1.154400	-28.076792	1.628816	-1.081488	-28.014358	1.601454	-1.249285	-28.031842	1.545060	-1.194559	-28.159528	1.622106	-1.226714	-27.878013	1.628128	-1.322512	-27.932427	1.354008	-1.146655	-27.986034	0.800375	-1.681079	-27.671786	1.066430	-1.088765	-28.070919	-0.026468	-2.060966	-27.692214	1.084643	-1.077534	-28.087625	-0.033058	-2.080111	-27.695954	1.081067	-1.102940	-28.093183	-0.047162	-2.056988	-28.214134	0.988663	-1.136479	-28.215090	0.987619	-1.221825	-27.833128	0.973141	-1.233623	-27.832766	1.007385	-1.336488	-28.193021	0.474687	-1.219485	-27.845961	0.504716	-1.275846	-28.178030	-0.084023	-1.157795	-28.193101	-0.038317	-1.194161	-27.841621	-0.072764	-1.223926	-27.807714	-0.048061	-1.282990
2320	32.218898	00:00:32:16	-28.033934	1.679472	-1.235805	-27.920428	1.623874	-1.162288	-28.066554	1.603650	-1.133585	-27.993989	1.564996	-1.262439	-27.994036	1.555191	-1.262859	-28.168335	1.596991	-1.256507	-27.885167	1.599063	-1.268129	-27.902876	1.304677	-1.156497	-27.951752	0.766427	-1.700766	-27.672210	1.100587	-1.104929	-28.101228	-0.026782	-2.061738	-27.642435	1.083016	-1.113230	-28.080178	-0.027297	-2.053155	-27.638672	1.090765	-1.093243	-28.078684	-0.017425	-2.079682	-28.181432	0.984793	-1.178427	-28.177284	1.019536	-1.228139	-27.869267	0.987237	-1.252137	-27.852148	1.006796	-1.331000	-28.190801	0.459589	-1.181857	-27.837589	0.512149	-1.289583	-28.182472	-0.052125	-1.133168	-28.204914	-0.031757	-1.204327	-27.862230	-0.064272	-1.234933	-27.866274	-0.025001	-1.250621
2321	32.232791	00:00:32:17	-28.008231	1.696666	-1.226924	-27.951122	1.631771	-1.116346	-28.072666	1.604893	-1.102125	-27.996396	1.570761	-1.262391	-28.054330	1.563804	-1.225298	-28.169711	1.577007	-1.235374	-27.848260	1.573705	-1.290292	-27.922177	1.338919	-1.161603	-28.001357	0.773593	-1.672808	-27.707625	1.063279	-1.080850	-28.100070	-0.054634	-2.040244	-27.695115	1.068142	-1.081739	-28.097061	-0.045239	-2.077514	-27.681940	1.061111	-1.100947	-28.067709	-0.026519	-2.066967	-28.183816	1.018593	-1.178838	-28.199266	1.017921	-1.238824	-27.790635	0.973248	-1.286587	-27.839063	0.999640	-1.306699	-28.152270	0.440927	-1.179408	-27.850594	0.454390	-1.317291	-28.198077	-0.086500	-1.211293	-28.177012	-0.048539	-1.189146	-27.836250	-0.071558	-1.274424	-27.874464	-0.038986	-1.319351
2322	32.246684	00:00:32:18	-28.032995	1.717170	-1.229689	-27.971151	1.603392	-1.167175	-28.053354	1.621230	-1.116273	-28.054541	1.601004	-1.264648	-27.999892	1.552999	-1.263736	-28.150861	1.594648	-1.221409	-27.899658	1.557478	-1.306232	-27.884253	1.318785	-1.160560	-27.978188	0.778247	-1.681331	-27.674659	1.090461	-1.114199	-28.111726	-0.051245	-2.057461	-27.645521	1.084051	-1.100441	-28.101579	-0.056148	-2.064880	-27.676002	1.113027	-1.082113	-28.096979	-0.047924	-2.079330	-28.169345	0.999565	-1.166062	-28.184851	0.976318	-1.259912	-27.862939	0.997648	-1.303899	-27.860984	1.046823	-1.298717	-28.191586	0.465289	-1.220333	-27.828635	0.422838	-1.266329	-28.190422	-0.087344	-1.150064	-28.212709	-0.041475	-1.216284	-27.821359	-0.075800	-1.265660	-27.856551	-0.009121	-1.291848
2323	32.260578	00:00:32:19	-28.051862	1.708264	-1.233958	-27.958208	1.590277	-1.158821	-28.021149	1.645172	-1.106812	-28.011296	1.586183	-1.242247	-28.010478	1.545119	-1.240438	-28.167371	1.554342	-1.205293	-27.878647	1.566755	-1.302392	-27.924144	1.328243	-1.149622	-28.022757	0.778596	-1.676131	-27.663693	1.090918	-1.113211	-28.099050	-0.054777	-2.076255	-27.693320	1.140920	-1.095295	-28.079730	-0.044180	-2.052770	-27.667072	1.061278	-1.072655	-28.106637	-0.038727	-2.051781	-28.143666	0.993615	-1.166589	-28.188760	1.008989	-1.238355	-27.826282	1.003394	-1.264033	-27.861275	1.042548	-1.280176	-28.153144	0.461675	-1.232230	-27.848870	0.442104	-1.309654	-28.162991	-0.076168	-1.159107	-28.179332	-0.041432	-1.182408	-27.839042	-0.079450	-1.263911	-27.864847	-0.062159	-1.326844
2324	32.274471	00:00:32:20	-28.035348	1.697108	-1.202089	-27.958975	1.620159	-1.149470	-28.084287	1.581950	-1.135126	-28.013426	1.558030	-1.252743	-28.017276	1.540260	-1.215646	-28.162969	1.586296	-1.185400	-27.895387	1.564367	-1.298743	-27.946140	1.328397	-1.162791	-28.008971	0.745373	-1.678027	-27.663223	1.105470	-1.092274	-28.099649	-0.029883	-2.057356	-27.692033	1.103889	-1.104529	-28.075163	-0.052288	-2.040527	-27.678002	1.101762	-1.103797	-28.067388	-0.031436	-2.086877	-28.187431	1.017904	-1.172085	-28.201151	1.031508	-1.213025	-27.845644	0.999287	-1.289199	-27.833650	0.997612	-1.284383	-28.198081	0.473246	-1.161832	-27.856705	0.472418	-1.287773	-28.170516	-0.089158	-1.139170	-28.201784	-0.051990	-1.229184	-27.840802	-0.084582	-1.227719	-27.861087	-0.039038	-1.291509
2325	32.288365	00:00:32:21	-28.006545	1.700360	-1.187120	-27.922515	1.593794	-1.159378	-28.020617	1.640809	-1.097259	-28.001516	1.598805	-1.285044	-28.004796	1.562740	-1.240800	-28.193118	1.599509	-1.221153	-27.851773	1.598616	-1.313615	-27.907313	1.330648	-1.163840	-27.997305	0.768947	-1.656504	-27.695481	1.141861	-1.105419	-28.101602	-0.046590	-2.084411	-27.699937	1.087850	-1.062754	-28.077036	-0.031756	-2.061889	-27.690767	1.093438	-1.106120	-28.121486	-0.048018	-2.052081	-28.198758	0.982016	-1.201408	-28.189503	1.031928	-1.243530	-27.865528	0.999370	-1.256635	-27.826640	0.998761	-1.315510	-28.168925	0.474898	-1.190383	-27.840728	0.480355	-1.269824	-28.172423	-0.043916	-1.191857	-28.211973	-0.055816	-1.195259	-27.858471	-0.092827	-1.250527	-27.848332	-0.045141	-1.301308
2326	32.302258	00:00:32:22	-28.003092	1.696533	-1.225126	-27.946486	1.613628	-1.125152	-28.042393	1.610328	-1.125088	-28.012325	1.564990	-1.283872	-28.018839	1.593616	-1.227222	-28.176679	1.581581	-1.238226	-27.883622	1.559863	-1.312787	-27.923380	1.332665	-1.155344	-27.971947	0.771031	-1.661680	-27.678830	1.076935	-1.083970	-28.081694	-0.065148	-2.029297	-27.691550	1.115795	-1.089991	-28.136206	-0.061826	-2.071930	-27.665089	1.078368	-1.086318	-28.091088	-0.039133	-2.058072	-28.158399	0.960817	-1.197108	-28.191225	1.013781	-1.237120	-27.857405	0.983963	-1.262357	-27.859301	1.017023	-1.335162	-28.194944	0.485640	-1.187502	-27.837900	0.453030	-1.288583	-28.213010	-0.049737	-1.148202	-28.191394	-0.027655	-1.165231	-27.843406	-0.054087	-1.223861	-27.848712	-0.023699	-1.300257
2327	32.316152	00:00:32:23	-27.997111	1.712068	-1.226462	-27.932174	1.604475	-1.173366	-28.080083	1.614271	-1.139288	-27.998563	1.596648	-1.285362	-28.028614	1.574653	-1.215532	-28.168165	1.566913	-1.193478	-27.873938	1.587340	-1.319959	-27.949606	1.355878	-1.173898	-27.974768	0.762477	-1.673210	-27.683008	1.094064	-1.075612	-28.086542	-0.062524	-2.050699	-27.690907	1.084392	-1.088853	-28.108426	-0.046780	-2.058507	-27.687149	1.087025	-1.101492	-28.075199	-0.045423	-2.031905	-28.177275	0.979736	-1.183687	-28.195078	0.975930	-1.214337	-27.844864	0.927131	-1.279690	-27.829029	1.040695	-1.320370	-28.200190	0.479459	-1.198017	-27.827029	0.472017	-1.287387	-28.201415	-0.094249	-1.169842	-28.168962	-0.048588	-1.217066	-27.834128	-0.091017	-1.245906	-27.857087	-0.033909	-1.315531
2328	32.330045	00:00:32:24	-28.032535	1.708277	-1.221607	-27.927245	1.595183	-1.152064	-28.089033	1.600537	-1.109808	-27.988955	1.606719	-1.286448	-28.012255	1.582732	-1.260896	-28.160874	1.595588	-1.248261	-27.869908	1.600865	-1.317477	-27.951137	1.382553	-1.161486	-27.972157	0.776901	-1.721346	-27.643395	1.102931	-1.084349	-28.117125	-0.026657	-2.078906	-27.696021	1.080662	-1.075290	-28.089737	-0.050422	-2.080816	-27.638681	1.072503	-1.076063	-28.102315	-0.027655	-2.065272	-28.183523	0.981060	-1.217019	-28.174399	1.022466	-1.221093	-27.844825	0.991473	-1.285594	-27.813527	1.009021	-1.319920	-28.173829	0.476794	-1.190442	-27.818990	0.460613	-1.296522	-28.201680	-0.085535	-1.209235	-28.159783	-0.032850	-1.191949	-27.841851	-0.076637	-1.232028	-27.860380	-0.029148	-1.320987
2329	32.343939	00:00:32:25	-27.997294	1.710282	-1.231370	-27.930357	1.603842	-1.141176	-28.068566	1.624926	-1.142012	-28.022277	1.592212	-1.280062	-27.979618	1.541398	-1.241411	-28.207166	1.584922	-1.203725	-27.863867	1.588561	-1.307893	-27.922995	1.355784	-1.166467	-28.004781	0.776335	-1.700672	-27.667946	1.079055	-1.097103	-28.101049	-0.039045	-2.070688	-27.678891	1.096173	-1.076808	-28.071225	-0.046832	-2.076371	-27.678911	1.075993	-1.085339	-28.098412	-0.056577	-2.068696	-28.216435	0.947745	-1.186156	-28.205919	0.981148	-1.208759	-27.852974	1.009201	-1.276156	-27.881260	1.003842	-1.313985	-28.182848	0.497948	-1.198063	-27.855744	0.471398	-1.292229	-28.228243	-0.053864	-1.165646	-28.218130	-0.085628	-1.210214	-27.795173	-0.101087	-1.263878	-27.908797	-0.047680	-1.280115
2330	32.357832	00:00:32:26	-28.006478	1.692501	-1.222038	-27.946825	1.645263	-1.121032	-28.066919	1.627709	-1.109029	-28.017384	1.583094	-1.267875	-28.004319	1.561115	-1.228249	-28.158867	1.574048	-1.233368	-27.887100	1.567691	-1.304597	-27.894778	1.356163	-1.152257	-27.981203	0.740555	-1.666613	-27.670374	1.091966	-1.074968	-28.112747	-0.054464	-2.057331	-27.646592	1.086500	-1.065955	-28.089971	-0.046612	-2.075385	-27.662414	1.072694	-1.109147	-28.081211	-0.065477	-2.082815	-28.185333	0.961151	-1.179913	-28.206137	1.032764	-1.227784	-27.845706	0.970307	-1.297510	-27.868553	1.005646	-1.304360	-28.199637	0.484222	-1.186439	-27.856010	0.482871	-1.265906	-28.202929	-0.043924	-1.173965	-28.175008	-0.044698	-1.192010	-27.839263	-0.055564	-1.264960	-27.832742	-0.040939	-1.304236
2331	32.371725	00:00:32:27	-28.028542	1.680484	-1.231962	-27.950048	1.618928	-1.156865	-28.027659	1.613383	-1.132404	-27.994865	1.582349	-1.265900	-28.022475	1.559397	-1.251343	-28.174616	1.590342	-1.230638	-27.881977	1.591750	-1.285449	-27.899933	1.332589	-1.165837	-27.988682	0.782885	-1.668926	-27.683228	1.115257	-1.103813	-28.115236	-0.049173	-2.082726	-27.658625	1.074828	-1.124179	-28.069431	-0.036289	-2.044934	-27.659227	1.130616	-1.094335	-28.082784	-0.022084	-2.046546	-28.189844	0.984874	-1.178262	-28.194352	0.989832	-1.200650	-27.843741	0.972459	-1.271855	-27.833888	1.052035	-1.315681	-28.163749	0.455213	-1.208164	-27.852049	0.492423	-1.281084	-28.178570	-0.068071	-1.165782	-28.193672	-0.031027	-1.170655	-27.834819	-0.050768	-1.250309	-27.810147	-0.033248	-1.306729
2332	32.385619	00:00:32:28	-28.027180	1.720236	-1.216168	-27.952390	1.636469	-1.182712	-28.064816	1.595596	-1.137048	-28.050938	1.596100	-1.259023	-28.025635	1.526381	-1.237233	-28.173184	1.593739	-1.210011	-27.874046	1.589009	-1.289966	-27.908233	1.339897	-1.158360	-28.005860	0.763025	-1.696359	-27.673719	1.110651	-1.089996	-28.095542	-0.067959	-2.071347	-27.671640	1.064266	-1.067783	-28.112352	-0.060591	-2.065223	-27.664227	1.087710	-1.105799	-28.119940	-0.084968	-2.065107	-28.179779	0.951794	-1.161088	-28.204525	1.037738	-1.236169	-27.821036	0.974248	-1.256276	-27.856770	1.022501	-1.314936	-28.157898	0.423981	-1.196351	-27.848634	0.434435	-1.288139	-28.185694	-0.096014	-1.175030	-28.204577	-0.051746	-1.199149	-27.853235	-0.099578	-1.263219	-27.851684	-0.038561	-1.325547
2333	32.399512	00:00:32:29	-28.025401	1.702975	-1.220022	-27.943371	1.591258	-1.171117	-28.019852	1.631092	-1.076983	-28.013041	1.600523	-1.286562	-28.013716	1.545886	-1.240981	-28.192580	1.601099	-1.209281	-27.848052	1.598475	-1.285234	-27.914734	1.329388	-1.186826	-28.006130	0.745361	-1.693894	-27.653466	1.084264	-1.086517	-28.101677	-0.037207	-2.056528	-27.657531	1.106833	-1.093154	-28.112136	-0.060475	-2.079617	-27.689259	1.101604	-1.083972	-28.105458	-0.097124	-2.086873	-28.174148	0.964793	-1.176758	-28.203170	0.989243	-1.222354	-27.813301	0.985732	-1.233972	-27.837231	1.031006	-1.332789	-28.182587	0.478680	-1.172906	-27.837384	0.478976	-1.227948	-28.175973	-0.063109	-1.165176	-28.191905	-0.048156	-1.227405	-27.832812	-0.085470	-1.255567	-27.841053	-0.004074	-1.305070
2334	32.413406	00:00:32:30	-28.027654	1.713648	-1.233872	-27.945180	1.646624	-1.148165	-28.061092	1.607616	-1.126144	-28.035034	1.610954	-1.259702	-28.002318	1.539765	-1.227870	-28.184924	1.588450	-1.233803	-27.842455	1.630106	-1.312513	-27.922328	1.346630	-1.169091	-28.002502	0.773490	-1.671348	-27.667389	1.095142	-1.084667	-28.106041	-0.066037	-2.067199	-27.682971	1.091766	-1.096295	-28.076256	-0.051767	-2.078019	-27.689664	1.090877	-1.087680	-28.075536	-0.044836	-2.063967	-28.183590	0.963371	-1.208721	-28.198796	1.027987	-1.240348	-27.858298	0.967139	-1.250232	-27.872413	1.036921	-1.297984	-28.184142	0.478993	-1.185656	-27.828763	0.470257	-1.275755	-28.174322	-0.054249	-1.158059	-28.174091	-0.039985	-1.229633	-27.871581	-0.097682	-1.256002	-27.863414	-0.016396	-1.281358
2335	32.427299	00:00:32:31	-28.014426	1.702108	-1.222544	-27.916369	1.610691	-1.133551	-28.057287	1.637354	-1.102151	-28.031999	1.596431	-1.276315	-28.006135	1.558998	-1.208870	-28.179610	1.575632	-1.226172	-27.886821	1.567404	-1.282467	-27.940487	1.348869	-1.135618	-27.949704	0.758693	-1.687294	-27.682237	1.085609	-1.115092	-28.107909	-0.061689	-2.063281	-27.691234	1.121434	-1.111223	-28.094290	-0.021176	-2.061249	-27.671904	1.087962	-1.106340	-28.111053	-0.051260	-2.068833	-28.178059	1.005780	-1.205063	-28.216769	1.030789	-1.234668	-27.860829	0.990701	-1.260750	-27.864538	1.012660	-1.314279	-28.160916	0.470618	-1.205463	-27.849152	0.463430	-1.307178	-28.222242	-0.099247	-1.166271	-28.181659	-0.042341	-1.215261	-27.882035	-0.079332	-1.267868	-27.855614	-0.017028	-1.289200
2336	32.441193	00:00:32:32	-28.014475	1.690449	-1.191343	-27.943643	1.623393	-1.148838	-28.038265	1.613285	-1.137252	-28.015962	1.610435	-1.266705	-27.979243	1.551881	-1.245498	-28.160584	1.601527	-1.244926	-27.908357	1.580079	-1.290529	-27.922387	1.319065	-1.164896	-27.973688	0.776255	-1.691941	-27.695415	1.085585	-1.098386	-28.087872	-0.035867	-2.054843	-27.680215	1.086859	-1.091483	-28.102767	-0.087855	-2.065365	-27.657656	1.099650	-1.090239	-28.103484	-0.024389	-2.039785	-28.169347	0.984764	-1.177704	-28.197114	1.006445	-1.216036	-27.866160	0.978538	-1.281092	-27.828111	1.044627	-1.309929	-28.179919	0.477385	-1.175079	-27.842695	0.473514	-1.271425	-28.160100	-0.085667	-1.163213	-28.184353	-0.035431	-1.226722	-27.832024	-0.087501	-1.273633	-27.848110	-0.067345	-1.270250
2337	32.455086	00:00:32:33	-27.995040	1.691871	-1.257198	-27.935762	1.594219	-1.173161	-28.028901	1.640832	-1.108702	-28.017895	1.590886	-1.283318	-28.029562	1.572851	-1.229707	-28.167059	1.572097	-1.233009	-27.887923	1.576436	-1.301751	-27.922354	1.342009	-1.144900	-27.958657	0.780266	-1.685758	-27.696272	1.091643	-1.118564	-28.062209	-0.015722	-2.058255	-27.637638	1.086867	-1.072809	-28.118576	-0.036956	-2.049593	-27.687491	1.110680	-1.106347	-28.082460	-0.034139	-2.051442	-28.183057	0.985407	-1.204385	-28.172630	1.025375	-1.212208	-27.828167	0.968140	-1.265860	-27.824161	1.030711	-1.330021	-28.176999	0.473415	-1.184114	-27.854844	0.492156	-1.287523	-28.191097	-0.091595	-1.162136	-28.198777	-0.040490	-1.213253	-27.862321	-0.088828	-1.241674	-27.850620	-0.016327	-1.296865
2338	32.468980	00:00:32:34	-27.977544	1.713226	-1.233913	-27.914129	1.606916	-1.135796	-28.042410	1.616715	-1.124526	-28.023491	1.604480	-1.260941	-27.986574	1.526348	-1.244153	-28.190257	1.592766	-1.207356	-27.920542	1.618240	-1.276257	-27.878130	1.344781	-1.141194	-28.011573	0.754217	-1.677346	-27.656367	1.066617	-1.103999	-28.085759	-0.058631	-2.052343	-27.665075	1.119644	-1.102631	-28.074679	-0.042821	-2.063760	-27.661296	1.129392	-1.079030	-28.104654	-0.043596	-2.063539	-28.195974	0.945012	-1.170424	-28.192501	1.009026	-1.202830	-27.843006	1.002599	-1.265333	-27.823892	0.999227	-1.304172	-28.202539	0.465780	-1.194032	-27.837142	0.469792	-1.273563	-28.174354	-0.075167	-1.124320	-28.193269	-0.036123	-1.182442	-27.847048	-0.119225	-1.231326	-27.859390	-0.034206	-1.284165
2339	32.482873	00:00:32:35	-27.988941	1.705917	-1.219278	-27.923110	1.586197	-1.134745	-28.047385	1.629605	-1.121623	-28.000408	1.571276	-1.254518	-28.012324	1.572502	-1.226148	-28.164233	1.574107	-1.198669	-27.872422	1.596337	-1.316614	-27.914947	1.350820	-1.128898	-27.957996	0.779126	-1.644133	-27.664405	1.090827	-1.084634	-28.088313	-0.031257	-2.074048	-27.664469	1.073113	-1.077470	-28.085929	-0.052734	-2.077807	-27.674957	1.112324	-1.055362	-28.146904	-0.095610	-2.113836	-28.172031	0.948114	-1.193952	-28.223740	1.031524	-1.205352	-27.840441	0.951962	-1.270739	-27.848030	1.011888	-1.316532	-28.190828	0.480724	-1.163195	-27.842288	0.476388	-1.286121	-28.162242	-0.073368	-1.142475	-28.208557	-0.052786	-1.203386	-27.809921	-0.056377	-1.240279	-27.854307	-0.023914	-1.292740
2340	32.496766	00:00:32:36	-27.982692	1.733408	-1.191419	-27.916255	1.610339	-1.170852	-28.036549	1.601491	-1.095154	-28.051035	1.594422	-1.267637	-27.971793	1.561051	-1.234738	-28.161107	1.590594	-1.205835	-27.867393	1.593668	-1.286179	-27.947646	1.322034	-1.152090	-27.972782	0.778386	-1.690167	-27.676843	1.105843	-1.084860	-28.078391	-0.032873	-2.040494	-27.681159	1.101214	-1.083093	-28.091292	-0.035689	-2.056615	-27.656965	1.092681	-1.094957	-28.107891	-0.025724	-2.055865	-28.160751	0.957708	-1.178917	-28.228728	1.022500	-1.241753	-27.822324	0.992766	-1.239085	-27.862494	1.018102	-1.303627	-28.209794	0.477455	-1.239195	-27.835750	0.484621	-1.299498	-28.189593	-0.100101	-1.150309	-28.200161	-0.053716	-1.206461	-27.835959	-0.087443	-1.235070	-27.849294	-0.018800	-1.277395
2341	32.510660	00:00:32:37	-27.986696	1.691743	-1.236491	-27.907855	1.592495	-1.146067	-28.052631	1.620755	-1.122494	-28.050804	1.591562	-1.255358	-28.011112	1.538019	-1.214342	-28.157819	1.593344	-1.228298	-27.876301	1.585028	-1.283390	-27.925463	1.354147	-1.147261	-27.986588	0.762556	-1.668309	-27.668126	1.107102	-1.110053	-28.090945	-0.018498	-2.057335	-27.664745	1.068490	-1.096570	-28.089532	-0.063163	-2.069692	-27.699916	1.080939	-1.100846	-28.106020	-0.038772	-2.070243	-28.177630	0.994611	-1.131750	-28.161582	1.014234	-1.208653	-27.870706	0.978334	-1.230053	-27.807783	1.023691	-1.310897	-28.172935	0.470337	-1.177395	-27.840706	0.492095	-1.250575	-28.198866	-0.064284	-1.164308	-28.193781	-0.039578	-1.213181	-27.843552	-0.075030	-1.246483	-27.841052	-0.061169	-1.329218
2342	32.524553	00:00:32:38	-28.025771	1.697579	-1.246596	-27.930466	1.616562	-1.150304	-28.040691	1.606401	-1.116935	-28.014894	1.592324	-1.289376	-27.986611	1.527499	-1.217457	-28.158115	1.570582	-1.236193	-27.869046	1.597938	-1.286594	-27.887722	1.326166	-1.146500	-27.987698	0.758447	-1.662252	-27.673646	1.071337	-1.077592	-28.059086	-0.055965	-2.053109	-27.633729	1.113096	-1.105353	-28.101035	-0.078599	-2.040416	-27.679621	1.083603	-1.082878	-28.079559	-0.026778	-2.092532	-28.166327	1.000960	-1.206912	-28.207660	1.015610	-1.241660	-27.817967	1.018820	-1.243129	-27.844784	0.963252	-1.280446	-28.153274	0.444843	-1.208499	-27.847796	0.467149	-1.276938	-28.155208	-0.089956	-1.190999	-28.232169	-0.038026	-1.175393	-27.814194	-0.076903	-1.262452	-27.826513	-0.032726	-1.251209
2343	32.538447	00:00:32:39	-27.987134	1.691439	-1.232164	-27.929667	1.641447	-1.126733	-28.069680	1.623361	-1.134113	-28.021031	1.576435	-1.289018	-28.014561	1.596058	-1.237607	-28.175288	1.633184	-1.225268	-27.854461	1.576869	-1.318119	-27.918047	1.338981	-1.145833	-27.995222	0.774801	-1.684578	-27.664707	1.090299	-1.077194	-28.116391	-0.024947	-2.056511	-27.688937	1.086811	-1.090229	-28.104974	-0.048382	-2.077342	-27.664094	1.082626	-1.105065	-28.104309	-0.055188	-2.082068	-28.182518	0.956161	-1.192096	-28.201685	1.014970	-1.224672	-27.830544	0.991149	-1.259854	-27.847208	1.079797	-1.257808	-28.179957	0.462679	-1.177546	-27.855942	0.508653	-1.281925	-28.175642	-0.073728	-1.154719	-28.182740	-0.029324	-1.209765	-27.801489	-0.103099	-1.234543	-27.839368	-0.050459	-1.252485
2344	32.552340	00:00:32:40	-28.004606	1.688484	-1.232805	-27.956800	1.624637	-1.172255	-28.062545	1.640609	-1.137503	-27.999201	1.606591	-1.271881	-28.028438	1.596041	-1.224918	-28.198703	1.577844	-1.205360	-27.880805	1.583354	-1.278869	-27.929323	1.329349	-1.151157	-28.010157	0.729250	-1.686364	-27.643647	1.052700	-1.090125	-28.087873	-0.027997	-2.061515	-27.681844	1.092098	-1.061124	-28.109077	-0.015918	-2.059082	-27.641551	1.080413	-1.079839	-28.118116	-0.045389	-2.058987	-28.184896	0.954050	-1.147712	-28.188025	0.970560	-1.222721	-27.840367	0.983121	-1.251404	-27.863851	1.041579	-1.293998	-28.203027	0.465553	-1.181469	-27.824828	0.463048	-1.270928	-28.172900	-0.087053	-1.147454	-28.174076	-0.049377	-1.198327	-27.846028	-0.083399	-1.280301	-27.830003	-0.052624	-1.298394
2345	32.566234	00:00:32:41	-28.019374	1.701340	-1.219274	-27.896064	1.614522	-1.168936	-28.052914	1.616317	-1.122618	-28.005477	1.590923	-1.244634	-28.022601	1.547632	-1.229655	-28.171291	1.609025	-1.196631	-27.887397	1.593781	-1.304679	-27.905690	1.352384	-1.156966	-27.967458	0.765017	-1.661263	-27.647864	1.112898	-1.070950	-28.138062	-0.071220	-2.060495	-27.681570	1.112978	-1.086069	-28.102038	-0.035086	-2.088395	-27.627380	1.112425	-1.075034	-28.058921	-0.045699	-2.081577	-28.215239	0.971044	-1.186816	-28.188151	0.983791	-1.251650	-27.844140	0.980840	-1.290401	-27.849649	1.002699	-1.320668	-28.175891	0.460315	-1.195603	-27.854784	0.461541	-1.295009	-28.171770	-0.084401	-1.162948	-28.190352	-0.016103	-1.206662	-27.858724	-0.079846	-1.247611	-27.844311	-0.031932	-1.287517
2346	32.580127	00:00:32:42	-27.970457	1.677947	-1.184398	-27.921593	1.627572	-1.150610	-28.060771	1.618196	-1.145085	-28.012182	1.590318	-1.264391	-28.031364	1.548874	-1.233669	-28.155167	1.565992	-1.245025	-27.909651	1.575471	-1.309090	-27.931831	1.341377	-1.139962	-27.974409	0.772536	-1.666555	-27.670640	1.115339	-1.076311	-28.078815	-0.043707	-2.086509	-27.687411	1.106550	-1.055316	-28.110091	-0.085900	-2.064716	-27.675080	1.102964	-1.090255	-28.108747	-0.042753	-2.070508	-28.213836	0.950315	-1.180860	-28.215420	1.028103	-1.244867	-27.839333	0.998368	-1.272740	-27.863904	1.006678	-1.318563	-28.200321	0.475994	-1.209876	-27.838471	0.470182	-1.272237	-28.216729	-0.077458	-1.181076	-28.180341	-0.044248	-1.200424	-27.819237	-0.086077	-1.240957	-27.847360	-0.041595	-1.264234
2347	32.594021	00:00:32:43	-28.016573	1.710365	-1.226751	-27.905669	1.625381	-1.166581	-28.038477	1.652027	-1.139234	-28.051206	1.584254	-1.255646	-28.002877	1.567771	-1.237415	-28.177773	1.590712	-1.234915	-27.839125	1.586808	-1.296115	-27.917092	1.339565	-1.142255	-27.959223	0.761789	-1.675540	-27.665840	1.071582	-1.084041	-28.095546	-0.060023	-2.044070	-27.658291	1.126185	-1.093260	-28.099640	-0.066277	-2.044288	-27.661046	1.087871	-1.090021	-28.098719	-0.022975	-2.055124	-28.203157	0.976337	-1.171454	-28.162466	1.002443	-1.209289	-27.831311	0.924573	-1.260533	-27.848068	1.033504	-1.326918	-28.167972	0.470569	-1.233202	-27.819202	0.459467	-1.302650	-28.176656	-0.062878	-1.160627	-28.203933	-0.059217	-1.230312	-27.833887	-0.125945	-1.242765	-27.871232	-0.035775	-1.288230
2348	32.607914	00:00:32:44	-28.006527	1.708135	-1.218851	-27.918353	1.578640	-1.120823	-28.061627	1.624653	-1.138614	-28.007435	1.609924	-1.278903	-27.989818	1.578239	-1.232184	-28.174781	1.596737	-1.233662	-27.874322	1.594050	-1.260508	-27.961060	1.337629	-1.154086	-27.976145	0.738828	-1.692151	-27.660827	1.087519	-1.052094	-28.104343	-0.053246	-2.066128	-27.663868	1.079096	-1.060327	-28.086828	-0.049881	-2.050583	-27.663647	1.087613	-1.055540	-28.078988	-0.043242	-2.056601	-28.208243	0.972207	-1.162549	-28.199189	0.967909	-1.218669	-27.830623	0.972066	-1.272727	-27.838777	0.997756	-1.310708	-28.203384	0.464830	-1.177002	-27.847026	0.461726	-1.277063	-28.167936	-0.077670	-1.149106	-28.213820	-0.045733	-1.199735	-27.823151	-0.074513	-1.240684	-27.832895	-0.016404	-1.255323
2349	32.621807	00:00:32:45	-27.995593	1.704035	-1.203126	-27.928555	1.618006	-1.162194	-28.060958	1.622385	-1.128755	-28.028017	1.553848	-1.262956	-28.011614	1.585085	-1.215855	-28.152942	1.611239	-1.243301	-27.863848	1.586610	-1.296141	-27.937359	1.326680	-1.156963	-27.966456	0.783714	-1.688900	-27.666256	1.085695	-1.065960	-28.052148	-0.074527	-2.057952	-27.677429	1.094437	-1.056937	-28.103942	-0.030840	-2.073125	-27.687041	1.072799	-1.089016	-28.101719	-0.056246	-2.062129	-28.198839	0.987394	-1.159049	-28.188503	1.018991	-1.237434	-27.859272	0.982911	-1.276053	-27.837806	1.002419	-1.304646	-28.192595	0.469540	-1.160871	-27.854316	0.480172	-1.255125	-28.179587	-0.073107	-1.151069	-28.193359	-0.008076	-1.204340	-27.856740	-0.062737	-1.278582	-27.866878	-0.005763	-1.299913
2350	32.635701	00:00:32:46	-28.038486	1.687005	-1.193519	-27.923597	1.626224	-1.134145	-28.044888	1.632075	-1.117454	-28.029921	1.582495	-1.263818	-27.998631	1.563549	-1.229530	-28.196308	1.611975	-1.250603	-27.894082	1.600157	-1.315971	-27.912400	1.316215	-1.133958	-27.981406	0.770131	-1.666766	-27.675867	1.088667	-1.062072	-28.081991	-0.029233	-2.064253	-27.662798	1.082439	-1.103961	-28.109869	-0.031664	-2.054774	-27.666106	1.106171	-1.057518	-28.091262	-0.037776	-2.074190	-28.193751	0.960571	-1.191052	-28.168060	1.002030	-1.178108	-27.852422	0.993102	-1.278019	-27.840487	0.989816	-1.325571	-28.196763	0.458481	-1.202706	-27.809009	0.485825	-1.281590	-28.227640	-0.057497	-1.140186	-28.203200	-0.008997	-1.206307	-27.853803	-0.080902	-1.241567	-27.812619	-0.076257	-1.295868
2351	32.649594	00:00:32:47	-28.031356	1.671485	-1.207875	-27.922555	1.593135	-1.148913	-28.059242	1.623493	-1.127820	-28.018605	1.578369	-1.277420	-28.017091	1.545584	-1.227637	-28.185431	1.606474	-1.210508	-27.881422	1.571939	-1.316404	-27.936813	1.333545	-1.170233	-27.960839	0.718590	-1.636469	-27.678173	1.067487	-1.035205	-28.097122	-0.078389	-2.056931	-27.679950	1.094910	-1.084628	-28.088641	-0.051914	-2.045433	-27.656587	1.091967	-1.074997	-28.082388	-0.045515	-2.063541	-28.186388	0.984772	-1.155552	-28.203208	1.034726	-1.241126	-27.867896	0.951521	-1.257598	-27.871859	1.017403	-1.295465	-28.184615	0.470111	-1.209785	-27.832835	0.470790	-1.284503	-28.212674	-0.068790	-1.176341	-28.183353	-0.032152	-1.210402	-27.839690	-0.078993	-1.257699	-27.865989	-0.013185	-1.277909
2352	32.663488	00:00:32:48	-27.999787	1.726201	-1.255467	-27.908929	1.654110	-1.147884	-28.006616	1.633324	-1.144484	-28.024432	1.561665	-1.261946	-28.002837	1.570426	-1.254829	-28.147431	1.580910	-1.240735	-27.866995	1.605421	-1.287486	-27.925597	1.346464	-1.154985	-27.971313	0.739494	-1.694052	-27.666808	1.097463	-1.085040	-28.096836	-0.037753	-2.068675	-27.684395	1.131216	-1.067000	-28.087798	-0.038841	-2.091413	-27.664105	1.122640	-1.089962	-28.081330	-0.023660	-2.035679	-28.194936	0.972067	-1.152293	-28.190200	0.998154	-1.240814	-27.825132	0.992517	-1.261156	-27.868794	1.020579	-1.301677	-28.161885	0.474117	-1.200693	-27.863031	0.449924	-1.302996	-28.182234	-0.056569	-1.167817	-28.187882	-0.021625	-1.193216	-27.847933	-0.033199	-1.241395	-27.862982	-0.067613	-1.285807
2353	32.677381	00:00:32:49	-27.996200	1.694717	-1.198986	-27.943379	1.634882	-1.150117	-28.070884	1.650663	-1.110469	-28.022949	1.568534	-1.257526	-28.036368	1.557599	-1.216946	-28.180004	1.582681	-1.240906	-27.867000	1.609201	-1.301055	-27.900978	1.336149	-1.166025	-27.990045	0.780728	-1.688302	-27.609822	1.084545	-1.084887	-28.133212	-0.051042	-2.063562	-27.664091	1.114928	-1.063599	-28.113581	-0.051294	-2.075583	-27.642395	1.085862	-1.080976	-28.079173	-0.045232	-2.036437	-28.177460	0.985847	-1.168307	-28.182765	1.016923	-1.221484	-27.865451	0.979902	-1.272264	-27.857789	1.022209	-1.300980	-28.220094	0.468855	-1.189559	-27.837099	0.472459	-1.276566	-28.173506	-0.096509	-1.165060	-28.182322	-0.023074	-1.235186	-27.846189	-0.017722	-1.219981	-27.865546	-0.017822	-1.329488
2354	32.691275	00:00:32:50	-28.029853	1.724058	-1.212655	-27.936391	1.623865	-1.123703	-28.025956	1.604112	-1.130017	-28.044978	1.571637	-1.281450	-28.022661	1.566750	-1.249624	-28.169622	1.577155	-1.207742	-27.844381	1.579883	-1.279728	-27.930021	1.334107	-1.148716	-27.983556	0.777569	-1.683145	-27.680206	1.092060	-1.072368	-28.078843	-0.043686	-2.063224	-27.658086	1.095072	-1.058495	-28.096234	-0.048835	-2.060599	-27.654645	1.103094	-1.081439	-28.088627	-0.041305	-2.093157	-28.149247	0.954672	-1.196069	-28.204718	1.009624	-1.220034	-27.848977	0.955577	-1.274418	-27.837303	1.015768	-1.281979	-28.231185	0.470186	-1.164424	-27.858089	0.478943	-1.266676	-28.164228	-0.063811	-1.196858	-28.211566	-0.058317	-1.218928	-27.826154	-0.045793	-1.222203	-27.853936	-0.031718	-1.286269
2355	32.705168	00:00:32:51	-28.030885	1.702134	-1.218135	-27.943994	1.620141	-1.188569	-28.031922	1.648920	-1.119454	-28.037656	1.582149	-1.244680	-27.981489	1.547688	-1.242468	-28.147580	1.546523	-1.202649	-27.900572	1.567178	-1.295800	-27.896591	1.349528	-1.154283	-27.957913	0.758130	-1.663805	-27.666098	1.076614	-1.062978	-28.103036	-0.023932	-2.071025	-27.682248	1.105725	-1.060894	-28.097609	-0.052682	-2.062514	-27.670118	1.067801	-1.068021	-28.094349	-0.041781	-2.114607	-28.208541	0.946722	-1.165603	-28.174601	1.031914	-1.231730	-27.818039	0.962321	-1.254139	-27.852104	1.026616	-1.315403	-28.196209	0.444319	-1.189229	-27.823011	0.449594	-1.296947	-28.178110	-0.050940	-1.157104	-28.217192	0.007392	-1.199942	-27.853359	-0.077824	-1.250002	-27.831738	-0.055784	-1.300366
2356	32.719062	00:00:32:52	-28.003086	1.722922	-1.231190	-27.937132	1.621664	-1.121541	-28.055039	1.610455	-1.091774	-28.029188	1.579571	-1.266801	-28.000968	1.561322	-1.206247	-28.139843	1.588729	-1.200759	-27.855375	1.597999	-1.300101	-27.889256	1.322377	-1.186815	-27.985671	0.748706	-1.664992	-27.656892	1.088507	-1.088918	-28.088129	-0.012682	-2.075851	-27.673896	1.081013	-1.089102	-28.096887	0.005185	-2.035462	-27.667565	1.088492	-1.090691	-28.089736	-0.048176	-2.076748	-28.215303	0.971718	-1.182804	-28.193710	0.992605	-1.226648	-27.831231	0.990717	-1.274154	-27.861911	1.022451	-1.302646	-28.202344	0.454385	-1.162515	-27.850043	0.473422	-1.290809	-28.159251	-0.066265	-1.170825	-28.178303	-0.006819	-1.181950	-27.844430	-0.086330	-1.268577	-27.853054	-0.020027	-1.338581
2357	32.732955	00:00:32:53	-28.025791	1.702070	-1.213525	-27.941271	1.610309	-1.147803	-28.049536	1.618260	-1.130760	-28.014049	1.567788	-1.274117	-27.970197	1.568553	-1.249184	-28.166596	1.576593	-1.240057	-27.865379	1.581560	-1.282604	-27.923602	1.335428	-1.182373	-27.960013	0.771631	-1.683257	-27.662668	1.085141	-1.073452	-28.113833	-0.060394	-2.071526	-27.673340	1.105604	-1.067936	-28.085438	-0.059716	-2.037113	-27.690710	1.080489	-1.056396	-28.114634	-0.060750	-2.054887	-28.171171	0.979772	-1.195834	-28.182834	1.022041	-1.204146	-27.841533	0.980832	-1.245121	-27.858615	1.041963	-1.296267	-28.214844	0.475562	-1.193934	-27.846011	0.487262	-1.261318	-28.195331	-0.084505	-1.174770	-28.201390	-0.027863	-1.218050	-27.832615	-0.087923	-1.233453	-27.855676	-0.046358	-1.274179
2358	32.746848	00:00:32:54	-28.007822	1.693931	-1.230267	-27.919118	1.611462	-1.133955	-28.025850	1.609846	-1.122509	-27.999600	1.581532	-1.271360	-27.999758	1.520955	-1.226199	-28.185046	1.592532	-1.222327	-27.882885	1.589286	-1.277335	-27.877552	1.328633	-1.140551	-27.973609	0.754379	-1.673207	-27.681661	1.082551	-1.068641	-28.115464	-0.062013	-2.041046	-27.663416	1.093655	-1.074758	-28.092220	-0.058179	-2.071348	-27.679482	1.111662	-1.062539	-28.087999	-0.062787	-2.060702	-28.163031	0.949491	-1.197751	-28.222557	1.031630	-1.223211	-27.860813	0.952617	-1.296182	-27.842024	1.012826	-1.318753	-28.198428	0.488777	-1.198824	-27.861201	0.472794	-1.291780	-28.208748	-0.058097	-1.171306	-28.210617	-0.000308	-1.218362	-27.833180	-0.096176	-1.258327	-27.861471	-0.034584	-1.257306
2359	32.760742	00:00:32:55	-28.027572	1.704438	-1.211239	-27.935256	1.613792	-1.172524	-28.051691	1.619384	-1.119192	-28.037060	1.561865	-1.266407	-28.007871	1.557926	-1.194294	-28.178828	1.563053	-1.258683	-27.870098	1.586393	-1.296460	-27.906081	1.319997	-1.147718	-27.983703	0.787756	-1.653251	-27.642743	1.102466	-1.060192	-28.073206	-0.025976	-2.057051	-27.738089	1.086871	-1.086631	-28.100088	-0.066213	-2.074049	-27.656005	1.073492	-1.086014	-28.085411	-0.040375	-2.059041	-28.166961	0.950167	-1.174631	-28.193758	1.032036	-1.224123	-27.839868	0.979880	-1.268681	-27.877327	1.022163	-1.351014	-28.194034	0.478442	-1.209459	-27.836264	0.467372	-1.298962	-28.171064	-0.060036	-1.160410	-28.213473	-0.045319	-1.222372	-27.808136	-0.068566	-1.261374	-27.843248	-0.061053	-1.275297
2360	32.774635	00:00:32:56	-28.034033	1.707662	-1.239365	-27.951409	1.612079	-1.172991	-28.045886	1.615762	-1.150318	-28.027044	1.573194	-1.270069	-28.021194	1.573944	-1.227910	-28.176567	1.608255	-1.215035	-27.867513	1.598324	-1.252452	-27.939060	1.335744	-1.162119	-28.025183	0.741072	-1.712070	-27.684436	1.109906	-1.076721	-28.087647	-0.018980	-2.074134	-27.635536	1.104812	-1.076136	-28.051062	-0.050942	-2.025991	-27.700460	1.130621	-1.072611	-28.072467	-0.038775	-2.030378	-28.180190	0.955693	-1.214995	-28.207426	1.014613	-1.236537	-27.825581	0.972591	-1.262432	-27.830048	1.005707	-1.323594	-28.170072	0.460173	-1.174229	-27.823283	0.452784	-1.263054	-28.179126	-0.092002	-1.162465	-28.205622	-0.037935	-1.212481	-27.837935	-0.098215	-1.200561	-27.841459	-0.043356	-1.249281
2361	32.788529	00:00:32:57	-28.018732	1.686526	-1.237000	-27.951119	1.652959	-1.169830	-28.045823	1.618838	-1.107623	-27.991968	1.593962	-1.240911	-28.001262	1.574830	-1.240020	-28.156029	1.581958	-1.235247	-27.902641	1.575120	-1.287849	-27.895783	1.350582	-1.140666	-27.999504	0.765331	-1.701348	-27.692676	1.118641	-1.075665	-28.079565	-0.056513	-2.039807	-27.671127	1.077937	-1.063442	-28.090872	-0.029712	-2.069835	-27.658874	1.092441	-1.108836	-28.059261	-0.029479	-2.063493	-28.191979	0.977222	-1.171648	-28.179964	1.005138	-1.230077	-27.843710	1.037586	-1.320311	-27.836192	1.025532	-1.298852	-28.205470	0.468145	-1.178692	-27.848826	0.440369	-1.241937	-28.178517	-0.089916	-1.153456	-28.204032	-0.052087	-1.172486	-27.852974	-0.088147	-1.237347	-27.861328	-0.007940	-1.292017
2362	32.802422	00:00:32:58	-27.988902	1.683598	-1.234676	-27.918294	1.618444	-1.145292	-28.047571	1.614323	-1.130606	-28.030705	1.621958	-1.263897	-28.005045	1.555586	-1.237473	-28.198096	1.600169	-1.220699	-27.913173	1.587300	-1.323355	-27.899584	1.358342	-1.167703	-27.989358	0.749736	-1.647795	-27.661737	1.114221	-1.067433	-28.093592	-0.063197	-2.082886	-27.681253	1.079276	-1.102993	-28.090104	-0.058546	-2.064881	-27.662147	1.101701	-1.049583	-28.118527	-0.033465	-2.093315	-28.185160	0.980204	-1.174388	-28.195106	1.025159	-1.247288	-27.824378	0.959694	-1.275974	-27.845743	0.979769	-1.325185	-28.219538	0.453373	-1.203971	-27.846468	0.438062	-1.281983	-28.197808	-0.033728	-1.177091	-28.201325	-0.025881	-1.200493	-27.824182	-0.099776	-1.237731	-27.861456	-0.049289	-1.301188
2363	32.816316	00:00:32:59	-27.995044	1.684686	-1.294680	-27.946867	1.610349	-1.129585	-28.086348	1.617761	-1.149055	-27.996445	1.549308	-1.260987	-28.014362	1.554830	-1.216970	-28.139092	1.585719	-1.192585	-27.906168	1.599681	-1.249086	-27.916668	1.328700	-1.162545	-28.004736	0.775727	-1.658908	-27.663697	1.088530	-1.065523	-28.087863	0.019073	-2.065974	-27.652494	1.081129	-1.072388	-28.074379	-0.066271	-2.065424	-27.654219	1.103775	-1.067561	-28.097045	-0.024814	-2.095584	-28.192059	0.966257	-1.169315	-28.187360	0.979259	-1.227104	-27.804450	0.998340	-1.277650	-27.886539	1.022265	-1.334417	-28.179052	0.472478	-1.186627	-27.851157	0.475764	-1.251264	-28.190102	-0.076327	-1.151812	-28.191680	-0.042241	-1.198040	-27.803301	-0.080829	-1.238846	-27.844719	-0.044447	-1.291568
2364	32.830209	00:00:32:60	-27.999460	1.706611	-1.207737	-27.897370	1.631630	-1.161277	-28.065667	1.643058	-1.104517	-28.017876	1.544932	-1.250352	-28.013248	1.528179	-1.232079	-28.176598	1.594104	-1.202637	-27.861597	1.533280	-1.313701	-27.896355	1.366271	-1.176425	-27.997384	0.774280	-1.670403	-27.716597	1.073196	-1.052551	-28.118698	-0.059319	-2.066970	-27.647385	1.122906	-1.045260	-28.077013	-0.038905	-2.055879	-27.668628	1.134134	-1.038601	-28.109025	-0.048241	-2.063288	-28.150995	0.949260	-1.198618	-28.193682	1.006074	-1.232785	-27.865293	0.958469	-1.268868	-27.807972	1.005795	-1.316385	-28.172547	0.450196	-1.202509	-27.858364	0.468513	-1.284523	-28.169852	-0.082222	-1.136606	-28.233771	-0.052290	-1.227173	-27.835611	-0.082554	-1.260734	-27.879555	-0.027468	-1.293596
2365	32.844103	00:00:32:61	-28.000808	1.682477	-1.221060	-27.914500	1.624284	-1.150808	-28.077839	1.585839	-1.143322	-28.020986	1.580188	-1.286198	-28.037917	1.555256	-1.223975	-28.157828	1.591419	-1.212889	-27.861057	1.565333	-1.296051	-27.913278	1.353899	-1.140686	-27.990772	0.768909	-1.691238	-27.645418	1.099696	-1.060656	-28.097492	-0.026220	-2.069899	-27.689427	1.065416	-1.073208	-28.098918	-0.052947	-2.065527	-27.686725	1.091042	-1.081787	-28.141282	-0.043243	-2.061362	-28.189193	0.964024	-1.185493	-28.189846	1.028271	-1.247167	-27.846560	0.984947	-1.276544	-27.829973	1.007294	-1.319301	-28.193451	0.453470	-1.166181	-27.834015	0.460289	-1.247076	-28.183794	-0.072140	-1.168828	-28.184891	-0.045119	-1.193162	-27.822634	-0.078614	-1.213553	-27.850573	-0.050943	-1.274977
2366	32.857996	00:00:32:62	-28.029983	1.710722	-1.235827	-27.941071	1.601182	-1.168719	-28.044461	1.615422	-1.108577	-28.045599	1.569820	-1.256851	-28.028801	1.569689	-1.238097	-28.155959	1.571060	-1.214217	-27.873237	1.596406	-1.316571	-27.891642	1.305693	-1.130044	-27.987184	0.797031	-1.673066	-27.684052	1.097906	-1.089355	-28.079726	-0.050933	-2.083581	-27.659749	1.065339	-1.031761	-28.107149	-0.077561	-2.057021	-27.665271	1.080563	-1.073995	-28.110127	-0.062583	-2.078785	-28.183963	0.984247	-1.162705	-28.203763	1.014100	-1.205496	-27.847250	0.987348	-1.242437	-27.850832	0.990649	-1.310907	-28.159472	0.462281	-1.176004	-27.837932	0.484296	-1.315775	-28.169124	-0.094413	-1.151422	-28.180798	-0.024303	-1.216953	-27.804285	-0.078370	-1.230201	-27.853220	-0.035838	-1.258561
2367	32.871889	00:00:32:63	-27.992683	1.686432	-1.226035	-27.945314	1.623362	-1.186974	-28.011864	1.639303	-1.097271	-28.016542	1.577440	-1.280616	-28.005848	1.552431	-1.195516	-28.173403	1.580927	-1.228750	-27.853203	1.599510	-1.310160	-27.921029	1.367360	-1.131240	-27.983470	0.799428	-1.682655	-27.658507	1.076974	-1.069793	-28.105564	-0.063492	-2.047663	-27.665606	1.110820	-1.050649	-28.087803	-0.044330	-2.058660	-27.650195	1.080208	-1.022725	-28.121095	-0.024133	-2.112147	-28.118811	0.985214	-1.188896	-28.192925	1.052256	-1.229215	-27.810447	0.975175	-1.244350	-27.845927	1.006323	-1.313982	-28.208854	0.469687	-1.239515	-27.827704	0.487105	-1.282821	-28.191983	-0.083195	-1.154587	-28.199159	-0.024662	-1.204106	-27.854142	-0.055686	-1.289248	-27.874998	-0.061308	-1.279380
2368	32.885783	00:00:32:64	-28.004390	1.697843	-1.243283	-27.931437	1.603712	-1.180124	-28.075507	1.629694	-1.096249	-28.015580	1.584715	-1.232732	-27.991931	1.547140	-1.233702	-28.123421	1.573758	-1.225079	-27.904143	1.564934	-1.275974	-27.917910	1.350741	-1.151765	-27.989169	0.774741	-1.653137	-27.664966	1.110573	-1.040325	-28.063249	-0.046255	-2.059302	-27.656077	1.075036	-1.072491	-28.086409	-0.056718	-2.068900	-27.669113	1.104367	-1.055365	-28.108355	-0.004452	-2.045168	-28.171984	0.942682	-1.170011	-28.181733	1.013903	-1.221175	-27.843551	0.993786	-1.272738	-27.857275	1.016115	-1.294894	-28.201980	0.461495	-1.204065	-27.854793	0.473292	-1.280098	-28.185519	-0.043241	-1.144081	-28.207625	-0.060085	-1.217081	-27.842513	-0.101894	-1.234520	-27.855502	-0.039956	-1.286015
2369	32.899676	00:00:32:65	-28.007732	1.687317	-1.209201	-27.928130	1.630340	-1.142600	-28.058402	1.622524	-1.117447	-27.986442	1.572572	-1.239184	-28.000877	1.549631	-1.251583	-28.167719	1.569971	-1.249753	-27.905259	1.567397	-1.285076	-27.889253	1.339528	-1.111877	-27.947295	0.758691	-1.655877	-27.662563	1.082331	-1.067887	-28.127940	-0.047913	-2.064100	-27.687162	1.098956	-1.075924	-28.081379	-0.051188	-2.068853	-27.694675	1.107201	-1.070722	-28.073849	-0.042067	-2.111293	-28.192851	1.004780	-1.215881	-28.173052	1.039673	-1.234756	-27.845752	0.965480	-1.252464	-27.828703	1.017788	-1.313626	-28.173017	0.457408	-1.177190	-27.839138	0.463246	-1.280920	-28.204992	-0.066126	-1.187806	-28.199359	-0.052072	-1.203320	-27.833673	-0.059753	-1.274550	-27.828792	-0.020079	-1.318197
2370	32.913570	00:00:32:66	-28.022532	1.736027	-1.230555	-27.946610	1.632650	-1.115361	-28.049541	1.598936	-1.120733	-28.030346	1.581285	-1.242883	-28.014028	1.584941	-1.220324	-28.136016	1.579278	-1.226379	-27.883968	1.612340	-1.272168	-27.916217	1.359477	-1.131164	-27.958470	0.777560	-1.690378	-27.639358	1.088864	-1.093942	-28.072766	-0.039367	-2.080950	-27.648636	1.094477	-1.044298	-28.126336	-0.064560	-2.046507	-27.667026	1.096327	-1.027086	-28.128762	-0.069522	-2.062319	-28.164852	0.958628	-1.165423	-28.230823	1.014649	-1.213801	-27.827307	0.996485	-1.268715	-27.848807	1.011836	-1.293739	-28.185445	0.457543	-1.211010	-27.824051	0.458499	-1.273842	-28.192950	-0.059414	-1.188976	-28.175756	-0.023277	-1.190646	-27.849756	-0.093724	-1.235427	-27.888049	-0.010951	-1.316516
2371	32.927463	00:00:32:67	-28.031889	1.709814	-1.242991	-27.896936	1.620316	-1.139179	-28.054086	1.608812	-1.159000	-28.038604	1.568715	-1.266368	-28.008781	1.538499	-1.222318	-28.171923	1.611029	-1.217244	-27.896950	1.579780	-1.269295	-27.969933	1.312188	-1.169621	-28.002671	0.769195	-1.669562	-27.667597	1.112084	-1.055801	-28.125489	-0.010761	-2.048186	-27.655781	1.093513	-1.060151	-28.092345	-0.033940	-2.086390	-27.639286	1.106256	-1.055285	-28.099932	-0.075375	-2.049844	-28.160428	0.953712	-1.192005	-28.214486	0.994918	-1.198554	-27.810461	0.963744	-1.273450	-27.844596	0.985601	-1.308082	-28.211123	0.455238	-1.192576	-27.806523	0.468025	-1.294371	-28.193341	-0.071298	-1.174560	-28.190549	-0.025172	-1.204471	-27.827865	-0.086561	-1.239024	-27.865872	-0.038975	-1.311107
2372	32.941357	00:00:32:68	-28.003264	1.669701	-1.224488	-27.929858	1.636970	-1.128352	-28.087836	1.604766	-1.119375	-28.050181	1.588578	-1.265648	-27.996587	1.554248	-1.269566	-28.149232	1.602962	-1.209960	-27.906047	1.577610	-1.282006	-27.944863	1.340114	-1.122189	-27.969248	0.774390	-1.691980	-27.660457	1.089068	-1.050138	-28.082696	-0.063056	-2.048696	-27.684022	1.094539	-1.079191	-28.065649	-0.023937	-2.061621	-27.691549	1.102667	-1.047591	-28.115124	-0.021354	-2.048786	-28.198755	0.994686	-1.169199	-28.194215	0.994086	-1.222836	-27.816364	0.935677	-1.260154	-27.896113	1.012970	-1.300881	-28.188352	0.475397	-1.212060	-27.835749	0.465939	-1.282734	-28.198884	-0.073007	-1.150056	-28.236605	-0.063550	-1.223031	-27.811709	-0.059003	-1.268622	-27.830157	-0.044178	-1.295636
2373	32.955250	00:00:32:69	-28.019518	1.674560	-1.232782	-27.930229	1.639878	-1.145473	-28.048828	1.612182	-1.119259	-28.038138	1.580808	-1.249960	-28.008064	1.599158	-1.211293	-28.189088	1.595205	-1.242800	-27.854485	1.554060	-1.317902	-27.908392	1.337332	-1.179873	-27.998566	0.770264	-1.652011	-27.697944	1.090215	-1.061382	-28.090115	-0.047612	-2.066919	-27.657670	1.106374	-1.048981	-28.113160	-0.056698	-2.060188	-27.679190	1.108047	-1.064206	-28.071171	-0.065341	-2.070223	-28.190396	0.953333	-1.192789	-28.169447	1.052626	-1.208757	-27.831852	0.984682	-1.294648	-27.806888	0.981874	-1.304906	-28.188001	0.464893	-1.209095	-27.823458	0.478007	-1.258666	-28.180190	-0.073828	-1.156552	-28.185876	-0.029904	-1.213798	-27.795611	-0.081017	-1.248453	-27.854166	-0.008904	-1.280752
2374	32.969144	00:00:32:70	-28.018875	1.729063	-1.230546	-27.936075	1.615890	-1.143432	-28.020387	1.626684	-1.158079	-28.039364	1.574956	-1.274217	-28.028430	1.571097	-1.219257	-28.140422	1.583098	-1.205808	-27.889621	1.578064	-1.274091	-27.898671	1.343510	-1.133435	-27.980130	0.733874	-1.668608	-27.639016	1.110684	-1.062467	-28.086844	-0.098156	-2.071226	-27.653659	1.094670	-1.055076	-28.109931	-0.015946	-2.055583	-27.628886	1.080932	-1.063839	-28.114928	-0.060225	-2.033241	-28.192933	0.955128	-1.196606	-28.188078	1.018159	-1.214324	-27.817294	0.993735	-1.259620	-27.875537	1.026836	-1.285498	-28.169480	0.471880	-1.203341	-27.871192	0.461211	-1.303186	-28.197661	-0.074819	-1.178330	-28.229719	-0.047414	-1.235427	-27.844877	-0.095267	-1.219285	-27.861503	-0.039677	-1.302273
2375	32.983037	00:00:32:71	-28.002453	1.744143	-1.190426	-27.941769	1.618574	-1.150640	-28.031092	1.619648	-1.140993	-28.001233	1.588003	-1.248702	-27.998567	1.544136	-1.224035	-28.191776	1.584803	-1.247237	-27.887620	1.605455	-1.283224	-27.908538	1.361716	-1.150624	-28.012296	0.799870	-1.661354	-27.670469	1.061727	-1.096767	-28.117287	-0.069967	-2.076667	-27.663582	1.116295	-1.059526	-28.087333	-0.054979	-2.022887	-27.633422	1.080527	-1.024806	-28.068722	-0.054371	-2.064417	-28.173218	0.985707	-1.181025	-28.211114	1.019961	-1.234389	-27.845679	0.978803	-1.244547	-27.865869	1.016957	-1.310717	-28.195724	0.461889	-1.198651	-27.853223	0.443456	-1.291215	-28.210530	-0.099276	-1.159168	-28.218493	-0.041311	-1.204747	-27.834462	-0.069312	-1.209725	-27.860608	-0.039668	-1.257027
2376	32.996930	00:00:32:00	-28.023881	1.695850	-1.206830	-27.941791	1.594465	-1.158564	-28.056163	1.614866	-1.091727	-28.041877	1.576556	-1.277952	-28.011853	1.569255	-1.215683	-28.170436	1.563948	-1.216346	-27.873679	1.570707	-1.266462	-27.921160	1.355252	-1.154706	-28.001639	0.752698	-1.670256	-27.659621	1.062900	-1.043393	-28.119926	-0.007272	-2.061052	-27.668773	1.077314	-1.080590	-28.093289	-0.026303	-2.047101	-27.655265	1.126778	-1.037542	-28.074705	-0.050595	-2.056000	-28.183556	0.936542	-1.155836	-28.174976	1.033859	-1.198905	-27.848876	0.990167	-1.250428	-27.888625	1.010650	-1.291974	-28.224644	0.475818	-1.189446	-27.851686	0.453674	-1.240415	-28.174076	-0.070445	-1.163460	-28.189481	-0.021670	-1.238092	-27.828636	-0.065436	-1.227834	-27.858045	-0.022086	-1.281551
2377	33.010824	00:00:33:01	-28.004907	1.716387	-1.238925	-27.952855	1.627748	-1.183120	-28.046474	1.610953	-1.105955	-28.028858	1.579049	-1.261811	-28.006636	1.534066	-1.228104	-28.178627	1.598635	-1.230875	-27.920855	1.597891	-1.282213	-27.902369	1.336005	-1.130193	-28.009089	0.776052	-1.693425	-27.634954	1.082436	-1.082752	-28.096039	-0.058760	-2.063921	-27.633268	1.104016	-1.052218	-28.065860	-0.036809	-2.053079	-27.668477	1.094354	-1.062962	-28.092556	-0.028290	-2.049374	-28.139167	0.956924	-1.173927	-28.222819	1.023278	-1.217389	-27.839873	1.002220	-1.218008	-27.850933	1.017236	-1.263720	-28.197164	0.467255	-1.178091	-27.808724	0.414606	-1.275141	-28.155734	-0.076457	-1.166220	-28.210427	-0.023606	-1.167272	-27.831842	-0.041840	-1.228133	-27.843622	-0.058840	-1.282947
2378	33.024717	00:00:33:02	-28.008191	1.699004	-1.216833	-27.930139	1.592545	-1.158435	-28.055866	1.620219	-1.100848	-28.012981	1.602046	-1.301049	-28.011912	1.563898	-1.206056	-28.141416	1.564468	-1.230759	-27.851153	1.614268	-1.294103	-27.926580	1.349583	-1.117866	-28.005065	0.807680	-1.692532	-27.640586	1.083035	-1.034146	-28.088691	-0.038426	-2.048588	-27.679404	1.072966	-1.066563	-28.079181	-0.066403	-2.056980	-27.629810	1.083665	-1.076748	-28.140270	-0.040240	-2.108521	-28.199968	0.970234	-1.196412	-28.196830	1.002191	-1.223895	-27.860343	0.990352	-1.249901	-27.879798	1.044663	-1.320009	-28.170746	0.474312	-1.189307	-27.828667	0.469896	-1.260035	-28.193440	-0.086561	-1.159390	-28.209378	-0.043751	-1.187979	-27.851604	-0.066868	-1.254305	-27.822571	-0.024611	-1.295978
2379	33.038611	00:00:33:03	-27.993736	1.714472	-1.215156	-27.914346	1.600112	-1.156528	-28.081600	1.585253	-1.120830	-28.014430	1.594137	-1.270759	-28.001161	1.552371	-1.195064	-28.177821	1.598724	-1.205373	-27.865757	1.609196	-1.278435	-27.909025	1.355306	-1.121930	-27.958009	0.766516	-1.686569	-27.658185	1.098104	-1.062047	-28.071328	-0.023934	-2.045516	-27.684268	1.098365	-1.056553	-28.088733	-0.040208	-2.041203	-27.670822	1.084822	-1.037007	-28.077811	-0.049691	-2.058476	-28.184274	0.968603	-1.190615	-28.203021	1.023407	-1.217737	-27.832642	0.952012	-1.257232	-27.864718	1.036960	-1.295017	-28.176307	0.482941	-1.187910	-27.865547	0.474083	-1.270599	-28.198536	-0.034178	-1.138690	-28.192435	-0.036923	-1.188671	-27.809269	-0.073577	-1.260766	-27.832503	-0.025730	-1.270129
2380	33.052504	00:00:33:04	-28.028483	1.694905	-1.229468	-27.926788	1.599656	-1.156054	-28.046764	1.643463	-1.116893	-28.028292	1.573005	-1.242775	-28.037724	1.557282	-1.223927	-28.166202	1.588387	-1.210386	-27.875581	1.607073	-1.292687	-27.891545	1.338257	-1.135080	-27.968279	0.750758	-1.660390	-27.613363	1.136452	-1.058168	-28.085680	-0.034900	-2.057021	-27.655294	1.120565	-1.069615	-28.096114	-0.051391	-2.058676	-27.628408	1.083333	-1.057136	-28.122169	-0.023871	-2.063821	-28.197874	0.955103	-1.189997	-28.192463	0.998560	-1.246619	-27.840222	0.967522	-1.235389	-27.854512	1.031628	-1.308221	-28.218117	0.476386	-1.175155	-27.835515	0.468349	-1.254685	-28.203905	-0.073611	-1.178442	-28.204346	-0.022017	-1.183959	-27.858119	-0.050760	-1.255066	-27.829968	-0.052207	-1.295416
2381	33.066398	00:00:33:05	-27.992900	1.700285	-1.220527	-27.926232	1.611712	-1.129263	-28.055170	1.599696	-1.124308	-28.000836	1.548484	-1.252529	-28.015003	1.550789	-1.239194	-28.152628	1.602371	-1.203054	-27.879160	1.586439	-1.268103	-27.911953	1.352406	-1.130939	-27.998793	0.792337	-1.701345	-27.642380	1.106067	-1.072254	-28.058826	-0.018092	-2.069684	-27.668417	1.129311	-1.066335	-28.086673	-0.006856	-2.063383	-27.660958	1.089968	-1.068071	-28.096654	-0.052904	-2.040530	-28.167961	1.000513	-1.173498	-28.189157	1.007956	-1.237318	-27.853463	0.975971	-1.253620	-27.866075	0.996441	-1.299583	-28.204754	0.478031	-1.199829	-27.858099	0.478518	-1.280461	-28.169266	-0.092515	-1.157731	-28.208342	-0.052512	-1.210435	-27.867372	-0.084516	-1.217719	-27.851236	-0.045648	-1.290560
2382	33.080291	00:00:33:06	-28.031996	1.664694	-1.238682	-27.926247	1.623368	-1.155323	-28.035685	1.624889	-1.105743	-28.042623	1.563025	-1.256924	-27.994337	1.543010	-1.224312	-28.166529	1.566175	-1.215289	-27.894273	1.570985	-1.285181	-27.926065	1.355567	-1.169829	-27.968389	0.764759	-1.677550	-27.674644	1.077172	-1.025885	-28.090412	-0.034287	-2.089898	-27.639374	1.078514	-1.053570	-28.086033	-0.077890	-2.069296	-27.643331	1.086392	-1.083635	-28.062712	-0.035922	-2.075368	-28.174490	0.987571	-1.162525	-28.190214	0.975104	-1.241358	-27.844546	0.959595	-1.278464	-27.833207	0.982813	-1.315661	-28.190459	0.471343	-1.189209	-27.840411	0.446164	-1.265030	-28.184052	-0.087280	-1.163654	-28.190498	-0.067241	-1.219216	-27.843601	-0.089295	-1.268147	-27.830967	-0.024754	-1.308655
2383	33.094185	00:00:33:07	-28.021543	1.698731	-1.240034	-27.919023	1.618146	-1.120969	-28.028518	1.653334	-1.096406	-28.007140	1.584355	-1.267348	-28.015162	1.542467	-1.232050	-28.194183	1.582604	-1.248179	-27.861802	1.584895	-1.301961	-27.881875	1.362928	-1.154565	-28.018296	0.756120	-1.692355	-27.686940	1.094597	-1.070425	-28.112526	-0.050323	-2.066050	-27.661682	1.111073	-1.055839	-28.070388	-0.048245	-2.053565	-27.669860	1.103508	-1.032559	-28.074714	-0.021522	-2.071384	-28.202257	0.951833	-1.148960	-28.170627	1.010157	-1.209347	-27.811142	0.987020	-1.255682	-27.858210	1.029948	-1.282802	-28.177922	0.446674	-1.195592	-27.845012	0.478515	-1.271246	-28.159196	-0.114975	-1.166286	-28.177298	-0.001820	-1.235432	-27.831837	-0.045702	-1.263459	-27.841010	-0.057652	-1.309707
2384	33.108078	00:00:33:08	-28.006811	1.671629	-1.223060	-27.964712	1.611806	-1.132643	-28.058963	1.615061	-1.114992	-28.000709	1.600493	-1.230457	-28.014177	1.566901	-1.224901	-28.153909	1.571636	-1.204169	-27.874433	1.608677	-1.281178	-27.933950	1.327766	-1.131763	-27.988095	0.765448	-1.668564	-27.699883	1.097286	-1.033640	-28.110447	-0.045390	-2.047703	-27.686568	1.112648	-1.018147	-28.083412	-0.076423	-2.047057	-27.641619	1.115494	-1.039253	-28.103249	-0.087196	-2.036533	-28.190702	0.968742	-1.171418	-28.160653	1.033514	-1.229552	-27.818562	0.980216	-1.287750	-27.843024	1.017896	-1.276514	-28.189047	0.473221	-1.191813	-27.843399	0.472320	-1.279432	-28.193567	-0.072250	-1.176615	-28.179030	-0.061579	-1.239752	-27.823758	-0.075478	-1.283243	-27.833895	-0.065435	-1.315853
2385	33.121971	00:00:33:09	-28.007158	1.684672	-1.257932	-27.925554	1.637836	-1.137066	-28.058744	1.608901	-1.145480	-28.049113	1.594743	-1.270985	-27.992015	1.554789	-1.239259	-28.146141	1.546477	-1.256595	-27.861997	1.614272	-1.259722	-27.902356	1.352408	-1.140409	-27.994671	0.764424	-1.670980	-27.653875	1.109950	-1.042960	-28.061995	-0.053866	-2.048353	-27.636979	1.111240	-1.030356	-28.102564	-0.018550	-2.054612	-27.636224	1.083818	-1.043790	-28.094337	-0.049229	-2.034963	-28.186650	0.976695	-1.170122	-28.186551	0.976438	-1.222514	-27.835059	0.973143	-1.282063	-27.853798	0.994849	-1.308906	-28.208415	0.499800	-1.184047	-27.860418	0.435441	-1.260456	-28.166694	-0.058642	-1.161983	-28.167215	-0.045368	-1.226472	-27.831507	-0.091096	-1.218475	-27.829800	-0.039747	-1.299247
2386	33.135865	00:00:33:10	-28.004082	1.708627	-1.217693	-27.970442	1.613685	-1.145704	-28.039429	1.623538	-1.117423	-28.011788	1.565170	-1.245962	-28.002747	1.575440	-1.260779	-28.172435	1.598869	-1.196459	-27.882043	1.590662	-1.295440	-27.915038	1.342525	-1.129270	-27.977634	0.776834	-1.676544	-27.638064	1.093530	-1.052942	-28.109129	-0.047341	-2.056134	-27.675064	1.100179	-1.019460	-28.068637	-0.030920	-2.092672	-27.681510	1.121168	-1.069713	-28.079432	-0.016011	-2.052759	-28.171771	0.939452	-1.194727	-28.160109	0.985072	-1.210969	-27.816290	0.980498	-1.263884	-27.820394	1.027978	-1.327340	-28.170844	0.452078	-1.191363	-27.830251	0.451024	-1.300009	-28.187659	-0.071611	-1.125006	-28.175373	-0.043985	-1.227851	-27.850709	-0.066541	-1.219740	-27.872660	-0.036572	-1.322326
2387	33.149758	00:00:33:11	-28.007172	1.686214	-1.244152	-27.901270	1.644972	-1.139220	-28.040541	1.592020	-1.098217	-28.025207	1.589730	-1.274811	-28.014491	1.568137	-1.240956	-28.144555	1.574568	-1.202788	-27.880249	1.581680	-1.276149	-27.926314	1.359247	-1.145796	-27.996884	0.742799	-1.675358	-27.661317	1.106648	-1.078454	-28.076010	-0.064286	-2.084222	-27.693074	1.091462	-1.081535	-28.097909	-0.012008	-2.077660	-27.664968	1.108485	-1.036910	-28.112692	-0.051672	-2.090304	-28.186666	0.965151	-1.181516	-28.176059	1.003498	-1.231863	-27.849820	0.984504	-1.282051	-27.836246	0.998618	-1.304061	-28.177576	0.455850	-1.153758	-27.867289	0.461987	-1.284688	-28.211605	-0.055516	-1.168814	-28.195138	-0.068874	-1.205627	-27.855703	-0.068402	-1.246326	-27.833781	-0.011502	-1.292085
2388	33.163652	00:00:33:12	-27.987603	1.715130	-1.239152	-27.933691	1.621828	-1.185314	-28.021478	1.637420	-1.139164	-28.054985	1.547808	-1.217212	-28.013184	1.573247	-1.232273	-28.170784	1.586992	-1.202808	-27.861843	1.608796	-1.264496	-27.914962	1.347435	-1.140863	-27.990364	0.764097	-1.696474	-27.648115	1.128876	-1.051840	-28.088227	-0.038037	-2.062213	-27.646218	1.081001	-1.024769	-28.102205	-0.064143	-2.080274	-27.648169	1.141869	-1.045474	-28.107624	-0.035428	-2.050666	-28.162414	0.956173	-1.168837	-28.193552	1.035709	-1.234212	-27.825083	0.994026	-1.245245	-27.832875	0.996502	-1.302346	-28.188860	0.458247	-1.191111	-27.889421	0.455511	-1.284831	-28.161083	-0.050674	-1.165374	-28.158026	-0.025412	-1.197598	-27.849073	-0.079225	-1.253346	-27.831878	-0.032332	-1.286377
2389	33.177545	00:00:33:13	-28.012584	1.714578	-1.212388	-27.922861	1.639761	-1.130344	-28.046482	1.671627	-1.105119	-28.036394	1.583287	-1.264871	-27.993736	1.567348	-1.224495	-28.187507	1.566613	-1.194616	-27.888554	1.585802	-1.276189	-27.922174	1.339134	-1.130342	-27.970390	0.780577	-1.682321	-27.669232	1.101549	-1.056550	-28.102983	-0.015778	-2.056399	-27.664990	1.081326	-1.027825	-28.111402	-0.050556	-2.081978	-27.631927	1.110513	-1.067585	-28.100587	-0.025238	-2.080093	-28.196070	0.984621	-1.198264	-28.210728	0.981658	-1.241516	-27.822015	0.974236	-1.265615	-27.821479	0.991692	-1.306728	-28.214096	0.431981	-1.176826	-27.836035	0.475945	-1.280037	-28.156615	-0.082728	-1.138088	-28.190834	-0.041971	-1.197304	-27.815188	-0.055888	-1.255932	-27.879645	-0.044965	-1.277112
2390	33.191439	00:00:33:14	-28.010293	1.688497	-1.237873	-27.933150	1.613503	-1.162056	-28.066041	1.625786	-1.109181	-27.988049	1.556450	-1.239775	-28.048198	1.549670	-1.208032	-28.161990	1.618694	-1.206841	-27.861685	1.603937	-1.310886	-27.900768	1.357581	-1.121918	-27.975667	0.731280	-1.664579	-27.644887	1.080039	-1.053302	-28.096688	-0.067024	-2.072848	-27.688664	1.106023	-1.054695	-28.067018	-0.053353	-2.034142	-27.638245	1.124230	-1.021626	-28.091093	-0.048715	-2.078449	-28.211837	0.974909	-1.178409	-28.203252	1.016138	-1.237976	-27.817695	0.985418	-1.290116	-27.833407	0.964872	-1.284102	-28.210469	0.450608	-1.196778	-27.837969	0.483465	-1.280779	-28.173873	-0.081104	-1.161045	-28.177264	-0.041983	-1.225600	-27.834156	-0.085452	-1.252362	-27.843442	-0.003706	-1.267500
2391	33.205332	00:00:33:15	-27.982116	1.703803	-1.245222	-27.936677	1.632237	-1.123598	-28.059828	1.650917	-1.109395	-28.015847	1.600857	-1.261883	-28.026168	1.551711	-1.189264	-28.144574	1.565998	-1.224460	-27.879942	1.585633	-1.305790	-27.928684	1.341994	-1.158189	-27.996722	0.772043	-1.663529	-27.684348	1.127311	-1.042157	-28.113306	-0.060165	-2.104311	-27.686179	1.106066	-1.036889	-28.099031	-0.043716	-2.033725	-27.654324	1.086978	-1.052413	-28.129303	-0.029332	-2.052423	-28.155749	0.946195	-1.197216	-28.175314	1.035716	-1.202323	-27.845468	0.980726	-1.246056	-27.834060	1.012204	-1.302720	-28.163493	0.473428	-1.211562	-27.861458	0.485396	-1.282768	-28.184287	-0.100053	-1.136893	-28.207808	-0.050594	-1.176715	-27.847168	-0.080883	-1.268276	-27.838496	-0.050845	-1.279781
2392	33.219226	00:00:33:16	-28.036451	1.716517	-1.222889	-27.931770	1.619360	-1.134015	-28.065979	1.607261	-1.122295	-28.010550	1.545018	-1.233387	-27.980402	1.572574	-1.223587	-28.183420	1.590154	-1.227758	-27.860473	1.582175	-1.310668	-27.883352	1.348839	-1.145824	-27.967499	0.765902	-1.672945	-27.656230	1.112369	-1.027602	-28.077281	-0.013966	-2.062237	-27.677844	1.057533	-1.040955	-28.126608	-0.040348	-2.069801	-27.675838	1.090107	-1.045945	-28.083677	-0.073992	-2.077717	-28.181117	0.989466	-1.196483	-28.221923	0.999937	-1.217472	-27.836003	0.963064	-1.281273	-27.832776	1.001433	-1.296541	-28.202630	0.495591	-1.193847	-27.845269	0.470545	-1.268497	-28.219972	-0.085108	-1.143957	-28.233182	-0.035072	-1.187202	-27.826817	-0.053611	-1.229734	-27.866071	-0.065925	-1.284555
2393	33.233119	00:00:33:17	-28.002229	1.677710	-1.212794	-27.912750	1.584117	-1.129244	-28.038899	1.640045	-1.113008	-28.035286	1.579142	-1.285587	-28.005060	1.574784	-1.249618	-28.152316	1.563319	-1.228774	-27.875365	1.586289	-1.311025	-27.887249	1.357925	-1.123023	-27.982528	0.770223	-1.651306	-27.670913	1.098761	-1.060169	-28.104391	-0.068883	-2.051432	-27.645576	1.098504	-1.061646	-28.088107	-0.035959	-2.044821	-27.664853	1.118794	-1.024786	-28.107368	-0.068523	-2.042365	-28.198500	0.976419	-1.178854	-28.164925	1.023447	-1.204683	-27.810972	0.991594	-1.245568	-27.879858	1.021296	-1.315648	-28.182066	0.487705	-1.197317	-27.840056	0.445269	-1.295356	-28.201022	-0.091374	-1.153228	-28.178896	-0.052998	-1.206831	-27.817107	-0.089738	-1.217136	-27.830662	-0.025467	-1.298769
2394	33.247012	00:00:33:18	-27.983992	1.696910	-1.234185	-27.924372	1.604173	-1.163087	-28.058138	1.608288	-1.143796	-28.009917	1.583488	-1.263368	-28.017063	1.562654	-1.239550	-28.167583	1.569702	-1.223062	-27.889352	1.590632	-1.287252	-27.894545	1.359724	-1.146857	-27.986363	0.796448	-1.660364	-27.639926	1.086128	-1.029627	-28.140628	-0.045160	-2.057185	-27.672215	1.146492	-1.055668	-28.087303	-0.062147	-2.073152	-27.653846	1.117512	-1.072329	-28.089044	-0.037551	-2.070529	-28.148656	0.978996	-1.148210	-28.219285	1.017291	-1.246862	-27.863035	0.955892	-1.263800	-27.853723	0.997003	-1.304275	-28.218213	0.452798	-1.240499	-27.851318	0.464497	-1.269627	-28.195358	-0.081208	-1.153823	-28.182889	-0.027856	-1.186545	-27.865176	-0.071404	-1.227013	-27.832766	-0.008209	-1.259485
2395	33.260906	00:00:33:19	-28.009910	1.686186	-1.218157	-27.922321	1.642410	-1.156080	-28.050542	1.589042	-1.123164	-28.027997	1.584006	-1.231237	-28.049886	1.533226	-1.217697	-28.193821	1.544309	-1.213858	-27.867785	1.561747	-1.293820	-27.927285	1.329564	-1.153355	-27.975257	0.753402	-1.664911	-27.637725	1.123542	-1.075457	-28.087804	-0.070192	-2.065533	-27.676864	1.110198	-1.064310	-28.107755	-0.040290	-2.068856	-27.671514	1.111810	-1.021065	-28.100594	-0.039832	-2.026229	-28.193170	0.953935	-1.158964	-28.166964	1.017888	-1.240809	-27.861590	0.984812	-1.240679	-27.839084	1.029876	-1.294791	-28.186288	0.467613	-1.206261	-27.862069	0.450483	-1.289007	-28.174189	-0.057837	-1.147941	-28.209773	-0.023093	-1.169767	-27.856155	-0.047708	-1.254121	-27.853178	-0.059693	-1.295775
2396	33.274799	00:00:33:20	-28.010951	1.681199	-1.220229	-27.915794	1.645463	-1.163779	-28.034890	1.617281	-1.140808	-28.030581	1.589649	-1.247691	-28.006227	1.505292	-1.190691	-28.185626	1.617092	-1.211465	-27.883501	1.573925	-1.289403	-27.924292	1.326206	-1.123996	-27.979677	0.769024	-1.662754	-27.686583	1.120448	-1.047452	-28.095315	-0.090198	-2.048272	-27.673243	1.107994	-1.041196	-28.050579	-0.045043	-2.070263	-27.637872	1.103465	-1.037394	-28.102324	-0.050744	-2.061137	-28.173341	0.985338	-1.191621	-28.211434	1.032752	-1.230811	-27.825588	0.951959	-1.257031	-27.840264	1.004690	-1.298120	-28.194754	0.461096	-1.188040	-27.837836	0.459570	-1.234391	-28.132816	-0.076873	-1.153210	-28.178172	-0.059013	-1.186519	-27.848596	-0.060585	-1.256521	-27.831495	-0.036842	-1.280851
2397	33.288693	00:00:33:21	-27.998272	1.697748	-1.234584	-27.918223	1.631814	-1.143002	-28.083481	1.624316	-1.111728	-28.017387	1.550135	-1.264240	-28.015225	1.535492	-1.195937	-28.172028	1.610034	-1.174528	-27.879617	1.598430	-1.287246	-27.921676	1.351268	-1.160579	-27.985321	0.774578	-1.709898	-27.644344	1.115965	-1.043973	-28.112092	-0.027530	-2.063369	-27.676272	1.089903	-1.042323	-28.076418	-0.037837	-2.038161	-27.653493	1.106354	-1.034557	-28.075387	-0.024754	-2.052802	-28.173363	0.947170	-1.189975	-28.165093	0.995052	-1.207234	-27.866807	0.975059	-1.264818	-27.851639	1.023163	-1.284081	-28.140475	0.464180	-1.189896	-27.848151	0.449563	-1.293329	-28.175509	-0.099156	-1.150401	-28.192651	-0.058630	-1.178014	-27.843048	-0.080276	-1.234903	-27.829694	-0.045059	-1.275792
2398	33.302586	00:00:33:22	-27.978806	1.687025	-1.229566	-27.948776	1.624801	-1.159317	-28.070920	1.606414	-1.118562	-28.043361	1.561077	-1.230840	-28.024053	1.546341	-1.238238	-28.185612	1.556432	-1.240770	-27.881658	1.600017	-1.300334	-27.926610	1.352261	-1.106621	-27.970625	0.769209	-1.693347	-27.651536	1.092771	-1.014522	-28.102471	-0.041686	-2.073463	-27.646369	1.120801	-1.031842	-28.093711	-0.029729	-2.048511	-27.673025	1.103659	-1.039341	-28.099329	-0.080075	-2.079575	-28.180919	0.968593	-1.168303	-28.192499	1.006645	-1.242948	-27.834535	0.962145	-1.242810	-27.851462	1.017894	-1.317018	-28.197379	0.469383	-1.165483	-27.852522	0.478836	-1.284633	-28.164427	-0.069458	-1.140690	-28.197558	-0.072377	-1.226515	-27.796957	-0.085682	-1.261653	-27.826436	-0.035133	-1.295377
2399	33.316480	00:00:33:23	-27.990375	1.706416	-1.236474	-27.941252	1.649043	-1.123722	-28.029668	1.629309	-1.093621	-28.026972	1.597908	-1.249353	-27.986761	1.550315	-1.196443	-28.189525	1.559816	-1.232662	-27.867516	1.593178	-1.271138	-27.916326	1.325987	-1.111354	-28.003432	0.774283	-1.683838	-27.656691	1.127318	-1.048889	-28.104944	-0.029075	-2.067737	-27.651244	1.121737	-1.059111	-28.115235	-0.032083	-2.080944	-27.664913	1.142408	-1.026123	-28.134195	-0.046596	-2.037941	-28.183248	1.000082	-1.167152	-28.180880	1.032906	-1.248489	-27.809126	0.978711	-1.223539	-27.818505	1.006329	-1.312695	-28.204670	0.492665	-1.196240	-27.869193	0.475060	-1.251604	-28.203067	-0.066909	-1.154119	-28.196826	-0.042495	-1.188231	-27.841829	-0.091950	-1.205108	-27.847823	-0.039474	-1.273291
2400	33.330373	00:00:33:24	-28.016401	1.681160	-1.233407	-27.949311	1.626131	-1.119035	-28.039052	1.617813	-1.108008	-27.981751	1.600821	-1.239873	-28.008370	1.541628	-1.230113	-28.167327	1.627035	-1.204036	-27.893941	1.585392	-1.299965	-27.913924	1.336604	-1.121027	-27.955186	0.764138	-1.690523	-27.678139	1.082039	-1.060551	-28.082205	-0.016791	-2.057352	-27.633645	1.113839	-1.071486	-28.091623	-0.054290	-2.064928	-27.664772	1.100258	-1.035500	-28.123326	-0.062866	-2.078713	-28.195703	0.959917	-1.168844	-28.208072	1.005676	-1.216833	-27.808791	0.944177	-1.243819	-27.834804	0.997103	-1.270454	-28.190342	0.474035	-1.231984	-27.866088	0.478214	-1.237483	-28.187761	-0.060392	-1.154918	-28.191029	-0.045074	-1.211606	-27.843267	-0.062415	-1.235701	-27.845066	-0.039105	-1.297758
2401	33.344267	00:00:33:25	-27.987904	1.718766	-1.218274	-27.931941	1.594154	-1.152990	-28.034975	1.636956	-1.109746	-28.007378	1.588190	-1.256670	-28.033837	1.560653	-1.201766	-28.153793	1.596322	-1.231674	-27.900691	1.574890	-1.298402	-27.895360	1.346047	-1.132183	-27.991699	0.752228	-1.675015	-27.664500	1.113277	-1.030728	-28.094796	-0.059187	-2.069616	-27.671581	1.101377	-1.050226	-28.106984	-0.037135	-2.091897	-27.633946	1.122085	-1.037456	-28.110981	-0.054419	-2.097339	-28.188680	0.990778	-1.173894	-28.194340	1.004602	-1.226311	-27.859672	0.980414	-1.251009	-27.836028	1.023205	-1.313647	-28.183134	0.488122	-1.184182	-27.853601	0.459663	-1.303503	-28.195189	-0.057386	-1.159980	-28.227418	-0.037444	-1.191389	-27.850355	-0.078366	-1.243198	-27.837007	-0.026873	-1.278544
2402	33.358160	00:00:33:26	-28.033219	1.697475	-1.209304	-27.910339	1.619450	-1.138593	-28.064434	1.603623	-1.129576	-28.024295	1.626828	-1.236077	-28.005310	1.582149	-1.238876	-28.129511	1.565344	-1.200518	-27.851892	1.565983	-1.309978	-27.912384	1.365761	-1.135552	-27.998003	0.749643	-1.678001	-27.672121	1.113077	-1.037192	-28.100282	-0.059834	-2.055393	-27.651048	1.129436	-1.067693	-28.096458	-0.061517	-2.046064	-27.648623	1.085771	-1.042934	-28.072351	-0.043352	-2.036844	-28.183136	0.954786	-1.195470	-28.186935	1.030441	-1.233041	-27.822050	0.954885	-1.258040	-27.851049	1.013653	-1.303034	-28.189282	0.487312	-1.164513	-27.861665	0.446781	-1.268411	-28.186869	-0.045439	-1.171520	-28.201188	-0.042917	-1.190974	-27.804760	-0.066116	-1.240516	-27.844953	-0.036360	-1.266130
2403	33.372053	00:00:33:27	-27.979097	1.696495	-1.186272	-27.904789	1.644736	-1.155884	-28.034743	1.609326	-1.114921	-28.040379	1.565195	-1.230396	-28.027962	1.558228	-1.225661	-28.158807	1.580475	-1.204476	-27.854943	1.568347	-1.296093	-27.903960	1.372230	-1.153333	-27.988383	0.739695	-1.656245	-27.637858	1.103479	-1.042126	-28.084728	-0.064211	-2.083873	-27.679096	1.128902	-1.045780	-28.080302	-0.044469	-2.081755	-27.668078	1.103511	-1.048191	-28.091104	-0.049950	-2.074784	-28.181397	0.958928	-1.152468	-28.183863	1.006432	-1.226813	-27.847377	0.949107	-1.237136	-27.856457	1.027899	-1.301118	-28.170460	0.470431	-1.192082	-27.845609	0.457922	-1.267317	-28.174642	-0.115373	-1.163481	-28.202102	-0.028421	-1.237098	-27.811999	-0.082062	-1.244849	-27.847308	-0.031697	-1.292426
2404	33.385947	00:00:33:28	-28.040259	1.679088	-1.212286	-27.961917	1.618148	-1.152762	-28.032693	1.569602	-1.098997	-28.000582	1.550442	-1.263006	-28.035454	1.544683	-1.215870	-28.157099	1.560088	-1.225632	-27.892848	1.544771	-1.295739	-27.929720	1.327902	-1.122266	-27.977021	0.779592	-1.652339	-27.651849	1.103194	-1.035906	-28.067398	-0.032191	-2.062278	-27.654835	1.086828	-1.049828	-28.140951	-0.058523	-2.040941	-27.658829	1.105386	-1.025266	-28.098856	-0.042792	-2.060823	-28.183516	0.996296	-1.203810	-28.165243	1.019010	-1.230970	-27.821075	0.985656	-1.282486	-27.832452	1.018719	-1.332881	-28.157787	0.473301	-1.206290	-27.824297	0.499866	-1.292518	-28.177406	-0.074041	-1.159107	-28.180421	-0.051703	-1.195864	-27.836944	-0.075485	-1.240160	-27.876272	-0.033380	-1.274465
2405	33.399840	00:00:33:29	-27.990734	1.696652	-1.230874	-27.935599	1.630128	-1.114094	-28.074750	1.643536	-1.104103	-28.067016	1.570754	-1.270207	-28.049311	1.515345	-1.234987	-28.172977	1.570342	-1.212349	-27.870713	1.567674	-1.283287	-27.897917	1.333316	-1.127052	-27.998493	0.736568	-1.675761	-27.666468	1.087257	-1.037461	-28.085839	-0.046433	-2.027880	-27.642377	1.132832	-1.054463	-28.095510	-0.048857	-2.036705	-27.623273	1.119461	-1.027769	-28.103057	-0.059231	-2.039855	-28.147111	0.957836	-1.183873	-28.216406	0.989596	-1.215335	-27.838637	0.968736	-1.260265	-27.852592	0.993493	-1.309762	-28.223091	0.461163	-1.199207	-27.870274	0.483624	-1.291239	-28.169171	-0.079288	-1.157052	-28.193173	-0.071424	-1.206893	-27.835001	-0.067782	-1.223974	-27.837501	-0.047875	-1.292316
2406	33.413734	00:00:33:30	-28.016558	1.703608	-1.222305	-27.926009	1.649120	-1.140505	-28.049976	1.612405	-1.148442	-28.038252	1.540423	-1.261197	-28.026511	1.549171	-1.210851	-28.160490	1.582172	-1.224872	-27.885831	1.538521	-1.315243	-27.921624	1.369653	-1.098202	-27.985852	0.775267	-1.674275	-27.676154	1.106184	-1.047862	-28.090033	-0.027016	-2.043015	-27.656338	1.122797	-0.999277	-28.096167	-0.027029	-2.077304	-27.690657	1.093445	-1.030694	-28.069408	-0.058643	-2.068430	-28.191504	0.982324	-1.173415	-28.168333	1.019326	-1.193027	-27.841181	0.971017	-1.277170	-27.849824	1.015586	-1.280939	-28.181131	0.446941	-1.163990	-27.845621	0.475895	-1.278740	-28.216352	-0.100421	-1.126060	-28.200125	-0.033840	-1.197302	-27.853173	-0.090001	-1.240992	-27.807776	-0.032831	-1.280479
2407	33.427627	00:00:33:31	-28.013051	1.710808	-1.197839	-27.906789	1.634496	-1.155396	-28.046217	1.644086	-1.102384	-28.031643	1.574916	-1.240707	-28.023608	1.535685	-1.241527	-28.148639	1.593224	-1.234065	-27.871908	1.571915	-1.278147	-27.889239	1.325188	-1.137871	-27.988634	0.758559	-1.669438	-27.672583	1.101558	-1.058274	-28.092187	-0.054201	-2.061906	-27.685490	1.111950	-0.997550	-28.120681	-0.056443	-2.078784	-27.676912	1.107005	-1.042758	-28.096831	-0.056828	-2.051345	-28.181909	0.968569	-1.186502	-28.173419	1.032638	-1.210986	-27.842817	0.977447	-1.244672	-27.857556	1.027391	-1.271928	-28.193263	0.486664	-1.200543	-27.856063	0.442415	-1.280207	-28.199692	-0.064616	-1.159407	-28.197018	-0.008603	-1.185966	-27.813225	-0.036004	-1.242184	-27.835810	-0.024657	-1.272047
2408	33.441521	00:00:33:32	-28.006729	1.690240	-1.213390	-27.937814	1.656320	-1.158065	-28.061877	1.602410	-1.119484	-27.991362	1.577387	-1.255624	-27.999311	1.564488	-1.208583	-28.183626	1.593579	-1.228020	-27.896147	1.567934	-1.307747	-27.948630	1.337270	-1.104911	-27.969024	0.792173	-1.656801	-27.645368	1.113815	-1.080406	-28.092982	-0.041721	-2.052945	-27.653415	1.118531	-1.024649	-28.089597	-0.047592	-2.070607	-27.678943	1.106999	-1.028451	-28.088965	-0.083228	-2.067236	-28.193690	0.960367	-1.168131	-28.218516	0.994019	-1.252992	-27.833448	0.948188	-1.274048	-27.842048	1.015555	-1.311125	-28.206554	0.485438	-1.155221	-27.853366	0.462719	-1.293816	-28.182376	-0.076990	-1.193556	-28.215723	-0.045575	-1.194987	-27.828125	-0.062975	-1.232168	-27.835793	-0.048940	-1.318909
2409	33.455414	00:00:33:33	-28.021433	1.713752	-1.216164	-27.912483	1.583757	-1.145525	-28.052559	1.603391	-1.113984	-27.998472	1.581647	-1.275270	-28.001490	1.599452	-1.207131	-28.155903	1.586531	-1.225474	-27.840446	1.564736	-1.253410	-27.924719	1.339873	-1.135495	-27.996027	0.752752	-1.665045	-27.665006	1.107970	-1.048783	-28.148724	-0.044654	-2.061180	-27.641224	1.126416	-1.020535	-28.075616	-0.042231	-2.071196	-27.672098	1.111044	-1.041497	-28.099102	-0.046393	-2.045790	-28.205305	0.970677	-1.155427	-28.200205	0.976866	-1.230354	-27.817134	0.980498	-1.271117	-27.865643	1.022086	-1.289881	-28.209626	0.452740	-1.152198	-27.852354	0.466719	-1.284842	-28.185114	-0.111163	-1.129379	-28.197562	-0.044302	-1.208822	-27.841679	-0.073277	-1.236201	-27.867578	-0.054711	-1.273377
2410	33.469308	00:00:33:34	-27.974518	1.709869	-1.217118	-27.934217	1.603351	-1.139790	-28.055022	1.653311	-1.116565	-28.014299	1.572485	-1.277445	-28.016394	1.563699	-1.216573	-28.182601	1.567148	-1.227993	-27.853494	1.589109	-1.307424	-27.927456	1.329209	-1.106885	-27.988877	0.782195	-1.678246	-27.665985	1.108026	-1.032232	-28.084017	-0.047023	-2.064417	-27.637661	1.126794	-1.033889	-28.094870	-0.061971	-2.057880	-27.671181	1.091036	-1.055235	-28.072470	-0.040431	-2.090185	-28.191934	0.965451	-1.162507	-28.193575	0.970112	-1.205002	-27.854718	1.006689	-1.288756	-27.875871	0.995577	-1.318070	-28.171350	0.463937	-1.217423	-27.851406	0.458481	-1.296641	-28.182165	-0.071346	-1.131369	-28.248880	-0.056177	-1.179600	-27.831227	-0.087407	-1.234791	-27.836431	-0.007026	-1.261872
2411	33.483201	00:00:33:35	-28.036048	1.700038	-1.237429	-27.915159	1.619566	-1.130643	-28.039843	1.658246	-1.115226	-27.998889	1.570676	-1.258681	-27.974849	1.591322	-1.237395	-28.155066	1.596983	-1.205065	-27.866470	1.575695	-1.289986	-27.928542	1.312856	-1.128526	-27.963007	0.766454	-1.674530	-27.679180	1.153944	-1.030624	-28.087929	-0.056641	-2.074689	-27.628386	1.118509	-1.049474	-28.118360	-0.028428	-2.057134	-27.639577	1.101017	-1.044753	-28.092970	-0.042901	-2.094264	-28.202453	0.946930	-1.177879	-28.201950	0.985195	-1.224662	-27.861423	0.974888	-1.268396	-27.862338	1.021844	-1.317127	-28.171277	0.497867	-1.148666	-27.834258	0.472508	-1.290404	-28.197939	-0.087849	-1.143639	-28.211348	-0.033010	-1.199055	-27.822156	-0.086375	-1.245321	-27.835285	-0.027170	-1.298054
2412	33.497094	00:00:33:36	-27.995765	1.692318	-1.232501	-27.955692	1.633324	-1.160570	-28.036185	1.631298	-1.093049	-28.003413	1.593499	-1.269173	-28.032959	1.546650	-1.220513	-28.151552	1.605555	-1.220770	-27.858962	1.584085	-1.276096	-27.888079	1.336106	-1.133345	-27.952439	0.774693	-1.684295	-27.713436	1.110809	-1.030287	-28.088928	-0.014372	-2.065040	-27.664318	1.104302	-1.030001	-28.097159	-0.077387	-2.051850	-27.663594	1.102925	-1.061960	-28.101723	-0.061139	-2.066131	-28.218282	0.948953	-1.190014	-28.192977	1.021649	-1.254421	-27.864645	0.968209	-1.244215	-27.834897	1.022256	-1.324540	-28.172511	0.433622	-1.219135	-27.852590	0.478439	-1.246732	-28.204489	-0.048437	-1.172568	-28.193716	-0.037437	-1.187606	-27.871873	-0.082550	-1.227422	-27.837365	-0.020990	-1.294718
2413	33.510988	00:00:33:37	-28.016432	1.712084	-1.204673	-27.935162	1.596262	-1.171566	-28.030765	1.617898	-1.151342	-27.986879	1.624619	-1.265202	-28.010825	1.559180	-1.245258	-28.160801	1.556953	-1.212480	-27.863262	1.575685	-1.275390	-27.903247	1.357604	-1.106180	-28.014779	0.742775	-1.703588	-27.651857	1.098683	-1.023360	-28.066802	-0.065315	-2.039354	-27.662643	1.100267	-1.045902	-28.111552	-0.060699	-2.094705	-27.670990	1.115262	-1.019751	-28.125664	-0.018418	-2.090847	-28.181308	1.003075	-1.172790	-28.201839	1.016674	-1.218924	-27.864929	0.975134	-1.242692	-27.843918	1.000133	-1.299007	-28.180712	0.474612	-1.169190	-27.885340	0.448231	-1.257669	-28.210223	-0.085937	-1.159040	-28.220189	-0.043680	-1.190996	-27.841395	-0.031319	-1.197590	-27.842831	-0.051374	-1.276976
2414	33.524881	00:00:33:38	-28.017206	1.703252	-1.246565	-27.911154	1.628448	-1.165529	-28.047283	1.626884	-1.102600	-28.014941	1.575262	-1.257770	-27.994755	1.534686	-1.228012	-28.154603	1.575443	-1.214587	-27.888517	1.568217	-1.275250	-27.902265	1.360246	-1.129202	-27.989389	0.785709	-1.664583	-27.649291	1.096068	-1.033424	-28.085033	-0.094338	-2.064566	-27.668283	1.094874	-1.071119	-28.085629	-0.039974	-2.045183	-27.643049	1.127654	-1.029532	-28.108726	-0.033601	-2.047091	-28.188965	0.982441	-1.175571	-28.174940	0.996414	-1.245171	-27.834795	0.956468	-1.247334	-27.840675	0.996918	-1.314935	-28.191701	0.452606	-1.176069	-27.836518	0.476459	-1.286711	-28.170053	-0.085998	-1.124651	-28.233988	-0.057402	-1.189423	-27.828845	-0.061423	-1.281150	-27.850345	-0.064472	-1.296962
2415	33.538775	00:00:33:39	-28.038381	1.726608	-1.245917	-27.915794	1.660494	-1.127115	-28.055357	1.612110	-1.121534	-27.993210	1.587239	-1.227729	-28.010699	1.531313	-1.247454	-28.165314	1.581419	-1.225420	-27.888509	1.596799	-1.297004	-27.916065	1.337583	-1.123365	-27.984914	0.761593	-1.684776	-27.627278	1.128186	-1.065638	-28.098028	-0.031351	-2.043140	-27.667865	1.087723	-1.043890	-28.106023	-0.048534	-2.083962	-27.696154	1.127173	-1.059065	-28.078866	-0.057649	-2.070974	-28.213827	0.943559	-1.176594	-28.202086	1.008662	-1.217243	-27.842760	0.960816	-1.266472	-27.843808	1.034551	-1.293329	-28.180678	0.459113	-1.223856	-27.831425	0.439859	-1.280115	-28.162438	-0.054102	-1.158757	-28.181593	-0.039224	-1.216838	-27.839068	-0.037421	-1.279219	-27.866106	-0.040909	-1.281583
2416	33.552668	00:00:33:40	-28.018438	1.680892	-1.233359	-27.922931	1.622183	-1.139968	-28.046624	1.612407	-1.102626	-28.014202	1.634812	-1.268225	-28.002534	1.565840	-1.228289	-28.171830	1.569435	-1.234274	-27.863677	1.599438	-1.285704	-27.902514	1.368148	-1.132637	-27.999431	0.762024	-1.698343	-27.658693	1.106488	-1.061178	-28.097503	-0.041780	-2.060828	-27.658535	1.133269	-1.061672	-28.077790	-0.034946	-2.078221	-27.677848	1.118345	-1.043796	-28.072936	-0.035657	-2.038289	-28.169133	0.990273	-1.166331	-28.200942	1.014300	-1.200705	-27.854190	0.965413	-1.243206	-27.840623	1.000549	-1.255970	-28.188906	0.443334	-1.209074	-27.821349	0.503185	-1.295587	-28.192505	-0.102825	-1.160033	-28.184539	-0.021174	-1.201098	-27.864291	-0.067300	-1.252590	-27.829349	-0.031209	-1.297783
2417	33.566562	00:00:33:41	-27.987776	1.699367	-1.253123	-27.967817	1.624349	-1.130538	-28.045499	1.615814	-1.104901	-28.000684	1.589533	-1.271939	-28.035361	1.591290	-1.218254	-28.156594	1.564518	-1.228388	-27.870987	1.587551	-1.286504	-27.932694	1.345270	-1.122130	-27.993155	0.753056	-1.672865	-27.649314	1.091402	-1.012287	-28.080205	-0.040889	-2.065032	-27.648139	1.081029	-1.003067	-28.091541	-0.058055	-2.033299	-27.677241	1.095993	-1.045371	-28.083853	-0.046604	-2.073953	-28.194391	0.958904	-1.194792	-28.184920	1.024798	-1.221653	-27.813290	0.964536	-1.273103	-27.828474	0.976210	-1.324208	-28.158889	0.452905	-1.182802	-27.832889	0.457404	-1.275626	-28.173342	-0.050640	-1.151477	-28.194107	-0.057403	-1.171150	-27.827022	-0.056982	-1.230787	-27.853462	-0.053639	-1.270779
2418	33.580455	00:00:33:42	-28.047873	1.698447	-1.240424	-27.908194	1.636968	-1.151511	-28.062764	1.628795	-1.126984	-28.039755	1.578382	-1.226301	-27.998541	1.572199	-1.221857	-28.161303	1.577332	-1.208848	-27.871615	1.576337	-1.313081	-27.910610	1.344705	-1.108791	-27.970405	0.809066	-1.667467	-27.676917	1.118271	-1.021768	-28.075032	-0.055293	-2.068385	-27.640204	1.132272	-1.051976	-28.076912	-0.044533	-2.061301	-27.625564	1.095982	-1.009708	-28.098071	-0.061719	-2.068371	-28.186993	0.954420	-1.176040	-28.198070	1.011910	-1.238593	-27.841526	0.956914	-1.253978	-27.841308	0.999625	-1.261934	-28.213370	0.449721	-1.166954	-27.836935	0.474250	-1.249608	-28.190516	-0.074535	-1.168706	-28.205392	-0.014400	-1.222810	-27.849979	-0.086837	-1.223061	-27.821508	-0.065339	-1.277776
2419	33.594349	00:00:33:43	-28.011520	1.685341	-1.194053	-27.933992	1.618192	-1.156552	-28.032649	1.626034	-1.132225	-28.026307	1.547793	-1.236647	-28.004528	1.538762	-1.223218	-28.159884	1.566404	-1.248729	-27.868753	1.605095	-1.296049	-27.935076	1.367390	-1.118177	-27.962633	0.807367	-1.681065	-27.665743	1.114464	-1.041349	-28.084086	-0.046181	-2.083210	-27.655074	1.083453	-1.010730	-28.057637	-0.073778	-2.062713	-27.691953	1.101307	-1.029829	-28.072261	-0.058973	-2.055960	-28.188035	0.963353	-1.159699	-28.197555	1.018304	-1.216560	-27.856493	0.929583	-1.236421	-27.869512	1.003517	-1.271269	-28.190184	0.446563	-1.189194	-27.856866	0.474372	-1.290870	-28.176945	-0.068898	-1.135547	-28.163953	0.000148	-1.208608	-27.810178	-0.045395	-1.254971	-27.835962	-0.055149	-1.290132
2420	33.608242	00:00:33:44	-28.000307	1.673780	-1.200642	-27.926685	1.620073	-1.159382	-28.017228	1.595344	-1.118837	-27.992944	1.580021	-1.245831	-28.027078	1.518010	-1.234888	-28.146585	1.562428	-1.191743	-27.897220	1.586469	-1.298543	-27.929419	1.370063	-1.101715	-27.982175	0.764558	-1.692538	-27.697422	1.116347	-1.042929	-28.105733	-0.065744	-2.040292	-27.652062	1.112752	-1.004652	-28.098077	-0.047767	-2.079401	-27.661953	1.106329	-1.003141	-28.089675	-0.017700	-2.064596	-28.157792	0.970093	-1.168444	-28.150329	0.998366	-1.220697	-27.847723	0.956462	-1.277794	-27.854967	0.996292	-1.304827	-28.190701	0.448863	-1.220513	-27.829041	0.460620	-1.301927	-28.187682	-0.064081	-1.144703	-28.220397	-0.019562	-1.188484	-27.841185	-0.090363	-1.245665	-27.857427	-0.015859	-1.289532
2421	33.622135	00:00:33:45	-28.018709	1.651741	-1.210646	-27.952293	1.620760	-1.165250	-28.034422	1.653792	-1.138206	-28.051451	1.568063	-1.228591	-28.004366	1.570686	-1.226520	-28.170079	1.592891	-1.218563	-27.877921	1.588784	-1.258398	-27.911389	1.339360	-1.163540	-27.962400	0.797392	-1.657199	-27.616937	1.124973	-1.006237	-28.124139	-0.044430	-2.062988	-27.650011	1.124591	-1.046163	-28.109271	-0.031989	-2.057499	-27.649879	1.116623	-1.030893	-28.071619	-0.057483	-2.024408	-28.197039	0.955144	-1.173782	-28.192492	1.018439	-1.218971	-27.833789	0.980311	-1.226551	-27.831074	1.021873	-1.282806	-28.200151	0.465391	-1.180555	-27.805807	0.453178	-1.281033	-28.173487	-0.078945	-1.148304	-28.204431	-0.027980	-1.238557	-27.786469	-0.079040	-1.235933	-27.844384	-0.044576	-1.282892
2422	33.636029	00:00:33:46	-28.012166	1.678537	-1.250999	-27.903627	1.622198	-1.150897	-28.040074	1.607075	-1.115807	-28.034775	1.588562	-1.258433	-28.022515	1.558462	-1.200521	-28.152979	1.606601	-1.225008	-27.847155	1.553975	-1.274582	-27.924999	1.385970	-1.088529	-27.985069	0.781809	-1.699112	-27.665397	1.097738	-1.043798	-28.056736	-0.052876	-2.070204	-27.676177	1.134546	-1.016322	-28.094531	-0.026529	-2.078279	-27.653775	1.121790	-1.032935	-28.090970	-0.043312	-2.088068	-28.192293	0.959346	-1.180201	-28.173475	1.012296	-1.219042	-27.852413	0.984520	-1.232799	-27.807610	0.950405	-1.285105	-28.180418	0.464276	-1.191208	-27.850869	0.437531	-1.262229	-28.197910	-0.065698	-1.146909	-28.231606	-0.031377	-1.225153	-27.838102	-0.087818	-1.238602	-27.848717	-0.054650	-1.250981
2423	33.649922	00:00:33:47	-28.000641	1.712130	-1.220242	-27.912049	1.602897	-1.133617	-28.039461	1.606212	-1.130156	-28.020004	1.569875	-1.287926	-28.015196	1.552428	-1.203304	-28.150415	1.542154	-1.230202	-27.881935	1.566309	-1.325209	-27.898728	1.361916	-1.124229	-27.978397	0.752773	-1.710925	-27.655987	1.088127	-1.012385	-28.086813	-0.059238	-2.056980	-27.655632	1.083137	-1.045894	-28.080194	-0.032260	-2.068830	-27.661668	1.107782	-1.051537	-28.115495	-0.037856	-2.065588	-28.188743	0.960352	-1.162955	-28.211747	1.032550	-1.200753	-27.818147	0.979503	-1.233711	-27.843482	1.030982	-1.328404	-28.198720	0.447485	-1.167838	-27.822739	0.469284	-1.249855	-28.187167	-0.082424	-1.184419	-28.209997	-0.047040	-1.198739	-27.835938	-0.053930	-1.237401	-27.827182	-0.033560	-1.260718
2424	33.663816	00:00:33:48	-27.986939	1.684021	-1.223008	-27.924327	1.655511	-1.180062	-28.030353	1.597185	-1.129869	-27.986237	1.578366	-1.254149	-28.010634	1.577269	-1.186508	-28.151674	1.575992	-1.217382	-27.867020	1.596091	-1.305078	-27.928575	1.347602	-1.123273	-27.988241	0.762860	-1.690600	-27.670295	1.092185	-1.031456	-28.089231	-0.034542	-2.102757	-27.639483	1.113752	-1.029263	-28.066090	-0.054834	-2.062919	-27.626850	1.128153	-1.013912	-28.110444	-0.043192	-2.046132	-28.191434	0.971149	-1.134093	-28.189941	1.003561	-1.196422	-27.831479	0.942384	-1.227359	-27.867580	0.991999	-1.280693	-28.208183	0.459586	-1.168136	-27.845538	0.481470	-1.274175	-28.187762	-0.080880	-1.166137	-28.178674	-0.033249	-1.198495	-27.873764	-0.101879	-1.244742	-27.810856	-0.044279	-1.289950
2425	33.677709	00:00:33:49	-28.008819	1.709653	-1.248135	-27.906637	1.635228	-1.195593	-28.046391	1.613311	-1.100470	-28.009427	1.572779	-1.267670	-27.993682	1.560656	-1.198355	-28.191415	1.555164	-1.231724	-27.875966	1.546697	-1.288837	-27.901676	1.338048	-1.097555	-27.994568	0.776258	-1.675273	-27.649719	1.112412	-1.046534	-28.088666	-0.052962	-2.041007	-27.671708	1.128148	-1.027222	-28.079955	-0.061585	-2.077889	-27.615460	1.090749	-1.018723	-28.083587	-0.021353	-2.039203	-28.181754	0.954147	-1.195972	-28.203146	1.007531	-1.245109	-27.837463	0.975202	-1.251500	-27.859444	0.973850	-1.314598	-28.193793	0.477504	-1.177998	-27.814906	0.474827	-1.276713	-28.212048	-0.072362	-1.144459	-28.167351	-0.038080	-1.200580	-27.834928	-0.118957	-1.242642	-27.844040	-0.061196	-1.280927
2426	33.691603	00:00:33:50	-28.026258	1.685472	-1.248497	-27.918891	1.625074	-1.163386	-28.086482	1.620155	-1.073788	-28.019008	1.583557	-1.265705	-28.027937	1.543926	-1.196067	-28.174566	1.576552	-1.194928	-27.837760	1.577210	-1.274270	-27.875631	1.318239	-1.139460	-27.983278	0.794983	-1.659669	-27.639917	1.084145	-1.031185	-28.136143	-0.027357	-2.036346	-27.670277	1.117249	-1.045102	-28.075129	-0.063893	-2.048744	-27.670066	1.093665	-1.011611	-28.101931	-0.069951	-2.044577	-28.162767	0.961817	-1.164465	-28.223375	0.996392	-1.215774	-27.805282	0.961499	-1.235931	-27.816264	1.010972	-1.318783	-28.189395	0.467042	-1.166131	-27.832949	0.487282	-1.276416	-28.167247	-0.060241	-1.166774	-28.171153	-0.033097	-1.177860	-27.866749	-0.055669	-1.251896	-27.869712	-0.034664	-1.271872
2427	33.705496	00:00:33:51	-28.011593	1.685483	-1.268231	-27.939960	1.618567	-1.118082	-28.079335	1.634081	-1.113396	-28.020742	1.608769	-1.260538	-27.985660	1.528954	-1.224895	-28.169491	1.606599	-1.254805	-27.890331	1.573343	-1.299046	-27.912029	1.354809	-1.103718	-27.972799	0.751490	-1.638036	-27.642842	1.096169	-1.029469	-28.070898	-0.037253	-2.058780	-27.654424	1.125744	-1.032691	-28.074421	-0.048347	-2.064967	-27.653110	1.130660	-1.023804	-28.098213	-0.021174	-2.058636	-28.178717	0.940828	-1.174540	-28.219313	0.981047	-1.216285	-27.810426	0.960674	-1.263340	-27.847893	1.010009	-1.284216	-28.196053	0.459041	-1.210975	-27.836340	0.479490	-1.247103	-28.197089	-0.053989	-1.136431	-28.177091	-0.052674	-1.200834	-27.841405	-0.102161	-1.229777	-27.830390	-0.043370	-1.296449
2428	33.719390	00:00:33:52	-28.038283	1.723710	-1.251544	-27.896020	1.593945	-1.139600	-28.035999	1.639896	-1.093450	-28.028010	1.612618	-1.245999	-28.022272	1.542227	-1.258393	-28.170963	1.586016	-1.196038	-27.883582	1.601572	-1.268814	-27.923483	1.331356	-1.147979	-28.005787	0.760296	-1.687037	-27.620483	1.110885	-1.033679	-28.109196	-0.016647	-2.048032	-27.658813	1.112443	-0.987884	-28.093963	-0.057504	-2.084700	-27.686897	1.102482	-0.998591	-28.095287	-0.039296	-2.039157	-28.152981	0.971204	-1.161952	-28.225251	0.995601	-1.238974	-27.878054	0.980739	-1.244387	-27.820411	1.018110	-1.278067	-28.164432	0.448604	-1.209194	-27.839127	0.465458	-1.277445	-28.159255	-0.045878	-1.152469	-28.198589	-0.056089	-1.164230	-27.831762	-0.068863	-1.256076	-27.860241	-0.059490	-1.282898
2429	33.733283	00:00:33:53	-27.984472	1.668631	-1.242479	-27.948613	1.640157	-1.146256	-28.030609	1.661527	-1.117788	-28.023127	1.575248	-1.256144	-28.044615	1.548626	-1.243861	-28.162127	1.557365	-1.244192	-27.861561	1.567095	-1.294022	-27.904282	1.338327	-1.117560	-27.969635	0.772178	-1.672364	-27.634632	1.134016	-1.024241	-28.098931	-0.056773	-2.066369	-27.660606	1.115133	-1.058329	-28.106757	-0.040760	-2.033003	-27.678550	1.115640	-1.019570	-28.072469	-0.058116	-2.075230	-28.158453	0.954966	-1.185213	-28.188192	1.007182	-1.212934	-27.831704	0.968979	-1.278429	-27.824799	0.992646	-1.285799	-28.166571	0.466783	-1.188538	-27.811525	0.467321	-1.237846	-28.174309	-0.070205	-1.128393	-28.189875	-0.028539	-1.187551	-27.847511	-0.077608	-1.203067	-27.835555	-0.044801	-1.266486
2430	33.747176	00:00:33:54	-27.999537	1.684130	-1.231226	-27.915166	1.615899	-1.149751	-28.037846	1.626457	-1.150162	-27.981701	1.545816	-1.245452	-28.013524	1.539962	-1.199253	-28.171478	1.609228	-1.218455	-27.872991	1.585170	-1.284111	-27.909095	1.360699	-1.097462	-27.989638	0.757193	-1.679245	-27.667673	1.081878	-1.043166	-28.095486	-0.038307	-2.040416	-27.640807	1.128235	-1.027937	-28.100764	-0.078906	-2.064893	-27.633443	1.122284	-1.029218	-28.051162	-0.028737	-2.075669	-28.187145	0.981927	-1.195504	-28.213136	0.995899	-1.224914	-27.847975	0.991102	-1.264051	-27.876015	1.015894	-1.306485	-28.210332	0.494083	-1.191416	-27.831192	0.490053	-1.280488	-28.159420	-0.061049	-1.126121	-28.195164	-0.034797	-1.205874	-27.845049	-0.045939	-1.253992	-27.851010	-0.040667	-1.279377
2431	33.761070	00:00:33:55	-28.025866	1.710739	-1.251969	-27.925535	1.635946	-1.135067	-28.062978	1.613456	-1.124107	-28.032229	1.563947	-1.261458	-27.992602	1.577629	-1.223284	-28.175887	1.589539	-1.209239	-27.888947	1.616623	-1.318111	-27.895255	1.315877	-1.127107	-27.974253	0.754630	-1.707095	-27.660789	1.112630	-1.036316	-28.100794	-0.040116	-2.062117	-27.641906	1.133061	-1.010314	-28.059795	-0.062598	-2.048955	-27.652081	1.136336	-1.000312	-28.093262	-0.062994	-2.064468	-28.178091	0.990947	-1.187302	-28.225071	0.981033	-1.200223	-27.814874	0.959213	-1.262680	-27.856855	1.038431	-1.303186	-28.225479	0.471530	-1.201931	-27.846525	0.471781	-1.260664	-28.184531	-0.080946	-1.151619	-28.204128	-0.031692	-1.198531	-27.837538	-0.083835	-1.208228	-27.854968	-0.032797	-1.282029
2432	33.774963	00:00:33:56	-28.021388	1.695082	-1.217806	-27.920562	1.642063	-1.159077	-28.044856	1.627593	-1.120009	-27.995195	1.544555	-1.264084	-28.029457	1.548309	-1.226933	-28.168860	1.561463	-1.207215	-27.884405	1.589328	-1.290975	-27.918483	1.322370	-1.131752	-27.983304	0.800850	-1.685062	-27.680098	1.124223	-1.034311	-28.084934	-0.050389	-2.087403	-27.676809	1.111470	-1.030623	-28.112506	-0.041680	-2.033598	-27.668898	1.081997	-1.015955	-28.086755	-0.043748	-2.044495	-28.172092	0.964539	-1.173907	-28.182551	0.971656	-1.220218	-27.880363	0.974681	-1.244169	-27.842859	1.009366	-1.288193	-28.201522	0.452262	-1.170061	-27.827986	0.478426	-1.260974	-28.170373	-0.062012	-1.146751	-28.184476	-0.056083	-1.223137	-27.823835	-0.061109	-1.234215	-27.864856	-0.020809	-1.280060
2433	33.788857	00:00:33:57	-28.051935	1.683880	-1.201951	-27.935997	1.624756	-1.153286	-28.045979	1.635265	-1.105826	-28.029176	1.573727	-1.264557	-27.987959	1.554797	-1.230303	-28.160944	1.607710	-1.218662	-27.884309	1.593719	-1.273173	-27.912024	1.340832	-1.097530	-27.973748	0.753382	-1.656434	-27.676829	1.106664	-1.022406	-28.102304	-0.051174	-2.083849	-27.633067	1.131897	-1.017414	-28.069139	-0.045869	-2.056042	-27.667763	1.107197	-1.030447	-28.101842	-0.035103	-2.038085	-28.163983	0.960252	-1.179996	-28.183044	1.026246	-1.251325	-27.865404	0.936790	-1.271632	-27.821306	1.001896	-1.322288	-28.184994	0.456741	-1.170344	-27.832512	0.477515	-1.259871	-28.182867	-0.059922	-1.169569	-28.208627	-0.068071	-1.201012	-27.847355	-0.064111	-1.261919	-27.836645	-0.045765	-1.285763
2434	33.802750	00:00:33:58	-28.022981	1.715467	-1.204965	-27.949494	1.659874	-1.150233	-28.049878	1.629835	-1.118644	-28.002158	1.589371	-1.242149	-28.034505	1.535920	-1.238082	-28.152201	1.548170	-1.198753	-27.889601	1.541086	-1.298966	-27.897784	1.345366	-1.103784	-27.981575	0.763714	-1.703572	-27.665528	1.112914	-1.008185	-28.088965	-0.033461	-2.085928	-27.638719	1.108166	-0.996460	-28.082424	-0.040910	-2.097167	-27.664412	1.136296	-1.015129	-28.111551	-0.028985	-2.053084	-28.170224	0.955830	-1.175555	-28.185382	1.000766	-1.195297	-27.816445	0.951445	-1.249050	-27.868287	0.989791	-1.300515	-28.229345	0.432340	-1.210504	-27.849190	0.464540	-1.260391	-28.190269	-0.047357	-1.149179	-28.181842	-0.010579	-1.188861	-27.852297	-0.109918	-1.215566	-27.849686	-0.051439	-1.288043
2435	33.816644	00:00:33:59	-28.036090	1.676358	-1.222347	-27.926253	1.606319	-1.132876	-28.046434	1.666378	-1.118972	-28.050103	1.553771	-1.251273	-27.997311	1.552670	-1.200788	-28.167182	1.541862	-1.194887	-27.899669	1.570061	-1.298735	-27.895592	1.362208	-1.104053	-27.989470	0.778747	-1.670235	-27.634206	1.098053	-1.040113	-28.093518	-0.061604	-2.048078	-27.648722	1.148753	-1.032412	-28.111179	-0.029608	-2.074619	-27.692496	1.124174	-1.009356	-28.084143	-0.059921	-2.052218	-28.199277	0.975096	-1.156377	-28.207587	1.015266	-1.195019	-27.830716	0.981217	-1.250313	-27.815156	1.014316	-1.274597	-28.197712	0.487293	-1.204205	-27.866553	0.478250	-1.240369	-28.168476	-0.067285	-1.164586	-28.153086	-0.083580	-1.203882	-27.836564	-0.093702	-1.212395	-27.833507	-0.049193	-1.297539
2436	33.830537	00:00:33:60	-27.994721	1.677219	-1.218659	-27.917688	1.598254	-1.119465	-28.045857	1.665701	-1.108619	-28.020469	1.563370	-1.256459	-28.018878	1.548765	-1.236743	-28.148114	1.586847	-1.203183	-27.906272	1.566386	-1.272431	-27.911304	1.339878	-1.131659	-27.958361	0.749334	-1.659267	-27.626112	1.105301	-0.997682	-28.071879	-0.070628	-2.100920	-27.650495	1.100194	-1.018486	-28.104984	-0.016643	-2.090925	-27.638205	1.127366	-1.001988	-28.100716	-0.035993	-2.058669	-28.206887	0.957930	-1.166408	-28.199141	0.990545	-1.195188	-27.850287	0.988602	-1.229857	-27.819857	0.997309	-1.338371	-28.192972	0.402667	-1.180380	-27.862141	0.494356	-1.264995	-28.174490	-0.066583	-1.147067	-28.210540	-0.030062	-1.212794	-27.831020	-0.072940	-1.234295	-27.880139	-0.026598	-1.281929
2437	33.844431	00:00:33:61	-28.014486	1.710236	-1.235892	-27.899137	1.601490	-1.161886	-28.058848	1.613866	-1.135803	-28.012778	1.561548	-1.266084	-28.016367	1.534712	-1.251356	-28.139755	1.556426	-1.198888	-27.882426	1.565807	-1.314985	-27.921975	1.353723	-1.110837	-27.982830	0.766779	-1.661527	-27.652804	1.125899	-1.035333	-28.089457	-0.029197	-2.045601	-27.668946	1.092929	-0.998559	-28.099530	-0.035348	-2.057550	-27.657905	1.122153	-1.017149	-28.065907	-0.036249	-2.066311	-28.186453	0.985773	-1.154459	-28.167625	0.987402	-1.225685	-27.810765	0.960577	-1.255873	-27.817632	1.007458	-1.284294	-28.182251	0.486775	-1.172624	-27.809142	0.427187	-1.245476	-28.202308	-0.054450	-1.136815	-28.192952	-0.075557	-1.207082	-27.818800	-0.092302	-1.202035	-27.855699	-0.032819	-1.289839
2438	33.858324	00:00:33:62	-27.997376	1.698702	-1.255805	-27.939334	1.626028	-1.157122	-28.046440	1.615008	-1.112798	-28.006112	1.588234	-1.274034	-28.037001	1.547752	-1.237406	-28.181071	1.567335	-1.229255	-27.868625	1.545357	-1.251227	-27.920221	1.322069	-1.123494	-28.005617	0.766645	-1.681639	-27.670411	1.130654	-1.019194	-28.112430	-0.028861	-2.050993	-27.641158	1.127632	-1.034222	-28.115688	-0.036633	-2.084602	-27.672329	1.111561	-1.040138	-28.116741	-0.025310	-2.083402	-28.169500	0.961549	-1.170269	-28.184509	1.013781	-1.234076	-27.834339	0.976170	-1.278324	-27.835074	1.001475	-1.265554	-28.195188	0.457918	-1.198616	-27.877337	0.475367	-1.253819	-28.197113	-0.082462	-1.173409	-28.168809	-0.026265	-1.246865	-27.798770	-0.055464	-1.264570	-27.827056	-0.027161	-1.308128
2439	33.872217	00:00:33:63	-28.027126	1.683357	-1.210612	-27.931333	1.629306	-1.131569	-28.065121	1.594321	-1.128498	-28.025411	1.598002	-1.261196	-27.988606	1.534365	-1.227699	-28.177683	1.567463	-1.198545	-27.887255	1.568491	-1.286613	-27.907286	1.333689	-1.100109	-27.983319	0.747981	-1.675608	-27.653361	1.112964	-1.027923	-28.081674	-0.068187	-2.051122	-27.627814	1.105859	-1.016279	-28.131819	-0.031495	-2.113572	-27.627059	1.096723	-1.032802	-28.096791	-0.018986	-2.079173	-28.173379	0.982345	-1.157286	-28.177146	0.991957	-1.253075	-27.852124	0.929422	-1.261673	-27.852239	1.029244	-1.323922	-28.194644	0.486431	-1.148000	-27.848953	0.448622	-1.277126	-28.170715	-0.096130	-1.143716	-28.202124	-0.027346	-1.214643	-27.796544	-0.081718	-1.237463	-27.853677	-0.051519	-1.319108
2440	33.886111	00:00:33:64	-27.987208	1.697600	-1.203502	-27.910744	1.649134	-1.145608	-28.041756	1.609440	-1.095127	-28.012001	1.568272	-1.255499	-28.006247	1.551544	-1.277301	-28.136352	1.612345	-1.185538	-27.900660	1.583384	-1.279286	-27.889563	1.345222	-1.107167	-28.000910	0.735717	-1.669440	-27.661198	1.106572	-0.983983	-28.091882	-0.022763	-2.064210	-27.670275	1.123108	-1.034857	-28.112116	-0.062113	-2.080342	-27.643022	1.116919	-1.013474	-28.097282	-0.031600	-2.054757	-28.215500	0.926671	-1.170140	-28.187340	1.025162	-1.208186	-27.821690	0.961228	-1.224899	-27.852240	1.002739	-1.305542	-28.176811	0.476897	-1.171318	-27.824280	0.456629	-1.258635	-28.174066	-0.055619	-1.121804	-28.183420	-0.027035	-1.186993	-27.801072	-0.059328	-1.242918	-27.844139	-0.023587	-1.298981
2441	33.900004	00:00:33:65	-27.989868	1.718228	-1.219222	-27.945609	1.638616	-1.152975	-28.067712	1.637446	-1.107121	-28.045668	1.600474	-1.246739	-28.032870	1.546811	-1.218922	-28.172382	1.565035	-1.249181	-27.842869	1.585627	-1.298790	-27.934079	1.405531	-1.112764	-27.983721	0.738990	-1.622505	-27.654344	1.092257	-1.063570	-28.083773	-0.054390	-2.069379	-27.641779	1.126051	-1.015648	-28.079669	-0.029977	-2.066561	-27.665169	1.127661	-1.005681	-28.114128	-0.032768	-2.041608	-28.180561	0.958564	-1.156946	-28.184478	1.007488	-1.219498	-27.828207	0.957378	-1.236483	-27.837507	1.003674	-1.312636	-28.179891	0.452621	-1.188025	-27.852021	0.441801	-1.249360	-28.186967	-0.044114	-1.135688	-28.199581	-0.053725	-1.217717	-27.843953	-0.037086	-1.240626	-27.835608	-0.043291	-1.278048
2442	33.913898	00:00:33:66	-28.017112	1.690427	-1.204674	-27.949794	1.632643	-1.135953	-28.053622	1.668262	-1.128744	-28.034190	1.586726	-1.273378	-28.000232	1.554495	-1.208667	-28.187765	1.564409	-1.190158	-27.883258	1.598707	-1.290279	-27.939412	1.332968	-1.101238	-27.979816	0.787948	-1.687702	-27.628853	1.119456	-0.993941	-28.065568	-0.067120	-2.045313	-27.674079	1.135804	-1.037346	-28.110161	-0.033648	-2.062759	-27.654288	1.109286	-1.002569	-28.113574	-0.034233	-2.047051	-28.196763	0.997315	-1.177611	-28.188327	0.979756	-1.226479	-27.817307	0.950707	-1.276984	-27.832328	0.965756	-1.292580	-28.176672	0.458190	-1.194595	-27.887170	0.487392	-1.257817	-28.210341	-0.087646	-1.155004	-28.194638	-0.005117	-1.197018	-27.820057	-0.070635	-1.196773	-27.866487	-0.033597	-1.294562
2443	33.927791	00:00:33:67	-27.999881	1.705548	-1.221409	-27.943195	1.583819	-1.130148	-28.046561	1.613383	-1.077691	-28.017990	1.578560	-1.233953	-27.987695	1.507501	-1.224976	-28.166528	1.582635	-1.203089	-27.844666	1.551382	-1.297212	-27.911350	1.345158	-1.083894	-28.029677	0.788453	-1.655589	-27.651485	1.111839	-1.008058	-28.093544	-0.018633	-2.067960	-27.695765	1.106119	-0.987811	-28.094018	-0.057454	-2.069565	-27.669089	1.112442	-1.026479	-28.094386	-0.073006	-2.056688	-28.171251	0.971013	-1.151007	-28.218059	1.008196	-1.185125	-27.846910	0.979020	-1.247476	-27.850326	1.044305	-1.295933	-28.145719	0.492262	-1.177414	-27.860996	0.474626	-1.267830	-28.178006	-0.078806	-1.137732	-28.192301	-0.036063	-1.182170	-27.810667	-0.096405	-1.253274	-27.837572	-0.052693	-1.274519
2444	33.941685	00:00:33:68	-28.008637	1.674160	-1.218094	-27.933394	1.623836	-1.132492	-28.008333	1.607400	-1.112435	-28.011052	1.576082	-1.238017	-27.998308	1.542689	-1.242685	-28.145491	1.592643	-1.234001	-27.899086	1.571825	-1.252161	-27.881799	1.370739	-1.115615	-28.000827	0.779373	-1.676929	-27.665542	1.115700	-1.010162	-28.083062	-0.053430	-2.085892	-27.669010	1.122973	-0.969096	-28.120203	-0.035596	-2.051159	-27.660281	1.116383	-1.016298	-28.081595	-0.060434	-2.064464	-28.161375	0.978239	-1.164820	-28.203234	1.022310	-1.191054	-27.811704	0.948756	-1.257435	-27.831613	1.000775	-1.286162	-28.184608	0.455502	-1.189338	-27.814414	0.464644	-1.272249	-28.176540	-0.080512	-1.146672	-28.177473	-0.056543	-1.181836	-27.881678	-0.072408	-1.222635	-27.827249	-0.061198	-1.290496
2445	33.955578	00:00:33:69	-27.952684	1.691432	-1.231913	-27.962084	1.637734	-1.163750	-28.084396	1.628971	-1.140287	-28.015767	1.587126	-1.233630	-27.980952	1.566109	-1.229938	-28.179055	1.559599	-1.191844	-27.871302	1.601432	-1.325623	-27.892851	1.323681	-1.101105	-27.982520	0.766557	-1.663807	-27.674655	1.119804	-1.018209	-28.112697	-0.057972	-2.055616	-27.663913	1.104331	-0.998439	-28.093879	-0.067032	-2.055525	-27.666586	1.072237	-1.022851	-28.077199	-0.034793	-2.063138	-28.190568	0.964830	-1.184780	-28.230913	1.010715	-1.244431	-27.807388	1.021520	-1.257331	-27.846684	1.045616	-1.275100	-28.186152	0.470183	-1.160607	-27.844852	0.456735	-1.258777	-28.169086	-0.048561	-1.148029	-28.177955	-0.015862	-1.206510	-27.851079	-0.059594	-1.252131	-27.828095	-0.044033	-1.290073
2446	33.969472	00:00:33:70	-27.993191	1.683643	-1.256611	-27.926512	1.618325	-1.169996	-28.043015	1.627346	-1.127785	-28.040567	1.592822	-1.245352	-28.042678	1.554844	-1.206800	-28.198794	1.576622	-1.222335	-27.862567	1.588848	-1.316012	-27.880889	1.353760	-1.076311	-27.984435	0.769860	-1.669632	-27.668437	1.110986	-1.000856	-28.073945	-0.061290	-2.063344	-27.666702	1.135978	-1.031980	-28.091407	-0.054676	-2.061750	-27.652551	1.105684	-1.021219	-28.078632	-0.068504	-2.065072	-28.184794	0.983305	-1.155233	-28.223825	1.019564	-1.216626	-27.845908	0.954066	-1.269231	-27.862071	0.998384	-1.312408	-28.234045	0.457891	-1.205668	-27.874457	0.454244	-1.265776	-28.171182	-0.067902	-1.144571	-28.191641	-0.035508	-1.196374	-27.848167	-0.057375	-1.219691	-27.822797	-0.049540	-1.297172
2447	33.983365	00:00:33:71	-28.021352	1.688696	-1.209612	-27.972566	1.599737	-1.152723	-28.053837	1.619012	-1.125614	-27.993346	1.586454	-1.285305	-28.000539	1.527996	-1.228303	-28.149314	1.567095	-1.230773	-27.878508	1.611703	-1.268794	-27.897420	1.333848	-1.138046	-27.988777	0.771866	-1.660367	-27.650711	1.102455	-1.006392	-28.106493	-0.054640	-2.064072	-27.633535	1.123890	-1.005389	-28.094887	-0.064146	-2.054657	-27.634235	1.141004	-1.010191	-28.088865	-0.045505	-2.049755	-28.177607	0.960592	-1.150251	-28.218279	1.000871	-1.219404	-27.839320	0.950148	-1.237405	-27.869071	0.969205	-1.300534	-28.163371	0.462879	-1.176767	-27.844547	0.417351	-1.244184	-28.185434	-0.079687	-1.134871	-28.204224	-0.041225	-1.195532	-27.842515	-0.054061	-1.231536	-27.870140	-0.042479	-1.276301
2448	33.997258	00:00:33:00	-27.999999	1.658370	-1.231032	-27.911401	1.625924	-1.154132	-28.064143	1.596831	-1.121218	-28.046323	1.578912	-1.248475	-28.033307	1.578178	-1.209786	-28.193000	1.562718	-1.230862	-27.901527	1.569160	-1.275548	-27.905275	1.367611	-1.124867	-27.995396	0.767201	-1.674170	-27.653259	1.101412	-1.029289	-28.074287	-0.047151	-2.039055	-27.641915	1.122561	-0.991158	-28.065050	-0.023353	-2.039576	-27.640711	1.143527	-0.993921	-28.099789	-0.065615	-2.059199	-28.200641	0.930016	-1.156022	-28.194592	1.008663	-1.232724	-27.849746	0.944180	-1.261769	-27.835499	1.031647	-1.306311	-28.169973	0.481141	-1.194318	-27.855288	0.461773	-1.256123	-28.195576	-0.054781	-1.137882	-28.201671	-0.022886	-1.184609	-27.837779	-0.086996	-1.245335	-27.839912	-0.063148	-1.331721
2449	34.011152	00:00:34:01	-28.014253	1.721241	-1.217274	-27.935211	1.616326	-1.131090	-28.055014	1.656037	-1.141249	-28.025955	1.581445	-1.254405	-28.001814	1.551275	-1.196343	-28.171939	1.564437	-1.223423	-27.884503	1.590101	-1.281988	-27.896958	1.366605	-1.086613	-27.969648	0.802218	-1.675427	-27.660318	1.098578	-1.006237	-28.099107	-0.091814	-2.082830	-27.679622	1.108094	-1.010160	-28.096771	-0.061369	-2.076687	-27.657059	1.112659	-1.038480	-28.120548	-0.043916	-2.060035	-28.156568	0.957028	-1.157392	-28.223519	1.004150	-1.235478	-27.822887	0.961556	-1.249891	-27.856811	1.017157	-1.289634	-28.209447	0.467298	-1.171718	-27.814440	0.452899	-1.239856	-28.171917	-0.051509	-1.174993	-28.184969	-0.031213	-1.233111	-27.804471	-0.096947	-1.227814	-27.853555	-0.030360	-1.287252
2450	34.025045	00:00:34:02	-28.042484	1.649871	-1.213972	-27.949365	1.583831	-1.157973	-28.025001	1.614244	-1.123050	-28.030915	1.597131	-1.239270	-28.026599	1.555502	-1.201664	-28.162866	1.550990	-1.204114	-27.878065	1.581153	-1.295897	-27.911240	1.340586	-1.116274	-27.986565	0.771432	-1.639331	-27.655114	1.127049	-1.017314	-28.085956	-0.038836	-2.054589	-27.631122	1.146006	-1.027061	-28.095982	-0.061015	-2.072603	-27.646766	1.100371	-1.011317	-28.068006	-0.038163	-2.058574	-28.178349	0.955291	-1.173557	-28.206858	0.964933	-1.206393	-27.830248	0.962100	-1.261407	-27.849178	0.995836	-1.266190	-28.207864	0.474401	-1.172560	-27.857267	0.491693	-1.324200	-28.161422	-0.050585	-1.154643	-28.163936	-0.030868	-1.188205	-27.830057	-0.069457	-1.222409	-27.854013	-0.028723	-1.286941
2451	34.038939	00:00:34:03	-28.004856	1.693881	-1.241685	-27.950520	1.621031	-1.156843	-28.049672	1.609969	-1.105595	-27.992805	1.578664	-1.292294	-28.019104	1.543450	-1.228894	-28.152738	1.569643	-1.197572	-27.882448	1.559725	-1.287422	-27.912958	1.352782	-1.102888	-27.998519	0.770608	-1.656425	-27.640822	1.132322	-0.999137	-28.090407	-0.021243	-2.028314	-27.644544	1.103130	-1.004826	-28.090313	-0.041148	-2.067129	-27.662560	1.139158	-1.003824	-28.117792	-0.015438	-2.063134	-28.186365	0.990878	-1.173036	-28.210020	1.004584	-1.223173	-27.879208	0.981533	-1.264462	-27.846467	0.973084	-1.296164	-28.217105	0.492168	-1.152263	-27.818275	0.471710	-1.269891	-28.131747	-0.053799	-1.158753	-28.207694	-0.011787	-1.216097	-27.879205	-0.069986	-1.201490	-27.872731	-0.031993	-1.263885
2452	34.052832	00:00:34:04	-28.036872	1.703788	-1.234394	-27.917780	1.644977	-1.128984	-28.050527	1.623546	-1.127614	-28.008795	1.568616	-1.237529	-28.027159	1.547000	-1.207058	-28.134696	1.565844	-1.212595	-27.850492	1.577702	-1.271188	-27.925276	1.358679	-1.116260	-28.001867	0.750474	-1.689235	-27.649193	1.117543	-1.014784	-28.102516	-0.023517	-2.057569	-27.676554	1.124926	-1.019693	-28.067698	-0.069646	-2.055905	-27.646608	1.134629	-0.986777	-28.097178	-0.076120	-2.045864	-28.200799	0.948677	-1.164818	-28.196379	0.979763	-1.183516	-27.834605	0.959560	-1.218965	-27.834946	1.007645	-1.312071	-28.164111	0.423152	-1.178194	-27.858097	0.460187	-1.269825	-28.193347	-0.068153	-1.151068	-28.181246	-0.026126	-1.167837	-27.828123	-0.067249	-1.288029	-27.824417	-0.059679	-1.308009
2453	34.066726	00:00:34:05	-27.988302	1.691500	-1.232673	-27.912187	1.622974	-1.167117	-28.032445	1.641522	-1.095797	-28.007118	1.563867	-1.246209	-28.031021	1.566576	-1.210551	-28.151861	1.583943	-1.214865	-27.850394	1.589266	-1.274125	-27.917552	1.324737	-1.130432	-28.001675	0.761897	-1.697417	-27.663680	1.134472	-0.990088	-28.116398	-0.006217	-2.050983	-27.645881	1.122924	-0.986368	-28.047628	-0.031550	-2.055093	-27.673522	1.134949	-1.046056	-28.083545	-0.042908	-2.086749	-28.182241	0.950907	-1.162391	-28.207946	0.997889	-1.219731	-27.830228	0.982845	-1.256790	-27.859110	1.001995	-1.269417	-28.188852	0.480325	-1.176020	-27.828727	0.470251	-1.255949	-28.164197	-0.069150	-1.102707	-28.217524	-0.023519	-1.184632	-27.841195	-0.071769	-1.236754	-27.846059	-0.063124	-1.294148
2454	34.080619	00:00:34:06	-28.030825	1.701671	-1.222276	-27.983820	1.621195	-1.140836	-28.048438	1.620084	-1.093464	-28.025111	1.547012	-1.256792	-28.013004	1.560528	-1.217274	-28.178290	1.611706	-1.199244	-27.838103	1.549145	-1.294982	-27.925084	1.320393	-1.088398	-28.015465	0.727869	-1.717571	-27.639233	1.093801	-1.010501	-28.081553	-0.056258	-2.055895	-27.635764	1.113449	-0.990384	-28.111479	-0.027482	-2.054648	-27.645550	1.116390	-1.041183	-28.134049	-0.022695	-2.046959	-28.191296	0.961467	-1.167440	-28.165510	1.013182	-1.198479	-27.825444	0.943745	-1.257753	-27.839497	1.034933	-1.311695	-28.191644	0.486748	-1.175905	-27.878290	0.423386	-1.270721	-28.176121	-0.062764	-1.146444	-28.202565	-0.057710	-1.196750	-27.810396	-0.059112	-1.249151	-27.852367	-0.042094	-1.314975
2455	34.094513	00:00:34:07	-28.025332	1.697702	-1.235830	-27.968912	1.666951	-1.129605	-28.058122	1.612569	-1.115974	-28.014374	1.573129	-1.242008	-28.000676	1.523954	-1.246184	-28.128082	1.547948	-1.225993	-27.866584	1.553606	-1.304139	-27.904143	1.372456	-1.067083	-27.981821	0.764886	-1.682943	-27.628718	1.115319	-0.990703	-28.096577	-0.035678	-2.091337	-27.645549	1.123123	-0.957044	-28.116624	-0.030268	-2.079824	-27.686723	1.120548	-0.997233	-28.101586	-0.058256	-2.049328	-28.202044	0.988166	-1.162049	-28.219049	1.019019	-1.221632	-27.842988	0.942126	-1.238128	-27.833230	1.002426	-1.277448	-28.185960	0.505446	-1.189722	-27.853126	0.477527	-1.246217	-28.168514	-0.100739	-1.139531	-28.214134	-0.073749	-1.181441	-27.841821	-0.065095	-1.252048	-27.820479	-0.054051	-1.281815
2456	34.108406	00:00:34:08	-27.995206	1.685447	-1.235765	-27.945327	1.662422	-1.132137	-28.073147	1.626298	-1.113513	-28.048663	1.558627	-1.248424	-28.001399	1.528814	-1.207940	-28.183872	1.576397	-1.242192	-27.887071	1.583136	-1.281120	-27.885424	1.322426	-1.097535	-27.981972	0.774903	-1.628856	-27.643141	1.102016	-1.023007	-28.103612	-0.030202	-2.054406	-27.639429	1.146462	-0.953657	-28.080184	-0.052366	-2.052220	-27.651974	1.135132	-1.000432	-28.056318	-0.058008	-2.060427	-28.197269	0.956388	-1.144184	-28.171371	1.011536	-1.227931	-27.841954	0.969323	-1.226922	-27.841866	1.003203	-1.306157	-28.180118	0.469792	-1.152057	-27.843215	0.459600	-1.281725	-28.188389	-0.082486	-1.150811	-28.176675	-0.052344	-1.185332	-27.833744	-0.064708	-1.214270	-27.847840	-0.018473	-1.284345
2457	34.122299	00:00:34:09	-28.024223	1.676134	-1.225882	-27.923407	1.628153	-1.150547	-28.034364	1.629485	-1.082932	-28.017526	1.549706	-1.224928	-28.028240	1.553539	-1.203180	-28.154681	1.560353	-1.208358	-27.870165	1.564634	-1.286278	-27.883969	1.379831	-1.079683	-28.023115	0.772015	-1.666013	-27.638091	1.097740	-1.011011	-28.115709	-0.014689	-2.093763	-27.668288	1.086512	-1.017843	-28.092769	-0.046625	-2.082920	-27.624280	1.120928	-1.006672	-28.118251	-0.007249	-2.033793	-28.142833	0.968617	-1.153173	-28.172396	1.021011	-1.219913	-27.871197	0.968465	-1.249000	-27.849811	1.021294	-1.274721	-28.164238	0.467395	-1.184561	-27.826589	0.467114	-1.267987	-28.199085	-0.061463	-1.159529	-28.184473	-0.038678	-1.203624	-27.830241	-0.054433	-1.254592	-27.838978	-0.035250	-1.288955
2458	34.136193	00:00:34:10	-28.035171	1.690650	-1.212065	-27.928920	1.631971	-1.136193	-28.030619	1.623123	-1.153258	-28.026192	1.582336	-1.240656	-27.997040	1.545955	-1.243988	-28.151059	1.586793	-1.225612	-27.858748	1.566147	-1.269490	-27.881545	1.342031	-1.125341	-27.957676	0.759962	-1.679210	-27.635032	1.136055	-1.017472	-28.103111	-0.014097	-2.043472	-27.643871	1.134301	-0.976609	-28.098537	-0.035742	-2.051887	-27.672318	1.096547	-1.016483	-28.061943	-0.018877	-2.047792	-28.199470	0.941121	-1.204114	-28.203673	1.034105	-1.210464	-27.854672	0.964732	-1.253552	-27.867136	1.002438	-1.351010	-28.161035	0.440077	-1.166872	-27.846014	0.456253	-1.268828	-28.198944	-0.058818	-1.136604	-28.154938	-0.033666	-1.181053	-27.828721	-0.069894	-1.231112	-27.803134	-0.064599	-1.284100
2459	34.150086	00:00:34:11	-28.009083	1.680036	-1.210533	-27.913594	1.647083	-1.121974	-28.046894	1.630190	-1.124969	-28.038916	1.546864	-1.300969	-28.012092	1.550603	-1.237499	-28.114133	1.565600	-1.208675	-27.851538	1.590277	-1.248546	-27.890689	1.359497	-1.117659	-27.965523	0.767370	-1.650897	-27.653595	1.107222	-1.012084	-28.113852	-0.029751	-2.048537	-27.657510	1.145649	-0.999814	-28.103811	-0.054387	-2.056833	-27.632365	1.130627	-0.990975	-28.094988	-0.061934	-2.064637	-28.189146	0.958608	-1.186969	-28.167009	1.011835	-1.211697	-27.820494	0.943343	-1.279496	-27.869265	0.973862	-1.278125	-28.175859	0.487341	-1.175339	-27.851089	0.460888	-1.280344	-28.197149	-0.055187	-1.124686	-28.200408	-0.018707	-1.211500	-27.837010	-0.067956	-1.230240	-27.857409	-0.008479	-1.266500
2460	34.163980	00:00:34:12	-27.995071	1.679220	-1.210844	-27.926631	1.620407	-1.145653	-28.046418	1.616825	-1.108878	-28.019966	1.549439	-1.267584	-28.044161	1.566051	-1.222573	-28.165354	1.561352	-1.220019	-27.911791	1.570929	-1.263652	-27.912875	1.338281	-1.127258	-27.998149	0.764985	-1.650505	-27.657514	1.137860	-0.999244	-28.076505	-0.056318	-2.070721	-27.641893	1.108196	-0.973207	-28.123811	-0.062116	-2.042916	-27.629977	1.122765	-0.983755	-28.077254	-0.054223	-2.058633	-28.197403	0.968845	-1.185965	-28.194197	1.009205	-1.197838	-27.853730	0.949565	-1.245104	-27.846907	0.988109	-1.327082	-28.189674	0.463122	-1.209718	-27.847028	0.468360	-1.276615	-28.202284	-0.075955	-1.169217	-28.171936	-0.043615	-1.184528	-27.811012	-0.056918	-1.230251	-27.864855	-0.059133	-1.280215
2461	34.177873	00:00:34:13	-28.016513	1.694653	-1.251450	-27.927579	1.629196	-1.140067	-28.057661	1.622174	-1.135825	-28.009289	1.563891	-1.252653	-28.003245	1.535823	-1.212109	-28.156381	1.607648	-1.201107	-27.861793	1.589623	-1.282341	-27.922247	1.350178	-1.108298	-27.976640	0.773338	-1.660212	-27.643634	1.103177	-1.014463	-28.085661	-0.048638	-2.093069	-27.609920	1.135385	-0.996495	-28.078666	-0.016485	-2.069455	-27.672728	1.135944	-1.034531	-28.064167	-0.056941	-2.068609	-28.208061	0.998613	-1.181404	-28.214271	1.008733	-1.208069	-27.849829	0.953747	-1.226886	-27.877183	0.988968	-1.290852	-28.167260	0.453941	-1.164798	-27.825804	0.469294	-1.232163	-28.156215	-0.074805	-1.146010	-28.202168	-0.051884	-1.176809	-27.842376	-0.087957	-1.245646	-27.854338	-0.008802	-1.307538
2462	34.191767	00:00:34:14	-28.005094	1.704863	-1.183473	-27.926451	1.623792	-1.138900	-28.066579	1.610013	-1.128133	-28.009906	1.559148	-1.264895	-28.029949	1.512892	-1.226361	-28.167364	1.581526	-1.216369	-27.896544	1.572697	-1.282010	-27.937648	1.340465	-1.107219	-28.022586	0.749727	-1.658406	-27.636697	1.113017	-1.009951	-28.060260	-0.045292	-2.044216	-27.674523	1.131940	-1.017014	-28.080970	-0.037382	-2.079922	-27.630395	1.137942	-1.010240	-28.093392	-0.031499	-2.037158	-28.205216	0.977808	-1.157590	-28.213199	1.012257	-1.215779	-27.815616	0.982077	-1.244461	-27.838879	1.019020	-1.306171	-28.215105	0.457331	-1.181558	-27.844717	0.444493	-1.240488	-28.203447	-0.082495	-1.155462	-28.175395	-0.015289	-1.194318	-27.812445	-0.043313	-1.235722	-27.841470	-0.034991	-1.291882
2463	34.205660	00:00:34:15	-27.996942	1.677968	-1.238680	-27.919289	1.647430	-1.148024	-28.057147	1.625902	-1.098141	-28.000671	1.566481	-1.247992	-27.982693	1.542049	-1.207997	-28.185718	1.570799	-1.211780	-27.892074	1.549045	-1.302829	-27.894927	1.351510	-1.093579	-27.979096	0.778428	-1.668888	-27.635558	1.153868	-0.993704	-28.096772	-0.059437	-2.063401	-27.655952	1.133812	-1.041156	-28.102337	-0.014086	-2.064099	-27.663565	1.123831	-0.999761	-28.105859	-0.047453	-2.058561	-28.175698	0.988777	-1.202788	-28.184788	0.998948	-1.203697	-27.870005	0.941826	-1.241151	-27.838774	0.978612	-1.297480	-28.184159	0.438980	-1.154978	-27.829663	0.466884	-1.260049	-28.205574	-0.029513	-1.161418	-28.178230	-0.027669	-1.212390	-27.834103	-0.055891	-1.207225	-27.863095	-0.014507	-1.289788
2464	34.219554	00:00:34:16	-27.996424	1.685691	-1.224541	-27.928089	1.624398	-1.142849	-28.036281	1.599060	-1.132041	-28.002541	1.601363	-1.237862	-28.039967	1.553401	-1.223938	-28.169611	1.573837	-1.203560	-27.871150	1.598040	-1.272574	-27.909929	1.354926	-1.082157	-27.991544	0.762887	-1.680729	-27.652593	1.127319	-1.009606	-28.083544	-0.040935	-2.040887	-27.647581	1.120545	-1.000022	-28.103130	-0.037747	-2.043300	-27.633685	1.093132	-1.001841	-28.068743	-0.058785	-2.090429	-28.182365	0.986181	-1.165643	-28.205663	0.984073	-1.233004	-27.811554	0.986840	-1.257927	-27.877757	1.006870	-1.300252	-28.208871	0.466638	-1.169215	-27.844003	0.426799	-1.248617	-28.153731	-0.037224	-1.177560	-28.195447	-0.074736	-1.188398	-27.846587	-0.066991	-1.212113	-27.853196	-0.036577	-1.287061
2465	34.233447	00:00:34:17	-27.990809	1.736067	-1.251460	-27.930395	1.610572	-1.140500	-28.041405	1.605244	-1.127679	-28.041033	1.571150	-1.283233	-28.016232	1.556311	-1.239868	-28.159152	1.548357	-1.208741	-27.897459	1.572297	-1.285080	-27.910018	1.378771	-1.113490	-27.988333	0.763628	-1.687236	-27.611214	1.114497	-0.997512	-28.074531	-0.050497	-2.068939	-27.659820	1.150165	-0.974526	-28.101251	-0.036613	-2.051617	-27.673780	1.097405	-0.986735	-28.095772	-0.031313	-2.073313	-28.193829	0.968958	-1.205031	-28.181552	1.005604	-1.191991	-27.838625	1.000492	-1.231066	-27.857530	1.006683	-1.266105	-28.206916	0.486524	-1.185332	-27.830420	0.441381	-1.271765	-28.154325	-0.067038	-1.120650	-28.190614	-0.047423	-1.217684	-27.844627	-0.076295	-1.215955	-27.839814	-0.053566	-1.258909
2466	34.247340	00:00:34:18	-28.019660	1.700680	-1.214423	-27.929339	1.586978	-1.156962	-27.999806	1.604761	-1.096086	-28.025134	1.569927	-1.292156	-27.988514	1.542518	-1.218047	-28.156008	1.579360	-1.225988	-27.885668	1.578102	-1.296081	-27.916097	1.367142	-1.100525	-28.000925	0.781529	-1.665587	-27.643909	1.128927	-1.005920	-28.098688	-0.035116	-2.039826	-27.656646	1.128675	-1.000048	-28.077130	-0.045164	-2.077038	-27.668641	1.114253	-0.979872	-28.075121	-0.076334	-2.059192	-28.192467	0.958551	-1.169893	-28.180155	0.995529	-1.208124	-27.855056	0.981731	-1.262406	-27.859538	1.022977	-1.279543	-28.188039	0.462520	-1.172600	-27.849807	0.435298	-1.294881	-28.164956	-0.094238	-1.147824	-28.198049	-0.043603	-1.207549	-27.856587	-0.039271	-1.217741	-27.854712	-0.045396	-1.264183
2467	34.261234	00:00:34:19	-27.991807	1.697398	-1.249083	-27.928530	1.645109	-1.124911	-28.058409	1.603495	-1.094023	-28.011143	1.576560	-1.243990	-28.014720	1.560208	-1.186688	-28.184934	1.565238	-1.202200	-27.865284	1.568738	-1.295024	-27.928300	1.377152	-1.114818	-27.975994	0.751668	-1.680984	-27.621780	1.107186	-1.022555	-28.080124	-0.019670	-2.053438	-27.616422	1.137526	-1.007082	-28.103214	-0.057574	-2.051214	-27.673928	1.118213	-0.961523	-28.113702	-0.048759	-2.080001	-28.188022	0.968829	-1.163337	-28.173791	1.012151	-1.212699	-27.816332	0.988509	-1.213574	-27.868444	1.011042	-1.321414	-28.183895	0.450848	-1.203682	-27.852153	0.457185	-1.289826	-28.191891	-0.091972	-1.118027	-28.184397	-0.018742	-1.208174	-27.830502	-0.033745	-1.225197	-27.852382	-0.046050	-1.274660
2468	34.275127	00:00:34:20	-28.005994	1.676474	-1.244268	-27.903075	1.624611	-1.137158	-28.033341	1.633498	-1.133021	-28.035965	1.564666	-1.263766	-27.984917	1.582058	-1.254889	-28.189101	1.568120	-1.231755	-27.851352	1.535707	-1.280863	-27.946366	1.365633	-1.103538	-27.993922	0.819197	-1.703860	-27.649978	1.150689	-0.988920	-28.106604	-0.043130	-2.051133	-27.640848	1.154113	-0.983208	-28.082119	-0.015287	-2.069194	-27.667277	1.128668	-0.989723	-28.112206	-0.062757	-2.062112	-28.182868	0.988785	-1.142301	-28.211301	0.993882	-1.200286	-27.828047	0.972897	-1.283638	-27.871990	0.985815	-1.294872	-28.210757	0.474706	-1.209399	-27.811368	0.484982	-1.298927	-28.156130	-0.073881	-1.173267	-28.193373	-0.067382	-1.222726	-27.850833	-0.065604	-1.226262	-27.842638	-0.031183	-1.296058
2469	34.289021	00:00:34:21	-28.033992	1.683642	-1.249147	-27.950651	1.606409	-1.141478	-28.014135	1.614003	-1.129890	-28.013350	1.598507	-1.273147	-27.997824	1.549605	-1.217369	-28.117251	1.547366	-1.196007	-27.872097	1.567641	-1.312609	-27.920560	1.364543	-1.124549	-28.011371	0.753073	-1.651758	-27.675043	1.136937	-0.996526	-28.073449	-0.020335	-2.067051	-27.654644	1.115813	-0.992506	-28.095813	-0.037125	-2.075810	-27.654762	1.091796	-1.009891	-28.086997	-0.020396	-2.080022	-28.155302	0.963726	-1.164281	-28.175656	0.989281	-1.240785	-27.847873	0.955901	-1.241929	-27.841315	0.998022	-1.306359	-28.212045	0.471176	-1.169994	-27.834415	0.470482	-1.249847	-28.179313	-0.079228	-1.165763	-28.171258	-0.033258	-1.172078	-27.815365	-0.085158	-1.235585	-27.840641	-0.037329	-1.266648
2470	34.302914	00:00:34:22	-28.018504	1.711755	-1.213887	-27.911691	1.620110	-1.118744	-28.053592	1.628305	-1.105551	-28.023858	1.588202	-1.237365	-28.031905	1.532262	-1.208317	-28.147899	1.593227	-1.198065	-27.855803	1.568553	-1.265724	-27.897772	1.377211	-1.111416	-28.006844	0.771337	-1.669340	-27.643554	1.117842	-0.989607	-28.087295	-0.027149	-2.072982	-27.646467	1.143575	-0.993551	-28.068632	-0.045166	-2.066950	-27.657277	1.099553	-1.007511	-28.103039	-0.018867	-2.064170	-28.176564	0.932597	-1.172894	-28.218922	1.002425	-1.210893	-27.858985	0.969594	-1.248358	-27.842848	1.012706	-1.305703	-28.192124	0.455605	-1.189022	-27.842718	0.441656	-1.250746	-28.177698	-0.066077	-1.160585	-28.185272	-0.051895	-1.207098	-27.825341	-0.089895	-1.236493	-27.854887	-0.057933	-1.293181
2471	34.316808	00:00:34:23	-27.992645	1.679169	-1.223725	-27.916997	1.610414	-1.132192	-28.048164	1.642423	-1.098868	-28.039866	1.587801	-1.256520	-28.020190	1.520844	-1.245627	-28.154645	1.562422	-1.199107	-27.865688	1.651229	-1.341137	-27.899376	1.341962	-1.068789	-28.025057	0.774223	-1.683872	-27.645206	1.131009	-1.007195	-28.088984	-0.084932	-2.053215	-27.640264	1.135389	-1.024230	-28.088921	-0.082623	-2.067720	-27.657216	1.133034	-0.980172	-28.101654	-0.074583	-2.032173	-28.179207	0.981310	-1.161663	-28.189477	0.996093	-1.241170	-27.848492	0.995897	-1.257764	-27.856754	1.000051	-1.318225	-28.179664	0.458516	-1.157433	-27.845902	0.467397	-1.271571	-28.164733	-0.093538	-1.173186	-28.210855	-0.047373	-1.214988	-27.823806	-0.088289	-1.248998	-27.823388	-0.037607	-1.250042
2472	34.330701	00:00:34:24	-28.032207	1.695189	-1.215420	-27.916675	1.615665	-1.133071	-28.042729	1.624590	-1.076614	-27.997724	1.559380	-1.244955	-27.988944	1.542571	-1.219164	-28.163512	1.592109	-1.216991	-27.893405	1.613602	-1.260224	-27.885469	1.351887	-1.111638	-27.949335	0.749220	-1.662932	-27.668160	1.127162	-1.010172	-28.066360	-0.049161	-2.069624	-27.646052	1.135910	-0.964058	-28.090974	-0.036839	-2.024386	-27.647297	1.120976	-0.990506	-28.089205	-0.014959	-2.091767	-28.162575	0.958258	-1.191347	-28.170136	0.996167	-1.230752	-27.830093	1.002450	-1.232882	-27.835154	0.977283	-1.299396	-28.161014	0.475987	-1.172531	-27.828607	0.483259	-1.261163	-28.168606	-0.036338	-1.144798	-28.179641	-0.018825	-1.210943	-27.832968	-0.090597	-1.198816	-27.860558	-0.041963	-1.272929
2473	34.344595	00:00:34:25	-28.002363	1.708524	-1.244221	-27.927752	1.620759	-1.115713	-28.077543	1.624532	-1.136072	-28.004095	1.571889	-1.280958	-28.014458	1.549569	-1.222406	-28.155804	1.550860	-1.248610	-27.889553	1.541153	-1.325196	-27.912189	1.362450	-1.101164	-28.014094	0.794923	-1.694450	-27.626086	1.069824	-0.992755	-28.100808	-0.043223	-2.063485	-27.630939	1.108464	-0.973475	-28.055919	-0.017792	-2.064794	-27.645712	1.111729	-0.995305	-28.097927	-0.065566	-2.077427	-28.171112	0.958796	-1.141211	-28.172351	1.006924	-1.209597	-27.854916	0.985821	-1.243885	-27.832595	0.986715	-1.334506	-28.196687	0.447213	-1.179686	-27.807604	0.467693	-1.272144	-28.171719	-0.060639	-1.123748	-28.203442	-0.044829	-1.169714	-27.814594	-0.089104	-1.234672	-27.838041	-0.043106	-1.252396
2474	34.358488	00:00:34:26	-28.033993	1.699291	-1.250767	-27.922657	1.641440	-1.137667	-28.054711	1.633960	-1.111336	-28.018288	1.563358	-1.265460	-28.007805	1.551264	-1.163237	-28.193968	1.548590	-1.218768	-27.902516	1.590057	-1.246617	-27.912265	1.364476	-1.128145	-28.005141	0.745676	-1.648539	-27.639538	1.140193	-0.979599	-28.105262	-0.051652	-2.070921	-27.662989	1.096019	-0.970394	-28.084258	-0.036335	-2.087754	-27.653229	1.125158	-1.016094	-28.077013	-0.012726	-2.081241	-28.186992	0.967152	-1.133152	-28.220327	0.970571	-1.199505	-27.840601	0.984808	-1.242061	-27.849514	1.009489	-1.303625	-28.156875	0.448382	-1.167483	-27.834873	0.486388	-1.259917	-28.205315	-0.091160	-1.166412	-28.175284	-0.060084	-1.214010	-27.805305	-0.099379	-1.213903	-27.858444	-0.030568	-1.300837
2475	34.372381	00:00:34:27	-28.003082	1.706297	-1.223454	-27.928599	1.618503	-1.141719	-28.049345	1.623511	-1.110023	-28.033519	1.544161	-1.255878	-28.028211	1.564501	-1.223577	-28.161740	1.572473	-1.205633	-27.872941	1.561788	-1.263060	-27.901624	1.333017	-1.091776	-28.006130	0.752259	-1.662797	-27.628905	1.133748	-0.980033	-28.106790	-0.068795	-2.079232	-27.662174	1.126484	-0.992518	-28.090690	-0.079395	-2.075410	-27.603190	1.133347	-0.997031	-28.100547	-0.061544	-2.069164	-28.222860	0.950089	-1.147925	-28.172725	0.988076	-1.214950	-27.810776	0.994642	-1.289440	-27.823219	1.008008	-1.325916	-28.200537	0.462870	-1.188281	-27.820869	0.469234	-1.257991	-28.189241	-0.072641	-1.134721	-28.184405	-0.068061	-1.203431	-27.811476	-0.070172	-1.205588	-27.862989	-0.029236	-1.283268
2476	34.386275	00:00:34:28	-28.018797	1.686127	-1.242951	-27.932274	1.646023	-1.139972	-28.028157	1.636893	-1.112907	-28.006303	1.596914	-1.261792	-28.003751	1.543592	-1.257122	-28.180983	1.581026	-1.212387	-27.851887	1.581743	-1.274731	-27.905311	1.331829	-1.138567	-27.973274	0.756742	-1.693532	-27.647825	1.147150	-1.018092	-28.103726	-0.057389	-2.029603	-27.656728	1.152743	-0.992502	-28.081953	-0.016519	-2.056024	-27.632251	1.114925	-0.986091	-28.122499	-0.082456	-2.047642	-28.206981	0.972887	-1.169513	-28.198863	1.016390	-1.235347	-27.860286	0.965069	-1.229595	-27.831616	0.966599	-1.268789	-28.193545	0.476105	-1.178643	-27.835366	0.407762	-1.250169	-28.203210	-0.068981	-1.165744	-28.204749	-0.034526	-1.207273	-27.825836	-0.072746	-1.228379	-27.841962	-0.059342	-1.322301
2477	34.400168	00:00:34:29	-28.029682	1.668759	-1.212788	-27.935755	1.657307	-1.145279	-28.029834	1.634758	-1.115558	-28.021344	1.551657	-1.247514	-27.978700	1.531334	-1.194435	-28.147157	1.570637	-1.217102	-27.866946	1.599807	-1.283566	-27.899062	1.331097	-1.076222	-27.970772	0.742437	-1.691290	-27.654872	1.154568	-0.984720	-28.094672	-0.025754	-2.046670	-27.658983	1.137450	-0.997924	-28.090410	-0.027572	-2.069065	-27.626414	1.121060	-0.978377	-28.093713	-0.031226	-2.056396	-28.141653	0.986508	-1.189899	-28.199056	1.031080	-1.210309	-27.814526	0.954547	-1.216387	-27.829540	1.021484	-1.306471	-28.166036	0.475886	-1.165698	-27.835534	0.428771	-1.231651	-28.188175	-0.052868	-1.112491	-28.209667	-0.027178	-1.192036	-27.836765	-0.056605	-1.237899	-27.829172	-0.053929	-1.285253
2478	34.414062	00:00:34:30	-28.009646	1.689884	-1.240212	-27.938878	1.622526	-1.131712	-28.056579	1.637374	-1.117630	-28.001495	1.555467	-1.249275	-28.007452	1.554866	-1.271163	-28.160882	1.588713	-1.217494	-27.868732	1.557901	-1.295802	-27.911339	1.354424	-1.128191	-27.986259	0.740082	-1.683257	-27.611109	1.116029	-0.958822	-28.078422	-0.030598	-2.067228	-27.677955	1.131192	-0.974920	-28.083063	-0.062847	-2.050779	-27.638562	1.157511	-0.955984	-28.081846	-0.019653	-2.033550	-28.202256	0.984617	-1.188345	-28.181745	1.020722	-1.213800	-27.850015	0.945357	-1.262888	-27.861692	1.019033	-1.267028	-28.231142	0.456093	-1.173963	-27.832859	0.461995	-1.257759	-28.149701	-0.102944	-1.162731	-28.199358	-0.058467	-1.215663	-27.810621	-0.077573	-1.210986	-27.843843	-0.044548	-1.279926
2479	34.427955	00:00:34:31	-27.987151	1.689977	-1.216296	-27.921831	1.623126	-1.155411	-28.015910	1.633670	-1.091971	-28.014334	1.572714	-1.250797	-27.953743	1.552499	-1.187732	-28.142800	1.576045	-1.175588	-27.874464	1.558787	-1.298662	-27.922322	1.335974	-1.119634	-27.995419	0.754917	-1.684804	-27.638523	1.141182	-0.960151	-28.082870	-0.056271	-2.057154	-27.624882	1.131397	-0.962711	-28.080245	-0.034400	-2.062634	-27.648633	1.113704	-0.970730	-28.101444	-0.034613	-2.073187	-28.125755	0.964105	-1.133373	-28.217526	0.992813	-1.191110	-27.859889	0.956100	-1.221273	-27.833662	0.996435	-1.290977	-28.195315	0.444609	-1.194262	-27.840287	0.434517	-1.261051	-28.181741	-0.099539	-1.151535	-28.196718	-0.060426	-1.167786	-27.816256	-0.082481	-1.250547	-27.871425	-0.072668	-1.289217
2480	34.441849	00:00:34:32	-27.997652	1.672421	-1.204806	-27.945543	1.631179	-1.159348	-28.075323	1.649553	-1.110746	-28.011564	1.554352	-1.250415	-28.004258	1.559991	-1.226871	-28.174129	1.571811	-1.224975	-27.847519	1.552816	-1.261298	-27.872684	1.355197	-1.100161	-27.972761	0.776175	-1.670896	-27.665119	1.117683	-1.009768	-28.099674	-0.012051	-2.050712	-27.623200	1.154952	-1.017518	-28.127797	-0.039280	-2.045206	-27.629989	1.132679	-0.993209	-28.098553	-0.063163	-2.070773	-28.196045	0.950741	-1.166542	-28.167890	1.039131	-1.242998	-27.843162	0.994586	-1.241980	-27.876332	0.990938	-1.285711	-28.184368	0.443859	-1.191379	-27.821293	0.471398	-1.264054	-28.177943	-0.075866	-1.134802	-28.220007	-0.041506	-1.187602	-27.840310	-0.079726	-1.217309	-27.856158	-0.056449	-1.265222
2481	34.455742	00:00:34:33	-27.983810	1.680711	-1.222956	-27.928408	1.623138	-1.152884	-28.049163	1.625938	-1.116732	-27.990004	1.588406	-1.260382	-27.977231	1.559489	-1.251203	-28.170472	1.561100	-1.228848	-27.882034	1.580443	-1.289404	-27.880625	1.356945	-1.110105	-28.013261	0.755177	-1.673213	-27.656308	1.105519	-0.955287	-28.067530	-0.047715	-2.053510	-27.651238	1.120169	-1.001491	-28.089328	-0.053726	-2.038762	-27.629308	1.111189	-0.967286	-28.097164	-0.033085	-2.070962	-28.183502	0.968626	-1.144396	-28.200706	1.018866	-1.218004	-27.836912	0.957216	-1.242526	-27.864764	0.995811	-1.308101	-28.182618	0.452325	-1.142738	-27.813641	0.487504	-1.257864	-28.172693	-0.065677	-1.126086	-28.214664	-0.056796	-1.166721	-27.827216	-0.111920	-1.216540	-27.843156	-0.028528	-1.252490
2482	34.469636	00:00:34:34	-27.988921	1.685417	-1.249521	-27.942692	1.611149	-1.135881	-28.040837	1.637015	-1.133492	-28.013435	1.574135	-1.246671	-28.004882	1.560508	-1.233683	-28.174098	1.578088	-1.208085	-27.860737	1.571854	-1.282527	-27.897409	1.363125	-1.083561	-28.004954	0.741304	-1.653650	-27.658725	1.127742	-0.969582	-28.096671	-0.074725	-2.041962	-27.635366	1.086287	-0.989213	-28.081021	-0.048712	-2.069060	-27.660796	1.105466	-1.005855	-28.126084	-0.060574	-2.096732	-28.184579	0.975843	-1.131127	-28.220256	0.997801	-1.198098	-27.828368	0.970689	-1.259116	-27.859244	1.004398	-1.294910	-28.188788	0.434131	-1.166929	-27.830012	0.486047	-1.224891	-28.225920	-0.073101	-1.144190	-28.201959	-0.015698	-1.217123	-27.845644	-0.092495	-1.226240	-27.839321	-0.045767	-1.290870
2483	34.483529	00:00:34:35	-28.036271	1.644713	-1.233448	-27.920242	1.649729	-1.126508	-28.040135	1.607110	-1.108130	-28.011111	1.566065	-1.278093	-28.041089	1.556829	-1.204469	-28.176588	1.577427	-1.220203	-27.866879	1.579479	-1.246581	-27.911739	1.336883	-1.097173	-27.968567	0.776092	-1.652300	-27.638768	1.135147	-1.013907	-28.106700	-0.046482	-2.075153	-27.631097	1.103294	-0.995146	-28.090138	-0.048410	-2.075239	-27.657043	1.141751	-1.003208	-28.088977	-0.037243	-2.044935	-28.195502	0.985633	-1.168919	-28.183713	1.013087	-1.228100	-27.834615	0.977279	-1.232432	-27.828336	0.977138	-1.268944	-28.185340	0.462841	-1.179524	-27.861353	0.469197	-1.240755	-28.154085	-0.073611	-1.147308	-28.181441	-0.053782	-1.228850	-27.795966	-0.081391	-1.220166	-27.840500	-0.031709	-1.285939
2484	34.497422	00:00:34:36	-27.999144	1.736428	-1.224744	-27.932108	1.645282	-1.144264	-28.051951	1.634783	-1.137734	-27.992976	1.573587	-1.264251	-27.996192	1.568715	-1.246036	-28.162463	1.592977	-1.192521	-27.878703	1.540704	-1.323212	-27.906901	1.369459	-1.071126	-27.968513	0.768499	-1.670095	-27.633460	1.140742	-0.968663	-28.089833	-0.047299	-2.084605	-27.648210	1.133791	-0.985646	-28.095612	-0.029522	-2.050663	-27.651139	1.119952	-1.014928	-28.097250	-0.051853	-2.074631	-28.164911	0.987220	-1.162092	-28.196388	0.964408	-1.217007	-27.839345	1.001994	-1.216479	-27.849720	1.016779	-1.305330	-28.195259	0.452834	-1.185377	-27.842177	0.454942	-1.256519	-28.214227	-0.057916	-1.172979	-28.183104	-0.046692	-1.202375	-27.844518	-0.052058	-1.195641	-27.860687	-0.035034	-1.302932
2485	34.511316	00:00:34:37	-28.033661	1.707412	-1.250825	-27.929364	1.626911	-1.149341	-28.032951	1.603278	-1.112809	-28.033227	1.589759	-1.221872	-28.003994	1.553103	-1.235081	-28.150886	1.573789	-1.230021	-27.869441	1.611719	-1.328841	-27.901751	1.336530	-1.106795	-28.015034	0.765680	-1.653401	-27.627979	1.161451	-0.985371	-28.092965	-0.068561	-2.072647	-27.649702	1.101028	-0.975416	-28.107721	-0.039495	-2.035261	-27.627106	1.105441	-1.026571	-28.102484	-0.068847	-2.065425	-28.168968	0.956524	-1.154752	-28.202800	1.031958	-1.232952	-27.851065	0.968734	-1.230058	-27.838916	0.997688	-1.292833	-28.186469	0.463754	-1.190914	-27.838668	0.439239	-1.288416	-28.178908	-0.102170	-1.129604	-28.181971	-0.019125	-1.216667	-27.824131	-0.072506	-1.239195	-27.867569	-0.019862	-1.300774
2486	34.525209	00:00:34:38	-27.997970	1.678260	-1.254253	-27.952352	1.628454	-1.150232	-28.059341	1.614262	-1.145853	-28.017247	1.579986	-1.240599	-28.020344	1.522655	-1.201027	-28.194216	1.556199	-1.247158	-27.893940	1.570053	-1.314888	-27.928753	1.343561	-1.103405	-27.961796	0.753185	-1.689425	-27.639835	1.090721	-0.984800	-28.102064	-0.021274	-2.057596	-27.669623	1.165082	-0.985481	-28.087929	-0.047880	-2.035299	-27.649076	1.116964	-0.974105	-28.092370	-0.047203	-2.066831	-28.165000	1.001581	-1.171017	-28.211851	0.985696	-1.219650	-27.833826	0.989645	-1.260983	-27.871041	0.984509	-1.264937	-28.206413	0.463305	-1.186269	-27.858278	0.477190	-1.270266	-28.196597	-0.091676	-1.145473	-28.177036	-0.045516	-1.173513	-27.838212	-0.103725	-1.213393	-27.835936	-0.028050	-1.283823
2487	34.539103	00:00:34:39	-28.016061	1.689104	-1.215312	-27.935589	1.633455	-1.137685	-28.028057	1.626221	-1.130798	-28.049545	1.550700	-1.238713	-28.019289	1.549354	-1.243633	-28.148615	1.571678	-1.215071	-27.862025	1.591388	-1.270671	-27.870121	1.329255	-1.084925	-28.005355	0.776201	-1.658491	-27.660874	1.141584	-0.972689	-28.054685	-0.010166	-2.057196	-27.643555	1.138212	-0.973269	-28.112493	-0.062598	-2.085143	-27.631948	1.148485	-0.990189	-28.083207	-0.059253	-2.027641	-28.180910	0.988555	-1.195237	-28.201505	0.990179	-1.191014	-27.843729	0.992841	-1.233293	-27.854206	0.996173	-1.305258	-28.179350	0.450652	-1.185967	-27.847246	0.432763	-1.258760	-28.185276	-0.103521	-1.182876	-28.193310	-0.039710	-1.204878	-27.826337	-0.080134	-1.249852	-27.839950	-0.066352	-1.293051
2488	34.552996	00:00:34:40	-27.971953	1.683897	-1.231691	-27.908455	1.613565	-1.107315	-28.058985	1.638224	-1.130909	-28.004876	1.586297	-1.207851	-27.988253	1.557576	-1.182628	-28.158047	1.549314	-1.201545	-27.871803	1.548158	-1.290579	-27.929876	1.339054	-1.069700	-27.996064	0.751251	-1.687240	-27.639569	1.142781	-0.989279	-28.114848	-0.058535	-2.074390	-27.641394	1.149532	-0.991063	-28.110908	-0.064592	-2.069030	-27.663968	1.114643	-0.973631	-28.092336	-0.025506	-2.056722	-28.176181	0.963790	-1.137737	-28.181658	1.015978	-1.230683	-27.833921	0.925221	-1.249933	-27.860126	0.990586	-1.283365	-28.171650	0.431883	-1.182646	-27.825769	0.461850	-1.257605	-28.177552	-0.082833	-1.133764	-28.197416	-0.029158	-1.209714	-27.797771	-0.065104	-1.236467	-27.834765	-0.060652	-1.262923
2489	34.566890	00:00:34:41	-28.022387	1.680376	-1.248723	-27.937338	1.618133	-1.163371	-28.054749	1.614141	-1.086177	-28.005834	1.564772	-1.210615	-27.996400	1.553164	-1.219302	-28.154631	1.591970	-1.195991	-27.854083	1.551232	-1.289202	-27.897579	1.365385	-1.107863	-27.952500	0.766116	-1.692610	-27.653913	1.118240	-0.996413	-28.144343	-0.033354	-2.062708	-27.659193	1.141861	-0.980959	-28.106654	-0.050707	-2.031297	-27.631189	1.142289	-0.954232	-28.105394	-0.059123	-2.057859	-28.186411	0.993951	-1.153062	-28.189471	0.977582	-1.218514	-27.814086	0.990275	-1.253433	-27.826810	1.008990	-1.309895	-28.194987	0.458794	-1.179176	-27.821622	0.491093	-1.297450	-28.171719	-0.064087	-1.123547	-28.207483	-0.024386	-1.177762	-27.840326	-0.104508	-1.256956	-27.796621	-0.050367	-1.290197
2490	34.580783	00:00:34:42	-28.010570	1.703048	-1.246578	-27.925450	1.596944	-1.143389	-28.043986	1.630718	-1.124591	-28.001121	1.588723	-1.232299	-28.011931	1.562749	-1.242432	-28.163943	1.580036	-1.206000	-27.909251	1.577242	-1.265203	-27.908985	1.351665	-1.091175	-27.992159	0.745693	-1.673751	-27.652019	1.120741	-0.993060	-28.087729	-0.047114	-2.095448	-27.630758	1.150003	-0.971641	-28.120589	-0.024185	-2.069365	-27.661744	1.162315	-0.989106	-28.110114	-0.027534	-2.050195	-28.189309	0.954579	-1.160308	-28.201465	0.997846	-1.218577	-27.849824	0.969096	-1.233078	-27.847750	1.005292	-1.297915	-28.199988	0.466822	-1.193367	-27.856296	0.465258	-1.278862	-28.160061	-0.037623	-1.099005	-28.206148	-0.041659	-1.191961	-27.824337	-0.044757	-1.196372	-27.855326	-0.029652	-1.294311
2491	34.594677	00:00:34:43	-28.034783	1.684407	-1.205117	-27.945562	1.597053	-1.153409	-28.052502	1.615174	-1.101566	-27.987556	1.586774	-1.243469	-28.018704	1.562862	-1.223291	-28.170398	1.599730	-1.230041	-27.847984	1.546282	-1.286355	-27.917151	1.357766	-1.122875	-27.965018	0.745164	-1.676197	-27.637836	1.148347	-0.976650	-28.080083	-0.050290	-2.084544	-27.683583	1.125980	-0.974186	-28.063422	-0.020438	-2.040521	-27.646296	1.118688	-0.981198	-28.096563	-0.065209	-2.075513	-28.156138	0.962692	-1.176044	-28.190900	1.028956	-1.251315	-27.822156	1.000074	-1.236844	-27.847207	0.994798	-1.303659	-28.187305	0.474227	-1.186153	-27.841729	0.467867	-1.258296	-28.171060	-0.053671	-1.137645	-28.198150	-0.046493	-1.200326	-27.805086	-0.066298	-1.239243	-27.847319	-0.042062	-1.263958
2492	34.608570	00:00:34:44	-28.036812	1.683366	-1.220166	-27.931003	1.617305	-1.135397	-28.072427	1.587818	-1.111100	-28.048491	1.577796	-1.257517	-28.006852	1.533763	-1.218379	-28.158344	1.563006	-1.211363	-27.879631	1.537201	-1.288371	-27.868977	1.355042	-1.117083	-27.957637	0.723266	-1.681279	-27.684984	1.115997	-0.971215	-28.070811	-0.048852	-2.062790	-27.652845	1.150873	-0.951028	-28.108476	-0.019763	-2.082177	-27.635483	1.152782	-1.002075	-28.079204	-0.042733	-2.052346	-28.167776	0.963713	-1.153709	-28.204409	1.008863	-1.197781	-27.824712	0.947082	-1.250563	-27.853561	0.995644	-1.327955	-28.189346	0.485545	-1.164330	-27.834490	0.459012	-1.269699	-28.165857	-0.095098	-1.138073	-28.167240	-0.045926	-1.222184	-27.810808	-0.066902	-1.239820	-27.863297	-0.030559	-1.234749
2493	34.622463	00:00:34:45	-27.986053	1.665102	-1.220180	-27.927586	1.605938	-1.125392	-28.062396	1.641148	-1.129230	-28.027431	1.589468	-1.249794	-28.013986	1.537883	-1.200712	-28.145432	1.566025	-1.208828	-27.902413	1.601336	-1.332047	-27.893247	1.351914	-1.094706	-27.993108	0.752124	-1.655479	-27.634152	1.123818	-0.977773	-28.099864	-0.042170	-2.066715	-27.604589	1.139297	-0.991737	-28.105058	-0.043894	-2.048099	-27.645423	1.152298	-0.974845	-28.110105	-0.055967	-2.083908	-28.198664	0.952725	-1.167645	-28.185875	0.991044	-1.216299	-27.819125	0.965604	-1.232166	-27.835572	0.994949	-1.277035	-28.188068	0.454877	-1.186600	-27.860354	0.424201	-1.288119	-28.214555	-0.080611	-1.163553	-28.174061	-0.058278	-1.196668	-27.848836	-0.049388	-1.213752	-27.862071	-0.017382	-1.290515
2494	34.636357	00:00:34:46	-28.010873	1.649685	-1.242463	-27.932676	1.619846	-1.140208	-28.061014	1.686827	-1.084173	-28.035608	1.561220	-1.246834	-28.023396	1.542944	-1.221159	-28.145318	1.570612	-1.251247	-27.872046	1.555524	-1.270187	-27.917537	1.344596	-1.107881	-27.977455	0.779024	-1.651463	-27.644517	1.135782	-0.980859	-28.077036	-0.059036	-2.089346	-27.636693	1.078667	-0.989518	-28.117050	-0.049539	-2.052329	-27.651902	1.118305	-0.985759	-28.078430	-0.052549	-2.065114	-28.153551	0.986539	-1.148459	-28.186355	1.020841	-1.223012	-27.816809	0.975444	-1.246225	-27.834903	0.973905	-1.295392	-28.199494	0.467552	-1.153579	-27.828013	0.452128	-1.283390	-28.212450	-0.051290	-1.155271	-28.188015	-0.016323	-1.205828	-27.825339	-0.047102	-1.223182	-27.815226	-0.070259	-1.272253
2495	34.650250	00:00:34:47	-27.996418	1.686434	-1.241402	-27.937514	1.635984	-1.132520	-28.037153	1.632305	-1.132777	-28.003247	1.554320	-1.293368	-28.023180	1.551699	-1.207454	-28.199056	1.554218	-1.223489	-27.880885	1.574420	-1.277721	-27.935759	1.341783	-1.115026	-27.999219	0.756829	-1.678367	-27.648780	1.149867	-1.002944	-28.115953	-0.050014	-2.073614	-27.638646	1.136391	-1.003671	-28.071530	-0.086690	-2.060133	-27.671430	1.168950	-0.961138	-28.089986	-0.046106	-2.063527	-28.183722	0.965899	-1.156535	-28.185189	1.029211	-1.227992	-27.858006	0.973337	-1.244869	-27.801725	1.017977	-1.272891	-28.179287	0.459523	-1.188006	-27.850125	0.470794	-1.286016	-28.175645	-0.093959	-1.158355	-28.202798	-0.086653	-1.186220	-27.843870	-0.069045	-1.225133	-27.855897	-0.017707	-1.270087
2496	34.664144	00:00:34:48	-27.991233	1.663901	-1.218094	-27.949782	1.631232	-1.130910	-28.068261	1.629282	-1.104896	-28.023231	1.555022	-1.255961	-28.012777	1.563415	-1.193480	-28.162484	1.558562	-1.209728	-27.845368	1.600818	-1.268390	-27.925460	1.343149	-1.129527	-27.975013	0.750261	-1.662280	-27.673760	1.174182	-1.017899	-28.109027	-0.047184	-2.088844	-27.645324	1.132635	-0.975019	-28.081912	-0.072764	-2.025421	-27.651856	1.138099	-0.977603	-28.098275	-0.062433	-2.070752	-28.193458	0.940137	-1.183209	-28.180788	1.005625	-1.213852	-27.840390	0.974675	-1.245897	-27.825093	0.990263	-1.307788	-28.158393	0.431883	-1.193410	-27.858712	0.491310	-1.240187	-28.181884	-0.076774	-1.159926	-28.190874	-0.027358	-1.218924	-27.815204	-0.076800	-1.237763	-27.820943	-0.035950	-1.239618
2497	34.678037	00:00:34:49	-28.026508	1.691552	-1.206579	-27.945118	1.661010	-1.141723	-28.042049	1.612138	-1.128918	-28.019220	1.556436	-1.247937	-27.996232	1.552399	-1.229926	-28.177776	1.552108	-1.220769	-27.885430	1.601671	-1.249372	-27.906150	1.354866	-1.129395	-27.955985	0.737805	-1.665351	-27.642126	1.134615	-0.981123	-28.114765	-0.039042	-2.067471	-27.629952	1.133022	-0.990900	-28.097554	-0.039089	-2.066835	-27.620729	1.110286	-1.001703	-28.090332	-0.042067	-2.075479	-28.164088	0.955245	-1.153395	-28.186073	1.004326	-1.238974	-27.822655	0.975192	-1.230874	-27.871594	1.021834	-1.295365	-28.168165	0.442447	-1.181433	-27.880280	0.461107	-1.266419	-28.183504	-0.065896	-1.157821	-28.177283	-0.054658	-1.191711	-27.845868	-0.027405	-1.235135	-27.867374	-0.041610	-1.281459
2498	34.691931	00:00:34:50	-27.984992	1.691459	-1.226516	-27.933320	1.607382	-1.172574	-28.071829	1.586156	-1.088820	-28.023188	1.595691	-1.235470	-28.009187	1.533777	-1.194448	-28.149966	1.579351	-1.197118	-27.854830	1.602318	-1.286616	-27.929491	1.321024	-1.105488	-28.006406	0.759879	-1.685318	-27.643670	1.127327	-0.950613	-28.098262	-0.038143	-2.071502	-27.635155	1.130731	-0.960974	-28.133123	-0.041550	-2.060902	-27.644091	1.155065	-0.975495	-28.099997	-0.073756	-2.084669	-28.164211	0.969653	-1.151808	-28.220014	1.013727	-1.237895	-27.829518	1.012625	-1.235746	-27.859370	0.994790	-1.258338	-28.196693	0.480033	-1.210576	-27.850746	0.462148	-1.272082	-28.198156	-0.069783	-1.101278	-28.198099	-0.061690	-1.195623	-27.852873	-0.056935	-1.207149	-27.814307	-0.041197	-1.282381
2499	34.705824	00:00:34:51	-27.982805	1.683985	-1.253431	-27.922239	1.586451	-1.118988	-28.023561	1.612597	-1.084645	-28.007835	1.559186	-1.248959	-28.024172	1.573498	-1.227179	-28.172109	1.571069	-1.192660	-27.837424	1.538437	-1.264201	-27.901640	1.367977	-1.078534	-27.982068	0.764722	-1.682831	-27.634971	1.138636	-0.988244	-28.101472	-0.019428	-2.043207	-27.644094	1.133042	-0.997652	-28.121122	-0.029789	-2.056838	-27.659522	1.137590	-0.946396	-28.113137	-0.035624	-2.064200	-28.206736	0.948113	-1.167615	-28.222094	1.016026	-1.215102	-27.843026	0.981766	-1.233782	-27.875282	0.999358	-1.262403	-28.200030	0.470049	-1.140471	-27.819680	0.462168	-1.257278	-28.217216	-0.078542	-1.140610	-28.193493	-0.020404	-1.175242	-27.827882	-0.062606	-1.235151	-27.812545	-0.038355	-1.244461
2500	34.719718	00:00:34:52	-28.007578	1.711365	-1.269270	-27.938740	1.617992	-1.137864	-28.053830	1.590525	-1.112086	-28.004749	1.593658	-1.218454	-28.002019	1.535172	-1.213929	-28.145690	1.575368	-1.208990	-27.858678	1.579390	-1.314663	-27.916011	1.355753	-1.071075	-28.000541	0.753537	-1.661226	-27.613858	1.122561	-0.985774	-28.114901	-0.046009	-2.049362	-27.653249	1.136360	-0.983661	-28.107634	-0.041499	-2.062198	-27.649264	1.119794	-0.994214	-28.086330	-0.052103	-2.058932	-28.179645	0.986847	-1.176622	-28.188323	1.018923	-1.193022	-27.839857	0.948449	-1.251366	-27.851163	0.987891	-1.317698	-28.193427	0.488463	-1.153284	-27.843336	0.460333	-1.237436	-28.198360	-0.053286	-1.131604	-28.145277	-0.026276	-1.184141	-27.847992	-0.051197	-1.237769	-27.823261	-0.045322	-1.275806
2501	34.733611	00:00:34:53	-28.003434	1.689396	-1.212846	-27.908557	1.630960	-1.106358	-28.038675	1.624760	-1.113629	-27.997552	1.524246	-1.227316	-28.044503	1.555687	-1.209666	-28.157860	1.565382	-1.187457	-27.889518	1.581164	-1.269355	-27.911616	1.380340	-1.064421	-27.975423	0.783368	-1.654706	-27.639568	1.104671	-0.962769	-28.095818	-0.042187	-2.049661	-27.620480	1.105948	-0.975992	-28.103869	-0.040968	-2.073148	-27.649679	1.105983	-0.984585	-28.100749	-0.047470	-2.080451	-28.167941	0.982019	-1.149321	-28.189646	1.004560	-1.215585	-27.838146	0.989731	-1.241357	-27.821481	0.999842	-1.274355	-28.166052	0.438011	-1.164562	-27.877265	0.471673	-1.238936	-28.158075	-0.068795	-1.138255	-28.187195	-0.059440	-1.178874	-27.841117	-0.030970	-1.225206	-27.849645	-0.053310	-1.285131
2502	34.747504	00:00:34:54	-28.042330	1.692371	-1.230968	-27.909211	1.642703	-1.138987	-28.035427	1.653146	-1.098127	-28.003262	1.545506	-1.277671	-28.020085	1.531746	-1.233143	-28.182610	1.584321	-1.215745	-27.873698	1.602733	-1.263711	-27.922964	1.350632	-1.124692	-28.030535	0.759014	-1.703750	-27.647502	1.114597	-0.995660	-28.110267	-0.021795	-2.064286	-27.657710	1.124561	-0.994103	-28.096823	-0.040843	-2.045311	-27.632070	1.136557	-0.968129	-28.072026	-0.040369	-2.051319	-28.192883	0.949062	-1.169026	-28.208783	0.992443	-1.220625	-27.854359	0.950096	-1.275612	-27.854800	0.988318	-1.299582	-28.190018	0.477845	-1.178640	-27.830014	0.459739	-1.274464	-28.197730	-0.047503	-1.161361	-28.202759	-0.068213	-1.187142	-27.834920	-0.051248	-1.251955	-27.833158	-0.084533	-1.255140
2503	34.761398	00:00:34:55	-28.020812	1.685595	-1.206602	-27.956265	1.641614	-1.127515	-28.018230	1.635660	-1.123093	-28.007370	1.547656	-1.230598	-28.030594	1.561230	-1.225190	-28.135112	1.594332	-1.207951	-27.890417	1.562066	-1.264372	-27.919545	1.338589	-1.139766	-27.987560	0.752250	-1.670577	-27.646647	1.111177	-0.973855	-28.091671	-0.019409	-2.076549	-27.607557	1.121209	-0.960112	-28.092732	-0.046088	-2.042647	-27.622690	1.127164	-0.980756	-28.106234	-0.057760	-2.043169	-28.191797	0.957336	-1.191510	-28.219411	0.985787	-1.222717	-27.846567	0.957314	-1.229517	-27.838624	1.039337	-1.290098	-28.228735	0.436906	-1.202970	-27.827935	0.475187	-1.254770	-28.176102	-0.071030	-1.138632	-28.194133	-0.037073	-1.229097	-27.822521	-0.075071	-1.252831	-27.878638	-0.035039	-1.271848
2504	34.775291	00:00:34:56	-28.016336	1.664569	-1.253476	-27.946020	1.639120	-1.151519	-28.026801	1.593183	-1.119077	-28.016883	1.555321	-1.273326	-28.059591	1.552441	-1.230787	-28.172382	1.563960	-1.209707	-27.866988	1.560231	-1.308300	-27.925214	1.375353	-1.122252	-27.988699	0.742919	-1.659076	-27.626729	1.093149	-0.973109	-28.064870	-0.031433	-2.055558	-27.641797	1.176180	-0.966668	-28.088324	-0.035116	-2.062276	-27.617697	1.137479	-1.003366	-28.088964	-0.057346	-2.073766	-28.193434	0.955709	-1.140033	-28.152092	0.990667	-1.209485	-27.831807	0.970366	-1.245382	-27.851885	0.983446	-1.287667	-28.175914	0.457599	-1.201120	-27.828158	0.441130	-1.264762	-28.175073	-0.047851	-1.159813	-28.206997	-0.065537	-1.167512	-27.829637	-0.105888	-1.247985	-27.834816	-0.032937	-1.263412
2505	34.789185	00:00:34:57	-28.003467	1.708491	-1.228435	-27.919356	1.614783	-1.167542	-28.043253	1.643163	-1.113150	-28.030096	1.584373	-1.239937	-28.023074	1.570597	-1.194730	-28.130391	1.584701	-1.217266	-27.864313	1.591993	-1.288647	-27.898764	1.385432	-1.070557	-27.990824	0.779180	-1.662418	-27.669103	1.097569	-0.974816	-28.106879	-0.050005	-2.017908	-27.631701	1.128077	-0.991761	-28.098549	-0.004253	-2.052067	-27.666295	1.141953	-0.973798	-28.109533	-0.037062	-2.065333	-28.209898	0.984745	-1.137122	-28.201126	0.987341	-1.216174	-27.825204	0.945474	-1.247476	-27.846388	1.018899	-1.262427	-28.155082	0.467334	-1.169528	-27.863990	0.459287	-1.243726	-28.167317	-0.073680	-1.119165	-28.195556	-0.008709	-1.208385	-27.800462	-0.079495	-1.226748	-27.858127	-0.080294	-1.291048
2506	34.803078	00:00:34:58	-27.999588	1.698416	-1.238034	-27.902885	1.618432	-1.153148	-28.028693	1.628937	-1.115591	-28.005842	1.566635	-1.226271	-28.010662	1.538500	-1.204273	-28.147070	1.560196	-1.207124	-27.885802	1.560403	-1.292522	-27.891364	1.362234	-1.073299	-27.982115	0.724696	-1.651073	-27.666804	1.153651	-0.980129	-28.083312	-0.050907	-2.053526	-27.675659	1.148288	-1.011935	-28.101799	-0.039359	-2.104856	-27.653100	1.106931	-0.949456	-28.090776	-0.065723	-2.072445	-28.172086	0.978195	-1.163747	-28.191918	1.002513	-1.211686	-27.825795	0.937592	-1.237293	-27.822995	1.015824	-1.294366	-28.213365	0.446065	-1.144807	-27.879015	0.466768	-1.300323	-28.168371	-0.092850	-1.108815	-28.220405	-0.021588	-1.182612	-27.821025	-0.050592	-1.231639	-27.839065	-0.042869	-1.299221
2507	34.816972	00:00:34:59	-28.043304	1.672698	-1.249359	-27.959028	1.632471	-1.136495	-28.043486	1.630080	-1.115864	-28.024083	1.552026	-1.235474	-28.010376	1.570740	-1.211762	-28.163138	1.576244	-1.225238	-27.899123	1.568117	-1.298258	-27.912284	1.341779	-1.088521	-27.992256	0.798713	-1.658743	-27.663606	1.124318	-1.009433	-28.077371	-0.039595	-2.051558	-27.681180	1.142050	-0.993677	-28.104520	-0.070272	-2.052275	-27.626957	1.146919	-0.946875	-28.074429	-0.050330	-2.060802	-28.183639	0.992308	-1.159276	-28.193819	1.048793	-1.217468	-27.829053	0.975217	-1.229370	-27.857945	0.982904	-1.296321	-28.174086	0.461285	-1.222113	-27.861112	0.464307	-1.240627	-28.197425	-0.076346	-1.109831	-28.190374	-0.039422	-1.205925	-27.849726	-0.069981	-1.237916	-27.873394	-0.014999	-1.265325
2508	34.830865	00:00:34:60	-28.023226	1.723578	-1.233158	-27.953929	1.660744	-1.140715	-28.050488	1.615819	-1.132969	-28.027779	1.574147	-1.259758	-28.017300	1.555758	-1.187339	-28.137190	1.555005	-1.226501	-27.848902	1.565562	-1.255099	-27.894179	1.363880	-1.115591	-27.984448	0.774312	-1.641980	-27.651588	1.134803	-0.983905	-28.079167	-0.028186	-2.050583	-27.646968	1.120131	-0.991773	-28.082661	-0.026494	-2.069833	-27.638710	1.138206	-0.944064	-28.100562	-0.032942	-2.063343	-28.174998	0.980859	-1.160971	-28.224096	0.974852	-1.218263	-27.814413	0.985325	-1.263223	-27.855722	1.001537	-1.274781	-28.183293	0.480573	-1.174051	-27.855537	0.448743	-1.269036	-28.162814	-0.039637	-1.133360	-28.209579	-0.027391	-1.202214	-27.816582	-0.061499	-1.268390	-27.870537	-0.049816	-1.272179
2509	34.844759	00:00:34:61	-27.998848	1.702730	-1.216371	-27.950992	1.635655	-1.123353	-28.040667	1.608795	-1.070525	-28.066662	1.571269	-1.264739	-28.027364	1.576046	-1.239984	-28.170185	1.573743	-1.228633	-27.866930	1.592449	-1.252351	-27.907996	1.323794	-1.103303	-28.000467	0.781266	-1.665077	-27.640972	1.143657	-0.981320	-28.105762	-0.042794	-2.066582	-27.665196	1.132373	-0.963272	-28.097275	-0.007766	-2.073967	-27.630709	1.147151	-0.962437	-28.119557	-0.044149	-2.062899	-28.194769	0.958452	-1.165252	-28.195407	1.008046	-1.246859	-27.829242	0.968454	-1.226873	-27.855047	0.999363	-1.301636	-28.216550	0.452002	-1.166265	-27.827891	0.479508	-1.257100	-28.167591	-0.066943	-1.166985	-28.167771	-0.038024	-1.187840	-27.852379	-0.077282	-1.211630	-27.842433	-0.050664	-1.265891
2510	34.858652	00:00:34:62	-28.003012	1.697048	-1.274112	-27.938764	1.625024	-1.170189	-28.038636	1.619172	-1.148670	-28.004548	1.566997	-1.268168	-28.015624	1.544165	-1.219764	-28.167760	1.599061	-1.199972	-27.868408	1.585742	-1.268094	-27.905334	1.340511	-1.103752	-27.973156	0.778229	-1.676899	-27.626421	1.135400	-0.989683	-28.097525	-0.087266	-2.068393	-27.643733	1.123548	-0.990292	-28.122419	-0.053016	-2.053492	-27.668535	1.158457	-0.955737	-28.077680	-0.027283	-2.054164	-28.173148	0.953269	-1.168004	-28.210550	0.967137	-1.201475	-27.820648	0.935256	-1.227898	-27.808683	0.980813	-1.279085	-28.178005	0.450759	-1.163217	-27.857680	0.478251	-1.260647	-28.189275	-0.059392	-1.173903	-28.205214	-0.019158	-1.174246	-27.809681	-0.046520	-1.220828	-27.847975	-0.027700	-1.278002
2511	34.872545	00:00:34:63	-28.024613	1.685283	-1.248763	-27.950965	1.666008	-1.126113	-28.046297	1.647080	-1.123729	-27.998914	1.591510	-1.229173	-28.002084	1.497730	-1.209619	-28.147255	1.593158	-1.204789	-27.858545	1.582921	-1.286815	-27.914864	1.323177	-1.113486	-27.986272	0.769992	-1.644615	-27.605954	1.124756	-0.968888	-28.113143	-0.052296	-2.079141	-27.657326	1.105897	-1.015310	-28.113533	-0.023436	-2.066358	-27.652962	1.115692	-0.974497	-28.075466	-0.081581	-2.068597	-28.168030	0.989074	-1.147151	-28.190871	1.014933	-1.208878	-27.854532	0.971013	-1.242958	-27.856731	0.993763	-1.301857	-28.202506	0.430575	-1.170299	-27.830024	0.453799	-1.260142	-28.187788	-0.065583	-1.111406	-28.197479	-0.006122	-1.211027	-27.873629	-0.065316	-1.228601	-27.812684	-0.019012	-1.278247
2512	34.886439	00:00:34:64	-28.003493	1.669577	-1.232157	-27.944492	1.610247	-1.135335	-28.079789	1.645395	-1.127391	-28.003851	1.567104	-1.245167	-28.018322	1.585407	-1.202693	-28.126942	1.551291	-1.217077	-27.868676	1.584529	-1.290264	-27.918832	1.368116	-1.126107	-27.974800	0.773630	-1.693873	-27.650189	1.144900	-0.974507	-28.101827	-0.051282	-2.069121	-27.656251	1.112255	-0.966569	-28.122094	-0.045702	-2.051854	-27.641131	1.103433	-0.986493	-28.115561	-0.027648	-2.084183	-28.193274	0.991249	-1.132505	-28.161877	0.983866	-1.193399	-27.802494	0.999037	-1.260642	-27.832313	0.983228	-1.277911	-28.185014	0.470082	-1.182825	-27.829538	0.454006	-1.283608	-28.179355	-0.067733	-1.113516	-28.169722	-0.058695	-1.178294	-27.818233	-0.075911	-1.215238	-27.873405	-0.068605	-1.284993
2513	34.900332	00:00:34:65	-28.030451	1.696607	-1.240249	-27.925314	1.611770	-1.149705	-28.032777	1.638312	-1.120347	-28.044851	1.600189	-1.247326	-28.058946	1.530675	-1.201261	-28.166701	1.561480	-1.205186	-27.825985	1.551934	-1.258092	-27.884013	1.359038	-1.073757	-27.971139	0.771813	-1.681867	-27.638315	1.126219	-0.964822	-28.055542	-0.040391	-2.036906	-27.624147	1.117133	-0.956811	-28.093754	-0.048009	-2.043625	-27.617079	1.122462	-0.978190	-28.107579	-0.065101	-2.049085	-28.196229	1.006205	-1.163104	-28.214619	1.029874	-1.221089	-27.819998	0.968988	-1.267087	-27.856381	0.977641	-1.320036	-28.224598	0.453217	-1.161304	-27.846639	0.449470	-1.268536	-28.198888	-0.084083	-1.139562	-28.229733	-0.051245	-1.201019	-27.815806	-0.053706	-1.231180	-27.835047	-0.049082	-1.283835
2514	34.914226	00:00:34:66	-28.043530	1.682582	-1.251017	-27.904992	1.608465	-1.145963	-28.029405	1.626790	-1.100985	-27.990043	1.540559	-1.250020	-28.046261	1.545274	-1.219840	-28.183419	1.556367	-1.211859	-27.873571	1.559279	-1.260392	-27.887414	1.378404	-1.122771	-28.002358	0.718159	-1.695638	-27.652487	1.112357	-0.965064	-28.097427	-0.035664	-2.062603	-27.616999	1.122041	-0.950935	-28.120667	-0.046170	-2.091261	-27.636506	1.102627	-0.975048	-28.091219	-0.062053	-2.053134	-28.193656	0.985395	-1.173647	-28.167735	1.038698	-1.248632	-27.807658	0.947802	-1.217829	-27.837810	0.993953	-1.325820	-28.180024	0.471346	-1.164950	-27.822340	0.440328	-1.271111	-28.171016	-0.067701	-1.126861	-28.191549	-0.022230	-1.196315	-27.848996	-0.070997	-1.191132	-27.847243	-0.052823	-1.273609
2515	34.928119	00:00:34:67	-28.033125	1.705228	-1.228067	-27.918597	1.625326	-1.140183	-28.023248	1.638655	-1.097293	-28.026175	1.571520	-1.270504	-28.023378	1.562455	-1.199433	-28.163288	1.577996	-1.220095	-27.874732	1.565049	-1.300224	-27.902772	1.370254	-1.058164	-27.988283	0.768839	-1.693093	-27.651566	1.121960	-0.974007	-28.116476	-0.054601	-2.072727	-27.629640	1.094360	-0.936871	-28.121088	-0.024803	-2.058639	-27.635482	1.116928	-0.979997	-28.090392	-0.064252	-2.044621	-28.191125	0.983949	-1.162685	-28.200128	1.011567	-1.235508	-27.845490	0.975451	-1.224167	-27.819949	0.985986	-1.309418	-28.184048	0.461246	-1.181789	-27.838494	0.473693	-1.276162	-28.202707	-0.106677	-1.149759	-28.183978	-0.036150	-1.217442	-27.848264	-0.076999	-1.219509	-27.833635	-0.022349	-1.260283
2516	34.942013	00:00:34:68	-28.045003	1.664444	-1.282244	-27.959964	1.622045	-1.122749	-28.023731	1.642404	-1.128661	-28.005525	1.578587	-1.239692	-28.032609	1.554299	-1.231247	-28.174094	1.544117	-1.185379	-27.879118	1.557585	-1.283065	-27.895883	1.357682	-1.116471	-27.963200	0.778282	-1.656743	-27.655888	1.128972	-0.975802	-28.090494	-0.047567	-2.076061	-27.651917	1.139898	-1.002856	-28.092342	-0.054769	-2.046624	-27.639947	1.132478	-0.998065	-28.099826	-0.036380	-2.064863	-28.177965	0.948708	-1.184623	-28.215307	1.027983	-1.220601	-27.832346	0.962002	-1.240055	-27.840103	1.019605	-1.294483	-28.186693	0.446278	-1.182101	-27.874855	0.465856	-1.251053	-28.191284	-0.063159	-1.120001	-28.187537	-0.063694	-1.184971	-27.837413	-0.071086	-1.217403	-27.820594	-0.088779	-1.273848
2517	34.955906	00:00:34:69	-28.050407	1.690854	-1.220215	-27.922703	1.629027	-1.139069	-28.057770	1.632408	-1.132063	-28.024883	1.593489	-1.256264	-28.010128	1.584249	-1.216964	-28.198387	1.579654	-1.213589	-27.872478	1.590364	-1.271037	-27.932864	1.361141	-1.099026	-27.964269	0.747678	-1.664773	-27.626877	1.126741	-0.995356	-28.137536	-0.018746	-2.043869	-27.624604	1.139287	-0.989054	-28.109003	-0.027303	-2.066563	-27.623078	1.104425	-0.951812	-28.110254	-0.032573	-2.093990	-28.155657	0.982710	-1.129354	-28.200313	0.989460	-1.232358	-27.859017	0.954768	-1.260834	-27.851060	0.990033	-1.309815	-28.187265	0.451444	-1.174941	-27.857422	0.500120	-1.248572	-28.190014	-0.087490	-1.141576	-28.168746	-0.024639	-1.203337	-27.855869	-0.099440	-1.214505	-27.812487	-0.057733	-1.257609
2518	34.969800	00:00:34:70	-27.989936	1.674316	-1.221953	-27.922799	1.639408	-1.139429	-28.054019	1.620097	-1.118531	-28.029105	1.552942	-1.249556	-28.013998	1.566378	-1.169360	-28.169395	1.581962	-1.220930	-27.870519	1.531424	-1.267855	-27.897201	1.352324	-1.103932	-27.999294	0.773739	-1.706437	-27.648172	1.124558	-0.978135	-28.120309	-0.049470	-2.074923	-27.638836	1.123858	-0.970041	-28.109584	-0.036728	-2.042246	-27.633561	1.124570	-0.955775	-28.075199	-0.044297	-2.081368	-28.198645	0.961405	-1.177281	-28.204204	1.008947	-1.221969	-27.831096	1.010099	-1.261626	-27.853559	0.978194	-1.293764	-28.204455	0.465302	-1.192538	-27.858507	0.438764	-1.224952	-28.186677	-0.084508	-1.114318	-28.222502	-0.005033	-1.180753	-27.858321	-0.080552	-1.210437	-27.831141	-0.033168	-1.272948
2519	34.983693	00:00:34:71	-28.023545	1.707367	-1.221511	-27.899487	1.626020	-1.144413	-28.047564	1.603241	-1.104377	-28.017410	1.593810	-1.230796	-27.980131	1.569974	-1.229965	-28.149136	1.540837	-1.219278	-27.905265	1.586415	-1.270060	-27.915293	1.341178	-1.085315	-27.996960	0.794813	-1.701860	-27.656620	1.129701	-0.945781	-28.132308	-0.035421	-2.073086	-27.704458	1.140496	-0.978366	-28.114144	-0.060058	-2.023361	-27.594537	1.129969	-1.019849	-28.111945	-0.051291	-2.086399	-28.164853	0.960451	-1.156590	-28.189559	1.012745	-1.242584	-27.837132	1.004924	-1.228815	-27.835260	0.980153	-1.269537	-28.189889	0.474607	-1.177420	-27.844537	0.456228	-1.265739	-28.196690	-0.071534	-1.137879	-28.154908	-0.064457	-1.177812	-27.852601	-0.057058	-1.273307	-27.829294	-0.062410	-1.245930
2520	34.997586	00:00:34:00	-28.022007	1.676019	-1.242142	-27.900310	1.608803	-1.135197	-28.068420	1.607618	-1.110769	-28.051504	1.546290	-1.214068	-28.027432	1.509118	-1.229349	-28.150421	1.556150	-1.217837	-27.855251	1.548052	-1.258710	-27.869557	1.383752	-1.124371	-27.957510	0.772496	-1.675339	-27.653272	1.139445	-0.977549	-28.081912	-0.049202	-2.050431	-27.625491	1.126628	-0.965268	-28.091552	-0.065021	-2.061323	-27.647506	1.133787	-0.963288	-28.078303	-0.045892	-2.075450	-28.202551	0.970021	-1.163280	-28.208346	1.000615	-1.200029	-27.827042	0.962949	-1.289856	-27.808725	0.982826	-1.278225	-28.173909	0.486352	-1.184907	-27.855347	0.482252	-1.268059	-28.198202	-0.060080	-1.114428	-28.203047	-0.045890	-1.229938	-27.856746	-0.059686	-1.240018	-27.845816	-0.058910	-1.283650
2521	35.011480	00:00:35:01	-28.016980	1.675763	-1.264715	-27.929655	1.625238	-1.150043	-28.044708	1.623487	-1.111124	-28.017216	1.572803	-1.254552	-27.995642	1.552963	-1.210641	-28.169855	1.561260	-1.214932	-27.854027	1.575472	-1.294237	-27.925227	1.345241	-1.111657	-27.997075	0.757719	-1.655545	-27.650726	1.136927	-0.971129	-28.126124	-0.047048	-2.079726	-27.631624	1.147435	-0.983135	-28.064544	-0.060751	-2.100750	-27.656958	1.146464	-0.979569	-28.097308	-0.035331	-2.083269	-28.212935	0.977315	-1.130716	-28.188757	0.972067	-1.212985	-27.806308	0.967230	-1.227316	-27.858199	1.003777	-1.272422	-28.222081	0.449260	-1.188428	-27.844959	0.465148	-1.229630	-28.164911	-0.064794	-1.146199	-28.203782	-0.015752	-1.196140	-27.839647	-0.051168	-1.196286	-27.824940	-0.048651	-1.266172
2522	35.025373	00:00:35:02	-28.005576	1.699214	-1.237702	-27.955232	1.647687	-1.134692	-28.054291	1.618169	-1.149149	-28.042048	1.566968	-1.271554	-27.994461	1.536971	-1.184292	-28.158643	1.589560	-1.194932	-27.867299	1.571862	-1.293341	-27.906811	1.362995	-1.092151	-27.981771	0.732267	-1.628639	-27.600621	1.114923	-0.944701	-28.102922	-0.029113	-2.070315	-27.611912	1.174786	-0.945228	-28.109246	-0.053758	-2.071052	-27.661607	1.122248	-0.964211	-28.086851	-0.062588	-2.086076	-28.181060	0.986547	-1.156810	-28.192187	0.999564	-1.221327	-27.828989	0.975557	-1.244291	-27.853456	1.001110	-1.293646	-28.191217	0.457393	-1.157364	-27.830444	0.485182	-1.259059	-28.184402	-0.046324	-1.153200	-28.189786	-0.048555	-1.155279	-27.834135	-0.090066	-1.214128	-27.835511	-0.053188	-1.255870
2523	35.039267	00:00:35:03	-27.993273	1.712414	-1.240781	-27.912986	1.648605	-1.168497	-28.050298	1.610703	-1.155641	-28.005689	1.569456	-1.248121	-28.013753	1.571771	-1.207492	-28.162703	1.587381	-1.224744	-27.869655	1.550735	-1.295802	-27.918049	1.355245	-1.109436	-28.007350	0.780564	-1.654037	-27.638391	1.149451	-1.000200	-28.071736	-0.073719	-2.056322	-27.628160	1.141316	-0.943398	-28.112999	-0.060010	-2.055205	-27.631173	1.161464	-0.974641	-28.090464	-0.053972	-2.079500	-28.195668	0.960080	-1.121769	-28.169929	0.996797	-1.213110	-27.778144	0.967030	-1.222066	-27.833602	0.998563	-1.306728	-28.200464	0.450919	-1.186869	-27.838853	0.460311	-1.236368	-28.151003	-0.070936	-1.140286	-28.192068	-0.050263	-1.206512	-27.818795	-0.104975	-1.215106	-27.847070	-0.024192	-1.267684
2524	35.053160	00:00:35:04	-28.005685	1.700850	-1.225269	-27.913599	1.606117	-1.144549	-28.057870	1.613971	-1.101934	-28.008192	1.570742	-1.252276	-28.004742	1.586172	-1.229204	-28.163966	1.565490	-1.189946	-27.892273	1.571841	-1.298573	-27.948380	1.360563	-1.111210	-27.998170	0.735716	-1.684315	-27.621642	1.141481	-0.976241	-28.074715	-0.058478	-2.059423	-27.656024	1.130491	-0.957806	-28.097111	-0.042930	-2.058388	-27.617324	1.143609	-0.965617	-28.092517	-0.039290	-2.025866	-28.179220	0.970145	-1.162709	-28.197605	0.989745	-1.204233	-27.850940	0.967340	-1.259983	-27.847775	0.999751	-1.269688	-28.165576	0.460768	-1.166039	-27.858181	0.426204	-1.250209	-28.189534	-0.020134	-1.158767	-28.202351	-0.032730	-1.204400	-27.840663	-0.094801	-1.206068	-27.843843	-0.020838	-1.283267
2525	35.067054	00:00:35:05	-28.011652	1.705315	-1.213381	-27.936032	1.609675	-1.123167	-28.025953	1.607779	-1.149957	-28.032916	1.574294	-1.231536	-28.011420	1.549358	-1.195422	-28.185889	1.579110	-1.228728	-27.866442	1.556334	-1.266343	-27.903387	1.367862	-1.082550	-27.973905	0.783122	-1.655267	-27.636204	1.141435	-0.959780	-28.101799	-0.061979	-2.050905	-27.640399	1.162966	-0.967673	-28.099107	-0.058412	-2.026611	-27.629281	1.105280	-0.916406	-28.049433	-0.079613	-2.047035	-28.151982	0.974909	-1.161933	-28.174901	0.966895	-1.234132	-27.861058	0.973022	-1.261902	-27.858283	1.023829	-1.330453	-28.187189	0.438386	-1.152112	-27.857051	0.478164	-1.266318	-28.157666	-0.052935	-1.131166	-28.199545	-0.049669	-1.180112	-27.815743	-0.056277	-1.231589	-27.879921	-0.048403	-1.298185
2526	35.080947	00:00:35:06	-28.055693	1.683503	-1.216375	-27.933645	1.616207	-1.135691	-28.057840	1.613723	-1.098633	-28.017806	1.559506	-1.249301	-28.021991	1.566573	-1.185352	-28.146197	1.577464	-1.228730	-27.851345	1.547113	-1.250926	-27.895540	1.336020	-1.077073	-27.990093	0.782716	-1.641828	-27.640867	1.123113	-0.963131	-28.103646	-0.066830	-2.061976	-27.634556	1.150751	-0.942285	-28.079004	-0.069993	-2.048609	-27.621090	1.142527	-0.952919	-28.091974	-0.036777	-2.073256	-28.188647	0.971659	-1.172794	-28.191365	0.980058	-1.205375	-27.828325	0.973240	-1.249215	-27.813433	0.991000	-1.309411	-28.197366	0.451204	-1.169028	-27.854996	0.459833	-1.261326	-28.165910	-0.060072	-1.140203	-28.185135	-0.003737	-1.209587	-27.849135	-0.030549	-1.222009	-27.825153	-0.035678	-1.278841
2527	35.094841	00:00:35:07	-28.041621	1.685671	-1.251746	-27.932947	1.605305	-1.157852	-28.046216	1.631932	-1.100517	-28.027064	1.582403	-1.242316	-28.041932	1.531046	-1.200462	-28.163250	1.548403	-1.179741	-27.883257	1.553992	-1.281506	-27.965270	1.402125	-1.064881	-28.012352	0.768552	-1.669753	-27.651804	1.147690	-0.965549	-28.082136	-0.055538	-2.078920	-27.644188	1.153626	-0.961962	-28.106995	-0.032516	-2.071428	-27.668183	1.118371	-0.972054	-28.114960	-0.020357	-2.059105	-28.216609	0.959518	-1.123600	-28.177386	1.013342	-1.229707	-27.863984	0.951872	-1.224287	-27.842102	1.006527	-1.284442	-28.177986	0.459231	-1.196865	-27.871653	0.471874	-1.240720	-28.179598	-0.089106	-1.153305	-28.175549	-0.032753	-1.208605	-27.852294	-0.091658	-1.221864	-27.837048	-0.033774	-1.269334
2528	35.108734	00:00:35:08	-28.000417	1.678139	-1.245362	-27.950583	1.622764	-1.167380	-28.064954	1.643521	-1.118770	-28.049109	1.575239	-1.259839	-28.025751	1.526061	-1.211636	-28.151475	1.557089	-1.195836	-27.861460	1.566361	-1.300106	-27.902256	1.356698	-1.062173	-27.983053	0.773902	-1.676142	-27.629390	1.149650	-0.954786	-28.104222	-0.098747	-2.033564	-27.653967	1.140200	-0.952795	-28.107043	-0.033264	-2.073415	-27.605610	1.132908	-0.951567	-28.089260	-0.043336	-2.049174	-28.207760	0.965622	-1.185661	-28.163876	0.989897	-1.192054	-27.843411	0.977663	-1.225379	-27.832808	0.994024	-1.276617	-28.174614	0.465201	-1.182487	-27.840860	0.476351	-1.263685	-28.147988	-0.073595	-1.113976	-28.201019	-0.038847	-1.184310	-27.843042	-0.067559	-1.226180	-27.839082	-0.028827	-1.276934
2529	35.122627	00:00:35:09	-28.017077	1.679027	-1.194762	-27.911142	1.605600	-1.138286	-28.063158	1.633486	-1.094735	-28.055728	1.551318	-1.269772	-28.003628	1.548643	-1.197171	-28.167241	1.575043	-1.217894	-27.865039	1.605080	-1.253439	-27.883529	1.334809	-1.111487	-27.984510	0.736966	-1.664556	-27.638397	1.135576	-0.993501	-28.122527	-0.041856	-2.046746	-27.595566	1.131465	-0.972550	-28.107313	-0.045489	-2.082757	-27.642508	1.151977	-0.954971	-28.083862	-0.045836	-2.058288	-28.208001	0.948893	-1.171839	-28.196345	0.992089	-1.229447	-27.818686	0.968039	-1.255725	-27.843024	0.944773	-1.301019	-28.197007	0.448235	-1.146024	-27.859203	0.459680	-1.236920	-28.176485	-0.061937	-1.154399	-28.174878	-0.019001	-1.183652	-27.839548	-0.092347	-1.244982	-27.823086	-0.056130	-1.246689
2530	35.136521	00:00:35:10	-28.018037	1.664502	-1.251536	-27.935326	1.622009	-1.137836	-28.027579	1.630601	-1.110625	-27.997830	1.605164	-1.248332	-27.982561	1.551949	-1.214897	-28.143400	1.585752	-1.232634	-27.880543	1.559051	-1.292865	-27.888001	1.374257	-1.097367	-27.975056	0.741589	-1.679441	-27.641481	1.150886	-0.949335	-28.088895	-0.026464	-2.056950	-27.640869	1.174169	-0.988861	-28.108872	-0.052920	-2.075040	-27.625256	1.112873	-0.958213	-28.085441	-0.052639	-2.062988	-28.175677	0.957360	-1.156815	-28.210893	0.987737	-1.228221	-27.814218	0.950778	-1.240698	-27.813176	1.012574	-1.315230	-28.156985	0.475233	-1.173051	-27.842052	0.466569	-1.206485	-28.183406	-0.086968	-1.118323	-28.221578	-0.044714	-1.180020	-27.819292	-0.074366	-1.191247	-27.833211	-0.046259	-1.267170
2531	35.150414	00:00:35:11	-27.987626	1.694168	-1.212134	-27.914647	1.632762	-1.146620	-28.042101	1.626718	-1.105071	-28.028089	1.547841	-1.246202	-27.983690	1.528686	-1.244403	-28.167022	1.565994	-1.228132	-27.859771	1.571315	-1.276101	-27.903183	1.356971	-1.080761	-27.985928	0.764873	-1.674525	-27.638245	1.120837	-0.960268	-28.087049	-0.033566	-2.057173	-27.645684	1.149843	-0.980553	-28.104769	-0.052544	-2.052450	-27.629492	1.141950	-0.954130	-28.111225	-0.033188	-2.075935	-28.177765	0.975556	-1.159693	-28.176763	0.989750	-1.179966	-27.843493	0.987163	-1.233369	-27.831222	0.995257	-1.311043	-28.171691	0.435067	-1.181275	-27.872332	0.446016	-1.257645	-28.171634	-0.075174	-1.108110	-28.211608	-0.026950	-1.168080	-27.820371	-0.082061	-1.196479	-27.842726	-0.031571	-1.259059
2532	35.164308	00:00:35:12	-27.997866	1.702476	-1.189842	-27.932587	1.648563	-1.151738	-28.070109	1.596025	-1.091117	-27.960377	1.537654	-1.241398	-27.998982	1.527949	-1.214206	-28.152379	1.579830	-1.198526	-27.837030	1.588111	-1.280238	-27.889086	1.335002	-1.114350	-27.959416	0.766191	-1.693929	-27.665077	1.119298	-0.985992	-28.083104	-0.037917	-2.051079	-27.641127	1.111672	-0.952785	-28.098754	-0.036425	-2.055041	-27.682214	1.138507	-0.996440	-28.118596	-0.048821	-2.036675	-28.177293	0.980169	-1.163821	-28.169314	0.972591	-1.212952	-27.820471	0.963292	-1.237403	-27.839786	1.025040	-1.291517	-28.158584	0.446066	-1.186238	-27.863978	0.481825	-1.265168	-28.209796	-0.069109	-1.161977	-28.196468	-0.062868	-1.191611	-27.847130	-0.087338	-1.253307	-27.811162	-0.070623	-1.271961
2533	35.178201	00:00:35:13	-28.005411	1.676636	-1.237127	-27.968968	1.627939	-1.142214	-28.037211	1.620018	-1.105849	-28.012566	1.580805	-1.237253	-28.030306	1.545971	-1.192758	-28.144765	1.571389	-1.188025	-27.887124	1.587022	-1.295814	-27.881016	1.361965	-1.075217	-27.993962	0.767495	-1.653617	-27.630038	1.164701	-0.951642	-28.129485	-0.051733	-2.093789	-27.627593	1.130886	-0.942631	-28.081832	-0.054659	-2.054571	-27.620880	1.156086	-0.978832	-28.096381	-0.057442	-2.044774	-28.207262	0.962194	-1.184698	-28.196259	0.982606	-1.161204	-27.824960	0.971085	-1.254998	-27.831198	1.011096	-1.320784	-28.154887	0.434551	-1.177152	-27.870131	0.451268	-1.266592	-28.190437	-0.066085	-1.125179	-28.181159	-0.023101	-1.204819	-27.843325	-0.080592	-1.207168	-27.861588	-0.034143	-1.306588
2534	35.192095	00:00:35:14	-28.022493	1.666726	-1.240444	-27.929014	1.616796	-1.110829	-28.046192	1.630214	-1.133592	-28.015027	1.600606	-1.224403	-28.021235	1.547390	-1.199174	-28.159947	1.551289	-1.204500	-27.907626	1.567596	-1.257463	-27.889523	1.349400	-1.085581	-28.006853	0.749885	-1.678603	-27.639274	1.147051	-0.946043	-28.077728	-0.052783	-2.076538	-27.640444	1.133441	-0.956614	-28.118154	-0.029507	-2.079191	-27.621579	1.152840	-0.954238	-28.104067	-0.056142	-2.077223	-28.186483	0.985359	-1.167176	-28.219859	0.988075	-1.187701	-27.842107	0.947061	-1.246322	-27.835833	1.002901	-1.291189	-28.165701	0.463420	-1.185980	-27.866764	0.501417	-1.219888	-28.188773	-0.078575	-1.153002	-28.181808	-0.031610	-1.211329	-27.863433	-0.043100	-1.203504	-27.832735	-0.062370	-1.242867
2535	35.205988	00:00:35:15	-28.035801	1.664220	-1.231805	-27.919023	1.661244	-1.132851	-28.040362	1.626190	-1.125156	-28.020923	1.567795	-1.254171	-28.027009	1.579477	-1.220952	-28.159042	1.539210	-1.206706	-27.848393	1.562751	-1.256355	-27.904908	1.354443	-1.114558	-27.999748	0.750990	-1.694533	-27.633670	1.133220	-0.972747	-28.099224	-0.056258	-2.063973	-27.650106	1.144126	-0.990322	-28.101270	-0.031263	-2.082096	-27.618370	1.129931	-0.954633	-28.115331	-0.034629	-2.054145	-28.204599	0.985193	-1.191114	-28.206681	0.952786	-1.224904	-27.808899	0.961304	-1.230501	-27.848037	1.003662	-1.241814	-28.169307	0.442942	-1.200798	-27.843423	0.467033	-1.224396	-28.170790	-0.087373	-1.149169	-28.180335	-0.032037	-1.172354	-27.831750	-0.076938	-1.236675	-27.894410	-0.060376	-1.291492
2536	35.219882	00:00:35:16	-28.008571	1.699402	-1.224918	-27.944597	1.619028	-1.136244	-28.035012	1.602327	-1.131278	-28.020901	1.605312	-1.268822	-27.996814	1.554059	-1.185829	-28.129952	1.581148	-1.228513	-27.849878	1.559131	-1.314488	-27.895711	1.360037	-1.076042	-27.986341	0.777080	-1.663961	-27.643688	1.154963	-0.974705	-28.065500	-0.070447	-2.046784	-27.646300	1.150409	-0.953895	-28.076716	-0.028217	-2.064422	-27.639201	1.124536	-0.966124	-28.099618	-0.040507	-2.070659	-28.189251	0.947509	-1.156667	-28.192714	0.991964	-1.207725	-27.832204	0.970911	-1.257510	-27.822062	1.000575	-1.290315	-28.192525	0.456717	-1.186617	-27.847388	0.471721	-1.274064	-28.157476	-0.060051	-1.152926	-28.190923	-0.003881	-1.195468	-27.861202	-0.070052	-1.250286	-27.843889	-0.072849	-1.268789
2537	35.233775	00:00:35:17	-28.011171	1.699547	-1.221375	-27.918815	1.655113	-1.136456	-28.019798	1.618874	-1.104635	-28.018157	1.556365	-1.254371	-28.029123	1.516769	-1.192029	-28.171860	1.551924	-1.195525	-27.863829	1.569210	-1.284901	-27.936234	1.359781	-1.066655	-28.024701	0.749628	-1.681897	-27.652055	1.116104	-1.008322	-28.079978	-0.055043	-2.057920	-27.634752	1.111222	-0.950264	-28.108045	-0.059871	-2.044875	-27.648563	1.154389	-0.972317	-28.074426	-0.047639	-2.077721	-28.213826	0.977969	-1.174747	-28.191216	1.020851	-1.212275	-27.821475	0.970155	-1.208928	-27.807041	1.007419	-1.273610	-28.181702	0.465544	-1.164561	-27.845776	0.472621	-1.254777	-28.181325	-0.070086	-1.155061	-28.211345	-0.024676	-1.164564	-27.814054	-0.092968	-1.221693	-27.876939	-0.043941	-1.286297
2538	35.247668	00:00:35:18	-28.024857	1.652949	-1.205326	-27.918262	1.658490	-1.142126	-28.050596	1.623518	-1.073442	-28.021477	1.548705	-1.255073	-28.005831	1.544587	-1.227955	-28.181942	1.549758	-1.230205	-27.887338	1.573636	-1.268746	-27.913635	1.375825	-1.107614	-28.001416	0.732422	-1.655646	-27.619065	1.135714	-0.969943	-28.103235	-0.085185	-2.079629	-27.656389	1.133208	-0.955695	-28.081713	-0.031798	-2.065344	-27.651894	1.173979	-0.931124	-28.093956	-0.059105	-2.038881	-28.174846	0.958230	-1.143064	-28.210306	0.982254	-1.213076	-27.840656	0.970959	-1.235090	-27.808537	1.001685	-1.284931	-28.165737	0.468283	-1.178614	-27.831092	0.456006	-1.234326	-28.168599	-0.065418	-1.163711	-28.186525	-0.035996	-1.162019	-27.822156	-0.058297	-1.231006	-27.839865	-0.041627	-1.264047
2539	35.261562	00:00:35:19	-28.012310	1.690437	-1.235340	-27.938627	1.611570	-1.129546	-28.044245	1.632341	-1.111630	-27.988939	1.552142	-1.251524	-27.990792	1.570587	-1.191499	-28.168444	1.571548	-1.220346	-27.871456	1.556680	-1.274391	-27.891178	1.380087	-1.091187	-27.982011	0.799303	-1.666574	-27.630577	1.116231	-0.943723	-28.069693	-0.066688	-2.032558	-27.665441	1.168997	-0.949610	-28.105687	-0.041352	-2.064457	-27.648998	1.161633	-0.975099	-28.118880	-0.049281	-2.088939	-28.210499	0.961807	-1.140939	-28.200150	0.979753	-1.220365	-27.847251	0.964808	-1.241086	-27.857706	0.985546	-1.313262	-28.168865	0.461873	-1.160067	-27.845139	0.443807	-1.287572	-28.185026	-0.101365	-1.142862	-28.218023	-0.048263	-1.172934	-27.808955	-0.064225	-1.247903	-27.847233	-0.056091	-1.290046
2540	35.275455	00:00:35:20	-28.011436	1.688528	-1.212841	-27.943199	1.621902	-1.154282	-28.057924	1.632392	-1.108730	-28.031708	1.573760	-1.254438	-27.987387	1.559016	-1.201658	-28.166563	1.565743	-1.216020	-27.895328	1.567176	-1.309176	-27.877607	1.360782	-1.098713	-27.987097	0.766949	-1.684978	-27.646082	1.120374	-0.958409	-28.121469	-0.033864	-2.055539	-27.680912	1.155328	-0.956893	-28.103518	-0.014948	-2.074947	-27.634405	1.167404	-0.970365	-28.100401	-0.051750	-2.085714	-28.186141	0.957296	-1.199492	-28.175853	1.000874	-1.252002	-27.810380	0.945980	-1.224671	-27.834784	0.976611	-1.303349	-28.176512	0.431361	-1.167652	-27.852249	0.481133	-1.238641	-28.164864	-0.066214	-1.162556	-28.172311	-0.035215	-1.157627	-27.834510	-0.076781	-1.237304	-27.833491	-0.048729	-1.283871
2541	35.289349	00:00:35:21	-27.988277	1.702748	-1.212496	-27.908359	1.618156	-1.128380	-28.033032	1.630612	-1.100945	-28.029520	1.580323	-1.284751	-27.993650	1.558449	-1.233399	-28.191014	1.557927	-1.214697	-27.897023	1.592949	-1.278653	-27.894485	1.327613	-1.096587	-28.004698	0.780883	-1.636100	-27.649757	1.141521	-0.978803	-28.081087	-0.040066	-2.082020	-27.640059	1.141240	-0.965875	-28.084596	-0.055558	-2.073162	-27.627290	1.158022	-0.937142	-28.096391	-0.055439	-2.070051	-28.199143	0.966707	-1.149164	-28.203078	0.989718	-1.205613	-27.814889	0.981970	-1.220406	-27.859149	0.995573	-1.319972	-28.211881	0.477108	-1.182551	-27.844376	0.419919	-1.267526	-28.178549	-0.071677	-1.156193	-28.183116	-0.038746	-1.184669	-27.825499	-0.087443	-1.197099	-27.888743	-0.018112	-1.256133
2542	35.303242	00:00:35:22	-27.976965	1.675028	-1.222690	-27.907089	1.606780	-1.139651	-28.028564	1.639772	-1.120406	-28.018773	1.580574	-1.236079	-28.002519	1.549270	-1.209677	-28.170395	1.587169	-1.178368	-27.864769	1.581748	-1.257934	-27.924300	1.361701	-1.081387	-27.960338	0.788235	-1.679418	-27.646772	1.143764	-0.955917	-28.065355	-0.046172	-2.044921	-27.635583	1.150680	-0.951127	-28.097228	-0.075085	-2.072032	-27.602743	1.150855	-0.964562	-28.110496	-0.070337	-2.067759	-28.169679	0.969717	-1.167256	-28.190953	0.994833	-1.201174	-27.825633	0.968900	-1.243920	-27.836510	1.029460	-1.312350	-28.205847	0.475761	-1.177320	-27.858119	0.451973	-1.270111	-28.171671	-0.052306	-1.102162	-28.169112	-0.092130	-1.171107	-27.823220	-0.065343	-1.213826	-27.821601	-0.038295	-1.263950
2543	35.317136	00:00:35:23	-28.024303	1.697615	-1.221948	-27.927442	1.617028	-1.128917	-28.053455	1.654656	-1.103261	-27.984720	1.557914	-1.235381	-28.000299	1.549887	-1.215169	-28.179351	1.563833	-1.244513	-27.848589	1.574933	-1.283897	-27.892330	1.344879	-1.081019	-28.004403	0.784564	-1.678784	-27.629640	1.107953	-0.981230	-28.093786	-0.040220	-2.078096	-27.642559	1.105289	-0.931535	-28.098164	-0.071735	-2.066936	-27.633670	1.153996	-0.977045	-28.084145	-0.048784	-2.016402	-28.177472	0.958103	-1.170977	-28.196766	0.981120	-1.214392	-27.816152	0.994816	-1.224467	-27.853458	0.990362	-1.306468	-28.149572	0.459960	-1.193886	-27.837778	0.439240	-1.261590	-28.168538	-0.067234	-1.139084	-28.194538	-0.036884	-1.160629	-27.838960	-0.081296	-1.241960	-27.845459	-0.079024	-1.311596
2544	35.331029	00:00:35:24	-27.993434	1.712596	-1.217207	-27.915135	1.607422	-1.149402	-28.043103	1.613916	-1.134027	-28.002810	1.580393	-1.258916	-27.969934	1.562708	-1.206932	-28.166732	1.561074	-1.217817	-27.855459	1.586414	-1.282636	-27.909382	1.362903	-1.069649	-27.997045	0.785244	-1.700296	-27.635636	1.170946	-0.958698	-28.105889	-0.048629	-2.066759	-27.626289	1.134854	-0.964973	-28.085935	-0.039557	-2.077878	-27.623807	1.134281	-0.937646	-28.091123	-0.058380	-2.066492	-28.196237	0.971631	-1.163169	-28.195762	1.007638	-1.218198	-27.834068	1.015928	-1.277291	-27.844990	0.974451	-1.290503	-28.218771	0.466927	-1.169645	-27.843190	0.463850	-1.284601	-28.191658	-0.060309	-1.146972	-28.210098	-0.042206	-1.189180	-27.829439	-0.078020	-1.255371	-27.866976	-0.007239	-1.268483
2545	35.344923	00:00:35:25	-28.051093	1.715365	-1.216519	-27.954392	1.639899	-1.136775	-28.001951	1.647621	-1.114021	-28.012051	1.571222	-1.262625	-28.000391	1.535717	-1.233412	-28.128069	1.556350	-1.191872	-27.853969	1.578522	-1.289588	-27.898903	1.354206	-1.065888	-27.977365	0.766608	-1.667921	-27.626394	1.139198	-0.997043	-28.094270	-0.043328	-2.101617	-27.633948	1.194868	-0.958678	-28.093681	-0.009019	-2.075204	-27.651210	1.161647	-0.953602	-28.103943	-0.073318	-2.071907	-28.197743	0.982090	-1.139205	-28.195856	0.998290	-1.189980	-27.830503	0.961251	-1.256218	-27.842031	0.993793	-1.294605	-28.178304	0.461984	-1.181886	-27.854805	0.486408	-1.255548	-28.191098	-0.061459	-1.128407	-28.185127	-0.043970	-1.217284	-27.859861	-0.072675	-1.249944	-27.863108	-0.035383	-1.287769
2546	35.358816	00:00:35:26	-28.017930	1.690450	-1.219048	-27.936688	1.635999	-1.142308	-28.022430	1.647213	-1.085820	-28.021781	1.573954	-1.230670	-27.988593	1.563865	-1.218081	-28.166607	1.543303	-1.211556	-27.867768	1.591121	-1.277236	-27.904987	1.343204	-1.101178	-27.942215	0.747498	-1.670998	-27.672215	1.144816	-0.964161	-28.082301	-0.069589	-2.094020	-27.633291	1.144533	-0.977954	-28.081610	-0.041181	-2.071074	-27.634205	1.129280	-0.968469	-28.082364	-0.073029	-2.070487	-28.167880	0.944779	-1.140956	-28.203657	0.980927	-1.214420	-27.809491	0.964989	-1.235985	-27.851242	0.973989	-1.277690	-28.187503	0.481716	-1.218163	-27.841141	0.446935	-1.263494	-28.189747	-0.054060	-1.139346	-28.165044	-0.046452	-1.158361	-27.831093	-0.050568	-1.197203	-27.861310	-0.025941	-1.255420
2547	35.372709	00:00:35:27	-28.012892	1.697869	-1.237237	-27.939725	1.604950	-1.125557	-28.020516	1.602171	-1.120905	-28.018196	1.570260	-1.259432	-28.000270	1.592802	-1.219787	-28.194587	1.541528	-1.202464	-27.877221	1.558776	-1.289656	-27.898936	1.347763	-1.073926	-27.971678	0.750333	-1.663127	-27.653790	1.133921	-0.985327	-28.109656	-0.045634	-2.095143	-27.633373	1.124444	-0.961473	-28.102970	-0.061198	-2.060751	-27.645139	1.130166	-0.962086	-28.085371	-0.026284	-2.042081	-28.176795	0.959613	-1.166727	-28.188234	1.000283	-1.183086	-27.836979	0.986602	-1.259226	-27.841715	1.014611	-1.324742	-28.202802	0.453724	-1.171711	-27.837653	0.485113	-1.259292	-28.153019	-0.057698	-1.130608	-28.208522	-0.043483	-1.185397	-27.798225	-0.065654	-1.210996	-27.841247	-0.047438	-1.278125
2548	35.386603	00:00:35:28	-27.999673	1.698505	-1.232294	-27.917197	1.657574	-1.120441	-28.054629	1.631220	-1.122094	-28.030092	1.569830	-1.259190	-28.022218	1.542045	-1.192974	-28.146094	1.556292	-1.227574	-27.867790	1.562569	-1.292359	-27.889819	1.370094	-1.057878	-27.967930	0.773723	-1.674937	-27.604954	1.147146	-0.966234	-28.101399	-0.049595	-2.079199	-27.651106	1.134827	-0.964644	-28.091660	-0.030192	-2.037558	-27.644172	1.161457	-0.956219	-28.101352	-0.042272	-2.066611	-28.145258	0.938633	-1.161240	-28.177142	0.982860	-1.223890	-27.827573	0.992315	-1.221838	-27.894312	1.005549	-1.331044	-28.177831	0.453308	-1.179949	-27.837215	0.459041	-1.277980	-28.173838	-0.077557	-1.142226	-28.181137	-0.033898	-1.217102	-27.863639	-0.088106	-1.243864	-27.836169	-0.032632	-1.259240
2549	35.400496	00:00:35:29	-28.007853	1.674156	-1.227206	-27.923346	1.639114	-1.160133	-28.032852	1.638030	-1.124479	-28.006856	1.588275	-1.302982	-28.010912	1.562127	-1.219202	-28.180562	1.558374	-1.214459	-27.877995	1.524295	-1.271041	-27.880117	1.344012	-1.070306	-27.975228	0.774115	-1.673078	-27.642538	1.159952	-0.931450	-28.087156	-0.069418	-2.058995	-27.668714	1.168657	-0.960740	-28.103298	-0.062375	-2.046663	-27.645692	1.164288	-0.959963	-28.088693	-0.049722	-2.055521	-28.158628	0.977588	-1.141228	-28.218689	0.982233	-1.232223	-27.827301	0.964093	-1.249064	-27.835669	0.961277	-1.271842	-28.188676	0.475290	-1.197548	-27.857439	0.457123	-1.261423	-28.174111	-0.106261	-1.173151	-28.175241	-0.072107	-1.224736	-27.798361	-0.051209	-1.222176	-27.862096	-0.029145	-1.281001
2550	35.414390	00:00:35:30	-28.010593	1.727559	-1.235122	-27.929273	1.622370	-1.133251	-28.048723	1.643775	-1.117937	-27.987005	1.540500	-1.235626	-27.997386	1.525544	-1.235586	-28.153088	1.597719	-1.211172	-27.849118	1.576280	-1.268048	-27.891170	1.350402	-1.066686	-27.977309	0.741797	-1.676456	-27.633243	1.157583	-0.959353	-28.087179	-0.048536	-2.074459	-27.660858	1.155487	-0.960847	-28.134642	-0.046212	-2.044393	-27.646864	1.142019	-0.978720	-28.086599	-0.030220	-2.035848	-28.183678	0.991725	-1.158909	-28.183236	0.974242	-1.215450	-27.829568	0.961933	-1.229329	-27.830249	0.974068	-1.288608	-28.191650	0.447566	-1.215470	-27.854840	0.466243	-1.238731	-28.171623	-0.040671	-1.130401	-28.201922	-0.033774	-1.169473	-27.826117	-0.084575	-1.243071	-27.877001	-0.062352	-1.257425
2551	35.428283	00:00:35:31	-28.017719	1.688773	-1.227654	-27.939051	1.625215	-1.154244	-28.056930	1.635540	-1.124741	-28.032234	1.570083	-1.289239	-27.993513	1.562596	-1.211271	-28.141452	1.553950	-1.220230	-27.882969	1.586592	-1.303232	-27.880291	1.335024	-1.094126	-27.982501	0.750769	-1.650377	-27.635212	1.136642	-0.943400	-28.113920	-0.036898	-2.052809	-27.628760	1.166169	-0.961417	-28.047521	-0.054881	-2.062239	-27.605711	1.166399	-0.962396	-28.120232	-0.080455	-2.066562	-28.176024	0.953310	-1.154315	-28.190131	1.014143	-1.250012	-27.864605	0.948586	-1.223399	-27.830463	0.991949	-1.311224	-28.188195	0.476187	-1.166773	-27.820005	0.456564	-1.258937	-28.161851	-0.075569	-1.130247	-28.181153	-0.063771	-1.170998	-27.829979	-0.050330	-1.198571	-27.840290	-0.035293	-1.267662
2552	35.442177	00:00:35:32	-28.022876	1.696461	-1.240452	-27.942369	1.666173	-1.160929	-28.056479	1.642828	-1.108918	-27.998669	1.541729	-1.223965	-28.020104	1.576677	-1.222578	-28.180320	1.558454	-1.177235	-27.879327	1.563546	-1.262030	-27.905800	1.359109	-1.091309	-27.991289	0.762295	-1.653177	-27.633711	1.147645	-0.943840	-28.089042	-0.062956	-2.061957	-27.641169	1.143625	-0.960830	-28.090009	-0.042217	-2.032536	-27.655461	1.161584	-0.984994	-28.108361	-0.054323	-2.052165	-28.176641	0.981827	-1.136601	-28.197804	1.019710	-1.192044	-27.838027	0.982101	-1.249336	-27.865319	0.996910	-1.292912	-28.178362	0.452138	-1.147013	-27.846319	0.443377	-1.249318	-28.190685	-0.102020	-1.129901	-28.219468	-0.044385	-1.172171	-27.845873	-0.084855	-1.263015	-27.822748	-0.049330	-1.251598
2553	35.456070	00:00:35:33	-28.009136	1.694631	-1.263301	-27.927293	1.630386	-1.193149	-28.021252	1.595496	-1.080618	-28.002001	1.549961	-1.266102	-28.019591	1.568584	-1.191356	-28.146776	1.582572	-1.196452	-27.886032	1.578494	-1.294599	-27.915495	1.363831	-1.074647	-27.966869	0.734841	-1.701160	-27.667051	1.157590	-0.960076	-28.124828	-0.089258	-2.072818	-27.633791	1.152379	-0.919314	-28.086079	-0.049774	-2.045427	-27.630916	1.157025	-0.962242	-28.045626	-0.053809	-2.076913	-28.195257	1.000022	-1.189507	-28.175788	1.016625	-1.195749	-27.829987	0.936444	-1.246178	-27.841641	0.986640	-1.291273	-28.152458	0.464602	-1.173778	-27.831587	0.448684	-1.278505	-28.179975	-0.081841	-1.160080	-28.161474	-0.041325	-1.200898	-27.809028	-0.085836	-1.193066	-27.821114	-0.049322	-1.268446
2554	35.469964	00:00:35:34	-28.019833	1.715877	-1.230768	-27.919983	1.609510	-1.138053	-28.070087	1.642977	-1.102527	-28.052070	1.557664	-1.233989	-28.026352	1.581940	-1.225692	-28.168794	1.585178	-1.206087	-27.875205	1.607415	-1.299127	-27.903430	1.361448	-1.084738	-28.015656	0.753812	-1.617779	-27.648033	1.148708	-0.969347	-28.081317	-0.053220	-2.051253	-27.606948	1.179766	-0.970664	-28.117729	-0.022786	-2.066121	-27.641091	1.160990	-0.944856	-28.111015	-0.075724	-2.056326	-28.202269	0.939014	-1.174186	-28.179060	1.040436	-1.188486	-27.872922	0.955611	-1.237806	-27.830109	0.983344	-1.275006	-28.206672	0.432616	-1.179906	-27.832527	0.479081	-1.209360	-28.192465	-0.085556	-1.130053	-28.174070	-0.033206	-1.195982	-27.840258	-0.070530	-1.232970	-27.835317	-0.052205	-1.288836
2555	35.483857	00:00:35:35	-28.011464	1.693848	-1.231055	-27.952195	1.628425	-1.115084	-28.056391	1.642513	-1.137756	-28.014481	1.559029	-1.230730	-28.006869	1.567847	-1.180000	-28.158549	1.571901	-1.187731	-27.871415	1.586325	-1.261829	-27.919331	1.372687	-1.072733	-27.963799	0.749917	-1.669507	-27.615133	1.153783	-0.973258	-28.073235	-0.059998	-2.066577	-27.658524	1.165136	-0.951582	-28.120505	-0.042493	-2.063322	-27.643041	1.158743	-0.920904	-28.078688	-0.078816	-2.045718	-28.171007	0.938979	-1.133132	-28.210617	1.021824	-1.208858	-27.817422	0.977000	-1.216446	-27.865285	1.017151	-1.324476	-28.172804	0.461023	-1.221187	-27.815905	0.471029	-1.276047	-28.197367	-0.066914	-1.172706	-28.189930	-0.069078	-1.180071	-27.838910	-0.089658	-1.201050	-27.837084	-0.064566	-1.256155
2556	35.497750	00:00:35:36	-28.024024	1.682138	-1.228426	-27.938380	1.607854	-1.158829	-28.046180	1.611268	-1.140699	-28.032170	1.522727	-1.230682	-28.004291	1.553984	-1.218838	-28.170813	1.570723	-1.207282	-27.874669	1.586855	-1.255388	-27.908883	1.368299	-1.051813	-27.957008	0.731336	-1.650824	-27.618686	1.167231	-0.977593	-28.106345	-0.049283	-2.075585	-27.665899	1.166561	-0.957331	-28.111884	-0.007388	-2.074970	-27.628178	1.148145	-0.946827	-28.090133	-0.045804	-2.046120	-28.189862	0.942135	-1.147900	-28.191693	1.008149	-1.191035	-27.841994	0.945967	-1.245443	-27.848594	1.004854	-1.280099	-28.176559	0.447613	-1.174379	-27.866000	0.475377	-1.242997	-28.168188	-0.060441	-1.131383	-28.177062	-0.043096	-1.157755	-27.808148	-0.050611	-1.229805	-27.836482	-0.030237	-1.272106
2557	35.511644	00:00:35:37	-28.010309	1.676742	-1.250334	-27.932628	1.653909	-1.137537	-28.055583	1.624685	-1.106243	-28.026818	1.564581	-1.211598	-28.027310	1.539674	-1.207145	-28.156226	1.589090	-1.174661	-27.865814	1.582384	-1.240759	-27.913591	1.351543	-1.073657	-27.964548	0.770587	-1.661981	-27.614087	1.135047	-0.956347	-28.088281	-0.057973	-2.079434	-27.636503	1.179293	-0.978861	-28.081715	-0.020947	-2.055840	-27.637178	1.136472	-0.937260	-28.086183	-0.013334	-2.060792	-28.177390	0.961554	-1.139832	-28.194856	0.981242	-1.203373	-27.841985	0.952921	-1.241336	-27.866389	0.996919	-1.335711	-28.184738	0.451264	-1.197680	-27.824908	0.458363	-1.246970	-28.168611	-0.098427	-1.129048	-28.208472	-0.062192	-1.185181	-27.810151	-0.075130	-1.244808	-27.842568	-0.043950	-1.271565
2558	35.525537	00:00:35:38	-28.000107	1.670074	-1.239816	-27.927964	1.630124	-1.132850	-28.043118	1.626420	-1.135702	-27.980474	1.544688	-1.256296	-27.988205	1.532641	-1.203739	-28.158470	1.535438	-1.214417	-27.867092	1.553068	-1.276811	-27.931047	1.353649	-1.039043	-27.965721	0.751931	-1.664489	-27.647030	1.154549	-0.950669	-28.091946	-0.015058	-2.063793	-27.644098	1.129062	-0.968586	-28.094418	-0.065471	-2.063907	-27.617519	1.160722	-0.946950	-28.107540	-0.085911	-2.037890	-28.186650	0.913902	-1.158677	-28.203995	0.986616	-1.202027	-27.820894	0.961692	-1.263837	-27.818453	1.013640	-1.305662	-28.204525	0.458798	-1.186637	-27.858801	0.485658	-1.258821	-28.189566	-0.104131	-1.167417	-28.185519	-0.064082	-1.203816	-27.815769	-0.059262	-1.199176	-27.860284	-0.067953	-1.287263
2559	35.539431	00:00:35:39	-28.042134	1.679983	-1.218504	-27.912926	1.644237	-1.163218	-28.040786	1.658436	-1.087906	-28.010739	1.551457	-1.232320	-28.017309	1.530809	-1.212827	-28.167313	1.571922	-1.191454	-27.863994	1.570491	-1.276894	-27.893301	1.338387	-1.075574	-27.986370	0.763522	-1.657503	-27.655592	1.174740	-0.965316	-28.103216	-0.058922	-2.027793	-27.617157	1.153706	-0.966735	-28.110815	-0.059128	-2.075580	-27.636814	1.137110	-0.943633	-28.115999	-0.050704	-2.037341	-28.151133	0.980677	-1.183790	-28.187247	0.996862	-1.205453	-27.824485	0.984006	-1.248598	-27.871878	1.017778	-1.287079	-28.211348	0.468541	-1.151397	-27.819245	0.453750	-1.291607	-28.181099	-0.077994	-1.127713	-28.211180	-0.038295	-1.168381	-27.847617	-0.074551	-1.232790	-27.863634	-0.037658	-1.278275
2560	35.553324	00:00:35:40	-28.017850	1.695415	-1.231930	-27.939376	1.616777	-1.128932	-28.031303	1.640388	-1.126987	-28.013754	1.549342	-1.255666	-28.004833	1.540752	-1.230886	-28.151363	1.568784	-1.178016	-27.889925	1.582858	-1.263436	-27.880484	1.359994	-1.093656	-27.966115	0.755618	-1.717676	-27.626766	1.178026	-0.923985	-28.100720	-0.051993	-2.064448	-27.640043	1.172915	-0.966052	-28.093432	-0.052076	-2.047824	-27.621964	1.187549	-0.940986	-28.091854	-0.028649	-2.042105	-28.187878	0.972466	-1.175400	-28.202721	0.984280	-1.227427	-27.821867	0.980332	-1.240903	-27.868948	0.975078	-1.291785	-28.168695	0.467067	-1.195245	-27.831916	0.457020	-1.246672	-28.137201	-0.076982	-1.136759	-28.205218	-0.041728	-1.187430	-27.817810	-0.044273	-1.234897	-27.816175	-0.012870	-1.252062
2561	35.567218	00:00:35:41	-28.006196	1.692991	-1.227506	-27.943720	1.654511	-1.175922	-28.037762	1.615344	-1.093441	-28.041227	1.527652	-1.234833	-28.011074	1.553357	-1.208363	-28.164674	1.550139	-1.200555	-27.867694	1.581552	-1.296192	-27.897318	1.353832	-1.101469	-27.969755	0.796330	-1.647791	-27.600261	1.159218	-0.953911	-28.089847	-0.032764	-2.061434	-27.617609	1.167795	-0.917846	-28.112128	-0.055089	-2.048650	-27.647099	1.132903	-0.963692	-28.082720	-0.053679	-2.056231	-28.203740	0.970790	-1.164191	-28.217604	0.983039	-1.222229	-27.828824	0.945679	-1.272609	-27.808494	1.029766	-1.296703	-28.203674	0.445850	-1.211963	-27.822273	0.453603	-1.251931	-28.196499	-0.072389	-1.147495	-28.212658	-0.017826	-1.190334	-27.780912	-0.062079	-1.219088	-27.835713	-0.029658	-1.236616
2562	35.581111	00:00:35:42	-28.009389	1.674627	-1.254471	-27.935610	1.607515	-1.136511	-28.020470	1.643815	-1.116189	-27.995559	1.552569	-1.286794	-28.010793	1.548112	-1.193366	-28.154625	1.548876	-1.217463	-27.845139	1.560767	-1.279628	-27.856927	1.318326	-1.116320	-27.967179	0.779754	-1.662523	-27.644474	1.143739	-0.980245	-28.099391	-0.038478	-2.033978	-27.642592	1.185084	-0.946523	-28.104568	-0.038682	-2.075282	-27.631315	1.135415	-0.970068	-28.121838	-0.051473	-2.061123	-28.171549	0.977711	-1.129033	-28.189517	1.006330	-1.213972	-27.790098	0.926423	-1.252009	-27.829101	0.989568	-1.313802	-28.179328	0.476445	-1.134432	-27.823424	0.484502	-1.191232	-28.198554	-0.048502	-1.103077	-28.215098	-0.019939	-1.212382	-27.869519	-0.092124	-1.208619	-27.870776	-0.033673	-1.262510
2563	35.595005	00:00:35:43	-28.016806	1.716673	-1.220171	-27.930445	1.641315	-1.156304	-28.047974	1.646535	-1.111788	-28.022856	1.569079	-1.228777	-27.991399	1.531600	-1.191166	-28.151651	1.558748	-1.198832	-27.889536	1.609383	-1.250610	-27.914949	1.356262	-1.073171	-27.972327	0.736832	-1.654416	-27.696391	1.159210	-0.954846	-28.094577	-0.028860	-2.070894	-27.626534	1.154348	-0.975680	-28.120706	-0.075897	-2.037787	-27.609981	1.174448	-0.942474	-28.089129	-0.000013	-2.055771	-28.190668	0.936635	-1.166862	-28.200081	1.018395	-1.213306	-27.832723	0.968480	-1.264419	-27.868350	0.952616	-1.268463	-28.215225	0.453859	-1.170319	-27.822860	0.459439	-1.283167	-28.209245	-0.072567	-1.120364	-28.189737	-0.051919	-1.184871	-27.862933	-0.070352	-1.248011	-27.866646	-0.063048	-1.258764
2564	35.608898	00:00:35:44	-27.994220	1.658855	-1.230781	-27.929047	1.661259	-1.161700	-28.045028	1.612266	-1.083863	-27.990442	1.552713	-1.246170	-28.034445	1.546534	-1.229792	-28.142042	1.569447	-1.191134	-27.888569	1.555882	-1.253254	-27.919072	1.358916	-1.088644	-27.995837	0.739148	-1.671146	-27.597319	1.181946	-0.967433	-28.091837	-0.032580	-2.051727	-27.627736	1.145623	-0.949367	-28.101235	-0.047064	-2.067221	-27.636809	1.157111	-0.948177	-28.089436	-0.061981	-2.053152	-28.171974	0.973320	-1.154286	-28.178920	1.054796	-1.226570	-27.824030	0.953012	-1.255571	-27.831611	0.990273	-1.288482	-28.210448	0.451410	-1.164204	-27.834674	0.457717	-1.278527	-28.158899	-0.070275	-1.124036	-28.150246	-0.059886	-1.176596	-27.818136	-0.082348	-1.217380	-27.818665	-0.027103	-1.259458
2565	35.622791	00:00:35:45	-28.014075	1.696028	-1.267744	-27.929696	1.608454	-1.130585	-28.070310	1.637034	-1.097332	-28.037265	1.567849	-1.242054	-28.020133	1.555005	-1.198805	-28.138979	1.597645	-1.201930	-27.885676	1.561978	-1.273869	-27.887089	1.369398	-1.086034	-27.996984	0.767018	-1.661769	-27.630045	1.149204	-0.970557	-28.072447	-0.046404	-2.085572	-27.658993	1.175228	-0.935072	-28.096517	-0.037017	-2.066592	-27.630737	1.169969	-0.970842	-28.120641	-0.050390	-2.078191	-28.167386	0.979301	-1.138272	-28.155030	0.966930	-1.210541	-27.820717	0.941152	-1.232610	-27.847147	1.017013	-1.310178	-28.170099	0.433449	-1.170384	-27.838879	0.454307	-1.256968	-28.179387	-0.066671	-1.138252	-28.168031	-0.031275	-1.197383	-27.814584	-0.080236	-1.206452	-27.847016	-0.051670	-1.259193
2566	35.636685	00:00:35:46	-28.032088	1.665952	-1.170258	-27.946273	1.605882	-1.148672	-28.026856	1.643613	-1.107430	-28.046951	1.571352	-1.264804	-28.008679	1.549182	-1.207027	-28.151664	1.559512	-1.220936	-27.874959	1.558998	-1.273308	-27.893355	1.355086	-1.087450	-27.966404	0.767660	-1.672583	-27.637355	1.175334	-0.927469	-28.074626	-0.035588	-2.037226	-27.647782	1.140607	-0.917794	-28.076526	-0.034463	-2.060826	-27.633255	1.144537	-0.964476	-28.093162	-0.050008	-2.040857	-28.195544	0.934384	-1.192086	-28.197522	1.003421	-1.192826	-27.841973	0.967535	-1.221742	-27.846409	0.995339	-1.269579	-28.203296	0.455980	-1.181110	-27.850736	0.476963	-1.248222	-28.184232	-0.068228	-1.150912	-28.223010	-0.039425	-1.162239	-27.828947	-0.075994	-1.240602	-27.838659	-0.050225	-1.293366
2567	35.650578	00:00:35:47	-28.024303	1.646188	-1.245921	-27.934136	1.602824	-1.152437	-28.047547	1.614663	-1.117073	-28.004167	1.555443	-1.233811	-27.984141	1.562788	-1.189266	-28.168234	1.571488	-1.201670	-27.883440	1.589942	-1.278588	-27.910749	1.375626	-1.058899	-27.983174	0.768564	-1.648553	-27.633691	1.166260	-0.936925	-28.105230	-0.060885	-2.052046	-27.614841	1.141430	-0.935510	-28.097598	-0.036949	-2.069838	-27.635643	1.179084	-0.968257	-28.089348	-0.062974	-2.050279	-28.167359	0.950439	-1.151564	-28.180611	0.983469	-1.197574	-27.796061	0.970304	-1.241539	-27.808204	1.028246	-1.288580	-28.207692	0.470275	-1.179499	-27.836335	0.488112	-1.301895	-28.203245	-0.034740	-1.138153	-28.168608	-0.030038	-1.169484	-27.781130	-0.078453	-1.213815	-27.881983	-0.038070	-1.293642
2568	35.664472	00:00:35:48	-28.019607	1.651772	-1.220141	-27.918356	1.603974	-1.133584	-28.048071	1.619118	-1.133745	-28.033752	1.600337	-1.232059	-28.027305	1.574756	-1.184067	-28.155069	1.581008	-1.236460	-27.885019	1.588010	-1.234856	-27.885101	1.359376	-1.091901	-28.005635	0.757874	-1.696092	-27.618026	1.153664	-0.917146	-28.088042	-0.039351	-2.098275	-27.668867	1.186050	-0.956370	-28.102597	-0.054790	-2.071747	-27.641614	1.183464	-0.954498	-28.085988	-0.079666	-2.061862	-28.143128	0.965384	-1.148210	-28.180826	0.992708	-1.192131	-27.843102	0.958485	-1.248997	-27.809996	1.001458	-1.287403	-28.203680	0.471075	-1.182653	-27.863626	0.451166	-1.230146	-28.211475	-0.078742	-1.150362	-28.198291	-0.014326	-1.205979	-27.828352	-0.068494	-1.208188	-27.857438	-0.046611	-1.262886
2569	35.678365	00:00:35:49	-28.047927	1.677796	-1.258962	-27.937512	1.654466	-1.109710	-28.014643	1.626522	-1.083665	-27.975288	1.564175	-1.240699	-28.022774	1.541961	-1.214155	-28.163726	1.568469	-1.179914	-27.846219	1.552682	-1.263478	-27.888394	1.347863	-1.051231	-27.983786	0.745576	-1.657163	-27.664498	1.126973	-0.937541	-28.106868	-0.022262	-2.064453	-27.629186	1.162865	-0.943540	-28.111253	-0.041756	-2.094157	-27.653243	1.133801	-0.965363	-28.096744	-0.034933	-2.042516	-28.157259	0.955648	-1.145308	-28.204796	0.992966	-1.218232	-27.841889	0.988059	-1.246106	-27.849056	0.993572	-1.281531	-28.171219	0.463016	-1.192797	-27.855127	0.441219	-1.264732	-28.167310	-0.081619	-1.166087	-28.200424	-0.064961	-1.182211	-27.826194	-0.071918	-1.230542	-27.842862	-0.059322	-1.274983
2570	35.692259	00:00:35:50	-28.008023	1.666031	-1.235231	-27.918639	1.646683	-1.146927	-28.024252	1.599337	-1.084858	-28.002485	1.563206	-1.235760	-28.016090	1.561205	-1.202831	-28.197419	1.530194	-1.246287	-27.849864	1.567076	-1.250229	-27.921699	1.355515	-1.033504	-27.977371	0.747924	-1.678187	-27.611729	1.160152	-0.974490	-28.092432	-0.072434	-2.074415	-27.630771	1.154408	-0.969128	-28.074998	-0.062850	-2.052289	-27.617664	1.143174	-0.937346	-28.112206	-0.055242	-2.068380	-28.163759	0.977147	-1.138091	-28.183549	1.007414	-1.221041	-27.811623	0.962309	-1.225473	-27.844977	0.981408	-1.286098	-28.176076	0.459877	-1.172802	-27.828071	0.453848	-1.264786	-28.184583	-0.080113	-1.140998	-28.167920	-0.058858	-1.199232	-27.852787	-0.093569	-1.228893	-27.831698	-0.028235	-1.268150
2571	35.706152	00:00:35:51	-28.011993	1.683397	-1.226903	-27.901999	1.636644	-1.138385	-28.060509	1.622096	-1.119183	-28.021506	1.559325	-1.218365	-27.999580	1.561080	-1.232847	-28.152738	1.548187	-1.203070	-27.868791	1.571334	-1.255440	-27.885232	1.337273	-1.071490	-27.954266	0.739877	-1.673815	-27.619238	1.158838	-0.930692	-28.077702	-0.012201	-2.084115	-27.624482	1.164551	-0.929156	-28.129615	-0.058374	-2.103392	-27.609065	1.142488	-0.923372	-28.085192	-0.032554	-2.066903	-28.165843	0.966133	-1.182221	-28.195853	0.980590	-1.225555	-27.813240	0.964447	-1.246386	-27.832910	0.966464	-1.266845	-28.164745	0.484884	-1.182779	-27.869325	0.489776	-1.270415	-28.179014	-0.061001	-1.140149	-28.200121	-0.069219	-1.227288	-27.865031	-0.089892	-1.199905	-27.822160	-0.055314	-1.287064
2572	35.720046	00:00:35:52	-27.994484	1.695900	-1.272422	-27.946903	1.635317	-1.135747	-28.035704	1.601220	-1.118130	-28.014159	1.559193	-1.244465	-28.014975	1.535345	-1.202196	-28.155502	1.586929	-1.165347	-27.859540	1.540878	-1.271962	-27.902743	1.333266	-1.097372	-27.968956	0.725940	-1.688842	-27.639522	1.125998	-0.918647	-28.083777	-0.031305	-2.072081	-27.658957	1.152853	-0.916611	-28.088773	-0.019584	-2.039299	-27.593217	1.136497	-0.970757	-28.100762	-0.040876	-2.059775	-28.186460	0.957648	-1.132221	-28.174994	0.989249	-1.211530	-27.854197	0.946746	-1.220622	-27.822748	1.020376	-1.294813	-28.196110	0.466093	-1.177905	-27.844123	0.469850	-1.220362	-28.177350	-0.065279	-1.130201	-28.208197	-0.054596	-1.175122	-27.812656	-0.077400	-1.207913	-27.820262	-0.035633	-1.247397
2573	35.733939	00:00:35:53	-28.040254	1.659846	-1.227997	-27.938630	1.634943	-1.130420	-28.068098	1.604040	-1.098006	-28.013924	1.526826	-1.236251	-27.970525	1.544060	-1.178314	-28.175862	1.541973	-1.204032	-27.862955	1.543802	-1.249287	-27.884075	1.362795	-1.056445	-27.986778	0.779792	-1.658141	-27.654578	1.197583	-0.934040	-28.108331	-0.054760	-2.061197	-27.610194	1.148327	-0.960104	-28.104282	-0.054429	-2.059505	-27.633374	1.141030	-0.966012	-28.095577	-0.043614	-2.063771	-28.179611	0.956506	-1.142251	-28.195455	1.003437	-1.194945	-27.850904	0.935076	-1.240893	-27.867348	0.991739	-1.260336	-28.153689	0.455624	-1.203071	-27.871418	0.469679	-1.264187	-28.159048	-0.063637	-1.149774	-28.181925	-0.034539	-1.195755	-27.812435	-0.075878	-1.227578	-27.856671	-0.060647	-1.249764
2574	35.747832	00:00:35:54	-27.989889	1.689927	-1.243377	-27.921370	1.630903	-1.111245	-28.036034	1.600239	-1.130287	-28.023753	1.534424	-1.227890	-28.025773	1.531891	-1.192097	-28.153827	1.567036	-1.230429	-27.871745	1.584689	-1.250932	-27.901806	1.352114	-1.067146	-27.960537	0.733785	-1.648467	-27.614076	1.138055	-0.946402	-28.098149	-0.049543	-2.048888	-27.641395	1.178842	-0.923340	-28.110067	-0.035769	-2.074196	-27.643555	1.150677	-0.935368	-28.115650	-0.046998	-2.069040	-28.181104	0.954016	-1.138884	-28.176872	0.993136	-1.225797	-27.807294	0.931058	-1.249539	-27.822658	0.964422	-1.285036	-28.173762	0.463034	-1.155405	-27.840102	0.459635	-1.259075	-28.159300	-0.108256	-1.132496	-28.208379	-0.075623	-1.169718	-27.851342	-0.092451	-1.208688	-27.879046	-0.026153	-1.247613
2575	35.761726	00:00:35:55	-28.018589	1.662977	-1.240345	-27.919494	1.641409	-1.120862	-28.015259	1.661118	-1.090148	-28.009742	1.570731	-1.230238	-27.996081	1.547544	-1.203708	-28.169278	1.582664	-1.210454	-27.880463	1.563129	-1.254671	-27.909760	1.353840	-1.070417	-28.006955	0.716603	-1.676852	-27.619075	1.138472	-0.923726	-28.091908	-0.060375	-2.065697	-27.630829	1.155994	-0.910935	-28.082924	-0.041950	-2.040661	-27.650824	1.148054	-0.935565	-28.067100	-0.043319	-2.041611	-28.196907	0.961845	-1.154604	-28.229348	1.010881	-1.214765	-27.836652	0.960512	-1.241430	-27.857953	0.979462	-1.291648	-28.198850	0.468660	-1.179172	-27.821955	0.485527	-1.246279	-28.164548	-0.059935	-1.089684	-28.180424	-0.050711	-1.189443	-27.840731	-0.049887	-1.223478	-27.856024	-0.046053	-1.264993
2576	35.775619	00:00:35:56	-28.013739	1.685078	-1.241784	-27.916953	1.645900	-1.146034	-28.079254	1.645550	-1.084095	-28.014971	1.563643	-1.261347	-28.007495	1.525862	-1.211225	-28.189918	1.592116	-1.204429	-27.881483	1.586704	-1.262428	-27.896105	1.368724	-1.102589	-27.936866	0.783166	-1.659691	-27.650632	1.138979	-0.955820	-28.075383	-0.080253	-2.081020	-27.662559	1.164450	-0.903368	-28.097977	-0.002435	-2.087610	-27.652647	1.156191	-0.950553	-28.090786	-0.035442	-2.080099	-28.154782	0.950527	-1.150692	-28.162836	0.978535	-1.190210	-27.818130	0.967039	-1.218967	-27.823672	0.994477	-1.310681	-28.164658	0.476923	-1.186209	-27.870534	0.472864	-1.226217	-28.214094	-0.067688	-1.110184	-28.181788	-0.037763	-1.183990	-27.839605	-0.079467	-1.213643	-27.824316	-0.051699	-1.255454
2577	35.789513	00:00:35:57	-28.011177	1.693974	-1.197256	-27.930351	1.653909	-1.124348	-28.051048	1.640587	-1.107926	-27.977090	1.569026	-1.222613	-27.993945	1.522914	-1.215123	-28.180191	1.543314	-1.222032	-27.855649	1.569932	-1.306761	-27.892433	1.360552	-1.078452	-27.978168	0.730559	-1.662002	-27.630686	1.161795	-0.901308	-28.122489	-0.038841	-2.068139	-27.580607	1.153512	-0.921099	-28.096856	-0.040236	-2.082875	-27.659235	1.169260	-0.938137	-28.092664	-0.038835	-2.056645	-28.191643	0.949008	-1.153687	-28.203348	1.035825	-1.216651	-27.835645	0.978476	-1.244703	-27.863618	0.984634	-1.245722	-28.194166	0.438708	-1.182931	-27.846725	0.435102	-1.258518	-28.191275	-0.074423	-1.146715	-28.195255	-0.053895	-1.207445	-27.856417	-0.020450	-1.226506	-27.844291	-0.052747	-1.250216
2578	35.803406	00:00:35:58	-28.015349	1.681499	-1.222974	-27.940293	1.622455	-1.149619	-28.084171	1.637629	-1.065256	-28.036472	1.574674	-1.210187	-28.028081	1.559457	-1.226705	-28.156806	1.537772	-1.181810	-27.882586	1.545418	-1.264066	-27.907667	1.359656	-1.048813	-27.999677	0.765372	-1.680304	-27.639042	1.177807	-0.924156	-28.060896	-0.026462	-2.054610	-27.608815	1.139255	-0.952449	-28.092549	-0.053136	-2.076651	-27.628411	1.172488	-0.960935	-28.111533	-0.042992	-2.027924	-28.157512	0.938341	-1.166415	-28.207904	0.983036	-1.189718	-27.825476	0.965557	-1.244080	-27.810419	1.012192	-1.285362	-28.154112	0.469650	-1.177635	-27.876521	0.449921	-1.222269	-28.185810	-0.050927	-1.132515	-28.174204	-0.041477	-1.189173	-27.845747	-0.055947	-1.249244	-27.822103	-0.059163	-1.268040
2579	35.817300	00:00:35:59	-28.019790	1.698293	-1.242869	-27.949863	1.633114	-1.133399	-28.083884	1.630013	-1.097769	-28.031123	1.601801	-1.213958	-28.019739	1.550210	-1.197847	-28.184755	1.541997	-1.194598	-27.876373	1.608484	-1.268844	-27.895014	1.345995	-1.071205	-27.968935	0.746622	-1.663477	-27.645490	1.170841	-0.949161	-28.092789	-0.056607	-2.079092	-27.642898	1.147791	-0.940344	-28.046711	-0.065779	-2.078659	-27.617348	1.141684	-0.962528	-28.101668	-0.043827	-2.032155	-28.165345	0.938843	-1.125756	-28.174345	1.012216	-1.223529	-27.837234	0.948901	-1.241211	-27.824281	1.005961	-1.267857	-28.159133	0.454869	-1.167081	-27.855613	0.483070	-1.234648	-28.178493	-0.075377	-1.121943	-28.170252	-0.045871	-1.203376	-27.818398	-0.102707	-1.220467	-27.837869	-0.039399	-1.274623
2580	35.831193	00:00:35:60	-28.008936	1.661818	-1.220924	-27.933334	1.641097	-1.159434	-28.053363	1.648903	-1.097628	-28.053523	1.580838	-1.265038	-27.998815	1.546035	-1.194274	-28.160105	1.572058	-1.219160	-27.858621	1.555969	-1.249290	-27.870675	1.382000	-1.058066	-28.002670	0.774324	-1.684826	-27.650164	1.155269	-0.942893	-28.095591	-0.019198	-2.032567	-27.641873	1.164239	-0.930862	-28.115124	-0.033659	-2.069769	-27.647475	1.133609	-0.939489	-28.105275	-0.052318	-2.071355	-28.179797	0.949639	-1.146537	-28.167018	0.988717	-1.211816	-27.853036	0.973561	-1.244012	-27.846309	0.986641	-1.255949	-28.192072	0.480227	-1.186801	-27.832122	0.459936	-1.233070	-28.222328	-0.064162	-1.127735	-28.190744	-0.044020	-1.176303	-27.827403	-0.066881	-1.212056	-27.814553	-0.045598	-1.292975
2581	35.845087	00:00:35:61	-28.007394	1.691352	-1.259084	-27.935628	1.648803	-1.159000	-28.038039	1.642590	-1.086334	-27.992890	1.570279	-1.221229	-28.017736	1.522702	-1.223767	-28.171702	1.553977	-1.212514	-27.875327	1.550464	-1.292424	-27.868612	1.360324	-1.071127	-28.005362	0.786842	-1.656958	-27.612133	1.149429	-0.971670	-28.074858	-0.025757	-2.086593	-27.630018	1.171818	-0.933886	-28.108956	-0.032601	-2.033770	-27.635458	1.146298	-0.943288	-28.100140	-0.023953	-2.056494	-28.192611	0.978181	-1.162317	-28.204828	0.961587	-1.182774	-27.857853	0.979729	-1.245817	-27.845086	0.997995	-1.287198	-28.208132	0.471219	-1.185298	-27.858384	0.454667	-1.271639	-28.169871	-0.060031	-1.141368	-28.167432	-0.028020	-1.199054	-27.809332	-0.042289	-1.207288	-27.824775	-0.053082	-1.288060
2582	35.858980	00:00:35:62	-28.026296	1.699456	-1.233599	-27.936412	1.605028	-1.166633	-28.046519	1.611118	-1.097261	-28.008207	1.565181	-1.250846	-28.001762	1.559337	-1.201018	-28.135621	1.553125	-1.216339	-27.873376	1.578482	-1.278218	-27.918941	1.356097	-1.062850	-27.979912	0.755580	-1.705759	-27.644636	1.151223	-0.946575	-28.073355	-0.077181	-2.050530	-27.619097	1.137771	-0.936555	-28.116196	-0.045650	-2.070711	-27.660997	1.154353	-0.912547	-28.067335	-0.039539	-2.063847	-28.169866	0.980335	-1.146196	-28.201592	0.997277	-1.226937	-27.855615	0.909439	-1.233019	-27.799446	0.976843	-1.294332	-28.184104	0.486669	-1.182454	-27.830383	0.451333	-1.264069	-28.189941	-0.074699	-1.153691	-28.211452	-0.037412	-1.202833	-27.820929	-0.073574	-1.219601	-27.833050	-0.046130	-1.249997
2583	35.872873	00:00:35:63	-28.009118	1.692018	-1.290649	-27.932940	1.607452	-1.144919	-28.073334	1.628857	-1.140839	-28.027613	1.547825	-1.261437	-28.008647	1.528301	-1.215936	-28.164742	1.549325	-1.182501	-27.882263	1.585784	-1.244032	-27.907865	1.369154	-1.073556	-27.963692	0.765853	-1.662643	-27.611055	1.162475	-0.937869	-28.090991	-0.043820	-2.042148	-27.609050	1.191040	-0.954466	-28.091341	-0.064805	-2.088588	-27.627336	1.165519	-0.889662	-28.104433	-0.048084	-2.074522	-28.184638	0.968947	-1.165455	-28.174059	1.004923	-1.193476	-27.801792	0.984033	-1.225426	-27.839759	0.989425	-1.298269	-28.177330	0.466908	-1.204276	-27.870749	0.430110	-1.239632	-28.157470	-0.057499	-1.144077	-28.226742	-0.053306	-1.193799	-27.850490	-0.044343	-1.184592	-27.822687	-0.038403	-1.273883
2584	35.886767	00:00:35:64	-28.012154	1.682825	-1.240140	-27.920714	1.674399	-1.156502	-28.039685	1.642570	-1.086738	-28.033562	1.565382	-1.253494	-27.989043	1.563234	-1.237539	-28.148560	1.514219	-1.204857	-27.870162	1.567425	-1.275925	-27.901339	1.351012	-1.068029	-27.991906	0.743229	-1.648364	-27.633261	1.162265	-0.919372	-28.101642	-0.042212	-2.081946	-27.607181	1.152920	-0.910479	-28.085003	-0.021357	-2.078855	-27.645987	1.139712	-0.955287	-28.091700	-0.064021	-2.098683	-28.176187	0.955629	-1.149011	-28.190163	1.039263	-1.238031	-27.820877	0.963284	-1.238394	-27.824504	0.987547	-1.284026	-28.194286	0.443508	-1.152146	-27.830517	0.451580	-1.287192	-28.193909	-0.068123	-1.112847	-28.150757	-0.037270	-1.151582	-27.825525	-0.065925	-1.234186	-27.849343	-0.045872	-1.256246
2585	35.900660	00:00:35:65	-28.001024	1.676198	-1.198904	-27.935175	1.639155	-1.102114	-28.045074	1.669422	-1.109107	-28.020950	1.564799	-1.220255	-28.026705	1.565640	-1.190513	-28.153704	1.522265	-1.194085	-27.875986	1.584635	-1.282831	-27.889335	1.345616	-1.064793	-27.970904	0.747935	-1.640204	-27.611040	1.163816	-0.942317	-28.092829	-0.049647	-2.093543	-27.636707	1.187532	-0.947066	-28.088997	-0.066175	-2.028492	-27.636685	1.169658	-0.890456	-28.054837	-0.045900	-2.042419	-28.202194	0.952463	-1.132715	-28.184528	0.993481	-1.198973	-27.827918	0.987249	-1.205138	-27.831023	1.003229	-1.307779	-28.183498	0.446465	-1.155252	-27.823739	0.467583	-1.266429	-28.196782	-0.035246	-1.127704	-28.191726	-0.046201	-1.170498	-27.812950	-0.070300	-1.202541	-27.837426	-0.059691	-1.257119
2586	35.914554	00:00:35:66	-28.005642	1.679993	-1.212634	-27.960457	1.617387	-1.164375	-28.011717	1.661087	-1.125885	-28.001453	1.551458	-1.208255	-28.022839	1.542143	-1.194197	-28.178639	1.568436	-1.196734	-27.882450	1.565322	-1.295804	-27.912696	1.371718	-1.068068	-27.994643	0.765255	-1.665310	-27.641927	1.171702	-0.920987	-28.086847	-0.068206	-2.080054	-27.629315	1.135390	-0.931201	-28.087566	-0.044774	-2.045209	-27.647254	1.155520	-0.930560	-28.083006	-0.071380	-2.085775	-28.209787	0.954271	-1.133358	-28.197754	1.000358	-1.203134	-27.821697	0.967886	-1.245800	-27.800124	0.990159	-1.303032	-28.154407	0.472447	-1.168853	-27.811421	0.438918	-1.258950	-28.167386	-0.054542	-1.144430	-28.193290	-0.029552	-1.192977	-27.810527	-0.071476	-1.218181	-27.867537	-0.054319	-1.313012
2587	35.928447	00:00:35:67	-27.976301	1.691442	-1.238515	-27.934598	1.614438	-1.157917	-28.040663	1.626486	-1.106527	-28.023027	1.568612	-1.211048	-28.010683	1.531774	-1.192359	-28.188576	1.584831	-1.209401	-27.873815	1.573506	-1.265938	-27.902773	1.350207	-1.074847	-28.001316	0.753963	-1.678256	-27.622430	1.209777	-0.934793	-28.102587	-0.054003	-2.047588	-27.674077	1.154017	-0.949721	-28.066727	-0.062368	-2.071969	-27.633509	1.185026	-0.937258	-28.068355	-0.034055	-2.094539	-28.190014	0.963255	-1.152277	-28.173534	0.999159	-1.194309	-27.856275	0.971461	-1.256695	-27.861976	0.984673	-1.314772	-28.220337	0.471533	-1.164462	-27.830611	0.457235	-1.270287	-28.214270	-0.056828	-1.154353	-28.210710	-0.030773	-1.147260	-27.834092	-0.055189	-1.211267	-27.857774	-0.074531	-1.252945
2588	35.942341	00:00:35:68	-28.053313	1.740889	-1.198585	-27.958917	1.605954	-1.138463	-28.051569	1.615585	-1.086301	-28.040289	1.545944	-1.224980	-28.005247	1.579716	-1.206558	-28.146509	1.557824	-1.184694	-27.870511	1.545992	-1.258599	-27.898737	1.338143	-1.077402	-27.987099	0.732802	-1.687841	-27.631248	1.194668	-0.948894	-28.111048	-0.061674	-2.049569	-27.639965	1.165481	-0.893032	-28.088683	-0.069893	-2.099935	-27.653326	1.179250	-0.930709	-28.103729	-0.057462	-2.078090	-28.193583	0.973920	-1.141575	-28.182686	0.994251	-1.195649	-27.808637	0.964047	-1.248609	-27.845152	0.949329	-1.299250	-28.184595	0.453616	-1.178346	-27.840475	0.502480	-1.251643	-28.202879	-0.070241	-1.140174	-28.206821	-0.021861	-1.204039	-27.825749	-0.070996	-1.272523	-27.860450	-0.045104	-1.272941
2589	35.956234	00:00:35:69	-28.003224	1.671170	-1.230427	-27.907298	1.637240	-1.173380	-28.036197	1.659822	-1.083045	-28.001404	1.547804	-1.225703	-28.016398	1.536100	-1.221924	-28.170154	1.577817	-1.186843	-27.856024	1.552907	-1.282880	-27.877198	1.360859	-1.037321	-27.958632	0.768381	-1.691565	-27.618405	1.177047	-0.924107	-28.096654	-0.027139	-2.087640	-27.628674	1.183863	-0.920753	-28.098561	-0.047528	-2.066953	-27.619853	1.182219	-0.944966	-28.099602	-0.043520	-2.059273	-28.154092	0.958348	-1.171254	-28.189370	0.962712	-1.191565	-27.851732	0.950967	-1.233337	-27.851490	0.991989	-1.271091	-28.180322	0.477873	-1.160363	-27.845772	0.465215	-1.255725	-28.160436	-0.061196	-1.127196	-28.206117	-0.029245	-1.170807	-27.870784	-0.052961	-1.234938	-27.846233	-0.059346	-1.252863
2590	35.970128	00:00:35:70	-28.010367	1.663544	-1.252929	-27.957477	1.639375	-1.149196	-28.033194	1.655610	-1.102159	-28.003534	1.543392	-1.216033	-27.998323	1.510108	-1.208361	-28.176593	1.547461	-1.197109	-27.837715	1.560203	-1.219737	-27.898859	1.370957	-1.062046	-28.005699	0.793457	-1.658031	-27.644556	1.150165	-0.913562	-28.099935	-0.050371	-2.040312	-27.635553	1.197464	-0.921282	-28.108560	-0.042091	-2.091328	-27.649525	1.122072	-0.921685	-28.104924	-0.053016	-2.048646	-28.189487	0.932629	-1.141206	-28.210542	0.974993	-1.202143	-27.815166	0.988118	-1.252056	-27.870104	1.005062	-1.282597	-28.194519	0.468790	-1.165383	-27.813121	0.488783	-1.277071	-28.194190	-0.060326	-1.132383	-28.186561	-0.079981	-1.197625	-27.777441	-0.095455	-1.223917	-27.857350	-0.034474	-1.252601
2591	35.984021	00:00:35:71	-28.011224	1.659249	-1.241561	-27.944437	1.621382	-1.124931	-28.034885	1.655333	-1.135049	-28.012691	1.581699	-1.240997	-28.012087	1.548428	-1.200774	-28.152062	1.571767	-1.177242	-27.858359	1.551350	-1.253864	-27.901746	1.360907	-1.061429	-27.963174	0.749714	-1.666850	-27.652744	1.149779	-0.913956	-28.111792	-0.064432	-2.064025	-27.615980	1.155132	-0.946764	-28.079442	-0.002299	-2.031763	-27.636143	1.171804	-0.913386	-28.110489	-0.032065	-2.078904	-28.195823	0.957732	-1.168747	-28.204405	0.998526	-1.213501	-27.839362	0.962007	-1.234153	-27.856596	0.997292	-1.294531	-28.186034	0.477485	-1.183161	-27.822827	0.450505	-1.247686	-28.148160	-0.084867	-1.151075	-28.201049	-0.017781	-1.182968	-27.841349	-0.079298	-1.214892	-27.813535	-0.016214	-1.308859
2592	35.997914	00:00:35:00	-28.016675	1.672048	-1.249941	-27.927920	1.639516	-1.090762	-28.037668	1.630644	-1.092832	-28.019539	1.574385	-1.277533	-27.989144	1.565942	-1.229188	-28.153379	1.550087	-1.221748	-27.865807	1.574313	-1.286502	-27.905201	1.393372	-1.044578	-27.991317	0.753960	-1.671830	-27.638005	1.162661	-0.942978	-28.097865	-0.039738	-2.075365	-27.655948	1.186077	-0.944681	-28.091886	-0.044375	-2.063534	-27.653230	1.156044	-0.921423	-28.091955	-0.036529	-2.057344	-28.183947	0.968127	-1.145664	-28.209887	0.976546	-1.203806	-27.817156	0.935831	-1.226690	-27.841685	0.981004	-1.302646	-28.192239	0.474213	-1.175369	-27.820483	0.487319	-1.268721	-28.198070	-0.056639	-1.162326	-28.200786	-0.040553	-1.176968	-27.834841	-0.079525	-1.204425	-27.856808	-0.024792	-1.281141
2593	36.011808	00:00:36:01	-28.022534	1.715835	-1.200095	-27.952007	1.621562	-1.095382	-28.001631	1.643378	-1.112453	-27.987319	1.560428	-1.261205	-28.013759	1.524534	-1.180007	-28.161285	1.565921	-1.163648	-27.851152	1.587321	-1.267781	-27.897605	1.371814	-1.068355	-27.964271	0.767416	-1.676800	-27.667470	1.139037	-0.907922	-28.091669	-0.034378	-2.071827	-27.633072	1.145466	-0.919803	-28.098678	-0.044258	-2.077145	-27.622202	1.179048	-0.963848	-28.087471	-0.060441	-2.081497	-28.195987	0.934891	-1.181563	-28.191295	0.991183	-1.180576	-27.843560	0.974454	-1.248179	-27.874011	0.984821	-1.280874	-28.182376	0.486587	-1.199358	-27.831169	0.463084	-1.254848	-28.198578	-0.092743	-1.136373	-28.191872	-0.036117	-1.179593	-27.813301	-0.052876	-1.240941	-27.860919	-0.045852	-1.251370
2594	36.025701	00:00:36:02	-28.026982	1.703104	-1.244570	-27.941606	1.624915	-1.118832	-28.048683	1.645200	-1.137681	-28.024144	1.574329	-1.234303	-28.002599	1.520986	-1.215832	-28.147766	1.590415	-1.198132	-27.875663	1.550659	-1.271813	-27.928392	1.379178	-1.056220	-27.941738	0.775351	-1.671897	-27.592659	1.134886	-0.949968	-28.092893	-0.043515	-2.051302	-27.643297	1.151177	-0.924881	-28.088518	-0.057601	-2.071855	-27.631074	1.178213	-0.968352	-28.104750	-0.042475	-2.064226	-28.160794	0.996956	-1.147306	-28.185908	0.999108	-1.228706	-27.844293	0.965929	-1.234208	-27.829822	0.973098	-1.284688	-28.174989	0.458838	-1.180155	-27.821574	0.424426	-1.229185	-28.185481	-0.062936	-1.133332	-28.205441	-0.044383	-1.205805	-27.810890	-0.038859	-1.193911	-27.849749	-0.044440	-1.286168
2595	36.039595	00:00:36:03	-27.998745	1.667656	-1.246491	-27.927674	1.669616	-1.146187	-28.025916	1.655842	-1.088681	-28.010387	1.574095	-1.225884	-28.004202	1.576238	-1.196565	-28.160059	1.564873	-1.230295	-27.889536	1.578142	-1.260880	-27.876665	1.354334	-1.070793	-27.977575	0.765426	-1.668342	-27.648483	1.160727	-0.938446	-28.091381	-0.019947	-2.036414	-27.641290	1.159351	-0.927989	-28.076564	-0.059753	-2.074709	-27.658560	1.147386	-0.962147	-28.088244	-0.038430	-2.048446	-28.175862	0.964694	-1.182784	-28.164141	0.959086	-1.217997	-27.841478	0.970996	-1.237609	-27.804274	0.988877	-1.324300	-28.182858	0.482843	-1.138891	-27.839953	0.427469	-1.260072	-28.172804	-0.089914	-1.139182	-28.202486	-0.023773	-1.160548	-27.816534	-0.082862	-1.236565	-27.828144	-0.046065	-1.276996
2596	36.053488	00:00:36:04	-28.003316	1.650822	-1.253645	-27.966790	1.630033	-1.151184	-28.077992	1.630988	-1.095658	-27.988411	1.529043	-1.251934	-27.977352	1.548847	-1.177862	-28.124006	1.576162	-1.206898	-27.905403	1.591621	-1.270822	-27.900743	1.358176	-1.040928	-28.002764	0.761592	-1.648545	-27.597952	1.162576	-0.937990	-28.117322	-0.082807	-2.076937	-27.661403	1.148255	-0.918161	-28.084627	-0.060627	-2.091720	-27.634255	1.151333	-0.943353	-28.060884	-0.048615	-2.078640	-28.150675	0.951838	-1.131312	-28.209441	1.005090	-1.181577	-27.836972	0.970816	-1.223245	-27.831344	0.992323	-1.283937	-28.143441	0.416542	-1.164525	-27.813794	0.484187	-1.246421	-28.167140	-0.083005	-1.150902	-28.198978	-0.038599	-1.222576	-27.859927	-0.051052	-1.253695	-27.824331	-0.041394	-1.284067
2597	36.067382	00:00:36:05	-28.040429	1.676094	-1.241785	-27.936637	1.620152	-1.146227	-28.033727	1.638593	-1.128418	-28.011441	1.551564	-1.230369	-27.997100	1.546456	-1.213094	-28.176190	1.586147	-1.190678	-27.861614	1.532577	-1.289011	-27.910726	1.357437	-1.076114	-27.996577	0.725500	-1.674202	-27.604826	1.190314	-0.930056	-28.074505	-0.055107	-2.045278	-27.616411	1.177235	-0.939317	-28.116716	-0.032038	-2.094173	-27.647726	1.157876	-0.918790	-28.087399	-0.047966	-2.063130	-28.177232	0.943822	-1.143909	-28.172886	0.986283	-1.238447	-27.809240	0.961079	-1.268753	-27.834552	0.985809	-1.300383	-28.188883	0.467234	-1.164503	-27.813712	0.484822	-1.251722	-28.172577	-0.075971	-1.152227	-28.174943	-0.045363	-1.160946	-27.843419	-0.039782	-1.240408	-27.853358	-0.033311	-1.296221
2598	36.081275	00:00:36:06	-27.983010	1.704185	-1.229772	-27.926550	1.649339	-1.122049	-28.048712	1.625458	-1.085353	-28.012941	1.534464	-1.265995	-27.998813	1.558607	-1.214453	-28.145714	1.538592	-1.177988	-27.867025	1.561963	-1.259604	-27.896198	1.382225	-1.033006	-27.974657	0.775279	-1.665279	-27.634384	1.163509	-0.947439	-28.075616	-0.044895	-2.084544	-27.614503	1.165000	-0.898371	-28.110307	-0.052909	-2.069884	-27.622752	1.174093	-0.924794	-28.120625	-0.068676	-2.057552	-28.183916	0.956719	-1.129493	-28.161263	1.002240	-1.206826	-27.832113	1.002538	-1.218456	-27.856649	1.039386	-1.286710	-28.196851	0.463476	-1.165489	-27.865365	0.444230	-1.243751	-28.179728	-0.054888	-1.096188	-28.150527	-0.012443	-1.203162	-27.854399	-0.057268	-1.180947	-27.834985	-0.042248	-1.287485
2599	36.095169	00:00:36:07	-28.034020	1.736427	-1.250727	-27.927140	1.651797	-1.132487	-28.041896	1.615868	-1.110340	-28.023689	1.564519	-1.232371	-27.968710	1.551663	-1.214320	-28.164105	1.579903	-1.215548	-27.858253	1.580201	-1.266906	-27.904416	1.338842	-1.056591	-27.945441	0.765698	-1.694002	-27.620824	1.216126	-0.925314	-28.110692	-0.036519	-2.108674	-27.618555	1.154335	-0.942005	-28.082413	-0.058382	-2.078150	-27.581693	1.177395	-0.923399	-28.095137	-0.067122	-2.038478	-28.153201	0.962941	-1.156056	-28.186364	0.961366	-1.212219	-27.814528	0.917337	-1.241535	-27.844734	0.972803	-1.262828	-28.201860	0.449896	-1.148373	-27.819952	0.474873	-1.252340	-28.198367	-0.042068	-1.130810	-28.166870	-0.029208	-1.182188	-27.830300	-0.040809	-1.217249	-27.856802	-0.058360	-1.272227
2600	36.109062	00:00:36:08	-28.016330	1.669496	-1.255607	-27.954580	1.621759	-1.153914	-28.060241	1.610427	-1.104228	-28.015883	1.557089	-1.263436	-27.975352	1.550002	-1.216629	-28.179620	1.538676	-1.223091	-27.860015	1.537717	-1.238307	-27.904089	1.359412	-1.066812	-27.956943	0.754197	-1.667313	-27.664826	1.183008	-0.919449	-28.126693	-0.049801	-2.069238	-27.597782	1.161825	-0.947204	-28.107183	-0.039864	-2.052414	-27.596447	1.168233	-0.917915	-28.110719	-0.030973	-2.063025	-28.185007	0.987493	-1.161621	-28.202008	0.965231	-1.221445	-27.822839	0.922155	-1.254051	-27.838718	0.991400	-1.271472	-28.208377	0.451026	-1.158491	-27.828520	0.469770	-1.235701	-28.210959	-0.074086	-1.117157	-28.180506	-0.029169	-1.192061	-27.845106	-0.075612	-1.202430	-27.849933	-0.057019	-1.265535
2601	36.122955	00:00:36:09	-28.005497	1.715286	-1.229344	-27.930781	1.636948	-1.137006	-28.045219	1.623395	-1.101978	-28.014621	1.541456	-1.217850	-28.035628	1.574228	-1.238883	-28.128281	1.567174	-1.195972	-27.884979	1.562912	-1.252676	-27.889829	1.353711	-1.085568	-27.987660	0.729835	-1.667280	-27.622338	1.152153	-0.952372	-28.109980	-0.035023	-2.052440	-27.646007	1.184926	-0.946364	-28.098766	-0.032863	-2.066936	-27.608976	1.175723	-0.898229	-28.084218	-0.042204	-2.049242	-28.188228	0.967560	-1.139967	-28.220482	0.974671	-1.209938	-27.840798	0.962903	-1.238456	-27.871553	1.006271	-1.300764	-28.204376	0.440496	-1.200554	-27.862870	0.448721	-1.237614	-28.205536	-0.077542	-1.130471	-28.189837	-0.070566	-1.156343	-27.839506	-0.066924	-1.203627	-27.873214	-0.078512	-1.252637
2602	36.136849	00:00:36:10	-27.967475	1.699269	-1.243159	-27.961620	1.630526	-1.142494	-28.048717	1.675418	-1.145928	-27.989532	1.576580	-1.235427	-28.000591	1.543162	-1.205271	-28.185400	1.592211	-1.207228	-27.894378	1.572210	-1.246777	-27.860801	1.353797	-1.059353	-27.979384	0.745118	-1.686611	-27.614749	1.197442	-0.900918	-28.084123	-0.052843	-2.059427	-27.607145	1.182388	-0.904909	-28.084657	-0.066224	-2.041076	-27.638637	1.167250	-0.908731	-28.072371	-0.055016	-2.055391	-28.195926	0.968459	-1.127345	-28.182663	0.980841	-1.204763	-27.820007	0.959829	-1.187380	-27.856204	0.973685	-1.305148	-28.211211	0.435520	-1.159724	-27.809263	0.444863	-1.313298	-28.157488	-0.067188	-1.151417	-28.199657	-0.040373	-1.187968	-27.850327	-0.086761	-1.224527	-27.848138	-0.003179	-1.273007
2603	36.150742	00:00:36:11	-27.997137	1.668789	-1.296956	-27.917879	1.659178	-1.139190	-28.043815	1.614263	-1.123152	-28.032071	1.590713	-1.203251	-28.014091	1.557947	-1.226015	-28.178421	1.561726	-1.188388	-27.890290	1.596461	-1.270017	-27.856936	1.368806	-1.046716	-27.984082	0.744201	-1.671664	-27.604769	1.174223	-0.922771	-28.117688	-0.030991	-2.051366	-27.635287	1.155951	-0.934027	-28.087819	-0.044332	-2.059327	-27.624959	1.176032	-0.904421	-28.079611	-0.067525	-2.051066	-28.203812	0.961738	-1.148960	-28.212497	0.992845	-1.206728	-27.851655	0.959739	-1.217675	-27.846852	0.985413	-1.302020	-28.204884	0.431342	-1.154187	-27.859314	0.438218	-1.261199	-28.178957	-0.047439	-1.123660	-28.191841	-0.030461	-1.157395	-27.827542	-0.080835	-1.223406	-27.833956	-0.092728	-1.285868
2604	36.164636	00:00:36:12	-28.030443	1.702827	-1.241400	-27.928541	1.614854	-1.122504	-28.065247	1.626536	-1.065398	-27.996306	1.554149	-1.216288	-28.038042	1.548547	-1.207762	-28.180286	1.567094	-1.239222	-27.882536	1.573395	-1.284402	-27.911723	1.371020	-1.074093	-27.991049	0.759542	-1.665026	-27.638779	1.156598	-0.900952	-28.107474	-0.034810	-2.059178	-27.645835	1.176948	-0.936320	-28.140443	-0.049581	-2.089118	-27.624252	1.168988	-0.908929	-28.100286	-0.077137	-2.058773	-28.178685	0.965908	-1.183406	-28.202732	0.987855	-1.203701	-27.828808	0.982014	-1.243337	-27.823242	1.008627	-1.242322	-28.186665	0.449447	-1.162685	-27.831172	0.445489	-1.263850	-28.181314	-0.057233	-1.135169	-28.179894	-0.023667	-1.164912	-27.801292	-0.069285	-1.199888	-27.850795	-0.030808	-1.260033
2605	36.178529	00:00:36:13	-27.985808	1.685424	-1.248825	-27.916854	1.643041	-1.125650	-28.073032	1.630501	-1.099758	-28.015154	1.569464	-1.250381	-28.005090	1.557112	-1.204284	-28.157796	1.579695	-1.200520	-27.882641	1.601777	-1.295721	-27.912785	1.367478	-1.064828	-28.001838	0.751118	-1.680834	-27.611492	1.173755	-0.923398	-28.082057	-0.031988	-2.067421	-27.617859	1.175357	-0.912984	-28.089535	-0.022843	-2.045431	-27.629743	1.189504	-0.931697	-28.109400	-0.036069	-2.070137	-28.151813	0.953603	-1.161086	-28.218653	1.004789	-1.196064	-27.833543	0.926686	-1.240922	-27.789330	0.959926	-1.319402	-28.183820	0.460943	-1.177594	-27.853249	0.466859	-1.248307	-28.163627	-0.061936	-1.119881	-28.178423	-0.011816	-1.153685	-27.854849	-0.048664	-1.224108	-27.837717	-0.056176	-1.268460
2606	36.192423	00:00:36:14	-28.023938	1.708034	-1.233911	-27.909861	1.627794	-1.174288	-28.023843	1.613759	-1.130495	-28.019799	1.566732	-1.253755	-27.993976	1.567612	-1.197463	-28.160726	1.553928	-1.184708	-27.857712	1.555838	-1.258833	-27.893063	1.373532	-1.060283	-27.978222	0.764365	-1.690674	-27.653572	1.158891	-0.938372	-28.062271	-0.084664	-2.050210	-27.609522	1.168383	-0.963480	-28.094814	-0.069822	-2.051188	-27.606669	1.150825	-0.933347	-28.090018	-0.044489	-2.058983	-28.158495	0.943894	-1.154113	-28.182055	0.966814	-1.195774	-27.828688	0.940035	-1.252445	-27.813655	0.985138	-1.295596	-28.191645	0.471240	-1.171668	-27.824999	0.489930	-1.257711	-28.209176	-0.069501	-1.092043	-28.171098	-0.066100	-1.172249	-27.845954	-0.056867	-1.208433	-27.841823	-0.050147	-1.257826
2607	36.206316	00:00:36:15	-28.059933	1.675269	-1.248099	-27.946693	1.671106	-1.130148	-28.061399	1.647094	-1.132628	-28.025524	1.568743	-1.248780	-28.016114	1.537254	-1.195019	-28.149220	1.549161	-1.196262	-27.906419	1.555236	-1.287757	-27.888044	1.354271	-1.094062	-27.994131	0.766944	-1.694825	-27.643260	1.194866	-0.940973	-28.101534	-0.056616	-2.045158	-27.626364	1.176455	-0.920988	-28.105599	-0.060977	-2.057932	-27.599430	1.186992	-0.916046	-28.082136	-0.046975	-2.045587	-28.181441	0.949491	-1.182167	-28.172611	0.992167	-1.222337	-27.821033	0.960448	-1.261381	-27.859687	0.997553	-1.257985	-28.178423	0.477856	-1.179695	-27.859104	0.464936	-1.225986	-28.196445	-0.076380	-1.137495	-28.188985	-0.037955	-1.170334	-27.799535	-0.064955	-1.229216	-27.824309	-0.042161	-1.303359
2608	36.220210	00:00:36:16	-28.007272	1.658284	-1.255687	-27.933261	1.653629	-1.146289	-28.065589	1.631778	-1.109228	-28.019176	1.582419	-1.239201	-27.984753	1.566725	-1.191921	-28.140405	1.581378	-1.202095	-27.875699	1.570614	-1.299905	-27.882752	1.351270	-1.058249	-27.965036	0.740406	-1.666615	-27.606503	1.154508	-0.921234	-28.098710	-0.051782	-2.102938	-27.644301	1.202684	-0.933179	-28.079679	-0.026906	-2.055788	-27.604096	1.178383	-0.966346	-28.076363	-0.040746	-2.045629	-28.156573	0.971106	-1.126782	-28.135770	0.962517	-1.186010	-27.810201	0.965081	-1.260255	-27.844983	1.033824	-1.313526	-28.162274	0.447159	-1.167337	-27.820548	0.454457	-1.240968	-28.168517	-0.082163	-1.159451	-28.211172	-0.025752	-1.207501	-27.870471	-0.076722	-1.211719	-27.847414	-0.041922	-1.242308
2609	36.234103	00:00:36:17	-27.999499	1.683542	-1.241408	-27.919082	1.639466	-1.129701	-28.062071	1.653822	-1.115739	-28.001630	1.580202	-1.226871	-27.989877	1.524547	-1.198544	-28.146783	1.580376	-1.190892	-27.874321	1.542260	-1.220012	-27.901854	1.348821	-1.047205	-28.003160	0.753171	-1.673983	-27.610622	1.188659	-0.913445	-28.083849	-0.056564	-2.070733	-27.608447	1.175990	-0.913728	-28.080766	-0.050629	-2.086629	-27.619042	1.160500	-0.906313	-28.097989	-0.059618	-2.052302	-28.165116	0.968640	-1.129297	-28.176341	0.979062	-1.236288	-27.827627	0.948758	-1.203615	-27.829897	0.985439	-1.324528	-28.209526	0.476598	-1.171044	-27.836717	0.466135	-1.257429	-28.149930	-0.051719	-1.140005	-28.204084	-0.034846	-1.202597	-27.846402	-0.074215	-1.208541	-27.837987	-0.056793	-1.256441
2610	36.247996	00:00:36:18	-28.016567	1.711783	-1.240618	-27.912388	1.633758	-1.146243	-28.039839	1.627134	-1.121600	-28.055902	1.596585	-1.252503	-28.029769	1.563282	-1.195995	-28.130266	1.543665	-1.213126	-27.895299	1.586303	-1.287672	-27.901558	1.396360	-1.090067	-27.972115	0.760976	-1.673399	-27.610161	1.157225	-0.919503	-28.120037	-0.044205	-2.057675	-27.608147	1.205554	-0.922887	-28.081416	-0.056442	-2.078087	-27.639663	1.182479	-0.925984	-28.066961	-0.056145	-2.100698	-28.183584	0.945891	-1.136226	-28.193433	0.997862	-1.229819	-27.821889	1.003371	-1.239503	-27.869027	1.002563	-1.281243	-28.197870	0.475451	-1.160927	-27.834729	0.461786	-1.265568	-28.225064	-0.065955	-1.120640	-28.175949	-0.026067	-1.179222	-27.818821	-0.064434	-1.180794	-27.860274	-0.047200	-1.252315
2611	36.261890	00:00:36:19	-28.031744	1.679872	-1.257484	-27.930053	1.641074	-1.130872	-28.036884	1.652802	-1.098374	-28.029530	1.543232	-1.231541	-28.007981	1.563860	-1.189259	-28.165821	1.540605	-1.174031	-27.892105	1.542804	-1.296433	-27.893347	1.419915	-1.040700	-27.984970	0.728675	-1.705412	-27.638929	1.173620	-0.947056	-28.088864	-0.066577	-2.085369	-27.652310	1.191741	-0.923866	-28.102598	-0.047825	-2.053167	-27.613588	1.120025	-0.918574	-28.095098	-0.035267	-2.032227	-28.162740	0.970043	-1.145628	-28.181532	0.978289	-1.179494	-27.825984	0.975922	-1.216264	-27.861535	1.005613	-1.317328	-28.211362	0.457488	-1.144790	-27.842115	0.450292	-1.255846	-28.177732	-0.062008	-1.130917	-28.151539	-0.030369	-1.239487	-27.814675	-0.064636	-1.197905	-27.882645	-0.030528	-1.269694
2612	36.275783	00:00:36:20	-28.041675	1.669513	-1.219819	-27.951329	1.601688	-1.161454	-28.043497	1.654345	-1.116696	-28.010015	1.562301	-1.261049	-27.997452	1.526631	-1.174550	-28.164888	1.566664	-1.227945	-27.863150	1.546167	-1.283190	-27.905928	1.391952	-1.076756	-27.946228	0.758769	-1.660329	-27.631793	1.149980	-0.908416	-28.089512	-0.034413	-2.083695	-27.627525	1.166700	-0.919535	-28.118298	-0.033884	-2.065444	-27.635880	1.185241	-0.922974	-28.101433	-0.051685	-2.052951	-28.164258	0.961152	-1.161358	-28.193338	1.008446	-1.221967	-27.846057	0.973769	-1.241615	-27.827773	0.980677	-1.317792	-28.180154	0.464911	-1.179321	-27.799574	0.440962	-1.252759	-28.167912	-0.076707	-1.110969	-28.186785	-0.050682	-1.204373	-27.830989	-0.079378	-1.260196	-27.863363	-0.037135	-1.259904
2613	36.289677	00:00:36:21	-28.018624	1.678450	-1.236183	-27.941871	1.625442	-1.124756	-28.060054	1.628588	-1.110959	-28.028146	1.571874	-1.225789	-27.983473	1.570372	-1.179175	-28.176877	1.535234	-1.221767	-27.891415	1.548298	-1.252347	-27.915250	1.379986	-1.068351	-27.990766	0.748367	-1.670796	-27.676640	1.190773	-0.980801	-28.086212	-0.050095	-2.061781	-27.621749	1.171032	-0.912376	-28.080904	-0.057816	-2.035605	-27.598246	1.167737	-0.931422	-28.080465	-0.051397	-2.061326	-28.182505	0.982270	-1.149709	-28.160730	0.986037	-1.194235	-27.846118	0.940456	-1.259322	-27.846144	0.989013	-1.312274	-28.167034	0.434324	-1.197203	-27.820744	0.500903	-1.247491	-28.184112	-0.088641	-1.114718	-28.190349	-0.058097	-1.183633	-27.815557	-0.053157	-1.214431	-27.848770	-0.043190	-1.262957
2614	36.303570	00:00:36:22	-28.004476	1.702815	-1.232670	-27.936041	1.610320	-1.121008	-28.033594	1.661058	-1.079273	-28.047576	1.564627	-1.207743	-27.995477	1.537621	-1.212710	-28.144249	1.578781	-1.204428	-27.845597	1.558651	-1.252789	-27.903156	1.345510	-1.061771	-27.969795	0.729894	-1.623376	-27.632019	1.185980	-0.936762	-28.127288	-0.039342	-2.053078	-27.648012	1.144601	-0.913752	-28.090443	-0.028170	-2.060785	-27.614420	1.173482	-0.925563	-28.091725	-0.061877	-2.092182	-28.192132	0.969727	-1.187395	-28.189683	0.967354	-1.209471	-27.815921	0.946704	-1.251419	-27.864516	0.969497	-1.267465	-28.169192	0.431748	-1.162081	-27.871392	0.434839	-1.224850	-28.146218	-0.065512	-1.123876	-28.159883	-0.054787	-1.182373	-27.816556	-0.065578	-1.218085	-27.848750	-0.046340	-1.286011
2615	36.317464	00:00:36:23	-27.977720	1.697528	-1.241500	-27.965497	1.620138	-1.142775	-28.038307	1.602920	-1.123436	-28.018840	1.554839	-1.263942	-27.993561	1.518530	-1.198361	-28.159295	1.543734	-1.215330	-27.883862	1.576614	-1.270836	-27.891765	1.364904	-1.088723	-28.010846	0.762937	-1.668231	-27.622828	1.159800	-0.928134	-28.080545	-0.050287	-2.073047	-27.634714	1.162152	-0.934829	-28.068999	-0.043330	-2.065269	-27.610001	1.191282	-0.936926	-28.084620	-0.057269	-2.056537	-28.141982	0.978101	-1.150977	-28.195207	1.012465	-1.190707	-27.836977	0.989822	-1.254712	-27.848082	0.978101	-1.274998	-28.174379	0.445297	-1.147962	-27.810650	0.484323	-1.223099	-28.153113	-0.064363	-1.150627	-28.184860	-0.061883	-1.191872	-27.823439	-0.063732	-1.231829	-27.850566	-0.037271	-1.267863
2616	36.331357	00:00:36:24	-27.988285	1.660796	-1.270808	-27.936447	1.648194	-1.121171	-28.053678	1.643305	-1.117835	-28.011110	1.568168	-1.213854	-27.981601	1.542395	-1.176185	-28.167117	1.587690	-1.220076	-27.888531	1.588057	-1.240501	-27.888752	1.355263	-1.076320	-27.976156	0.754079	-1.635903	-27.636997	1.171166	-0.892546	-28.072305	-0.037801	-2.051460	-27.646537	1.212919	-0.923414	-28.097424	-0.046557	-2.068304	-27.631855	1.181056	-0.917969	-28.104010	-0.062613	-2.098234	-28.209762	0.965592	-1.167552	-28.217389	0.983725	-1.212057	-27.812263	0.957440	-1.259284	-27.865049	0.988325	-1.282987	-28.202372	0.496717	-1.146231	-27.814240	0.470804	-1.259566	-28.155430	-0.068606	-1.132160	-28.185501	-0.012725	-1.172308	-27.805075	-0.077490	-1.221572	-27.837516	-0.035974	-1.284095
2617	36.345251	00:00:36:25	-28.047651	1.681546	-1.246588	-27.918225	1.645365	-1.140929	-28.023811	1.644885	-1.089297	-28.043766	1.561950	-1.242410	-27.992420	1.563846	-1.161580	-28.157739	1.574058	-1.230617	-27.879122	1.555367	-1.287379	-27.893020	1.368446	-1.064434	-27.970437	0.776246	-1.679954	-27.635775	1.173247	-0.929341	-28.101174	-0.046860	-2.059056	-27.676673	1.138538	-0.906231	-28.080523	-0.044481	-2.014918	-27.643020	1.161822	-0.931382	-28.041565	-0.063993	-2.053421	-28.174921	0.974296	-1.136242	-28.206744	0.973423	-1.225416	-27.839795	0.975146	-1.228830	-27.821231	0.987124	-1.296873	-28.184939	0.497071	-1.151178	-27.824374	0.467370	-1.274368	-28.164490	-0.048019	-1.130374	-28.201823	-0.049507	-1.183774	-27.833280	-0.056925	-1.236261	-27.845394	-0.053324	-1.266599
2618	36.359144	00:00:36:26	-28.004095	1.666087	-1.240411	-27.917312	1.628000	-1.152311	-28.059597	1.618978	-1.094967	-28.016576	1.515455	-1.252503	-28.001830	1.530408	-1.192131	-28.171617	1.584429	-1.191877	-27.879493	1.579368	-1.254553	-27.929203	1.368122	-1.068214	-27.982925	0.737565	-1.672532	-27.641398	1.171100	-0.898327	-28.089379	-0.065125	-2.103454	-27.635602	1.171021	-0.929434	-28.109824	-0.074627	-2.063000	-27.632594	1.165345	-0.926408	-28.086453	-0.056984	-2.052753	-28.197194	0.963611	-1.172730	-28.216941	0.958995	-1.194317	-27.855015	0.962636	-1.232298	-27.867046	0.999494	-1.290863	-28.180127	0.474862	-1.167089	-27.851926	0.474414	-1.267717	-28.213420	-0.059618	-1.123221	-28.190459	-0.039281	-1.136511	-27.827399	-0.092076	-1.206771	-27.852698	-0.025597	-1.286876
2619	36.373037	00:00:36:27	-28.034376	1.712043	-1.250716	-27.952077	1.635558	-1.141774	-28.080334	1.624827	-1.106659	-28.007904	1.554801	-1.239653	-27.995527	1.538649	-1.166229	-28.138022	1.587638	-1.224266	-27.893100	1.549246	-1.263085	-27.907198	1.337327	-1.095223	-27.991748	0.751098	-1.687727	-27.630378	1.163446	-0.920157	-28.077003	-0.029945	-2.069160	-27.649568	1.180665	-0.866404	-28.090957	-0.054370	-2.046256	-27.635430	1.147639	-0.883007	-28.108203	-0.070074	-2.076063	-28.164095	0.952142	-1.167634	-28.188479	0.997640	-1.195497	-27.851090	0.962896	-1.260343	-27.817567	0.969401	-1.280902	-28.203562	0.446920	-1.185102	-27.849236	0.467607	-1.255108	-28.172021	-0.092242	-1.120165	-28.185914	-0.042808	-1.174845	-27.848405	-0.064280	-1.218798	-27.814510	0.012111	-1.302661
2620	36.386931	00:00:36:28	-28.032405	1.693650	-1.218077	-27.918444	1.637786	-1.152307	-28.022437	1.585976	-1.121172	-27.973581	1.568593	-1.211895	-28.010425	1.514142	-1.182973	-28.170184	1.546405	-1.174872	-27.878786	1.550742	-1.289168	-27.867981	1.366986	-1.043102	-27.999573	0.762601	-1.669027	-27.653795	1.170443	-0.921557	-28.101237	-0.058896	-2.076767	-27.652209	1.183419	-0.929478	-28.149620	-0.041429	-2.063020	-27.644852	1.163509	-0.926064	-28.133932	-0.054901	-2.065941	-28.184151	0.954361	-1.137710	-28.189478	0.969711	-1.179713	-27.791665	0.974200	-1.230953	-27.848383	0.976763	-1.298436	-28.164482	0.470248	-1.153247	-27.855230	0.472885	-1.256818	-28.202381	-0.074048	-1.112039	-28.203024	-0.031412	-1.208268	-27.833440	-0.066395	-1.247156	-27.853200	-0.062080	-1.265314
2621	36.400824	00:00:36:29	-28.012233	1.697184	-1.222939	-27.929100	1.626793	-1.147421	-28.037777	1.643875	-1.096490	-28.022704	1.546276	-1.244765	-28.011789	1.561867	-1.196001	-28.153210	1.585612	-1.207591	-27.873790	1.555613	-1.267460	-27.873147	1.395784	-1.042181	-28.015510	0.763878	-1.652978	-27.651141	1.160718	-0.928590	-28.105751	-0.052361	-2.055241	-27.624772	1.150962	-0.918099	-28.105008	-0.011427	-2.069002	-27.657083	1.197114	-0.938967	-28.116673	-0.062786	-2.089414	-28.191689	0.963019	-1.112287	-28.168828	0.975299	-1.174768	-27.856753	0.989892	-1.213235	-27.892931	0.993414	-1.300644	-28.199062	0.472456	-1.156613	-27.816939	0.432549	-1.274845	-28.184762	-0.053928	-1.166690	-28.189594	-0.022898	-1.173473	-27.834753	-0.092060	-1.230257	-27.823258	-0.099377	-1.251002
2622	36.414718	00:00:36:30	-28.013403	1.677070	-1.224409	-27.912405	1.603572	-1.136562	-28.042223	1.605543	-1.120901	-28.014199	1.559008	-1.216636	-28.016404	1.576526	-1.216459	-28.168651	1.557863	-1.227349	-27.871317	1.558838	-1.284748	-27.884047	1.379128	-1.060356	-28.023270	0.757777	-1.652790	-27.638757	1.179008	-0.929059	-28.054370	-0.059285	-2.040408	-27.654172	1.128023	-0.950891	-28.086929	-0.060513	-2.044796	-27.662471	1.194002	-0.913136	-28.119704	-0.037429	-2.051192	-28.176058	0.969482	-1.166477	-28.197137	0.987301	-1.231192	-27.783682	0.968145	-1.187791	-27.847849	0.993941	-1.284990	-28.180511	0.458185	-1.137540	-27.838740	0.447365	-1.241327	-28.173081	-0.056741	-1.125705	-28.191559	-0.031887	-1.183317	-27.824646	-0.091159	-1.205467	-27.865440	-0.041904	-1.280758
2623	36.428611	00:00:36:31	-27.987966	1.714274	-1.250701	-27.936562	1.642734	-1.135454	-28.015586	1.632796	-1.139143	-28.004849	1.578917	-1.231063	-28.003171	1.529792	-1.217503	-28.143088	1.559602	-1.186780	-27.853489	1.542332	-1.295395	-27.877049	1.366456	-1.057080	-27.994083	0.731386	-1.676723	-27.615180	1.151415	-0.917687	-28.081240	0.003426	-2.078718	-27.618198	1.150469	-0.914551	-28.102400	-0.082247	-2.084869	-27.597001	1.177184	-0.930827	-28.079018	-0.048378	-2.086303	-28.198968	0.984109	-1.145879	-28.205320	1.004607	-1.197614	-27.842748	0.985178	-1.252640	-27.852481	0.987912	-1.313886	-28.169366	0.473787	-1.150036	-27.821360	0.461880	-1.264649	-28.173700	-0.075531	-1.133144	-28.208900	-0.033212	-1.189957	-27.845564	-0.077943	-1.232648	-27.857725	-0.028044	-1.253876
2624	36.442505	00:00:36:32	-27.995575	1.695358	-1.217206	-27.907464	1.631641	-1.131855	-28.058455	1.633452	-1.125035	-28.019952	1.553685	-1.250642	-28.000969	1.548233	-1.194076	-28.150695	1.556032	-1.203719	-27.857515	1.585542	-1.299222	-27.869911	1.323007	-1.035665	-27.979285	0.751955	-1.681841	-27.596743	1.190895	-0.924626	-28.102226	-0.011909	-2.063140	-27.653113	1.176702	-0.915076	-28.081091	-0.022187	-2.059403	-27.621570	1.190107	-0.915102	-28.080192	-0.072016	-2.039425	-28.189830	0.971745	-1.169774	-28.171033	0.969490	-1.214856	-27.822064	0.944784	-1.216131	-27.858883	0.983107	-1.292753	-28.193916	0.446153	-1.174755	-27.850242	0.477549	-1.251931	-28.176734	-0.072218	-1.152608	-28.177982	-0.069190	-1.207973	-27.847277	-0.072298	-1.224113	-27.885663	-0.048696	-1.277417
2625	36.456398	00:00:36:33	-28.010274	1.659645	-1.285236	-27.945514	1.622024	-1.172178	-28.066765	1.610318	-1.095389	-28.006920	1.567698	-1.241278	-28.013611	1.549720	-1.234713	-28.165185	1.562597	-1.193482	-27.846045	1.575717	-1.271342	-27.892489	1.361445	-1.077176	-27.988606	0.737529	-1.653490	-27.659039	1.189463	-0.909819	-28.077201	-0.072559	-2.039134	-27.624377	1.171579	-0.930346	-28.102649	-0.035843	-2.071165	-27.585864	1.182370	-0.911075	-28.093590	-0.031890	-2.111889	-28.168202	0.963409	-1.141871	-28.202670	0.969000	-1.199058	-27.811150	0.970741	-1.247662	-27.824344	1.011695	-1.259616	-28.232194	0.444423	-1.162265	-27.812298	0.452190	-1.244390	-28.165776	-0.076433	-1.129038	-28.182274	-0.043234	-1.200300	-27.871201	-0.065148	-1.214310	-27.811436	-0.063456	-1.274413
2626	36.470292	00:00:36:34	-28.029459	1.681675	-1.237947	-27.926258	1.617359	-1.140408	-28.050577	1.660471	-1.115521	-27.987481	1.559023	-1.230374	-28.009199	1.543615	-1.203861	-28.166080	1.589623	-1.194794	-27.850169	1.581219	-1.272559	-27.877661	1.358485	-1.050852	-27.944481	0.750885	-1.688688	-27.658946	1.190972	-0.914048	-28.079998	-0.061177	-2.035958	-27.646804	1.198093	-0.890030	-28.090345	-0.023841	-2.081481	-27.618200	1.192049	-0.902443	-28.115377	-0.041786	-2.067521	-28.165705	0.961590	-1.123913	-28.188951	0.977769	-1.201743	-27.847460	0.985545	-1.222526	-27.832859	0.973309	-1.276573	-28.195961	0.462135	-1.133269	-27.811341	0.498404	-1.242923	-28.184455	-0.077667	-1.116936	-28.175259	-0.028305	-1.163880	-27.802176	-0.065265	-1.192979	-27.815233	-0.053388	-1.273891
2627	36.484185	00:00:36:35	-28.047610	1.708120	-1.240724	-27.944318	1.676544	-1.129067	-28.043201	1.632732	-1.119150	-28.013943	1.591060	-1.233545	-27.992271	1.551519	-1.251859	-28.154980	1.576396	-1.197216	-27.878693	1.587901	-1.270298	-27.864881	1.361928	-1.095255	-27.958932	0.747153	-1.629229	-27.641194	1.171796	-0.965338	-28.080097	-0.036534	-2.059446	-27.622736	1.196398	-0.919130	-28.078234	-0.049830	-2.076837	-27.634803	1.146520	-0.926729	-28.106184	-0.058030	-2.073306	-28.177692	0.935288	-1.153894	-28.148851	0.998819	-1.218384	-27.844435	0.956496	-1.234032	-27.828216	0.991302	-1.281880	-28.185971	0.480870	-1.152777	-27.843704	0.467001	-1.212496	-28.195708	-0.105671	-1.121432	-28.192421	-0.024388	-1.172334	-27.841006	-0.078631	-1.194727	-27.829875	-0.025620	-1.279553
2628	36.498078	00:00:36:36	-27.989543	1.702081	-1.250620	-27.937576	1.622507	-1.145359	-28.023934	1.625221	-1.094594	-27.997164	1.582334	-1.250558	-28.016817	1.580808	-1.221571	-28.166035	1.565172	-1.228198	-27.871161	1.566157	-1.283478	-27.889530	1.338571	-1.043643	-27.983885	0.750378	-1.663680	-27.646708	1.187524	-0.936994	-28.104635	-0.025253	-2.062788	-27.640900	1.172846	-0.957923	-28.131766	-0.038618	-2.075095	-27.643033	1.191823	-0.899704	-28.091640	-0.079167	-2.077409	-28.191085	0.970235	-1.170917	-28.189259	0.993875	-1.228187	-27.837141	0.963069	-1.225069	-27.820323	1.018812	-1.282333	-28.165336	0.457736	-1.181061	-27.816910	0.452064	-1.242388	-28.196222	-0.032496	-1.131904	-28.198767	-0.062646	-1.237277	-27.849497	-0.070742	-1.193347	-27.873016	-0.043505	-1.268705
2629	36.511972	00:00:36:37	-28.019835	1.690175	-1.242769	-27.933685	1.601316	-1.151804	-28.068147	1.643301	-1.113789	-28.004818	1.581077	-1.246343	-27.985148	1.536735	-1.207932	-28.145141	1.571183	-1.191077	-27.853184	1.573606	-1.283078	-27.894509	1.353481	-1.038837	-27.993923	0.725258	-1.682379	-27.649295	1.142508	-0.908577	-28.091984	-0.032510	-2.072164	-27.604311	1.180625	-0.902339	-28.068904	-0.084291	-2.065805	-27.628926	1.173758	-0.885735	-28.061577	-0.079287	-2.041711	-28.175669	0.937224	-1.157692	-28.206570	0.977974	-1.216800	-27.829441	0.976463	-1.226608	-27.820848	1.015211	-1.290594	-28.175289	0.437098	-1.178053	-27.827788	0.439002	-1.243623	-28.185481	-0.036265	-1.127080	-28.174011	-0.050190	-1.197522	-27.834604	-0.080860	-1.231744	-27.852633	-0.015537	-1.296849
2630	36.525865	00:00:36:38	-28.039472	1.697579	-1.239050	-27.935083	1.632612	-1.140806	-28.017946	1.623296	-1.103562	-27.990555	1.608547	-1.236980	-28.006806	1.552844	-1.227609	-28.152596	1.575030	-1.210434	-27.851995	1.582095	-1.283093	-27.889227	1.389079	-1.076280	-27.999680	0.785365	-1.659494	-27.608746	1.201124	-0.909347	-28.085803	-0.064800	-2.066422	-27.611616	1.197587	-0.909611	-28.088449	-0.059414	-2.066556	-27.620686	1.168463	-0.885594	-28.090836	-0.038994	-2.102337	-28.189169	0.953325	-1.147654	-28.183065	1.002622	-1.210596	-27.849232	0.969745	-1.236363	-27.828499	1.014820	-1.298619	-28.193242	0.464064	-1.158814	-27.812637	0.467663	-1.245587	-28.179019	-0.048580	-1.141885	-28.204713	-0.038802	-1.172102	-27.832371	-0.054786	-1.200557	-27.832907	-0.038929	-1.275094
2631	36.539759	00:00:36:39	-28.005828	1.710670	-1.262792	-27.926038	1.621525	-1.152619	-28.046792	1.645118	-1.113190	-27.995614	1.617617	-1.250408	-27.990968	1.602516	-1.169189	-28.191620	1.570690	-1.191741	-27.870193	1.561056	-1.270617	-27.876125	1.356341	-1.061138	-27.992180	0.773463	-1.657847	-27.608481	1.147280	-0.953193	-28.089656	-0.031617	-2.053685	-27.640720	1.171537	-0.877753	-28.103518	-0.059435	-2.086357	-27.601235	1.182957	-0.914854	-28.129700	-0.047723	-2.046976	-28.198090	0.950872	-1.134793	-28.206309	0.976715	-1.228220	-27.836578	0.971912	-1.234683	-27.845428	1.021854	-1.280989	-28.171596	0.444717	-1.159029	-27.848290	0.443966	-1.243642	-28.184714	-0.059183	-1.169029	-28.193854	-0.049387	-1.213714	-27.815970	-0.068026	-1.208574	-27.856600	-0.028930	-1.254532
2632	36.553652	00:00:36:40	-28.038619	1.655711	-1.235429	-27.930292	1.642343	-1.155486	-28.023478	1.642527	-1.103517	-27.985226	1.557478	-1.226522	-27.996639	1.526583	-1.194782	-28.122818	1.558874	-1.215602	-27.894355	1.561399	-1.272929	-27.862881	1.341702	-1.071703	-27.960077	0.734691	-1.649623	-27.650685	1.190570	-0.919625	-28.106210	-0.056278	-2.057389	-27.627962	1.139485	-0.912304	-28.094516	-0.049469	-2.077630	-27.624144	1.209114	-0.901907	-28.123780	-0.040856	-2.045503	-28.179299	0.973450	-1.107771	-28.192707	0.967223	-1.197109	-27.815201	0.983666	-1.201504	-27.858165	0.958961	-1.272115	-28.180104	0.465383	-1.179123	-27.856158	0.467830	-1.235424	-28.181380	-0.059733	-1.113932	-28.186485	-0.052253	-1.191244	-27.791575	-0.051739	-1.214468	-27.862626	-0.019205	-1.264108
2633	36.567546	00:00:36:41	-28.022289	1.668459	-1.240141	-27.939731	1.612048	-1.136212	-28.066577	1.588197	-1.130170	-28.036747	1.571864	-1.240376	-27.987938	1.540767	-1.214099	-28.153917	1.566840	-1.211788	-27.849539	1.568220	-1.289407	-27.864192	1.375491	-1.015273	-27.981016	0.762160	-1.649039	-27.631414	1.141326	-0.919644	-28.104699	-0.078766	-2.057456	-27.643766	1.169297	-0.934449	-28.074499	-0.055599	-2.055155	-27.631676	1.165708	-0.906349	-28.085735	-0.024151	-2.030277	-28.173604	0.965029	-1.153796	-28.174156	0.957438	-1.229755	-27.818881	0.940120	-1.199736	-27.856155	0.985253	-1.268508	-28.180684	0.470230	-1.159236	-27.801701	0.439604	-1.245246	-28.200648	-0.074944	-1.147120	-28.197487	-0.045668	-1.173363	-27.845028	-0.079842	-1.212841	-27.841569	-0.013597	-1.257403
2634	36.581439	00:00:36:42	-28.029739	1.702449	-1.241176	-27.943399	1.663132	-1.140280	-28.076660	1.590745	-1.091969	-28.011968	1.556716	-1.219841	-28.005219	1.536931	-1.191706	-28.137445	1.550887	-1.203512	-27.831259	1.544753	-1.260097	-27.897788	1.358667	-1.044309	-27.991680	0.724041	-1.689532	-27.668553	1.160019	-0.927548	-28.110492	-0.046255	-2.069198	-27.657700	1.160325	-0.871850	-28.076034	-0.065001	-2.074459	-27.640185	1.197359	-0.925450	-28.123294	-0.033519	-2.035499	-28.211521	1.007075	-1.146389	-28.179303	0.987284	-1.231052	-27.840525	0.986307	-1.229114	-27.823600	0.981461	-1.292154	-28.179379	0.465767	-1.157775	-27.829841	0.437037	-1.278928	-28.168475	-0.072470	-1.125046	-28.203330	-0.037939	-1.169499	-27.839797	-0.070955	-1.235972	-27.835840	-0.011599	-1.257142
2635	36.595333	00:00:36:43	-28.019042	1.675054	-1.232608	-27.916253	1.647638	-1.107295	-28.038821	1.631965	-1.115708	-28.018734	1.608596	-1.248496	-27.998113	1.535289	-1.220784	-28.163391	1.554287	-1.203971	-27.869087	1.577339	-1.291089	-27.884012	1.388752	-1.046972	-27.954541	0.775951	-1.632218	-27.660495	1.150345	-0.906630	-28.115573	-0.038597	-2.051366	-27.638407	1.168298	-0.932908	-28.078021	-0.061330	-2.095050	-27.646223	1.161108	-0.910069	-28.068825	-0.042068	-2.085868	-28.231203	0.961399	-1.144715	-28.204560	1.001368	-1.218323	-27.840917	0.974671	-1.248870	-27.832480	0.999201	-1.294337	-28.179108	0.466206	-1.162204	-27.823276	0.460467	-1.237022	-28.190106	-0.086929	-1.113265	-28.170772	-0.044119	-1.183227	-27.834770	-0.058675	-1.213256	-27.854188	-0.065776	-1.261034
2636	36.609226	00:00:36:44	-28.020356	1.680110	-1.235257	-27.936371	1.644412	-1.155491	-28.070857	1.647721	-1.119288	-28.018097	1.545077	-1.228057	-27.989679	1.565913	-1.211949	-28.185195	1.541388	-1.209132	-27.903229	1.585435	-1.253797	-27.894884	1.392042	-1.045292	-27.999111	0.752082	-1.654932	-27.641989	1.195480	-0.914756	-28.089497	-0.028616	-2.034862	-27.639074	1.173007	-0.941173	-28.075547	-0.053160	-2.060755	-27.643533	1.140073	-0.945176	-28.083464	-0.050035	-2.042778	-28.205513	0.934120	-1.170325	-28.140872	0.957945	-1.230533	-27.825787	0.969235	-1.235123	-27.830960	0.969689	-1.270628	-28.216571	0.447561	-1.173875	-27.820030	0.425785	-1.240899	-28.175879	-0.061702	-1.142559	-28.229632	-0.041118	-1.197098	-27.847362	-0.038953	-1.232737	-27.833473	-0.049913	-1.247233
2637	36.623119	00:00:36:45	-28.021371	1.659552	-1.228003	-27.944908	1.640154	-1.109801	-28.072985	1.624693	-1.121599	-27.987694	1.564093	-1.249690	-27.977960	1.518921	-1.171328	-28.171169	1.565340	-1.216706	-27.874923	1.571642	-1.277692	-27.880136	1.380727	-1.076185	-27.966547	0.763404	-1.640394	-27.625707	1.186075	-0.894577	-28.106881	-0.070640	-2.076211	-27.613391	1.162424	-0.918755	-28.104304	-0.032479	-2.048673	-27.643306	1.148910	-0.897750	-28.116605	-0.059971	-2.074167	-28.194000	0.969887	-1.135777	-28.199563	0.983988	-1.213661	-27.865034	0.961189	-1.227475	-27.833905	0.971529	-1.259403	-28.189723	0.445741	-1.161954	-27.803071	0.462873	-1.253537	-28.167346	-0.097170	-1.117419	-28.168403	-0.030919	-1.176263	-27.830330	-0.087711	-1.207934	-27.850674	-0.018435	-1.255747
2638	36.637013	00:00:36:46	-28.014577	1.680424	-1.265486	-27.928317	1.593464	-1.134577	-28.041943	1.637357	-1.131316	-28.008664	1.579140	-1.228908	-27.977886	1.544793	-1.213108	-28.164445	1.565894	-1.219852	-27.889088	1.537803	-1.266870	-27.903702	1.375002	-1.060227	-27.956706	0.758836	-1.702923	-27.628699	1.138683	-0.886222	-28.082693	-0.060028	-2.078218	-27.631071	1.188492	-0.902984	-28.095044	-0.058082	-2.076086	-27.641506	1.161551	-0.915851	-28.080579	-0.062456	-2.070474	-28.148109	0.974290	-1.143091	-28.156163	0.970622	-1.221213	-27.814036	0.957754	-1.242020	-27.852778	1.003043	-1.278457	-28.193028	0.464151	-1.173459	-27.819990	0.463450	-1.270593	-28.194119	-0.085798	-1.145712	-28.218055	-0.028295	-1.199110	-27.812887	-0.039559	-1.185706	-27.820123	-0.061961	-1.244546
2639	36.650906	00:00:36:47	-28.022689	1.680983	-1.257821	-27.943273	1.674392	-1.167395	-28.057581	1.663236	-1.132311	-27.987079	1.576731	-1.224187	-28.027897	1.562758	-1.194132	-28.181962	1.587102	-1.183503	-27.857620	1.549864	-1.256957	-27.919117	1.373786	-1.020142	-27.948762	0.757161	-1.668507	-27.620919	1.188241	-0.896472	-28.102663	-0.017054	-2.069034	-27.610618	1.180717	-0.904065	-28.075188	-0.047238	-2.092076	-27.636537	1.184411	-0.932537	-28.105369	-0.040167	-2.060027	-28.167870	0.971535	-1.150558	-28.198970	0.999269	-1.197007	-27.799807	0.968473	-1.202664	-27.835564	0.983504	-1.274843	-28.191837	0.481109	-1.175875	-27.853276	0.419924	-1.234307	-28.194370	-0.063729	-1.113740	-28.177172	-0.060887	-1.185171	-27.830100	-0.058505	-1.187519	-27.816714	-0.062883	-1.282055
2640	36.664800	00:00:36:48	-27.984931	1.683341	-1.238785	-27.948775	1.639580	-1.123001	-28.034431	1.626958	-1.119840	-28.004725	1.554619	-1.191231	-28.025988	1.544811	-1.188626	-28.122750	1.525798	-1.244516	-27.873440	1.587106	-1.287041	-27.885449	1.360012	-1.074312	-27.976947	0.754047	-1.650938	-27.639598	1.173290	-0.899090	-28.064238	-0.017797	-2.045893	-27.667445	1.180615	-0.933270	-28.111564	-0.047494	-2.079288	-27.634554	1.170857	-0.919589	-28.091056	-0.088115	-2.064283	-28.154224	0.971506	-1.130036	-28.194700	0.965319	-1.171922	-27.858842	0.944698	-1.255339	-27.838334	0.967829	-1.271276	-28.202843	0.452779	-1.159002	-27.834874	0.493009	-1.253172	-28.196418	-0.084212	-1.127918	-28.193352	-0.038391	-1.163131	-27.830696	-0.090719	-1.207907	-27.880422	-0.048943	-1.264909
2641	36.678693	00:00:36:49	-27.994113	1.685078	-1.225841	-27.939372	1.644245	-1.146524	-28.056688	1.619144	-1.090932	-27.963599	1.556487	-1.240683	-28.000448	1.556413	-1.209672	-28.168591	1.595232	-1.174201	-27.880679	1.574987	-1.268464	-27.916246	1.378933	-1.074102	-27.983086	0.767196	-1.661101	-27.606352	1.193058	-0.901182	-28.048677	-0.045805	-2.059387	-27.638820	1.134219	-0.904283	-28.130729	-0.034209	-2.033869	-27.627445	1.147821	-0.926573	-28.092683	-0.015338	-2.098468	-28.181566	0.966969	-1.181665	-28.194798	0.979932	-1.203656	-27.831556	0.962896	-1.218578	-27.862426	0.996610	-1.260978	-28.141225	0.461831	-1.176628	-27.800563	0.435862	-1.260045	-28.188214	-0.070340	-1.132448	-28.184572	-0.007391	-1.199500	-27.824263	-0.088342	-1.245936	-27.822933	-0.061644	-1.276008
2642	36.692587	00:00:36:50	-28.003368	1.721275	-1.231163	-27.929347	1.608539	-1.143902	-28.018024	1.637968	-1.108288	-27.993834	1.580618	-1.203463	-28.000940	1.504391	-1.211537	-28.173682	1.556504	-1.221556	-27.864672	1.549760	-1.259809	-27.897447	1.395989	-1.063829	-27.994878	0.746170	-1.661558	-27.647287	1.197107	-0.864228	-28.089297	-0.056230	-2.076366	-27.623338	1.169404	-0.903110	-28.102594	-0.055434	-2.071896	-27.621208	1.174671	-0.868495	-28.090543	-0.054853	-2.053602	-28.170838	0.984894	-1.170921	-28.193724	1.000589	-1.182938	-27.843576	0.967015	-1.227542	-27.847020	0.978748	-1.280357	-28.212447	0.484085	-1.177251	-27.865095	0.474895	-1.218560	-28.175847	-0.053354	-1.144713	-28.177764	-0.035393	-1.183978	-27.803122	-0.074979	-1.203064	-27.872438	-0.058902	-1.269630
2643	36.706480	00:00:36:51	-28.006055	1.688939	-1.240515	-27.944326	1.629470	-1.161734	-28.051066	1.634877	-1.067539	-27.999896	1.588185	-1.232396	-28.020161	1.575595	-1.205546	-28.167756	1.581064	-1.229852	-27.826860	1.577297	-1.252521	-27.875583	1.361021	-1.055256	-27.974297	0.772006	-1.626302	-27.618317	1.185952	-0.904088	-28.095106	-0.033142	-2.071053	-27.610979	1.177890	-0.907238	-28.105339	-0.031448	-2.066689	-27.622231	1.186685	-0.924057	-28.043316	-0.036989	-2.061821	-28.196105	0.973067	-1.143926	-28.170889	0.968929	-1.205029	-27.816532	0.962321	-1.239530	-27.837702	0.993075	-1.271057	-28.211207	0.452526	-1.172867	-27.834058	0.459784	-1.229660	-28.173772	-0.095039	-1.122704	-28.177037	-0.040297	-1.200814	-27.853399	-0.057019	-1.187194	-27.822291	-0.048979	-1.278788
2644	36.720374	00:00:36:52	-28.011380	1.690377	-1.226539	-27.915903	1.589119	-1.123747	-28.068130	1.622280	-1.138651	-28.060060	1.560661	-1.246961	-27.989313	1.534555	-1.169026	-28.164402	1.554787	-1.209026	-27.881049	1.563503	-1.269116	-27.908029	1.373727	-1.052293	-27.999037	0.728142	-1.680704	-27.637125	1.138220	-0.902923	-28.119669	-0.089775	-2.043734	-27.633501	1.166574	-0.894708	-28.042793	-0.012641	-2.045714	-27.645491	1.160107	-0.895522	-28.075235	-0.087293	-2.062194	-28.201166	0.971357	-1.164212	-28.193703	0.995268	-1.207423	-27.806356	1.002585	-1.232884	-27.840738	0.994276	-1.262178	-28.211958	0.445206	-1.160256	-27.819546	0.488124	-1.251006	-28.184592	-0.064984	-1.135099	-28.181261	-0.032741	-1.169551	-27.815380	-0.101958	-1.228299	-27.810837	-0.038251	-1.230619
2645	36.734267	00:00:36:53	-28.017749	1.695683	-1.186392	-27.910472	1.642574	-1.139717	-28.070273	1.631661	-1.112235	-28.011891	1.559150	-1.243604	-28.018175	1.547255	-1.192811	-28.158298	1.567378	-1.204275	-27.861989	1.551276	-1.279117	-27.940167	1.338899	-1.054426	-27.965592	0.774373	-1.655178	-27.661462	1.176441	-0.915505	-28.086864	-0.048172	-2.045978	-27.659549	1.166136	-0.913278	-28.055673	-0.050263	-2.086069	-27.618368	1.192672	-0.915060	-28.118552	-0.038907	-2.050668	-28.195888	0.967176	-1.132244	-28.191553	0.999089	-1.252307	-27.819587	0.968807	-1.241501	-27.828305	1.004416	-1.262776	-28.186354	0.467718	-1.179150	-27.809399	0.464290	-1.248185	-28.164497	-0.087686	-1.154830	-28.171710	-0.003875	-1.183439	-27.848096	-0.057501	-1.223502	-27.828214	-0.025274	-1.290084
2646	36.748160	00:00:36:54	-28.028317	1.694445	-1.224456	-27.933010	1.659652	-1.151096	-28.020932	1.625985	-1.084981	-28.014437	1.556461	-1.263350	-28.021989	1.564230	-1.191117	-28.120567	1.561064	-1.213973	-27.875516	1.556124	-1.250061	-27.920050	1.347242	-1.050964	-27.979788	0.749158	-1.667663	-27.629077	1.179499	-0.895714	-28.105123	-0.024910	-2.086831	-27.618044	1.176628	-0.894946	-28.093845	-0.057533	-2.090473	-27.651988	1.196598	-0.890579	-28.087951	-0.039738	-2.061268	-28.171802	0.943235	-1.180418	-28.214133	0.996968	-1.173431	-27.824433	0.955763	-1.224171	-27.843049	0.986141	-1.287181	-28.197864	0.437339	-1.158610	-27.839986	0.411446	-1.225877	-28.197647	-0.074032	-1.127971	-28.185801	-0.051278	-1.199721	-27.785600	-0.077064	-1.219061	-27.826666	-0.028076	-1.281876
2647	36.762054	00:00:36:55	-28.017406	1.691622	-1.231810	-27.933456	1.614486	-1.160792	-28.046904	1.642187	-1.109619	-28.026159	1.552742	-1.260168	-27.998096	1.527840	-1.181293	-28.168551	1.582024	-1.240098	-27.862133	1.570836	-1.270385	-27.888304	1.379445	-1.053337	-27.990521	0.751267	-1.652537	-27.640874	1.178619	-0.913189	-28.062609	-0.064603	-2.065061	-27.654385	1.197958	-0.945371	-28.100784	-0.047095	-2.053267	-27.667759	1.148364	-0.932237	-28.091773	-0.031432	-2.073448	-28.149536	0.916229	-1.147925	-28.141714	0.982809	-1.224152	-27.848193	0.959029	-1.242933	-27.836884	1.005156	-1.264698	-28.187273	0.460285	-1.189830	-27.845593	0.452481	-1.248438	-28.174922	-0.086757	-1.161233	-28.160251	-0.026679	-1.221382	-27.824329	-0.053216	-1.210469	-27.838518	-0.021637	-1.248574
2648	36.775947	00:00:36:56	-27.990487	1.691837	-1.221880	-27.954747	1.610188	-1.143584	-28.056441	1.619981	-1.116788	-27.997824	1.537570	-1.209831	-28.006978	1.534356	-1.203087	-28.155419	1.583014	-1.199013	-27.854922	1.569720	-1.267789	-27.891900	1.380388	-1.060003	-27.980922	0.770449	-1.669313	-27.678637	1.168427	-0.890247	-28.094927	-0.061907	-2.070787	-27.636786	1.183217	-0.876228	-28.087973	-0.064482	-2.064040	-27.645698	1.179137	-0.920435	-28.081256	-0.052555	-2.071536	-28.168619	0.969458	-1.160610	-28.180936	0.984898	-1.212036	-27.839957	0.935814	-1.219180	-27.826806	0.958239	-1.312396	-28.194597	0.455287	-1.163323	-27.809102	0.487186	-1.228480	-28.196195	-0.069850	-1.137258	-28.160584	-0.059843	-1.172552	-27.807706	-0.074224	-1.228725	-27.833302	-0.062408	-1.220509
2649	36.789841	00:00:36:57	-28.009989	1.680928	-1.225879	-27.919509	1.630119	-1.127395	-28.033574	1.627126	-1.143644	-28.010369	1.538363	-1.244955	-28.029610	1.522489	-1.207095	-28.145258	1.583554	-1.209916	-27.866290	1.574270	-1.258111	-27.924268	1.367173	-1.065746	-27.976373	0.751691	-1.713821	-27.671356	1.180106	-0.925776	-28.075477	0.005439	-2.050447	-27.644882	1.175146	-0.914925	-28.119836	-0.055833	-2.047014	-27.620019	1.156269	-0.902081	-28.106094	-0.037780	-2.057841	-28.178626	0.957662	-1.128744	-28.210525	0.976622	-1.228668	-27.823604	0.986856	-1.246555	-27.840285	1.001468	-1.268109	-28.188766	0.451307	-1.135086	-27.862592	0.464825	-1.233035	-28.169222	-0.071529	-1.142399	-28.213040	-0.077859	-1.186544	-27.837248	-0.084541	-1.240452	-27.852738	-0.037893	-1.234531
2650	36.803734	00:00:36:58	-28.016727	1.664711	-1.244720	-27.883462	1.633601	-1.150564	-28.015569	1.614310	-1.099422	-28.016021	1.559111	-1.243664	-28.000402	1.526049	-1.219396	-28.175637	1.547205	-1.209192	-27.899642	1.601223	-1.269189	-27.889721	1.336455	-1.069288	-27.994792	0.767993	-1.677965	-27.602925	1.189861	-0.899701	-28.107045	-0.030277	-2.058133	-27.604611	1.158438	-0.915934	-28.072983	-0.040438	-2.073969	-27.619513	1.205839	-0.892248	-28.098230	-0.061752	-2.073679	-28.174677	0.967816	-1.166707	-28.183956	0.962793	-1.209159	-27.836624	0.986930	-1.219155	-27.831324	0.968970	-1.257069	-28.168636	0.470937	-1.174996	-27.850945	0.471275	-1.263281	-28.158589	-0.099564	-1.119153	-28.196805	-0.016693	-1.197896	-27.842566	-0.056667	-1.226875	-27.833300	-0.039411	-1.282179
2651	36.817628	00:00:36:59	-28.013878	1.657607	-1.245786	-27.926693	1.634260	-1.126610	-28.047741	1.622926	-1.116512	-28.024840	1.557345	-1.223148	-28.000648	1.535489	-1.188529	-28.119234	1.562917	-1.214428	-27.868929	1.542916	-1.241872	-27.900609	1.395655	-1.054223	-27.977078	0.757323	-1.659331	-27.649216	1.186150	-0.913119	-28.119849	-0.050082	-2.054700	-27.677514	1.178230	-0.882001	-28.103977	-0.035090	-2.062704	-27.635014	1.138141	-0.928370	-28.101148	-0.060474	-2.084526	-28.187226	0.994984	-1.130801	-28.198578	0.992048	-1.200059	-27.797587	0.965735	-1.211446	-27.855066	1.001518	-1.287385	-28.169337	0.467190	-1.188555	-27.815340	0.432617	-1.241988	-28.140594	-0.024428	-1.153374	-28.182432	-0.051522	-1.176201	-27.823097	-0.045361	-1.222505	-27.858132	-0.059119	-1.244689
2652	36.831521	00:00:36:60	-28.027247	1.699495	-1.271489	-27.949686	1.599510	-1.150058	-28.050217	1.643574	-1.113701	-28.022858	1.568829	-1.223886	-27.983675	1.547727	-1.208245	-28.114725	1.549382	-1.208365	-27.873642	1.582081	-1.279945	-27.924119	1.356257	-1.022704	-27.969548	0.725823	-1.660350	-27.655695	1.182588	-0.900872	-28.105174	-0.052379	-2.059250	-27.619250	1.184208	-0.916138	-28.098374	0.000954	-2.069187	-27.647558	1.187506	-0.902135	-28.091955	-0.055807	-2.073436	-28.185601	0.942609	-1.157806	-28.148891	0.982324	-1.225523	-27.808405	0.990061	-1.210094	-27.824308	0.992246	-1.247263	-28.166350	0.456187	-1.161549	-27.831501	0.472640	-1.187314	-28.170020	-0.083840	-1.133159	-28.147192	-0.043635	-1.186673	-27.830885	-0.066962	-1.227213	-27.841467	-0.055432	-1.252533
2653	36.845415	00:00:36:61	-28.010099	1.657633	-1.214577	-27.935332	1.643579	-1.144414	-28.055801	1.627480	-1.131975	-28.020435	1.557605	-1.249661	-27.991070	1.557264	-1.207353	-28.162270	1.547289	-1.197414	-27.877223	1.576406	-1.255401	-27.885119	1.365320	-1.073905	-27.966305	0.727088	-1.657407	-27.633187	1.160853	-0.921349	-28.095895	-0.060882	-2.064659	-27.662160	1.183126	-0.900776	-28.080307	-0.031590	-2.089409	-27.612502	1.185364	-0.884086	-28.055900	-0.028597	-2.042660	-28.156997	0.941638	-1.175376	-28.206319	1.007486	-1.211005	-27.810334	0.942250	-1.243078	-27.863877	0.991296	-1.283635	-28.197696	0.460080	-1.196538	-27.841678	0.440816	-1.260165	-28.195418	-0.055377	-1.154337	-28.171490	-0.069211	-1.189348	-27.804874	-0.067883	-1.223068	-27.855053	-0.043077	-1.289629
2654	36.859308	00:00:36:62	-28.000696	1.674400	-1.239409	-27.933329	1.633712	-1.124634	-28.026181	1.641571	-1.122707	-28.012841	1.591659	-1.231616	-28.020904	1.529836	-1.203928	-28.180027	1.558230	-1.215191	-27.866083	1.584540	-1.273033	-27.921735	1.369527	-1.088601	-27.993226	0.789072	-1.667963	-27.623574	1.161674	-0.929535	-28.062587	-0.063421	-2.056046	-27.641390	1.140190	-0.931788	-28.070935	-0.047780	-2.106314	-27.639195	1.133648	-0.915153	-28.120721	-0.089200	-2.052430	-28.177929	0.960323	-1.198218	-28.221966	1.014464	-1.207024	-27.838080	0.969686	-1.224945	-27.844985	0.982965	-1.261944	-28.197675	0.435246	-1.159694	-27.848743	0.477753	-1.232210	-28.149590	-0.060736	-1.127551	-28.182314	-0.045267	-1.199441	-27.835169	-0.064907	-1.214125	-27.840648	-0.022183	-1.258903
2655	36.873201	00:00:36:63	-27.988878	1.678431	-1.259028	-27.931195	1.615285	-1.135961	-28.051431	1.634288	-1.114540	-28.015114	1.547866	-1.235045	-28.052034	1.543301	-1.201466	-28.171574	1.571084	-1.234542	-27.853521	1.571691	-1.253761	-27.899133	1.381847	-1.052564	-27.975717	0.746504	-1.638162	-27.651776	1.176876	-0.880540	-28.103836	-0.000654	-2.069489	-27.626301	1.192533	-0.910265	-28.102911	-0.054769	-2.011732	-27.662056	1.161577	-0.929636	-28.087605	-0.053894	-2.061064	-28.175171	0.961974	-1.149391	-28.164865	0.989933	-1.202704	-27.826368	0.961128	-1.190817	-27.834289	1.002570	-1.272414	-28.187868	0.472028	-1.145739	-27.830791	0.445835	-1.254867	-28.169809	-0.056293	-1.120929	-28.180103	-0.042434	-1.206881	-27.833638	-0.030701	-1.202854	-27.855021	-0.054237	-1.283589
2656	36.887095	00:00:36:64	-27.993409	1.678029	-1.240004	-27.948416	1.622877	-1.139261	-28.026394	1.623785	-1.098316	-28.024104	1.548169	-1.233997	-28.018736	1.547760	-1.192162	-28.173711	1.572186	-1.223715	-27.871895	1.537330	-1.242162	-27.904928	1.365877	-1.067253	-27.972745	0.742406	-1.660906	-27.631827	1.181493	-0.870575	-28.090963	-0.071784	-2.105947	-27.642319	1.168321	-0.894894	-28.075107	-0.041340	-2.081128	-27.631459	1.177750	-0.893679	-28.096722	-0.046002	-2.056453	-28.179352	0.966950	-1.145711	-28.184121	0.983201	-1.216128	-27.807066	0.933368	-1.230246	-27.820469	0.992093	-1.297368	-28.180074	0.445307	-1.156277	-27.819112	0.459706	-1.268545	-28.147387	-0.092137	-1.130410	-28.166834	-0.070738	-1.204091	-27.828066	-0.059706	-1.239855	-27.860267	-0.028840	-1.258554
2657	36.900988	00:00:36:65	-28.019160	1.664303	-1.215768	-27.950300	1.647976	-1.134588	-28.049230	1.638768	-1.114378	-28.032924	1.559764	-1.253857	-27.990921	1.542612	-1.212008	-28.159859	1.541513	-1.215407	-27.864631	1.587304	-1.260303	-27.869920	1.364790	-1.092147	-27.998093	0.748975	-1.682663	-27.615316	1.170720	-0.897442	-28.087934	-0.052521	-2.063091	-27.635039	1.160315	-0.887822	-28.105482	-0.050611	-2.066646	-27.654661	1.168182	-0.895492	-28.102179	-0.009788	-2.031748	-28.166825	0.948106	-1.140874	-28.182663	0.994368	-1.227809	-27.811086	0.948105	-1.254812	-27.834111	0.992988	-1.279772	-28.221292	0.486867	-1.170731	-27.863817	0.433959	-1.250719	-28.172232	-0.066226	-1.146742	-28.197986	-0.048058	-1.203933	-27.876401	-0.053645	-1.195857	-27.843520	-0.079837	-1.252029
2658	36.914882	00:00:36:66	-28.020905	1.672073	-1.238306	-27.938360	1.628453	-1.148291	-28.046830	1.630506	-1.115012	-28.032493	1.580914	-1.239471	-28.010157	1.547050	-1.186340	-28.154950	1.570899	-1.210586	-27.883117	1.550920	-1.264728	-27.911455	1.358906	-1.071349	-27.995812	0.787824	-1.617113	-27.640493	1.205319	-0.913977	-28.092026	-0.059518	-2.065594	-27.636606	1.143810	-0.906114	-28.100824	-0.037232	-2.071549	-27.637999	1.194924	-0.905735	-28.087029	-0.045655	-2.065201	-28.201216	0.978309	-1.166750	-28.180842	0.981783	-1.208969	-27.831317	0.943537	-1.222731	-27.855703	0.974299	-1.283853	-28.194346	0.452571	-1.180364	-27.856714	0.455451	-1.249182	-28.161214	-0.076753	-1.126604	-28.171549	-0.035998	-1.194343	-27.852945	-0.047544	-1.219271	-27.840575	-0.060184	-1.252244
2659	36.928775	00:00:36:67	-27.993410	1.697644	-1.238016	-27.923021	1.623282	-1.160279	-28.049153	1.646254	-1.117122	-28.004186	1.559055	-1.245019	-27.972026	1.512355	-1.215971	-28.129149	1.562075	-1.204255	-27.883640	1.568003	-1.288075	-27.929812	1.350397	-1.035332	-28.003399	0.732076	-1.659593	-27.625782	1.163241	-0.906728	-28.082628	-0.021320	-2.042575	-27.623470	1.185867	-0.912737	-28.089158	-0.069573	-2.073228	-27.683531	1.152050	-0.939690	-28.111803	-0.080798	-2.062262	-28.176605	0.961409	-1.175109	-28.201569	1.034053	-1.211579	-27.821233	0.971916	-1.243905	-27.841496	0.997829	-1.250372	-28.164192	0.437227	-1.161040	-27.832049	0.466753	-1.242394	-28.172501	-0.059613	-1.104116	-28.226049	-0.007140	-1.203095	-27.841353	-0.051302	-1.166975	-27.856914	-0.026662	-1.243762
2660	36.942669	00:00:36:68	-27.990742	1.683966	-1.218925	-27.937438	1.615936	-1.162219	-28.050642	1.637101	-1.098820	-27.965996	1.580007	-1.244001	-28.015657	1.542928	-1.163259	-28.161630	1.580116	-1.190485	-27.829172	1.562608	-1.276897	-27.888195	1.354153	-1.065445	-27.957142	0.766131	-1.674564	-27.638061	1.161864	-0.866575	-28.086652	-0.044143	-2.071105	-27.641844	1.169890	-0.904090	-28.103875	-0.060897	-2.070587	-27.633943	1.163434	-0.880008	-28.107768	-0.055130	-2.073638	-28.206905	0.966274	-1.192990	-28.199439	0.997894	-1.191703	-27.831399	0.969734	-1.240102	-27.814574	1.006757	-1.249385	-28.164288	0.497841	-1.199759	-27.845658	0.477828	-1.224247	-28.157214	-0.081532	-1.158215	-28.203485	-0.013181	-1.172156	-27.831998	-0.077967	-1.183274	-27.817305	-0.057915	-1.262804
2661	36.956562	00:00:36:69	-28.008230	1.715695	-1.259872	-27.921450	1.643562	-1.156297	-28.074003	1.639293	-1.106893	-27.983585	1.590566	-1.269602	-28.008781	1.557438	-1.205226	-28.153154	1.535109	-1.207719	-27.865644	1.566270	-1.263989	-27.920763	1.361789	-1.030181	-27.983986	0.784966	-1.682258	-27.672375	1.170099	-0.877002	-28.117229	-0.048949	-2.074776	-27.637832	1.180295	-0.911550	-28.134502	-0.067304	-2.059069	-27.635957	1.159720	-0.896994	-28.069436	-0.027445	-2.060894	-28.178112	0.950523	-1.182187	-28.185615	0.980110	-1.196317	-27.821546	0.947577	-1.233998	-27.841771	0.998043	-1.279712	-28.187581	0.483007	-1.176972	-27.844979	0.447327	-1.226787	-28.197393	-0.071365	-1.160103	-28.206920	-0.017317	-1.195058	-27.831293	-0.043666	-1.204540	-27.830066	-0.032002	-1.243825
2662	36.970456	00:00:36:70	-28.033134	1.677577	-1.257434	-27.912685	1.639961	-1.137700	-28.043777	1.663026	-1.089728	-28.004402	1.522829	-1.219655	-27.989706	1.512034	-1.178578	-28.143375	1.601907	-1.208261	-27.854509	1.562637	-1.264312	-27.903907	1.364180	-1.038626	-27.945986	0.775569	-1.648000	-27.626339	1.180351	-0.926692	-28.071361	-0.054199	-2.073983	-27.639567	1.172731	-0.915784	-28.067054	-0.051329	-2.043058	-27.629468	1.169003	-0.871728	-28.095986	-0.042030	-2.076139	-28.183289	0.950345	-1.143909	-28.160272	0.981893	-1.230308	-27.833793	0.950855	-1.241995	-27.826645	0.993550	-1.272089	-28.164460	0.477079	-1.153570	-27.820022	0.437356	-1.193781	-28.163626	-0.068966	-1.131084	-28.196653	-0.052232	-1.213270	-27.845721	-0.050331	-1.201637	-27.829286	-0.076666	-1.228983
2663	36.984349	00:00:36:71	-28.008901	1.668389	-1.224999	-27.939058	1.643872	-1.158624	-28.036469	1.640356	-1.147992	-28.022635	1.578201	-1.260762	-27.990803	1.481732	-1.200976	-28.156535	1.563005	-1.232128	-27.863590	1.566789	-1.267557	-27.892058	1.370166	-1.069196	-27.998067	0.749163	-1.677130	-27.664701	1.137539	-0.896611	-28.092592	-0.003985	-2.052932	-27.675120	1.182934	-0.899695	-28.073335	-0.039490	-2.011436	-27.633416	1.169255	-0.891444	-28.081481	-0.030765	-2.083414	-28.154326	0.946589	-1.161824	-28.204988	0.976276	-1.229915	-27.787393	0.964525	-1.237003	-27.803473	0.990352	-1.294350	-28.224389	0.451906	-1.187784	-27.820791	0.432601	-1.238795	-28.163962	-0.064707	-1.140605	-28.195935	-0.057493	-1.186330	-27.842306	-0.097960	-1.199611	-27.863879	-0.026083	-1.237956
2664	36.998242	00:00:36:00	-28.001598	1.654277	-1.214181	-27.925688	1.645846	-1.118000	-28.053452	1.658079	-1.118338	-28.017323	1.550709	-1.240790	-28.008807	1.526986	-1.195769	-28.162653	1.567748	-1.229062	-27.865159	1.569518	-1.258912	-27.873280	1.393333	-1.076173	-27.947475	0.748493	-1.687410	-27.658104	1.133459	-0.872143	-28.107454	-0.076225	-2.072740	-27.638723	1.140305	-0.927084	-28.086051	-0.042229	-2.097647	-27.642229	1.173950	-0.891584	-28.068406	-0.059329	-2.065998	-28.187781	0.957876	-1.142617	-28.204262	0.981652	-1.227921	-27.836803	0.959574	-1.211943	-27.825248	0.985247	-1.296651	-28.161626	0.449944	-1.150102	-27.813655	0.440235	-1.189239	-28.147241	-0.091090	-1.114246	-28.182723	-0.039430	-1.201030	-27.845868	-0.092300	-1.178972	-27.854637	-0.040145	-1.256447
2665	37.012136	00:00:37:01	-28.013956	1.683838	-1.252879	-27.909912	1.614249	-1.130360	-28.036191	1.619467	-1.117462	-28.029081	1.560719	-1.243611	-28.001949	1.515856	-1.195597	-28.129887	1.551784	-1.220823	-27.867559	1.562068	-1.243116	-27.909257	1.354915	-1.049332	-27.991666	0.761454	-1.672086	-27.615247	1.180522	-0.912900	-28.096340	-0.039204	-2.064439	-27.662153	1.170173	-0.878357	-28.069592	-0.047647	-2.071619	-27.652579	1.194315	-0.882441	-28.106196	-0.042408	-2.043234	-28.180267	0.914704	-1.157089	-28.207611	1.021181	-1.198240	-27.843271	0.972957	-1.234068	-27.858306	0.965971	-1.258413	-28.178585	0.468782	-1.192399	-27.831545	0.438764	-1.228460	-28.190037	-0.054514	-1.132131	-28.200539	-0.060415	-1.171046	-27.824135	-0.052442	-1.221069	-27.813051	-0.015956	-1.237526
2666	37.026029	00:00:37:02	-28.035426	1.686804	-1.235572	-27.948296	1.646607	-1.114826	-28.048302	1.620667	-1.100679	-28.021292	1.574742	-1.233164	-27.959909	1.531250	-1.215490	-28.128107	1.571182	-1.234401	-27.865441	1.587617	-1.285461	-27.920988	1.361781	-1.028255	-27.989333	0.793654	-1.657536	-27.634511	1.149535	-0.910249	-28.087532	-0.027811	-2.068019	-27.627180	1.152611	-0.881601	-28.127299	-0.052878	-2.050228	-27.611915	1.174967	-0.871842	-28.126743	-0.045076	-2.037203	-28.163095	0.988038	-1.186755	-28.198696	0.996968	-1.223823	-27.821793	0.949326	-1.209521	-27.852076	0.984487	-1.272264	-28.172802	0.439136	-1.162117	-27.844456	0.453285	-1.215022	-28.143063	-0.076015	-1.167283	-28.216719	-0.050363	-1.196419	-27.818838	-0.066004	-1.195132	-27.876044	-0.053519	-1.239668
2667	37.039923	00:00:37:03	-27.993741	1.687059	-1.262373	-27.925615	1.623156	-1.116985	-28.062175	1.614543	-1.131919	-28.020922	1.560003	-1.229085	-28.028650	1.545033	-1.203993	-28.157984	1.584009	-1.228932	-27.873946	1.569869	-1.258409	-27.916629	1.379667	-1.056095	-28.011347	0.772417	-1.666057	-27.625856	1.157374	-0.899799	-28.062636	-0.047516	-2.067469	-27.623013	1.128418	-0.901567	-28.120949	-0.049237	-2.033500	-27.658319	1.137626	-0.909859	-28.106059	-0.065532	-2.044423	-28.187261	0.967521	-1.178446	-28.160657	0.963414	-1.222595	-27.835026	0.936342	-1.205882	-27.845265	0.984875	-1.263438	-28.178081	0.439762	-1.174924	-27.850675	0.474835	-1.237136	-28.171649	-0.082645	-1.120829	-28.192936	-0.029664	-1.188188	-27.844007	-0.079074	-1.208229	-27.861319	-0.029422	-1.199634
2668	37.053816	00:00:37:04	-27.997415	1.698493	-1.246712	-27.923673	1.640569	-1.156001	-28.022970	1.642274	-1.080116	-28.000455	1.564979	-1.222468	-28.003028	1.523706	-1.227911	-28.155859	1.564405	-1.203010	-27.864250	1.606636	-1.241232	-27.909520	1.390404	-1.070332	-27.958867	0.742690	-1.657056	-27.662909	1.164314	-0.883643	-28.115840	-0.049631	-2.037103	-27.645213	1.174011	-0.933816	-28.075648	-0.016673	-2.055680	-27.646688	1.165956	-0.897499	-28.076301	-0.046573	-2.022656	-28.167683	0.976572	-1.157970	-28.174040	0.965752	-1.209036	-27.835850	0.953972	-1.198056	-27.844906	0.984676	-1.247195	-28.204757	0.439437	-1.140406	-27.803647	0.453292	-1.244332	-28.167617	-0.060470	-1.142313	-28.169025	-0.049149	-1.208145	-27.796621	-0.069917	-1.179561	-27.837975	-0.047128	-1.270766
2669	37.067710	00:00:37:05	-27.995011	1.721071	-1.281975	-27.905494	1.629565	-1.120097	-28.044532	1.643491	-1.131424	-28.007133	1.571892	-1.260483	-28.031005	1.537547	-1.240239	-28.163689	1.583388	-1.195169	-27.872419	1.565516	-1.255910	-27.908821	1.392189	-1.037524	-27.958869	0.786159	-1.670793	-27.629680	1.167499	-0.899626	-28.106545	-0.056981	-2.096411	-27.666050	1.168868	-0.887214	-28.096493	-0.047291	-2.093543	-27.636865	1.181142	-0.874775	-28.092705	-0.050720	-2.078016	-28.162506	0.939251	-1.167845	-28.141795	1.020230	-1.227674	-27.822619	0.971995	-1.238448	-27.837078	0.985254	-1.243944	-28.210973	0.401084	-1.154427	-27.835760	0.473855	-1.217114	-28.216343	-0.058145	-1.142595	-28.146831	-0.049558	-1.173187	-27.808105	-0.057352	-1.224051	-27.829246	-0.008867	-1.224825
2670	37.081603	00:00:37:06	-27.996283	1.670707	-1.243569	-27.905920	1.624226	-1.122053	-28.037748	1.646098	-1.120721	-28.029724	1.588525	-1.256668	-27.997148	1.537249	-1.190850	-28.137633	1.582888	-1.205758	-27.850289	1.555918	-1.265642	-27.897823	1.358381	-1.088213	-27.978049	0.791853	-1.687281	-27.663259	1.160171	-0.885094	-28.098425	-0.051513	-2.079105	-27.605836	1.199752	-0.900543	-28.104109	-0.039933	-2.064075	-27.627646	1.176978	-0.882490	-28.071447	-0.063021	-2.048265	-28.163095	0.970029	-1.164052	-28.190407	0.970567	-1.211787	-27.837896	0.951211	-1.225677	-27.837691	1.024625	-1.281733	-28.178583	0.452127	-1.188086	-27.827529	0.446267	-1.237757	-28.183947	-0.042547	-1.167601	-28.197771	-0.050378	-1.219412	-27.813846	-0.074863	-1.189276	-27.825148	-0.025130	-1.223799
2671	37.095497	00:00:37:07	-27.986910	1.690772	-1.249596	-27.926186	1.655167	-1.133586	-28.077776	1.650976	-1.118571	-28.030011	1.577302	-1.205370	-28.001513	1.544595	-1.218847	-28.129435	1.563175	-1.205463	-27.880895	1.542582	-1.263692	-27.913076	1.390473	-1.044170	-27.975003	0.762397	-1.674657	-27.658090	1.158756	-0.916675	-28.061954	-0.076351	-2.106546	-27.675474	1.126319	-0.904136	-28.077460	-0.028122	-2.085242	-27.657766	1.172421	-0.866051	-28.079126	-0.017120	-2.046620	-28.177406	0.970003	-1.138524	-28.184127	0.957785	-1.199260	-27.839501	0.974173	-1.227907	-27.827037	1.004749	-1.265531	-28.190910	0.444536	-1.165312	-27.815569	0.485137	-1.218219	-28.200780	-0.078967	-1.143523	-28.212979	-0.013717	-1.161911	-27.841955	-0.056754	-1.230738	-27.855459	-0.025981	-1.205885
2672	37.109390	00:00:37:08	-28.025948	1.679999	-1.199204	-27.911513	1.648394	-1.123436	-28.052943	1.617441	-1.108914	-27.976077	1.560252	-1.247120	-28.003603	1.560786	-1.217080	-28.172594	1.557897	-1.221711	-27.876894	1.566907	-1.283419	-27.892581	1.384944	-1.042836	-27.939636	0.744678	-1.634063	-27.647178	1.195147	-0.867928	-28.107122	-0.043482	-2.057909	-27.619619	1.166456	-0.867505	-28.109651	-0.061923	-2.002540	-27.637965	1.189111	-0.913870	-28.125094	-0.048747	-2.050453	-28.178404	0.962213	-1.139459	-28.228514	0.987622	-1.194997	-27.847635	0.933537	-1.234625	-27.864474	0.997537	-1.253072	-28.180299	0.457224	-1.184704	-27.796396	0.467040	-1.228055	-28.194169	-0.045906	-1.110733	-28.183736	-0.036884	-1.203848	-27.841075	-0.077326	-1.227681	-27.848271	-0.045257	-1.259057
2673	37.123283	00:00:37:09	-28.020908	1.688008	-1.224676	-27.929585	1.632725	-1.138939	-28.071823	1.647508	-1.123902	-27.966590	1.564591	-1.241947	-27.981058	1.536766	-1.188506	-28.154596	1.578799	-1.201049	-27.850364	1.561123	-1.278070	-27.880727	1.340325	-1.039018	-27.978820	0.752197	-1.650242	-27.605315	1.157269	-0.865967	-28.142284	-0.079831	-2.080338	-27.621444	1.182226	-0.911249	-28.112903	-0.041904	-2.078632	-27.665875	1.198934	-0.882721	-28.111814	-0.040300	-2.094488	-28.202133	0.973296	-1.145197	-28.194741	0.974453	-1.182433	-27.798015	0.956231	-1.177821	-27.852506	0.958075	-1.239665	-28.187495	0.459197	-1.177630	-27.812196	0.466299	-1.270957	-28.169174	-0.055034	-1.116441	-28.179651	-0.081763	-1.189580	-27.826562	-0.071177	-1.198624	-27.841703	-0.049747	-1.266418
2674	37.137177	00:00:37:10	-28.019372	1.672816	-1.248771	-27.908082	1.623355	-1.134452	-28.073880	1.629984	-1.121534	-27.986497	1.556845	-1.218858	-28.002380	1.557481	-1.189872	-28.146375	1.531409	-1.213232	-27.873948	1.576407	-1.259527	-27.875962	1.340085	-1.046907	-27.996128	0.735713	-1.674374	-27.664567	1.194703	-0.881193	-28.090272	-0.065259	-2.055659	-27.666169	1.147242	-0.934923	-28.073969	-0.030524	-2.058375	-27.649534	1.219030	-0.914018	-28.085812	-0.045595	-2.076159	-28.164987	0.959085	-1.160338	-28.192588	0.984767	-1.220418	-27.830699	0.982435	-1.220681	-27.843098	1.009249	-1.282566	-28.179043	0.467544	-1.193184	-27.845516	0.445326	-1.211679	-28.190793	-0.065016	-1.115487	-28.186177	-0.040039	-1.212304	-27.854007	-0.045502	-1.169169	-27.841629	-0.058214	-1.297093
2675	37.151070	00:00:37:11	-27.981926	1.678065	-1.215958	-27.941085	1.620226	-1.147284	-28.046671	1.613438	-1.151282	-28.043194	1.556267	-1.216757	-28.011639	1.563645	-1.216351	-28.170574	1.544652	-1.228422	-27.858356	1.562594	-1.261531	-27.895849	1.345129	-1.070471	-27.954291	0.726118	-1.691195	-27.629466	1.184689	-0.893222	-28.103233	-0.046580	-2.059141	-27.671831	1.184866	-0.920495	-28.108668	-0.025120	-2.033968	-27.664274	1.172176	-0.894711	-28.074421	-0.062547	-2.068167	-28.198455	0.966179	-1.133156	-28.216306	1.002816	-1.185890	-27.829472	0.980312	-1.209338	-27.817855	0.971070	-1.249952	-28.163737	0.458353	-1.201162	-27.817437	0.472220	-1.245845	-28.150111	-0.067175	-1.128361	-28.222191	-0.041323	-1.217499	-27.823948	-0.074364	-1.232120	-27.861238	-0.046767	-1.255901
2676	37.164964	00:00:37:12	-28.010417	1.703129	-1.270216	-27.950202	1.620540	-1.149820	-28.026300	1.624997	-1.086558	-27.984983	1.577061	-1.239805	-28.010381	1.581553	-1.182340	-28.151245	1.568694	-1.228397	-27.880671	1.535810	-1.246833	-27.888738	1.368875	-1.072218	-27.995980	0.735521	-1.662453	-27.647157	1.171403	-0.880716	-28.107953	-0.048381	-2.086852	-27.652705	1.157795	-0.901963	-28.101750	-0.048012	-2.083557	-27.677917	1.171027	-0.916003	-28.112076	-0.037513	-2.050512	-28.182768	0.978844	-1.142932	-28.189443	1.016249	-1.220334	-27.813696	0.957312	-1.224977	-27.823964	1.014134	-1.267724	-28.175527	0.470915	-1.183779	-27.862393	0.430964	-1.234261	-28.187764	-0.030977	-1.149804	-28.171670	-0.041518	-1.178818	-27.842692	-0.104381	-1.198847	-27.866315	-0.024800	-1.246829
2677	37.178857	00:00:37:13	-28.036215	1.662908	-1.229974	-27.917092	1.630074	-1.130851	-28.054815	1.651881	-1.095675	-27.981981	1.538356	-1.209768	-27.989830	1.574014	-1.225272	-28.151325	1.566664	-1.221344	-27.886951	1.554128	-1.255409	-27.921108	1.337096	-1.052906	-27.970045	0.750985	-1.674786	-27.656155	1.177879	-0.934616	-28.077039	-0.030492	-2.061667	-27.645716	1.176004	-0.892078	-28.106175	-0.066451	-2.033015	-27.665470	1.175394	-0.890591	-28.102443	-0.056520	-2.053625	-28.182158	0.945731	-1.156923	-28.166302	1.018599	-1.223517	-27.806313	0.984843	-1.217453	-27.834446	0.988790	-1.265079	-28.182708	0.468828	-1.173286	-27.822540	0.485405	-1.245489	-28.163815	-0.080566	-1.162240	-28.189784	-0.039851	-1.184949	-27.811957	-0.053484	-1.225849	-27.828805	-0.051230	-1.238649
2678	37.192751	00:00:37:14	-28.009809	1.704760	-1.241984	-27.929250	1.645871	-1.144720	-28.033911	1.641728	-1.090389	-28.005375	1.571535	-1.234485	-28.000091	1.535705	-1.224491	-28.148681	1.570435	-1.249996	-27.857949	1.595682	-1.282217	-27.895612	1.332560	-1.051591	-27.977275	0.742951	-1.667278	-27.660612	1.152360	-0.877036	-28.062405	-0.072610	-2.029554	-27.630222	1.152781	-0.910750	-28.090800	-0.051009	-2.068273	-27.680799	1.173804	-0.898180	-28.074465	-0.060264	-2.054380	-28.173871	0.954605	-1.155787	-28.193638	1.015759	-1.209715	-27.844672	0.960222	-1.225759	-27.831694	1.007958	-1.288604	-28.187084	0.461909	-1.178050	-27.864620	0.452706	-1.259725	-28.150037	-0.074473	-1.128376	-28.174534	-0.002935	-1.210909	-27.862132	-0.084285	-1.184447	-27.818900	-0.032846	-1.227907
2679	37.206644	00:00:37:15	-28.001286	1.661314	-1.231105	-27.930621	1.649222	-1.116048	-28.022016	1.614553	-1.135516	-28.007556	1.536876	-1.224312	-27.995184	1.546802	-1.203831	-28.117910	1.572347	-1.220119	-27.858734	1.581310	-1.235772	-27.905242	1.343882	-1.029565	-27.961018	0.741951	-1.635791	-27.664112	1.171211	-0.902555	-28.073649	-0.052655	-2.068514	-27.640430	1.204400	-0.899742	-28.111013	-0.033049	-2.047925	-27.622159	1.154661	-0.881443	-28.092412	-0.064322	-2.077194	-28.192458	0.956874	-1.160697	-28.176118	0.996139	-1.216935	-27.848788	0.946901	-1.232603	-27.819656	0.970823	-1.262209	-28.201006	0.457540	-1.178922	-27.844901	0.429695	-1.228773	-28.205066	-0.083341	-1.124352	-28.168425	-0.085200	-1.201030	-27.801429	-0.071273	-1.196308	-27.856396	-0.022551	-1.276007
2680	37.220538	00:00:37:16	-28.002706	1.674466	-1.242242	-27.897068	1.591411	-1.135848	-28.067273	1.621212	-1.086702	-28.002459	1.565932	-1.219807	-28.011844	1.544274	-1.202251	-28.149404	1.581747	-1.214838	-27.857025	1.561497	-1.294846	-27.885303	1.382531	-1.070457	-27.984378	0.779125	-1.638049	-27.633693	1.193203	-0.890229	-28.063288	-0.042917	-2.043578	-27.634374	1.167269	-0.922421	-28.104720	-0.031500	-2.066174	-27.635616	1.166665	-0.863647	-28.102679	-0.031789	-2.079194	-28.175813	0.960845	-1.177989	-28.194057	1.021399	-1.209876	-27.831729	0.979680	-1.237943	-27.813430	0.956572	-1.265700	-28.159542	0.445806	-1.192216	-27.851874	0.445574	-1.206079	-28.173591	-0.071663	-1.116431	-28.144286	-0.023046	-1.224845	-27.792321	-0.048918	-1.194703	-27.839397	-0.043802	-1.283520
2681	37.234431	00:00:37:17	-28.022592	1.691583	-1.246087	-27.940239	1.637151	-1.131650	-28.029519	1.621511	-1.076533	-27.993374	1.546824	-1.243525	-27.991466	1.511775	-1.233120	-28.135590	1.566745	-1.188334	-27.891455	1.542137	-1.241404	-27.911128	1.362517	-1.045514	-27.972379	0.756992	-1.637535	-27.604556	1.129979	-0.884079	-28.093844	-0.076192	-2.083078	-27.647179	1.170497	-0.886471	-28.106564	-0.029128	-2.082910	-27.661183	1.190525	-0.916461	-28.075399	-0.084151	-2.075089	-28.233678	0.946971	-1.134577	-28.157097	1.007741	-1.191505	-27.843214	0.993618	-1.233955	-27.841489	0.958087	-1.258008	-28.227358	0.462654	-1.176873	-27.828730	0.440108	-1.230485	-28.168355	-0.072671	-1.165744	-28.185416	-0.068498	-1.173289	-27.826033	-0.033404	-1.174701	-27.845655	-0.039498	-1.270539
2682	37.248324	00:00:37:18	-27.975770	1.662876	-1.227101	-27.970282	1.625587	-1.130013	-28.071456	1.642435	-1.122266	-28.029871	1.585236	-1.230218	-27.991607	1.555964	-1.218215	-28.157189	1.563889	-1.187101	-27.878650	1.579198	-1.268055	-27.920740	1.386145	-1.079669	-27.979474	0.782274	-1.647989	-27.642809	1.167382	-0.886393	-28.089685	-0.035319	-2.065249	-27.669817	1.190673	-0.892892	-28.099593	-0.062083	-2.058870	-27.628359	1.143495	-0.896195	-28.100639	-0.016688	-2.069441	-28.203549	0.962369	-1.170963	-28.172305	0.980196	-1.190919	-27.835733	0.970514	-1.213243	-27.822862	0.959497	-1.271198	-28.147355	0.484550	-1.171552	-27.856769	0.461018	-1.226782	-28.185736	-0.085012	-1.164339	-28.205009	-0.028279	-1.186154	-27.844563	-0.102394	-1.225047	-27.783007	-0.013084	-1.234790
2683	37.262218	00:00:37:19	-28.016576	1.665554	-1.238168	-27.931065	1.644904	-1.114794	-28.038351	1.669245	-1.128224	-27.992823	1.553991	-1.230794	-27.997448	1.578026	-1.209791	-28.170093	1.540915	-1.211891	-27.854559	1.579619	-1.267239	-27.884024	1.363764	-1.049874	-27.979698	0.723955	-1.694356	-27.629579	1.171245	-0.869909	-28.105654	-0.035411	-2.056355	-27.645075	1.181810	-0.933649	-28.111298	-0.049113	-2.061783	-27.678252	1.170941	-0.885079	-28.074306	-0.049813	-2.046583	-28.212458	0.963660	-1.151894	-28.191920	1.008981	-1.226134	-27.809556	0.946664	-1.203878	-27.851431	0.993059	-1.245053	-28.172170	0.428423	-1.171079	-27.841452	0.463315	-1.234202	-28.183835	-0.051697	-1.129099	-28.180428	-0.057870	-1.167731	-27.854166	-0.061133	-1.213072	-27.795588	-0.029156	-1.215777
2684	37.276111	00:00:37:20	-28.002720	1.687198	-1.226952	-27.899021	1.613643	-1.159762	-28.022396	1.646551	-1.114174	-28.011335	1.534867	-1.266138	-27.973967	1.515191	-1.175747	-28.146364	1.558466	-1.207243	-27.825314	1.566052	-1.252717	-27.915227	1.358575	-1.043324	-27.977484	0.780190	-1.667348	-27.656799	1.199796	-0.897208	-28.093673	0.007782	-2.102881	-27.656374	1.186204	-0.919911	-28.083681	-0.041840	-2.057249	-27.640923	1.147380	-0.911404	-28.074166	-0.049006	-2.089233	-28.197758	0.948575	-1.185359	-28.179480	0.981765	-1.185379	-27.826713	0.954634	-1.247859	-27.858533	0.987337	-1.285864	-28.190094	0.471046	-1.176394	-27.829166	0.457297	-1.211771	-28.173932	-0.043574	-1.113111	-28.188285	-0.071328	-1.187749	-27.837622	-0.045123	-1.241482	-27.849212	-0.051703	-1.261925
2685	37.290005	00:00:37:21	-27.972274	1.686231	-1.248982	-27.943178	1.622652	-1.109689	-28.060235	1.649347	-1.116423	-28.021867	1.565697	-1.228851	-28.006475	1.523171	-1.213286	-28.173070	1.565736	-1.192964	-27.852509	1.537720	-1.264916	-27.896269	1.381694	-1.065186	-27.975489	0.741860	-1.670980	-27.657208	1.193379	-0.885328	-28.079837	-0.049424	-2.034511	-27.672209	1.155394	-0.887075	-28.083835	-0.062210	-2.057832	-27.665566	1.186632	-0.882120	-28.103200	-0.030514	-2.063297	-28.190150	0.936316	-1.176050	-28.207044	1.015351	-1.226235	-27.816862	0.985471	-1.225958	-27.820713	0.990973	-1.277615	-28.184376	0.462215	-1.176768	-27.844410	0.475845	-1.222714	-28.167582	-0.044556	-1.149397	-28.173848	-0.058842	-1.198791	-27.824023	-0.060754	-1.192654	-27.817441	-0.049398	-1.247874
2686	37.303898	00:00:37:22	-28.006443	1.701423	-1.222858	-27.932677	1.630584	-1.124901	-28.052734	1.627774	-1.113461	-28.014894	1.592987	-1.226540	-28.001839	1.548506	-1.211677	-28.172609	1.538665	-1.248420	-27.829788	1.561695	-1.280893	-27.899895	1.362336	-1.053723	-27.987499	0.747879	-1.662226	-27.628990	1.163938	-0.878077	-28.089036	-0.035636	-2.031292	-27.664593	1.135799	-0.923677	-28.065042	-0.068809	-2.078618	-27.659478	1.161481	-0.911512	-28.104598	-0.056505	-2.048185	-28.179191	0.949076	-1.161074	-28.171428	0.974263	-1.231510	-27.854897	0.936915	-1.235505	-27.800440	0.983388	-1.248791	-28.173230	0.477072	-1.187235	-27.849214	0.452499	-1.240674	-28.159583	-0.076827	-1.159643	-28.171189	-0.060785	-1.200257	-27.831908	-0.071492	-1.184658	-27.848104	-0.025254	-1.248949
2687	37.317792	00:00:37:23	-28.014042	1.687330	-1.240003	-27.916005	1.647665	-1.113227	-28.021381	1.631223	-1.103797	-27.996907	1.548485	-1.212598	-28.020364	1.537147	-1.204663	-28.167441	1.553535	-1.219099	-27.862192	1.561756	-1.247796	-27.923123	1.338783	-1.068893	-28.003143	0.742436	-1.658941	-27.626534	1.171558	-0.910148	-28.081699	-0.045255	-2.049055	-27.635659	1.177024	-0.914152	-28.069694	-0.035027	-2.063494	-27.617770	1.155774	-0.903076	-28.073103	-0.064426	-2.056789	-28.213068	0.954327	-1.154740	-28.193309	0.964370	-1.218080	-27.831809	0.943527	-1.211463	-27.847886	0.977391	-1.260150	-28.182590	0.448557	-1.178492	-27.830908	0.436816	-1.252568	-28.161413	-0.069283	-1.164941	-28.180729	-0.025269	-1.203847	-27.829287	-0.066033	-1.219486	-27.826721	-0.011318	-1.261422
2688	37.331685	00:00:37:24	-28.028412	1.682461	-1.224673	-27.937316	1.647855	-1.127731	-28.046190	1.619797	-1.120986	-28.011848	1.582639	-1.273011	-27.987028	1.532256	-1.213180	-28.173380	1.563030	-1.204130	-27.876086	1.557439	-1.262563	-27.906430	1.373671	-1.039649	-27.981317	0.763408	-1.672736	-27.662317	1.156845	-0.897155	-28.078669	-0.065972	-2.076317	-27.659971	1.176651	-0.903227	-28.088453	-0.060761	-2.038546	-27.671364	1.150859	-0.887644	-28.095215	-0.034786	-2.069248	-28.162689	0.973655	-1.141873	-28.179827	0.971141	-1.231133	-27.846341	0.962547	-1.220230	-27.828788	1.005743	-1.291616	-28.214460	0.461009	-1.188070	-27.798892	0.453472	-1.245143	-28.158927	-0.064127	-1.164483	-28.199929	-0.036862	-1.217227	-27.824380	-0.093239	-1.227218	-27.810374	-0.045793	-1.245551
2689	37.345579	00:00:37:25	-28.025234	1.692038	-1.227025	-27.950172	1.629233	-1.123433	-28.034150	1.604155	-1.119946	-28.037931	1.580784	-1.248701	-27.972353	1.545127	-1.211009	-28.182134	1.583782	-1.219908	-27.875758	1.579431	-1.282681	-27.869362	1.389950	-1.060523	-27.999842	0.761139	-1.652622	-27.634382	1.163294	-0.878109	-28.098785	-0.061411	-2.075534	-27.658272	1.172717	-0.900691	-28.111703	-0.027888	-2.065558	-27.635744	1.219241	-0.908199	-28.092861	-0.069446	-2.076795	-28.190419	0.976148	-1.171086	-28.206155	1.014419	-1.189112	-27.838645	0.967746	-1.238891	-27.843933	0.983288	-1.297788	-28.195852	0.449488	-1.180217	-27.831702	0.475513	-1.234195	-28.181922	-0.048320	-1.127766	-28.170103	-0.056673	-1.194773	-27.836328	-0.103444	-1.188897	-27.850489	-0.065725	-1.252180
2690	37.359472	00:00:37:26	-28.051068	1.710087	-1.266822	-27.946937	1.652477	-1.144473	-28.055563	1.615552	-1.108875	-28.024160	1.613864	-1.229549	-27.975265	1.558439	-1.213560	-28.159191	1.567765	-1.218032	-27.853363	1.560024	-1.266477	-27.882947	1.355016	-1.065855	-27.991689	0.756075	-1.658523	-27.647492	1.191061	-0.892160	-28.121414	-0.055019	-2.078821	-27.637131	1.161083	-0.883564	-28.058492	-0.054343	-2.078481	-27.632572	1.177015	-0.875421	-28.105009	-0.042873	-2.071472	-28.184909	0.973209	-1.165566	-28.191141	1.003320	-1.217020	-27.822333	0.954320	-1.225831	-27.847283	0.978272	-1.294889	-28.199372	0.431272	-1.161882	-27.822702	0.468354	-1.272401	-28.158848	-0.055730	-1.154000	-28.178381	-0.074064	-1.215399	-27.827493	-0.059693	-1.216389	-27.831069	-0.055709	-1.250104
2691	37.373365	00:00:37:27	-27.997030	1.663654	-1.238709	-27.945523	1.588111	-1.108827	-28.030599	1.608417	-1.081955	-28.007601	1.570351	-1.229913	-27.965352	1.608203	-1.205160	-28.120041	1.549120	-1.218784	-27.866242	1.569431	-1.276166	-27.902925	1.349698	-1.054938	-27.960905	0.733800	-1.656540	-27.660431	1.137654	-0.871297	-28.118871	-0.015284	-2.062001	-27.621823	1.150456	-0.878426	-28.084038	-0.052121	-2.057190	-27.634631	1.161508	-0.907315	-28.047719	-0.060751	-2.033762	-28.155252	0.955541	-1.134720	-28.198937	0.993804	-1.222611	-27.840213	0.974324	-1.203077	-27.836934	0.974009	-1.262056	-28.182934	0.439121	-1.178350	-27.833921	0.482824	-1.220529	-28.186694	-0.053783	-1.158690	-28.195782	-0.042840	-1.233165	-27.807773	-0.058946	-1.200991	-27.805822	-0.034067	-1.242809
2692	37.387259	00:00:37:28	-28.029462	1.687247	-1.251186	-27.925478	1.600736	-1.119029	-28.057779	1.633994	-1.100514	-28.018460	1.582508	-1.234165	-27.985349	1.551361	-1.200628	-28.153302	1.547883	-1.226244	-27.872911	1.544420	-1.262262	-27.918715	1.372504	-1.058431	-28.019860	0.746129	-1.648558	-27.642030	1.148887	-0.867771	-28.115110	-0.028995	-2.044433	-27.689728	1.159280	-0.918225	-28.064065	-0.036420	-2.077907	-27.653884	1.200597	-0.891932	-28.086503	-0.037714	-2.060621	-28.187550	0.946254	-1.154293	-28.147653	0.971657	-1.202436	-27.848166	0.975542	-1.251410	-27.842947	0.990560	-1.271722	-28.192485	0.453522	-1.186862	-27.841116	0.450179	-1.218850	-28.209022	-0.084955	-1.156269	-28.188144	-0.058314	-1.200901	-27.820217	-0.064011	-1.193424	-27.862691	-0.080035	-1.246478
2693	37.401152	00:00:37:29	-28.002597	1.669590	-1.219090	-27.943159	1.645297	-1.098030	-28.045778	1.624323	-1.092528	-28.002921	1.572777	-1.216448	-27.996213	1.533066	-1.204502	-28.147747	1.549732	-1.194812	-27.847442	1.572364	-1.260077	-27.885558	1.360908	-1.077644	-27.975740	0.734809	-1.644755	-27.654584	1.137439	-0.896402	-28.130625	-0.057411	-2.044727	-27.648462	1.184955	-0.917534	-28.093315	-0.035889	-2.073757	-27.645127	1.179748	-0.918978	-28.067453	-0.042242	-2.072600	-28.149818	0.956692	-1.162658	-28.190736	0.998454	-1.202935	-27.814179	0.945116	-1.214471	-27.863436	1.019737	-1.279893	-28.180286	0.440149	-1.199315	-27.810407	0.452323	-1.236843	-28.175390	-0.059106	-1.138973	-28.193438	-0.059262	-1.223696	-27.850627	-0.082319	-1.186827	-27.831632	-0.025900	-1.264793
2694	37.415046	00:00:37:30	-28.011568	1.691844	-1.270960	-27.953973	1.625704	-1.119503	-28.057145	1.628294	-1.095159	-28.009787	1.570044	-1.226390	-28.020590	1.531971	-1.204405	-28.154403	1.588523	-1.206991	-27.850804	1.566602	-1.261240	-27.898557	1.383356	-1.067414	-27.965744	0.764545	-1.662342	-27.638964	1.145641	-0.883724	-28.104311	-0.022203	-2.037570	-27.687792	1.189128	-0.906404	-28.115094	-0.031079	-2.059638	-27.622655	1.186393	-0.861225	-28.081820	-0.055511	-2.061772	-28.156610	0.965021	-1.150663	-28.196922	1.004160	-1.212909	-27.838586	0.960255	-1.220116	-27.842597	0.990437	-1.281990	-28.188504	0.443219	-1.152808	-27.808016	0.473547	-1.239126	-28.175403	-0.038832	-1.162573	-28.174561	-0.064539	-1.189954	-27.837324	-0.060706	-1.186948	-27.824568	-0.049973	-1.273888
2695	37.428939	00:00:37:31	-27.993658	1.684332	-1.235110	-27.948463	1.616208	-1.103215	-28.056742	1.647477	-1.108833	-28.021439	1.583479	-1.227950	-28.013091	1.520272	-1.173774	-28.149922	1.576052	-1.174523	-27.835707	1.556239	-1.272925	-27.911724	1.349620	-1.046962	-28.014731	0.744752	-1.650820	-27.636427	1.168662	-0.871161	-28.098285	-0.016097	-2.071658	-27.639732	1.184625	-0.898337	-28.103247	-0.032798	-2.067302	-27.668527	1.174145	-0.857480	-28.104015	-0.030090	-2.051962	-28.211266	0.971317	-1.177265	-28.207051	0.973358	-1.214852	-27.806942	0.954935	-1.201106	-27.856839	0.959679	-1.271833	-28.133229	0.457250	-1.189490	-27.837754	0.475638	-1.248270	-28.145761	-0.067002	-1.158279	-28.154984	-0.019325	-1.197873	-27.828360	-0.071263	-1.206104	-27.826058	-0.026019	-1.241112
2696	37.442833	00:00:37:32	-28.003914	1.706627	-1.242630	-27.957811	1.606198	-1.114847	-28.072454	1.645231	-1.139993	-28.014008	1.586909	-1.233721	-27.988784	1.541237	-1.199075	-28.165498	1.553607	-1.198740	-27.848022	1.568283	-1.288216	-27.914046	1.370711	-1.054786	-27.986218	0.756775	-1.664955	-27.651780	1.160675	-0.902673	-28.107390	-0.031908	-2.061605	-27.661070	1.175250	-0.871015	-28.103234	-0.048110	-2.048140	-27.648010	1.166942	-0.929883	-28.065487	-0.022746	-2.048716	-28.191721	0.977954	-1.206032	-28.221212	0.995682	-1.235453	-27.817013	0.947965	-1.207329	-27.812745	0.985208	-1.246375	-28.159548	0.450692	-1.200690	-27.826061	0.470478	-1.251294	-28.196245	-0.068871	-1.133510	-28.210233	-0.057607	-1.196940	-27.812843	-0.079245	-1.198967	-27.840531	-0.035070	-1.262612
2697	37.456726	00:00:37:33	-27.999786	1.731039	-1.235311	-27.929327	1.623350	-1.117635	-28.039049	1.619470	-1.079042	-27.999272	1.537481	-1.219292	-28.001190	1.558704	-1.194731	-28.149139	1.548501	-1.224450	-27.869434	1.574156	-1.254203	-27.893428	1.334333	-1.070602	-27.969455	0.753543	-1.648638	-27.653837	1.141673	-0.905010	-28.090617	-0.025691	-2.075281	-27.646050	1.216662	-0.877910	-28.126178	-0.031406	-2.059606	-27.645098	1.201671	-0.868652	-28.063957	-0.041491	-2.084251	-28.181023	0.954766	-1.201799	-28.152441	0.996479	-1.212575	-27.817341	0.957655	-1.230030	-27.865542	0.981414	-1.243828	-28.193317	0.474346	-1.175119	-27.851259	0.471533	-1.248079	-28.203978	-0.082403	-1.152062	-28.203403	-0.029776	-1.206060	-27.861443	-0.097139	-1.183736	-27.827421	-0.054075	-1.248993
2698	37.470620	00:00:37:34	-27.992527	1.682947	-1.231921	-27.927925	1.617546	-1.150928	-28.047621	1.642242	-1.148688	-28.027874	1.562242	-1.237710	-28.016076	1.522813	-1.210981	-28.148652	1.564188	-1.190125	-27.873020	1.567948	-1.256027	-27.903142	1.362009	-1.051956	-27.981276	0.790187	-1.668259	-27.646353	1.190973	-0.879015	-28.093627	-0.074311	-2.049898	-27.649986	1.167234	-0.907807	-28.061839	-0.037094	-2.061986	-27.668175	1.138665	-0.897620	-28.057628	-0.070712	-2.064226	-28.197803	0.944251	-1.153781	-28.172651	1.001956	-1.238829	-27.851119	0.957446	-1.229688	-27.816239	1.013896	-1.277839	-28.156651	0.483920	-1.176253	-27.827179	0.458581	-1.222095	-28.194472	-0.070893	-1.128508	-28.179357	-0.054133	-1.203363	-27.802936	-0.073240	-1.178559	-27.835148	-0.034331	-1.266460
2699	37.484513	00:00:37:35	-28.009512	1.663296	-1.209598	-27.938632	1.634310	-1.084557	-28.041500	1.616831	-1.129411	-28.003844	1.564938	-1.250199	-27.973337	1.558321	-1.212365	-28.139453	1.541167	-1.209538	-27.870154	1.578149	-1.250344	-27.907199	1.376813	-1.039054	-28.017463	0.777930	-1.667818	-27.633890	1.178239	-0.912218	-28.105878	-0.047965	-2.056028	-27.676749	1.153253	-0.888403	-28.101707	-0.035685	-2.080203	-27.614447	1.172238	-0.901665	-28.141679	-0.052823	-2.065706	-28.174340	0.962442	-1.185265	-28.206566	0.960588	-1.230501	-27.827372	0.971742	-1.223805	-27.848468	1.016759	-1.286634	-28.191222	0.471894	-1.162725	-27.821773	0.439665	-1.255311	-28.174905	-0.055388	-1.142425	-28.177863	-0.036680	-1.202709	-27.839796	-0.092844	-1.222407	-27.841278	-0.076769	-1.258331
2700	37.498406	00:00:37:36	-27.993865	1.706964	-1.250012	-27.922159	1.635251	-1.149892	-28.029214	1.620273	-1.155926	-27.981256	1.550043	-1.230793	-28.002808	1.531935	-1.221494	-28.159394	1.558461	-1.220889	-27.856425	1.527901	-1.272464	-27.899746	1.354902	-1.061123	-27.996604	0.743005	-1.669999	-27.652483	1.182187	-0.873066	-28.096764	-0.022222	-2.067342	-27.635552	1.146917	-0.909854	-28.057726	-0.016165	-2.068512	-27.623532	1.180978	-0.887649	-28.113326	-0.075719	-2.034835	-28.193466	1.008033	-1.147920	-28.196942	1.013030	-1.185116	-27.805126	0.954248	-1.167863	-27.806114	0.998569	-1.272098	-28.187424	0.474132	-1.201074	-27.818849	0.439179	-1.261532	-28.186408	-0.055080	-1.150128	-28.205055	-0.061659	-1.170068	-27.819898	-0.069529	-1.219870	-27.834624	-0.039144	-1.263616
2701	37.512300	00:00:37:37	-28.018738	1.664982	-1.215659	-27.905698	1.635345	-1.142713	-28.050403	1.631561	-1.121492	-28.026946	1.572229	-1.266906	-27.971084	1.553541	-1.215296	-28.136502	1.576725	-1.203505	-27.839241	1.584720	-1.250887	-27.897479	1.347680	-1.047645	-27.981891	0.742112	-1.664902	-27.665066	1.177291	-0.898317	-28.122468	-0.049599	-2.041131	-27.637822	1.185280	-0.917054	-28.120174	-0.023664	-2.062085	-27.636071	1.172575	-0.899108	-28.109044	-0.030344	-2.056013	-28.169179	0.989443	-1.189832	-28.188941	1.028355	-1.218139	-27.823040	0.977311	-1.208401	-27.820249	0.979482	-1.296033	-28.205003	0.436571	-1.184753	-27.854880	0.464326	-1.244191	-28.175351	-0.082547	-1.160150	-28.200344	-0.052097	-1.193202	-27.819059	-0.066479	-1.199291	-27.823693	-0.066013	-1.263897
2702	37.526193	00:00:37:38	-27.996281	1.698571	-1.247765	-27.951142	1.632552	-1.101896	-28.052453	1.646608	-1.129379	-28.006784	1.584989	-1.223729	-28.042084	1.504830	-1.194099	-28.142859	1.541811	-1.187897	-27.837153	1.587113	-1.271154	-27.892370	1.351224	-1.057609	-27.958950	0.767638	-1.653591	-27.637958	1.178300	-0.869402	-28.100422	-0.039890	-2.086120	-27.665927	1.164479	-0.871594	-28.098423	-0.060552	-2.044052	-27.662585	1.185105	-0.902547	-28.102211	-0.047795	-2.068201	-28.187153	0.952877	-1.189551	-28.193982	1.013161	-1.214348	-27.834588	0.943426	-1.203963	-27.850574	0.977764	-1.259791	-28.179854	0.457855	-1.174950	-27.829579	0.432840	-1.254675	-28.196205	-0.073954	-1.163690	-28.192021	-0.072829	-1.184400	-27.832211	-0.053524	-1.222733	-27.836510	-0.007247	-1.267810
2703	37.540087	00:00:37:39	-28.035099	1.709689	-1.222352	-27.944891	1.619719	-1.130228	-28.058023	1.609797	-1.157452	-27.971101	1.554799	-1.258313	-27.992182	1.534892	-1.175097	-28.155509	1.574542	-1.216371	-27.843207	1.597213	-1.270339	-27.915218	1.359874	-1.055880	-27.983691	0.747452	-1.646632	-27.643733	1.169535	-0.934004	-28.107840	-0.064419	-2.092045	-27.638626	1.172183	-0.913891	-28.086801	-0.034143	-2.059429	-27.664469	1.154347	-0.891444	-28.099609	-0.086186	-2.026182	-28.180387	0.929926	-1.136734	-28.218473	0.995682	-1.253033	-27.836229	0.995188	-1.213118	-27.836491	0.956773	-1.287640	-28.187009	0.472410	-1.174884	-27.815512	0.448302	-1.227085	-28.174960	-0.068153	-1.124515	-28.197792	-0.026556	-1.171577	-27.830064	-0.039116	-1.207476	-27.848864	-0.026056	-1.246199
2704	37.553980	00:00:37:40	-28.001643	1.657146	-1.250106	-27.890967	1.627950	-1.145009	-28.041737	1.646191	-1.129318	-28.014762	1.554909	-1.224952	-28.020005	1.543615	-1.210430	-28.121932	1.573360	-1.230781	-27.883377	1.583483	-1.237905	-27.910606	1.341442	-1.046492	-27.993126	0.767983	-1.683909	-27.634614	1.158912	-0.895420	-28.085941	-0.058864	-2.057847	-27.660125	1.162576	-0.897156	-28.081702	-0.075151	-2.070147	-27.648524	1.191944	-0.888271	-28.115942	-0.034410	-2.071462	-28.194357	0.932199	-1.172525	-28.174640	0.980793	-1.189090	-27.813648	0.950668	-1.214698	-27.823093	0.999444	-1.293525	-28.192877	0.502910	-1.176088	-27.834409	0.451866	-1.233255	-28.201818	-0.050917	-1.138978	-28.201491	-0.028269	-1.197457	-27.792819	-0.068964	-1.219960	-27.851884	-0.040728	-1.267703
2705	37.567874	00:00:37:41	-28.012489	1.667832	-1.223580	-27.950253	1.649879	-1.135491	-28.043674	1.620722	-1.149004	-28.006556	1.561160	-1.237005	-28.000487	1.553539	-1.174021	-28.177546	1.557416	-1.235028	-27.855381	1.570757	-1.239275	-27.914987	1.357436	-1.075527	-27.977950	0.729693	-1.663333	-27.663385	1.132420	-0.872846	-28.073417	-0.023958	-2.063764	-27.662116	1.166893	-0.847969	-28.085237	-0.056129	-2.047646	-27.668614	1.157426	-0.878467	-28.072357	-0.042385	-2.053201	-28.156017	0.939315	-1.152165	-28.206519	0.975429	-1.201289	-27.829215	0.956086	-1.186603	-27.823913	0.966078	-1.294711	-28.190501	0.444677	-1.199437	-27.842086	0.440979	-1.232502	-28.162327	-0.065051	-1.139046	-28.180385	-0.040585	-1.146567	-27.793152	-0.092377	-1.234246	-27.776986	-0.039579	-1.260286
2706	37.581767	00:00:37:42	-27.968754	1.693145	-1.238668	-27.942308	1.647645	-1.111088	-28.018237	1.617513	-1.151391	-28.008389	1.541364	-1.218025	-28.005675	1.516764	-1.193395	-28.139511	1.548838	-1.199329	-27.876326	1.563857	-1.264172	-27.902429	1.391214	-1.013299	-27.980143	0.740602	-1.674628	-27.668442	1.199699	-0.893109	-28.050186	-0.031994	-2.031071	-27.650856	1.169796	-0.876545	-28.099393	-0.076471	-2.088631	-27.596781	1.154489	-0.877698	-28.075260	-0.076561	-2.063674	-28.162002	0.943324	-1.186666	-28.177744	0.991860	-1.227705	-27.821748	0.977623	-1.200588	-27.827422	0.984941	-1.280046	-28.198580	0.455953	-1.188683	-27.829265	0.448495	-1.257748	-28.169773	-0.076339	-1.129168	-28.193247	-0.032029	-1.196966	-27.813284	-0.068889	-1.205122	-27.839600	-0.018222	-1.265899
2707	37.595661	00:00:37:43	-28.006355	1.682520	-1.225348	-27.952056	1.659228	-1.122301	-28.061440	1.643361	-1.103594	-28.004827	1.541698	-1.211282	-27.995725	1.528917	-1.229797	-28.168554	1.545131	-1.222449	-27.872676	1.549787	-1.273258	-27.911731	1.392615	-1.079931	-27.991028	0.735639	-1.637709	-27.635138	1.181988	-0.880018	-28.082059	-0.047301	-2.032656	-27.626204	1.203854	-0.893379	-28.105921	-0.049670	-2.042186	-27.648448	1.141714	-0.897095	-28.107643	-0.027834	-2.079953	-28.146032	0.985540	-1.157564	-28.187088	0.994623	-1.214970	-27.825087	0.949503	-1.200575	-27.826894	0.986522	-1.254645	-28.175768	0.443026	-1.177336	-27.834737	0.472868	-1.244036	-28.203607	-0.078037	-1.139640	-28.188244	-0.023612	-1.192769	-27.825525	-0.070299	-1.208766	-27.829658	-0.069729	-1.227024
2708	37.609554	00:00:37:44	-27.992228	1.692942	-1.256341	-27.954666	1.644562	-1.131393	-28.052192	1.680584	-1.117946	-27.990693	1.574796	-1.255458	-27.992112	1.520176	-1.214275	-28.163908	1.571350	-1.209715	-27.889706	1.581950	-1.252686	-27.907387	1.360754	-1.057189	-27.969734	0.743434	-1.664887	-27.631936	1.177505	-0.864261	-28.105670	-0.049839	-2.075479	-27.661599	1.185964	-0.889170	-28.084785	-0.070767	-2.065940	-27.658263	1.172050	-0.892250	-28.100243	-0.069755	-2.047777	-28.161703	0.981496	-1.150818	-28.202722	0.986888	-1.231164	-27.821214	0.956493	-1.215092	-27.843609	0.976460	-1.281341	-28.185163	0.449637	-1.162861	-27.827248	0.477213	-1.212406	-28.166176	-0.049762	-1.153582	-28.185711	-0.044167	-1.197816	-27.808728	-0.117423	-1.196124	-27.841177	-0.047085	-1.240084
2709	37.623447	00:00:37:45	-28.025723	1.674394	-1.228229	-27.951946	1.604949	-1.094741	-28.047244	1.586859	-1.138337	-28.043089	1.553167	-1.262567	-28.008332	1.515626	-1.192652	-28.160796	1.557789	-1.228778	-27.875253	1.540220	-1.263176	-27.907414	1.369891	-1.026336	-27.999177	0.770507	-1.661759	-27.653905	1.175343	-0.883737	-28.061418	-0.069922	-2.058605	-27.631841	1.192465	-0.899120	-28.101268	-0.037988	-2.032285	-27.655052	1.165740	-0.897046	-28.080088	-0.044511	-2.072918	-28.177221	0.957340	-1.161852	-28.183441	1.000200	-1.202597	-27.830132	0.962075	-1.232539	-27.850574	0.990087	-1.273802	-28.181791	0.464576	-1.180061	-27.805866	0.501083	-1.213801	-28.186466	-0.098803	-1.162565	-28.181511	-0.054233	-1.184616	-27.833483	-0.095747	-1.191429	-27.833718	-0.031942	-1.262768
2710	37.637341	00:00:37:46	-27.996791	1.702697	-1.238722	-27.941576	1.596131	-1.132372	-28.076052	1.627715	-1.085555	-28.012816	1.564643	-1.230368	-27.985890	1.536020	-1.196147	-28.200588	1.583581	-1.223053	-27.863507	1.564831	-1.266743	-27.899764	1.363882	-1.023118	-27.986409	0.744192	-1.662346	-27.643184	1.167450	-0.880012	-28.097416	-0.032802	-2.040725	-27.663999	1.161044	-0.903026	-28.063176	-0.057106	-2.045934	-27.653976	1.149677	-0.909594	-28.120595	-0.054147	-2.092056	-28.162326	0.976393	-1.135961	-28.200623	0.955411	-1.193599	-27.822435	0.973397	-1.220505	-27.846828	1.007663	-1.311479	-28.189245	0.475347	-1.189842	-27.847446	0.471282	-1.216603	-28.184476	-0.051590	-1.135605	-28.213832	-0.061209	-1.169023	-27.804958	-0.089530	-1.186887	-27.819695	-0.055261	-1.238871
2711	37.651234	00:00:37:47	-27.985304	1.693724	-1.217519	-27.934188	1.639635	-1.134831	-28.053181	1.634621	-1.129162	-28.012731	1.578549	-1.243985	-28.010867	1.516828	-1.218028	-28.148766	1.554561	-1.205910	-27.852175	1.565317	-1.251116	-27.884998	1.340939	-1.048041	-27.981645	0.740964	-1.677629	-27.637473	1.194315	-0.875371	-28.096282	-0.030880	-2.068155	-27.669871	1.195844	-0.895781	-28.108720	-0.032891	-2.074107	-27.652271	1.184812	-0.904915	-28.082220	-0.063159	-2.025350	-28.174946	0.936536	-1.172692	-28.193619	0.986907	-1.225661	-27.823533	0.969918	-1.228311	-27.811854	0.988660	-1.263739	-28.152674	0.473125	-1.163497	-27.833548	0.470241	-1.241403	-28.167566	-0.059495	-1.114551	-28.196839	-0.034970	-1.212851	-27.820688	-0.094674	-1.190397	-27.829530	-0.021771	-1.275626
2712	37.665128	00:00:37:48	-28.004237	1.685908	-1.285039	-27.887730	1.649736	-1.146374	-28.049596	1.645754	-1.118759	-28.010835	1.564900	-1.264427	-28.015870	1.544537	-1.179249	-28.153329	1.562036	-1.219215	-27.869164	1.554088	-1.274796	-27.927020	1.362879	-1.051789	-28.004764	0.792917	-1.649835	-27.625961	1.176119	-0.859483	-28.101532	-0.014480	-2.007226	-27.674694	1.138235	-0.882983	-28.081712	-0.017524	-2.052263	-27.651494	1.180798	-0.837228	-28.113899	-0.045864	-2.068418	-28.196819	0.961415	-1.208672	-28.164516	0.985373	-1.230058	-27.814039	0.960400	-1.172510	-27.854003	1.001145	-1.270456	-28.220779	0.441708	-1.180520	-27.840711	0.488898	-1.255470	-28.187907	-0.099263	-1.124824	-28.215846	-0.061244	-1.180740	-27.788618	-0.036683	-1.187775	-27.868271	-0.062488	-1.233796
2713	37.679021	00:00:37:49	-27.983909	1.639677	-1.264360	-27.915294	1.661031	-1.152393	-28.021922	1.634793	-1.096724	-27.989660	1.607171	-1.244781	-27.997358	1.571066	-1.199535	-28.148302	1.566398	-1.227757	-27.884655	1.554608	-1.254145	-27.897175	1.400681	-1.053196	-28.001158	0.742920	-1.668463	-27.668651	1.163379	-0.882393	-28.083187	-0.051628	-2.038311	-27.644022	1.182439	-0.872098	-28.091388	-0.067738	-2.058128	-27.710086	1.164451	-0.897834	-28.094343	-0.042450	-2.022886	-28.180009	0.939484	-1.150029	-28.215667	0.992996	-1.235988	-27.823593	0.962130	-1.207420	-27.846587	0.986511	-1.266927	-28.161721	0.453719	-1.193067	-27.824990	0.454507	-1.197737	-28.171336	-0.053223	-1.122148	-28.183006	-0.043779	-1.227643	-27.845117	-0.063018	-1.165150	-27.816616	-0.019401	-1.257029
2714	37.692915	00:00:37:50	-28.041970	1.682822	-1.212225	-27.931488	1.641655	-1.142949	-28.032478	1.628688	-1.119900	-28.006765	1.581686	-1.247343	-28.007229	1.510530	-1.172041	-28.167014	1.563448	-1.199847	-27.879651	1.566587	-1.257091	-27.912914	1.374036	-1.064865	-27.996182	0.729310	-1.671130	-27.642261	1.186538	-0.865892	-28.094502	-0.069631	-2.048003	-27.654017	1.161662	-0.889505	-28.079770	-0.072253	-2.078672	-27.652491	1.193237	-0.894869	-28.099238	-0.047077	-2.078826	-28.161870	1.001936	-1.158246	-28.177376	0.986499	-1.200147	-27.824292	0.932816	-1.199327	-27.838961	0.994373	-1.291710	-28.194793	0.466828	-1.237860	-27.805362	0.488172	-1.283242	-28.159410	-0.038907	-1.168531	-28.192145	-0.045108	-1.182563	-27.832215	-0.067287	-1.185132	-27.835121	-0.000606	-1.225764
2715	37.706808	00:00:37:51	-28.009327	1.668784	-1.228980	-27.926588	1.645834	-1.148614	-28.068430	1.648226	-1.121630	-28.027856	1.578476	-1.279114	-27.995263	1.518265	-1.203415	-28.159914	1.576609	-1.211965	-27.859077	1.558703	-1.244093	-27.911193	1.373437	-1.048609	-27.984548	0.753188	-1.661566	-27.691662	1.159976	-0.896634	-28.072966	-0.034333	-2.032548	-27.665972	1.186870	-0.887416	-28.097832	0.008065	-2.067994	-27.632009	1.173129	-0.871386	-28.082827	-0.052350	-2.074952	-28.204707	0.964835	-1.149763	-28.170502	1.012588	-1.223578	-27.810910	0.951873	-1.213487	-27.854180	0.976961	-1.251515	-28.190555	0.428988	-1.168856	-27.835531	0.456088	-1.248662	-28.162202	-0.072555	-1.150083	-28.196147	-0.061199	-1.216613	-27.866700	-0.058197	-1.165782	-27.835661	-0.062244	-1.249804
2716	37.720702	00:00:37:52	-28.019048	1.648853	-1.246091	-27.951690	1.625644	-1.144728	-28.081795	1.601754	-1.131973	-28.021804	1.555276	-1.264004	-27.984514	1.553249	-1.192928	-28.148282	1.607336	-1.262348	-27.878992	1.566442	-1.285925	-27.890960	1.364610	-1.022578	-28.005878	0.763617	-1.655921	-27.651084	1.179157	-0.879165	-28.097180	-0.024541	-2.082148	-27.707876	1.205248	-0.866127	-28.100662	-0.061330	-2.059968	-27.648883	1.188034	-0.881298	-28.079895	-0.018146	-2.069848	-28.176975	0.959842	-1.137687	-28.205272	0.986096	-1.245520	-27.808927	0.994533	-1.224019	-27.792908	0.982556	-1.267343	-28.180249	0.495289	-1.171763	-27.835195	0.448713	-1.243081	-28.166102	-0.049555	-1.139131	-28.183565	-0.060257	-1.230705	-27.788392	-0.087474	-1.177982	-27.834180	-0.038953	-1.232956
2717	37.734595	00:00:37:53	-28.006391	1.680360	-1.263631	-27.957604	1.660595	-1.155399	-28.057507	1.617098	-1.083254	-27.987696	1.602920	-1.219388	-28.022618	1.569881	-1.203982	-28.171684	1.554317	-1.215814	-27.868252	1.546359	-1.225960	-27.912238	1.366407	-1.022073	-27.985574	0.733142	-1.657666	-27.685015	1.178773	-0.883860	-28.093786	-0.068501	-2.056307	-27.684249	1.163449	-0.861650	-28.109403	-0.042468	-2.063175	-27.680500	1.141600	-0.881432	-28.087914	-0.032420	-2.046795	-28.200548	1.001390	-1.162884	-28.179012	0.975883	-1.215911	-27.802169	0.962969	-1.209583	-27.820466	1.008161	-1.253365	-28.178821	0.466979	-1.178317	-27.841706	0.428617	-1.230694	-28.160987	-0.066338	-1.125801	-28.178880	-0.048706	-1.190702	-27.823562	-0.115875	-1.208674	-27.796266	-0.044425	-1.233318
2718	37.748488	00:00:37:54	-28.023987	1.680334	-1.234784	-27.944092	1.639334	-1.135710	-28.075256	1.645302	-1.131242	-27.996856	1.526601	-1.253843	-27.990576	1.533598	-1.182643	-28.158132	1.548339	-1.244268	-27.866948	1.568662	-1.239430	-27.950491	1.377630	-1.056777	-27.990103	0.779069	-1.662614	-27.664706	1.194213	-0.841608	-28.097468	-0.014688	-2.056037	-27.656344	1.144633	-0.876241	-28.089087	-0.060128	-2.078620	-27.701652	1.181780	-0.866995	-28.102714	-0.035060	-2.068169	-28.171524	0.949065	-1.206812	-28.205101	0.999548	-1.211808	-27.817161	0.968063	-1.186161	-27.846436	1.011755	-1.284990	-28.201172	0.465996	-1.172504	-27.866232	0.472492	-1.235323	-28.132039	-0.065405	-1.168266	-28.194799	-0.072577	-1.197150	-27.821643	-0.031217	-1.186358	-27.841491	-0.034943	-1.226369
2719	37.762382	00:00:37:55	-28.022891	1.695174	-1.250147	-27.931661	1.643379	-1.144805	-28.061754	1.651904	-1.079297	-28.015694	1.572951	-1.244529	-28.001177	1.546237	-1.177197	-28.124340	1.552329	-1.197771	-27.837277	1.576673	-1.248063	-27.929942	1.378015	-1.060707	-27.980418	0.730342	-1.668643	-27.626322	1.185056	-0.878439	-28.055059	-0.062874	-2.063924	-27.703076	1.157417	-0.886650	-28.101828	-0.042889	-2.048831	-27.682606	1.193335	-0.896669	-28.077080	-0.033686	-2.044867	-28.204131	0.964654	-1.160945	-28.225088	1.009259	-1.212333	-27.816285	0.978398	-1.203376	-27.811653	0.984309	-1.274720	-28.152303	0.474242	-1.180588	-27.817420	0.483716	-1.256906	-28.162523	-0.044869	-1.161395	-28.167105	-0.046548	-1.215755	-27.813096	-0.091064	-1.187512	-27.836046	-0.077532	-1.276532
2720	37.776275	00:00:37:56	-28.007365	1.710402	-1.237984	-27.939437	1.643906	-1.131210	-28.056734	1.594422	-1.113819	-28.030656	1.571503	-1.248479	-28.001482	1.537445	-1.190747	-28.160944	1.547286	-1.227047	-27.878449	1.586863	-1.267152	-27.891104	1.366371	-1.066928	-27.983126	0.768056	-1.629173	-27.652532	1.202854	-0.866694	-28.082642	-0.061446	-2.066268	-27.661882	1.180999	-0.898873	-28.115130	-0.051925	-2.076238	-27.667935	1.212036	-0.864360	-28.082314	-0.046426	-2.066337	-28.176431	0.975412	-1.184359	-28.180193	0.973453	-1.238750	-27.830657	0.935838	-1.219079	-27.820625	0.977375	-1.283567	-28.209738	0.466739	-1.199961	-27.809817	0.463753	-1.273068	-28.183670	-0.046367	-1.186175	-28.198789	-0.060360	-1.206729	-27.822380	-0.063970	-1.201047	-27.857166	-0.010661	-1.250459
2721	37.790169	00:00:37:57	-28.026804	1.655389	-1.226069	-27.921109	1.657147	-1.116204	-28.042493	1.609347	-1.083198	-28.005101	1.542535	-1.229556	-27.983151	1.557076	-1.196832	-28.146647	1.560646	-1.222137	-27.863995	1.570192	-1.280706	-27.881955	1.346170	-1.056094	-28.019501	0.762252	-1.682208	-27.651288	1.165266	-0.873621	-28.094887	-0.066381	-2.069254	-27.664327	1.160501	-0.874535	-28.067073	-0.019617	-2.053895	-27.669320	1.184860	-0.890106	-28.108846	-0.043200	-2.074880	-28.175782	0.957549	-1.191281	-28.190910	0.981751	-1.230294	-27.819031	0.977706	-1.209597	-27.826831	0.981284	-1.289163	-28.158038	0.468887	-1.209500	-27.816239	0.488841	-1.201530	-28.180568	-0.039689	-1.174165	-28.203665	-0.066315	-1.204310	-27.834503	-0.071802	-1.183226	-27.834480	-0.060321	-1.260704
2722	37.804062	00:00:37:58	-28.031470	1.689648	-1.241328	-27.932397	1.652919	-1.118230	-28.095275	1.644617	-1.101662	-28.040190	1.543351	-1.257302	-28.011100	1.541312	-1.212857	-28.182433	1.559265	-1.218493	-27.840639	1.537692	-1.259326	-27.892132	1.374998	-1.036468	-27.948921	0.746128	-1.680556	-27.680967	1.152669	-0.879840	-28.067996	-0.046282	-2.068781	-27.701963	1.158883	-0.870978	-28.072098	-0.039175	-2.094319	-27.653069	1.203100	-0.876462	-28.101282	-0.057260	-2.028284	-28.195509	0.982968	-1.171789	-28.205050	1.009150	-1.217994	-27.824845	0.964571	-1.216977	-27.846443	0.983717	-1.232479	-28.170920	0.464276	-1.165896	-27.840374	0.459576	-1.266810	-28.167072	-0.059991	-1.142350	-28.176952	-0.063457	-1.203368	-27.826005	-0.097946	-1.236606	-27.870333	-0.050104	-1.230457
2723	37.817956	00:00:37:59	-27.985774	1.666888	-1.236787	-27.935453	1.618536	-1.131736	-28.046313	1.650747	-1.114055	-28.031526	1.596360	-1.233419	-28.003294	1.514907	-1.186669	-28.180662	1.581105	-1.223679	-27.854262	1.567593	-1.255726	-27.892231	1.345630	-1.066552	-27.983680	0.751555	-1.669912	-27.640223	1.161451	-0.873903	-28.071078	-0.048059	-2.056776	-27.687745	1.151104	-0.889412	-28.139424	-0.065922	-2.061080	-27.667185	1.172116	-0.871635	-28.092029	-0.072552	-2.092712	-28.138422	0.983075	-1.155004	-28.193096	0.991912	-1.234950	-27.831863	0.966346	-1.211239	-27.835282	1.003997	-1.248275	-28.179889	0.431476	-1.173527	-27.809079	0.473106	-1.253322	-28.178544	-0.056401	-1.144723	-28.169682	-0.015236	-1.175731	-27.816111	-0.042126	-1.173573	-27.803610	-0.048189	-1.253686
2724	37.831849	00:00:37:60	-28.007701	1.691152	-1.226437	-27.950228	1.635951	-1.135021	-28.069298	1.636969	-1.112393	-28.008621	1.570201	-1.221904	-28.004462	1.538472	-1.195370	-28.162895	1.562466	-1.203228	-27.867852	1.528091	-1.233527	-27.895948	1.363544	-1.075107	-27.983643	0.740437	-1.655000	-27.675012	1.181681	-0.878185	-28.094369	-0.062528	-2.075763	-27.685029	1.212298	-0.898770	-28.133815	-0.041480	-2.086351	-27.615084	1.154286	-0.895994	-28.128612	-0.048954	-2.057968	-28.174897	0.948192	-1.180671	-28.192573	0.970792	-1.242236	-27.835273	0.939320	-1.252203	-27.843400	0.989428	-1.260303	-28.198451	0.475063	-1.170887	-27.817443	0.444787	-1.226832	-28.217361	-0.054148	-1.171221	-28.151623	-0.006999	-1.214083	-27.803371	-0.071898	-1.212661	-27.832198	-0.026371	-1.236397
2725	37.845743	00:00:37:61	-28.015779	1.683680	-1.227892	-27.941281	1.616959	-1.141905	-28.038494	1.639560	-1.094115	-28.022333	1.555374	-1.240047	-28.019896	1.553027	-1.177145	-28.159108	1.579187	-1.238596	-27.865310	1.555533	-1.274353	-27.910481	1.350792	-1.049425	-27.964617	0.765033	-1.658421	-27.674247	1.183879	-0.864567	-28.118986	-0.070434	-2.072392	-27.680882	1.167939	-0.893038	-28.058860	-0.055089	-2.040913	-27.650107	1.154524	-0.881586	-28.102332	-0.042584	-2.057521	-28.158443	0.970867	-1.171989	-28.214938	0.968892	-1.206484	-27.808204	0.989867	-1.241618	-27.820505	0.991357	-1.247792	-28.186856	0.470765	-1.182922	-27.814834	0.446930	-1.249709	-28.195180	-0.065893	-1.150062	-28.187339	-0.050023	-1.220964	-27.847919	-0.037894	-1.185052	-27.828601	-0.027845	-1.269164
2726	37.859636	00:00:37:62	-27.989405	1.670317	-1.217633	-27.920057	1.623558	-1.115403	-28.050796	1.618549	-1.093556	-28.010605	1.561339	-1.219623	-28.001683	1.555571	-1.181791	-28.146448	1.535855	-1.193814	-27.870512	1.547769	-1.264788	-27.909312	1.366050	-1.054605	-27.984384	0.770269	-1.639285	-27.637917	1.153671	-0.902822	-28.105527	-0.052256	-2.028011	-27.678705	1.184594	-0.863537	-28.088199	-0.045279	-2.093137	-27.708941	1.177350	-0.869618	-28.087649	-0.034231	-2.070587	-28.172992	0.971282	-1.142367	-28.178911	1.010774	-1.188464	-27.803816	0.945885	-1.198313	-27.836494	0.986106	-1.275350	-28.177564	0.477598	-1.166938	-27.832793	0.468649	-1.241517	-28.191901	-0.069800	-1.161812	-28.187342	-0.013560	-1.204925	-27.824926	-0.054723	-1.181987	-27.809573	-0.016597	-1.273611
2727	37.873529	00:00:37:63	-28.000618	1.695393	-1.238203	-27.942410	1.611580	-1.123070	-28.093021	1.633137	-1.132642	-28.009193	1.567975	-1.271355	-28.018301	1.557711	-1.210694	-28.175799	1.564283	-1.210392	-27.827857	1.561755	-1.259742	-27.917003	1.350006	-1.050189	-27.973283	0.778259	-1.643474	-27.659855	1.165821	-0.911261	-28.090339	-0.035427	-2.066518	-27.671714	1.142073	-0.876041	-28.097292	-0.032621	-2.089077	-27.699343	1.144966	-0.887204	-28.058193	-0.044277	-2.066893	-28.174721	0.920066	-1.175972	-28.218601	0.997316	-1.216181	-27.835197	0.936462	-1.172201	-27.831155	0.996677	-1.255037	-28.182214	0.454441	-1.158575	-27.806571	0.461417	-1.202560	-28.170466	-0.079682	-1.128230	-28.154357	-0.033387	-1.206685	-27.830302	-0.076296	-1.211480	-27.807454	-0.013934	-1.245572
2728	37.887423	00:00:37:64	-28.033010	1.691431	-1.239310	-27.887805	1.608640	-1.136383	-28.053431	1.634203	-1.115450	-28.021975	1.572235	-1.236314	-28.023169	1.561947	-1.221227	-28.148176	1.508481	-1.169348	-27.869803	1.567970	-1.253409	-27.919283	1.332608	-1.043151	-27.952075	0.768220	-1.656840	-27.699207	1.160310	-0.862026	-28.107960	-0.065147	-2.064211	-27.685522	1.186067	-0.864932	-28.111469	-0.042981	-2.051221	-27.686888	1.171262	-0.847336	-28.086521	-0.054407	-2.068389	-28.190825	0.998981	-1.142623	-28.202057	0.997674	-1.211004	-27.863232	0.991899	-1.220600	-27.838242	1.025599	-1.250321	-28.157554	0.464085	-1.239040	-27.844873	0.471501	-1.214232	-28.186352	-0.076772	-1.107609	-28.149876	-0.050908	-1.203174	-27.837925	-0.075240	-1.161668	-27.796406	-0.054332	-1.205764
2729	37.901316	00:00:37:65	-28.027863	1.692552	-1.224542	-27.937780	1.631413	-1.139540	-28.045945	1.633172	-1.104805	-28.037661	1.599305	-1.240499	-28.006429	1.559561	-1.173646	-28.140398	1.554082	-1.213591	-27.866322	1.539464	-1.265256	-27.897712	1.386353	-1.055645	-28.004020	0.742620	-1.638013	-27.665245	1.173136	-0.866098	-28.114954	-0.040119	-2.073031	-27.656426	1.181975	-0.862476	-28.103039	-0.070866	-2.035800	-27.626383	1.193919	-0.866321	-28.087059	-0.049550	-2.082061	-28.156174	0.975845	-1.180104	-28.155952	0.988595	-1.217543	-27.798194	0.974442	-1.205543	-27.799487	0.968767	-1.295541	-28.158069	0.485833	-1.206589	-27.839726	0.442910	-1.222760	-28.173059	-0.048345	-1.160167	-28.182175	-0.074473	-1.198947	-27.829380	-0.075744	-1.153441	-27.824019	-0.043333	-1.255096
2730	37.915210	00:00:37:66	-28.010675	1.684808	-1.210556	-27.961752	1.621482	-1.138966	-28.070222	1.622875	-1.113235	-28.015564	1.533693	-1.214677	-27.982322	1.538499	-1.189128	-28.140473	1.571174	-1.172761	-27.880163	1.590962	-1.276823	-27.898533	1.355431	-1.012223	-27.982337	0.752301	-1.660287	-27.693845	1.163846	-0.834517	-28.057530	-0.024742	-2.064403	-27.685473	1.151936	-0.879691	-28.090518	-0.052511	-2.061770	-27.645104	1.146803	-0.870033	-28.096463	-0.033957	-2.046574	-28.207804	0.980769	-1.183650	-28.178603	1.006230	-1.239123	-27.802126	0.974340	-1.201421	-27.822535	0.988680	-1.269075	-28.174565	0.469164	-1.205937	-27.836716	0.457761	-1.239364	-28.201946	-0.093246	-1.163959	-28.171232	-0.085426	-1.201934	-27.841451	-0.090307	-1.213042	-27.837056	-0.061677	-1.260582
2731	37.929103	00:00:37:67	-27.998227	1.679653	-1.243933	-27.950959	1.634785	-1.142948	-28.020645	1.665392	-1.105318	-28.021099	1.532005	-1.229190	-28.039218	1.553280	-1.233925	-28.133408	1.565255	-1.196651	-27.862982	1.548508	-1.270634	-27.908853	1.359180	-1.046245	-27.972526	0.753274	-1.628465	-27.654112	1.153901	-0.902879	-28.102940	-0.051100	-2.032529	-27.664073	1.176634	-0.877378	-28.089799	-0.057568	-2.054741	-27.654712	1.196505	-0.858076	-28.067325	-0.051809	-2.066308	-28.195616	0.928333	-1.152806	-28.159046	0.993371	-1.231502	-27.814940	0.978164	-1.213322	-27.813873	0.982911	-1.251313	-28.185563	0.505942	-1.185179	-27.810153	0.471543	-1.220453	-28.158952	-0.054942	-1.140195	-28.177989	-0.029323	-1.197957	-27.825758	-0.040059	-1.225705	-27.852144	-0.032701	-1.218638
2732	37.942997	00:00:37:68	-28.036731	1.670241	-1.240579	-27.927198	1.636784	-1.147558	-28.021839	1.641012	-1.103563	-27.999064	1.554296	-1.272205	-28.005987	1.563884	-1.184460	-28.145627	1.584607	-1.209217	-27.858880	1.546583	-1.261415	-27.896886	1.369038	-1.016568	-27.978684	0.769124	-1.690750	-27.650135	1.134467	-0.907948	-28.079592	-0.062511	-2.053344	-27.666971	1.151696	-0.892732	-28.137969	-0.056031	-2.060206	-27.695078	1.176596	-0.856613	-28.109864	-0.031655	-2.070097	-28.181920	0.984363	-1.146399	-28.163291	1.010815	-1.235694	-27.798006	0.962051	-1.244717	-27.806102	0.977192	-1.269256	-28.169379	0.468596	-1.175517	-27.845054	0.463541	-1.226027	-28.177701	-0.095861	-1.152916	-28.187347	-0.059930	-1.213226	-27.791943	-0.104451	-1.195704	-27.841272	-0.047598	-1.216147
2733	37.956890	00:00:37:69	-27.987709	1.657666	-1.213406	-27.908165	1.627309	-1.114276	-28.041534	1.613319	-1.097961	-28.005565	1.600765	-1.213022	-27.997003	1.547133	-1.199987	-28.142876	1.551263	-1.243933	-27.859064	1.570478	-1.248189	-27.916129	1.374024	-1.041467	-27.968123	0.767262	-1.668380	-27.674894	1.140260	-0.874250	-28.090821	-0.078687	-2.034990	-27.653340	1.180265	-0.891526	-28.088895	-0.067571	-2.056591	-27.644021	1.165004	-0.889739	-28.111435	-0.059795	-2.086921	-28.163923	0.964073	-1.195334	-28.158041	0.997449	-1.196195	-27.847968	0.977382	-1.224226	-27.831865	0.983285	-1.249250	-28.213881	0.427950	-1.179714	-27.835585	0.457813	-1.252174	-28.175343	-0.055294	-1.167920	-28.218490	-0.048398	-1.176684	-27.831748	-0.059360	-1.174451	-27.824256	-0.068914	-1.257413
2734	37.970784	00:00:37:70	-27.999240	1.672718	-1.220065	-27.943827	1.619684	-1.138714	-28.065446	1.654383	-1.115813	-28.004296	1.537099	-1.253921	-27.992299	1.567191	-1.197836	-28.170901	1.578600	-1.207261	-27.839128	1.607041	-1.258969	-27.911304	1.369562	-1.045602	-27.995326	0.748460	-1.655883	-27.655788	1.190009	-0.862845	-28.080252	-0.033025	-2.082796	-27.683618	1.191357	-0.890909	-28.055579	-0.058789	-2.073746	-27.654605	1.162847	-0.879075	-28.081203	-0.064334	-2.094609	-28.160127	1.004654	-1.158140	-28.180319	0.982457	-1.226360	-27.856274	0.956300	-1.210620	-27.843465	0.996343	-1.278684	-28.168249	0.477023	-1.158261	-27.826504	0.419872	-1.207524	-28.194806	-0.029289	-1.175575	-28.169690	-0.053593	-1.200130	-27.820952	-0.085684	-1.210944	-27.815805	-0.020423	-1.249267
2735	37.984677	00:00:37:71	-28.012899	1.710426	-1.217593	-27.914515	1.643961	-1.160013	-28.061891	1.646458	-1.099083	-27.984697	1.551245	-1.191415	-28.010315	1.551974	-1.194765	-28.184512	1.559480	-1.237163	-27.858628	1.552025	-1.251070	-27.925352	1.390734	-1.055899	-27.979523	0.736437	-1.675588	-27.668646	1.145003	-0.896459	-28.117961	-0.057439	-2.084680	-27.680429	1.177511	-0.845840	-28.131909	-0.048326	-2.068980	-27.661127	1.184645	-0.890925	-28.068569	-0.031225	-2.041508	-28.194725	0.975078	-1.175331	-28.201844	0.973004	-1.217858	-27.804258	0.964033	-1.208325	-27.818384	0.995403	-1.233727	-28.191913	0.472616	-1.175396	-27.806769	0.433729	-1.210153	-28.185993	-0.065087	-1.181472	-28.175417	-0.052682	-1.191771	-27.808039	-0.043265	-1.231901	-27.846959	-0.034710	-1.251443
2736	37.998570	00:00:37:00	-28.010813	1.666275	-1.216728	-27.903829	1.600075	-1.098495	-28.029611	1.615085	-1.123521	-28.044761	1.553831	-1.233360	-28.010425	1.562010	-1.199857	-28.130262	1.530652	-1.232859	-27.849255	1.569285	-1.267458	-27.890872	1.339642	-1.041298	-28.001719	0.770981	-1.623234	-27.672250	1.167228	-0.887748	-28.084288	-0.059501	-2.064243	-27.658600	1.173093	-0.880832	-28.073188	-0.034204	-2.052619	-27.691727	1.177373	-0.856903	-28.116932	-0.079613	-2.056735	-28.194160	0.964424	-1.198524	-28.163863	0.989091	-1.209748	-27.844057	0.996768	-1.214772	-27.837360	1.006754	-1.262119	-28.180586	0.446033	-1.179308	-27.813450	0.480669	-1.230848	-28.163494	-0.102248	-1.175052	-28.197584	-0.078639	-1.218894	-27.815648	-0.042399	-1.175017	-27.824617	-0.051428	-1.236377
2737	38.012464	00:00:38:01	-28.026447	1.643260	-1.207846	-27.903790	1.643205	-1.155257	-28.035186	1.628595	-1.107918	-27.983158	1.563561	-1.252667	-28.028166	1.566282	-1.203358	-28.150833	1.563697	-1.238566	-27.847602	1.553140	-1.245108	-27.879493	1.386631	-1.024895	-27.942897	0.773683	-1.653595	-27.671756	1.183582	-0.867636	-28.101158	-0.031492	-2.041294	-27.670431	1.138005	-0.911628	-28.075712	-0.061320	-2.077565	-27.638170	1.189637	-0.877902	-28.090381	-0.030635	-2.045692	-28.163768	0.995234	-1.178388	-28.194970	1.002214	-1.212399	-27.800366	0.975278	-1.227140	-27.815218	1.003369	-1.262298	-28.159986	0.455703	-1.201956	-27.823754	0.470525	-1.225968	-28.172238	-0.060941	-1.155503	-28.194791	-0.064721	-1.194495	-27.837887	-0.073501	-1.183582	-27.831306	-0.007514	-1.228106
2738	38.026357	00:00:38:02	-28.002546	1.689571	-1.243070	-27.926504	1.624597	-1.090447	-28.055291	1.648909	-1.140053	-27.991306	1.565942	-1.227918	-27.999049	1.522178	-1.197933	-28.179044	1.555851	-1.211070	-27.859371	1.571800	-1.288995	-27.912429	1.365347	-1.061529	-27.963382	0.729499	-1.671346	-27.688667	1.133610	-0.841082	-28.095768	-0.039798	-2.057005	-27.662873	1.142960	-0.878376	-28.112199	-0.056390	-2.044667	-27.631408	1.192627	-0.869496	-28.115785	-0.038886	-2.088222	-28.172235	0.966634	-1.178354	-28.206177	1.020342	-1.224656	-27.843958	0.956610	-1.210176	-27.838626	0.977975	-1.265501	-28.164464	0.457480	-1.177528	-27.815460	0.441395	-1.232311	-28.189487	-0.086650	-1.180440	-28.202271	-0.073709	-1.164508	-27.806150	-0.070172	-1.182255	-27.822244	-0.021379	-1.231679
2739	38.040251	00:00:38:03	-27.994999	1.706485	-1.223410	-27.949145	1.625858	-1.126310	-28.024042	1.658717	-1.118075	-28.005035	1.593522	-1.252168	-28.002816	1.529894	-1.183738	-28.149359	1.554555	-1.206144	-27.857036	1.570029	-1.234441	-27.904168	1.397927	-1.048742	-27.984068	0.759733	-1.650066	-27.660180	1.154983	-0.866761	-28.114371	-0.054721	-2.069632	-27.672900	1.196817	-0.862986	-28.099478	-0.014804	-2.069435	-27.652772	1.198962	-0.906167	-28.057326	-0.047633	-2.058112	-28.171278	0.983785	-1.179392	-28.215795	1.001912	-1.233964	-27.827510	0.975736	-1.210402	-27.846233	1.011743	-1.267959	-28.169368	0.450424	-1.184518	-27.792705	0.452248	-1.225159	-28.173928	-0.090787	-1.182099	-28.213870	-0.049109	-1.211614	-27.830050	-0.082504	-1.207895	-27.792205	-0.076484	-1.231412
2740	38.054144	00:00:38:04	-27.984911	1.685712	-1.233050	-27.935205	1.624445	-1.114850	-28.030413	1.657904	-1.073508	-28.016220	1.592871	-1.237251	-28.044474	1.512908	-1.183914	-28.173514	1.549953	-1.203086	-27.878681	1.536667	-1.254479	-27.883904	1.351308	-1.064116	-27.991839	0.771676	-1.619236	-27.679877	1.230513	-0.875059	-28.097639	-0.046240	-2.072216	-27.680745	1.166535	-0.863113	-28.124639	-0.025317	-2.052982	-27.681080	1.176141	-0.879162	-28.082805	-0.025684	-2.060927	-28.178962	0.978720	-1.180934	-28.169160	1.016675	-1.258700	-27.825334	0.997728	-1.234244	-27.831875	0.987751	-1.279695	-28.169398	0.502031	-1.204709	-27.836957	0.470719	-1.226328	-28.195430	-0.067120	-1.145085	-28.179233	-0.052097	-1.220303	-27.831479	-0.070247	-1.183171	-27.820755	-0.019892	-1.269378
2741	38.068038	00:00:38:05	-28.002096	1.676811	-1.223997	-27.949656	1.652051	-1.161527	-28.043232	1.613329	-1.093078	-27.982322	1.596190	-1.267245	-28.025933	1.546834	-1.184959	-28.168810	1.561230	-1.219864	-27.871462	1.536792	-1.264018	-27.932076	1.346355	-1.024849	-27.953017	0.740375	-1.675856	-27.682606	1.188463	-0.875390	-28.100010	-0.042367	-2.038732	-27.655243	1.190133	-0.880533	-28.126640	-0.022387	-2.072036	-27.667105	1.172116	-0.906742	-28.119757	-0.046287	-2.055008	-28.167347	1.003427	-1.156469	-28.165703	1.000053	-1.217454	-27.821259	0.942055	-1.211107	-27.825913	0.974751	-1.225596	-28.181406	0.449916	-1.194857	-27.842302	0.451161	-1.240046	-28.181500	-0.051895	-1.177670	-28.186491	-0.018932	-1.195356	-27.826517	-0.058845	-1.200976	-27.823554	-0.048446	-1.263800
2742	38.081931	00:00:38:06	-27.992755	1.678532	-1.236989	-27.922576	1.622287	-1.126578	-28.010580	1.628500	-1.115054	-28.003977	1.579308	-1.268534	-28.000779	1.542192	-1.208224	-28.156454	1.544478	-1.217698	-27.876624	1.548621	-1.259291	-27.888914	1.363571	-1.059335	-28.000369	0.731455	-1.638043	-27.678882	1.161457	-0.871943	-28.102099	-0.041487	-2.083958	-27.686772	1.200880	-0.897971	-28.089431	-0.073602	-2.066542	-27.674983	1.137415	-0.878082	-28.091280	-0.024933	-2.087887	-28.174489	0.967942	-1.177729	-28.166230	0.977728	-1.251138	-27.841909	0.987638	-1.198490	-27.868119	0.993742	-1.277180	-28.138702	0.477532	-1.182064	-27.834958	0.469154	-1.240419	-28.165016	-0.086173	-1.144027	-28.188048	-0.068661	-1.204854	-27.817828	-0.064317	-1.226151	-27.833124	-0.041517	-1.261053
2743	38.095825	00:00:38:07	-28.025503	1.662179	-1.252492	-27.923880	1.643992	-1.134678	-28.067000	1.619913	-1.106898	-27.988603	1.561655	-1.251867	-27.993375	1.551198	-1.220034	-28.154076	1.552654	-1.195083	-27.869923	1.553608	-1.240995	-27.913908	1.349949	-1.041792	-27.972646	0.738718	-1.661660	-27.676906	1.159956	-0.883145	-28.097887	-0.056094	-2.037285	-27.623342	1.193583	-0.859842	-28.059838	-0.025374	-2.082643	-27.647227	1.181085	-0.868690	-28.068154	-0.080280	-2.055188	-28.176941	0.951994	-1.212293	-28.214908	1.008063	-1.218928	-27.841550	0.979456	-1.176485	-27.846017	0.995653	-1.246316	-28.186925	0.463040	-1.191666	-27.816800	0.441419	-1.243632	-28.182275	-0.031726	-1.146394	-28.196275	-0.015900	-1.214584	-27.829844	-0.055282	-1.213829	-27.853136	-0.075036	-1.268438
2744	38.109718	00:00:38:08	-27.990795	1.706746	-1.251422	-27.964300	1.611231	-1.167372	-28.056676	1.612461	-1.110837	-27.999783	1.569177	-1.199690	-28.026979	1.529623	-1.200934	-28.143467	1.581942	-1.197659	-27.875876	1.570119	-1.226935	-27.931140	1.358836	-1.044254	-27.962425	0.762654	-1.676148	-27.703142	1.202366	-0.867424	-28.088056	-0.024498	-2.091587	-27.684908	1.172042	-0.902759	-28.088805	-0.039504	-2.084525	-27.679683	1.169963	-0.885585	-28.109999	-0.059429	-2.046160	-28.193329	0.939629	-1.183091	-28.172884	0.995408	-1.198868	-27.833685	0.975451	-1.186862	-27.836391	0.978924	-1.248146	-28.202584	0.445803	-1.180898	-27.815431	0.471624	-1.220474	-28.204689	-0.069799	-1.139352	-28.156902	-0.018213	-1.155481	-27.813149	-0.052832	-1.203256	-27.851167	-0.016807	-1.226465
2745	38.123611	00:00:38:09	-27.997756	1.686562	-1.239870	-27.949070	1.628813	-1.136236	-28.027143	1.630197	-1.126622	-27.976381	1.559976	-1.250453	-28.013861	1.556499	-1.190420	-28.147528	1.546282	-1.204462	-27.887324	1.571516	-1.249296	-27.916282	1.364292	-1.051638	-27.931885	0.775336	-1.676991	-27.667699	1.188597	-0.920717	-28.102213	-0.021943	-2.057200	-27.678073	1.162460	-0.882988	-28.074792	-0.037857	-2.068145	-27.656834	1.204246	-0.836289	-28.066541	-0.031602	-2.073428	-28.200123	0.954192	-1.159144	-28.212713	0.983722	-1.221814	-27.824441	0.978856	-1.206825	-27.830306	0.989945	-1.239741	-28.148027	0.467275	-1.195401	-27.838894	0.466360	-1.204539	-28.176735	-0.067888	-1.144273	-28.172646	-0.068724	-1.187724	-27.811820	-0.087135	-1.187783	-27.833905	-0.017229	-1.219391
2746	38.137505	00:00:38:10	-27.999939	1.651325	-1.271634	-27.911133	1.638808	-1.126530	-28.055425	1.645666	-1.085968	-27.994723	1.560604	-1.232622	-28.001355	1.511030	-1.195474	-28.162814	1.585587	-1.236416	-27.846516	1.567343	-1.272049	-27.909905	1.361034	-1.033043	-28.001425	0.780916	-1.662900	-27.662177	1.164909	-0.881535	-28.092172	-0.080987	-2.071828	-27.632433	1.172817	-0.890215	-28.069784	-0.048136	-2.079491	-27.684592	1.179821	-0.876557	-28.091140	-0.060799	-2.076552	-28.188311	0.953046	-1.165046	-28.168923	1.002388	-1.240989	-27.817361	0.966314	-1.204090	-27.814057	0.986962	-1.272087	-28.203427	0.470145	-1.220263	-27.803858	0.446516	-1.216232	-28.191365	-0.084375	-1.135075	-28.207699	-0.013364	-1.209233	-27.843620	-0.076479	-1.198032	-27.838779	-0.047074	-1.234658
2747	38.151398	00:00:38:11	-28.034813	1.667917	-1.253960	-27.941501	1.626915	-1.111558	-28.050647	1.620481	-1.108554	-28.018988	1.533906	-1.225745	-28.000173	1.539858	-1.188501	-28.139329	1.560045	-1.220452	-27.864252	1.566313	-1.233256	-27.913477	1.360714	-1.063129	-27.965153	0.773226	-1.660700	-27.698943	1.181552	-0.898656	-28.090465	-0.067229	-2.045398	-27.644009	1.202652	-0.888185	-28.091172	-0.038378	-2.066686	-27.678914	1.165676	-0.860572	-28.119445	-0.070548	-2.069337	-28.172194	0.998887	-1.178783	-28.187242	1.003099	-1.218034	-27.842006	0.970597	-1.202749	-27.824320	0.982449	-1.272263	-28.198468	0.481560	-1.196459	-27.826832	0.442674	-1.218676	-28.147741	-0.089557	-1.158424	-28.173107	-0.027495	-1.218431	-27.801161	-0.064605	-1.187112	-27.861118	-0.086332	-1.224922
2748	38.165292	00:00:38:12	-28.008544	1.684934	-1.245353	-27.959631	1.609681	-1.131526	-28.070657	1.614463	-1.129289	-28.022123	1.560963	-1.220992	-27.999137	1.535612	-1.224760	-28.171151	1.553149	-1.258866	-27.862743	1.566421	-1.256878	-27.902073	1.354289	-1.049906	-27.995494	0.803420	-1.651770	-27.683430	1.208829	-0.881619	-28.098855	-0.087130	-2.072015	-27.701824	1.192502	-0.897038	-28.070364	-0.050344	-2.055106	-27.669219	1.181954	-0.895530	-28.110866	-0.019185	-2.063718	-28.179434	0.955408	-1.162078	-28.202228	0.984722	-1.230852	-27.806152	0.975076	-1.211414	-27.827717	1.000228	-1.231639	-28.161588	0.475062	-1.170453	-27.824586	0.437145	-1.224508	-28.218804	-0.052906	-1.153097	-28.169807	0.002483	-1.191517	-27.829682	-0.103656	-1.138849	-27.788940	-0.022447	-1.278326
2749	38.179185	00:00:38:13	-27.998921	1.679484	-1.267861	-27.960811	1.633299	-1.140473	-28.040551	1.649868	-1.116499	-28.023454	1.584118	-1.272115	-27.972365	1.545957	-1.172920	-28.181712	1.557458	-1.240987	-27.874039	1.579829	-1.243850	-27.877606	1.331561	-1.060210	-27.989220	0.749297	-1.641174	-27.674967	1.160593	-0.856975	-28.086001	-0.071303	-2.047081	-27.678136	1.178234	-0.869873	-28.100155	-0.043829	-2.094379	-27.649612	1.141557	-0.891764	-28.095982	-0.044334	-2.049916	-28.174102	0.941860	-1.157814	-28.165443	1.014081	-1.222160	-27.828508	0.936637	-1.219832	-27.835727	0.995616	-1.266008	-28.200923	0.471631	-1.194563	-27.784539	0.471909	-1.236372	-28.172364	-0.058665	-1.146612	-28.179695	-0.040921	-1.206215	-27.819968	-0.069201	-1.213105	-27.811842	-0.082923	-1.240912
2750	38.193079	00:00:38:14	-28.004038	1.693412	-1.232254	-27.925371	1.632307	-1.099764	-28.068165	1.653591	-1.097161	-27.998069	1.551786	-1.236348	-28.001711	1.543547	-1.183930	-28.156552	1.555067	-1.219756	-27.878744	1.540291	-1.245596	-27.945104	1.369918	-1.065523	-27.973068	0.744566	-1.675279	-27.654800	1.168580	-0.887215	-28.116823	-0.001561	-2.065429	-27.688443	1.148755	-0.881057	-28.085250	-0.027254	-2.041936	-27.644169	1.201473	-0.844116	-28.064914	-0.026425	-2.053309	-28.164452	0.955203	-1.161734	-28.202053	0.985925	-1.235027	-27.815935	0.969406	-1.206792	-27.830791	0.990841	-1.293272	-28.183913	0.466730	-1.196005	-27.813928	0.432552	-1.240407	-28.187562	-0.068106	-1.154556	-28.176797	-0.073944	-1.218456	-27.804534	-0.064427	-1.173376	-27.830500	-0.041586	-1.237786
2751	38.206972	00:00:38:15	-28.016369	1.678824	-1.238168	-27.932976	1.658461	-1.145804	-28.061518	1.630288	-1.104766	-28.000917	1.562384	-1.232290	-28.002797	1.574154	-1.185643	-28.183974	1.574845	-1.190602	-27.863636	1.574241	-1.260709	-27.907106	1.361882	-1.033308	-27.968839	0.762683	-1.663400	-27.659994	1.185480	-0.884745	-28.079334	-0.045440	-2.067730	-27.635119	1.172126	-0.839659	-28.103982	-0.057767	-2.054594	-27.642600	1.151788	-0.885968	-28.102893	-0.047237	-2.064394	-28.176582	0.935160	-1.162313	-28.181990	0.970443	-1.176439	-27.811686	0.948665	-1.196804	-27.799421	0.991251	-1.227729	-28.148303	0.483412	-1.196146	-27.822143	0.434362	-1.222857	-28.179940	-0.092553	-1.137385	-28.192223	-0.047557	-1.214985	-27.801754	-0.088411	-1.157202	-27.814405	-0.052142	-1.211740
2752	38.220866	00:00:38:16	-28.010167	1.657127	-1.234817	-27.914803	1.604015	-1.129105	-28.047081	1.623913	-1.128165	-27.977048	1.597196	-1.254746	-27.992324	1.544194	-1.193380	-28.180327	1.561590	-1.221270	-27.875521	1.600423	-1.282262	-27.906227	1.358145	-1.069017	-27.966485	0.768027	-1.647996	-27.684623	1.159211	-0.871092	-28.127539	-0.035924	-2.038970	-27.687001	1.176369	-0.892656	-28.082760	-0.058863	-2.045495	-27.665351	1.192410	-0.914645	-28.123052	-0.063817	-2.070148	-28.162791	0.964991	-1.184875	-28.175308	1.001536	-1.219167	-27.818096	0.939591	-1.212101	-27.807317	0.975190	-1.257677	-28.187416	0.451067	-1.210963	-27.854504	0.483533	-1.233478	-28.188339	-0.083274	-1.141511	-28.189847	0.003227	-1.200573	-27.819047	-0.073064	-1.197518	-27.818392	-0.064862	-1.249107
2753	38.234759	00:00:38:17	-28.002502	1.714405	-1.213075	-27.927634	1.627814	-1.137030	-28.044739	1.647127	-1.108030	-28.009337	1.553575	-1.244328	-27.999305	1.532683	-1.222099	-28.146935	1.571710	-1.218384	-27.860916	1.568587	-1.220028	-27.899495	1.362630	-1.031690	-27.990517	0.764323	-1.666543	-27.619988	1.180553	-0.865625	-28.090667	-0.034569	-2.058704	-27.694934	1.219154	-0.863077	-28.098040	-0.058962	-2.069701	-27.663815	1.165500	-0.870350	-28.103912	-0.067542	-2.078830	-28.192464	0.940256	-1.186957	-28.173967	0.979852	-1.226766	-27.830013	0.952163	-1.242579	-27.842927	0.974461	-1.258212	-28.202720	0.463268	-1.188041	-27.789849	0.484466	-1.235953	-28.173076	-0.065974	-1.146825	-28.208958	-0.048760	-1.189710	-27.835356	-0.068710	-1.208050	-27.834635	-0.062993	-1.222190
2754	38.248652	00:00:38:18	-28.011636	1.684191	-1.253299	-27.936884	1.657143	-1.141384	-28.056491	1.621599	-1.135858	-28.050268	1.545546	-1.238953	-27.999579	1.519949	-1.202590	-28.156131	1.578573	-1.207484	-27.888545	1.576787	-1.244081	-27.918213	1.356115	-1.061921	-28.010270	0.746345	-1.631795	-27.661676	1.157395	-0.850480	-28.103212	-0.046161	-2.063211	-27.683044	1.128771	-0.911706	-28.109444	-0.047329	-2.053623	-27.666277	1.152883	-0.861491	-28.070651	-0.051669	-2.073261	-28.144494	0.935900	-1.161194	-28.167381	0.995854	-1.220242	-27.830653	0.947825	-1.224788	-27.834608	0.972673	-1.275016	-28.142167	0.470887	-1.162644	-27.843136	0.441738	-1.252138	-28.177962	-0.064330	-1.147309	-28.167272	-0.023188	-1.202283	-27.814930	-0.073972	-1.167929	-27.814602	-0.058946	-1.246691
2755	38.262546	00:00:38:19	-28.010686	1.689784	-1.221771	-27.917967	1.648315	-1.133723	-28.076734	1.622318	-1.147090	-28.007447	1.580848	-1.252304	-28.018304	1.557092	-1.216961	-28.185970	1.583051	-1.234392	-27.889156	1.561040	-1.211364	-27.901653	1.362756	-1.046775	-27.966143	0.773072	-1.663261	-27.643559	1.167006	-0.853151	-28.063764	-0.081555	-2.057130	-27.681484	1.158961	-0.870007	-28.098650	-0.028532	-2.062720	-27.639838	1.173914	-0.826423	-28.099988	-0.041926	-2.053378	-28.189081	0.964384	-1.180929	-28.213349	0.973860	-1.235689	-27.793374	0.997732	-1.216300	-27.805940	0.992002	-1.274697	-28.198215	0.444502	-1.197286	-27.844945	0.454072	-1.224407	-28.151863	-0.054494	-1.150599	-28.187970	-0.056203	-1.196484	-27.846810	-0.056949	-1.160990	-27.838255	-0.063543	-1.200407
2756	38.276439	00:00:38:20	-27.978925	1.675198	-1.233978	-27.922258	1.610757	-1.131547	-28.076382	1.617607	-1.066577	-28.023085	1.576029	-1.250893	-28.025164	1.535791	-1.189230	-28.181823	1.567842	-1.228322	-27.860835	1.573916	-1.234069	-27.910575	1.359551	-1.055726	-27.966260	0.751534	-1.657084	-27.676792	1.181677	-0.889726	-28.116052	-0.020022	-2.072396	-27.685210	1.192321	-0.901457	-28.105592	-0.061502	-2.049851	-27.645811	1.172501	-0.907461	-28.118933	-0.030267	-2.065967	-28.194184	0.976677	-1.167408	-28.187733	1.003009	-1.231305	-27.816982	0.991976	-1.226832	-27.825626	1.025926	-1.236986	-28.179985	0.450097	-1.158987	-27.824357	0.451077	-1.228394	-28.169442	-0.110620	-1.134885	-28.194772	-0.036595	-1.187344	-27.839645	-0.054590	-1.182362	-27.827564	-0.084362	-1.260307
2757	38.290333	00:00:38:21	-27.974314	1.699345	-1.243898	-27.926005	1.633711	-1.116249	-28.048006	1.609399	-1.115265	-28.020146	1.595425	-1.221273	-27.986266	1.543142	-1.178441	-28.140580	1.571574	-1.219002	-27.881005	1.565609	-1.240409	-27.903049	1.381703	-1.054317	-27.946127	0.755855	-1.652251	-27.660896	1.166288	-0.866590	-28.084828	-0.032349	-2.058314	-27.661810	1.183895	-0.870833	-28.131960	-0.060953	-2.047712	-27.677910	1.142715	-0.876476	-28.095922	-0.024687	-2.061636	-28.160874	0.986827	-1.171999	-28.180149	1.009093	-1.228430	-27.846216	0.980954	-1.175045	-27.832898	1.005783	-1.268747	-28.181712	0.435727	-1.206648	-27.825818	0.479271	-1.217465	-28.192657	-0.063418	-1.170500	-28.196464	-0.016632	-1.208476	-27.834675	-0.070680	-1.183783	-27.832344	-0.050792	-1.240054
2758	38.304226	00:00:38:22	-27.996840	1.709757	-1.265646	-27.925130	1.605762	-1.132258	-28.080996	1.640788	-1.112791	-27.995726	1.553921	-1.246313	-27.995155	1.549254	-1.193599	-28.169331	1.536185	-1.192234	-27.867231	1.555648	-1.267114	-27.963734	1.382255	-1.020134	-27.972216	0.770513	-1.648391	-27.666555	1.168229	-0.866172	-28.094404	-0.057431	-2.058600	-27.671948	1.166983	-0.853739	-28.126351	-0.039643	-2.073627	-27.659544	1.176547	-0.866853	-28.073983	-0.009355	-2.099255	-28.162653	0.957754	-1.165448	-28.166838	1.000793	-1.240268	-27.795896	0.954052	-1.193352	-27.842605	1.004522	-1.290909	-28.157391	0.477932	-1.183233	-27.830633	0.447769	-1.200557	-28.160696	-0.060462	-1.161733	-28.216593	-0.039424	-1.205909	-27.827594	-0.069352	-1.146323	-27.817846	-0.066891	-1.254384
2759	38.318120	00:00:38:23	-28.009228	1.652230	-1.276925	-27.928027	1.633105	-1.146653	-28.073578	1.619768	-1.112178	-28.002355	1.550177	-1.223738	-27.984251	1.558904	-1.202604	-28.188108	1.561501	-1.240710	-27.860082	1.587852	-1.243340	-27.909550	1.379413	-1.044734	-27.977913	0.760976	-1.658979	-27.678192	1.154590	-0.862089	-28.086662	-0.075510	-2.050925	-27.656856	1.195481	-0.890824	-28.099070	-0.055317	-2.066948	-27.672492	1.161166	-0.869951	-28.089065	-0.055000	-2.089133	-28.173644	0.963922	-1.185519	-28.171013	1.036770	-1.267215	-27.813000	0.949866	-1.188511	-27.863126	0.976429	-1.253374	-28.159944	0.467252	-1.202177	-27.825656	0.428182	-1.233093	-28.204548	-0.107262	-1.151347	-28.180726	-0.041564	-1.209170	-27.822247	-0.082123	-1.172890	-27.812427	-0.048772	-1.212999
2760	38.332013	00:00:38:24	-27.996741	1.670755	-1.215204	-27.923837	1.634157	-1.127309	-28.049050	1.623080	-1.121716	-28.029980	1.565923	-1.214563	-28.028500	1.565767	-1.192628	-28.167878	1.571225	-1.228031	-27.884003	1.593903	-1.221854	-27.913758	1.369653	-1.039278	-27.994323	0.785030	-1.642257	-27.657626	1.184343	-0.874303	-28.094921	-0.021567	-2.059724	-27.692551	1.148391	-0.888071	-28.101204	-0.042085	-2.048155	-27.701058	1.191196	-0.890077	-28.099104	-0.030588	-2.050273	-28.182675	0.921028	-1.161427	-28.187126	0.974398	-1.218358	-27.817988	0.911115	-1.172386	-27.834511	1.004929	-1.282895	-28.187296	0.452325	-1.203543	-27.824163	0.446082	-1.245838	-28.162882	-0.084426	-1.165779	-28.162222	-0.027958	-1.230162	-27.813768	-0.086697	-1.217457	-27.822136	-0.033906	-1.270820
2761	38.345907	00:00:38:25	-27.983919	1.671953	-1.232035	-27.948741	1.648798	-1.130436	-28.058827	1.628162	-1.084052	-27.993269	1.578511	-1.227553	-27.966528	1.557263	-1.214697	-28.157616	1.546531	-1.218862	-27.875346	1.533553	-1.284275	-27.912985	1.387192	-1.061551	-27.966023	0.747864	-1.683663	-27.676024	1.156972	-0.857268	-28.134680	-0.032477	-2.065255	-27.686424	1.174156	-0.870425	-28.104081	-0.053748	-2.088619	-27.676409	1.167527	-0.877405	-28.099671	-0.055401	-2.068295	-28.184960	0.974789	-1.182315	-28.193140	0.985287	-1.205593	-27.852931	0.964068	-1.213983	-27.827616	0.996901	-1.262152	-28.180926	0.471047	-1.154336	-27.840996	0.468912	-1.221277	-28.150328	-0.054232	-1.143265	-28.181089	-0.061656	-1.202159	-27.822921	-0.103231	-1.177164	-27.826716	-0.060674	-1.260249
2762	38.359800	00:00:38:26	-28.017266	1.662711	-1.204642	-27.947247	1.616567	-1.136886	-28.054693	1.617644	-1.127854	-28.002331	1.539772	-1.233265	-28.015121	1.552779	-1.202784	-28.137186	1.554792	-1.222868	-27.861480	1.527702	-1.264970	-27.885485	1.375379	-1.038431	-27.977111	0.759073	-1.657935	-27.660096	1.154913	-0.850471	-28.063735	-0.055333	-2.071012	-27.661777	1.171671	-0.873762	-28.077800	-0.043626	-2.081988	-27.651419	1.178339	-0.846329	-28.130286	-0.050846	-2.064929	-28.178433	0.971723	-1.176944	-28.177847	0.976131	-1.242276	-27.835379	0.961277	-1.190454	-27.813765	0.947137	-1.236607	-28.169127	0.427945	-1.185495	-27.837103	0.435951	-1.247287	-28.186208	-0.045613	-1.167477	-28.151071	-0.055574	-1.222853	-27.825341	-0.065882	-1.208221	-27.811311	-0.020252	-1.253126
2763	38.373693	00:00:38:27	-28.000641	1.675577	-1.240725	-27.892932	1.619795	-1.131991	-28.045207	1.584869	-1.112167	-28.012012	1.557956	-1.247003	-28.003209	1.541557	-1.197267	-28.172410	1.579780	-1.231046	-27.881019	1.569755	-1.290178	-27.910272	1.356183	-1.043410	-28.011156	0.763849	-1.668524	-27.671880	1.176560	-0.880588	-28.069865	-0.046896	-2.058250	-27.671495	1.182169	-0.873347	-28.082552	-0.060454	-2.044170	-27.649947	1.215752	-0.880369	-28.077562	-0.037754	-2.068239	-28.178851	0.935371	-1.196338	-28.188344	1.015539	-1.230672	-27.818289	0.956778	-1.180039	-27.837276	1.004043	-1.272182	-28.196696	0.456594	-1.190530	-27.825199	0.483265	-1.231081	-28.179010	-0.051157	-1.143552	-28.186014	-0.058172	-1.198465	-27.809921	-0.060835	-1.157934	-27.821310	-0.047733	-1.248545
2764	38.387587	00:00:38:28	-27.976413	1.678664	-1.213211	-27.936899	1.610218	-1.135133	-28.066426	1.595632	-1.107887	-27.996880	1.596225	-1.218557	-28.017026	1.549149	-1.192432	-28.132215	1.569151	-1.223739	-27.841989	1.550117	-1.241091	-27.903162	1.338270	-1.067919	-27.970244	0.766732	-1.657772	-27.681460	1.169362	-0.896722	-28.100725	-0.030922	-2.052827	-27.686616	1.160964	-0.912308	-28.074850	-0.046443	-2.086834	-27.691793	1.207598	-0.843028	-28.090816	-0.046214	-2.077882	-28.160880	0.974862	-1.159206	-28.189327	0.985505	-1.247329	-27.812299	0.989653	-1.200764	-27.841002	1.004162	-1.270115	-28.182074	0.465016	-1.177556	-27.833238	0.467750	-1.211813	-28.176947	-0.055324	-1.177130	-28.165327	-0.012090	-1.204394	-27.846957	-0.081577	-1.179642	-27.811979	-0.051544	-1.230928
2765	38.401480	00:00:38:29	-27.991282	1.687996	-1.277004	-27.935494	1.656124	-1.136351	-28.027480	1.633807	-1.113722	-28.003670	1.558492	-1.259623	-28.023564	1.543601	-1.180982	-28.131020	1.557365	-1.222332	-27.818758	1.554415	-1.242253	-27.903507	1.372797	-1.044334	-27.971369	0.753470	-1.655941	-27.655003	1.152216	-0.871908	-28.095505	-0.037522	-2.073657	-27.692626	1.178692	-0.872760	-28.054868	-0.056263	-2.050461	-27.667922	1.199553	-0.881383	-28.097739	-0.073145	-2.075669	-28.166605	0.954355	-1.177552	-28.166187	0.963178	-1.228781	-27.837546	0.960834	-1.185190	-27.835551	1.027487	-1.256490	-28.164652	0.484441	-1.172862	-27.829111	0.458378	-1.216200	-28.187206	-0.049267	-1.148737	-28.169252	-0.042841	-1.226003	-27.843556	-0.040512	-1.186701	-27.810462	-0.025807	-1.235658
2766	38.415374	00:00:38:30	-28.012177	1.676710	-1.230579	-27.920117	1.610119	-1.117472	-28.024830	1.618675	-1.123494	-28.001207	1.557435	-1.256011	-27.997052	1.525176	-1.227685	-28.184222	1.565416	-1.216678	-27.837022	1.576920	-1.240241	-27.924809	1.368982	-1.087920	-27.962970	0.767946	-1.655417	-27.660398	1.104851	-0.861764	-28.066808	-0.036256	-2.030334	-27.679588	1.153790	-0.878917	-28.110822	-0.047475	-2.078428	-27.661474	1.190548	-0.887643	-28.092782	-0.054834	-2.098149	-28.162379	0.986436	-1.166252	-28.155571	0.999617	-1.227493	-27.854932	0.922131	-1.209590	-27.847315	0.977696	-1.267832	-28.182406	0.482831	-1.148562	-27.834354	0.436741	-1.239676	-28.180180	-0.068528	-1.151563	-28.214551	-0.056922	-1.212427	-27.801128	-0.068985	-1.193585	-27.839611	-0.017003	-1.251929
2767	38.429267	00:00:38:31	-27.978153	1.683801	-1.246137	-27.920583	1.649655	-1.122734	-28.062376	1.590005	-1.112836	-28.012761	1.550083	-1.252897	-28.001359	1.559170	-1.207517	-28.132763	1.557970	-1.209456	-27.900387	1.585241	-1.235830	-27.913298	1.381812	-1.069139	-27.969850	0.738173	-1.621099	-27.671435	1.186819	-0.874852	-28.089232	-0.027459	-2.057348	-27.667712	1.225923	-0.879162	-28.106409	-0.053769	-2.084779	-27.679280	1.188054	-0.859242	-28.122711	-0.016904	-2.087415	-28.184438	0.962325	-1.180102	-28.206364	1.003707	-1.218644	-27.843856	0.952770	-1.175586	-27.859425	0.983883	-1.261298	-28.176790	0.473675	-1.197190	-27.874046	0.447845	-1.205629	-28.207654	-0.072906	-1.174763	-28.190297	-0.040375	-1.220186	-27.807717	-0.107259	-1.171890	-27.863796	-0.045682	-1.205388
2768	38.443161	00:00:38:32	-28.011310	1.661729	-1.255124	-27.943561	1.634813	-1.142019	-28.047389	1.621283	-1.103836	-28.000594	1.549561	-1.209384	-28.002473	1.531160	-1.215250	-28.167274	1.562243	-1.259519	-27.868250	1.538519	-1.278483	-27.881388	1.384941	-1.034469	-27.991145	0.751660	-1.669174	-27.630163	1.178324	-0.871966	-28.085856	-0.052774	-2.086457	-27.688184	1.193019	-0.879000	-28.096082	-0.071943	-2.059161	-27.672376	1.164874	-0.856676	-28.095755	-0.064032	-2.039975	-28.150085	0.964706	-1.158134	-28.177115	0.930592	-1.223220	-27.803945	0.978833	-1.211022	-27.803176	0.986463	-1.257309	-28.200110	0.433781	-1.193219	-27.850674	0.447262	-1.208052	-28.225229	-0.036977	-1.105961	-28.161789	-0.042784	-1.215744	-27.849277	-0.051016	-1.161483	-27.841447	-0.030914	-1.252846
2769	38.457054	00:00:38:33	-28.007489	1.692500	-1.220191	-27.935227	1.624085	-1.099268	-28.095174	1.625270	-1.076125	-28.044492	1.588658	-1.251456	-28.000066	1.534711	-1.178180	-28.153608	1.577344	-1.223906	-27.865324	1.557471	-1.271048	-27.872301	1.388859	-1.028071	-27.972426	0.778604	-1.658358	-27.701327	1.161579	-0.865753	-28.118411	-0.043602	-2.063001	-27.699411	1.208115	-0.852785	-28.120450	-0.100370	-2.043602	-27.666131	1.163076	-0.865270	-28.070066	-0.056240	-2.045716	-28.193462	0.951924	-1.154925	-28.143148	0.991084	-1.252608	-27.823200	0.987395	-1.218936	-27.820214	0.979544	-1.242741	-28.207028	0.418368	-1.195650	-27.799207	0.466929	-1.237897	-28.170144	-0.042243	-1.141961	-28.186920	-0.055107	-1.220826	-27.805300	-0.085331	-1.186645	-27.808140	-0.051375	-1.271239
2770	38.470948	00:00:38:34	-27.992480	1.704475	-1.251078	-27.939210	1.596274	-1.122974	-28.057873	1.601366	-1.114532	-28.012042	1.572855	-1.201685	-27.988299	1.572835	-1.200045	-28.190687	1.537126	-1.198967	-27.879968	1.567276	-1.216282	-27.930525	1.340983	-1.063595	-27.982677	0.747434	-1.647818	-27.683409	1.185160	-0.864896	-28.102385	-0.023596	-2.090730	-27.658557	1.183622	-0.853306	-28.079951	-0.080207	-2.067253	-27.674053	1.170152	-0.883568	-28.090384	-0.044860	-2.060072	-28.146594	0.962955	-1.191115	-28.183484	0.980276	-1.214477	-27.836460	0.974115	-1.194928	-27.837666	1.024153	-1.242644	-28.198020	0.464993	-1.167979	-27.813294	0.453808	-1.218931	-28.202853	-0.070662	-1.181752	-28.186038	-0.054470	-1.235733	-27.815245	-0.076651	-1.171065	-27.823524	-0.023614	-1.226757
2771	38.484841	00:00:38:35	-28.027428	1.713842	-1.248232	-27.932102	1.620327	-1.128902	-28.055025	1.652470	-1.140728	-28.001974	1.575279	-1.245681	-28.013521	1.545700	-1.212346	-28.142712	1.570783	-1.256754	-27.884239	1.562754	-1.254255	-27.928357	1.367519	-1.065900	-27.977575	0.733426	-1.657929	-27.655258	1.173847	-0.848313	-28.100728	-0.053152	-2.046882	-27.684500	1.155627	-0.866408	-28.104237	-0.069489	-2.088068	-27.676878	1.172904	-0.838180	-28.099891	-0.051532	-2.065816	-28.204602	0.940421	-1.186625	-28.198391	0.985156	-1.235734	-27.850078	0.948646	-1.208504	-27.824140	1.005682	-1.250682	-28.197640	0.458531	-1.220085	-27.857747	0.453060	-1.221548	-28.190477	-0.048126	-1.170492	-28.204654	-0.045332	-1.175665	-27.778461	-0.069237	-1.217338	-27.845751	-0.065733	-1.241357
2772	38.498734	00:00:38:36	-27.995160	1.713523	-1.232990	-27.955517	1.619427	-1.119645	-28.051385	1.649959	-1.113652	-27.999755	1.540158	-1.230350	-28.012505	1.540577	-1.210624	-28.166475	1.569270	-1.202717	-27.850346	1.562282	-1.249152	-27.902589	1.364721	-1.067031	-27.957274	0.765792	-1.687337	-27.680304	1.162336	-0.907577	-28.097191	-0.068637	-2.050394	-27.690157	1.174090	-0.819394	-28.109128	-0.065248	-2.048625	-27.706887	1.167380	-0.859393	-28.094772	-0.032530	-2.057630	-28.208561	0.998988	-1.179897	-28.182407	0.990559	-1.249421	-27.822273	0.989739	-1.228756	-27.812318	0.967982	-1.259587	-28.173437	0.467812	-1.199240	-27.832050	0.437728	-1.214793	-28.189710	-0.043234	-1.161737	-28.157885	-0.030076	-1.244246	-27.816105	-0.073197	-1.195772	-27.848008	-0.031495	-1.231477
2773	38.512628	00:00:38:37	-27.987828	1.685135	-1.242780	-27.922913	1.604380	-1.148815	-28.071123	1.618122	-1.119314	-28.036866	1.588467	-1.239593	-28.002420	1.550329	-1.186878	-28.137103	1.595758	-1.228542	-27.857508	1.585439	-1.276854	-27.907707	1.368221	-1.030988	-28.001152	0.764434	-1.684770	-27.667607	1.194994	-0.863442	-28.094595	-0.059239	-2.079845	-27.666122	1.169865	-0.857076	-28.103765	-0.051822	-2.059018	-27.685048	1.134507	-0.879174	-28.101772	-0.022453	-2.051340	-28.200746	0.936862	-1.207064	-28.216564	1.003675	-1.237457	-27.811699	0.917234	-1.195504	-27.833884	0.953456	-1.244812	-28.151228	0.460662	-1.161361	-27.811312	0.461010	-1.219229	-28.154013	-0.056801	-1.194326	-28.170227	-0.029969	-1.173000	-27.834673	-0.060864	-1.167397	-27.820796	-0.045029	-1.238478
2774	38.526521	00:00:38:38	-27.994886	1.692708	-1.242466	-27.957870	1.597647	-1.141412	-28.049431	1.636801	-1.097938	-28.019596	1.548111	-1.247609	-27.978341	1.555445	-1.185081	-28.170157	1.582521	-1.221118	-27.875137	1.550363	-1.245479	-27.908201	1.386360	-1.029448	-27.995714	0.772937	-1.669326	-27.690544	1.181097	-0.836553	-28.138255	-0.032458	-2.056445	-27.661779	1.165381	-0.846892	-28.064386	-0.053562	-2.079756	-27.670119	1.138860	-0.834651	-28.100156	-0.062431	-2.069832	-28.183919	0.953495	-1.162268	-28.199715	0.959629	-1.253271	-27.840154	0.962394	-1.210903	-27.823615	0.962641	-1.250779	-28.176104	0.462207	-1.170267	-27.814486	0.448585	-1.210796	-28.186625	-0.057968	-1.147478	-28.188862	-0.040245	-1.193034	-27.848863	-0.066270	-1.217264	-27.825368	-0.015005	-1.272958
2775	38.540415	00:00:38:39	-28.023484	1.684375	-1.250481	-27.904723	1.646445	-1.143317	-28.043958	1.593829	-1.130142	-27.995724	1.533650	-1.231831	-27.980254	1.536722	-1.211556	-28.145257	1.565797	-1.201454	-27.855881	1.574492	-1.244251	-27.905803	1.393818	-1.074396	-27.999336	0.756288	-1.644120	-27.707448	1.190701	-0.863258	-28.107065	-0.050231	-2.041852	-27.662239	1.141266	-0.866137	-28.107550	-0.039276	-2.055705	-27.682933	1.203916	-0.856591	-28.117478	-0.053992	-2.071752	-28.220736	0.954948	-1.183467	-28.188987	0.997922	-1.231367	-27.790539	0.944593	-1.191330	-27.853175	0.970771	-1.262800	-28.186072	0.472283	-1.201102	-27.810262	0.482569	-1.218511	-28.168077	-0.070689	-1.161471	-28.196984	-0.027858	-1.220026	-27.845417	-0.084855	-1.163669	-27.851538	-0.068219	-1.234376
2776	38.554308	00:00:38:40	-28.010075	1.684604	-1.234148	-27.924208	1.658127	-1.147701	-28.058593	1.625080	-1.119273	-27.988367	1.537654	-1.235130	-28.000746	1.521993	-1.170451	-28.143325	1.568050	-1.210945	-27.877692	1.568503	-1.249540	-27.923851	1.371936	-1.041576	-27.977489	0.769390	-1.660194	-27.703204	1.175293	-0.856993	-28.097585	-0.063639	-2.059556	-27.673886	1.174715	-0.838688	-28.124510	-0.064760	-2.022682	-27.694196	1.166794	-0.843174	-28.101061	-0.057937	-2.065168	-28.167760	0.972225	-1.175941	-28.169581	0.999391	-1.250084	-27.830484	0.964362	-1.199118	-27.791142	0.967190	-1.276737	-28.183764	0.446688	-1.202695	-27.823971	0.462709	-1.228117	-28.172556	-0.052643	-1.180899	-28.189545	-0.084790	-1.225082	-27.829155	-0.059732	-1.185265	-27.811965	-0.064625	-1.229060
2777	38.568202	00:00:38:41	-28.010645	1.683312	-1.235322	-27.926982	1.622016	-1.104124	-28.065294	1.667807	-1.159668	-28.010921	1.549758	-1.231489	-28.010601	1.574404	-1.176454	-28.133855	1.548836	-1.232716	-27.853691	1.566820	-1.231711	-27.960322	1.346253	-1.019471	-27.985836	0.800915	-1.669625	-27.687152	1.160051	-0.850967	-28.085462	-0.029848	-2.052881	-27.658533	1.169626	-0.851997	-28.086231	-0.064440	-2.073434	-27.663818	1.179001	-0.856091	-28.099497	-0.053191	-2.093196	-28.182065	1.018299	-1.188028	-28.197221	0.982719	-1.220654	-27.831032	0.953640	-1.201290	-27.860342	0.956876	-1.244019	-28.176615	0.447620	-1.218474	-27.854038	0.476611	-1.215907	-28.186483	-0.009711	-1.159507	-28.194172	-0.038546	-1.222665	-27.834141	-0.043185	-1.192634	-27.825010	-0.041972	-1.282678
2778	38.582095	00:00:38:42	-28.041439	1.674821	-1.233428	-27.937358	1.618667	-1.142566	-28.063469	1.653250	-1.109317	-28.006427	1.559525	-1.275864	-27.994586	1.517082	-1.212376	-28.141416	1.570273	-1.208037	-27.876302	1.538744	-1.263342	-27.926024	1.333534	-1.068552	-27.949212	0.759604	-1.665184	-27.705239	1.189540	-0.873274	-28.092359	-0.053242	-2.074413	-27.675132	1.179266	-0.866796	-28.084598	-0.036685	-2.100725	-27.669341	1.174736	-0.872143	-28.098348	-0.038857	-2.037526	-28.187256	0.971304	-1.182051	-28.190313	0.981225	-1.262552	-27.837428	0.959571	-1.220273	-27.834975	0.976633	-1.279459	-28.194624	0.430679	-1.224373	-27.825611	0.469546	-1.202996	-28.184502	-0.029701	-1.171346	-28.185478	-0.035364	-1.203836	-27.827758	-0.073123	-1.186268	-27.819909	-0.035985	-1.276122
2779	38.595989	00:00:38:43	-28.012619	1.667874	-1.232100	-27.952815	1.644137	-1.119650	-28.051919	1.643939	-1.107801	-28.001265	1.562568	-1.247019	-28.001743	1.532792	-1.204321	-28.164589	1.564034	-1.225530	-27.848215	1.553104	-1.219658	-27.901620	1.366452	-1.062030	-27.982225	0.765081	-1.649645	-27.674622	1.118175	-0.836481	-28.079243	-0.041867	-2.059890	-27.667232	1.176552	-0.856613	-28.125714	-0.078807	-2.092619	-27.681637	1.137283	-0.857876	-28.107389	-0.085639	-2.068235	-28.168338	0.959100	-1.161012	-28.190683	0.986180	-1.218605	-27.842452	0.983511	-1.214828	-27.816467	1.017567	-1.251542	-28.136104	0.453578	-1.180060	-27.805680	0.453704	-1.193953	-28.166176	-0.093834	-1.128540	-28.167682	0.000735	-1.219330	-27.801284	-0.094713	-1.163549	-27.849674	-0.048313	-1.188562
2780	38.609882	00:00:38:44	-28.013656	1.685431	-1.267722	-27.930965	1.647616	-1.129372	-28.074684	1.637225	-1.116219	-28.003106	1.532666	-1.239725	-28.013968	1.575691	-1.181595	-28.154626	1.567807	-1.246938	-27.824446	1.554698	-1.251195	-27.905219	1.339915	-1.038859	-27.977646	0.741648	-1.678955	-27.666028	1.171697	-0.880283	-28.111811	-0.068590	-2.069885	-27.653057	1.170412	-0.893001	-28.108065	-0.034677	-2.078194	-27.686995	1.211365	-0.897724	-28.105982	-0.028825	-2.025981	-28.199163	0.951760	-1.165905	-28.178001	0.989503	-1.214765	-27.830601	0.945557	-1.210132	-27.853875	0.993709	-1.251745	-28.165691	0.482769	-1.162099	-27.819430	0.443548	-1.227309	-28.169601	-0.064627	-1.144612	-28.221710	-0.046150	-1.207190	-27.816047	-0.035275	-1.169592	-27.838606	-0.049692	-1.226179
2781	38.623775	00:00:38:45	-27.989198	1.679349	-1.242074	-27.935248	1.643613	-1.134099	-28.072794	1.612698	-1.119999	-28.037359	1.556803	-1.213553	-27.984990	1.533405	-1.182645	-28.121947	1.545586	-1.245178	-27.832694	1.561236	-1.247271	-27.932563	1.356801	-1.062006	-27.993468	0.750899	-1.635021	-27.654701	1.189808	-0.838740	-28.086765	-0.070605	-2.074646	-27.679410	1.194168	-0.882402	-28.108654	-0.024794	-2.064387	-27.686219	1.175785	-0.876360	-28.072601	-0.034826	-2.038449	-28.200991	0.970729	-1.160190	-28.182827	1.004870	-1.243213	-27.791323	0.980303	-1.209078	-27.800101	0.996318	-1.271484	-28.174160	0.417589	-1.177263	-27.822402	0.450286	-1.227617	-28.178453	-0.053113	-1.191429	-28.153094	-0.048585	-1.210422	-27.834986	-0.048993	-1.193987	-27.822502	-0.023304	-1.246081
2782	38.637669	00:00:38:46	-28.015235	1.680780	-1.246986	-27.914566	1.624225	-1.106670	-28.068008	1.629393	-1.141160	-28.000951	1.576238	-1.241749	-28.014995	1.558780	-1.224235	-28.133689	1.590373	-1.218903	-27.886364	1.556022	-1.251047	-27.898860	1.366518	-1.037091	-27.976358	0.773568	-1.678863	-27.670865	1.157092	-0.851901	-28.078959	-0.056093	-2.048487	-27.641368	1.158228	-0.862878	-28.072014	-0.017028	-2.057340	-27.633181	1.184292	-0.902230	-28.111051	-0.040197	-2.039064	-28.181337	0.978679	-1.176729	-28.188009	0.976007	-1.208574	-27.826565	0.949054	-1.186689	-27.821858	0.960447	-1.267287	-28.178246	0.436310	-1.211939	-27.822800	0.486025	-1.199385	-28.192105	-0.075690	-1.154373	-28.192463	-0.023873	-1.192760	-27.841039	-0.064693	-1.181619	-27.799400	-0.047627	-1.246489
2783	38.651562	00:00:38:47	-28.013127	1.650853	-1.228006	-27.929509	1.631235	-1.156398	-28.045349	1.633474	-1.119349	-27.992600	1.560580	-1.254588	-28.014500	1.544451	-1.222937	-28.166036	1.568248	-1.227075	-27.830691	1.574047	-1.240683	-27.888543	1.374967	-1.052369	-27.974400	0.772259	-1.684648	-27.668660	1.162022	-0.861019	-28.117687	-0.064614	-2.087761	-27.687101	1.183796	-0.861220	-28.100135	-0.041206	-2.078825	-27.682097	1.187570	-0.859976	-28.107225	-0.087105	-2.064593	-28.167425	0.985017	-1.165758	-28.191918	0.963326	-1.248317	-27.848277	0.959118	-1.210139	-27.788580	0.982395	-1.283512	-28.189905	0.446099	-1.216297	-27.817344	0.481735	-1.219271	-28.200816	-0.081142	-1.149127	-28.184460	-0.044847	-1.208470	-27.831486	-0.038043	-1.176001	-27.841171	-0.024257	-1.225777
2784	38.665456	00:00:38:48	-28.001954	1.664484	-1.232290	-27.947302	1.604042	-1.112546	-28.056645	1.645615	-1.117810	-27.967399	1.578176	-1.244201	-28.002172	1.544391	-1.194428	-28.133823	1.548284	-1.195266	-27.857388	1.549079	-1.239279	-27.925882	1.353336	-1.048441	-27.952113	0.720873	-1.684779	-27.668779	1.174302	-0.873283	-28.089768	-0.036470	-2.037713	-27.668460	1.194889	-0.882551	-28.103217	-0.013540	-2.033288	-27.668268	1.135401	-0.866086	-28.091303	-0.033419	-2.076478	-28.194816	0.952546	-1.168968	-28.188229	0.979864	-1.236317	-27.841827	0.986297	-1.189592	-27.810991	1.001079	-1.228769	-28.185090	0.455461	-1.179447	-27.852135	0.476526	-1.191429	-28.157479	-0.052688	-1.121739	-28.198093	-0.054687	-1.188357	-27.826659	-0.063497	-1.192534	-27.872322	-0.027934	-1.248466
2785	38.679349	00:00:38:49	-27.986273	1.708668	-1.229954	-27.935885	1.675140	-1.129076	-28.029120	1.637553	-1.100384	-28.047463	1.558495	-1.258223	-28.013645	1.548909	-1.187402	-28.141132	1.524453	-1.262424	-27.838492	1.570232	-1.229320	-27.925977	1.369342	-1.029500	-27.979244	0.740619	-1.653556	-27.682578	1.211365	-0.865182	-28.082510	-0.010346	-2.088933	-27.699812	1.175011	-0.847453	-28.077123	-0.059761	-2.054283	-27.691136	1.152782	-0.869595	-28.088265	-0.041746	-2.080194	-28.193191	0.972632	-1.206990	-28.187080	0.971540	-1.263607	-27.839437	0.939078	-1.168592	-27.846902	0.946206	-1.238904	-28.174356	0.472774	-1.206718	-27.833487	0.441573	-1.236240	-28.171961	-0.052813	-1.144916	-28.192246	-0.023122	-1.231532	-27.860080	-0.072829	-1.164339	-27.829606	-0.039360	-1.275426
2786	38.693243	00:00:38:50	-28.024425	1.683055	-1.226707	-27.941779	1.644989	-1.141989	-28.040258	1.649621	-1.122356	-28.011909	1.571712	-1.219636	-27.992560	1.540824	-1.222816	-28.170099	1.538752	-1.209804	-27.849030	1.595520	-1.255480	-27.933396	1.354524	-1.045881	-27.958513	0.774489	-1.635318	-27.676550	1.154354	-0.866853	-28.098134	-0.025261	-2.075234	-27.673052	1.182939	-0.862745	-28.081177	-0.037002	-2.086275	-27.662857	1.155030	-0.845432	-28.086940	-0.018934	-2.057502	-28.202452	0.971321	-1.194014	-28.196341	0.969424	-1.228988	-27.842100	0.939998	-1.200074	-27.806554	1.009778	-1.260406	-28.173493	0.485542	-1.190291	-27.793155	0.507138	-1.229493	-28.161497	-0.070238	-1.169909	-28.183449	-0.024466	-1.190379	-27.809709	-0.062020	-1.157843	-27.820811	-0.046374	-1.251663
2787	38.707136	00:00:38:51	-27.964152	1.719225	-1.228976	-27.915176	1.603887	-1.140121	-28.075242	1.648066	-1.107842	-27.971563	1.539761	-1.206923	-27.994620	1.546073	-1.193807	-28.148087	1.551894	-1.210871	-27.841883	1.564033	-1.268999	-27.880915	1.357963	-1.038473	-27.995707	0.752513	-1.649423	-27.686097	1.213275	-0.861059	-28.063487	-0.031512	-2.090332	-27.717726	1.195270	-0.874451	-28.091394	-0.021829	-2.073723	-27.695958	1.194208	-0.865518	-28.087126	-0.040577	-2.088953	-28.157867	0.965349	-1.172157	-28.164683	1.007861	-1.249908	-27.813674	0.993995	-1.220446	-27.823447	0.973119	-1.261341	-28.155634	0.486889	-1.200948	-27.845225	0.435026	-1.231598	-28.153158	-0.053260	-1.162929	-28.198450	-0.043232	-1.212241	-27.828833	-0.054140	-1.169182	-27.851410	-0.050192	-1.235778
2788	38.721030	00:00:38:52	-27.997634	1.713631	-1.224616	-27.930721	1.625150	-1.130031	-28.041705	1.636105	-1.122764	-27.989183	1.582216	-1.245322	-28.009547	1.483660	-1.213319	-28.172474	1.556951	-1.239765	-27.891838	1.551663	-1.267874	-27.938765	1.350488	-1.050884	-27.988679	0.730163	-1.672373	-27.696474	1.182809	-0.870068	-28.109122	-0.024954	-2.060991	-27.680960	1.174576	-0.883070	-28.078694	-0.026528	-2.026453	-27.666010	1.125543	-0.883313	-28.124375	-0.039585	-2.068333	-28.165146	0.961421	-1.167405	-28.190746	0.978031	-1.226241	-27.820391	0.973646	-1.214654	-27.818111	0.966183	-1.230490	-28.183560	0.438454	-1.196012	-27.818368	0.492939	-1.207032	-28.152807	-0.050590	-1.154952	-28.192688	-0.038950	-1.194971	-27.825467	-0.075070	-1.165285	-27.815439	-0.038460	-1.221774
2789	38.734923	00:00:38:53	-28.018791	1.655257	-1.222997	-27.943623	1.616542	-1.155905	-28.045959	1.639483	-1.093466	-28.005867	1.554637	-1.263487	-28.014775	1.589008	-1.201006	-28.178360	1.556418	-1.214388	-27.832860	1.546779	-1.251596	-27.918247	1.351294	-1.017783	-27.955633	0.779239	-1.670604	-27.680559	1.141659	-0.873451	-28.115216	-0.059605	-2.069587	-27.663108	1.182553	-0.861045	-28.078744	-0.044102	-2.078826	-27.697252	1.167173	-0.876747	-28.098611	-0.044158	-2.062869	-28.214772	0.953368	-1.178396	-28.203298	0.994642	-1.228174	-27.797600	0.943523	-1.203950	-27.842903	1.003208	-1.285745	-28.154475	0.478245	-1.197273	-27.832291	0.486029	-1.204638	-28.200297	-0.080871	-1.158005	-28.162280	-0.031298	-1.248062	-27.840446	-0.110109	-1.180044	-27.816918	-0.043978	-1.237751
2790	38.748816	00:00:38:54	-27.989642	1.664581	-1.243558	-27.950334	1.636215	-1.109557	-28.093660	1.614385	-1.158712	-28.027680	1.570026	-1.230011	-27.979152	1.577359	-1.230371	-28.190142	1.538243	-1.238334	-27.868404	1.529043	-1.220395	-27.902942	1.343755	-1.034789	-27.981708	0.751098	-1.639966	-27.656051	1.154839	-0.849019	-28.128318	-0.078968	-2.062456	-27.687769	1.154574	-0.878518	-28.093370	-0.019597	-2.075367	-27.639874	1.176013	-0.857200	-28.089117	-0.043312	-2.052272	-28.164747	0.938281	-1.173200	-28.194674	0.989405	-1.258639	-27.866875	0.950846	-1.204587	-27.813849	0.983684	-1.235908	-28.166836	0.470289	-1.214366	-27.819014	0.454194	-1.239949	-28.188637	-0.078615	-1.131858	-28.158863	-0.066138	-1.217331	-27.852452	-0.099205	-1.224464	-27.842993	-0.051829	-1.249056
2791	38.762710	00:00:38:55	-27.989353	1.660343	-1.207061	-27.949650	1.662546	-1.107751	-28.054476	1.659872	-1.121495	-28.033498	1.540657	-1.228621	-28.001298	1.539884	-1.215566	-28.151002	1.550497	-1.250634	-27.874940	1.585041	-1.224592	-27.919972	1.370276	-1.027708	-27.991221	0.747515	-1.623262	-27.655701	1.141414	-0.878844	-28.085437	-0.048134	-2.070470	-27.668499	1.180254	-0.879588	-28.124283	-0.023072	-2.069080	-27.696591	1.176096	-0.866662	-28.077827	-0.043212	-2.046247	-28.166450	0.970323	-1.157719	-28.195363	0.987451	-1.235439	-27.860605	0.981467	-1.208709	-27.848243	0.984111	-1.254532	-28.189534	0.472259	-1.198559	-27.818444	0.487525	-1.241145	-28.185919	-0.059082	-1.190488	-28.173527	-0.027881	-1.237828	-27.839627	-0.110168	-1.178207	-27.837829	-0.041774	-1.246414
2792	38.776603	00:00:38:56	-27.994751	1.690545	-1.267252	-27.952791	1.626031	-1.121904	-28.040509	1.590384	-1.102566	-28.005601	1.568618	-1.232130	-28.010834	1.526442	-1.179046	-28.167010	1.555836	-1.223741	-27.851758	1.588928	-1.246594	-27.905301	1.376358	-1.036154	-27.986278	0.736443	-1.643947	-27.705069	1.155732	-0.887414	-28.082583	-0.057147	-2.076041	-27.674327	1.176660	-0.851649	-28.112305	-0.030555	-2.068993	-27.700915	1.148936	-0.868038	-28.103972	-0.047984	-2.049552	-28.189290	0.991339	-1.199936	-28.187723	1.017988	-1.246698	-27.824398	0.955875	-1.211765	-27.827883	1.024815	-1.264246	-28.158773	0.421053	-1.178615	-27.819586	0.451600	-1.217595	-28.221978	-0.081176	-1.140727	-28.201502	-0.045830	-1.223163	-27.834084	-0.062925	-1.193708	-27.842682	-0.111940	-1.215369
2793	38.790497	00:00:38:57	-28.000782	1.653316	-1.226831	-27.908537	1.613555	-1.114612	-28.068688	1.612431	-1.150359	-28.029084	1.552009	-1.205139	-28.006674	1.546953	-1.204053	-28.157272	1.586411	-1.207080	-27.855860	1.534751	-1.222960	-27.945712	1.393567	-1.066337	-27.957727	0.752695	-1.666993	-27.688536	1.143923	-0.905005	-28.107464	-0.025398	-2.058493	-27.693373	1.174127	-0.879115	-28.112822	-0.027242	-2.052509	-27.663861	1.181382	-0.866161	-28.081780	-0.070977	-2.053026	-28.224311	0.961372	-1.161838	-28.187168	0.995307	-1.210740	-27.815501	0.973898	-1.206495	-27.842247	0.982173	-1.275982	-28.176220	0.484950	-1.205191	-27.833667	0.448953	-1.233113	-28.187665	-0.088628	-1.152859	-28.174979	-0.039524	-1.168216	-27.818240	-0.092059	-1.176316	-27.833025	-0.056546	-1.235055
2794	38.804390	00:00:38:58	-27.968545	1.685865	-1.248524	-27.917251	1.610152	-1.126520	-28.053692	1.637999	-1.116009	-27.998242	1.555176	-1.266720	-28.007668	1.569203	-1.189128	-28.129778	1.563856	-1.256025	-27.874832	1.579800	-1.259890	-27.900182	1.369372	-1.032323	-27.969248	0.746563	-1.657636	-27.684813	1.176520	-0.852439	-28.080093	-0.077186	-2.091830	-27.671147	1.159138	-0.887848	-28.106434	-0.042565	-2.067577	-27.664809	1.176001	-0.880064	-28.121738	-0.032828	-2.060737	-28.196109	0.950681	-1.191287	-28.201182	1.003457	-1.269235	-27.818100	0.956530	-1.219763	-27.833742	0.996619	-1.250765	-28.178375	0.453033	-1.205751	-27.828689	0.463115	-1.220103	-28.204237	-0.042238	-1.165051	-28.172163	-0.020577	-1.194755	-27.822160	-0.066722	-1.180301	-27.832835	-0.013598	-1.223868
2795	38.818284	00:00:38:59	-27.988530	1.697162	-1.239614	-27.933140	1.618336	-1.165784	-28.076018	1.654216	-1.108902	-27.994118	1.578568	-1.251474	-28.023562	1.512056	-1.210286	-28.183932	1.602302	-1.212837	-27.867655	1.561866	-1.229160	-27.906544	1.372943	-1.089009	-27.952053	0.759650	-1.684359	-27.673447	1.159592	-0.850601	-28.059621	-0.066671	-2.054163	-27.648247	1.170355	-0.876913	-28.088055	-0.064972	-2.055094	-27.677942	1.170290	-0.837596	-28.072668	-0.041079	-2.048179	-28.174898	0.978367	-1.205466	-28.194326	0.994533	-1.244767	-27.825394	0.931794	-1.219302	-27.828007	0.982056	-1.246573	-28.192651	0.458655	-1.189294	-27.829373	0.461512	-1.233580	-28.174642	-0.093087	-1.171150	-28.203265	-0.062882	-1.221295	-27.831212	-0.052078	-1.165240	-27.814983	-0.032789	-1.232391
2796	38.832177	00:00:38:60	-27.984488	1.663552	-1.248679	-27.922613	1.656589	-1.111169	-28.071682	1.662976	-1.094659	-27.993627	1.567386	-1.233376	-28.021318	1.554689	-1.210510	-28.143180	1.562224	-1.228546	-27.889641	1.589475	-1.272624	-27.884664	1.352287	-1.046384	-27.992698	0.771988	-1.655871	-27.707326	1.147096	-0.834374	-28.068193	-0.065838	-2.088935	-27.675705	1.178529	-0.893160	-28.072509	-0.029504	-2.063894	-27.648951	1.206461	-0.862837	-28.061053	-0.056023	-2.064188	-28.214480	0.967219	-1.191362	-28.184565	1.005041	-1.238211	-27.829286	0.985050	-1.196180	-27.823783	0.991670	-1.254594	-28.188494	0.466020	-1.198388	-27.823099	0.471682	-1.215253	-28.211123	-0.051368	-1.156713	-28.156265	-0.057232	-1.254481	-27.836175	-0.082474	-1.193190	-27.853633	-0.046793	-1.246632
2797	38.846071	00:00:38:61	-27.984755	1.716106	-1.234285	-27.931670	1.631025	-1.137307	-28.032699	1.645751	-1.139785	-28.021022	1.590636	-1.253882	-28.009743	1.538663	-1.209069	-28.157756	1.577520	-1.206563	-27.858538	1.561872	-1.229824	-27.934299	1.392771	-1.065460	-27.978828	0.740224	-1.647799	-27.700916	1.184573	-0.847285	-28.089429	-0.064380	-2.041974	-27.706560	1.155307	-0.847078	-28.099335	-0.039915	-2.085356	-27.687983	1.200675	-0.857398	-28.096642	-0.028570	-2.098043	-28.171362	0.963620	-1.181042	-28.195821	0.978976	-1.195260	-27.799073	0.966574	-1.184682	-27.853289	1.022763	-1.253082	-28.190339	0.438535	-1.205057	-27.827274	0.438647	-1.208169	-28.166993	-0.072407	-1.177412	-28.192085	-0.021143	-1.213163	-27.827173	-0.055581	-1.188740	-27.814027	-0.060077	-1.239310
2798	38.859964	00:00:38:62	-28.012406	1.692181	-1.210236	-27.923986	1.649661	-1.138013	-28.015256	1.591740	-1.133339	-28.007448	1.583800	-1.223722	-27.997565	1.508683	-1.215243	-28.159800	1.553204	-1.211691	-27.829554	1.563583	-1.259178	-27.929103	1.375427	-1.025071	-27.964904	0.750403	-1.622915	-27.679962	1.185432	-0.878762	-28.104492	-0.043125	-2.084383	-27.686180	1.170251	-0.871549	-28.104340	-0.050876	-2.052981	-27.669412	1.179386	-0.840350	-28.104769	-0.037774	-2.065588	-28.206909	0.943320	-1.167581	-28.167320	0.981664	-1.248275	-27.837433	0.950825	-1.213998	-27.828497	1.025380	-1.269108	-28.152635	0.450059	-1.209571	-27.814048	0.492125	-1.234267	-28.207181	-0.076134	-1.174095	-28.184515	-0.055428	-1.224722	-27.823015	-0.069018	-1.210867	-27.815761	-0.072132	-1.250216
2799	38.873857	00:00:38:63	-27.994460	1.696940	-1.279229	-27.947396	1.630418	-1.150723	-28.047769	1.646872	-1.135143	-27.980741	1.569046	-1.237846	-28.018222	1.563492	-1.213423	-28.120910	1.569601	-1.232275	-27.874691	1.573914	-1.272451	-27.889260	1.382401	-1.053095	-27.979733	0.752406	-1.646561	-27.694746	1.184477	-0.881400	-28.115258	-0.052623	-2.060881	-27.707195	1.186018	-0.841499	-28.089201	-0.067555	-2.045667	-27.677576	1.197742	-0.879602	-28.084129	-0.016709	-2.083869	-28.194224	0.962629	-1.160452	-28.211304	0.988168	-1.248160	-27.824735	0.986162	-1.222024	-27.867727	0.991782	-1.240973	-28.149274	0.446060	-1.202054	-27.837504	0.450309	-1.228194	-28.200172	-0.045509	-1.147340	-28.192112	-0.064210	-1.222800	-27.836314	-0.068504	-1.169756	-27.815633	-0.033604	-1.247520
2800	38.887751	00:00:38:64	-27.987800	1.692236	-1.221655	-27.917404	1.606996	-1.119717	-28.063985	1.620713	-1.117258	-28.021737	1.542133	-1.231764	-28.007945	1.591179	-1.200486	-28.166381	1.563991	-1.225042	-27.871760	1.577594	-1.231585	-27.907588	1.363395	-1.044288	-27.998793	0.758787	-1.682965	-27.683743	1.166109	-0.841763	-28.098676	-0.048112	-2.085494	-27.687035	1.182908	-0.874955	-28.096973	-0.051512	-2.055519	-27.725683	1.157071	-0.838044	-28.099238	-0.026542	-2.061498	-28.158909	0.983065	-1.206224	-28.189071	0.990148	-1.247674	-27.821086	0.928119	-1.214864	-27.840318	1.003953	-1.257947	-28.184963	0.446275	-1.193892	-27.826598	0.416822	-1.228853	-28.182813	-0.056722	-1.163749	-28.179633	-0.061331	-1.261556	-27.814948	-0.061490	-1.187794	-27.819271	-0.037867	-1.239879
2801	38.901644	00:00:38:65	-28.025074	1.668678	-1.229839	-27.946321	1.630899	-1.132455	-28.065200	1.627252	-1.124719	-28.028839	1.545312	-1.258202	-27.994571	1.542065	-1.190421	-28.139799	1.569859	-1.227042	-27.844989	1.595375	-1.241295	-27.932591	1.353791	-1.022403	-27.994609	0.775224	-1.648357	-27.692227	1.166330	-0.885211	-28.076278	-0.094014	-2.064142	-27.671528	1.148301	-0.847270	-28.087752	-0.045031	-2.057773	-27.692820	1.150755	-0.853304	-28.081563	-0.056608	-2.064795	-28.181751	0.958722	-1.192651	-28.202218	1.013169	-1.214969	-27.821716	0.926669	-1.219694	-27.813782	1.022546	-1.226505	-28.185447	0.457234	-1.177870	-27.833075	0.427514	-1.211705	-28.177311	-0.078059	-1.137148	-28.172419	-0.072423	-1.199959	-27.815433	-0.058883	-1.174182	-27.858968	-0.059768	-1.255530
2802	38.915538	00:00:38:66	-27.988208	1.690366	-1.233513	-27.956385	1.615681	-1.134535	-28.051194	1.641897	-1.121588	-27.984902	1.579523	-1.205463	-28.042531	1.535998	-1.191897	-28.131731	1.573654	-1.245532	-27.880724	1.570582	-1.291990	-27.901757	1.352804	-1.066033	-27.977905	0.758068	-1.645463	-27.679541	1.161890	-0.852903	-28.085144	-0.068068	-2.052557	-27.687415	1.184148	-0.839362	-28.104539	0.011830	-2.050572	-27.661420	1.193549	-0.876341	-28.092711	-0.013250	-2.051859	-28.184681	0.965212	-1.212756	-28.184336	1.014003	-1.226933	-27.830739	0.952638	-1.195332	-27.817391	0.990127	-1.246393	-28.207469	0.450370	-1.173894	-27.845849	0.471864	-1.210939	-28.169963	-0.046070	-1.123886	-28.174968	-0.062041	-1.224075	-27.859816	-0.049795	-1.179114	-27.811014	-0.033497	-1.222709
2803	38.929431	00:00:38:67	-27.986845	1.670800	-1.252815	-27.936338	1.652643	-1.110611	-28.052120	1.648511	-1.109436	-27.993359	1.539040	-1.233780	-27.960887	1.529103	-1.181743	-28.168705	1.542978	-1.245507	-27.858023	1.562725	-1.268581	-27.897552	1.357073	-1.023353	-28.001616	0.748399	-1.654239	-27.680570	1.209309	-0.879995	-28.090774	-0.043886	-2.035223	-27.702637	1.174529	-0.875421	-28.090865	-0.060042	-2.065911	-27.682175	1.164227	-0.871668	-28.097902	-0.059111	-2.059679	-28.189005	0.952559	-1.178293	-28.167956	1.001156	-1.240767	-27.823189	0.965178	-1.195820	-27.841939	0.987480	-1.249816	-28.177074	0.472343	-1.223018	-27.855406	0.449675	-1.199855	-28.187799	-0.076697	-1.174245	-28.173630	-0.066073	-1.224030	-27.813749	-0.075286	-1.160838	-27.823764	-0.047568	-1.234202
2804	38.943325	00:00:38:68	-27.999656	1.699709	-1.240213	-27.878361	1.620216	-1.112374	-28.036440	1.628950	-1.088920	-28.017459	1.555300	-1.238763	-28.010117	1.560136	-1.202314	-28.142083	1.550322	-1.216012	-27.836551	1.558392	-1.207484	-27.893251	1.345137	-1.025385	-27.993563	0.755601	-1.639961	-27.668619	1.173955	-0.877460	-28.077463	-0.021162	-2.090571	-27.677030	1.185710	-0.839331	-28.113879	-0.019298	-2.051704	-27.690530	1.180038	-0.836112	-28.069164	-0.069068	-2.067501	-28.170580	0.971774	-1.189842	-28.200224	0.972971	-1.248245	-27.839712	0.964191	-1.205657	-27.825139	0.992774	-1.237765	-28.197275	0.462026	-1.190108	-27.850493	0.454372	-1.199199	-28.145094	-0.067500	-1.151815	-28.200858	-0.056348	-1.216652	-27.816129	-0.107891	-1.178022	-27.834776	-0.006676	-1.238062
2805	38.957218	00:00:38:69	-27.990489	1.708572	-1.239449	-27.896985	1.650516	-1.103276	-28.068339	1.631280	-1.091946	-27.992720	1.556562	-1.238895	-27.989778	1.565588	-1.172216	-28.142724	1.564416	-1.254804	-27.860939	1.539726	-1.243735	-27.937986	1.348216	-1.062077	-28.002986	0.749926	-1.651849	-27.699741	1.183300	-0.864629	-28.093662	-0.060914	-2.058485	-27.675466	1.154963	-0.853187	-28.100513	-0.049148	-2.054574	-27.678810	1.156643	-0.831983	-28.053936	-0.039427	-2.112699	-28.178192	0.977466	-1.207728	-28.205542	0.988807	-1.246713	-27.860043	0.943930	-1.199421	-27.832802	1.002503	-1.239460	-28.152492	0.475426	-1.235793	-27.819750	0.473904	-1.223194	-28.196378	-0.081272	-1.170861	-28.173512	-0.079277	-1.232334	-27.835779	-0.080924	-1.176428	-27.820467	-0.036423	-1.239775
2806	38.971112	00:00:38:70	-28.022747	1.661506	-1.244995	-27.945511	1.660138	-1.128842	-28.049698	1.633801	-1.129370	-28.033976	1.565677	-1.254776	-27.996364	1.542833	-1.190956	-28.170588	1.565035	-1.219790	-27.856961	1.554136	-1.253239	-27.907339	1.348128	-1.025099	-27.973473	0.763505	-1.675539	-27.675414	1.170743	-0.851812	-28.123968	-0.067794	-2.055148	-27.696391	1.145938	-0.856710	-28.083287	-0.020431	-2.061684	-27.688824	1.166788	-0.845211	-28.094895	0.012706	-2.063926	-28.170633	0.995329	-1.183363	-28.176061	0.982934	-1.222995	-27.840569	0.970789	-1.210686	-27.807479	0.970955	-1.289406	-28.175552	0.459685	-1.195400	-27.816725	0.451537	-1.192715	-28.169245	-0.067232	-1.172116	-28.165720	-0.045611	-1.198083	-27.830186	-0.084636	-1.163503	-27.876189	-0.042668	-1.243739
2807	38.985005	00:00:38:71	-28.016387	1.681249	-1.251753	-27.929363	1.642453	-1.149584	-28.038568	1.596163	-1.106114	-27.975980	1.536173	-1.224784	-28.007615	1.528750	-1.186426	-28.155419	1.583229	-1.242190	-27.847442	1.552322	-1.246572	-27.906359	1.396847	-1.045673	-27.965253	0.760494	-1.639034	-27.661604	1.195744	-0.877798	-28.086244	-0.049112	-2.066116	-27.692175	1.185963	-0.866303	-28.118628	-0.077424	-2.076079	-27.673810	1.159272	-0.879351	-28.111066	-0.025487	-2.062129	-28.217392	0.986225	-1.161312	-28.166765	0.996797	-1.263580	-27.823718	0.957684	-1.191253	-27.813803	0.973604	-1.244633	-28.181168	0.449231	-1.223622	-27.794175	0.478971	-1.233651	-28.176944	-0.050832	-1.166122	-28.171080	-0.057546	-1.210236	-27.816970	-0.074130	-1.172790	-27.853491	-0.033773	-1.224417
2808	38.998898	00:00:38:00	-27.993977	1.704886	-1.220166	-27.947994	1.633180	-1.116114	-28.034780	1.649962	-1.090674	-27.990874	1.540053	-1.237528	-28.017265	1.541090	-1.199267	-28.163065	1.572929	-1.237031	-27.851760	1.567956	-1.237328	-27.883479	1.345733	-1.060154	-27.989598	0.735696	-1.637873	-27.660210	1.175438	-0.825420	-28.097512	-0.040862	-2.052417	-27.681242	1.173031	-0.845309	-28.074402	-0.054330	-2.073993	-27.678791	1.170254	-0.843856	-28.100701	-0.046271	-2.091152	-28.200788	0.956776	-1.188319	-28.178955	1.014128	-1.244164	-27.837231	0.951281	-1.185322	-27.829366	1.019593	-1.268974	-28.200992	0.446406	-1.215331	-27.850344	0.466096	-1.247356	-28.178865	-0.058933	-1.159030	-28.205511	-0.021753	-1.192303	-27.843892	-0.087477	-1.165355	-27.823477	-0.064433	-1.215582
2809	39.012792	00:00:39:01	-28.025415	1.671876	-1.213999	-27.950711	1.625853	-1.109444	-28.049795	1.657703	-1.118657	-27.983874	1.589355	-1.239743	-28.013310	1.555516	-1.190564	-28.145322	1.581995	-1.228281	-27.812746	1.535959	-1.226419	-27.924429	1.365790	-1.071918	-27.986493	0.785130	-1.659943	-27.652724	1.190576	-0.866319	-28.112661	-0.063135	-2.051003	-27.685718	1.154012	-0.860728	-28.101799	-0.024919	-2.056923	-27.667684	1.181890	-0.879048	-28.064896	-0.071154	-2.065870	-28.146479	0.978015	-1.173925	-28.171799	0.979971	-1.239462	-27.816149	0.937479	-1.212170	-27.819922	0.989234	-1.229550	-28.199024	0.462317	-1.212536	-27.823814	0.465283	-1.204554	-28.140516	-0.093337	-1.169315	-28.173086	-0.008218	-1.211044	-27.828074	-0.045591	-1.188721	-27.871041	-0.057026	-1.215635
2810	39.026685	00:00:39:02	-27.986833	1.673712	-1.193628	-27.944933	1.608499	-1.154096	-28.063048	1.677142	-1.144018	-28.004418	1.564423	-1.259973	-27.985426	1.521100	-1.186772	-28.148812	1.523636	-1.262426	-27.876383	1.550778	-1.245112	-27.912953	1.356710	-1.040896	-27.987413	0.778873	-1.645079	-27.687847	1.175466	-0.850571	-28.076340	-0.014499	-2.049608	-27.681826	1.170255	-0.870207	-28.075070	-0.081303	-2.068650	-27.675566	1.161672	-0.846543	-28.099708	-0.081496	-2.059729	-28.170701	0.954529	-1.193324	-28.211451	0.994341	-1.237635	-27.827119	0.997818	-1.203670	-27.847630	0.998514	-1.227668	-28.203296	0.458139	-1.211620	-27.833952	0.444946	-1.192377	-28.178232	-0.042531	-1.181854	-28.191475	-0.013820	-1.255381	-27.783180	-0.080653	-1.183214	-27.807797	-0.043498	-1.240238
2811	39.040579	00:00:39:03	-28.012124	1.683464	-1.248654	-27.961429	1.622535	-1.148868	-28.036686	1.607754	-1.102279	-28.018642	1.546235	-1.205613	-27.991816	1.547327	-1.225131	-28.152311	1.544757	-1.227237	-27.854881	1.572367	-1.274517	-27.919327	1.379494	-1.056117	-27.969691	0.751197	-1.648922	-27.656405	1.160281	-0.848709	-28.118802	-0.083730	-2.068010	-27.712645	1.170924	-0.816865	-28.098568	-0.044010	-2.100137	-27.693298	1.170293	-0.876602	-28.111936	-0.057798	-2.042358	-28.211047	0.936152	-1.177083	-28.140682	0.997041	-1.237239	-27.813736	0.952401	-1.184554	-27.829772	0.990490	-1.250912	-28.203720	0.448213	-1.185851	-27.836529	0.465198	-1.230548	-28.195535	-0.054160	-1.177668	-28.170526	-0.033484	-1.235729	-27.870197	-0.066292	-1.181293	-27.834930	-0.051757	-1.230540
2812	39.054472	00:00:39:04	-27.994608	1.694561	-1.253217	-27.952351	1.634340	-1.138496	-28.028534	1.624920	-1.137517	-28.012522	1.565282	-1.250401	-27.978253	1.563426	-1.170084	-28.178012	1.580420	-1.241139	-27.886542	1.558726	-1.224938	-27.915534	1.378640	-1.064094	-27.971626	0.745383	-1.650454	-27.647576	1.155445	-0.859217	-28.093686	-0.068510	-2.069318	-27.710514	1.162031	-0.828534	-28.078169	-0.059894	-2.034005	-27.688282	1.147572	-0.872701	-28.060383	-0.065286	-2.086904	-28.182781	0.966003	-1.204649	-28.140511	0.967203	-1.226962	-27.816702	0.965611	-1.197054	-27.827289	1.002097	-1.249464	-28.160536	0.486092	-1.219941	-27.865325	0.450386	-1.199172	-28.194034	-0.108239	-1.159323	-28.181064	-0.071210	-1.247273	-27.807966	-0.082416	-1.188675	-27.810973	-0.040667	-1.223841
2813	39.068366	00:00:39:05	-28.032372	1.701151	-1.206162	-27.934918	1.642637	-1.134806	-28.065365	1.640321	-1.129712	-28.038627	1.568379	-1.220440	-28.016003	1.536571	-1.173962	-28.169406	1.556405	-1.247154	-27.859555	1.573582	-1.232459	-27.900300	1.369891	-1.015436	-27.967858	0.780958	-1.650319	-27.692557	1.169187	-0.877915	-28.106393	-0.055555	-2.053276	-27.705492	1.165602	-0.856992	-28.110345	-0.063264	-2.070074	-27.664804	1.195680	-0.858659	-28.112918	-0.041398	-2.078501	-28.173831	0.957255	-1.171929	-28.198446	1.014353	-1.269134	-27.797854	0.946585	-1.204080	-27.821660	1.005412	-1.277351	-28.167204	0.467862	-1.214041	-27.824859	0.449827	-1.173790	-28.188901	-0.056764	-1.155626	-28.176856	-0.045868	-1.203088	-27.849505	-0.080820	-1.180546	-27.853072	-0.043307	-1.239957
2814	39.082259	00:00:39:06	-28.013802	1.670042	-1.250348	-27.920395	1.648788	-1.147031	-28.064361	1.645360	-1.095070	-28.009716	1.562638	-1.267246	-27.986111	1.562999	-1.230248	-28.123099	1.540794	-1.218928	-27.820850	1.565421	-1.238246	-27.915487	1.374825	-1.019288	-27.964639	0.766537	-1.663229	-27.683484	1.167923	-0.860571	-28.091126	-0.041242	-2.040623	-27.696711	1.175778	-0.851472	-28.073377	-0.037644	-2.063360	-27.668442	1.174073	-0.876497	-28.084749	-0.039527	-2.057921	-28.195209	0.929890	-1.186933	-28.179670	0.987581	-1.249020	-27.836368	0.973326	-1.215992	-27.830093	0.988168	-1.294790	-28.173967	0.485431	-1.188208	-27.817762	0.443470	-1.221373	-28.146605	-0.086969	-1.157246	-28.153477	-0.049525	-1.230977	-27.816647	-0.056786	-1.169751	-27.815816	-0.026484	-1.198452
2815	39.096153	00:00:39:07	-28.003067	1.709220	-1.242405	-27.947858	1.645147	-1.127325	-28.059296	1.621304	-1.133565	-27.980832	1.583010	-1.206355	-27.972422	1.530173	-1.211060	-28.153201	1.526168	-1.227859	-27.875675	1.560548	-1.251963	-27.920627	1.396064	-1.065558	-27.973805	0.761592	-1.666153	-27.681204	1.163220	-0.831813	-28.124329	-0.056764	-2.085354	-27.698538	1.186542	-0.864191	-28.083097	-0.042939	-2.073557	-27.679003	1.162385	-0.840511	-28.134385	-0.045975	-2.053116	-28.176930	0.971819	-1.198920	-28.181625	0.962462	-1.206903	-27.802129	0.947809	-1.195063	-27.832714	0.985876	-1.235517	-28.161318	0.435966	-1.199738	-27.848090	0.465100	-1.229520	-28.195512	-0.053933	-1.155745	-28.160037	-0.040941	-1.252757	-27.796278	-0.035959	-1.159282	-27.821351	-0.054308	-1.224287
2816	39.110046	00:00:39:08	-28.007720	1.710810	-1.265895	-27.918232	1.637976	-1.117253	-28.065781	1.654406	-1.111112	-28.013875	1.584018	-1.275848	-27.975030	1.547030	-1.200024	-28.147900	1.581389	-1.235162	-27.850989	1.555551	-1.264348	-27.926626	1.349824	-1.022060	-27.955598	0.775600	-1.665672	-27.705467	1.209633	-0.886658	-28.091096	-0.073547	-2.086735	-27.705821	1.159715	-0.877838	-28.101428	-0.036662	-2.056997	-27.701353	1.168298	-0.858475	-28.077401	-0.034506	-2.065168	-28.180905	0.966002	-1.171660	-28.151592	0.999402	-1.228696	-27.825569	0.942096	-1.201239	-27.818161	1.000564	-1.276390	-28.177745	0.463303	-1.209471	-27.830195	0.449046	-1.216143	-28.163521	-0.060164	-1.191952	-28.187976	-0.059734	-1.236790	-27.844716	-0.058611	-1.190329	-27.790919	-0.041866	-1.263685
2817	39.123939	00:00:39:09	-27.998842	1.693506	-1.215205	-27.933767	1.646386	-1.121215	-28.084233	1.649709	-1.126989	-27.981300	1.573388	-1.234156	-28.018187	1.538583	-1.207305	-28.164698	1.546990	-1.257714	-27.846104	1.572222	-1.253367	-27.928177	1.346551	-1.055051	-27.975771	0.775640	-1.652864	-27.664309	1.159398	-0.846141	-28.093207	-0.050873	-2.044584	-27.669359	1.217924	-0.852280	-28.084347	-0.042492	-2.046811	-27.683252	1.192912	-0.859494	-28.100679	-0.052466	-2.036434	-28.160074	0.955862	-1.213890	-28.190791	0.988401	-1.252719	-27.824926	0.973242	-1.183429	-27.817847	1.022567	-1.236462	-28.203641	0.449669	-1.202587	-27.804948	0.480051	-1.208211	-28.172533	-0.080163	-1.161430	-28.186280	-0.036693	-1.218461	-27.804464	-0.069366	-1.186272	-27.807435	-0.094073	-1.214743
2818	39.137833	00:00:39:10	-28.000612	1.694768	-1.246433	-27.936609	1.630367	-1.119501	-28.069851	1.662457	-1.144828	-27.997794	1.530346	-1.222373	-28.025882	1.543650	-1.176361	-28.149627	1.548236	-1.232000	-27.855946	1.563432	-1.213731	-27.917678	1.373102	-1.037741	-27.965823	0.777795	-1.655408	-27.693511	1.154461	-0.877110	-28.084036	-0.059359	-2.071584	-27.700526	1.159279	-0.827920	-28.086817	-0.055974	-2.061808	-27.693217	1.191731	-0.859359	-28.101651	-0.072216	-2.072612	-28.163368	0.943041	-1.178884	-28.144869	0.999045	-1.246310	-27.805874	0.951796	-1.181171	-27.846429	0.981067	-1.258382	-28.189436	0.448067	-1.198659	-27.826796	0.436023	-1.200778	-28.172452	-0.085448	-1.142041	-28.153171	-0.016054	-1.230673	-27.786772	-0.061237	-1.166780	-27.821374	-0.039325	-1.227198
2819	39.151726	00:00:39:11	-28.015166	1.679610	-1.247765	-27.949301	1.630262	-1.137332	-28.053202	1.632409	-1.154645	-27.995657	1.551514	-1.245134	-28.003753	1.570792	-1.195315	-28.181960	1.570342	-1.232510	-27.839826	1.562809	-1.232943	-27.942824	1.399636	-1.024734	-27.937544	0.760444	-1.664399	-27.695285	1.193734	-0.847668	-28.113956	-0.046474	-2.080004	-27.716767	1.201824	-0.843525	-28.057568	-0.044844	-2.080891	-27.661371	1.150243	-0.852401	-28.099793	-0.046881	-2.059413	-28.160486	0.972348	-1.187666	-28.151964	0.973557	-1.254284	-27.822913	0.933680	-1.172781	-27.838869	1.007311	-1.271435	-28.193436	0.461428	-1.200962	-27.851559	0.443254	-1.211433	-28.197334	-0.064970	-1.164787	-28.186164	-0.024784	-1.229633	-27.824666	-0.068069	-1.178586	-27.827519	-0.056912	-1.232595
2820	39.165620	00:00:39:12	-28.002349	1.703515	-1.263526	-27.923891	1.624002	-1.103458	-28.062623	1.637437	-1.125739	-28.009760	1.579672	-1.248934	-28.038507	1.523887	-1.218080	-28.167133	1.599353	-1.214640	-27.852604	1.553662	-1.242039	-27.908112	1.366564	-1.057074	-27.957472	0.763985	-1.652906	-27.716026	1.195528	-0.849339	-28.062220	-0.028686	-2.059047	-27.697955	1.178697	-0.880902	-28.120704	-0.046146	-2.072855	-27.688967	1.174777	-0.867020	-28.083182	-0.027415	-2.029650	-28.163479	0.930973	-1.193050	-28.171722	0.993905	-1.235441	-27.813554	0.934307	-1.181345	-27.828327	0.987112	-1.260906	-28.176244	0.481114	-1.237351	-27.835561	0.439096	-1.188190	-28.175862	-0.069627	-1.145571	-28.177260	-0.064138	-1.215015	-27.795637	-0.049504	-1.165357	-27.839831	-0.042418	-1.231680
2821	39.179513	00:00:39:13	-27.987851	1.678749	-1.243173	-27.947830	1.616970	-1.105603	-28.050249	1.608276	-1.139811	-28.001400	1.533581	-1.240026	-28.007337	1.555718	-1.191762	-28.122691	1.571084	-1.243302	-27.861305	1.578159	-1.254858	-27.928060	1.368441	-1.043668	-27.938378	0.771459	-1.663602	-27.712643	1.157302	-0.873184	-28.106566	-0.073920	-2.055562	-27.679610	1.150959	-0.861808	-28.129426	-0.028324	-2.067525	-27.708730	1.179429	-0.863415	-28.111673	-0.058245	-2.046686	-28.194007	0.937768	-1.198443	-28.163071	0.986416	-1.246380	-27.806668	0.965068	-1.218273	-27.793472	1.014089	-1.257030	-28.178184	0.455218	-1.232890	-27.807537	0.469763	-1.225255	-28.211575	-0.090922	-1.179568	-28.162319	-0.045824	-1.229783	-27.818616	-0.070462	-1.202246	-27.822368	-0.060064	-1.260606
2822	39.193407	00:00:39:14	-27.999855	1.697442	-1.255118	-27.912050	1.654370	-1.126711	-28.053590	1.601599	-1.148162	-27.975796	1.557983	-1.248928	-28.008153	1.535676	-1.210696	-28.165586	1.531991	-1.250847	-27.844810	1.566890	-1.224516	-27.945662	1.387990	-1.025331	-27.974133	0.755026	-1.666638	-27.677210	1.177261	-0.858009	-28.084548	-0.023512	-2.082086	-27.685874	1.182883	-0.885528	-28.098461	-0.059029	-2.055899	-27.690637	1.180903	-0.837366	-28.091108	-0.061974	-2.077209	-28.172429	0.996514	-1.183261	-28.202048	1.006527	-1.227186	-27.818793	0.976019	-1.204552	-27.837821	0.957290	-1.251189	-28.197923	0.475827	-1.176635	-27.800140	0.447600	-1.197977	-28.155554	-0.095506	-1.176296	-28.170726	-0.040697	-1.223922	-27.812194	-0.070694	-1.159740	-27.849215	-0.078075	-1.237682
2823	39.207300	00:00:39:15	-27.989304	1.688461	-1.224017	-27.925310	1.647146	-1.119267	-28.055719	1.589958	-1.111742	-28.003974	1.550652	-1.248714	-27.981260	1.543176	-1.204937	-28.180289	1.575080	-1.196247	-27.863404	1.578551	-1.239186	-27.942454	1.354338	-1.046849	-27.961493	0.772291	-1.648111	-27.719788	1.172041	-0.862125	-28.081725	-0.057473	-2.047955	-27.665830	1.182933	-0.836515	-28.152004	-0.041980	-2.051740	-27.716165	1.194256	-0.875223	-28.077622	-0.070176	-2.087453	-28.176541	0.957964	-1.168283	-28.173351	0.995796	-1.220781	-27.840388	0.955877	-1.203886	-27.823103	1.002997	-1.244171	-28.181648	0.441421	-1.173462	-27.833478	0.431923	-1.182846	-28.161459	-0.062247	-1.193136	-28.169727	-0.052029	-1.251554	-27.840036	-0.070377	-1.198485	-27.819068	-0.048824	-1.229373
2824	39.221194	00:00:39:16	-28.002206	1.684309	-1.234481	-27.953225	1.634827	-1.134142	-28.055638	1.653460	-1.166393	-27.999037	1.579285	-1.202372	-28.038721	1.555099	-1.180009	-28.125857	1.555904	-1.229374	-27.858511	1.584805	-1.213677	-27.904076	1.381133	-1.079986	-27.993301	0.754001	-1.641282	-27.682121	1.165885	-0.854288	-28.080828	-0.049489	-2.055868	-27.695139	1.183902	-0.874855	-28.098838	-0.018523	-2.055475	-27.705872	1.183774	-0.852736	-28.084627	-0.064336	-2.034218	-28.184139	0.975185	-1.222362	-28.182964	0.987170	-1.236328	-27.847174	0.972634	-1.169719	-27.815670	0.972906	-1.277866	-28.204076	0.448842	-1.209191	-27.811773	0.475357	-1.206708	-28.160284	-0.020846	-1.119148	-28.176468	-0.038910	-1.214526	-27.837275	-0.077031	-1.201473	-27.804946	-0.053100	-1.240112
2825	39.235087	00:00:39:17	-28.017500	1.680684	-1.220439	-27.935223	1.647426	-1.114437	-28.073015	1.612194	-1.136293	-28.022701	1.528207	-1.249282	-27.991785	1.562120	-1.251234	-28.159191	1.570914	-1.257484	-27.824363	1.566015	-1.240936	-27.929756	1.342247	-1.038304	-27.967432	0.721399	-1.639301	-27.695698	1.167687	-0.844774	-28.099012	-0.043343	-2.075866	-27.691195	1.171730	-0.846744	-28.065960	-0.050459	-2.055825	-27.714953	1.174752	-0.865721	-28.101062	-0.068753	-2.028010	-28.183123	0.962627	-1.170785	-28.155390	0.997366	-1.228306	-27.820802	0.977349	-1.190377	-27.814509	1.013312	-1.239987	-28.185148	0.448962	-1.150526	-27.812257	0.448670	-1.204475	-28.161026	-0.077389	-1.186258	-28.218173	-0.026051	-1.176802	-27.807836	-0.052272	-1.174974	-27.824603	-0.045115	-1.216407
2826	39.248980	00:00:39:18	-28.001217	1.665565	-1.259187	-27.914620	1.638643	-1.121502	-28.050085	1.652402	-1.149501	-28.016990	1.572112	-1.233841	-28.007776	1.560524	-1.211799	-28.156868	1.597395	-1.213674	-27.848527	1.560390	-1.246096	-27.929086	1.345897	-1.074480	-27.951328	0.733530	-1.657226	-27.692132	1.171381	-0.857672	-28.111152	-0.042267	-2.052424	-27.697566	1.162768	-0.855773	-28.088897	-0.053197	-2.069029	-27.697946	1.179343	-0.850181	-28.108577	-0.050785	-2.062090	-28.199642	0.942743	-1.213460	-28.184748	0.986277	-1.239784	-27.802947	0.980264	-1.164815	-27.833011	0.972124	-1.253088	-28.184199	0.436525	-1.203690	-27.821154	0.467017	-1.236768	-28.154482	-0.070239	-1.186151	-28.187466	-0.063690	-1.218036	-27.833072	-0.068441	-1.149765	-27.826014	-0.074051	-1.263435
2827	39.262874	00:00:39:19	-28.009418	1.680299	-1.249015	-27.962073	1.612232	-1.137849	-28.055506	1.628969	-1.109100	-27.979840	1.578056	-1.247232	-28.012572	1.525621	-1.200036	-28.190553	1.570101	-1.216417	-27.852082	1.565044	-1.277543	-27.962713	1.374499	-1.035998	-27.992870	0.754819	-1.672725	-27.667801	1.163881	-0.864256	-28.106936	-0.038458	-2.096707	-27.720925	1.164220	-0.803864	-28.103806	-0.051664	-2.013939	-27.664541	1.176730	-0.848068	-28.073883	-0.040210	-2.049907	-28.156714	0.944857	-1.190301	-28.178018	0.966965	-1.209873	-27.848159	0.943686	-1.214749	-27.810564	1.013681	-1.241482	-28.155372	0.448321	-1.177919	-27.812572	0.432450	-1.192818	-28.171153	-0.098100	-1.176457	-28.194604	-0.049893	-1.257009	-27.815603	-0.065946	-1.163617	-27.828018	-0.048829	-1.243668
2828	39.276767	00:00:39:20	-27.989860	1.683071	-1.253514	-27.909481	1.635325	-1.140160	-28.085834	1.636173	-1.097044	-28.003475	1.552569	-1.231054	-28.019803	1.536498	-1.196717	-28.151635	1.590128	-1.216527	-27.829820	1.538659	-1.255571	-27.890825	1.383617	-1.035103	-27.964001	0.760960	-1.651812	-27.707813	1.178633	-0.861193	-28.075736	-0.034076	-2.029846	-27.699501	1.167970	-0.848291	-28.077183	-0.060314	-2.091138	-27.695368	1.126406	-0.844493	-28.094642	-0.063732	-2.086700	-28.183071	0.976234	-1.185948	-28.196765	0.955694	-1.244402	-27.822622	0.963724	-1.197241	-27.819066	0.989662	-1.251930	-28.150159	0.468433	-1.203592	-27.850126	0.476275	-1.217981	-28.184639	-0.047949	-1.170127	-28.201036	-0.031063	-1.257872	-27.836606	-0.096720	-1.161905	-27.780280	-0.037860	-1.254651
2829	39.290661	00:00:39:21	-27.999713	1.741700	-1.223178	-27.944867	1.651772	-1.127476	-28.035115	1.619358	-1.127803	-28.008025	1.554936	-1.245246	-27.987371	1.522788	-1.228924	-28.161403	1.551899	-1.240508	-27.842004	1.551815	-1.236840	-27.923167	1.348384	-1.037341	-27.961176	0.732648	-1.670042	-27.709222	1.187692	-0.822974	-28.091714	-0.013879	-2.061926	-27.690176	1.184538	-0.852873	-28.098881	-0.045053	-2.047814	-27.668243	1.138515	-0.860513	-28.100437	-0.041041	-2.074586	-28.182379	0.974094	-1.213222	-28.191781	0.972320	-1.257470	-27.818469	0.940877	-1.183213	-27.847347	0.991891	-1.233286	-28.200382	0.444188	-1.217051	-27.803309	0.459574	-1.183529	-28.158737	-0.096797	-1.153009	-28.163436	-0.026307	-1.203691	-27.804127	-0.062805	-1.193924	-27.802032	-0.051007	-1.249706
2830	39.304554	00:00:39:22	-28.026949	1.697470	-1.242907	-27.946946	1.624878	-1.119037	-28.072518	1.627076	-1.117550	-27.990484	1.558426	-1.243064	-28.019177	1.533679	-1.191021	-28.147343	1.548208	-1.254397	-27.836630	1.569362	-1.285555	-27.963046	1.402258	-1.052753	-27.963905	0.766408	-1.643139	-27.709425	1.187504	-0.824552	-28.118774	-0.027860	-2.047595	-27.676020	1.182315	-0.852833	-28.078624	0.002985	-2.082614	-27.678927	1.150808	-0.835278	-28.089012	-0.059114	-2.080043	-28.210995	0.960406	-1.176990	-28.182625	0.976288	-1.232932	-27.801572	0.943879	-1.193662	-27.829893	0.978210	-1.241871	-28.181625	0.446701	-1.209441	-27.828489	0.479049	-1.225072	-28.213350	-0.105331	-1.158161	-28.177643	-0.045187	-1.242101	-27.842399	-0.044081	-1.189295	-27.831563	-0.064457	-1.233560
2831	39.318448	00:00:39:23	-28.009939	1.690327	-1.247998	-27.951642	1.633539	-1.104986	-28.089346	1.651869	-1.144694	-28.002433	1.541570	-1.239161	-27.989277	1.570195	-1.212967	-28.129928	1.576793	-1.257783	-27.832019	1.556654	-1.247760	-27.906615	1.362757	-1.079144	-27.996642	0.770025	-1.642000	-27.687206	1.185693	-0.865725	-28.100284	-0.046967	-2.090841	-27.699216	1.203719	-0.896592	-28.074083	-0.043186	-2.086467	-27.644527	1.192220	-0.813070	-28.114268	-0.069594	-2.058824	-28.177793	0.947480	-1.195865	-28.157354	1.010123	-1.248757	-27.824931	0.954123	-1.221014	-27.835327	1.007046	-1.217007	-28.191814	0.447361	-1.188049	-27.820889	0.451727	-1.230201	-28.141494	-0.048063	-1.169041	-28.209771	-0.052372	-1.248479	-27.786548	-0.071251	-1.182015	-27.812048	-0.069419	-1.224647
2832	39.332341	00:00:39:24	-27.985167	1.667228	-1.227462	-27.941009	1.606005	-1.116918	-28.058990	1.613995	-1.104855	-27.950617	1.562903	-1.245798	-28.009680	1.536459	-1.193577	-28.167448	1.549714	-1.216921	-27.874296	1.568153	-1.233971	-27.924730	1.366490	-1.041342	-27.979705	0.770743	-1.646683	-27.693630	1.172869	-0.870041	-28.081657	-0.041014	-2.082161	-27.703491	1.173738	-0.823367	-28.070810	-0.043445	-2.051134	-27.708505	1.168830	-0.830785	-28.087229	-0.049594	-2.044562	-28.195139	0.955435	-1.197481	-28.182032	0.982811	-1.219333	-27.838787	0.945589	-1.207553	-27.817086	0.990070	-1.273610	-28.163785	0.448213	-1.167899	-27.838508	0.497764	-1.218426	-28.184369	-0.064930	-1.183311	-28.181028	-0.060324	-1.235979	-27.812643	-0.080375	-1.187054	-27.803178	-0.016447	-1.223543
2833	39.346235	00:00:39:25	-27.986077	1.693609	-1.240707	-27.983575	1.630480	-1.101829	-28.045014	1.627335	-1.123281	-28.010780	1.543280	-1.253563	-27.995369	1.529700	-1.190423	-28.175713	1.552176	-1.237615	-27.827030	1.528917	-1.232978	-27.947297	1.367092	-1.037061	-27.965281	0.775923	-1.651417	-27.686134	1.174774	-0.850035	-28.121159	-0.039378	-2.056715	-27.691541	1.185942	-0.857987	-28.091236	-0.051886	-2.072540	-27.655548	1.154860	-0.853502	-28.084160	-0.045532	-2.078834	-28.165170	0.971002	-1.202143	-28.159923	0.958948	-1.243960	-27.829427	0.973736	-1.175900	-27.819480	0.990447	-1.228732	-28.194018	0.456263	-1.196267	-27.839302	0.434375	-1.209137	-28.174267	-0.066819	-1.166285	-28.200050	-0.048585	-1.221846	-27.823499	-0.062491	-1.163728	-27.827343	-0.044674	-1.203392
2834	39.360128	00:00:39:26	-27.987456	1.657009	-1.212706	-27.947109	1.627889	-1.131248	-28.026064	1.621891	-1.134505	-27.987474	1.585355	-1.209032	-28.009551	1.550149	-1.218941	-28.127115	1.522075	-1.223301	-27.849265	1.553939	-1.268540	-27.911531	1.385389	-1.027357	-27.966662	0.744810	-1.646061	-27.705243	1.193048	-0.845691	-28.086003	-0.036797	-2.084462	-27.691719	1.167297	-0.849977	-28.090769	-0.054588	-2.074571	-27.694856	1.207047	-0.845385	-28.084288	-0.075706	-2.022031	-28.172155	1.005164	-1.169975	-28.153990	0.997825	-1.250311	-27.816543	0.973585	-1.202828	-27.825058	0.978688	-1.261791	-28.157701	0.480738	-1.212697	-27.831569	0.464494	-1.221316	-28.192793	-0.071204	-1.175211	-28.174992	-0.011303	-1.224204	-27.828521	-0.054131	-1.200169	-27.809325	-0.007320	-1.262751
2835	39.374021	00:00:39:27	-28.017531	1.670117	-1.246447	-27.955135	1.610598	-1.124072	-28.073397	1.604491	-1.118074	-28.010120	1.571116	-1.239482	-27.989457	1.530027	-1.206707	-28.145615	1.568761	-1.228165	-27.835919	1.605947	-1.252570	-27.945940	1.383460	-1.067985	-27.982756	0.798027	-1.685376	-27.700372	1.180875	-0.856617	-28.086310	-0.052602	-2.101110	-27.747843	1.166522	-0.832905	-28.095023	-0.046959	-2.052589	-27.671417	1.149029	-0.853232	-28.099969	-0.075209	-2.051964	-28.162148	0.957573	-1.210693	-28.172926	1.019337	-1.245967	-27.795140	0.982380	-1.185668	-27.815209	1.010361	-1.271460	-28.156011	0.458914	-1.206520	-27.830480	0.462685	-1.192964	-28.174608	-0.046625	-1.169824	-28.190374	-0.043128	-1.215464	-27.818669	-0.059739	-1.163466	-27.847065	-0.051734	-1.238893
2836	39.387915	00:00:39:28	-28.018501	1.696082	-1.209781	-27.963212	1.662971	-1.117871	-28.047689	1.637141	-1.108946	-28.018960	1.546188	-1.224668	-28.022430	1.523782	-1.193735	-28.176802	1.561469	-1.239722	-27.849332	1.526694	-1.254515	-27.931488	1.346254	-1.055045	-27.975855	0.754652	-1.666132	-27.718704	1.193220	-0.832477	-28.077526	-0.029959	-2.053764	-27.656264	1.172405	-0.829597	-28.095751	-0.048985	-2.061317	-27.682043	1.183773	-0.839653	-28.063139	-0.073388	-2.029473	-28.152375	0.937679	-1.179622	-28.164202	0.956244	-1.279435	-27.819247	0.958465	-1.177958	-27.845229	0.979188	-1.260791	-28.184825	0.443118	-1.222048	-27.821005	0.435121	-1.217664	-28.176457	-0.060876	-1.172285	-28.211434	-0.042857	-1.217956	-27.851328	-0.066069	-1.163525	-27.833672	-0.062503	-1.222016
2837	39.401808	00:00:39:29	-28.000361	1.682017	-1.237970	-27.910654	1.647522	-1.141100	-28.074785	1.626776	-1.139534	-27.982005	1.549952	-1.247038	-28.000523	1.546127	-1.209534	-28.149451	1.573451	-1.216919	-27.872604	1.551461	-1.258774	-27.907220	1.385723	-1.052219	-27.989266	0.780776	-1.651171	-27.697795	1.219762	-0.866525	-28.090484	-0.051031	-2.071908	-27.695099	1.206612	-0.837660	-28.074579	-0.027163	-2.052721	-27.695903	1.141857	-0.841557	-28.072542	-0.023869	-2.064950	-28.183494	0.932648	-1.197629	-28.208732	1.007411	-1.284073	-27.838313	0.955810	-1.205811	-27.810704	1.020224	-1.248406	-28.159836	0.477153	-1.252321	-27.802761	0.457171	-1.222576	-28.149273	-0.063983	-1.159522	-28.173842	-0.041662	-1.247045	-27.772015	-0.084057	-1.191853	-27.799018	-0.054410	-1.224922
2838	39.415702	00:00:39:30	-28.000287	1.704646	-1.250715	-27.933682	1.640530	-1.134417	-28.075964	1.606293	-1.102119	-27.980456	1.576095	-1.233574	-27.983233	1.560297	-1.190353	-28.143955	1.547949	-1.252268	-27.852760	1.545789	-1.256886	-27.912142	1.360895	-1.051219	-27.974556	0.740643	-1.693916	-27.686544	1.164246	-0.838044	-28.082508	-0.066464	-2.062368	-27.694227	1.170318	-0.880253	-28.096977	-0.055563	-2.054176	-27.676353	1.148293	-0.871829	-28.110995	-0.029963	-2.047422	-28.190936	0.935957	-1.167040	-28.200105	0.997831	-1.217901	-27.794632	0.984726	-1.218482	-27.848650	0.980877	-1.251906	-28.220032	0.442929	-1.207934	-27.791282	0.465114	-1.233155	-28.202816	-0.057800	-1.183169	-28.201100	-0.034363	-1.200341	-27.841968	-0.057533	-1.150122	-27.860946	0.002591	-1.215308
2839	39.429595	00:00:39:31	-28.007786	1.700494	-1.229704	-27.900668	1.641343	-1.152061	-28.076838	1.625042	-1.124270	-27.997259	1.548521	-1.265616	-27.990778	1.518889	-1.215006	-28.165736	1.559145	-1.225397	-27.878793	1.562951	-1.242179	-27.942988	1.388202	-1.042795	-28.007797	0.763697	-1.631904	-27.695456	1.208398	-0.844630	-28.101647	-0.067509	-2.054622	-27.687117	1.159161	-0.829418	-28.092588	-0.037085	-2.055406	-27.678529	1.180005	-0.837214	-28.086661	-0.042743	-2.028241	-28.148567	0.933107	-1.174908	-28.184114	0.996440	-1.264121	-27.851018	1.000720	-1.193481	-27.850487	0.977584	-1.241587	-28.201778	0.467643	-1.197714	-27.822140	0.439547	-1.191483	-28.142255	-0.051421	-1.167655	-28.176211	-0.026413	-1.218919	-27.798751	-0.075487	-1.163227	-27.806922	-0.023249	-1.221776
2840	39.443489	00:00:39:32	-27.973364	1.682663	-1.253709	-27.938480	1.637827	-1.110523	-28.058530	1.625086	-1.116057	-27.986407	1.560491	-1.217745	-28.002738	1.543577	-1.198095	-28.138283	1.544819	-1.212072	-27.842488	1.555370	-1.217210	-27.902047	1.357755	-1.022813	-27.977592	0.723736	-1.672252	-27.711075	1.170594	-0.834743	-28.074764	-0.033152	-2.035893	-27.714656	1.172429	-0.829965	-28.126597	-0.037836	-2.055811	-27.707898	1.162277	-0.855725	-28.090808	-0.052533	-2.060501	-28.178553	0.937224	-1.153868	-28.189998	0.971014	-1.267293	-27.830270	0.998010	-1.168755	-27.832805	0.975553	-1.244600	-28.193674	0.452555	-1.200050	-27.827688	0.454947	-1.204604	-28.185557	-0.060377	-1.190302	-28.156042	-0.032610	-1.231151	-27.816015	-0.054987	-1.205361	-27.850872	-0.051093	-1.209728
2841	39.457382	00:00:39:33	-28.012120	1.691120	-1.229759	-27.916727	1.622456	-1.146120	-28.074150	1.600759	-1.109792	-27.997338	1.568427	-1.242910	-28.019713	1.562132	-1.210665	-28.153058	1.564174	-1.256415	-27.824250	1.568098	-1.286912	-27.926183	1.344082	-0.994660	-27.950114	0.779956	-1.622013	-27.707716	1.144200	-0.844848	-28.105021	-0.026610	-2.059888	-27.733611	1.166002	-0.825627	-28.093029	-0.040892	-2.099354	-27.683759	1.156187	-0.843037	-28.084845	-0.057483	-2.064135	-28.192441	0.958615	-1.146076	-28.181430	0.985211	-1.268799	-27.843456	0.963489	-1.189456	-27.820062	0.979927	-1.223369	-28.166652	0.473687	-1.210925	-27.832410	0.450137	-1.194516	-28.188989	-0.076443	-1.177443	-28.222871	-0.031703	-1.229425	-27.814490	-0.052945	-1.177060	-27.827143	-0.051179	-1.265191
2842	39.471276	00:00:39:34	-27.998625	1.683745	-1.262562	-27.933131	1.675990	-1.121025	-28.052897	1.626068	-1.152425	-27.973409	1.482683	-1.227375	-28.004529	1.554981	-1.226525	-28.145649	1.557737	-1.234009	-27.878950	1.558528	-1.240610	-27.902315	1.373072	-1.006096	-27.964267	0.767672	-1.628006	-27.674862	1.193398	-0.812238	-28.061343	-0.030714	-2.076595	-27.690539	1.156458	-0.857946	-28.089764	-0.047889	-2.068850	-27.718524	1.179836	-0.828122	-28.106591	-0.041320	-2.076514	-28.193918	0.957458	-1.187206	-28.156795	0.997460	-1.237199	-27.850202	0.933362	-1.193026	-27.827010	1.040243	-1.227157	-28.195200	0.461666	-1.213960	-27.836161	0.455216	-1.237549	-28.192864	-0.046434	-1.169316	-28.157810	-0.030553	-1.220878	-27.812827	-0.053056	-1.177813	-27.832447	-0.012041	-1.218636
2843	39.485169	00:00:39:35	-27.992617	1.656961	-1.239240	-27.942021	1.625853	-1.113427	-28.070414	1.616945	-1.133488	-28.005902	1.585243	-1.241320	-28.002817	1.530875	-1.187478	-28.178215	1.578626	-1.243562	-27.836868	1.562840	-1.261593	-27.916484	1.384673	-1.031778	-27.986552	0.791647	-1.653348	-27.676429	1.187035	-0.832664	-28.110857	-0.020791	-2.064963	-27.660901	1.137733	-0.830603	-28.071504	-0.043114	-2.059139	-27.719505	1.160415	-0.848426	-28.060953	-0.036989	-2.029553	-28.168618	0.944949	-1.217083	-28.172096	1.012720	-1.232202	-27.815997	0.976937	-1.189515	-27.816389	0.996909	-1.239015	-28.206926	0.452115	-1.227767	-27.825498	0.469216	-1.215542	-28.228164	-0.076668	-1.199443	-28.191339	-0.036062	-1.218712	-27.801768	-0.064093	-1.194357	-27.807440	-0.024641	-1.227746
2844	39.499062	00:00:39:36	-27.988081	1.692837	-1.251488	-27.928273	1.637836	-1.155377	-28.071980	1.643241	-1.126586	-28.014261	1.545270	-1.227378	-28.002665	1.542392	-1.222969	-28.141080	1.587789	-1.252532	-27.835027	1.553848	-1.263125	-27.915626	1.367141	-1.059498	-27.961689	0.726539	-1.676722	-27.704206	1.153497	-0.856612	-28.086039	-0.040961	-2.099317	-27.732542	1.188304	-0.846406	-28.079854	-0.023347	-2.070106	-27.750893	1.159884	-0.813890	-28.089412	-0.043973	-2.054808	-28.135075	0.963252	-1.175896	-28.192338	0.993246	-1.215225	-27.836321	0.996870	-1.197092	-27.822610	1.013480	-1.242025	-28.164785	0.452010	-1.200329	-27.831484	0.521467	-1.185561	-28.185957	-0.068700	-1.176738	-28.162275	-0.062701	-1.222902	-27.826154	-0.096330	-1.187095	-27.826186	-0.030660	-1.216473
2845	39.512956	00:00:39:37	-27.987624	1.669738	-1.259005	-27.932570	1.624264	-1.142032	-28.054684	1.623550	-1.123470	-27.993980	1.544920	-1.215198	-28.003052	1.573623	-1.194005	-28.185967	1.577733	-1.250103	-27.855329	1.566007	-1.264163	-27.911281	1.374790	-1.026219	-27.941454	0.762019	-1.639184	-27.708947	1.166793	-0.854851	-28.094371	-0.066719	-2.069444	-27.683784	1.163897	-0.858116	-28.094657	-0.031796	-2.033036	-27.671212	1.188381	-0.842620	-28.123449	-0.044951	-2.066034	-28.171834	0.964454	-1.170235	-28.184759	1.006192	-1.258232	-27.835002	0.965213	-1.201096	-27.827802	0.996199	-1.243764	-28.178962	0.469082	-1.219076	-27.779901	0.465123	-1.206547	-28.198701	-0.084489	-1.198131	-28.180433	-0.016725	-1.225823	-27.820153	-0.074746	-1.166050	-27.816595	-0.051030	-1.196580
2846	39.526849	00:00:39:38	-27.979871	1.660740	-1.225646	-27.919670	1.649369	-1.126592	-28.072414	1.612734	-1.116572	-28.004707	1.566785	-1.236035	-27.971243	1.549010	-1.184186	-28.142538	1.562737	-1.283049	-27.839345	1.579335	-1.251239	-27.933040	1.392732	-1.050503	-27.971797	0.765129	-1.645084	-27.693832	1.146854	-0.831193	-28.096740	-0.065540	-2.025306	-27.694317	1.142019	-0.819561	-28.121412	-0.051061	-2.096668	-27.687402	1.177222	-0.879216	-28.055251	-0.077507	-2.074334	-28.170387	0.974476	-1.193133	-28.175099	0.959599	-1.275812	-27.811737	0.959614	-1.173321	-27.838883	0.998105	-1.248057	-28.201378	0.469369	-1.211027	-27.824490	0.448294	-1.213197	-28.178817	-0.085519	-1.158051	-28.174842	-0.034487	-1.216769	-27.835767	-0.057955	-1.164543	-27.826038	-0.054372	-1.223184
2847	39.540743	00:00:39:39	-27.995873	1.695784	-1.224499	-27.926093	1.601787	-1.153042	-28.047695	1.593818	-1.106420	-27.987575	1.551263	-1.244553	-28.010858	1.549898	-1.197180	-28.151629	1.569683	-1.236208	-27.832693	1.556917	-1.231003	-27.953712	1.369868	-1.053741	-27.947202	0.757521	-1.652791	-27.684504	1.173843	-0.826948	-28.096329	-0.006107	-2.075679	-27.692477	1.160879	-0.874849	-28.092889	-0.061272	-2.032412	-27.686573	1.154075	-0.864901	-28.085501	-0.000521	-2.046567	-28.153053	0.974697	-1.179912	-28.158711	0.976466	-1.229800	-27.830569	0.965489	-1.191147	-27.829112	0.962408	-1.266870	-28.173963	0.448159	-1.201684	-27.804466	0.460558	-1.219068	-28.181846	-0.077372	-1.129250	-28.190487	-0.032783	-1.235941	-27.780635	-0.067107	-1.195781	-27.811655	-0.071818	-1.203542
2848	39.554636	00:00:39:40	-28.013276	1.691713	-1.220408	-27.903818	1.621118	-1.138932	-28.051565	1.647126	-1.107593	-28.007794	1.532493	-1.243358	-27.994248	1.540268	-1.203761	-28.168435	1.544806	-1.242589	-27.854989	1.578488	-1.275980	-27.949038	1.358242	-1.053256	-27.972797	0.799999	-1.625649	-27.694689	1.159262	-0.849969	-28.093846	-0.044098	-2.080214	-27.687361	1.184530	-0.846504	-28.077749	-0.059436	-2.052523	-27.711137	1.171127	-0.831828	-28.093119	-0.062155	-2.098188	-28.151320	0.966790	-1.191193	-28.161779	1.008185	-1.232157	-27.851455	0.972295	-1.172480	-27.843447	1.004026	-1.241270	-28.163937	0.456574	-1.223824	-27.828482	0.468004	-1.219038	-28.196164	-0.099735	-1.191495	-28.182678	-0.034075	-1.229149	-27.837213	-0.042910	-1.188620	-27.813062	-0.050214	-1.214989
2849	39.568530	00:00:39:41	-27.998906	1.706870	-1.225705	-27.948528	1.639712	-1.144716	-28.068231	1.616785	-1.127349	-28.015842	1.554194	-1.222829	-27.990093	1.575395	-1.209496	-28.153697	1.531665	-1.271017	-27.847684	1.572590	-1.233669	-27.933032	1.359854	-1.068420	-27.975646	0.779523	-1.651310	-27.702315	1.208101	-0.846794	-28.107819	-0.038330	-2.040789	-27.700401	1.166793	-0.832577	-28.075658	-0.060665	-2.066580	-27.731375	1.162117	-0.859446	-28.097563	-0.029707	-2.025521	-28.176780	0.948781	-1.216441	-28.191157	0.999135	-1.220939	-27.808237	0.964549	-1.213961	-27.815295	0.963643	-1.250121	-28.193021	0.463179	-1.172066	-27.800300	0.451159	-1.223261	-28.139081	-0.055773	-1.168758	-28.203642	-0.044851	-1.235735	-27.837415	-0.056160	-1.158894	-27.796090	-0.090362	-1.217642
2850	39.582423	00:00:39:42	-27.986122	1.663002	-1.253544	-27.952530	1.635183	-1.122742	-28.102341	1.622962	-1.110020	-27.991960	1.569738	-1.232140	-28.002795	1.532050	-1.213868	-28.163142	1.552738	-1.278075	-27.836819	1.563753	-1.232721	-27.920531	1.366184	-1.034529	-27.993757	0.746535	-1.658631	-27.696675	1.171618	-0.833425	-28.105755	-0.040157	-2.079435	-27.715807	1.182937	-0.869657	-28.108638	-0.030228	-2.069579	-27.676710	1.185030	-0.833118	-28.095476	-0.025998	-2.079734	-28.159657	0.932758	-1.203311	-28.182998	0.984629	-1.227854	-27.813756	0.940878	-1.161838	-27.834263	0.988539	-1.233279	-28.181595	0.443026	-1.219299	-27.832085	0.475618	-1.218547	-28.162956	-0.056046	-1.153689	-28.191228	-0.040536	-1.207186	-27.833562	-0.073484	-1.181997	-27.836433	-0.056037	-1.220065
2851	39.596317	00:00:39:43	-27.968830	1.680950	-1.227875	-27.958520	1.663394	-1.143597	-28.084963	1.619298	-1.114286	-27.981608	1.601735	-1.242352	-27.998727	1.546380	-1.161261	-28.141962	1.553262	-1.243118	-27.848656	1.561881	-1.248648	-27.928787	1.339556	-1.051163	-27.986044	0.790802	-1.684157	-27.667373	1.169812	-0.845550	-28.077957	-0.034682	-2.032748	-27.694789	1.164634	-0.850456	-28.117467	-0.019650	-2.042160	-27.718749	1.165415	-0.840038	-28.058470	-0.066830	-2.066688	-28.191989	0.978752	-1.176665	-28.186385	1.020373	-1.261578	-27.817704	0.964582	-1.170473	-27.834240	0.992878	-1.221365	-28.192887	0.470438	-1.211606	-27.835471	0.463260	-1.201114	-28.151043	-0.065941	-1.179814	-28.172292	-0.053252	-1.228746	-27.837582	-0.082258	-1.195748	-27.851860	-0.071760	-1.205170
2852	39.610210	00:00:39:44	-28.022763	1.691927	-1.248570	-27.934394	1.603503	-1.120207	-28.068708	1.643912	-1.105034	-27.980346	1.535726	-1.238371	-27.963926	1.551310	-1.218632	-28.131682	1.552118	-1.234014	-27.872111	1.561267	-1.220817	-27.966591	1.365406	-1.047562	-27.940201	0.761948	-1.642025	-27.697445	1.170850	-0.838693	-28.086687	-0.028684	-2.042067	-27.709028	1.187071	-0.831556	-28.077298	-0.056828	-2.025616	-27.699452	1.208692	-0.836004	-28.089234	-0.079861	-2.093908	-28.191874	0.999441	-1.168310	-28.175698	0.943023	-1.253131	-27.810544	0.969756	-1.182668	-27.839775	0.994684	-1.208009	-28.160838	0.458619	-1.207186	-27.805207	0.478738	-1.225670	-28.191594	-0.076939	-1.186694	-28.209154	-0.031495	-1.237666	-27.826679	-0.065835	-1.179321	-27.816573	-0.026287	-1.237661
2853	39.624103	00:00:39:45	-28.028802	1.685751	-1.222027	-27.953428	1.626393	-1.109401	-28.027570	1.622244	-1.116243	-27.979365	1.587406	-1.252198	-28.003158	1.535939	-1.191150	-28.176231	1.564217	-1.250283	-27.849417	1.574821	-1.236500	-27.937841	1.371581	-1.045478	-27.977233	0.754685	-1.629276	-27.691983	1.170951	-0.857768	-28.112282	-0.057403	-2.047098	-27.703472	1.170033	-0.815663	-28.119399	-0.054715	-2.066634	-27.705461	1.193946	-0.842322	-28.092885	-0.061950	-2.040249	-28.187793	0.917617	-1.198705	-28.170652	1.014910	-1.224432	-27.839309	0.948416	-1.221461	-27.846805	1.028522	-1.235435	-28.187677	0.444693	-1.198796	-27.859116	0.452060	-1.240792	-28.183282	-0.066022	-1.138818	-28.183478	-0.055844	-1.205428	-27.776737	-0.062826	-1.154079	-27.850333	-0.042932	-1.242389
2854	39.637997	00:00:39:46	-27.981155	1.685160	-1.237415	-27.956886	1.603404	-1.105069	-28.069410	1.637794	-1.105709	-28.000615	1.554862	-1.241390	-28.003273	1.524829	-1.211799	-28.168432	1.549380	-1.233697	-27.856830	1.599537	-1.209070	-27.936835	1.357813	-1.023680	-27.992387	0.765947	-1.637947	-27.687251	1.155407	-0.840391	-28.093270	-0.060507	-2.088038	-27.674383	1.169363	-0.832882	-28.097670	-0.046391	-2.065435	-27.721225	1.158040	-0.851499	-28.139877	-0.043902	-2.049563	-28.164009	0.948960	-1.162042	-28.166218	0.978589	-1.248398	-27.813325	0.984938	-1.185417	-27.832755	0.999622	-1.232050	-28.168903	0.490526	-1.220211	-27.852811	0.466835	-1.191481	-28.157487	-0.053547	-1.164762	-28.195431	-0.014694	-1.265240	-27.800236	-0.059150	-1.163081	-27.794578	-0.048699	-1.208674
2855	39.651890	00:00:39:47	-28.016629	1.643450	-1.252035	-27.956985	1.635407	-1.112454	-28.073148	1.611399	-1.117662	-28.033948	1.555156	-1.232991	-28.003893	1.547883	-1.178951	-28.125485	1.592982	-1.264534	-27.857784	1.575376	-1.249178	-27.940169	1.370462	-1.027133	-27.942761	0.755828	-1.636500	-27.712929	1.165911	-0.830579	-28.133383	-0.052852	-2.073803	-27.702908	1.175290	-0.815451	-28.067892	-0.033619	-2.063899	-27.730821	1.149188	-0.803418	-28.081385	-0.027291	-2.075281	-28.182927	0.959881	-1.190112	-28.180268	1.004468	-1.227499	-27.803792	0.982938	-1.183104	-27.819776	0.999823	-1.239908	-28.177744	0.457862	-1.202356	-27.829407	0.472586	-1.204985	-28.171092	-0.070990	-1.190775	-28.171103	-0.021877	-1.241242	-27.848651	-0.072806	-1.142131	-27.843985	-0.045471	-1.221734
2856	39.665784	00:00:39:48	-28.014692	1.663039	-1.239750	-27.922297	1.625145	-1.124669	-28.058594	1.610213	-1.096960	-27.984494	1.541816	-1.235835	-28.020680	1.556147	-1.192463	-28.142571	1.580711	-1.254186	-27.848498	1.607439	-1.248770	-27.897595	1.374747	-1.059709	-27.991458	0.727157	-1.667390	-27.723250	1.195596	-0.816334	-28.107610	-0.033825	-2.078341	-27.701586	1.147687	-0.813508	-28.107116	-0.019564	-2.041887	-27.706574	1.164575	-0.834930	-28.118495	-0.010615	-2.054316	-28.197176	0.943274	-1.181935	-28.196119	0.997006	-1.253314	-27.813224	0.985239	-1.181035	-27.820168	0.956977	-1.218457	-28.144593	0.456802	-1.207858	-27.811350	0.474016	-1.211351	-28.171178	-0.092540	-1.153517	-28.209742	-0.021382	-1.232554	-27.827699	-0.067226	-1.143387	-27.822200	-0.020395	-1.243133
2857	39.679677	00:00:39:49	-27.983926	1.669527	-1.229604	-27.958332	1.622296	-1.092471	-28.047239	1.616505	-1.165020	-28.002985	1.563577	-1.263464	-28.005346	1.548438	-1.224756	-28.119654	1.565225	-1.236447	-27.872788	1.533393	-1.248083	-27.916312	1.367843	-1.025207	-27.987942	0.735994	-1.645813	-27.674184	1.155310	-0.825551	-28.069671	-0.063319	-2.100666	-27.698749	1.160743	-0.824872	-28.068220	-0.015918	-2.074791	-27.698263	1.193027	-0.833416	-28.110783	-0.004621	-2.053383	-28.167037	0.945926	-1.170701	-28.180290	1.009784	-1.262204	-27.832924	0.966611	-1.178808	-27.833768	1.026378	-1.248753	-28.200090	0.424669	-1.217251	-27.818920	0.444505	-1.221092	-28.191191	-0.049053	-1.173930	-28.137850	-0.050304	-1.248493	-27.845730	-0.054657	-1.136200	-27.838400	-0.051568	-1.198794
2858	39.693571	00:00:39:50	-27.988184	1.689899	-1.230452	-27.955224	1.608094	-1.141994	-28.063923	1.638734	-1.131951	-27.991405	1.556819	-1.246568	-27.978291	1.560482	-1.191899	-28.153206	1.568029	-1.225993	-27.838941	1.564108	-1.210671	-27.916988	1.362040	-1.034511	-27.970548	0.758233	-1.645842	-27.697286	1.182626	-0.838317	-28.103003	-0.046899	-2.054898	-27.724214	1.170856	-0.847433	-28.130520	-0.041643	-2.053429	-27.692723	1.172452	-0.797485	-28.062839	-0.052694	-2.060659	-28.159887	0.970479	-1.207570	-28.172611	0.958026	-1.267603	-27.838155	0.921711	-1.177504	-27.787136	0.998546	-1.218846	-28.176865	0.429818	-1.223740	-27.824304	0.428213	-1.193887	-28.192233	-0.048096	-1.152269	-28.134804	-0.036296	-1.230731	-27.787106	-0.077259	-1.191897	-27.830158	-0.051266	-1.240425
2859	39.707464	00:00:39:51	-28.001492	1.684878	-1.233438	-27.924502	1.610968	-1.128339	-28.056908	1.649252	-1.124970	-28.020919	1.557776	-1.228067	-27.976966	1.559595	-1.237002	-28.171261	1.577895	-1.248767	-27.847828	1.570376	-1.229463	-27.912167	1.364462	-1.001984	-27.981580	0.768908	-1.629560	-27.662220	1.175348	-0.841654	-28.122738	-0.048788	-2.065754	-27.673112	1.149027	-0.865072	-28.111725	-0.030596	-2.071499	-27.686768	1.176245	-0.825186	-28.109437	-0.024891	-2.072378	-28.173032	0.936466	-1.199151	-28.179601	1.020002	-1.257871	-27.831825	0.975432	-1.171769	-27.821974	0.992432	-1.258965	-28.211807	0.477026	-1.207536	-27.815752	0.457382	-1.166258	-28.169423	-0.105841	-1.150699	-28.168220	-0.064308	-1.237776	-27.807235	-0.089493	-1.190462	-27.790104	-0.046885	-1.218895
2860	39.721358	00:00:39:52	-28.019355	1.697188	-1.249440	-27.917027	1.596493	-1.130431	-28.046956	1.594547	-1.113959	-27.998397	1.565602	-1.252868	-27.976492	1.549512	-1.218923	-28.126577	1.592962	-1.244482	-27.852534	1.548742	-1.222407	-27.921081	1.419167	-1.029268	-27.961026	0.775262	-1.634534	-27.721290	1.197855	-0.843369	-28.117540	-0.032500	-2.055790	-27.729929	1.197633	-0.821860	-28.057217	-0.033742	-2.018557	-27.706062	1.174914	-0.829797	-28.087886	-0.035640	-2.070405	-28.176822	0.957951	-1.162038	-28.161594	1.023019	-1.247357	-27.816800	0.970848	-1.175711	-27.828672	0.992221	-1.252082	-28.173749	0.450678	-1.196710	-27.821814	0.437723	-1.212071	-28.196777	-0.050119	-1.180523	-28.167364	-0.007626	-1.236599	-27.821969	-0.040145	-1.140364	-27.820276	-0.035525	-1.212516
2861	39.735251	00:00:39:53	-28.007606	1.656119	-1.248288	-27.942698	1.600730	-1.132108	-28.051093	1.647671	-1.129746	-28.017168	1.555132	-1.230692	-28.013438	1.579598	-1.193758	-28.130750	1.544214	-1.237785	-27.858930	1.536486	-1.243208	-27.929456	1.377097	-1.037910	-27.990236	0.751392	-1.644605	-27.733634	1.150341	-0.829241	-28.041417	-0.071285	-2.054003	-27.688470	1.197914	-0.855402	-28.106461	-0.053095	-2.036059	-27.673367	1.156428	-0.825541	-28.106150	-0.056623	-2.061435	-28.164601	0.969766	-1.198773	-28.181691	0.970404	-1.244462	-27.826276	0.950938	-1.175678	-27.835888	0.971062	-1.263665	-28.162232	0.453171	-1.185693	-27.814347	0.472859	-1.197624	-28.186075	-0.044865	-1.195187	-28.201804	-0.069655	-1.202593	-27.809741	-0.064682	-1.166372	-27.831548	-0.054259	-1.218778
2862	39.749144	00:00:39:54	-27.997331	1.667822	-1.265357	-27.943676	1.632944	-1.126663	-28.072246	1.620982	-1.131609	-27.994895	1.562788	-1.215790	-28.007475	1.552560	-1.210047	-28.155616	1.544521	-1.233724	-27.866761	1.565129	-1.255206	-27.916647	1.381939	-1.048495	-27.960745	0.761586	-1.648618	-27.706670	1.197346	-0.825668	-28.096282	-0.060009	-2.055663	-27.697468	1.186448	-0.862044	-28.101958	-0.052232	-2.044843	-27.740234	1.164561	-0.830332	-28.093354	-0.043468	-2.076367	-28.190594	0.930031	-1.239949	-28.185126	0.979671	-1.252757	-27.801713	0.933609	-1.188597	-27.809158	0.976522	-1.277174	-28.162485	0.439983	-1.202826	-27.822161	0.443087	-1.206679	-28.180224	-0.084676	-1.169724	-28.152511	-0.068329	-1.239390	-27.827294	-0.066621	-1.165042	-27.803160	-0.048111	-1.212379
2863	39.763038	00:00:39:55	-27.992892	1.702853	-1.202485	-27.947784	1.638148	-1.097229	-28.087095	1.626004	-1.107269	-27.986447	1.598791	-1.238787	-27.989535	1.545612	-1.191071	-28.165461	1.584550	-1.253714	-27.829850	1.567310	-1.216978	-27.909944	1.382183	-1.015580	-28.001553	0.749120	-1.668911	-27.702775	1.161749	-0.832103	-28.085842	-0.073691	-2.065060	-27.726847	1.171846	-0.787357	-28.091601	-0.031123	-2.051714	-27.711386	1.158488	-0.816349	-28.132012	-0.049874	-2.085332	-28.195473	0.947579	-1.207550	-28.155094	0.993366	-1.268503	-27.816503	0.976053	-1.197515	-27.827556	0.974466	-1.221760	-28.200542	0.471794	-1.182364	-27.814772	0.433830	-1.194760	-28.189274	-0.095602	-1.197448	-28.204106	-0.056592	-1.239266	-27.812213	-0.083838	-1.168892	-27.792496	-0.067208	-1.222710
2864	39.776931	00:00:39:56	-27.989966	1.667150	-1.260290	-27.968583	1.673917	-1.101920	-28.080602	1.688012	-1.124494	-28.020630	1.572815	-1.277044	-28.013369	1.554761	-1.213350	-28.158799	1.527670	-1.273289	-27.823404	1.550554	-1.251930	-27.914078	1.332239	-1.050156	-28.000772	0.751993	-1.669000	-27.701369	1.201048	-0.852070	-28.136586	-0.029115	-2.064646	-27.701331	1.155923	-0.821408	-28.089441	-0.044132	-2.065866	-27.714548	1.152308	-0.836710	-28.118918	-0.039259	-2.043970	-28.194968	0.958023	-1.152935	-28.174993	0.987694	-1.251612	-27.811594	0.963642	-1.208620	-27.821965	0.959672	-1.250097	-28.165298	0.428780	-1.229925	-27.826172	0.448915	-1.196601	-28.170449	-0.092125	-1.167788	-28.179730	-0.035227	-1.208872	-27.809982	-0.088350	-1.148862	-27.810547	-0.030917	-1.227551
2865	39.790825	00:00:39:57	-27.987363	1.675530	-1.256198	-27.982887	1.594451	-1.116252	-28.067490	1.612423	-1.117225	-27.975604	1.567512	-1.251835	-27.996598	1.552603	-1.168788	-28.161090	1.546891	-1.230712	-27.853923	1.552800	-1.239569	-27.914846	1.370945	-1.020754	-28.001067	0.803424	-1.662569	-27.698697	1.179098	-0.845301	-28.094032	-0.023625	-2.081845	-27.718694	1.164539	-0.838953	-28.063004	-0.035279	-2.109801	-27.745519	1.164840	-0.825821	-28.098995	-0.031198	-2.058228	-28.198212	0.980082	-1.184100	-28.196143	0.966821	-1.256200	-27.774854	0.965671	-1.200380	-27.814563	0.994523	-1.268597	-28.173381	0.471030	-1.212942	-27.844629	0.452946	-1.185442	-28.182756	-0.056438	-1.176822	-28.174899	-0.037821	-1.229698	-27.852149	-0.049393	-1.165016	-27.845410	-0.070385	-1.249310
2866	39.804718	00:00:39:58	-28.002958	1.700576	-1.202898	-27.930381	1.606991	-1.108531	-28.062536	1.620873	-1.105415	-28.002104	1.541416	-1.230401	-28.035972	1.515058	-1.220377	-28.124378	1.578471	-1.223219	-27.853687	1.558697	-1.219966	-27.924097	1.372941	-1.001782	-27.960620	0.730822	-1.642634	-27.705972	1.212482	-0.831707	-28.108792	-0.028607	-2.057714	-27.685872	1.188367	-0.836349	-28.081955	-0.048251	-2.066728	-27.718752	1.135021	-0.799808	-28.115310	-0.046724	-2.043379	-28.172402	0.926915	-1.205870	-28.153618	0.976389	-1.242274	-27.813533	0.942770	-1.186339	-27.832583	0.996861	-1.231027	-28.205108	0.464920	-1.204847	-27.825663	0.484524	-1.197579	-28.187273	-0.101937	-1.175981	-28.181230	-0.054800	-1.201044	-27.831266	-0.056207	-1.166185	-27.809512	-0.043720	-1.237800
2867	39.818612	00:00:39:59	-28.005849	1.721883	-1.241858	-27.934229	1.628933	-1.094920	-28.068332	1.625024	-1.115836	-27.962008	1.572627	-1.221442	-28.024532	1.539423	-1.206222	-28.134191	1.543818	-1.231558	-27.859272	1.576743	-1.238428	-27.926636	1.386954	-1.006152	-27.976770	0.762950	-1.621051	-27.696117	1.157922	-0.833265	-28.061736	-0.060631	-2.085812	-27.711592	1.168096	-0.866498	-28.074284	-0.030178	-2.067186	-27.732108	1.170923	-0.826316	-28.090770	-0.048522	-2.113638	-28.166633	0.949480	-1.216518	-28.149218	0.981486	-1.216152	-27.802120	0.960014	-1.185825	-27.805879	0.956863	-1.223917	-28.196814	0.464923	-1.212569	-27.839172	0.475997	-1.168156	-28.177948	-0.044362	-1.186157	-28.165064	-0.035052	-1.249993	-27.783669	-0.060307	-1.151391	-27.806685	-0.053750	-1.205890
2868	39.832505	00:00:39:60	-27.977914	1.685683	-1.214918	-27.922098	1.656096	-1.120873	-28.059484	1.640578	-1.097010	-27.992743	1.568254	-1.285841	-28.013708	1.544472	-1.197922	-28.145919	1.571088	-1.235083	-27.868924	1.566923	-1.220313	-27.908778	1.365037	-1.050314	-27.958955	0.737960	-1.645588	-27.702171	1.164092	-0.871068	-28.083433	-0.069624	-2.020366	-27.733997	1.169891	-0.824585	-28.094789	-0.040271	-2.062435	-27.694228	1.185366	-0.826932	-28.137937	-0.040828	-2.054071	-28.174631	0.969407	-1.204293	-28.157274	0.953686	-1.257481	-27.811945	0.968257	-1.178601	-27.801457	1.003389	-1.245384	-28.173970	0.469301	-1.220756	-27.818413	0.447251	-1.205259	-28.204762	-0.069465	-1.209591	-28.169423	-0.023692	-1.235608	-27.806365	-0.070544	-1.155659	-27.849112	-0.036476	-1.207683
2869	39.846399	00:00:39:61	-28.030839	1.695850	-1.212061	-27.925648	1.597777	-1.146189	-28.052147	1.615823	-1.144982	-28.002743	1.568362	-1.231540	-28.006062	1.526842	-1.215741	-28.164634	1.558849	-1.277501	-27.829147	1.566361	-1.256460	-27.930853	1.332829	-1.005092	-27.956166	0.757991	-1.599168	-27.705082	1.177512	-0.865024	-28.073504	-0.033486	-2.067402	-27.682082	1.156232	-0.860295	-28.107416	-0.053400	-2.039265	-27.694870	1.158782	-0.807872	-28.099769	-0.029349	-2.064313	-28.159259	0.943714	-1.193062	-28.140626	1.010519	-1.275463	-27.795314	0.939493	-1.215244	-27.810944	1.001891	-1.264781	-28.183059	0.465760	-1.179929	-27.807672	0.437480	-1.229635	-28.196995	-0.071755	-1.162602	-28.158363	-0.065555	-1.231425	-27.788617	-0.057426	-1.164698	-27.802454	-0.024147	-1.237778
2870	39.860292	00:00:39:62	-28.017468	1.667791	-1.238133	-27.960890	1.650446	-1.090846	-28.062552	1.624493	-1.116077	-27.996154	1.596792	-1.257253	-28.005930	1.522345	-1.161483	-28.132162	1.549845	-1.245432	-27.840013	1.559345	-1.226950	-27.943700	1.388852	-1.027868	-27.971733	0.775616	-1.630873	-27.696714	1.188798	-0.829323	-28.107686	-0.039558	-2.053312	-27.745791	1.175482	-0.807410	-28.104975	-0.024227	-2.045265	-27.718889	1.171835	-0.857783	-28.101008	-0.030261	-2.064391	-28.194771	0.949251	-1.197819	-28.184112	0.967159	-1.250305	-27.807142	0.955792	-1.169414	-27.828986	1.005188	-1.225329	-28.202356	0.438583	-1.232166	-27.826492	0.482122	-1.198490	-28.165112	-0.070002	-1.175939	-28.175126	-0.034071	-1.224055	-27.860595	-0.063801	-1.149068	-27.850793	-0.044411	-1.216967
2871	39.874185	00:00:39:63	-27.999667	1.694040	-1.230014	-27.945426	1.612124	-1.106725	-28.086080	1.606245	-1.137083	-28.006927	1.536419	-1.219688	-28.005937	1.563702	-1.232871	-28.158393	1.551590	-1.211136	-27.842086	1.580386	-1.201571	-27.919416	1.392149	-1.035342	-27.974100	0.738112	-1.666615	-27.701027	1.137102	-0.845428	-28.124987	-0.060628	-2.071706	-27.689534	1.190603	-0.829035	-28.113166	-0.041120	-2.057855	-27.727830	1.209078	-0.826355	-28.057695	-0.037552	-2.066215	-28.164402	0.931808	-1.204527	-28.199210	0.962926	-1.246236	-27.830498	0.922912	-1.187912	-27.787051	0.987689	-1.241377	-28.168908	0.482248	-1.194751	-27.804123	0.457246	-1.216444	-28.179400	-0.096501	-1.154689	-28.183590	-0.068661	-1.259707	-27.829846	-0.051319	-1.156028	-27.791329	-0.039004	-1.231067
2872	39.888079	00:00:39:64	-28.017146	1.673788	-1.237030	-27.967838	1.607420	-1.108719	-28.074845	1.621581	-1.093886	-27.984415	1.568371	-1.255547	-28.017818	1.560569	-1.205395	-28.139134	1.558554	-1.234725	-27.837848	1.560197	-1.234805	-27.908180	1.419625	-1.056807	-27.992841	0.738856	-1.660647	-27.702388	1.166830	-0.855733	-28.087090	-0.064256	-2.053891	-27.705287	1.145206	-0.818430	-28.107735	-0.029423	-2.057608	-27.689907	1.162982	-0.855689	-28.101460	-0.067239	-2.044886	-28.173696	0.935000	-1.195270	-28.166948	1.026852	-1.229067	-27.836829	0.969864	-1.186625	-27.797537	0.989432	-1.223396	-28.180341	0.480987	-1.230289	-27.825034	0.443030	-1.222476	-28.206109	-0.061721	-1.186906	-28.179027	-0.069825	-1.228228	-27.798856	-0.060288	-1.162762	-27.810978	-0.024920	-1.218177
2873	39.901972	00:00:39:65	-28.005143	1.685461	-1.252876	-27.944913	1.626080	-1.100705	-28.096395	1.613652	-1.109812	-27.990570	1.605024	-1.253908	-27.981544	1.532253	-1.199833	-28.131690	1.583464	-1.219301	-27.866064	1.554367	-1.211520	-27.935085	1.387049	-1.046438	-27.996638	0.779106	-1.636315	-27.721432	1.188584	-0.846957	-28.099561	-0.043720	-2.063925	-27.699503	1.176646	-0.823764	-28.095927	-0.064927	-2.032735	-27.691032	1.144191	-0.841404	-28.110202	-0.025197	-2.070232	-28.208007	0.955100	-1.176378	-28.174690	0.995574	-1.240823	-27.802850	0.959905	-1.216170	-27.821287	0.976344	-1.261033	-28.147846	0.488782	-1.242669	-27.830289	0.462265	-1.172608	-28.175182	-0.089221	-1.161857	-28.164934	-0.049932	-1.205910	-27.855735	-0.046588	-1.164747	-27.819079	-0.047639	-1.215015
2874	39.915866	00:00:39:66	-27.992048	1.681198	-1.219760	-27.916124	1.647009	-1.126809	-28.093897	1.643673	-1.111965	-27.990436	1.600545	-1.229779	-27.984819	1.561573	-1.173137	-28.148690	1.559628	-1.235665	-27.802310	1.552471	-1.261906	-27.923731	1.346689	-1.005695	-27.950790	0.758570	-1.634500	-27.732009	1.145703	-0.820607	-28.075958	-0.081619	-2.089917	-27.699828	1.161605	-0.841128	-28.096157	-0.027364	-2.056022	-27.729995	1.175744	-0.827184	-28.080654	-0.028960	-2.055757	-28.198171	0.981276	-1.191673	-28.200959	1.009480	-1.238608	-27.830614	0.967046	-1.201165	-27.801233	0.953437	-1.260508	-28.182678	0.463640	-1.219085	-27.843098	0.463768	-1.187535	-28.159260	-0.055993	-1.183037	-28.182078	-0.063835	-1.201397	-27.821115	-0.045912	-1.165665	-27.797189	-0.054775	-1.185001
2875	39.929759	00:00:39:67	-27.999351	1.692758	-1.248616	-27.922633	1.630062	-1.113268	-28.062922	1.643627	-1.104562	-28.015850	1.565225	-1.247350	-27.990058	1.533403	-1.193732	-28.187180	1.571445	-1.256000	-27.874566	1.548290	-1.215412	-27.913974	1.330649	-1.041154	-27.992472	0.781503	-1.637474	-27.703471	1.150877	-0.831733	-28.091786	-0.022868	-2.062859	-27.672571	1.147471	-0.815866	-28.088876	-0.058252	-2.055706	-27.717721	1.154196	-0.845967	-28.094507	-0.066183	-2.070108	-28.166371	0.990374	-1.177853	-28.168237	0.951105	-1.223738	-27.858403	0.963925	-1.185600	-27.818587	0.982063	-1.206676	-28.169008	0.452526	-1.208052	-27.818684	0.459676	-1.208865	-28.174131	-0.032510	-1.184295	-28.177380	-0.038606	-1.237590	-27.795052	-0.062996	-1.135856	-27.788584	-0.068055	-1.198976
2876	39.943653	00:00:39:68	-28.003011	1.686775	-1.238270	-27.965130	1.656039	-1.108622	-28.057792	1.629468	-1.122346	-28.002658	1.575194	-1.257461	-28.010481	1.547665	-1.198618	-28.165485	1.558885	-1.253931	-27.847184	1.577573	-1.236147	-27.914243	1.337835	-1.031202	-27.953526	0.731122	-1.632133	-27.725188	1.184627	-0.814456	-28.101609	-0.048331	-2.060935	-27.717127	1.171564	-0.849281	-28.105227	-0.065563	-2.060303	-27.699659	1.139200	-0.818168	-28.085549	-0.057384	-2.061035	-28.179065	0.956695	-1.207231	-28.143911	0.960661	-1.235575	-27.805321	0.959109	-1.152780	-27.820646	1.004056	-1.234506	-28.144235	0.445715	-1.208170	-27.834623	0.451342	-1.185085	-28.190959	-0.067213	-1.173239	-28.173084	-0.049455	-1.251698	-27.818044	-0.084868	-1.151431	-27.837297	-0.035457	-1.234741
2877	39.957546	00:00:39:69	-27.967194	1.700547	-1.239158	-27.930532	1.625458	-1.112138	-28.081126	1.650759	-1.092331	-28.011273	1.568683	-1.254878	-28.020799	1.549273	-1.200151	-28.171306	1.544763	-1.223666	-27.832433	1.574357	-1.219723	-27.912929	1.354297	-1.010595	-27.966551	0.747490	-1.648440	-27.725598	1.204717	-0.821250	-28.094456	-0.031511	-2.051757	-27.681342	1.187967	-0.817697	-28.120328	-0.045703	-2.059096	-27.679067	1.165260	-0.825121	-28.061972	-0.040253	-2.085958	-28.209764	0.955160	-1.205399	-28.172773	0.973894	-1.266491	-27.820589	0.952802	-1.177599	-27.784204	1.010833	-1.261148	-28.226416	0.447447	-1.244670	-27.798503	0.447449	-1.192508	-28.204498	-0.068038	-1.201608	-28.163151	-0.023753	-1.223118	-27.803635	-0.054857	-1.161233	-27.826421	-0.096599	-1.214934
2878	39.971440	00:00:39:70	-27.985510	1.668482	-1.241709	-27.991439	1.639475	-1.108131	-28.058594	1.653638	-1.088356	-27.970227	1.562506	-1.268368	-28.020757	1.560154	-1.219796	-28.086895	1.570030	-1.244337	-27.877736	1.576398	-1.240237	-27.961495	1.420498	-1.056293	-28.006132	0.772382	-1.659219	-27.738580	1.163746	-0.823384	-28.108864	-0.044167	-2.061654	-27.722464	1.180839	-0.833899	-28.070191	-0.059681	-2.041511	-27.701222	1.181992	-0.803388	-28.082033	-0.058438	-2.074202	-28.160557	0.939650	-1.199775	-28.173408	0.984129	-1.303466	-27.843175	0.965581	-1.172094	-27.813978	0.978887	-1.245787	-28.179011	0.467690	-1.230513	-27.825486	0.432795	-1.199286	-28.211877	-0.040684	-1.159031	-28.196489	-0.051424	-1.246205	-27.826645	-0.083351	-1.164705	-27.796504	-0.026309	-1.216943
2879	39.985333	00:00:39:71	-27.985114	1.712131	-1.219507	-27.948192	1.647989	-1.107601	-28.033669	1.666903	-1.124941	-27.987699	1.551135	-1.256899	-28.002012	1.538577	-1.238126	-28.136510	1.557658	-1.258345	-27.846925	1.548919	-1.242959	-27.898709	1.364840	-1.011324	-27.943298	0.753215	-1.607875	-27.696263	1.177808	-0.820304	-28.081887	-0.029975	-2.068600	-27.697536	1.182285	-0.800048	-28.100234	-0.073663	-2.084197	-27.730507	1.165304	-0.836046	-28.132610	-0.044672	-2.080140	-28.155594	0.962383	-1.195028	-28.160157	1.023158	-1.271389	-27.792518	0.943342	-1.185638	-27.839906	0.986615	-1.233020	-28.181812	0.474329	-1.210261	-27.860908	0.462099	-1.176176	-28.165543	-0.079260	-1.206212	-28.168571	-0.041702	-1.262417	-27.844549	-0.032318	-1.176500	-27.798437	-0.034854	-1.205183
2880	39.999226	00:00:39:00	-28.032294	1.693001	-1.242249	-27.918177	1.620477	-1.135917	-28.069792	1.638888	-1.140657	-27.982151	1.572608	-1.249521	-27.998290	1.520402	-1.170399	-28.146152	1.555741	-1.249100	-27.861404	1.556888	-1.225230	-27.927361	1.372544	-1.060568	-27.973113	0.770049	-1.660263	-27.704704	1.164117	-0.829172	-28.100807	-0.048222	-2.074422	-27.706497	1.136905	-0.830701	-28.083635	-0.040911	-2.045388	-27.705800	1.176056	-0.865493	-28.087288	-0.040838	-2.057049	-28.170075	0.955214	-1.220735	-28.146162	0.992200	-1.258257	-27.811096	0.979430	-1.177934	-27.827100	0.972131	-1.222882	-28.177023	0.451911	-1.215993	-27.818950	0.454126	-1.200380	-28.203487	-0.061540	-1.177650	-28.190874	-0.070987	-1.236071	-27.831426	-0.062268	-1.156735	-27.816170	-0.049523	-1.210683
2881	40.013120	00:00:40:01	-27.992494	1.656323	-1.242444	-27.929488	1.619678	-1.102418	-28.101333	1.631610	-1.117915	-27.991787	1.559112	-1.204033	-28.020021	1.531666	-1.210746	-28.117810	1.546172	-1.273479	-27.861319	1.534500	-1.230258	-27.924454	1.391832	-1.038511	-27.952469	0.785317	-1.682806	-27.699883	1.159358	-0.834193	-28.095528	-0.022659	-2.052748	-27.717462	1.187336	-0.813393	-28.081821	-0.032896	-2.045079	-27.708578	1.177676	-0.833413	-28.106374	-0.067174	-2.066304	-28.196092	0.962851	-1.206857	-28.180543	0.994443	-1.257838	-27.811227	0.979688	-1.180353	-27.789627	0.979736	-1.245973	-28.184191	0.440908	-1.205090	-27.833310	0.469966	-1.215564	-28.143680	-0.054472	-1.219581	-28.141893	-0.033849	-1.201305	-27.815187	-0.059614	-1.168326	-27.807577	-0.053518	-1.209847
2882	40.027013	00:00:40:02	-27.964777	1.685716	-1.251237	-27.969996	1.646892	-1.134271	-28.076893	1.622003	-1.101245	-27.980416	1.551987	-1.226420	-28.005166	1.548869	-1.207623	-28.147356	1.551925	-1.262724	-27.846505	1.599668	-1.214938	-27.949842	1.357712	-1.040994	-27.969523	0.727425	-1.663817	-27.740222	1.167132	-0.796734	-28.136814	-0.050365	-2.085977	-27.714582	1.162354	-0.828400	-28.069760	-0.072704	-2.052412	-27.730872	1.180893	-0.838416	-28.098793	-0.043533	-2.082606	-28.168666	0.988695	-1.192202	-28.169864	0.987566	-1.283454	-27.835435	1.003370	-1.233976	-27.832993	1.013913	-1.253824	-28.189777	0.424888	-1.230705	-27.813680	0.482445	-1.209447	-28.188783	-0.072741	-1.160402	-28.203070	-0.048813	-1.238123	-27.805281	-0.034748	-1.199075	-27.782885	-0.057737	-1.248575
2883	40.040907	00:00:40:03	-28.002763	1.700588	-1.184205	-27.940532	1.662685	-1.157776	-28.056608	1.632911	-1.107061	-28.000579	1.553683	-1.274610	-28.000063	1.529620	-1.188858	-28.158841	1.550965	-1.245905	-27.841874	1.596029	-1.254015	-27.949003	1.359695	-1.040364	-27.949001	0.755971	-1.632587	-27.722083	1.179589	-0.810481	-28.102162	-0.064250	-2.044404	-27.719938	1.170385	-0.818629	-28.070270	-0.054224	-2.056150	-27.714102	1.189417	-0.838838	-28.132097	-0.038205	-2.052504	-28.164596	0.982943	-1.198628	-28.137948	0.991020	-1.292952	-27.841281	0.993757	-1.198592	-27.824456	1.012896	-1.250243	-28.164038	0.470932	-1.230800	-27.812243	0.462408	-1.184771	-28.186199	-0.039442	-1.183935	-28.220355	-0.050848	-1.230215	-27.815314	-0.096134	-1.162776	-27.801370	-0.051313	-1.222523
2884	40.054800	00:00:40:04	-27.989597	1.686733	-1.239689	-27.955852	1.622618	-1.125610	-28.064845	1.654191	-1.133703	-27.977406	1.560189	-1.241011	-28.013538	1.567108	-1.180753	-28.151665	1.585742	-1.231281	-27.855484	1.562077	-1.227954	-27.961553	1.357761	-1.053168	-28.006627	0.759529	-1.627178	-27.737629	1.180226	-0.802093	-28.079512	-0.016248	-2.067900	-27.698597	1.185532	-0.830978	-28.102152	-0.063576	-2.073096	-27.709840	1.140387	-0.831920	-28.135411	-0.008477	-2.083198	-28.148313	0.946660	-1.207194	-28.195603	0.986075	-1.254375	-27.820276	0.985606	-1.193708	-27.825573	1.003302	-1.253520	-28.173798	0.479411	-1.223575	-27.808967	0.447634	-1.207496	-28.162156	-0.090409	-1.202793	-28.174500	-0.063770	-1.232179	-27.820656	-0.062380	-1.162650	-27.802224	-0.072677	-1.244964
2885	40.068694	00:00:40:05	-27.989540	1.645325	-1.233468	-27.953006	1.604402	-1.099718	-28.051611	1.648819	-1.145253	-27.984886	1.563364	-1.252796	-27.973265	1.568448	-1.214273	-28.149861	1.553853	-1.227862	-27.842480	1.534904	-1.241919	-27.919014	1.361435	-1.043800	-27.959644	0.776189	-1.631445	-27.697256	1.154109	-0.818480	-28.067389	-0.029794	-2.067273	-27.707296	1.188591	-0.821505	-28.095606	-0.052122	-2.046559	-27.706580	1.149774	-0.796115	-28.087059	-0.048293	-2.038950	-28.157366	0.934853	-1.201572	-28.193779	0.966165	-1.268937	-27.814740	0.951947	-1.161605	-27.831072	0.968984	-1.257543	-28.140839	0.454546	-1.237418	-27.847872	0.450399	-1.217600	-28.143447	-0.070818	-1.206198	-28.175714	-0.033345	-1.263851	-27.810933	-0.086703	-1.169734	-27.816651	-0.063479	-1.213103
2886	40.082587	00:00:40:06	-28.000147	1.694030	-1.243396	-27.938714	1.644879	-1.132280	-28.059113	1.627820	-1.126047	-27.985717	1.569490	-1.241276	-27.961209	1.551056	-1.209833	-28.167914	1.572743	-1.225607	-27.840093	1.560451	-1.233585	-27.927998	1.357165	-1.045896	-27.978384	0.771059	-1.651485	-27.710564	1.147016	-0.835538	-28.122834	-0.062713	-2.039378	-27.708368	1.195942	-0.843762	-28.101612	-0.030526	-2.053564	-27.711067	1.166823	-0.829186	-28.103246	-0.058311	-2.074287	-28.182554	0.998215	-1.194196	-28.153737	0.999181	-1.230177	-27.799167	1.001373	-1.193028	-27.793812	0.997621	-1.264458	-28.193414	0.463476	-1.210105	-27.805642	0.446160	-1.184961	-28.174453	-0.044042	-1.159682	-28.183146	-0.045998	-1.211202	-27.819882	-0.075234	-1.165931	-27.854118	-0.006918	-1.248330
2887	40.096481	00:00:40:07	-27.988755	1.702489	-1.234837	-27.960760	1.637591	-1.127743	-28.047901	1.615729	-1.123086	-27.997203	1.583119	-1.260979	-27.989782	1.548087	-1.187572	-28.151208	1.545850	-1.239295	-27.835179	1.572511	-1.214260	-27.915532	1.378660	-1.022830	-27.954098	0.778279	-1.653901	-27.701663	1.183666	-0.846293	-28.101562	-0.044818	-2.055880	-27.706738	1.183322	-0.828972	-28.071985	-0.049232	-2.086366	-27.711999	1.183844	-0.800669	-28.104387	-0.043792	-2.056184	-28.176090	0.996556	-1.179750	-28.202171	1.013503	-1.251745	-27.806531	0.976486	-1.179686	-27.802480	0.973823	-1.281323	-28.139859	0.424743	-1.210527	-27.839853	0.476529	-1.228883	-28.192330	-0.093786	-1.192480	-28.154958	-0.073309	-1.219931	-27.819937	-0.072723	-1.156291	-27.795334	-0.027025	-1.197568
2888	40.110374	00:00:40:08	-27.991800	1.710596	-1.235555	-27.978193	1.645473	-1.155112	-28.047921	1.651470	-1.139295	-28.005505	1.576792	-1.223301	-27.995963	1.536808	-1.180496	-28.138834	1.585782	-1.228618	-27.854071	1.530062	-1.230622	-27.925505	1.339556	-1.058092	-27.952228	0.747649	-1.654337	-27.720426	1.167110	-0.834958	-28.051968	-0.030732	-2.045318	-27.715610	1.197045	-0.786877	-28.099117	-0.027394	-2.082310	-27.736625	1.178797	-0.836253	-28.075797	-0.006835	-2.077156	-28.163093	0.995529	-1.176409	-28.207827	0.965310	-1.272637	-27.802402	0.941822	-1.182524	-27.834057	0.972361	-1.238463	-28.195688	0.461126	-1.198821	-27.831480	0.453246	-1.191939	-28.198187	-0.035968	-1.199646	-28.158861	-0.028818	-1.236067	-27.852647	-0.056472	-1.194171	-27.788021	-0.067750	-1.204755
2889	40.124267	00:00:40:09	-27.977954	1.673365	-1.236848	-27.948164	1.625137	-1.105310	-28.051247	1.633297	-1.128136	-27.985143	1.526122	-1.233294	-28.016650	1.523014	-1.212622	-28.141630	1.541114	-1.233920	-27.834684	1.534811	-1.243913	-27.931918	1.354187	-0.989081	-27.979407	0.752715	-1.641301	-27.700791	1.172118	-0.840772	-28.085899	-0.019776	-2.090243	-27.727461	1.147143	-0.848964	-28.062717	-0.044618	-2.056359	-27.722524	1.140957	-0.819673	-28.107033	-0.051866	-2.084248	-28.180087	0.943141	-1.202700	-28.161958	0.979280	-1.237863	-27.802693	0.945831	-1.157246	-27.832360	0.979595	-1.228290	-28.181608	0.472937	-1.205673	-27.812252	0.446816	-1.189398	-28.173259	-0.058816	-1.195124	-28.155953	-0.049354	-1.241055	-27.826223	-0.057861	-1.140020	-27.823507	-0.024580	-1.213495
2890	40.138161	00:00:40:10	-27.988110	1.691657	-1.229045	-27.928847	1.624149	-1.126650	-28.035223	1.630569	-1.150767	-27.967856	1.572639	-1.213956	-27.996779	1.584272	-1.175232	-28.145814	1.606698	-1.242319	-27.843660	1.567433	-1.214624	-27.965517	1.396965	-1.050088	-27.977962	0.793261	-1.626672	-27.718027	1.190326	-0.828367	-28.078807	-0.058481	-2.034007	-27.690577	1.169342	-0.826871	-28.077082	-0.067969	-2.107634	-27.716210	1.175029	-0.831214	-28.090210	-0.031845	-2.076771	-28.130008	0.963274	-1.207684	-28.176121	0.971453	-1.260781	-27.821167	0.956221	-1.183428	-27.813117	0.980846	-1.302558	-28.181735	0.447203	-1.225640	-27.834246	0.466466	-1.207970	-28.190629	-0.084484	-1.216824	-28.191761	-0.069911	-1.232975	-27.810478	-0.073219	-1.190026	-27.835953	-0.062420	-1.225869
2891	40.152054	00:00:40:11	-27.996288	1.704190	-1.215533	-27.922070	1.618013	-1.114093	-28.074438	1.614884	-1.099894	-28.001440	1.592702	-1.280022	-27.989447	1.549689	-1.173127	-28.137003	1.549772	-1.252123	-27.843279	1.550309	-1.230297	-27.900969	1.374474	-1.023724	-27.962106	0.763563	-1.635107	-27.734967	1.145241	-0.793060	-28.071221	-0.036848	-2.077477	-27.706660	1.179822	-0.811581	-28.098955	-0.079968	-2.074570	-27.717799	1.159644	-0.824691	-28.095794	-0.070801	-2.062831	-28.165653	0.958313	-1.211030	-28.181130	0.972508	-1.225808	-27.797416	0.956885	-1.171710	-27.808266	1.024002	-1.252067	-28.141272	0.471675	-1.226098	-27.805734	0.454768	-1.161769	-28.183935	-0.054291	-1.180997	-28.154240	-0.050929	-1.221886	-27.842582	-0.045282	-1.156920	-27.796014	-0.046595	-1.211512
2892	40.165948	00:00:40:12	-28.021549	1.694614	-1.243776	-27.939452	1.633973	-1.124997	-28.078396	1.606067	-1.103158	-27.992326	1.552308	-1.245566	-27.999186	1.561781	-1.199752	-28.139388	1.585860	-1.214686	-27.833023	1.575566	-1.234803	-27.936030	1.349375	-1.039178	-27.973213	0.760354	-1.664328	-27.720290	1.155709	-0.804322	-28.090410	-0.037442	-2.057985	-27.706235	1.165950	-0.801096	-28.079986	-0.040230	-2.035338	-27.707739	1.164929	-0.840908	-28.093977	-0.035790	-2.062219	-28.147876	0.952165	-1.252025	-28.193452	0.988666	-1.260582	-27.813105	0.963477	-1.189872	-27.798561	0.982479	-1.247644	-28.189204	0.463734	-1.199585	-27.805541	0.463409	-1.203282	-28.200016	-0.070846	-1.164751	-28.190979	-0.034162	-1.229347	-27.828987	-0.082794	-1.167385	-27.787297	-0.025507	-1.204374
2893	40.179841	00:00:40:13	-28.000046	1.662017	-1.229690	-27.952292	1.611422	-1.105752	-28.073551	1.629568	-1.111071	-27.987653	1.535747	-1.262507	-28.025945	1.502556	-1.169412	-28.126988	1.541739	-1.218158	-27.844815	1.586006	-1.222764	-27.904175	1.371654	-1.016825	-27.964926	0.763142	-1.650093	-27.713628	1.191858	-0.814774	-28.074550	-0.068329	-2.068689	-27.738667	1.193625	-0.829709	-28.113968	-0.051583	-2.058338	-27.734918	1.182867	-0.811150	-28.080453	-0.078330	-2.055110	-28.177932	0.948746	-1.199745	-28.174614	0.994553	-1.275663	-27.824299	0.984407	-1.188772	-27.800548	1.006154	-1.225532	-28.185418	0.466960	-1.205499	-27.782464	0.459008	-1.203722	-28.162502	-0.085731	-1.198349	-28.165574	-0.056343	-1.186455	-27.833150	-0.043353	-1.156280	-27.801622	-0.040715	-1.199782
2894	40.193735	00:00:40:14	-27.977966	1.686601	-1.246731	-27.949124	1.622446	-1.131419	-28.055697	1.654211	-1.138556	-28.012209	1.575929	-1.244283	-27.990385	1.548878	-1.191265	-28.148756	1.575577	-1.260397	-27.845757	1.581716	-1.217481	-27.917889	1.379702	-0.994231	-27.994617	0.747808	-1.649718	-27.738890	1.192426	-0.824492	-28.123601	-0.012703	-2.059451	-27.711784	1.158896	-0.813199	-28.086229	-0.069406	-2.067909	-27.724011	1.219942	-0.818692	-28.099947	-0.048325	-2.055804	-28.163773	0.961802	-1.205370	-28.162070	1.008369	-1.227171	-27.820156	0.974468	-1.137011	-27.809848	0.979670	-1.224769	-28.164361	0.469259	-1.214296	-27.814590	0.473361	-1.177521	-28.180939	-0.048359	-1.195134	-28.165828	-0.025720	-1.243573	-27.845987	-0.058054	-1.186025	-27.803697	-0.029837	-1.243025
2895	40.207628	00:00:40:15	-27.993879	1.703968	-1.240192	-27.945289	1.642332	-1.125107	-28.060098	1.667593	-1.097083	-28.003330	1.542274	-1.228460	-28.011586	1.558038	-1.225417	-28.135546	1.532748	-1.263118	-27.852606	1.576614	-1.225701	-27.965309	1.375071	-1.032836	-27.949731	0.797167	-1.623812	-27.725010	1.192109	-0.823724	-28.116012	-0.039861	-2.082307	-27.723233	1.172432	-0.861660	-28.049916	-0.033778	-2.080257	-27.738800	1.147514	-0.836391	-28.094384	-0.053488	-2.080137	-28.180051	0.959493	-1.185778	-28.187893	0.974090	-1.260714	-27.818804	0.941233	-1.183093	-27.807128	0.994577	-1.225874	-28.169241	0.483951	-1.236067	-27.792337	0.442793	-1.208384	-28.189195	-0.072222	-1.196313	-28.185190	-0.036449	-1.250306	-27.810005	-0.063175	-1.150993	-27.812030	-0.039396	-1.195855
2896	40.221522	00:00:40:16	-27.976031	1.672696	-1.230121	-27.947581	1.627766	-1.112345	-28.089368	1.615683	-1.131090	-27.995447	1.566559	-1.261566	-27.970575	1.572322	-1.206054	-28.158530	1.540617	-1.244051	-27.848098	1.543257	-1.240478	-27.921850	1.354108	-1.031632	-27.961025	0.764002	-1.624692	-27.717419	1.178250	-0.851487	-28.111670	-0.010842	-2.045770	-27.691189	1.159074	-0.797214	-28.099309	-0.042290	-2.056087	-27.707788	1.166348	-0.826422	-28.097544	-0.014294	-2.065015	-28.170661	0.973214	-1.189695	-28.146527	0.986408	-1.240973	-27.822386	0.977092	-1.187793	-27.813232	0.989839	-1.278509	-28.167140	0.482953	-1.238158	-27.809305	0.477939	-1.191993	-28.151122	-0.107187	-1.186139	-28.161246	-0.060282	-1.230128	-27.802743	-0.027820	-1.167366	-27.815427	-0.057127	-1.222971
2897	40.235415	00:00:40:17	-27.990068	1.694217	-1.232709	-27.919634	1.632653	-1.141822	-28.073505	1.638928	-1.126167	-27.973923	1.563670	-1.221488	-27.965769	1.564565	-1.178705	-28.151933	1.565238	-1.226148	-27.818480	1.564709	-1.214917	-27.918938	1.350609	-1.027413	-27.952490	0.760547	-1.645972	-27.722768	1.155776	-0.811094	-28.104964	-0.061723	-2.051256	-27.716852	1.160794	-0.820732	-28.082961	-0.049658	-2.095441	-27.713275	1.191429	-0.816026	-28.077120	-0.062724	-2.060345	-28.187591	0.987068	-1.210522	-28.183205	0.980185	-1.291417	-27.799745	0.957634	-1.175776	-27.812145	0.986755	-1.234596	-28.179935	0.469017	-1.223543	-27.818386	0.453316	-1.220802	-28.177601	-0.038936	-1.216849	-28.171965	-0.049667	-1.231190	-27.827994	-0.046774	-1.155306	-27.826670	-0.017107	-1.228685
2898	40.249308	00:00:40:18	-27.980096	1.692288	-1.228155	-27.935689	1.614686	-1.126335	-28.070049	1.611643	-1.123447	-27.998067	1.582198	-1.264430	-28.004487	1.524663	-1.215122	-28.137670	1.572715	-1.248572	-27.829149	1.572298	-1.214523	-27.946515	1.357046	-1.050273	-27.983534	0.755354	-1.635182	-27.705030	1.144536	-0.845623	-28.092876	-0.068250	-2.076871	-27.689519	1.160043	-0.827089	-28.079697	-0.030896	-2.045713	-27.720907	1.166216	-0.823094	-28.128960	-0.073394	-2.076854	-28.208421	0.952572	-1.210181	-28.187360	0.995765	-1.239947	-27.805010	0.958520	-1.187292	-27.831539	0.993452	-1.242646	-28.162401	0.465628	-1.226342	-27.806827	0.455464	-1.232387	-28.148193	-0.063030	-1.164482	-28.154183	-0.057627	-1.217905	-27.828449	-0.078907	-1.168906	-27.804996	-0.033697	-1.241853
2899	40.263202	00:00:40:19	-27.998553	1.712496	-1.250608	-27.961399	1.608438	-1.129519	-28.075531	1.660343	-1.130538	-27.990134	1.582501	-1.216977	-28.001583	1.529079	-1.165279	-28.135344	1.553222	-1.258651	-27.845826	1.582725	-1.211253	-27.924651	1.400650	-1.037390	-27.970144	0.771468	-1.664613	-27.688029	1.195221	-0.838414	-28.061752	-0.048547	-2.064573	-27.736065	1.210711	-0.800032	-28.075748	-0.061587	-2.105274	-27.722451	1.190931	-0.844868	-28.103058	-0.044650	-2.069611	-28.170757	0.985075	-1.212864	-28.170900	0.992601	-1.244984	-27.804533	0.967719	-1.185790	-27.826767	0.989963	-1.228778	-28.184248	0.469200	-1.235378	-27.850333	0.457551	-1.180309	-28.167347	-0.093801	-1.184166	-28.187490	-0.047425	-1.228679	-27.817963	-0.062061	-1.188677	-27.803591	-0.043427	-1.227068
2900	40.277095	00:00:40:20	-28.014080	1.669300	-1.231473	-27.901915	1.623869	-1.104810	-28.092526	1.620191	-1.132193	-27.981097	1.557406	-1.246364	-28.031929	1.542994	-1.187059	-28.159938	1.584570	-1.261069	-27.855735	1.574258	-1.222123	-27.925814	1.369916	-1.054551	-27.955181	0.726048	-1.618823	-27.733919	1.140622	-0.834372	-28.095570	-0.067148	-2.058580	-27.695887	1.157725	-0.842833	-28.110506	-0.057890	-2.100178	-27.715744	1.158974	-0.806244	-28.062590	-0.054925	-2.047348	-28.163533	0.990556	-1.194035	-28.185919	1.002772	-1.267816	-27.852699	0.957988	-1.174177	-27.805346	0.993015	-1.203515	-28.169022	0.462011	-1.204368	-27.819539	0.473845	-1.209391	-28.156479	-0.067857	-1.216706	-28.156618	-0.054534	-1.246554	-27.800966	-0.063356	-1.172873	-27.795773	-0.059989	-1.202384
2901	40.290989	00:00:40:21	-27.991517	1.678482	-1.246143	-27.928018	1.654102	-1.146473	-28.036660	1.607757	-1.105885	-27.998554	1.562834	-1.224937	-27.981966	1.538614	-1.193286	-28.128786	1.515709	-1.216701	-27.863915	1.565405	-1.224948	-27.926631	1.375666	-1.046675	-27.975690	0.773740	-1.662968	-27.708057	1.157336	-0.832102	-28.118179	-0.050025	-2.061172	-27.740055	1.179352	-0.857522	-28.090487	-0.077691	-2.056895	-27.684200	1.158072	-0.840571	-28.092949	-0.023677	-2.065701	-28.186604	0.990995	-1.217131	-28.162812	0.969872	-1.224635	-27.817320	0.969416	-1.176101	-27.796897	0.985477	-1.191320	-28.158204	0.457687	-1.198832	-27.819593	0.464233	-1.195921	-28.164347	-0.070814	-1.194550	-28.142218	-0.061003	-1.214846	-27.825417	-0.048893	-1.137350	-27.800055	-0.046872	-1.229761
2902	40.304882	00:00:40:22	-27.994565	1.682976	-1.233793	-27.941586	1.631996	-1.122129	-28.074007	1.650012	-1.110440	-27.992856	1.566063	-1.237891	-27.999193	1.530928	-1.219168	-28.135706	1.561340	-1.247390	-27.833738	1.539803	-1.234288	-27.937234	1.384789	-1.066510	-27.950223	0.749818	-1.630109	-27.729222	1.157201	-0.816983	-28.090538	-0.081537	-2.040426	-27.693322	1.202016	-0.817702	-28.107106	-0.034940	-2.079557	-27.727859	1.190741	-0.830766	-28.115159	-0.021351	-2.078706	-28.202476	0.994980	-1.202346	-28.206046	1.003943	-1.238591	-27.810692	0.955478	-1.187226	-27.828972	0.996381	-1.232114	-28.183336	0.447775	-1.179541	-27.816799	0.478012	-1.218907	-28.188568	-0.043792	-1.192952	-28.143057	-0.049248	-1.229722	-27.874608	-0.088186	-1.148037	-27.814547	-0.029485	-1.221493
2903	40.318776	00:00:40:23	-27.987644	1.672206	-1.239141	-27.945173	1.652665	-1.150715	-28.083731	1.630614	-1.113079	-27.985730	1.570648	-1.243943	-27.948595	1.545222	-1.173637	-28.122702	1.585625	-1.243405	-27.853566	1.573645	-1.190924	-27.958192	1.347121	-1.016410	-27.957243	0.745813	-1.635460	-27.738733	1.179694	-0.839701	-28.096751	-0.051186	-2.072358	-27.712067	1.158411	-0.836169	-28.122456	-0.004314	-2.035711	-27.714259	1.182495	-0.814451	-28.086145	-0.064981	-2.061365	-28.198690	0.978606	-1.230441	-28.142572	0.988732	-1.252632	-27.829255	0.954373	-1.177954	-27.807705	1.002668	-1.245361	-28.144287	0.466348	-1.197795	-27.836113	0.454819	-1.187148	-28.178013	-0.089532	-1.197972	-28.178150	-0.035453	-1.211001	-27.821014	-0.050016	-1.174800	-27.834244	-0.046086	-1.196414
2904	40.332669	00:00:40:24	-28.000085	1.656927	-1.264931	-27.920073	1.622939	-1.096443	-28.048615	1.620359	-1.127250	-27.973046	1.544091	-1.247264	-27.978640	1.533807	-1.190719	-28.133084	1.565460	-1.229147	-27.832627	1.584167	-1.231690	-27.940655	1.369819	-1.027481	-27.939919	0.759174	-1.628553	-27.740831	1.145610	-0.839676	-28.059127	-0.073885	-2.070675	-27.710328	1.166862	-0.820052	-28.092016	-0.052683	-2.041979	-27.728076	1.177387	-0.844793	-28.115250	-0.054601	-2.067950	-28.176557	0.953301	-1.213922	-28.186489	0.961378	-1.240273	-27.826682	0.957059	-1.169415	-27.798821	0.971633	-1.234936	-28.154986	0.444159	-1.205397	-27.818820	0.460988	-1.186279	-28.156951	-0.058381	-1.182242	-28.179224	-0.062336	-1.230019	-27.806075	-0.093506	-1.169163	-27.810381	-0.030262	-1.201617
2905	40.346563	00:00:40:25	-28.009016	1.692501	-1.236480	-27.963808	1.630723	-1.119236	-28.067764	1.639078	-1.118875	-27.987869	1.565008	-1.226724	-28.011824	1.545991	-1.213231	-28.170741	1.529036	-1.251710	-27.841956	1.567935	-1.183706	-27.933865	1.376397	-1.055162	-27.977971	0.743564	-1.678663	-27.713229	1.173181	-0.800299	-28.107966	-0.034469	-2.048463	-27.765232	1.202400	-0.821695	-28.110841	-0.030882	-2.032528	-27.746912	1.188298	-0.830158	-28.108584	-0.048057	-2.021016	-28.132467	0.942976	-1.199644	-28.169067	0.977570	-1.233814	-27.827678	0.952760	-1.193538	-27.831015	1.010686	-1.236071	-28.201047	0.462168	-1.237206	-27.836197	0.449825	-1.196304	-28.164803	-0.039146	-1.146298	-28.186695	-0.059736	-1.246332	-27.800028	-0.055379	-1.183988	-27.858671	-0.042097	-1.199647
2906	40.360456	00:00:40:26	-27.963919	1.668466	-1.238496	-27.966913	1.647880	-1.141064	-28.063673	1.643050	-1.131571	-27.983622	1.538377	-1.232665	-28.006259	1.550217	-1.201396	-28.145630	1.568439	-1.239033	-27.818687	1.573984	-1.246967	-27.942411	1.397814	-1.018978	-27.952911	0.782377	-1.623451	-27.678129	1.163441	-0.821887	-28.113019	-0.055634	-2.084899	-27.709121	1.159604	-0.843123	-28.091442	-0.018681	-2.054645	-27.693026	1.205269	-0.840081	-28.129991	-0.052497	-2.058579	-28.154044	0.944190	-1.178237	-28.162397	1.000580	-1.266422	-27.823131	0.967267	-1.193948	-27.823250	1.012186	-1.217947	-28.143859	0.489058	-1.213156	-27.801052	0.434033	-1.207215	-28.138520	-0.077231	-1.158026	-28.183661	-0.078343	-1.213931	-27.831629	-0.043993	-1.178898	-27.840768	-0.048966	-1.212434
2907	40.374349	00:00:40:27	-27.985403	1.653012	-1.252621	-27.943696	1.623141	-1.096314	-28.072171	1.626609	-1.140332	-28.019496	1.532474	-1.217311	-27.981092	1.548203	-1.213631	-28.131834	1.557339	-1.248454	-27.832564	1.556142	-1.251950	-27.905973	1.373772	-1.016622	-27.955500	0.765561	-1.651053	-27.705062	1.187525	-0.816093	-28.136944	-0.049533	-2.035522	-27.716431	1.183170	-0.814745	-28.094169	-0.041189	-2.085749	-27.698837	1.166896	-0.812357	-28.083344	-0.027485	-2.091634	-28.188219	0.951638	-1.207010	-28.149676	0.993727	-1.260311	-27.839174	0.973366	-1.187141	-27.838101	1.001201	-1.238565	-28.168042	0.456752	-1.252280	-27.809207	0.434738	-1.207468	-28.210826	-0.084582	-1.166817	-28.179118	-0.043849	-1.262204	-27.809515	-0.085515	-1.154960	-27.830569	-0.054505	-1.217785
2908	40.388243	00:00:40:28	-28.018613	1.685148	-1.225583	-27.928413	1.641332	-1.107634	-28.063760	1.644696	-1.137108	-27.983962	1.574681	-1.229295	-27.987427	1.538617	-1.209972	-28.155875	1.531553	-1.263601	-27.836567	1.557151	-1.221613	-27.923911	1.360737	-1.034727	-27.971752	0.774112	-1.645759	-27.722179	1.194178	-0.809098	-28.105839	-0.058116	-2.036355	-27.727308	1.166154	-0.825143	-28.095574	-0.069434	-2.061423	-27.704832	1.158697	-0.847925	-28.083225	-0.052905	-2.090789	-28.186908	0.967650	-1.215301	-28.180682	0.992171	-1.274863	-27.849979	0.973683	-1.144626	-27.830080	0.954474	-1.246480	-28.165649	0.443920	-1.202596	-27.815180	0.459931	-1.205106	-28.160317	-0.068544	-1.168643	-28.182959	-0.058579	-1.268987	-27.825952	-0.032874	-1.164032	-27.820915	-0.051326	-1.224772
2909	40.402136	00:00:40:29	-27.980392	1.672354	-1.237477	-27.956835	1.625339	-1.101755	-28.105509	1.617002	-1.132787	-27.994806	1.554336	-1.269074	-27.995711	1.559236	-1.174771	-28.129325	1.571856	-1.278138	-27.856096	1.578559	-1.234135	-27.909012	1.357617	-1.053921	-27.953276	0.750150	-1.643472	-27.726077	1.204505	-0.813674	-28.067703	-0.045522	-2.062871	-27.684120	1.209959	-0.808654	-28.098833	-0.054411	-2.034736	-27.706793	1.205523	-0.816712	-28.116388	-0.048953	-2.060723	-28.168521	0.940515	-1.246441	-28.171362	0.991819	-1.254568	-27.840666	0.969641	-1.178794	-27.800367	0.987328	-1.216427	-28.143525	0.495508	-1.232723	-27.813396	0.449296	-1.211861	-28.215279	-0.090836	-1.194461	-28.153086	-0.048923	-1.247176	-27.820183	-0.071293	-1.155332	-27.785120	-0.059470	-1.215038
2910	40.416030	00:00:40:30	-27.997408	1.688005	-1.229620	-27.930528	1.611379	-1.107056	-28.067960	1.622239	-1.156587	-27.987103	1.553964	-1.245205	-27.970978	1.546377	-1.211810	-28.109269	1.556590	-1.280412	-27.869766	1.575637	-1.241179	-27.914711	1.371354	-1.051997	-27.982223	0.780767	-1.625189	-27.721917	1.168881	-0.831501	-28.108696	-0.047231	-2.052089	-27.720654	1.164291	-0.807609	-28.073220	-0.042935	-2.056732	-27.737432	1.160551	-0.825806	-28.089149	-0.041707	-2.082630	-28.150716	0.926002	-1.220861	-28.205125	0.979832	-1.292553	-27.840934	0.962186	-1.159704	-27.807935	0.962113	-1.230171	-28.203163	0.467630	-1.240442	-27.808165	0.445036	-1.193056	-28.176119	-0.055500	-1.195974	-28.163668	-0.064534	-1.252279	-27.797144	-0.048574	-1.157033	-27.834759	-0.055403	-1.205123
2911	40.429923	00:00:40:31	-28.021772	1.701810	-1.244836	-27.952616	1.599542	-1.101893	-28.051405	1.610656	-1.134936	-27.980136	1.526292	-1.213590	-28.032962	1.541017	-1.210195	-28.123327	1.580906	-1.244936	-27.879167	1.575947	-1.246847	-27.935787	1.352186	-1.053620	-27.981699	0.780989	-1.627221	-27.742679	1.149567	-0.823780	-28.052639	-0.054375	-2.067159	-27.727429	1.162197	-0.817023	-28.079171	-0.027910	-2.069438	-27.713208	1.195892	-0.823344	-28.095880	-0.040109	-2.041977	-28.190830	0.975221	-1.217206	-28.175017	0.981898	-1.256732	-27.831074	0.969348	-1.176030	-27.808020	0.985069	-1.216903	-28.151097	0.480025	-1.231695	-27.814087	0.438562	-1.197589	-28.177609	-0.059037	-1.178344	-28.185730	-0.032803	-1.213327	-27.798954	-0.075007	-1.129055	-27.806346	-0.056562	-1.201298
2912	40.443817	00:00:40:32	-27.978008	1.696710	-1.226715	-27.947415	1.608562	-1.121555	-28.065125	1.618247	-1.124845	-27.966893	1.590046	-1.224705	-27.989248	1.539193	-1.181763	-28.115457	1.565914	-1.220155	-27.844017	1.581623	-1.224189	-27.941918	1.360581	-1.038009	-27.972845	0.772200	-1.657105	-27.712675	1.152343	-0.847532	-28.070978	-0.007046	-2.097616	-27.732885	1.165179	-0.825991	-28.086818	-0.017612	-2.062712	-27.729397	1.162382	-0.803418	-28.118288	-0.050981	-2.057268	-28.143970	0.940478	-1.203020	-28.184127	0.965292	-1.306828	-27.831345	0.965472	-1.188638	-27.809618	0.960624	-1.222203	-28.191613	0.455585	-1.219856	-27.799871	0.454946	-1.168758	-28.160351	-0.061789	-1.209398	-28.194114	-0.049445	-1.229773	-27.778113	-0.065727	-1.162588	-27.815876	-0.043383	-1.210653
2913	40.457710	00:00:40:33	-27.986038	1.662902	-1.228302	-27.934901	1.633664	-1.141427	-28.047060	1.653873	-1.128339	-28.004865	1.535123	-1.224471	-27.999564	1.539712	-1.241024	-28.117063	1.569562	-1.248753	-27.875931	1.565463	-1.205283	-27.928143	1.356686	-1.025602	-27.959877	0.753363	-1.630071	-27.708801	1.159979	-0.832485	-28.114831	-0.044522	-2.031418	-27.704874	1.172129	-0.814852	-28.100554	-0.019050	-2.080857	-27.732964	1.176754	-0.828877	-28.085677	-0.045996	-2.042637	-28.157249	0.971364	-1.242301	-28.190646	0.957980	-1.266311	-27.809704	0.947298	-1.169486	-27.807317	0.979354	-1.227132	-28.167482	0.477244	-1.255316	-27.831174	0.479661	-1.169910	-28.209542	-0.082459	-1.192782	-28.190068	-0.033789	-1.254516	-27.814661	-0.036797	-1.161880	-27.825496	-0.054749	-1.209015
2914	40.471604	00:00:40:34	-28.008519	1.685313	-1.238311	-27.941356	1.618830	-1.115564	-28.087300	1.639114	-1.120481	-27.995505	1.551702	-1.248205	-27.982289	1.534137	-1.219354	-28.146637	1.561548	-1.254475	-27.863588	1.554141	-1.243796	-27.939987	1.347965	-1.024738	-27.997974	0.769253	-1.654326	-27.730016	1.182912	-0.845280	-28.084914	-0.089275	-2.035777	-27.713817	1.179146	-0.809571	-28.097149	-0.061245	-2.061057	-27.718588	1.182093	-0.817200	-28.081535	-0.032315	-2.050155	-28.186985	0.971210	-1.195880	-28.169187	1.003241	-1.226762	-27.840299	0.970425	-1.145728	-27.842984	0.981025	-1.220379	-28.182260	0.457447	-1.247141	-27.813112	0.440139	-1.166285	-28.193248	-0.040371	-1.167199	-28.152070	-0.055748	-1.234071	-27.816399	-0.082308	-1.155365	-27.804320	-0.036385	-1.190124
2915	40.485497	00:00:40:35	-27.996155	1.697096	-1.244255	-27.961581	1.673329	-1.118828	-28.091207	1.663218	-1.115112	-27.983117	1.546856	-1.267277	-28.009915	1.582082	-1.227500	-28.133448	1.572402	-1.240593	-27.846898	1.574726	-1.208621	-27.909772	1.383163	-1.069172	-27.986158	0.776647	-1.656368	-27.718575	1.172419	-0.819135	-28.116564	-0.047273	-2.084681	-27.722375	1.160007	-0.831755	-28.091594	-0.026595	-2.092239	-27.739782	1.174481	-0.829967	-28.100456	-0.047132	-2.048328	-28.173625	0.945411	-1.180868	-28.176356	0.988373	-1.247622	-27.852928	0.968591	-1.205162	-27.830868	0.975124	-1.251500	-28.183933	0.475934	-1.237734	-27.801199	0.460715	-1.188817	-28.180273	-0.074578	-1.192473	-28.172763	-0.049150	-1.204685	-27.814413	-0.053963	-1.154676	-27.859493	-0.084215	-1.177405
2916	40.499390	00:00:40:36	-27.989516	1.718796	-1.240302	-27.971894	1.664466	-1.119846	-28.046298	1.622569	-1.128208	-28.011372	1.569491	-1.235355	-27.994363	1.561263	-1.182340	-28.154729	1.555816	-1.222810	-27.824698	1.563469	-1.211576	-27.955430	1.372863	-1.041518	-28.007007	0.718158	-1.614105	-27.748216	1.163377	-0.829867	-28.110981	-0.054844	-2.019678	-27.697277	1.193751	-0.835327	-28.093719	-0.048730	-2.080525	-27.692441	1.170009	-0.820111	-28.077637	-0.074084	-2.052453	-28.144657	0.984432	-1.206042	-28.192728	0.976106	-1.261344	-27.800914	0.980570	-1.148051	-27.817822	0.983878	-1.234857	-28.210499	0.449183	-1.239945	-27.799863	0.499567	-1.182797	-28.208423	-0.039425	-1.169918	-28.181564	-0.050600	-1.242715	-27.819640	-0.063788	-1.128806	-27.814629	-0.056598	-1.192919
2917	40.513284	00:00:40:37	-27.977416	1.680389	-1.251655	-27.928269	1.633143	-1.133583	-28.059885	1.610367	-1.138467	-28.000250	1.567582	-1.263048	-27.987325	1.543007	-1.216797	-28.111855	1.542842	-1.269674	-27.842199	1.565787	-1.228582	-27.952839	1.373343	-1.045685	-27.965703	0.764515	-1.650784	-27.763263	1.167310	-0.795997	-28.089563	-0.055723	-2.077465	-27.710130	1.177353	-0.787950	-28.084701	-0.038377	-2.063742	-27.739830	1.193328	-0.844592	-28.079547	-0.044843	-2.059111	-28.150367	0.974589	-1.219481	-28.148331	0.998575	-1.283196	-27.825396	0.977611	-1.184067	-27.802076	0.987109	-1.272045	-28.189434	0.472226	-1.231408	-27.803013	0.481203	-1.221394	-28.180838	-0.053849	-1.212528	-28.169325	-0.038296	-1.229804	-27.816083	-0.071223	-1.129989	-27.822690	-0.027783	-1.203753
2918	40.527177	00:00:40:38	-27.987084	1.669909	-1.243707	-27.934135	1.626482	-1.140175	-28.053890	1.634513	-1.126043	-28.002528	1.585588	-1.218070	-27.958503	1.529536	-1.202887	-28.130211	1.550727	-1.254376	-27.815214	1.539706	-1.225306	-27.909051	1.384831	-1.018287	-27.968482	0.785849	-1.609346	-27.697164	1.176416	-0.845227	-28.104194	-0.049668	-2.050067	-27.721181	1.193443	-0.801543	-28.110060	-0.034986	-2.070829	-27.723703	1.168337	-0.836467	-28.091990	-0.040583	-2.056057	-28.171245	0.999339	-1.212223	-28.164451	1.004899	-1.267439	-27.845805	0.964900	-1.176087	-27.804126	0.951600	-1.216989	-28.171434	0.435436	-1.202740	-27.822728	0.458746	-1.183877	-28.190873	-0.056820	-1.178580	-28.184492	-0.032408	-1.240035	-27.845639	-0.073221	-1.144794	-27.826308	-0.049675	-1.222768
2919	40.541071	00:00:40:39	-27.999327	1.716375	-1.229000	-27.949096	1.635734	-1.146025	-28.061830	1.630868	-1.151143	-27.992756	1.573827	-1.231921	-27.996022	1.554029	-1.220475	-28.113572	1.554607	-1.285604	-27.844378	1.561191	-1.205367	-27.958557	1.387980	-1.062657	-27.960271	0.743937	-1.662866	-27.708868	1.163613	-0.803394	-28.086950	-0.044307	-2.066842	-27.722079	1.177233	-0.824277	-28.104187	-0.046965	-2.062985	-27.742179	1.154550	-0.843238	-28.105088	-0.032337	-2.083273	-28.183663	0.993037	-1.197946	-28.182000	0.985353	-1.251372	-27.808146	0.958307	-1.188378	-27.833545	1.005414	-1.231899	-28.177607	0.457753	-1.206827	-27.847045	0.475363	-1.217863	-28.159541	-0.059503	-1.220447	-28.127907	-0.043747	-1.268358	-27.808719	-0.062882	-1.161091	-27.812636	-0.023871	-1.222958
2920	40.554964	00:00:40:40	-27.975224	1.736735	-1.233591	-27.949429	1.667220	-1.140285	-28.042361	1.600955	-1.133385	-28.015920	1.596147	-1.263948	-27.981731	1.558072	-1.214224	-28.163988	1.577149	-1.265261	-27.866049	1.575573	-1.235718	-27.954998	1.359264	-1.015271	-27.962930	0.768118	-1.627089	-27.740886	1.189386	-0.792985	-28.078793	-0.067782	-2.098402	-27.757045	1.191108	-0.809522	-28.098950	-0.038282	-2.050032	-27.749321	1.169268	-0.804519	-28.121086	-0.060786	-2.082544	-28.165703	0.978000	-1.229191	-28.166575	0.979986	-1.268952	-27.815796	0.986179	-1.200138	-27.807050	0.962517	-1.214511	-28.161014	0.451137	-1.208694	-27.793396	0.484363	-1.196861	-28.153746	-0.065836	-1.204366	-28.191148	-0.014032	-1.223911	-27.810973	-0.085469	-1.167488	-27.818168	-0.068789	-1.208683
2921	40.568858	00:00:40:41	-27.995235	1.671707	-1.239640	-27.947462	1.626828	-1.126357	-28.037761	1.625048	-1.124857	-28.010385	1.568492	-1.238718	-28.033856	1.550420	-1.231487	-28.141469	1.581066	-1.252500	-27.869857	1.548754	-1.224770	-27.943615	1.388912	-1.000800	-27.959073	0.768082	-1.652104	-27.734609	1.175902	-0.801508	-28.114168	-0.098280	-2.037523	-27.734841	1.170375	-0.834874	-28.066923	-0.059824	-2.074036	-27.704345	1.138035	-0.839393	-28.063109	-0.024170	-2.076221	-28.186062	0.923344	-1.217426	-28.173885	0.991545	-1.251671	-27.811213	0.936402	-1.171871	-27.837991	0.995548	-1.237602	-28.170689	0.500481	-1.227034	-27.803148	0.471103	-1.198517	-28.165294	-0.064089	-1.183559	-28.137176	-0.053628	-1.223939	-27.814715	-0.093280	-1.155604	-27.777292	-0.065008	-1.186663
2922	40.582751	00:00:40:42	-28.009354	1.673543	-1.220165	-27.950815	1.656745	-1.069420	-28.074497	1.646989	-1.142973	-27.993706	1.554278	-1.226916	-27.988618	1.574406	-1.203897	-28.131485	1.578215	-1.278818	-27.860727	1.555273	-1.255219	-27.936949	1.356849	-1.026982	-27.996361	0.761930	-1.626325	-27.734319	1.181304	-0.779703	-28.094596	-0.051925	-2.058208	-27.727856	1.168379	-0.826842	-28.109933	-0.036607	-2.062632	-27.768948	1.186375	-0.825112	-28.088272	-0.037832	-2.086071	-28.178045	0.979423	-1.189131	-28.160980	0.994476	-1.259670	-27.813630	0.961431	-1.163334	-27.822719	1.003121	-1.220772	-28.183631	0.440681	-1.242970	-27.789493	0.452645	-1.179415	-28.166572	-0.067213	-1.191190	-28.171098	-0.056468	-1.258827	-27.828484	-0.066056	-1.153739	-27.827427	-0.041442	-1.231190
2923	40.596645	00:00:40:43	-27.973521	1.677744	-1.242599	-27.931070	1.639504	-1.123231	-28.102253	1.601271	-1.138964	-28.029915	1.569638	-1.245368	-28.002178	1.531021	-1.164743	-28.137071	1.586811	-1.184968	-27.825577	1.541213	-1.237978	-27.944456	1.343896	-1.028291	-27.970948	0.777352	-1.650932	-27.707518	1.166759	-0.831991	-28.096911	-0.068723	-2.045943	-27.731355	1.186400	-0.843417	-28.082441	-0.055784	-2.059904	-27.743696	1.145233	-0.820128	-28.080597	-0.036918	-2.056575	-28.174344	0.972011	-1.207387	-28.186886	1.009258	-1.269877	-27.831375	0.993755	-1.138017	-27.821332	0.981010	-1.247602	-28.165815	0.475009	-1.201068	-27.831724	0.484356	-1.219084	-28.182205	-0.054613	-1.186562	-28.148025	-0.065333	-1.217624	-27.842115	-0.069219	-1.153541	-27.818526	-0.069315	-1.220029
2924	40.610538	00:00:40:44	-28.000064	1.705537	-1.236678	-27.966938	1.651993	-1.105112	-28.060375	1.593549	-1.133674	-28.025679	1.547748	-1.263928	-27.976045	1.545306	-1.211355	-28.125562	1.576619	-1.264168	-27.861110	1.562199	-1.231641	-27.913673	1.364996	-1.009839	-27.938472	0.768036	-1.640185	-27.712385	1.205499	-0.842554	-28.120233	-0.069854	-2.069643	-27.736202	1.153762	-0.827080	-28.078585	-0.048297	-2.060636	-27.741539	1.206305	-0.818027	-28.115035	-0.056461	-2.039620	-28.164779	0.969115	-1.203487	-28.146679	0.993268	-1.253273	-27.854839	0.963673	-1.191719	-27.801072	1.023041	-1.244506	-28.215684	0.473469	-1.245471	-27.804556	0.464105	-1.176750	-28.183223	-0.053965	-1.175628	-28.189624	-0.045251	-1.257972	-27.861156	-0.058344	-1.167009	-27.817101	-0.035561	-1.203573
2925	40.624431	00:00:40:45	-27.978297	1.692315	-1.240475	-27.907993	1.654962	-1.160758	-28.084231	1.637140	-1.128220	-27.987486	1.580380	-1.233825	-28.017582	1.550058	-1.209153	-28.147974	1.569144	-1.246445	-27.828056	1.543815	-1.234395	-27.915704	1.374941	-1.068135	-27.946629	0.761704	-1.652505	-27.722078	1.169057	-0.784330	-28.092152	-0.030323	-2.051729	-27.718281	1.198690	-0.840892	-28.073287	-0.034343	-2.056069	-27.710660	1.177699	-0.833022	-28.076959	-0.046317	-2.023716	-28.197286	0.908921	-1.184568	-28.215369	1.017803	-1.233139	-27.839813	0.947914	-1.204706	-27.799181	1.005820	-1.218149	-28.167707	0.448787	-1.235377	-27.825422	0.448988	-1.196059	-28.150187	-0.097513	-1.188624	-28.159782	-0.051896	-1.256280	-27.814370	-0.074281	-1.184644	-27.821976	-0.054598	-1.197238
2926	40.638325	00:00:40:46	-27.979018	1.673300	-1.263102	-27.945856	1.607430	-1.113990	-28.067509	1.648060	-1.145926	-27.969803	1.575831	-1.241522	-27.983539	1.576156	-1.190746	-28.157454	1.556897	-1.226603	-27.873313	1.571493	-1.203840	-27.937672	1.364203	-1.041403	-27.958947	0.778760	-1.617168	-27.735602	1.167309	-0.841057	-28.097557	-0.032167	-2.083413	-27.730561	1.174358	-0.844313	-28.085978	-0.064463	-2.073296	-27.724883	1.206091	-0.821504	-28.105561	-0.020209	-2.076044	-28.181365	0.970532	-1.239315	-28.158921	1.022980	-1.261504	-27.829633	0.946745	-1.174875	-27.835526	0.993784	-1.236691	-28.151600	0.438179	-1.240984	-27.829648	0.473461	-1.221466	-28.181451	-0.066151	-1.173421	-28.169722	-0.007911	-1.247809	-27.791094	-0.067473	-1.149554	-27.773946	-0.023784	-1.194286
2927	40.652218	00:00:40:47	-28.000926	1.684018	-1.241201	-27.950036	1.601074	-1.146086	-28.019919	1.629814	-1.159884	-27.990280	1.591956	-1.225627	-27.988270	1.547102	-1.203629	-28.128273	1.599179	-1.273801	-27.822601	1.528864	-1.199711	-27.925007	1.359353	-1.032547	-27.950574	0.780550	-1.602169	-27.757165	1.202323	-0.825560	-28.081962	-0.047770	-2.069908	-27.739373	1.164926	-0.784637	-28.087647	-0.057448	-2.070123	-27.720971	1.174088	-0.790223	-28.098437	-0.053420	-2.061493	-28.154557	0.933008	-1.234146	-28.178656	0.968379	-1.253005	-27.854339	0.951588	-1.179479	-27.777822	1.005167	-1.231236	-28.186302	0.462544	-1.219127	-27.802007	0.474872	-1.190631	-28.187161	-0.067850	-1.210746	-28.159290	-0.065831	-1.223886	-27.782321	-0.072977	-1.134581	-27.792604	-0.055133	-1.211383
2928	40.666112	00:00:40:48	-28.022357	1.656825	-1.240046	-27.951954	1.643603	-1.103815	-28.071219	1.645881	-1.140029	-27.988309	1.548479	-1.231335	-28.012106	1.549845	-1.194693	-28.157625	1.539773	-1.267790	-27.838767	1.572712	-1.224359	-27.943290	1.384523	-1.043843	-27.997022	0.731642	-1.631571	-27.739882	1.158084	-0.791376	-28.079041	-0.037935	-2.066223	-27.754043	1.147152	-0.812614	-28.119861	-0.011481	-2.047162	-27.716579	1.175523	-0.800124	-28.080065	-0.074566	-2.069353	-28.172876	0.958846	-1.173725	-28.160212	0.988548	-1.268535	-27.822046	0.972489	-1.202405	-27.828146	0.996924	-1.243659	-28.152399	0.456109	-1.215997	-27.803194	0.466272	-1.212488	-28.199646	-0.052859	-1.156720	-28.171161	-0.005110	-1.230916	-27.831185	-0.071964	-1.169959	-27.823042	-0.035202	-1.208180
2929	40.680005	00:00:40:49	-27.981617	1.650625	-1.224613	-27.944957	1.609547	-1.141382	-28.093288	1.649588	-1.160911	-28.007051	1.556009	-1.223541	-27.991358	1.545590	-1.175661	-28.169381	1.557406	-1.277034	-27.884769	1.554081	-1.231810	-27.942451	1.351585	-1.051497	-27.959589	0.741311	-1.624689	-27.699665	1.173224	-0.825762	-28.115912	-0.028520	-2.030419	-27.715421	1.161319	-0.802307	-28.059191	-0.062356	-2.062983	-27.730457	1.182907	-0.825422	-28.102489	-0.024075	-2.054727	-28.151753	0.950699	-1.227761	-28.194499	1.007044	-1.265520	-27.838581	0.950344	-1.162909	-27.825945	0.998555	-1.242591	-28.154881	0.485201	-1.227138	-27.822915	0.450256	-1.191058	-28.218210	-0.044578	-1.168116	-28.176038	-0.047662	-1.215233	-27.803693	-0.075295	-1.131048	-27.789701	-0.031669	-1.202434
2930	40.693899	00:00:40:50	-27.973151	1.650398	-1.257759	-27.947846	1.610399	-1.123624	-28.047032	1.616961	-1.137122	-27.988064	1.571819	-1.256340	-27.994356	1.531334	-1.208637	-28.133525	1.555649	-1.241551	-27.841350	1.590542	-1.205305	-27.902038	1.413336	-1.034344	-27.977894	0.771281	-1.652325	-27.731931	1.169312	-0.819377	-28.095680	-0.040432	-2.059509	-27.735477	1.184564	-0.801607	-28.103993	-0.046325	-2.043590	-27.743042	1.150585	-0.794454	-28.083766	-0.058557	-2.068855	-28.198282	0.978243	-1.228438	-28.179384	1.008792	-1.261930	-27.829109	0.972106	-1.166588	-27.814310	0.984682	-1.222455	-28.168639	0.487765	-1.252520	-27.838550	0.472501	-1.215633	-28.186244	-0.056851	-1.183427	-28.145557	-0.052085	-1.230059	-27.854774	-0.066369	-1.153671	-27.839824	-0.040623	-1.223666
2931	40.707792	00:00:40:51	-28.008590	1.683313	-1.263428	-27.911736	1.627482	-1.110087	-28.078309	1.642715	-1.140752	-27.988909	1.565467	-1.216778	-27.999892	1.531198	-1.201405	-28.124797	1.535856	-1.243502	-27.883979	1.558800	-1.209348	-27.925246	1.353969	-0.993794	-28.007793	0.736641	-1.635080	-27.752428	1.197721	-0.787272	-28.074267	-0.044094	-2.080298	-27.744844	1.156887	-0.801175	-28.086677	-0.072552	-2.071838	-27.734101	1.170089	-0.816926	-28.105080	-0.057849	-2.059420	-28.160458	0.975151	-1.199378	-28.182081	0.973883	-1.238110	-27.794304	0.977291	-1.166683	-27.826075	0.961430	-1.204583	-28.207285	0.486418	-1.248693	-27.830340	0.465783	-1.205680	-28.181385	-0.065398	-1.193450	-28.176457	-0.030664	-1.238697	-27.799377	-0.055667	-1.144386	-27.835740	-0.041286	-1.188294
2932	40.721686	00:00:40:52	-28.009931	1.654372	-1.232705	-27.944141	1.641766	-1.098793	-28.069315	1.634744	-1.141322	-27.987293	1.566169	-1.262903	-28.006132	1.562342	-1.195041	-28.109238	1.572810	-1.271162	-27.840957	1.567370	-1.248073	-27.910005	1.362303	-1.041333	-27.969577	0.793695	-1.673851	-27.764248	1.163610	-0.808044	-28.091536	-0.039996	-2.060858	-27.730173	1.190030	-0.797835	-28.090511	-0.061112	-2.066825	-27.714598	1.179100	-0.837918	-28.087838	-0.020838	-2.057170	-28.125380	0.961439	-1.213271	-28.175637	0.984809	-1.282604	-27.807032	0.952862	-1.165009	-27.791453	0.990169	-1.218540	-28.185665	0.478645	-1.230144	-27.808587	0.468422	-1.180318	-28.183060	-0.065221	-1.190091	-28.191557	-0.036792	-1.270302	-27.841909	-0.095767	-1.145661	-27.828200	0.003488	-1.163874
2933	40.735579	00:00:40:53	-27.971647	1.669333	-1.250971	-27.954653	1.625770	-1.095999	-28.082709	1.602609	-1.128031	-27.997474	1.536023	-1.237951	-27.976518	1.511918	-1.211025	-28.142471	1.579314	-1.247053	-27.857367	1.580038	-1.204398	-27.947875	1.388579	-1.013663	-27.967664	0.777717	-1.654853	-27.715523	1.210384	-0.838536	-28.115627	-0.025970	-2.057674	-27.734227	1.215835	-0.842386	-28.084022	-0.025199	-2.061418	-27.726902	1.175382	-0.780593	-28.075559	-0.040880	-2.097289	-28.160818	0.943553	-1.227259	-28.183461	0.999824	-1.274551	-27.820804	0.968224	-1.178481	-27.780448	0.990898	-1.248688	-28.156606	0.449671	-1.228641	-27.842746	0.450232	-1.182759	-28.143016	-0.055078	-1.236897	-28.135256	-0.038259	-1.261364	-27.797202	-0.080984	-1.179575	-27.798202	-0.023890	-1.203581
2934	40.749472	00:00:40:54	-27.986126	1.698392	-1.255016	-27.980741	1.596494	-1.132241	-28.062073	1.626854	-1.134730	-28.011235	1.570318	-1.241108	-28.035258	1.554173	-1.204185	-28.114246	1.559039	-1.254584	-27.877346	1.554230	-1.203880	-27.933812	1.384936	-1.035145	-27.981006	0.749023	-1.643059	-27.751081	1.175144	-0.812991	-28.087340	-0.057479	-2.052344	-27.726207	1.177339	-0.783675	-28.047942	-0.056012	-2.098120	-27.742508	1.157132	-0.805529	-28.080007	-0.021750	-2.052625	-28.179378	0.958920	-1.223626	-28.144074	0.977748	-1.274290	-27.843263	0.946889	-1.140710	-27.805476	1.013133	-1.226470	-28.179086	0.491732	-1.227259	-27.827122	0.457223	-1.201772	-28.160655	-0.048629	-1.154768	-28.155509	-0.046762	-1.232847	-27.820351	-0.078390	-1.164569	-27.800814	-0.033148	-1.192083
2935	40.763366	00:00:40:55	-27.988800	1.713806	-1.216879	-27.955088	1.601184	-1.136460	-28.048508	1.607424	-1.133063	-27.970496	1.563761	-1.213762	-27.969655	1.505170	-1.205352	-28.110247	1.557335	-1.249577	-27.823836	1.557691	-1.191711	-27.933163	1.378682	-1.044965	-27.963675	0.785139	-1.653869	-27.748378	1.157412	-0.815115	-28.103601	-0.076303	-2.085659	-27.724369	1.162340	-0.814789	-28.096720	-0.037910	-2.070862	-27.719205	1.156660	-0.838982	-28.094341	-0.056830	-2.094702	-28.182738	0.951563	-1.222146	-28.163421	1.008079	-1.236334	-27.829085	0.953829	-1.153927	-27.829029	0.997358	-1.248446	-28.151195	0.442139	-1.255503	-27.793815	0.444453	-1.188082	-28.196169	-0.083829	-1.191608	-28.165844	-0.084077	-1.237303	-27.823565	-0.037296	-1.171863	-27.833450	-0.029562	-1.199948
2936	40.777259	00:00:40:56	-27.980575	1.658400	-1.227246	-27.966029	1.628778	-1.110383	-28.087561	1.629504	-1.099703	-27.999054	1.574738	-1.248581	-28.014131	1.567912	-1.161242	-28.121814	1.542274	-1.250069	-27.869483	1.537859	-1.205714	-27.960911	1.376798	-1.015050	-27.929805	0.744765	-1.635769	-27.742678	1.150366	-0.801294	-28.087728	-0.047081	-2.068346	-27.722988	1.163039	-0.812565	-28.094100	-0.081593	-2.034868	-27.733773	1.160362	-0.794241	-28.119574	-0.007792	-2.092178	-28.155088	0.975349	-1.209561	-28.164695	0.998893	-1.269639	-27.834874	0.967370	-1.150876	-27.814790	0.946849	-1.211810	-28.165059	0.485212	-1.225583	-27.801519	0.450609	-1.193672	-28.159383	-0.065288	-1.170862	-28.138478	-0.060209	-1.238847	-27.819538	-0.064443	-1.141752	-27.809478	-0.022921	-1.201305
2937	40.791153	00:00:40:57	-27.979968	1.682271	-1.241777	-27.939105	1.649074	-1.121445	-28.044368	1.653786	-1.134374	-28.001029	1.574932	-1.225876	-27.996164	1.520455	-1.199291	-28.132655	1.582794	-1.239728	-27.843391	1.582015	-1.221186	-27.958822	1.345628	-1.026311	-27.969856	0.750673	-1.649001	-27.732495	1.150474	-0.780675	-28.073573	-0.051188	-2.083635	-27.746487	1.147713	-0.806521	-28.111402	-0.024835	-2.079075	-27.737234	1.172943	-0.787974	-28.093688	-0.068259	-2.071694	-28.152209	0.980442	-1.229972	-28.173815	0.978006	-1.267953	-27.831514	0.989665	-1.185832	-27.808241	0.950324	-1.257155	-28.169584	0.462820	-1.255541	-27.828120	0.457391	-1.197677	-28.164801	-0.078331	-1.205138	-28.175339	-0.037478	-1.246170	-27.816840	-0.043667	-1.181204	-27.828963	-0.047296	-1.173640
2938	40.805046	00:00:40:58	-28.014888	1.683764	-1.237151	-27.979078	1.620511	-1.108329	-28.075434	1.610239	-1.120193	-28.009335	1.560888	-1.196577	-28.006829	1.542051	-1.219553	-28.132602	1.603319	-1.254421	-27.822893	1.574058	-1.216044	-27.926190	1.361063	-1.060672	-27.977082	0.748913	-1.623418	-27.778508	1.162327	-0.813217	-28.095608	-0.046268	-2.070593	-27.731567	1.160872	-0.809250	-28.087774	-0.047791	-2.062256	-27.730467	1.180814	-0.791982	-28.138256	-0.040594	-2.076487	-28.175442	0.963299	-1.211496	-28.179403	0.990727	-1.240001	-27.812908	0.963000	-1.167633	-27.797519	0.985251	-1.222939	-28.179865	0.458653	-1.226436	-27.816279	0.487737	-1.196170	-28.173106	-0.079796	-1.213053	-28.140533	-0.009814	-1.214814	-27.806587	-0.084327	-1.144191	-27.811638	-0.043802	-1.229091
2939	40.818940	00:00:40:59	-27.997164	1.656345	-1.222531	-27.943984	1.646950	-1.116094	-28.043750	1.652030	-1.136079	-27.964909	1.536474	-1.227262	-27.995309	1.546950	-1.187103	-28.112473	1.559891	-1.271632	-27.819032	1.567067	-1.186064	-27.913702	1.387411	-1.079435	-27.954711	0.743765	-1.612578	-27.731679	1.177432	-0.793275	-28.088904	-0.028807	-2.061203	-27.770252	1.181988	-0.804154	-28.079075	-0.038135	-2.080782	-27.736120	1.170782	-0.823691	-28.089291	-0.050759	-2.050645	-28.171854	0.968930	-1.200216	-28.128047	0.993118	-1.262850	-27.840085	1.006021	-1.192256	-27.818716	0.959722	-1.237099	-28.178686	0.464410	-1.228632	-27.810683	0.501038	-1.176653	-28.224854	-0.107948	-1.192870	-28.188850	-0.048945	-1.286930	-27.837043	-0.071610	-1.138277	-27.827564	-0.056603	-1.195988
2940	40.832833	00:00:40:60	-27.983573	1.709476	-1.263877	-27.971128	1.624117	-1.118410	-28.073879	1.642182	-1.107016	-27.996839	1.552176	-1.239643	-27.980642	1.549200	-1.183881	-28.152054	1.575644	-1.225877	-27.829761	1.555023	-1.184483	-27.939784	1.380122	-1.044411	-27.944297	0.727972	-1.640942	-27.740501	1.181572	-0.830643	-28.105306	-0.028034	-2.085779	-27.748254	1.177333	-0.801698	-28.089405	-0.033231	-2.053878	-27.727020	1.180611	-0.804910	-28.096160	-0.043212	-2.041688	-28.181682	0.959744	-1.215864	-28.164655	1.009230	-1.267006	-27.825237	0.985152	-1.174552	-27.841873	1.024450	-1.199498	-28.157855	0.470708	-1.226363	-27.786606	0.478241	-1.183301	-28.205836	-0.049808	-1.199185	-28.178876	-0.071441	-1.223943	-27.797874	-0.070946	-1.129420	-27.808449	-0.018242	-1.210138
2941	40.846727	00:00:40:61	-28.018897	1.680741	-1.248619	-27.949927	1.638889	-1.141298	-28.046775	1.636429	-1.117213	-27.987104	1.556039	-1.239645	-28.022112	1.552385	-1.193602	-28.131567	1.578165	-1.270507	-27.848975	1.564116	-1.216593	-27.901284	1.375762	-1.049372	-28.003253	0.777430	-1.616757	-27.721332	1.175421	-0.811501	-28.099069	-0.031776	-2.046900	-27.751003	1.169926	-0.797154	-28.087461	-0.041099	-2.052574	-27.716730	1.158430	-0.845028	-28.090918	-0.070037	-2.047370	-28.193557	0.986841	-1.210489	-28.166228	0.987013	-1.254504	-27.824178	0.964452	-1.210963	-27.809788	0.976577	-1.254266	-28.190001	0.431155	-1.216056	-27.813181	0.458022	-1.202455	-28.193652	-0.074228	-1.179022	-28.160163	-0.026006	-1.260068	-27.809113	-0.055062	-1.135236	-27.810897	-0.045977	-1.196441
2942	40.860620	00:00:40:62	-28.010435	1.684127	-1.226916	-27.959472	1.667333	-1.127570	-28.088373	1.602858	-1.121014	-27.983250	1.560762	-1.245170	-28.011757	1.569980	-1.214645	-28.136665	1.569776	-1.287258	-27.878610	1.578920	-1.198032	-27.966874	1.353331	-1.043390	-27.976528	0.738248	-1.635419	-27.736378	1.156729	-0.820435	-28.108873	-0.029779	-2.055944	-27.745355	1.197880	-0.781032	-28.090725	-0.030162	-2.037027	-27.753129	1.193542	-0.813566	-28.088129	-0.066529	-2.048598	-28.185859	0.987881	-1.239339	-28.160939	0.973187	-1.250460	-27.817766	0.977116	-1.177740	-27.807742	1.013700	-1.216541	-28.167648	0.468644	-1.236850	-27.834112	0.470620	-1.168558	-28.184705	-0.054654	-1.205281	-28.151746	-0.056704	-1.234844	-27.812763	-0.071302	-1.129915	-27.826627	-0.045943	-1.206940
2943	40.874513	00:00:40:63	-27.969366	1.705618	-1.239120	-27.948716	1.613758	-1.136210	-28.082055	1.617994	-1.126167	-28.025699	1.558672	-1.250731	-27.996094	1.561228	-1.209566	-28.148295	1.561640	-1.237456	-27.852559	1.547369	-1.210510	-27.908216	1.382266	-1.037982	-27.963625	0.769920	-1.616776	-27.710838	1.194567	-0.809956	-28.085106	-0.061920	-2.045464	-27.766794	1.138676	-0.789295	-28.080322	-0.048282	-2.049260	-27.724930	1.199026	-0.819776	-28.104372	-0.058223	-2.040672	-28.159885	0.961629	-1.186215	-28.163509	0.997812	-1.242134	-27.848495	0.945883	-1.162653	-27.841048	0.963429	-1.210226	-28.186807	0.461789	-1.239416	-27.838351	0.430252	-1.181730	-28.199042	-0.061785	-1.222132	-28.161898	-0.023354	-1.234163	-27.798356	-0.049534	-1.128375	-27.805281	-0.014723	-1.183811
2944	40.888407	00:00:40:64	-27.977093	1.681240	-1.257155	-27.933410	1.650930	-1.130540	-28.064280	1.630273	-1.148368	-27.983594	1.547827	-1.251585	-28.037623	1.524727	-1.204220	-28.132311	1.559791	-1.254892	-27.863638	1.572345	-1.207789	-27.941117	1.404901	-1.028485	-27.944935	0.765152	-1.631508	-27.796116	1.191468	-0.847635	-28.112290	-0.076861	-2.041479	-27.730149	1.161635	-0.797483	-28.120625	-0.045907	-2.061005	-27.719172	1.127664	-0.786290	-28.082065	-0.044770	-2.039532	-28.159642	0.962598	-1.209158	-28.157373	0.991487	-1.269777	-27.802335	0.983325	-1.161152	-27.793792	0.986683	-1.237722	-28.197656	0.416838	-1.260179	-27.826124	0.417139	-1.171205	-28.193785	-0.086746	-1.184959	-28.191961	-0.021489	-1.239765	-27.818621	-0.076226	-1.115535	-27.836016	-0.012871	-1.214439
2945	40.902300	00:00:40:65	-27.989519	1.687009	-1.226837	-27.934135	1.653672	-1.110851	-28.078035	1.630588	-1.146720	-27.995872	1.577090	-1.252540	-27.997678	1.583505	-1.209001	-28.166045	1.556101	-1.223103	-27.825281	1.564888	-1.235402	-27.941178	1.369350	-1.040902	-27.987395	0.760954	-1.610796	-27.726912	1.157973	-0.791621	-28.087871	-0.043232	-2.073449	-27.736542	1.167213	-0.798663	-28.087705	-0.055156	-2.065394	-27.717960	1.180541	-0.811982	-28.120361	-0.051065	-2.083726	-28.175781	0.955249	-1.221423	-28.158449	1.005022	-1.319324	-27.817036	1.012979	-1.165534	-27.807572	1.011036	-1.240554	-28.152494	0.455023	-1.250524	-27.802206	0.469185	-1.177632	-28.163747	-0.062856	-1.187005	-28.162653	-0.038013	-1.235323	-27.841824	-0.038529	-1.155173	-27.827690	-0.021451	-1.188146
2946	40.916194	00:00:40:66	-28.010853	1.664318	-1.231634	-27.948282	1.630875	-1.101776	-28.081741	1.638651	-1.131946	-27.978317	1.579289	-1.234708	-28.014889	1.588766	-1.171878	-28.124662	1.556674	-1.267785	-27.870161	1.548059	-1.232063	-27.932665	1.366272	-1.023429	-27.980905	0.756858	-1.665733	-27.726701	1.176152	-0.801334	-28.083783	-0.041706	-2.030630	-27.755146	1.200003	-0.811305	-28.088470	-0.022376	-2.057078	-27.776761	1.156197	-0.791607	-28.098683	-0.065873	-2.035878	-28.212408	0.951070	-1.217039	-28.188098	1.004823	-1.262600	-27.823606	0.976710	-1.172559	-27.804917	1.000457	-1.204698	-28.189909	0.447206	-1.255370	-27.809641	0.458257	-1.191397	-28.189093	-0.074339	-1.197944	-28.130042	-0.058325	-1.251397	-27.829731	-0.072466	-1.130605	-27.828412	-0.032404	-1.228814
2947	40.930087	00:00:40:67	-27.993914	1.676596	-1.213924	-27.926257	1.624149	-1.113834	-28.042335	1.644281	-1.120358	-27.989129	1.573106	-1.257514	-27.986450	1.541779	-1.183570	-28.137961	1.548066	-1.268123	-27.849785	1.560881	-1.214572	-27.958061	1.371018	-1.027899	-28.002320	0.759912	-1.651036	-27.718915	1.204104	-0.789113	-28.100002	-0.043478	-2.087893	-27.758461	1.153974	-0.804313	-28.061533	-0.057731	-2.060472	-27.744450	1.170443	-0.796738	-28.099214	-0.066837	-2.032049	-28.153039	0.967175	-1.178553	-28.146588	0.999787	-1.255909	-27.835945	0.961066	-1.178747	-27.829083	0.982420	-1.226293	-28.157403	0.448782	-1.221237	-27.819434	0.475014	-1.172790	-28.180137	-0.077992	-1.184394	-28.180410	-0.032107	-1.273753	-27.824164	-0.059632	-1.154531	-27.793645	-0.039529	-1.182624
2948	40.943981	00:00:40:68	-27.982101	1.653669	-1.232222	-27.941684	1.649850	-1.107619	-28.095566	1.641218	-1.136934	-27.973599	1.571053	-1.239771	-27.994776	1.564815	-1.229519	-28.137393	1.559627	-1.239156	-27.826644	1.543267	-1.225506	-27.947649	1.382007	-1.065838	-27.965293	0.746492	-1.668990	-27.746487	1.170663	-0.798400	-28.093039	-0.035739	-2.041421	-27.735233	1.154671	-0.784699	-28.077931	-0.066935	-2.037997	-27.754709	1.160536	-0.810073	-28.118549	-0.047312	-2.070794	-28.161118	0.970877	-1.215575	-28.166773	0.973004	-1.264928	-27.820406	0.943896	-1.142620	-27.811709	1.011842	-1.219427	-28.142358	0.445819	-1.208319	-27.807200	0.471639	-1.164729	-28.152806	-0.076301	-1.181495	-28.196749	0.014243	-1.261135	-27.820509	-0.083205	-1.139420	-27.820800	-0.023729	-1.202257
2949	40.957874	00:00:40:69	-28.019054	1.672084	-1.209494	-27.965890	1.635969	-1.125845	-28.070925	1.676698	-1.133228	-28.011443	1.555746	-1.221158	-27.977021	1.527646	-1.180392	-28.156458	1.525916	-1.261138	-27.842057	1.541568	-1.192886	-27.947453	1.386247	-1.023022	-27.964604	0.764305	-1.632711	-27.734892	1.160669	-0.793670	-28.065324	-0.045148	-2.050950	-27.745346	1.168233	-0.838029	-28.122892	-0.021409	-2.055610	-27.755452	1.130712	-0.802531	-28.089320	-0.036090	-2.041218	-28.165933	0.987210	-1.231713	-28.159057	1.035826	-1.276711	-27.813500	0.958593	-1.168079	-27.812265	0.993013	-1.217980	-28.175142	0.452549	-1.249432	-27.788495	0.446326	-1.185375	-28.186811	-0.066516	-1.191045	-28.154417	-0.024910	-1.253682	-27.824014	-0.079145	-1.139934	-27.785759	-0.043917	-1.193774
2950	40.971768	00:00:40:70	-27.999192	1.674136	-1.247459	-27.952677	1.621708	-1.095113	-28.034968	1.627340	-1.118410	-28.023501	1.591362	-1.227455	-27.985866	1.559314	-1.217779	-28.132032	1.549940	-1.270468	-27.832426	1.569952	-1.213513	-27.935606	1.341931	-1.011118	-27.959303	0.766000	-1.632651	-27.723545	1.146526	-0.786984	-28.092140	0.012380	-2.079411	-27.754396	1.145933	-0.804061	-28.122105	-0.076061	-2.064491	-27.733012	1.158293	-0.807052	-28.104053	-0.006493	-2.034741	-28.201702	0.959206	-1.231373	-28.149659	1.006014	-1.275445	-27.842506	0.971929	-1.134661	-27.809425	1.017426	-1.260982	-28.171611	0.452405	-1.215302	-27.806276	0.461083	-1.185450	-28.180910	-0.070217	-1.184827	-28.140794	-0.069409	-1.241267	-27.820917	-0.059074	-1.153754	-27.824623	-0.054587	-1.203474
2951	40.985661	00:00:40:71	-28.003286	1.688620	-1.244030	-27.950895	1.676684	-1.093382	-28.038734	1.623286	-1.117170	-27.998134	1.556216	-1.220955	-27.985963	1.559529	-1.212508	-28.138386	1.564157	-1.240447	-27.866032	1.567942	-1.237429	-27.938778	1.360743	-1.019749	-27.954982	0.780324	-1.669074	-27.767600	1.170487	-0.776784	-28.117336	-0.052809	-2.052519	-27.755395	1.179189	-0.810052	-28.116320	0.007740	-2.084637	-27.757073	1.159139	-0.819402	-28.096283	-0.052078	-2.064888	-28.150892	0.950926	-1.198776	-28.141722	0.984068	-1.232873	-27.832222	0.937420	-1.213545	-27.813023	0.969591	-1.226562	-28.187655	0.461098	-1.220233	-27.846509	0.481140	-1.163069	-28.198840	-0.074061	-1.222113	-28.159050	-0.067571	-1.243866	-27.850445	-0.052464	-1.127366	-27.811106	-0.025982	-1.183543
2952	40.999554	00:00:40:00	-28.011135	1.688874	-1.219784	-27.951306	1.625024	-1.127519	-28.065830	1.616468	-1.107380	-27.986859	1.550096	-1.238914	-27.968608	1.542369	-1.203006	-28.163865	1.555344	-1.229869	-27.861060	1.557708	-1.210341	-27.933193	1.350381	-1.022511	-27.980126	0.772012	-1.639942	-27.735639	1.168929	-0.822629	-28.095934	-0.036103	-2.063841	-27.729753	1.177086	-0.776575	-28.100751	-0.055873	-2.092986	-27.741248	1.166602	-0.795662	-28.088200	-0.027504	-2.045735	-28.200514	0.990229	-1.229056	-28.178126	0.984321	-1.272801	-27.843193	0.969046	-1.196516	-27.820522	0.988171	-1.224974	-28.151058	0.443684	-1.237304	-27.819646	0.473450	-1.178070	-28.161417	-0.091831	-1.210939	-28.172427	-0.048276	-1.274274	-27.801927	-0.090402	-1.117697	-27.798860	-0.035703	-1.246982
2953	41.013448	00:00:41:01	-27.964492	1.693737	-1.214478	-27.947560	1.629530	-1.138289	-28.064427	1.618757	-1.158400	-28.019723	1.585025	-1.205588	-28.002762	1.553334	-1.193909	-28.121677	1.540940	-1.261336	-27.843323	1.555516	-1.252464	-27.928606	1.384242	-1.041112	-27.947698	0.746247	-1.627015	-27.740727	1.162658	-0.825347	-28.103409	-0.069547	-2.053891	-27.756926	1.202531	-0.802083	-28.081453	-0.047300	-2.053952	-27.783075	1.176091	-0.814877	-28.100860	-0.027937	-2.065266	-28.227083	0.957581	-1.228386	-28.156162	1.010648	-1.290456	-27.821959	0.962009	-1.192015	-27.824635	0.977407	-1.219543	-28.153226	0.452014	-1.204359	-27.849272	0.441251	-1.174094	-28.187761	-0.090820	-1.208641	-28.169044	-0.039362	-1.264887	-27.809005	-0.068363	-1.141659	-27.778385	-0.037828	-1.214757
2954	41.027341	00:00:41:02	-27.989963	1.676983	-1.232658	-27.936589	1.669158	-1.107815	-28.079717	1.642172	-1.141174	-28.012599	1.536747	-1.194238	-27.998444	1.508376	-1.195205	-28.153629	1.579198	-1.269505	-27.832865	1.557659	-1.244916	-27.971282	1.365323	-1.015303	-27.952628	0.751669	-1.641077	-27.748601	1.197172	-0.789820	-28.083686	-0.039644	-2.086683	-27.795064	1.165099	-0.782534	-28.072237	-0.064119	-2.064099	-27.718591	1.199952	-0.821960	-28.089516	-0.042359	-2.037072	-28.154025	0.953184	-1.229828	-28.193922	0.996828	-1.262891	-27.810542	0.955631	-1.117147	-27.804800	0.961234	-1.232976	-28.140443	0.470105	-1.227201	-27.833353	0.452092	-1.252022	-28.193075	-0.081338	-1.215445	-28.179768	-0.040516	-1.261322	-27.827984	-0.009198	-1.141402	-27.805188	-0.021946	-1.223141
2955	41.041235	00:00:41:03	-28.001316	1.693131	-1.224975	-27.954253	1.658542	-1.118024	-28.069140	1.607506	-1.123337	-28.004062	1.543746	-1.227569	-27.996206	1.528576	-1.227613	-28.150730	1.526219	-1.237440	-27.849561	1.568419	-1.193942	-27.933537	1.400829	-1.012525	-27.968245	0.760192	-1.639056	-27.721834	1.185960	-0.815521	-28.091257	-0.045271	-2.071304	-27.742274	1.185643	-0.822939	-28.133521	-0.069607	-2.084966	-27.743243	1.151987	-0.792098	-28.038956	-0.006137	-2.043677	-28.145026	0.996760	-1.221839	-28.159964	0.988764	-1.256135	-27.816894	0.942762	-1.162869	-27.844050	1.015917	-1.218986	-28.163023	0.461559	-1.261319	-27.812863	0.447552	-1.178018	-28.165135	-0.076699	-1.200733	-28.182723	-0.045859	-1.224767	-27.801120	-0.067881	-1.157177	-27.832899	-0.064034	-1.225890
2956	41.055128	00:00:41:04	-28.005823	1.689919	-1.244165	-27.949078	1.593077	-1.144922	-28.070984	1.655958	-1.115075	-27.989015	1.547760	-1.237789	-28.029114	1.547803	-1.202904	-28.154354	1.574999	-1.281233	-27.832573	1.574217	-1.204605	-27.932274	1.346345	-1.029645	-27.986056	0.721736	-1.633504	-27.787984	1.159362	-0.786644	-28.080356	-0.036995	-2.045010	-27.765672	1.192395	-0.788989	-28.105810	-0.036750	-2.060980	-27.729170	1.207466	-0.815391	-28.094930	-0.054992	-2.090546	-28.177224	0.970373	-1.190906	-28.149278	0.988947	-1.271646	-27.826238	0.971156	-1.163300	-27.849328	0.974520	-1.212798	-28.153132	0.457036	-1.230303	-27.834027	0.500311	-1.168396	-28.199537	-0.063161	-1.213825	-28.166849	-0.046008	-1.236491	-27.820541	-0.061817	-1.167379	-27.813063	-0.031743	-1.228339
2957	41.069022	00:00:41:05	-27.999818	1.709799	-1.196489	-27.976824	1.640764	-1.108810	-28.076938	1.644776	-1.115980	-27.974311	1.545228	-1.228462	-27.976890	1.544472	-1.204168	-28.117950	1.580158	-1.249347	-27.865023	1.568169	-1.185397	-27.953549	1.373874	-1.039728	-27.959337	0.749060	-1.658018	-27.760392	1.194792	-0.789642	-28.111352	-0.044582	-2.068991	-27.783487	1.175304	-0.810589	-28.100183	-0.015187	-2.058277	-27.758154	1.123250	-0.804850	-28.102912	-0.072030	-2.051442	-28.166861	0.979795	-1.204627	-28.136644	0.984917	-1.298510	-27.803793	0.979296	-1.183038	-27.820385	0.962880	-1.223985	-28.163315	0.451617	-1.231849	-27.826656	0.440253	-1.192142	-28.148613	-0.042374	-1.195049	-28.160546	-0.070443	-1.247378	-27.815235	-0.085594	-1.156857	-27.809249	-0.012849	-1.160770
2958	41.082915	00:00:41:06	-28.007793	1.680482	-1.286402	-27.957735	1.658340	-1.117511	-28.036935	1.633935	-1.165083	-27.989948	1.585973	-1.242586	-27.989012	1.543308	-1.191030	-28.137261	1.554198	-1.248254	-27.830181	1.558079	-1.215193	-27.940565	1.340717	-1.036885	-27.960903	0.769454	-1.617951	-27.745689	1.148656	-0.809019	-28.085206	-0.052382	-2.094491	-27.724719	1.172587	-0.796776	-28.122941	-0.066324	-2.053825	-27.722307	1.172959	-0.804526	-28.082162	-0.058708	-2.083150	-28.130627	0.998457	-1.216684	-28.137107	0.971855	-1.271377	-27.841418	0.936467	-1.154510	-27.797531	0.972333	-1.216434	-28.132675	0.444818	-1.238149	-27.798128	0.456985	-1.200095	-28.147914	-0.096632	-1.186878	-28.159454	-0.023802	-1.215822	-27.813754	-0.045122	-1.141820	-27.798532	-0.054125	-1.198141
2959	41.096809	00:00:41:07	-28.004395	1.698238	-1.206523	-27.914742	1.667773	-1.101483	-28.059130	1.642663	-1.123239	-27.981219	1.564046	-1.235533	-28.019492	1.563259	-1.181310	-28.126242	1.594249	-1.260599	-27.841428	1.578026	-1.203018	-27.917049	1.373851	-1.038270	-27.985967	0.754352	-1.656232	-27.758296	1.182432	-0.766828	-28.098021	-0.016745	-2.061057	-27.745535	1.162641	-0.830147	-28.103110	-0.045794	-2.068241	-27.728667	1.179293	-0.812186	-28.088191	-0.038120	-2.035678	-28.171048	0.948164	-1.182715	-28.154010	0.989659	-1.252809	-27.813810	0.939371	-1.146060	-27.810739	1.012667	-1.236192	-28.143770	0.457467	-1.220769	-27.809083	0.494166	-1.194249	-28.185326	-0.047945	-1.181283	-28.145418	-0.037536	-1.289377	-27.851434	-0.082860	-1.153021	-27.827503	-0.043887	-1.239435
2960	41.110702	00:00:41:08	-27.984064	1.696952	-1.233014	-27.940442	1.606352	-1.110578	-28.078756	1.645089	-1.144136	-27.960714	1.574344	-1.242836	-27.994832	1.522783	-1.210341	-28.135510	1.560224	-1.252200	-27.843935	1.537979	-1.207447	-27.959044	1.369972	-1.060570	-27.977762	0.784062	-1.677138	-27.784070	1.151888	-0.814226	-28.085293	-0.059347	-2.044862	-27.753275	1.171913	-0.826539	-28.074636	-0.041753	-2.048527	-27.781944	1.187656	-0.845274	-28.081666	0.004691	-2.061684	-28.183304	0.935120	-1.226153	-28.156845	0.999287	-1.255738	-27.814528	0.966334	-1.168888	-27.826319	1.001433	-1.218760	-28.166940	0.459856	-1.234268	-27.818661	0.448128	-1.190363	-28.217856	-0.050916	-1.175069	-28.184274	-0.033895	-1.237994	-27.854561	-0.056229	-1.153320	-27.805498	-0.049649	-1.193401
2961	41.124595	00:00:41:09	-27.997983	1.709365	-1.258962	-27.952766	1.614025	-1.145136	-28.079784	1.655781	-1.112858	-27.963948	1.542761	-1.229559	-28.013949	1.502049	-1.209183	-28.134412	1.578482	-1.239585	-27.859038	1.565353	-1.172078	-27.949925	1.386396	-1.017190	-27.938944	0.770067	-1.593824	-27.750128	1.171448	-0.811092	-28.110510	-0.037417	-2.040457	-27.758486	1.174720	-0.824870	-28.090376	-0.059181	-2.068197	-27.761541	1.184429	-0.801059	-28.086316	-0.045609	-2.086063	-28.188178	0.965768	-1.198327	-28.155107	0.958493	-1.282414	-27.808915	0.940783	-1.160061	-27.843751	0.985035	-1.223071	-28.190457	0.472061	-1.236552	-27.848977	0.479524	-1.165735	-28.149916	-0.053014	-1.183725	-28.180956	-0.039611	-1.227544	-27.820697	-0.099175	-1.146410	-27.816182	-0.053231	-1.220879
2962	41.138489	00:00:41:10	-27.955437	1.680049	-1.265074	-28.004611	1.642109	-1.119367	-28.070861	1.634120	-1.127993	-28.010045	1.556895	-1.269981	-27.955400	1.560809	-1.189071	-28.141082	1.555370	-1.280415	-27.823367	1.532970	-1.205054	-27.921409	1.356837	-1.052830	-27.965219	0.753418	-1.651903	-27.753939	1.173652	-0.808664	-28.092706	-0.071180	-2.058386	-27.705379	1.173683	-0.797508	-28.088122	-0.039212	-2.079694	-27.761975	1.161112	-0.816679	-28.084396	-0.034908	-2.051480	-28.193950	0.970519	-1.213922	-28.191003	0.976374	-1.251959	-27.813749	0.956848	-1.169889	-27.829436	1.022920	-1.234781	-28.142235	0.454081	-1.244285	-27.801885	0.489784	-1.202138	-28.133913	-0.066043	-1.199996	-28.156851	-0.015892	-1.236407	-27.806634	-0.060485	-1.136829	-27.820680	-0.043424	-1.180015
2963	41.152382	00:00:41:11	-27.990819	1.644316	-1.238837	-27.930363	1.640616	-1.120062	-28.089184	1.640274	-1.160330	-28.003354	1.521736	-1.220151	-27.990411	1.557232	-1.174355	-28.130619	1.533411	-1.239087	-27.870138	1.591319	-1.202198	-27.967541	1.384363	-1.031272	-27.969827	0.718883	-1.629648	-27.757530	1.161680	-0.790518	-28.101756	-0.019711	-2.054087	-27.719436	1.182442	-0.804293	-28.068383	0.016105	-2.068630	-27.746381	1.163115	-0.824823	-28.077859	-0.043679	-2.058193	-28.191186	0.945478	-1.231073	-28.186113	1.016365	-1.252172	-27.842299	0.957862	-1.179106	-27.799029	0.974677	-1.241323	-28.173163	0.461674	-1.223436	-27.835733	0.465919	-1.217076	-28.175651	-0.123271	-1.200775	-28.176398	-0.025672	-1.285797	-27.805981	-0.068016	-1.126234	-27.837845	-0.035568	-1.168371
2964	41.166276	00:00:41:12	-27.964229	1.667700	-1.239708	-27.964774	1.639139	-1.103175	-28.068427	1.641411	-1.136400	-27.957763	1.599128	-1.233827	-27.998830	1.543328	-1.184794	-28.097831	1.574752	-1.257979	-27.825251	1.554477	-1.201324	-27.951221	1.356342	-1.026828	-27.971374	0.731263	-1.638863	-27.763237	1.177569	-0.781699	-28.102219	-0.052103	-2.071692	-27.764982	1.140919	-0.812429	-28.113496	-0.026755	-2.075272	-27.734880	1.173161	-0.780653	-28.083336	-0.065061	-2.072388	-28.154624	0.980069	-1.193631	-28.173760	0.983062	-1.294532	-27.802231	0.981230	-1.148818	-27.822810	0.985824	-1.225727	-28.177268	0.489019	-1.262643	-27.826553	0.467188	-1.173208	-28.151453	-0.065494	-1.202863	-28.183958	-0.027277	-1.225382	-27.839850	-0.055532	-1.116994	-27.800125	-0.055639	-1.191285
2965	41.180169	00:00:41:13	-27.951405	1.707589	-1.251007	-27.924200	1.633457	-1.093572	-28.010378	1.621098	-1.136137	-27.984741	1.550933	-1.228941	-27.986437	1.522792	-1.208415	-28.124801	1.565435	-1.274195	-27.867710	1.571335	-1.221767	-27.943130	1.346888	-1.040035	-27.978435	0.740471	-1.623153	-27.726588	1.170872	-0.814685	-28.093063	-0.083783	-2.096414	-27.732728	1.180426	-0.774262	-28.101672	-0.023093	-2.040704	-27.752433	1.140800	-0.803024	-28.108947	-0.054586	-2.071276	-28.176015	0.969591	-1.234738	-28.179937	0.998261	-1.286985	-27.831868	0.935349	-1.182241	-27.810201	0.982295	-1.219940	-28.170816	0.479801	-1.262769	-27.837417	0.474588	-1.211172	-28.184584	-0.061996	-1.176057	-28.163630	-0.051197	-1.254842	-27.830248	-0.092393	-1.169025	-27.797454	-0.052500	-1.221617
2966	41.194063	00:00:41:14	-27.996605	1.691635	-1.228056	-27.943455	1.632439	-1.118444	-28.083092	1.648174	-1.128099	-28.012949	1.561891	-1.231598	-27.980985	1.545083	-1.218189	-28.122596	1.564842	-1.240075	-27.842349	1.589876	-1.230972	-27.959396	1.379438	-1.025917	-27.984033	0.756399	-1.642341	-27.751392	1.202614	-0.824048	-28.105929	-0.067036	-2.054349	-27.737161	1.211151	-0.838697	-28.085692	-0.026773	-2.105709	-27.752130	1.164339	-0.811809	-28.099076	-0.027309	-2.062602	-28.149127	0.989211	-1.207630	-28.153730	0.961523	-1.253134	-27.811192	0.953213	-1.155839	-27.802590	0.990643	-1.220159	-28.160136	0.436940	-1.250187	-27.783323	0.457704	-1.212334	-28.155335	-0.061036	-1.221711	-28.159400	-0.042222	-1.264939	-27.830531	-0.062300	-1.127924	-27.798752	-0.053519	-1.178825
2967	41.207956	00:00:41:15	-27.983237	1.646330	-1.237333	-27.947516	1.641404	-1.089230	-28.051993	1.624256	-1.107142	-27.966171	1.567308	-1.216425	-27.971031	1.528416	-1.193607	-28.142357	1.562015	-1.261328	-27.832230	1.573616	-1.239389	-27.930781	1.371029	-1.020717	-27.952213	0.746433	-1.629100	-27.739923	1.192343	-0.780506	-28.081828	-0.067450	-2.054728	-27.743265	1.177204	-0.797340	-28.113249	-0.036018	-2.043678	-27.741971	1.179215	-0.789495	-28.081342	-0.034619	-2.063842	-28.157559	0.958092	-1.178587	-28.130832	0.954982	-1.274838	-27.807322	0.977426	-1.157330	-27.823578	0.989796	-1.215645	-28.183590	0.471604	-1.241008	-27.827162	0.441715	-1.175280	-28.172477	-0.074311	-1.195031	-28.189540	-0.079489	-1.290996	-27.847025	-0.064615	-1.148849	-27.831769	-0.033107	-1.180349
2968	41.221850	00:00:41:16	-27.961691	1.709852	-1.246914	-27.980653	1.641532	-1.133256	-28.082944	1.609929	-1.115520	-27.974560	1.606342	-1.211009	-27.997786	1.549944	-1.195318	-28.119077	1.548764	-1.249409	-27.837754	1.570739	-1.212767	-27.954522	1.369474	-1.060684	-28.010452	0.738894	-1.628362	-27.756072	1.183451	-0.806582	-28.075931	-0.045824	-2.060801	-27.790220	1.160685	-0.794497	-28.121981	-0.055986	-2.063728	-27.756813	1.199692	-0.810037	-28.133304	-0.035956	-2.049132	-28.150317	0.978959	-1.223573	-28.186732	0.950164	-1.287925	-27.809368	0.926071	-1.157855	-27.808270	0.979097	-1.239030	-28.152761	0.439353	-1.236729	-27.820120	0.461416	-1.192406	-28.182329	-0.059999	-1.191441	-28.190184	-0.014136	-1.254171	-27.838574	-0.056012	-1.136908	-27.792725	-0.070913	-1.227900
2969	41.235743	00:00:41:17	-27.965832	1.701396	-1.264236	-27.908436	1.611040	-1.098643	-28.097374	1.639543	-1.134885	-27.987452	1.556761	-1.238998	-28.011720	1.575882	-1.195093	-28.150338	1.557789	-1.265719	-27.848630	1.582513	-1.172361	-27.946885	1.356535	-1.063326	-27.991161	0.720308	-1.628455	-27.761374	1.188161	-0.773998	-28.102468	-0.068331	-2.068183	-27.770138	1.174182	-0.770722	-28.078543	-0.067958	-2.040268	-27.761574	1.170877	-0.791831	-28.060204	-0.049781	-2.075272	-28.187419	0.973641	-1.203571	-28.159514	0.958337	-1.246713	-27.816314	0.988024	-1.149357	-27.797882	1.012128	-1.236787	-28.162188	0.460088	-1.229233	-27.826066	0.481576	-1.184151	-28.183448	-0.054111	-1.193986	-28.115959	-0.057001	-1.227767	-27.816982	-0.052960	-1.155791	-27.799302	-0.045437	-1.207756
2970	41.249636	00:00:41:18	-27.975378	1.701721	-1.241837	-27.931960	1.647172	-1.122300	-28.076971	1.608024	-1.143307	-27.985969	1.535645	-1.206947	-27.987727	1.563575	-1.202448	-28.140613	1.566657	-1.264592	-27.823597	1.569583	-1.214935	-27.914512	1.363580	-1.033502	-27.982405	0.784994	-1.621311	-27.744134	1.183440	-0.828778	-28.073074	-0.049654	-2.046507	-27.757341	1.132760	-0.761412	-28.072956	-0.036743	-2.063966	-27.757912	1.174057	-0.774976	-28.105224	-0.043307	-2.038315	-28.165295	0.959075	-1.205166	-28.172005	0.986072	-1.287090	-27.821786	0.958646	-1.145514	-27.804826	1.007287	-1.225647	-28.169945	0.415840	-1.257997	-27.806969	0.473403	-1.199366	-28.171264	-0.074565	-1.184752	-28.153285	-0.033147	-1.257482	-27.834946	-0.074385	-1.120038	-27.818891	-0.034778	-1.214907
2971	41.263530	00:00:41:19	-28.003622	1.673153	-1.241999	-27.958677	1.609379	-1.150099	-28.091345	1.618940	-1.134301	-27.976795	1.571102	-1.240564	-27.984563	1.551669	-1.219432	-28.166468	1.556903	-1.279275	-27.854308	1.576691	-1.189851	-27.965362	1.367984	-1.028818	-27.946189	0.754428	-1.662095	-27.763820	1.181969	-0.793210	-28.070220	-0.054459	-2.067865	-27.768116	1.180857	-0.792959	-28.127058	-0.047345	-2.055749	-27.754748	1.143921	-0.808237	-28.052241	-0.057240	-2.071740	-28.153783	0.964984	-1.205468	-28.162061	0.973607	-1.281573	-27.829360	0.962945	-1.153476	-27.812029	1.004736	-1.220019	-28.192839	0.477934	-1.192960	-27.796398	0.474479	-1.193782	-28.168539	-0.090584	-1.206419	-28.155804	-0.037685	-1.269997	-27.842805	-0.052517	-1.142702	-27.830217	-0.058772	-1.212972
2972	41.277423	00:00:41:20	-27.954469	1.653125	-1.271683	-27.938090	1.673641	-1.111158	-28.063258	1.619454	-1.103641	-27.962257	1.566541	-1.238221	-28.022507	1.536130	-1.212138	-28.126493	1.566063	-1.267866	-27.844730	1.528032	-1.263019	-27.927499	1.343489	-1.003787	-27.973498	0.749309	-1.655765	-27.773734	1.163501	-0.813228	-28.088017	-0.038284	-2.029437	-27.789673	1.180704	-0.792021	-28.094362	-0.048212	-2.037375	-27.772188	1.197422	-0.813379	-28.077885	-0.038143	-2.052664	-28.164406	0.983389	-1.231636	-28.145273	1.017115	-1.283188	-27.827838	0.915399	-1.170250	-27.750744	0.995308	-1.219186	-28.195291	0.456621	-1.247736	-27.788768	0.440440	-1.192534	-28.185202	-0.088396	-1.205346	-28.164283	-0.063589	-1.226888	-27.830570	-0.062545	-1.133446	-27.803997	-0.056952	-1.204149
2973	41.291317	00:00:41:21	-27.956267	1.714465	-1.231104	-27.950365	1.682476	-1.114039	-28.073702	1.624503	-1.100094	-27.984430	1.591977	-1.231553	-28.009449	1.549227	-1.218672	-28.120121	1.537398	-1.271936	-27.846387	1.560963	-1.235176	-27.968552	1.359566	-1.058369	-27.963229	0.762614	-1.643086	-27.776133	1.175851	-0.786838	-28.083991	-0.022310	-2.068082	-27.754194	1.164770	-0.784777	-28.088320	-0.027543	-2.079667	-27.773746	1.170081	-0.785755	-28.081181	-0.036746	-2.077389	-28.176023	0.957208	-1.214259	-28.176372	1.004298	-1.242716	-27.803192	0.949987	-1.170671	-27.795607	0.956045	-1.214227	-28.173403	0.458554	-1.221192	-27.818137	0.451800	-1.196429	-28.168823	-0.072767	-1.176474	-28.152236	-0.038106	-1.264070	-27.827279	-0.082707	-1.110605	-27.821144	-0.022292	-1.212025
2974	41.305210	00:00:41:22	-27.972651	1.695778	-1.245327	-27.955209	1.640674	-1.109358	-28.038677	1.623578	-1.114377	-27.987543	1.566245	-1.227451	-27.978623	1.552497	-1.189895	-28.149645	1.561760	-1.274449	-27.835726	1.546409	-1.201455	-27.963738	1.370739	-1.053137	-27.993259	0.718694	-1.646757	-27.758541	1.137204	-0.809533	-28.107964	-0.012841	-2.058206	-27.739117	1.149563	-0.806835	-28.067684	-0.046526	-2.067353	-27.763222	1.139535	-0.798523	-28.090165	-0.015456	-2.092414	-28.174895	0.975514	-1.223996	-28.155462	0.980635	-1.268697	-27.804129	0.968263	-1.153720	-27.811533	0.994758	-1.175028	-28.180220	0.466392	-1.239852	-27.845101	0.458901	-1.168582	-28.203241	-0.057833	-1.168654	-28.192358	-0.079719	-1.252902	-27.836955	-0.055871	-1.137382	-27.773014	-0.030279	-1.224175
2975	41.319104	00:00:41:23	-28.005106	1.714412	-1.233646	-27.935182	1.648435	-1.102916	-28.072078	1.634626	-1.123079	-27.988476	1.589282	-1.228244	-27.969819	1.516068	-1.217545	-28.124835	1.574869	-1.256938	-27.835889	1.561316	-1.210347	-27.943580	1.405379	-1.027635	-27.962760	0.777795	-1.635461	-27.762011	1.200109	-0.776807	-28.076768	-0.047687	-2.038402	-27.775600	1.177717	-0.768560	-28.075173	-0.028654	-2.060748	-27.758579	1.166165	-0.811768	-28.075111	-0.020097	-2.081043	-28.191432	0.941326	-1.252404	-28.169413	0.974688	-1.269452	-27.804328	0.951275	-1.162623	-27.833346	1.001793	-1.240281	-28.193080	0.482417	-1.241426	-27.822518	0.466597	-1.180053	-28.160699	-0.038879	-1.205925	-28.151788	-0.042332	-1.253162	-27.823357	-0.079033	-1.141751	-27.809689	-0.041732	-1.208302
2976	41.332997	00:00:41:24	-28.024967	1.705335	-1.243386	-27.918524	1.620473	-1.108774	-28.060822	1.646825	-1.136904	-27.986773	1.582528	-1.246211	-28.007226	1.575966	-1.173467	-28.134465	1.564029	-1.272923	-27.853029	1.581379	-1.223197	-27.921094	1.351661	-0.996230	-27.935419	0.754838	-1.638622	-27.788669	1.167879	-0.773423	-28.095621	-0.053608	-2.058671	-27.726725	1.171085	-0.808206	-28.098712	-0.023691	-2.074681	-27.756261	1.177999	-0.791417	-28.112463	-0.047154	-2.077759	-28.201499	0.967181	-1.216305	-28.173727	0.967056	-1.287007	-27.824845	0.956668	-1.118398	-27.821454	0.963343	-1.209363	-28.162047	0.472873	-1.232658	-27.860210	0.453355	-1.157856	-28.163360	-0.073389	-1.207682	-28.163314	-0.007763	-1.252685	-27.822800	-0.078661	-1.150821	-27.808663	-0.034697	-1.178325
2977	41.346891	00:00:41:25	-27.974890	1.676006	-1.223763	-27.949768	1.609455	-1.114590	-28.098606	1.598218	-1.113511	-27.993918	1.535651	-1.281697	-28.002626	1.602231	-1.207132	-28.142370	1.589926	-1.252971	-27.850103	1.536727	-1.192558	-27.973726	1.353753	-1.058243	-27.968487	0.777309	-1.622876	-27.784343	1.176593	-0.800173	-28.099471	-0.032824	-2.054092	-27.736690	1.194071	-0.808069	-28.090351	-0.034962	-2.062624	-27.730053	1.166063	-0.839107	-28.101285	-0.045424	-2.049535	-28.186501	0.988312	-1.256572	-28.154867	0.988326	-1.273158	-27.829063	0.946503	-1.152080	-27.816765	0.983333	-1.209905	-28.179526	0.490966	-1.207108	-27.790747	0.445033	-1.198092	-28.174468	-0.045961	-1.216738	-28.162811	-0.040501	-1.254756	-27.810207	-0.086425	-1.155860	-27.822622	-0.030423	-1.208445
2978	41.360784	00:00:41:26	-28.029009	1.695778	-1.236963	-27.938131	1.625377	-1.104851	-28.068921	1.611038	-1.164181	-28.005360	1.578070	-1.210276	-27.976193	1.562606	-1.185575	-28.131851	1.532668	-1.243457	-27.838429	1.542436	-1.251877	-27.960035	1.352778	-1.033050	-27.943182	0.742039	-1.649805	-27.764747	1.196610	-0.793815	-28.076024	-0.035189	-2.079868	-27.768150	1.182510	-0.765958	-28.103162	-0.067170	-2.045273	-27.759881	1.159804	-0.809614	-28.127438	-0.073908	-2.092192	-28.213514	0.967643	-1.225694	-28.151472	0.986601	-1.258019	-27.812989	0.960663	-1.151564	-27.826952	0.995239	-1.198587	-28.191407	0.443741	-1.202330	-27.819991	0.445396	-1.177149	-28.178745	-0.074065	-1.191126	-28.173533	-0.048691	-1.254514	-27.831559	-0.083942	-1.154065	-27.802144	-0.056678	-1.188116
2979	41.374677	00:00:41:27	-27.984313	1.652537	-1.221023	-27.947850	1.637165	-1.108508	-28.062910	1.624580	-1.116618	-27.976476	1.538292	-1.222794	-27.996373	1.539970	-1.239747	-28.124467	1.592767	-1.251215	-27.854053	1.568566	-1.222981	-27.953150	1.405032	-1.036656	-27.976616	0.756500	-1.647029	-27.780521	1.151619	-0.811914	-28.086389	-0.054688	-2.065240	-27.779117	1.192931	-0.828192	-28.088219	-0.060719	-2.032688	-27.763740	1.180490	-0.773284	-28.084566	-0.027953	-2.047153	-28.142479	0.968672	-1.236193	-28.156806	0.970465	-1.295281	-27.814065	0.998814	-1.139156	-27.806640	1.010270	-1.229108	-28.158554	0.471411	-1.229602	-27.824489	0.453223	-1.160593	-28.129833	-0.036564	-1.206059	-28.180149	-0.042111	-1.231449	-27.825667	-0.066390	-1.115082	-27.816494	-0.060624	-1.202277
2980	41.388571	00:00:41:28	-28.010379	1.693756	-1.227594	-27.933503	1.614740	-1.115729	-28.049799	1.643795	-1.121656	-27.950722	1.559544	-1.232649	-27.999048	1.545388	-1.190714	-28.124752	1.562058	-1.252745	-27.882378	1.581730	-1.222046	-27.947143	1.346785	-1.024406	-27.979854	0.772911	-1.649879	-27.747516	1.192396	-0.806272	-28.088194	-0.042663	-2.076567	-27.761159	1.174949	-0.778915	-28.090770	0.001153	-2.081269	-27.770023	1.165675	-0.812446	-28.100370	-0.021947	-2.089744	-28.156174	0.998624	-1.225130	-28.156960	0.998302	-1.263124	-27.805380	0.947460	-1.143268	-27.830905	1.012491	-1.224199	-28.195594	0.472192	-1.236959	-27.813346	0.491109	-1.173527	-28.135299	-0.057306	-1.187876	-28.147797	-0.027890	-1.269631	-27.817224	-0.065723	-1.187003	-27.827868	-0.057999	-1.179061
2981	41.402464	00:00:41:29	-27.995446	1.696796	-1.232537	-27.931829	1.625797	-1.132883	-28.052840	1.656923	-1.137744	-27.996941	1.547117	-1.238603	-28.014829	1.559204	-1.213995	-28.136347	1.568204	-1.252696	-27.806724	1.575448	-1.191990	-27.933882	1.399132	-1.047824	-27.970754	0.776185	-1.629829	-27.745402	1.199338	-0.785445	-28.086725	-0.024395	-2.051898	-27.755278	1.185529	-0.776477	-28.061932	-0.034919	-2.078139	-27.767683	1.185077	-0.779354	-28.122723	-0.023821	-2.047055	-28.180309	0.963307	-1.221253	-28.184638	0.974004	-1.289631	-27.814590	0.948162	-1.181911	-27.804848	1.003480	-1.195041	-28.156880	0.475991	-1.250144	-27.837871	0.437056	-1.173362	-28.190859	-0.065814	-1.217147	-28.166942	-0.043349	-1.261013	-27.831014	-0.054397	-1.143918	-27.787802	-0.069107	-1.203669
2982	41.416358	00:00:41:30	-27.988656	1.690230	-1.231005	-27.936938	1.617229	-1.094514	-28.059353	1.660329	-1.154914	-27.975087	1.559230	-1.263083	-28.023926	1.563595	-1.215795	-28.125152	1.587468	-1.262327	-27.863662	1.579816	-1.214305	-27.960781	1.368031	-1.005087	-27.957754	0.781976	-1.622118	-27.743807	1.157425	-0.816096	-28.110883	-0.040918	-2.061217	-27.730171	1.169233	-0.805255	-28.118514	-0.032451	-2.056232	-27.787011	1.150706	-0.803673	-28.124688	-0.063669	-2.064775	-28.160674	0.962355	-1.252924	-28.154720	0.950509	-1.250467	-27.837685	0.941328	-1.153688	-27.822684	0.968748	-1.216873	-28.148035	0.454883	-1.207003	-27.789991	0.459704	-1.214141	-28.165367	-0.081562	-1.203558	-28.185272	-0.016018	-1.246987	-27.829064	-0.069229	-1.148942	-27.804069	-0.029091	-1.190073
2983	41.430251	00:00:41:31	-27.996243	1.673680	-1.234865	-27.981014	1.661246	-1.100033	-28.088695	1.605530	-1.120216	-27.965225	1.561186	-1.213568	-27.995746	1.563181	-1.220771	-28.118523	1.569531	-1.268906	-27.840736	1.541370	-1.233841	-27.948452	1.351194	-1.040304	-27.992144	0.761827	-1.606260	-27.754279	1.173426	-0.755574	-28.105706	-0.064982	-2.033861	-27.746349	1.180972	-0.783103	-28.129424	-0.051778	-2.067006	-27.747411	1.155730	-0.804058	-28.102379	-0.060103	-2.064897	-28.176921	0.960373	-1.213122	-28.161319	0.996370	-1.264649	-27.853099	0.988038	-1.177667	-27.843465	0.999644	-1.198530	-28.176759	0.502427	-1.237781	-27.808851	0.450726	-1.163524	-28.191555	-0.071545	-1.226788	-28.143881	-0.060700	-1.261139	-27.816048	-0.088527	-1.145698	-27.816579	-0.034783	-1.187377
2984	41.444145	00:00:41:32	-27.979785	1.704162	-1.242675	-27.958548	1.624038	-1.127251	-28.051813	1.647487	-1.125154	-27.984833	1.562817	-1.256645	-27.981203	1.549414	-1.194123	-28.122432	1.540816	-1.269962	-27.826256	1.586539	-1.209188	-27.948640	1.377933	-1.007225	-27.974996	0.790588	-1.648356	-27.761762	1.172865	-0.808101	-28.098055	-0.037187	-2.064394	-27.792780	1.162990	-0.796979	-28.059624	-0.005900	-2.077648	-27.730027	1.164906	-0.785313	-28.097929	-0.023564	-2.082795	-28.160266	0.964575	-1.231569	-28.152561	1.012355	-1.300642	-27.800366	0.980933	-1.160443	-27.817725	0.968364	-1.218589	-28.165180	0.430093	-1.227482	-27.809786	0.492885	-1.174370	-28.182518	-0.056117	-1.196642	-28.154634	-0.062276	-1.215792	-27.815935	-0.057858	-1.142152	-27.855233	-0.029428	-1.179084
2985	41.458038	00:00:41:33	-28.002641	1.692336	-1.243035	-27.966035	1.642170	-1.117968	-28.057503	1.612720	-1.156403	-27.985424	1.583696	-1.215233	-28.006125	1.570188	-1.209417	-28.136629	1.548549	-1.265750	-27.823214	1.589058	-1.200268	-27.929981	1.340069	-1.048909	-28.002508	0.743052	-1.602884	-27.767631	1.187881	-0.792090	-28.114195	-0.021454	-2.063979	-27.763292	1.160928	-0.801413	-28.086860	-0.037500	-2.057323	-27.777764	1.144412	-0.788560	-28.104482	-0.034392	-2.068675	-28.208847	0.954759	-1.206456	-28.154107	0.975201	-1.270771	-27.831883	0.949053	-1.154573	-27.826328	0.977903	-1.229296	-28.145048	0.474367	-1.243112	-27.816589	0.466298	-1.177891	-28.203310	-0.050762	-1.184600	-28.193308	-0.051914	-1.255621	-27.812931	-0.068334	-1.172673	-27.797098	-0.027907	-1.201501
2986	41.471932	00:00:41:34	-28.011435	1.650438	-1.233697	-27.948492	1.658035	-1.108760	-28.062834	1.633419	-1.111805	-27.982666	1.554665	-1.203411	-27.989279	1.534460	-1.189967	-28.146668	1.535206	-1.253170	-27.817733	1.566383	-1.236612	-27.973627	1.391559	-1.017654	-27.982496	0.789336	-1.627893	-27.773561	1.163619	-0.788695	-28.083967	-0.067852	-2.055706	-27.782584	1.160997	-0.793204	-28.106571	-0.040238	-2.063410	-27.750901	1.171698	-0.792248	-28.116320	-0.033301	-2.064322	-28.164496	0.979418	-1.211082	-28.146666	0.991724	-1.307262	-27.814781	0.978394	-1.153477	-27.819273	0.981235	-1.179198	-28.147254	0.481376	-1.296707	-27.817502	0.451986	-1.172787	-28.160547	-0.078675	-1.226695	-28.164707	-0.047333	-1.284200	-27.847765	-0.082912	-1.152531	-27.791606	-0.061973	-1.199510
2987	41.485825	00:00:41:35	-27.998404	1.683867	-1.230293	-27.971400	1.639210	-1.097617	-28.118272	1.644281	-1.110537	-28.002083	1.571674	-1.253188	-27.982212	1.539362	-1.191764	-28.167831	1.570112	-1.292067	-27.827371	1.539053	-1.236509	-27.957662	1.368756	-1.044204	-28.008388	0.791688	-1.598764	-27.780063	1.168777	-0.784969	-28.093626	-0.025553	-2.050495	-27.780003	1.178361	-0.762513	-28.101071	-0.061351	-2.091422	-27.754316	1.174225	-0.778470	-28.091625	-0.037044	-2.030763	-28.183208	0.969816	-1.219142	-28.144362	0.973090	-1.270295	-27.850085	0.963262	-1.179670	-27.797884	0.984523	-1.202464	-28.169168	0.440442	-1.236173	-27.814683	0.462253	-1.184794	-28.159468	-0.067587	-1.218302	-28.191897	-0.045395	-1.262485	-27.807495	-0.050548	-1.153588	-27.824272	-0.019744	-1.187386
2988	41.499718	00:00:41:36	-28.016433	1.680822	-1.203733	-27.970497	1.618783	-1.117080	-28.081400	1.622290	-1.159691	-28.011788	1.578097	-1.219324	-27.988358	1.515982	-1.198734	-28.133983	1.562319	-1.292261	-27.846255	1.556796	-1.209190	-27.958763	1.368450	-1.039287	-27.965143	0.757355	-1.631598	-27.755016	1.169295	-0.792721	-28.109740	-0.051468	-2.057345	-27.772843	1.188371	-0.816496	-28.088808	-0.048374	-2.087590	-27.728495	1.160596	-0.804530	-28.077855	-0.031057	-2.070566	-28.180847	0.988375	-1.206888	-28.150101	0.982992	-1.294312	-27.851890	0.966285	-1.148660	-27.795870	0.993676	-1.221632	-28.150000	0.431245	-1.247208	-27.813094	0.446063	-1.186389	-28.126798	-0.066309	-1.208597	-28.163739	-0.065860	-1.237084	-27.827048	-0.115654	-1.153287	-27.791930	-0.040680	-1.177326
2989	41.513612	00:00:41:37	-27.950805	1.659375	-1.219044	-27.956937	1.630125	-1.138960	-28.062309	1.628605	-1.137710	-27.980463	1.549151	-1.253061	-28.007873	1.513688	-1.216834	-28.137658	1.562033	-1.260358	-27.866364	1.534948	-1.228817	-27.969484	1.356245	-1.037586	-27.989408	0.756242	-1.641950	-27.735295	1.169569	-0.806533	-28.105469	-0.060002	-2.076017	-27.733612	1.138865	-0.793018	-28.101510	-0.030122	-2.074419	-27.791789	1.162494	-0.804364	-28.089251	-0.019341	-2.034354	-28.152596	0.964654	-1.245323	-28.168143	0.952158	-1.302624	-27.826693	0.975582	-1.187391	-27.814383	0.997621	-1.223580	-28.163185	0.481846	-1.217243	-27.850409	0.445100	-1.152923	-28.171328	-0.048392	-1.190149	-28.169782	-0.038001	-1.257928	-27.824412	-0.057234	-1.126703	-27.825658	-0.050348	-1.181152
2990	41.527505	00:00:41:38	-27.964080	1.682535	-1.250437	-27.973774	1.604313	-1.131231	-28.077110	1.619840	-1.118371	-28.000814	1.550484	-1.255021	-28.005664	1.516933	-1.175527	-28.132603	1.580498	-1.253333	-27.848057	1.566996	-1.182399	-27.955897	1.373375	-1.040721	-27.948657	0.754329	-1.643511	-27.762089	1.191931	-0.788479	-28.086908	-0.001495	-2.041527	-27.763605	1.174526	-0.797219	-28.085923	-0.034738	-2.064696	-27.770256	1.155341	-0.800800	-28.065685	-0.044151	-2.045986	-28.153323	0.985118	-1.213068	-28.173917	0.983506	-1.272226	-27.807916	0.974900	-1.148012	-27.779958	0.993696	-1.224179	-28.172903	0.454241	-1.254412	-27.797741	0.467899	-1.192942	-28.196696	-0.066284	-1.186100	-28.135706	-0.032801	-1.272067	-27.838998	-0.057401	-1.137916	-27.779170	-0.021406	-1.173182
2991	41.541399	00:00:41:39	-27.980216	1.669672	-1.256339	-27.964931	1.622877	-1.143068	-28.081926	1.626517	-1.120502	-27.997104	1.577661	-1.279488	-27.998115	1.529858	-1.191632	-28.103761	1.618972	-1.276209	-27.849858	1.578113	-1.209840	-27.932944	1.352839	-1.033506	-27.962032	0.768386	-1.638881	-27.736868	1.176744	-0.793244	-28.097334	-0.080157	-2.073150	-27.759263	1.162465	-0.799041	-28.100902	-0.024232	-2.071225	-27.775861	1.156312	-0.818814	-28.074935	-0.067226	-2.084789	-28.169922	0.937065	-1.251271	-28.135051	0.975673	-1.269551	-27.816704	0.943709	-1.181533	-27.794587	0.979470	-1.180361	-28.176232	0.447132	-1.219333	-27.811345	0.466443	-1.157762	-28.143856	-0.062567	-1.250275	-28.164176	-0.038935	-1.276650	-27.817083	-0.070040	-1.164645	-27.810985	-0.033946	-1.215175
2992	41.555292	00:00:41:40	-27.955242	1.647715	-1.256203	-27.960551	1.610420	-1.141229	-28.094830	1.647178	-1.138029	-27.984611	1.541936	-1.238439	-27.995822	1.567098	-1.160110	-28.126185	1.588654	-1.245020	-27.866856	1.557608	-1.220201	-27.922987	1.396817	-1.046531	-27.956525	0.744018	-1.624559	-27.792104	1.163494	-0.809779	-28.099928	-0.061398	-2.040736	-27.753909	1.174606	-0.824116	-28.095401	-0.030359	-2.063974	-27.763248	1.144738	-0.775836	-28.140605	-0.060761	-2.069784	-28.127484	0.915990	-1.209675	-28.147651	0.987143	-1.276063	-27.802960	0.966463	-1.170638	-27.813022	0.974096	-1.205457	-28.190172	0.449825	-1.263250	-27.803443	0.444726	-1.148293	-28.167138	-0.085447	-1.185383	-28.140516	-0.021582	-1.248438	-27.804714	-0.059817	-1.118249	-27.798893	-0.049674	-1.183778
2993	41.569186	00:00:41:41	-27.977465	1.711072	-1.220179	-27.939317	1.616221	-1.124147	-28.055207	1.614988	-1.150203	-27.983407	1.539599	-1.254958	-27.981709	1.512110	-1.201981	-28.156967	1.583703	-1.265918	-27.831068	1.556734	-1.205469	-27.920018	1.379050	-1.048728	-27.991730	0.743743	-1.643766	-27.776149	1.171226	-0.821601	-28.113565	-0.006752	-2.083210	-27.755224	1.166911	-0.765012	-28.128188	-0.010380	-2.065621	-27.765573	1.208802	-0.780363	-28.113602	-0.010056	-2.068900	-28.150494	0.973463	-1.227464	-28.160414	1.001760	-1.267606	-27.838240	0.990299	-1.182668	-27.814936	0.987240	-1.224072	-28.183541	0.476712	-1.235674	-27.812073	0.489115	-1.163074	-28.166468	-0.063362	-1.206475	-28.164278	-0.045574	-1.274153	-27.813833	-0.071255	-1.140981	-27.820205	-0.058227	-1.208969
2994	41.583079	00:00:41:42	-27.975868	1.694856	-1.233100	-27.953387	1.649332	-1.081705	-28.038351	1.609093	-1.167060	-27.988764	1.547294	-1.240889	-28.035085	1.535330	-1.227099	-28.128104	1.569699	-1.264392	-27.813501	1.583596	-1.197894	-27.923245	1.340448	-1.031467	-28.001412	0.748554	-1.594883	-27.754915	1.172850	-0.801489	-28.110398	-0.027514	-2.066223	-27.782415	1.161064	-0.826818	-28.097615	-0.026535	-2.081022	-27.759119	1.188634	-0.824539	-28.114421	-0.047935	-2.054536	-28.169321	0.946317	-1.243890	-28.174338	1.009482	-1.261739	-27.828470	0.976728	-1.178583	-27.806245	1.006747	-1.236693	-28.164836	0.473781	-1.235582	-27.837490	0.448737	-1.153894	-28.168364	-0.062571	-1.171505	-28.173958	-0.057082	-1.271332	-27.852439	-0.072526	-1.115894	-27.827799	-0.066668	-1.195201
2995	41.596973	00:00:41:43	-27.944750	1.674468	-1.249791	-27.937893	1.638335	-1.097015	-28.069584	1.643459	-1.145585	-27.980724	1.561500	-1.274412	-28.001187	1.543113	-1.192937	-28.103764	1.578851	-1.264550	-27.830368	1.549173	-1.202517	-27.938467	1.386581	-1.047667	-27.926999	0.769560	-1.628645	-27.776405	1.193452	-0.813013	-28.127241	-0.058009	-2.059564	-27.747151	1.200546	-0.792492	-28.080022	-0.046171	-2.076884	-27.764624	1.188108	-0.782764	-28.127997	-0.072418	-2.057492	-28.182278	0.947636	-1.211822	-28.175460	0.994783	-1.281739	-27.848788	0.957247	-1.187404	-27.771639	0.989222	-1.213162	-28.179059	0.459178	-1.209830	-27.777530	0.468518	-1.162780	-28.147314	-0.074184	-1.203850	-28.161077	-0.077385	-1.274160	-27.825649	-0.081088	-1.127757	-27.784072	-0.073695	-1.195126
2996	41.610866	00:00:41:44	-28.001206	1.662986	-1.250757	-27.957274	1.629461	-1.089708	-28.061087	1.662888	-1.131768	-27.986850	1.546220	-1.201758	-28.017185	1.529438	-1.171438	-28.118710	1.564973	-1.256690	-27.819697	1.553316	-1.192652	-27.963642	1.375443	-1.031158	-27.936269	0.757982	-1.662192	-27.796701	1.175696	-0.797892	-28.120949	-0.044746	-2.069683	-27.736723	1.160954	-0.797113	-28.099831	-0.053853	-2.064574	-27.788907	1.165516	-0.777946	-28.098865	-0.024433	-2.053060	-28.197608	0.955714	-1.244495	-28.146633	0.968478	-1.294973	-27.805564	0.984170	-1.124097	-27.834111	0.939671	-1.185070	-28.152385	0.412322	-1.266557	-27.797536	0.458707	-1.225492	-28.162137	-0.106596	-1.200655	-28.144228	-0.054043	-1.265102	-27.821253	-0.045346	-1.114285	-27.793434	-0.030339	-1.197856
2997	41.624759	00:00:41:45	-27.981898	1.699517	-1.242156	-27.928408	1.631573	-1.128135	-28.083998	1.601682	-1.108305	-27.984733	1.535078	-1.232843	-28.008221	1.546692	-1.198364	-28.137575	1.574373	-1.249432	-27.849204	1.577153	-1.196398	-27.952730	1.366245	-1.027693	-27.958698	0.740052	-1.675559	-27.801973	1.186769	-0.812145	-28.116170	-0.064165	-2.062185	-27.769271	1.151948	-0.803123	-28.099319	-0.049790	-2.077946	-27.769584	1.185311	-0.809046	-28.035898	-0.055366	-2.073600	-28.183815	0.958508	-1.231001	-28.163791	0.988138	-1.267805	-27.816751	0.999582	-1.169210	-27.813388	0.968228	-1.240489	-28.169905	0.450939	-1.241320	-27.818754	0.465108	-1.143452	-28.167453	-0.098090	-1.183387	-28.135618	-0.024327	-1.289111	-27.811104	-0.066794	-1.149433	-27.822761	-0.047033	-1.181787
2998	41.638653	00:00:41:46	-27.993548	1.666834	-1.233460	-27.935066	1.620379	-1.095370	-28.070675	1.615947	-1.127300	-27.982533	1.565033	-1.253851	-27.985706	1.552696	-1.203308	-28.142448	1.577265	-1.276044	-27.840519	1.554987	-1.197789	-27.939878	1.366458	-1.011611	-27.950251	0.757292	-1.660255	-27.787388	1.165198	-0.803326	-28.085862	-0.055521	-2.093250	-27.772642	1.185848	-0.793011	-28.105186	-0.026889	-2.032335	-27.781642	1.161492	-0.799434	-28.115938	-0.048228	-2.075272	-28.209910	0.943307	-1.212227	-28.157756	0.983569	-1.276070	-27.833669	0.959111	-1.113304	-27.802197	0.974569	-1.224606	-28.144139	0.482767	-1.235099	-27.811127	0.487449	-1.139888	-28.164256	-0.085684	-1.222018	-28.155015	-0.041861	-1.273104	-27.834078	-0.051038	-1.131902	-27.800924	-0.052539	-1.198100
2999	41.652546	00:00:41:47	-27.995114	1.674570	-1.220443	-27.975690	1.646369	-1.109896	-28.081143	1.632102	-1.139335	-28.004124	1.563971	-1.221114	-27.978349	1.547664	-1.196500	-28.118485	1.559706	-1.275085	-27.834691	1.566673	-1.223014	-27.970606	1.358708	-1.021051	-27.980400	0.795526	-1.631297	-27.783253	1.157730	-0.794061	-28.087425	-0.044134	-2.053156	-27.765375	1.159167	-0.789086	-28.096652	-0.036221	-2.084018	-27.762181	1.178188	-0.776701	-28.118617	-0.040500	-2.054546	-28.170235	0.991664	-1.215864	-28.183498	0.991329	-1.277348	-27.817828	0.967624	-1.157706	-27.821362	0.960354	-1.218720	-28.138268	0.455038	-1.243274	-27.804541	0.451634	-1.199920	-28.166591	-0.078841	-1.230878	-28.155122	-0.058731	-1.290303	-27.811458	-0.054476	-1.123144	-27.806171	-0.053358	-1.194251
3000	41.666440	00:00:41:48	-28.003761	1.697255	-1.259099	-27.993989	1.655529	-1.101750	-28.101914	1.655827	-1.148116	-27.955596	1.571954	-1.212376	-28.008314	1.541228	-1.178653	-28.122013	1.570683	-1.254747	-27.822932	1.553834	-1.249495	-27.959296	1.348863	-1.043291	-27.956982	0.768101	-1.592304	-27.795037	1.162677	-0.763404	-28.081466	-0.042853	-2.060157	-27.761732	1.159792	-0.775682	-28.075881	-0.055630	-2.062456	-27.775015	1.197538	-0.812150	-28.101856	-0.019591	-2.095924	-28.212388	1.002917	-1.222127	-28.149368	1.011236	-1.284773	-27.835392	0.960342	-1.162776	-27.810852	0.950882	-1.214372	-28.118694	0.444654	-1.254018	-27.796792	0.446155	-1.144704	-28.188827	-0.072025	-1.188903	-28.167897	-0.061070	-1.246664	-27.821272	-0.086966	-1.144618	-27.834042	-0.026608	-1.177831
3001	41.680333	00:00:41:49	-27.972989	1.668381	-1.274194	-27.943106	1.620588	-1.124010	-28.026368	1.624779	-1.144531	-28.000792	1.526284	-1.247538	-28.013628	1.541060	-1.197439	-28.124018	1.591210	-1.283955	-27.838887	1.584812	-1.219930	-27.947143	1.362263	-1.015902	-27.973716	0.770716	-1.618531	-27.746680	1.161716	-0.759007	-28.069727	-0.046271	-2.086613	-27.748125	1.183360	-0.760275	-28.107351	-0.024853	-2.061988	-27.779343	1.181806	-0.787755	-28.076774	-0.068413	-2.073907	-28.135928	0.944239	-1.218772	-28.151782	0.944889	-1.276439	-27.812569	0.980565	-1.130522	-27.809723	0.973997	-1.232375	-28.182510	0.443205	-1.228215	-27.802470	0.460008	-1.194745	-28.172476	-0.096303	-1.200795	-28.147372	-0.004595	-1.260202	-27.844697	-0.077753	-1.124437	-27.814784	-0.019964	-1.189392
3002	41.694227	00:00:41:50	-28.015260	1.697189	-1.231358	-27.962981	1.634635	-1.120804	-28.087145	1.626304	-1.160104	-27.997446	1.557649	-1.247445	-27.954897	1.540673	-1.162680	-28.088172	1.558659	-1.278146	-27.831339	1.583046	-1.211388	-27.975893	1.400672	-1.028246	-27.966714	0.787458	-1.645003	-27.785872	1.176963	-0.824949	-28.114951	-0.058047	-2.041521	-27.747176	1.151456	-0.780106	-28.095555	-0.046878	-2.031192	-27.764409	1.162181	-0.803206	-28.098528	-0.058332	-2.039449	-28.156458	0.982346	-1.231154	-28.170927	0.985195	-1.313485	-27.823490	0.952664	-1.147215	-27.798473	0.989271	-1.205799	-28.144558	0.440345	-1.253601	-27.828574	0.461887	-1.206835	-28.170729	-0.076247	-1.184290	-28.164845	-0.045455	-1.296986	-27.826152	-0.040881	-1.148238	-27.798128	-0.054267	-1.159993
3003	41.708120	00:00:41:51	-27.967932	1.684311	-1.237365	-27.933390	1.606690	-1.107598	-28.039150	1.646953	-1.146686	-27.988416	1.542558	-1.240718	-27.978313	1.532165	-1.193128	-28.143964	1.526560	-1.259501	-27.848517	1.585083	-1.212000	-27.951622	1.360641	-1.053661	-27.977518	0.736565	-1.632600	-27.775635	1.171126	-0.769748	-28.089985	-0.041832	-2.057714	-27.743052	1.161160	-0.785275	-28.092519	-0.036627	-2.031341	-27.742387	1.181093	-0.790143	-28.102582	-0.026182	-2.074670	-28.154832	0.995931	-1.240456	-28.158196	0.987710	-1.296272	-27.837301	0.945930	-1.158930	-27.820754	1.009628	-1.204612	-28.169215	0.461802	-1.234940	-27.803219	0.440470	-1.139894	-28.211261	-0.047149	-1.212395	-28.204457	-0.015454	-1.250601	-27.824023	-0.062112	-1.147930	-27.805888	-0.078605	-1.208665
3004	41.722014	00:00:41:52	-28.005702	1.692807	-1.238854	-27.954163	1.620558	-1.141515	-28.074957	1.627254	-1.112530	-27.990925	1.569947	-1.237002	-28.005347	1.546920	-1.172013	-28.118150	1.562443	-1.274943	-27.854489	1.575527	-1.200223	-27.951786	1.392780	-1.057781	-27.958291	0.763813	-1.629909	-27.759974	1.183727	-0.779448	-28.097113	-0.016150	-2.049874	-27.764463	1.193893	-0.779444	-28.092615	-0.067912	-2.042569	-27.776229	1.162992	-0.767942	-28.107029	-0.057313	-2.060238	-28.170326	0.940209	-1.218179	-28.146551	1.014396	-1.291529	-27.823159	0.974759	-1.135473	-27.789084	1.000234	-1.229870	-28.157437	0.429911	-1.246636	-27.803206	0.460096	-1.170082	-28.172725	-0.048670	-1.196239	-28.163328	-0.030136	-1.277313	-27.789118	-0.073186	-1.124891	-27.804715	-0.028438	-1.181721
3005	41.735907	00:00:41:53	-27.991425	1.682786	-1.233813	-27.934019	1.634177	-1.113606	-28.036427	1.612705	-1.105388	-28.031360	1.584373	-1.238139	-27.967335	1.559091	-1.191545	-28.143782	1.578380	-1.257814	-27.851009	1.596895	-1.198621	-27.985599	1.360392	-1.059539	-27.980195	0.773550	-1.633468	-27.774881	1.180559	-0.797800	-28.085684	-0.047938	-2.047249	-27.783615	1.140304	-0.806078	-28.104206	-0.050092	-2.067463	-27.778872	1.168113	-0.784164	-28.083464	-0.065240	-2.071042	-28.161484	0.957881	-1.231621	-28.167504	0.976638	-1.283789	-27.832596	0.950235	-1.155043	-27.840562	0.973037	-1.191887	-28.182565	0.471070	-1.250686	-27.776097	0.463299	-1.144885	-28.186303	-0.062577	-1.216120	-28.149128	-0.024804	-1.248563	-27.807814	-0.103878	-1.151579	-27.810483	-0.076644	-1.202440
3006	41.749800	00:00:41:54	-27.971610	1.684064	-1.224226	-27.928837	1.649471	-1.131850	-28.051747	1.636779	-1.128731	-27.974525	1.569387	-1.281454	-27.997490	1.530977	-1.201678	-28.151568	1.546303	-1.230211	-27.827582	1.522604	-1.202364	-27.956267	1.379139	-1.025860	-27.982498	0.773480	-1.631674	-27.765627	1.184245	-0.787007	-28.096371	-0.038666	-2.050323	-27.800981	1.178101	-0.786289	-28.097824	-0.045268	-2.093796	-27.788155	1.159552	-0.806392	-28.095247	-0.045073	-2.024457	-28.171949	0.979130	-1.227649	-28.152172	0.991740	-1.299920	-27.827554	0.953787	-1.152848	-27.818128	0.994194	-1.205631	-28.164049	0.476447	-1.221807	-27.778918	0.436182	-1.170177	-28.127840	-0.053105	-1.200638	-28.149847	-0.036649	-1.253160	-27.826761	-0.092432	-1.144751	-27.806759	-0.045872	-1.206861
3007	41.763694	00:00:41:55	-28.022577	1.718103	-1.243409	-27.972737	1.628589	-1.143082	-28.040517	1.622333	-1.128299	-27.999169	1.566185	-1.211033	-27.992259	1.545346	-1.183683	-28.129369	1.567694	-1.257818	-27.835255	1.592977	-1.206367	-27.958666	1.365419	-1.014716	-27.967817	0.741969	-1.649513	-27.720980	1.142791	-0.774043	-28.112981	-0.041345	-2.054120	-27.759843	1.184950	-0.811119	-28.121638	-0.048952	-2.071216	-27.779110	1.189239	-0.809935	-28.095563	-0.036989	-2.059602	-28.182104	0.958282	-1.264461	-28.159119	1.022202	-1.272305	-27.835405	0.941571	-1.166022	-27.824038	0.992084	-1.246366	-28.175575	0.449692	-1.259968	-27.814309	0.473626	-1.141022	-28.191313	-0.074814	-1.215001	-28.164196	-0.060394	-1.257554	-27.827872	-0.044554	-1.144522	-27.785827	-0.052697	-1.166923
3008	41.777587	00:00:41:56	-28.004473	1.669834	-1.248548	-27.914956	1.627837	-1.115172	-28.087386	1.633326	-1.147024	-27.988367	1.580982	-1.251381	-28.011710	1.555613	-1.188396	-28.144625	1.579143	-1.251677	-27.818940	1.600144	-1.183985	-27.973393	1.341262	-1.027485	-27.986922	0.743152	-1.616798	-27.766975	1.166278	-0.796703	-28.107055	-0.054202	-2.055878	-27.797083	1.189906	-0.776055	-28.077566	-0.056057	-2.050408	-27.761428	1.159920	-0.762585	-28.097194	-0.047824	-2.064938	-28.147919	0.972254	-1.238585	-28.174126	1.003530	-1.296310	-27.797150	0.954953	-1.139627	-27.810775	0.988786	-1.229326	-28.160263	0.476294	-1.276483	-27.818332	0.466973	-1.166675	-28.153419	-0.082838	-1.185908	-28.140241	-0.031860	-1.261630	-27.809683	-0.058821	-1.136009	-27.788900	-0.028371	-1.188842
3009	41.791481	00:00:41:57	-27.958186	1.678986	-1.266017	-27.938894	1.653113	-1.097893	-28.058692	1.638845	-1.126863	-27.988112	1.556646	-1.240068	-27.961308	1.538427	-1.219571	-28.147148	1.554756	-1.244220	-27.844475	1.552173	-1.204733	-27.948582	1.374877	-1.023257	-27.969020	0.759003	-1.623269	-27.809076	1.201366	-0.796235	-28.102149	-0.053671	-2.042104	-27.783724	1.179454	-0.771313	-28.079177	-0.035263	-2.063842	-27.767059	1.163852	-0.799940	-28.088593	-0.042969	-2.074020	-28.165116	0.936872	-1.253203	-28.168970	0.993352	-1.267031	-27.813669	0.932573	-1.142137	-27.801628	0.964527	-1.188348	-28.152194	0.481084	-1.249730	-27.828258	0.458271	-1.191592	-28.169941	-0.093503	-1.181296	-28.171200	-0.039046	-1.237896	-27.818866	-0.058615	-1.123939	-27.811016	-0.054044	-1.183359
3010	41.805374	00:00:41:58	-27.975952	1.683858	-1.218861	-27.990245	1.636448	-1.140252	-28.073639	1.610692	-1.112424	-27.980964	1.543021	-1.249558	-28.002526	1.565605	-1.219159	-28.134035	1.611901	-1.253687	-27.825834	1.576035	-1.197066	-27.973946	1.349570	-1.035203	-27.931948	0.781872	-1.644319	-27.799258	1.170230	-0.819018	-28.103977	-0.049335	-2.068960	-27.760984	1.174710	-0.793226	-28.068213	-0.061023	-2.063552	-27.779703	1.177087	-0.789249	-28.078579	-0.043054	-2.040947	-28.197211	0.955139	-1.250452	-28.161660	0.983321	-1.274232	-27.817965	0.978096	-1.148229	-27.840025	1.001554	-1.206501	-28.153959	0.476295	-1.273379	-27.804902	0.460176	-1.196776	-28.165552	-0.063068	-1.215819	-28.155373	-0.034185	-1.252192	-27.822581	-0.072187	-1.141978	-27.839422	-0.048795	-1.188854
3011	41.819268	00:00:41:59	-27.998860	1.655936	-1.258695	-27.932196	1.619431	-1.110413	-28.097952	1.641090	-1.130989	-27.990392	1.573685	-1.239746	-27.987383	1.540506	-1.201671	-28.128000	1.565233	-1.274055	-27.859215	1.586951	-1.208937	-27.944764	1.366745	-1.017934	-27.980540	0.726339	-1.672501	-27.756933	1.159697	-0.798284	-28.063296	-0.055752	-2.056515	-27.808151	1.158074	-0.783945	-28.090053	-0.060720	-2.076458	-27.771953	1.143278	-0.790647	-28.088662	-0.036185	-2.101415	-28.181609	0.976965	-1.227983	-28.177675	0.971836	-1.244838	-27.821750	0.963338	-1.170067	-27.811842	0.978427	-1.227840	-28.163817	0.468437	-1.250139	-27.798404	0.445565	-1.165135	-28.179965	-0.046257	-1.196269	-28.171910	-0.036740	-1.282962	-27.834684	-0.067723	-1.088357	-27.826143	-0.051550	-1.187870
3012	41.833161	00:00:41:60	-27.969552	1.675930	-1.246208	-27.917300	1.627930	-1.136287	-28.054619	1.632376	-1.130784	-27.995901	1.539738	-1.264634	-28.003866	1.576504	-1.202451	-28.128587	1.575082	-1.255559	-27.840401	1.588359	-1.198520	-27.940608	1.369864	-1.022511	-27.992939	0.789278	-1.645327	-27.801506	1.188069	-0.746574	-28.090556	-0.058691	-2.032615	-27.791605	1.175077	-0.806486	-28.097853	-0.081169	-2.076994	-27.743723	1.198261	-0.760879	-28.087039	-0.048785	-2.082689	-28.155893	0.942990	-1.223347	-28.146738	0.972061	-1.265745	-27.823878	0.959996	-1.132216	-27.811200	0.990547	-1.192251	-28.111390	0.434585	-1.248843	-27.817497	0.457221	-1.164123	-28.195799	-0.067108	-1.194907	-28.124748	-0.047880	-1.253668	-27.834826	-0.058744	-1.142996	-27.831748	-0.045962	-1.163744
3013	41.847055	00:00:41:61	-27.984472	1.687237	-1.233215	-27.958323	1.624626	-1.131329	-28.050673	1.634879	-1.129985	-27.987831	1.554762	-1.240148	-28.021234	1.566707	-1.215622	-28.123303	1.559059	-1.286720	-27.846967	1.550408	-1.198222	-27.933111	1.376469	-1.035963	-28.003970	0.727941	-1.635623	-27.752414	1.168806	-0.814112	-28.076121	-0.049706	-2.082800	-27.776067	1.184932	-0.800116	-28.086046	-0.071537	-2.060230	-27.777751	1.168563	-0.802618	-28.128329	-0.057845	-2.076712	-28.182044	0.970979	-1.212039	-28.153724	0.990978	-1.311196	-27.804615	1.017959	-1.186057	-27.819673	0.992657	-1.200038	-28.160076	0.462847	-1.255720	-27.827158	0.467211	-1.177540	-28.181333	-0.056238	-1.206702	-28.143064	-0.052478	-1.287736	-27.805880	-0.075727	-1.114271	-27.799278	-0.030089	-1.187233
3014	41.860948	00:00:41:62	-27.963760	1.677226	-1.255144	-27.925239	1.629769	-1.106785	-28.058352	1.632792	-1.148486	-27.987788	1.550767	-1.261658	-28.000803	1.557665	-1.196621	-28.117742	1.552670	-1.285797	-27.849119	1.580515	-1.210481	-27.949011	1.375158	-1.028851	-27.974000	0.739163	-1.650377	-27.793213	1.155611	-0.781668	-28.058188	-0.065365	-2.069463	-27.758139	1.173778	-0.805565	-28.086691	-0.101704	-2.069218	-27.774981	1.194468	-0.792787	-28.114439	-0.039816	-2.026593	-28.146407	0.969172	-1.273659	-28.148404	0.993578	-1.251881	-27.827493	0.969474	-1.144995	-27.819626	0.988181	-1.174453	-28.148390	0.443683	-1.232022	-27.811774	0.445162	-1.144847	-28.193046	-0.042130	-1.201920	-28.166924	-0.065892	-1.307828	-27.849761	-0.070341	-1.131431	-27.837130	-0.033126	-1.164617
3015	41.874841	00:00:41:63	-28.014640	1.666379	-1.206513	-27.952754	1.633480	-1.138288	-28.093340	1.630786	-1.134546	-27.987145	1.579112	-1.222060	-28.017140	1.570850	-1.176941	-28.135464	1.549269	-1.269281	-27.832774	1.540496	-1.196664	-27.972523	1.381558	-1.053015	-27.995977	0.754217	-1.648685	-27.738702	1.174740	-0.807562	-28.108538	-0.059308	-2.052923	-27.771898	1.161391	-0.775925	-28.081486	-0.057374	-2.062655	-27.752297	1.175609	-0.776432	-28.083215	-0.064513	-2.044671	-28.176760	0.941221	-1.227848	-28.158467	1.019157	-1.261720	-27.811744	0.960165	-1.134703	-27.804122	0.955758	-1.219276	-28.177849	0.457794	-1.278215	-27.814229	0.451969	-1.175751	-28.168030	-0.066512	-1.211108	-28.162310	-0.048730	-1.226979	-27.787821	-0.053945	-1.105524	-27.786555	-0.029922	-1.214795
3016	41.888735	00:00:41:64	-28.016979	1.652232	-1.259063	-27.932115	1.681862	-1.134315	-28.064602	1.626482	-1.158021	-27.987842	1.560442	-1.242325	-28.005026	1.560927	-1.186077	-28.133935	1.565630	-1.286513	-27.836861	1.553252	-1.194742	-27.968803	1.376927	-1.021625	-27.950150	0.758494	-1.645424	-27.808664	1.142121	-0.783056	-28.104862	-0.027602	-2.059761	-27.817784	1.157328	-0.751395	-28.093591	-0.030475	-2.031830	-27.741222	1.165318	-0.782529	-28.083795	-0.051723	-2.037965	-28.144774	0.956938	-1.220737	-28.159946	0.998633	-1.301997	-27.815687	0.951350	-1.154566	-27.814618	0.990179	-1.181795	-28.165286	0.454062	-1.220941	-27.823709	0.425135	-1.175540	-28.155691	-0.059357	-1.223856	-28.187388	-0.036242	-1.291283	-27.832021	-0.064089	-1.146478	-27.780584	-0.047866	-1.173582
3017	41.902628	00:00:41:65	-27.975100	1.679817	-1.238736	-27.952609	1.654836	-1.119104	-28.094161	1.621582	-1.133204	-28.009507	1.571949	-1.237495	-27.978537	1.561779	-1.194877	-28.144981	1.565697	-1.254782	-27.863347	1.560039	-1.192818	-27.977624	1.385641	-1.051071	-27.936507	0.738760	-1.649948	-27.784169	1.197580	-0.791346	-28.099476	0.000092	-2.056650	-27.783829	1.168385	-0.804599	-28.108237	-0.051607	-2.046243	-27.780425	1.119664	-0.774435	-28.101993	-0.073085	-2.052711	-28.187161	0.960493	-1.243455	-28.157993	0.989619	-1.296349	-27.826471	0.968829	-1.173586	-27.780688	0.998388	-1.174251	-28.160744	0.438530	-1.276976	-27.832141	0.467315	-1.189079	-28.159430	-0.058906	-1.222942	-28.147792	-0.046250	-1.229537	-27.800048	-0.089782	-1.145788	-27.817026	-0.058587	-1.177259
3018	41.916522	00:00:41:66	-27.989324	1.692567	-1.252562	-27.962720	1.620869	-1.154801	-28.085570	1.599582	-1.085699	-28.013599	1.554599	-1.238349	-27.970207	1.558557	-1.179952	-28.128306	1.550356	-1.272499	-27.833493	1.555493	-1.190866	-27.970457	1.354285	-1.049981	-27.984878	0.747054	-1.609571	-27.785087	1.211517	-0.794582	-28.107370	-0.056989	-2.046070	-27.792697	1.186318	-0.784274	-28.083081	-0.035984	-2.085232	-27.778390	1.186002	-0.784018	-28.073832	-0.075471	-2.058553	-28.152324	0.923048	-1.240649	-28.179927	0.996332	-1.284991	-27.857452	0.966027	-1.174017	-27.827822	0.999983	-1.190192	-28.158899	0.446902	-1.235444	-27.799496	0.462776	-1.149297	-28.159888	-0.076396	-1.199433	-28.180704	-0.048545	-1.296574	-27.822519	-0.089131	-1.126372	-27.807971	-0.019641	-1.186657
3019	41.930415	00:00:41:67	-27.955099	1.694661	-1.272954	-27.943945	1.651713	-1.146448	-28.067194	1.640109	-1.140175	-27.953037	1.588517	-1.231466	-27.991058	1.541412	-1.176619	-28.127394	1.582006	-1.237645	-27.790325	1.540875	-1.201166	-27.980484	1.365958	-1.014525	-27.961438	0.743651	-1.624023	-27.775691	1.196890	-0.771670	-28.085024	-0.041926	-2.048240	-27.759304	1.155526	-0.793715	-28.100510	-0.001264	-2.077111	-27.762408	1.137830	-0.808051	-28.120294	-0.067195	-2.062717	-28.154057	0.962994	-1.231033	-28.149879	0.978447	-1.295274	-27.859864	0.940231	-1.163063	-27.814449	0.955753	-1.186185	-28.137259	0.510504	-1.250556	-27.828352	0.445066	-1.175114	-28.188561	-0.091929	-1.193782	-28.126219	-0.019337	-1.262645	-27.810949	-0.037534	-1.114443	-27.832074	-0.053585	-1.175868
3020	41.944309	00:00:41:68	-27.986190	1.694276	-1.237086	-27.942136	1.658511	-1.092280	-28.079631	1.623325	-1.135854	-27.974655	1.542454	-1.250637	-27.985444	1.570138	-1.207897	-28.102586	1.586908	-1.266856	-27.817284	1.544752	-1.193355	-27.958059	1.375479	-1.065427	-27.954298	0.778718	-1.637969	-27.778467	1.166155	-0.742436	-28.067375	-0.049586	-2.036440	-27.755712	1.184526	-0.765735	-28.121474	-0.011898	-2.027809	-27.754698	1.176435	-0.769320	-28.095638	-0.032797	-2.045592	-28.159364	0.962537	-1.239326	-28.156744	1.001808	-1.273874	-27.804232	0.986607	-1.169995	-27.793909	0.988852	-1.230016	-28.170650	0.479561	-1.269884	-27.824787	0.471455	-1.186344	-28.167281	-0.069128	-1.225681	-28.165781	-0.042217	-1.237521	-27.796777	-0.066810	-1.126845	-27.795350	-0.034439	-1.209452
3021	41.958202	00:00:41:69	-27.958555	1.707969	-1.249709	-27.986915	1.648657	-1.112107	-28.075173	1.634308	-1.143817	-27.957650	1.578338	-1.220202	-27.997131	1.534566	-1.187035	-28.120690	1.553838	-1.288045	-27.811191	1.585637	-1.246545	-27.951646	1.354008	-1.027734	-27.961589	0.769624	-1.619072	-27.796694	1.161794	-0.787792	-28.109215	-0.029701	-2.074128	-27.775170	1.188655	-0.745196	-28.100356	-0.080565	-2.110398	-27.769715	1.185255	-0.768732	-28.085542	-0.031701	-2.091962	-28.186834	0.970868	-1.228911	-28.160543	0.973408	-1.286160	-27.807693	0.958903	-1.143715	-27.803098	0.994899	-1.198922	-28.151553	0.466803	-1.240402	-27.821774	0.461592	-1.178844	-28.170031	-0.071807	-1.207581	-28.156338	-0.059518	-1.288763	-27.824053	-0.080303	-1.133500	-27.812527	-0.030929	-1.181481
3022	41.972096	00:00:41:70	-27.974619	1.669053	-1.250527	-27.960317	1.604148	-1.129479	-28.074162	1.657735	-1.129045	-27.963336	1.584902	-1.237721	-27.970789	1.548230	-1.213990	-28.106508	1.536480	-1.259133	-27.836701	1.576551	-1.208444	-27.950622	1.390015	-1.015999	-27.955986	0.765049	-1.631231	-27.750566	1.192913	-0.774244	-28.109111	-0.053028	-2.077118	-27.781258	1.179296	-0.787881	-28.103195	-0.059322	-2.073780	-27.772111	1.187023	-0.752327	-28.144026	-0.088257	-2.040803	-28.171581	0.959430	-1.200674	-28.198775	0.977584	-1.261135	-27.828568	0.977706	-1.157554	-27.791136	1.012332	-1.237564	-28.150592	0.471980	-1.279165	-27.831539	0.462940	-1.151765	-28.165579	-0.049883	-1.196620	-28.174696	-0.015828	-1.264874	-27.802881	-0.072857	-1.116094	-27.802531	-0.024816	-1.196473
3023	41.985989	00:00:41:71	-28.016308	1.683736	-1.239674	-27.936169	1.631057	-1.122790	-28.089922	1.610501	-1.149060	-27.989969	1.555062	-1.234796	-27.980448	1.551347	-1.208500	-28.144506	1.561472	-1.266956	-27.860464	1.580531	-1.198832	-27.941000	1.389773	-1.042813	-27.966170	0.765536	-1.620112	-27.777754	1.171225	-0.802487	-28.093453	-0.052310	-2.067906	-27.774502	1.199328	-0.779778	-28.076245	-0.018364	-2.061220	-27.783845	1.152719	-0.766337	-28.088013	-0.045909	-2.053045	-28.152983	0.951924	-1.211314	-28.147295	0.992664	-1.284324	-27.802077	0.978309	-1.165985	-27.776568	1.024014	-1.231452	-28.158716	0.445675	-1.236543	-27.852665	0.479829	-1.159115	-28.195783	-0.041772	-1.213439	-28.169204	-0.023428	-1.263134	-27.817670	-0.091278	-1.134181	-27.806926	-0.036061	-1.184925
3024	41.999882	00:00:41:00	-28.000252	1.690026	-1.216975	-27.912786	1.633010	-1.107081	-28.074348	1.640009	-1.113706	-28.014194	1.557845	-1.237340	-27.992423	1.541612	-1.218109	-28.149292	1.532997	-1.262246	-27.838233	1.551843	-1.186563	-27.942767	1.357000	-1.027430	-27.965668	0.747192	-1.618248	-27.768554	1.160496	-0.762503	-28.086801	-0.037984	-2.028992	-27.760339	1.185419	-0.789810	-28.086720	-0.074556	-2.085759	-27.791491	1.175026	-0.784913	-28.109890	-0.042946	-2.063935	-28.192470	0.948329	-1.217178	-28.148676	0.988770	-1.287314	-27.839394	0.963546	-1.145832	-27.840022	0.987142	-1.199526	-28.184907	0.443095	-1.268432	-27.821050	0.476649	-1.164517	-28.168762	-0.043437	-1.228025	-28.182928	-0.051388	-1.275807	-27.826956	-0.105525	-1.112273	-27.808433	-0.025843	-1.204454
3025	42.013776	00:00:42:01	-27.982002	1.693856	-1.204516	-27.958886	1.614630	-1.110571	-28.072044	1.614738	-1.139347	-27.962026	1.559958	-1.242644	-28.016520	1.537641	-1.186201	-28.142799	1.552738	-1.276502	-27.839352	1.566101	-1.200436	-27.968481	1.343854	-1.046472	-27.971816	0.754492	-1.631625	-27.760445	1.175818	-0.774107	-28.084370	-0.030063	-2.075632	-27.810586	1.174940	-0.777500	-28.105350	-0.043115	-2.069738	-27.797964	1.173266	-0.779954	-28.066149	-0.061246	-2.067136	-28.173168	0.945414	-1.257059	-28.163828	0.971486	-1.265744	-27.848715	0.972249	-1.130153	-27.791834	0.981546	-1.180534	-28.153677	0.436097	-1.260750	-27.800874	0.444004	-1.181785	-28.177669	-0.062897	-1.224986	-28.193500	-0.039861	-1.265022	-27.801055	-0.073642	-1.164059	-27.786461	-0.054521	-1.198891
3026	42.027669	00:00:42:02	-27.981123	1.695404	-1.228192	-27.941795	1.657640	-1.124942	-28.083386	1.631448	-1.143100	-27.976763	1.583151	-1.263638	-28.017108	1.523733	-1.123595	-28.125601	1.571652	-1.272511	-27.813114	1.570179	-1.190645	-27.987380	1.367305	-1.013969	-27.973683	0.751557	-1.611701	-27.767258	1.188288	-0.825175	-28.120424	-0.066080	-2.061647	-27.802585	1.160942	-0.767605	-28.100608	-0.052661	-2.047628	-27.751070	1.188612	-0.763759	-28.095805	-0.023003	-2.071877	-28.173540	0.948168	-1.209526	-28.166047	0.943059	-1.299585	-27.798618	0.981286	-1.124971	-27.806412	0.997000	-1.220224	-28.180708	0.467769	-1.234739	-27.820413	0.456178	-1.133876	-28.167736	-0.081687	-1.227321	-28.149303	-0.048720	-1.234377	-27.808254	-0.080646	-1.133805	-27.798165	-0.047702	-1.222585
3027	42.041563	00:00:42:03	-27.989571	1.675278	-1.233669	-27.964404	1.630279	-1.104915	-28.106250	1.639841	-1.155376	-27.977541	1.551121	-1.224294	-27.992220	1.543288	-1.200174	-28.144375	1.593520	-1.268103	-27.823147	1.541659	-1.189085	-27.950540	1.369995	-1.020931	-27.982154	0.758459	-1.606446	-27.808209	1.196829	-0.817123	-28.088841	-0.034301	-2.053360	-27.775970	1.161835	-0.779270	-28.096353	-0.032884	-2.074037	-27.743497	1.183251	-0.792284	-28.061126	-0.036511	-2.066999	-28.181838	0.922093	-1.242791	-28.179618	1.008794	-1.309592	-27.844971	0.959445	-1.181241	-27.810725	0.998348	-1.207730	-28.184879	0.447197	-1.250007	-27.795945	0.446915	-1.188563	-28.187539	-0.065782	-1.212995	-28.129602	-0.023666	-1.263705	-27.777290	-0.079296	-1.127465	-27.816980	-0.078681	-1.172850
3028	42.055456	00:00:42:04	-28.005336	1.707961	-1.219435	-27.974126	1.623605	-1.117512	-28.053581	1.609844	-1.155598	-28.010936	1.571149	-1.227508	-27.992274	1.532371	-1.205405	-28.090116	1.552692	-1.244005	-27.855976	1.564462	-1.195381	-27.938224	1.331200	-1.026037	-27.998585	0.770630	-1.639007	-27.773994	1.176318	-0.787324	-28.120046	-0.064193	-2.053513	-27.802619	1.167602	-0.770377	-28.105564	-0.000453	-2.038526	-27.763824	1.167994	-0.740688	-28.113854	-0.046805	-2.051911	-28.175854	0.953067	-1.255301	-28.168936	0.979798	-1.282495	-27.837487	0.940068	-1.146537	-27.812814	0.985161	-1.201945	-28.161177	0.482867	-1.231141	-27.824596	0.494321	-1.150535	-28.165212	-0.082183	-1.220128	-28.124276	-0.027776	-1.311711	-27.833419	-0.066406	-1.143200	-27.805955	-0.054585	-1.205746
3029	42.069350	00:00:42:05	-27.987818	1.673759	-1.245630	-27.964322	1.639351	-1.113454	-28.051228	1.624690	-1.134847	-27.940687	1.543836	-1.246920	-28.016827	1.549380	-1.196205	-28.121158	1.561313	-1.249668	-27.855498	1.576067	-1.207950	-27.931735	1.381770	-0.998566	-27.930164	0.762586	-1.640179	-27.756898	1.169306	-0.790245	-28.093048	-0.051491	-2.043533	-27.762518	1.166688	-0.806057	-28.113045	-0.055967	-2.024236	-27.786029	1.208329	-0.797544	-28.102104	-0.049773	-2.058968	-28.160369	0.978913	-1.236571	-28.129257	0.931237	-1.265638	-27.835584	0.989558	-1.119867	-27.831058	0.983763	-1.199675	-28.169396	0.455092	-1.263224	-27.822609	0.443603	-1.174126	-28.161619	-0.071597	-1.210524	-28.156818	-0.015553	-1.267334	-27.812116	-0.057541	-1.120309	-27.824760	-0.054654	-1.184613
3030	42.083243	00:00:42:06	-27.975685	1.674487	-1.262782	-27.969075	1.634865	-1.089559	-28.074654	1.621072	-1.153764	-27.988798	1.573472	-1.244217	-27.988430	1.558806	-1.210065	-28.113219	1.539431	-1.280007	-27.818666	1.562487	-1.184679	-27.976739	1.361074	-1.003225	-27.940776	0.758707	-1.666810	-27.796989	1.164923	-0.747577	-28.071803	-0.038565	-2.061608	-27.783259	1.162377	-0.795498	-28.088723	-0.035560	-2.074790	-27.774302	1.162207	-0.784697	-28.069144	-0.042958	-2.067206	-28.198898	0.957535	-1.202595	-28.127030	0.993374	-1.264216	-27.805472	0.956866	-1.149049	-27.824730	1.002800	-1.214562	-28.142430	0.426913	-1.239363	-27.801612	0.492026	-1.163736	-28.182976	-0.025166	-1.207165	-28.167568	-0.055009	-1.282574	-27.826639	-0.068625	-1.125437	-27.807892	-0.032602	-1.197613
3031	42.097137	00:00:42:07	-27.984352	1.688375	-1.242096	-27.930868	1.624202	-1.131874	-28.065077	1.622577	-1.153767	-27.979410	1.581078	-1.262090	-28.012284	1.528251	-1.204302	-28.138421	1.582606	-1.263453	-27.826153	1.566493	-1.205354	-27.951388	1.407702	-1.024951	-27.945176	0.778472	-1.670550	-27.803378	1.191359	-0.760744	-28.082431	-0.035055	-2.028810	-27.771009	1.191080	-0.753898	-28.109763	-0.043812	-2.058505	-27.816290	1.181007	-0.826552	-28.104629	-0.072512	-2.066684	-28.179867	0.956362	-1.252286	-28.193459	1.006221	-1.250584	-27.838876	0.954769	-1.143510	-27.824712	0.983663	-1.183014	-28.165611	0.483974	-1.225606	-27.800296	0.465590	-1.153133	-28.150887	-0.082922	-1.239512	-28.173187	-0.045635	-1.239326	-27.818364	-0.052876	-1.141048	-27.818328	-0.007374	-1.186091
3032	42.111030	00:00:42:08	-27.984203	1.679954	-1.225933	-27.964623	1.666568	-1.123841	-28.037191	1.608728	-1.134090	-27.979549	1.546766	-1.243362	-28.004932	1.593830	-1.204688	-28.117140	1.588355	-1.286692	-27.821901	1.574165	-1.191618	-27.970496	1.387238	-1.005367	-27.967432	0.763976	-1.609988	-27.778752	1.168779	-0.777478	-28.096751	-0.068602	-2.069376	-27.804872	1.200087	-0.764215	-28.119416	-0.048313	-2.026051	-27.783619	1.157580	-0.769622	-28.105324	-0.053526	-2.061350	-28.172299	0.944263	-1.231304	-28.160584	0.998897	-1.288695	-27.827796	0.961759	-1.151632	-27.780019	1.034323	-1.193386	-28.171317	0.431102	-1.240950	-27.805601	0.447182	-1.169635	-28.168255	-0.048498	-1.215989	-28.145085	-0.056384	-1.247543	-27.812490	-0.046148	-1.127844	-27.794635	-0.048051	-1.187316
3033	42.124923	00:00:42:09	-27.984753	1.687394	-1.192284	-27.991179	1.628299	-1.109821	-28.058160	1.616860	-1.138267	-27.993395	1.559550	-1.226385	-27.991575	1.540998	-1.208794	-28.129028	1.565058	-1.317055	-27.857373	1.584305	-1.208303	-27.945475	1.380427	-1.017307	-27.955965	0.764005	-1.658636	-27.793852	1.181741	-0.784910	-28.114109	-0.090080	-2.058731	-27.793504	1.167094	-0.786542	-28.069588	-0.067438	-2.051238	-27.776063	1.165037	-0.758186	-28.114795	-0.072695	-2.051795	-28.170093	0.914898	-1.259383	-28.154714	0.990505	-1.275477	-27.842133	0.974361	-1.152571	-27.791941	0.980745	-1.197739	-28.182740	0.469897	-1.248300	-27.819026	0.438824	-1.184602	-28.201438	-0.069926	-1.226828	-28.158275	-0.025356	-1.295893	-27.853192	-0.053921	-1.126819	-27.844896	-0.026301	-1.199180
3034	42.138817	00:00:42:10	-28.009316	1.645791	-1.246311	-27.965805	1.646323	-1.158865	-28.061828	1.651117	-1.167718	-27.974845	1.584570	-1.227781	-27.978910	1.539103	-1.223681	-28.115230	1.564960	-1.277242	-27.853228	1.585011	-1.171906	-27.966144	1.378113	-1.015035	-27.961339	0.752623	-1.622624	-27.764744	1.131022	-0.804420	-28.082477	-0.023204	-2.052448	-27.779399	1.175942	-0.787554	-28.106006	-0.052503	-2.039466	-27.780392	1.159221	-0.768079	-28.064304	-0.040441	-2.073749	-28.172065	0.950692	-1.243280	-28.176486	0.958077	-1.317428	-27.812994	0.960590	-1.163510	-27.819961	0.997396	-1.186636	-28.147989	0.468196	-1.237758	-27.838197	0.438291	-1.178519	-28.167420	-0.064232	-1.189132	-28.189503	-0.049976	-1.305734	-27.826951	-0.074979	-1.092922	-27.798539	-0.089254	-1.218216
3035	42.152710	00:00:42:11	-27.984128	1.696624	-1.237696	-27.948834	1.605735	-1.130346	-28.066505	1.605190	-1.161402	-27.993424	1.549896	-1.217784	-27.991491	1.567558	-1.202366	-28.153843	1.536324	-1.290174	-27.841221	1.525644	-1.177829	-27.965311	1.351794	-1.009827	-27.968044	0.758893	-1.680382	-27.794572	1.189938	-0.817808	-28.115606	-0.041319	-2.069633	-27.787795	1.165718	-0.794590	-28.117545	-0.047197	-2.055922	-27.815425	1.180102	-0.793313	-28.119130	-0.072384	-2.058349	-28.140870	0.984343	-1.228187	-28.155493	0.982145	-1.319711	-27.830693	0.944983	-1.157831	-27.822469	1.023911	-1.181373	-28.145239	0.470402	-1.259516	-27.827459	0.461143	-1.136460	-28.155058	-0.056947	-1.173045	-28.189570	-0.070481	-1.289875	-27.801746	-0.060989	-1.149025	-27.806492	-0.050878	-1.182899
3036	42.166604	00:00:42:12	-27.967386	1.665841	-1.227142	-27.965703	1.649610	-1.137483	-28.083555	1.649743	-1.142163	-27.936344	1.543019	-1.220830	-27.942091	1.552482	-1.210289	-28.141251	1.581024	-1.249168	-27.823082	1.568790	-1.218108	-27.921753	1.344374	-1.020321	-27.968747	0.760890	-1.626891	-27.786918	1.166797	-0.785014	-28.085437	-0.045472	-2.064744	-27.800192	1.142434	-0.793904	-28.094667	-0.041063	-2.084829	-27.782578	1.194384	-0.785729	-28.102001	-0.039759	-2.050292	-28.194032	0.979539	-1.231439	-28.159442	0.952722	-1.276030	-27.871622	0.967895	-1.132843	-27.804106	0.984484	-1.205656	-28.149243	0.458205	-1.244451	-27.802034	0.439984	-1.157911	-28.149079	-0.086069	-1.211565	-28.161057	-0.012738	-1.244140	-27.815504	-0.069103	-1.137981	-27.792277	-0.024466	-1.153134
3037	42.180497	00:00:42:13	-27.978396	1.636779	-1.235095	-27.916147	1.620354	-1.105129	-28.079673	1.640821	-1.158088	-27.998388	1.561084	-1.256594	-27.989190	1.511563	-1.202149	-28.160327	1.578798	-1.288661	-27.840262	1.564850	-1.201811	-27.973395	1.379206	-1.028961	-27.949241	0.776493	-1.656448	-27.807513	1.208127	-0.816870	-28.114049	-0.054593	-2.050161	-27.801715	1.170570	-0.776973	-28.095946	-0.050007	-2.061076	-27.788322	1.150167	-0.778121	-28.071486	-0.066780	-2.053538	-28.200934	0.955887	-1.230383	-28.178331	0.974567	-1.285770	-27.831242	0.950855	-1.127070	-27.805453	0.979265	-1.201518	-28.167835	0.461998	-1.274146	-27.830986	0.447325	-1.168443	-28.169742	-0.068097	-1.201351	-28.185687	-0.019239	-1.255563	-27.828096	-0.050244	-1.090125	-27.810354	-0.064215	-1.187511
3038	42.194391	00:00:42:14	-27.974549	1.674365	-1.244317	-27.964659	1.631153	-1.121837	-28.066897	1.666376	-1.141660	-27.976558	1.573810	-1.233765	-27.969760	1.541245	-1.199207	-28.119836	1.559019	-1.268944	-27.843631	1.532226	-1.226573	-27.992271	1.377908	-1.032377	-27.963054	0.761501	-1.636252	-27.797166	1.176201	-0.799404	-28.084976	-0.036314	-2.059283	-27.802574	1.177506	-0.782357	-28.091120	-0.059570	-2.048735	-27.771263	1.179219	-0.788513	-28.107725	-0.044436	-2.091219	-28.179961	0.978187	-1.236567	-28.152877	1.003024	-1.307892	-27.817423	0.981457	-1.166471	-27.800443	1.008269	-1.209664	-28.157397	0.462111	-1.255104	-27.789827	0.468973	-1.165753	-28.156518	-0.088168	-1.202234	-28.160257	-0.036411	-1.271267	-27.777358	-0.089741	-1.120943	-27.805975	-0.034187	-1.160852
3039	42.208284	00:00:42:15	-27.982379	1.690940	-1.258326	-27.962804	1.628001	-1.121970	-28.098281	1.647824	-1.125967	-27.967306	1.570325	-1.224167	-27.996586	1.530654	-1.211706	-28.100912	1.584784	-1.292022	-27.873698	1.553870	-1.195607	-27.942319	1.358930	-1.016725	-27.988289	0.753711	-1.624113	-27.813553	1.187566	-0.763340	-28.146538	-0.002813	-2.046763	-27.794632	1.188719	-0.786459	-28.090782	-0.041051	-2.035965	-27.818970	1.155012	-0.785009	-28.078353	-0.038132	-2.071137	-28.163564	0.958651	-1.224400	-28.147844	0.951755	-1.266197	-27.824500	0.982644	-1.145789	-27.840706	0.984155	-1.201447	-28.151269	0.463281	-1.252186	-27.807620	0.500551	-1.179386	-28.172504	-0.064389	-1.229890	-28.157885	-0.028142	-1.274476	-27.810080	-0.060191	-1.130228	-27.796887	-0.052749	-1.176695
3040	42.222178	00:00:42:16	-27.963965	1.718702	-1.228800	-27.962756	1.630222	-1.132461	-28.054818	1.624123	-1.101585	-28.001563	1.554745	-1.250908	-27.991365	1.580346	-1.182567	-28.127010	1.538053	-1.274457	-27.840116	1.605329	-1.167221	-27.978008	1.364040	-1.028981	-27.984986	0.754260	-1.619912	-27.774265	1.165081	-0.792135	-28.066141	-0.060299	-2.053991	-27.782405	1.156353	-0.779149	-28.092265	-0.048174	-2.055617	-27.790167	1.158534	-0.766477	-28.083105	-0.053403	-2.062596	-28.168211	0.956845	-1.220515	-28.180221	0.995253	-1.292975	-27.821862	0.988527	-1.150780	-27.815282	0.990794	-1.214838	-28.165005	0.462360	-1.252622	-27.803479	0.448160	-1.155861	-28.162477	-0.082372	-1.225433	-28.144906	-0.056713	-1.257727	-27.812401	-0.057098	-1.139221	-27.810553	-0.050020	-1.175570
3041	42.236071	00:00:42:17	-27.977159	1.665668	-1.199595	-27.955687	1.628151	-1.101330	-28.065449	1.653340	-1.141011	-27.971345	1.540775	-1.254474	-27.959225	1.569041	-1.212163	-28.117737	1.546191	-1.243268	-27.837218	1.538766	-1.186304	-27.932529	1.367184	-1.001642	-27.977839	0.785539	-1.619218	-27.796905	1.165448	-0.779278	-28.090055	-0.049188	-2.035479	-27.786260	1.174467	-0.746891	-28.091007	-0.046382	-2.049472	-27.784946	1.175138	-0.775824	-28.087195	-0.029382	-2.084558	-28.148252	0.964330	-1.236106	-28.168421	0.984486	-1.276708	-27.808272	0.960850	-1.191190	-27.803837	0.984495	-1.198267	-28.162035	0.441757	-1.245077	-27.800406	0.465738	-1.150574	-28.147850	-0.054383	-1.180937	-28.144070	-0.037585	-1.257966	-27.831005	-0.031249	-1.120080	-27.808725	-0.015056	-1.180658
3042	42.249964	00:00:42:18	-27.999784	1.687985	-1.227800	-27.954353	1.615876	-1.093969	-28.085257	1.657486	-1.141937	-28.005949	1.561024	-1.239912	-27.979212	1.513589	-1.240118	-28.146398	1.589042	-1.280904	-27.845616	1.560111	-1.243837	-27.939552	1.393846	-1.034146	-27.970580	0.791500	-1.613383	-27.793619	1.165147	-0.798859	-28.060621	-0.060652	-2.042731	-27.783623	1.161848	-0.776371	-28.104462	-0.022185	-2.062776	-27.794929	1.172031	-0.765214	-28.078905	-0.050036	-2.067303	-28.158213	0.954360	-1.212546	-28.149419	1.002711	-1.322201	-27.822661	0.973943	-1.150705	-27.771984	0.995697	-1.176404	-28.158872	0.491214	-1.254847	-27.805265	0.453109	-1.166312	-28.142357	-0.093084	-1.224440	-28.175456	-0.025164	-1.293271	-27.839205	-0.074470	-1.132804	-27.789749	-0.026977	-1.190885
3043	42.263858	00:00:42:19	-27.986894	1.684103	-1.270350	-27.976015	1.621734	-1.105924	-28.052678	1.626536	-1.112191	-27.976168	1.529712	-1.246131	-28.010894	1.556497	-1.204770	-28.126851	1.542187	-1.293775	-27.844755	1.563362	-1.191300	-27.959323	1.356234	-1.000672	-27.971971	0.792206	-1.638692	-27.778500	1.189376	-0.784627	-28.104617	-0.035164	-2.054904	-27.802927	1.164258	-0.774069	-28.117216	-0.039860	-2.079375	-27.769010	1.158141	-0.789581	-28.114217	-0.057335	-2.081774	-28.194091	0.973525	-1.254178	-28.155626	0.984321	-1.302942	-27.838270	0.956176	-1.135313	-27.815447	0.992623	-1.193610	-28.176862	0.457628	-1.220452	-27.821143	0.438567	-1.146148	-28.171570	-0.061686	-1.231875	-28.148801	-0.068292	-1.272998	-27.837179	-0.058609	-1.127142	-27.785963	-0.055634	-1.176790
3044	42.277751	00:00:42:20	-27.957771	1.667667	-1.252375	-27.965864	1.629926	-1.112425	-28.085175	1.625004	-1.158159	-28.004647	1.551754	-1.235075	-27.973639	1.569923	-1.223886	-28.170045	1.577938	-1.240685	-27.847954	1.563247	-1.176331	-27.961319	1.366376	-1.006685	-27.976832	0.777297	-1.631929	-27.811721	1.158177	-0.751690	-28.102441	-0.062263	-2.057129	-27.789094	1.201666	-0.771568	-28.096151	-0.050043	-2.061364	-27.773970	1.187310	-0.782706	-28.094509	-0.024302	-2.087090	-28.164526	0.945586	-1.242629	-28.110093	0.990984	-1.296074	-27.821514	0.966969	-1.133928	-27.809837	0.993155	-1.221750	-28.167728	0.464754	-1.276096	-27.800945	0.462481	-1.165177	-28.188971	-0.076029	-1.231181	-28.145258	-0.034494	-1.247147	-27.849201	-0.060580	-1.096595	-27.850429	-0.053329	-1.203421
3045	42.291645	00:00:42:21	-27.972785	1.689514	-1.211873	-27.951338	1.659793	-1.103076	-28.072700	1.641038	-1.160452	-27.999451	1.534808	-1.228865	-27.989705	1.560074	-1.221365	-28.146908	1.602816	-1.270443	-27.824150	1.526669	-1.217225	-27.960663	1.379367	-1.048760	-27.954585	0.735730	-1.644541	-27.818650	1.145243	-0.775065	-28.110977	-0.049431	-2.061416	-27.796017	1.176762	-0.765818	-28.099034	-0.072586	-2.052350	-27.800489	1.177419	-0.774378	-28.088221	-0.044645	-2.069719	-28.169849	0.977979	-1.244516	-28.131080	1.003888	-1.281878	-27.830154	0.951368	-1.140069	-27.817846	0.975909	-1.198650	-28.155646	0.447908	-1.267776	-27.822828	0.493546	-1.148789	-28.187414	-0.078627	-1.223053	-28.152730	-0.055473	-1.294217	-27.813178	-0.058056	-1.150819	-27.803415	-0.057500	-1.186492
3046	42.305538	00:00:42:22	-27.997659	1.689864	-1.248411	-27.950325	1.639601	-1.143551	-28.056771	1.635604	-1.173368	-27.989029	1.580807	-1.243036	-27.961628	1.581359	-1.182704	-28.111686	1.581902	-1.255394	-27.850379	1.543570	-1.192131	-27.922230	1.361011	-1.014334	-27.954631	0.763976	-1.656730	-27.827582	1.175688	-0.782541	-28.093012	-0.020929	-2.036822	-27.788731	1.172855	-0.760067	-28.088075	-0.057768	-2.031830	-27.785704	1.168105	-0.739042	-28.102105	-0.053629	-2.053113	-28.158975	0.985862	-1.252285	-28.151452	0.981135	-1.307092	-27.835207	0.946080	-1.148159	-27.807796	0.974783	-1.221145	-28.192350	0.437476	-1.231110	-27.814508	0.471735	-1.178106	-28.173775	-0.063594	-1.187996	-28.138036	-0.017022	-1.253394	-27.798134	-0.065388	-1.159286	-27.809137	-0.051691	-1.201004
3047	42.319432	00:00:42:23	-28.003827	1.679720	-1.255388	-27.991594	1.623300	-1.107622	-28.052402	1.611450	-1.119157	-27.957611	1.582178	-1.258411	-27.981052	1.530931	-1.198832	-28.138736	1.585060	-1.284965	-27.860649	1.571248	-1.209820	-27.962981	1.380863	-1.029163	-27.977920	0.788632	-1.620714	-27.798464	1.176040	-0.802047	-28.092589	-0.035813	-2.046127	-27.794172	1.165161	-0.787980	-28.094211	-0.063874	-2.034074	-27.801896	1.182160	-0.765479	-28.078200	-0.065215	-2.063449	-28.167571	0.972241	-1.293223	-28.120974	1.005744	-1.282172	-27.811221	0.957354	-1.150400	-27.803466	0.996745	-1.236261	-28.152506	0.478588	-1.266992	-27.835438	0.423558	-1.162735	-28.152708	-0.045068	-1.241337	-28.165538	-0.061305	-1.270751	-27.827244	-0.074311	-1.098381	-27.813928	0.000193	-1.171207
3048	42.333325	00:00:42:24	-27.987445	1.679251	-1.241898	-27.970298	1.634899	-1.145315	-28.083870	1.649557	-1.165692	-28.023792	1.567757	-1.258048	-28.018601	1.561237	-1.209134	-28.143218	1.542469	-1.283037	-27.867374	1.590431	-1.203231	-27.962361	1.356642	-1.018705	-27.957502	0.749215	-1.655477	-27.768603	1.157050	-0.786277	-28.051047	-0.060937	-2.043277	-27.786691	1.172674	-0.789561	-28.096398	-0.020986	-2.106874	-27.797833	1.182956	-0.776870	-28.095647	-0.064929	-2.058388	-28.168527	0.981520	-1.241788	-28.160181	0.989120	-1.284927	-27.854588	0.927258	-1.140139	-27.845157	0.994226	-1.210568	-28.150736	0.439806	-1.268752	-27.820511	0.470106	-1.135922	-28.160408	-0.103979	-1.237587	-28.147888	-0.036376	-1.275439	-27.805093	-0.086891	-1.132634	-27.790977	-0.028640	-1.178858
3049	42.347219	00:00:42:25	-27.992484	1.700856	-1.210883	-27.962248	1.628548	-1.121298	-28.076459	1.631770	-1.126346	-27.972994	1.563918	-1.219153	-28.016660	1.539669	-1.206914	-28.127531	1.573774	-1.277425	-27.844745	1.575984	-1.180971	-27.962628	1.390646	-1.028130	-27.955467	0.746364	-1.624510	-27.814627	1.175217	-0.806397	-28.100928	-0.037201	-2.054822	-27.786988	1.145296	-0.768345	-28.067561	-0.059143	-2.070839	-27.819126	1.191381	-0.791706	-28.089307	-0.064403	-2.088097	-28.163247	0.965655	-1.244638	-28.138018	0.993643	-1.301612	-27.812475	0.984580	-1.149842	-27.840135	0.997475	-1.189279	-28.125472	0.449495	-1.266255	-27.795764	0.480071	-1.198392	-28.182062	-0.074918	-1.197656	-28.160034	-0.045649	-1.262720	-27.814008	-0.055152	-1.141769	-27.820616	-0.037571	-1.156518
3050	42.361112	00:00:42:26	-27.980274	1.712244	-1.246965	-27.951168	1.659440	-1.123043	-28.074913	1.629120	-1.147912	-27.991071	1.580148	-1.252675	-27.992810	1.514863	-1.169175	-28.145847	1.570782	-1.297800	-27.845620	1.566634	-1.200865	-27.969849	1.366292	-1.011483	-27.976033	0.738612	-1.609376	-27.786640	1.138811	-0.768128	-28.130939	-0.040341	-2.063690	-27.817613	1.182150	-0.785632	-28.105774	-0.087220	-2.077768	-27.797077	1.156718	-0.781966	-28.093777	-0.024865	-2.079454	-28.171086	0.976810	-1.221007	-28.170633	1.018913	-1.297554	-27.792047	0.967160	-1.118661	-27.789191	1.018886	-1.205446	-28.146351	0.466476	-1.266153	-27.833459	0.456453	-1.116732	-28.165836	-0.070357	-1.203176	-28.144631	-0.063678	-1.264664	-27.829742	-0.077839	-1.121187	-27.798863	-0.037781	-1.184135
3051	42.375005	00:00:42:27	-27.993312	1.699127	-1.243432	-27.963263	1.595321	-1.112609	-28.110241	1.593502	-1.138642	-27.966647	1.556343	-1.233939	-27.987882	1.547751	-1.226452	-28.116515	1.533360	-1.282440	-27.834993	1.586781	-1.188850	-27.949345	1.344032	-1.024164	-27.933045	0.764610	-1.613796	-27.790342	1.201997	-0.802619	-28.104666	-0.050239	-2.086262	-27.785039	1.172994	-0.780128	-28.125221	-0.049202	-2.052372	-27.807929	1.145302	-0.754386	-28.093528	-0.046703	-2.034197	-28.145111	0.980568	-1.236946	-28.113493	0.965753	-1.315944	-27.815440	0.948687	-1.185251	-27.816022	0.980580	-1.188122	-28.173402	0.441548	-1.243735	-27.789519	0.494046	-1.177320	-28.172842	-0.077395	-1.230302	-28.131193	-0.070747	-1.283724	-27.822364	-0.073463	-1.139304	-27.788143	-0.039902	-1.163572
3052	42.388899	00:00:42:28	-27.974704	1.711365	-1.261371	-27.928502	1.631385	-1.106194	-28.067874	1.653825	-1.159199	-27.977951	1.557361	-1.229707	-27.999300	1.544475	-1.213689	-28.122336	1.593463	-1.293506	-27.819441	1.574466	-1.183444	-27.982965	1.390118	-1.017961	-27.964104	0.757191	-1.624933	-27.793793	1.222229	-0.769110	-28.079635	-0.035569	-2.063785	-27.803125	1.168301	-0.753638	-28.106408	-0.017907	-2.079338	-27.802316	1.203259	-0.762028	-28.078501	-0.085587	-2.038360	-28.165893	0.939617	-1.250775	-28.164976	0.996478	-1.295470	-27.832373	0.973969	-1.149623	-27.820069	0.991020	-1.180497	-28.163583	0.447010	-1.226777	-27.808431	0.446651	-1.161259	-28.146492	-0.061273	-1.197979	-28.188514	-0.055953	-1.266637	-27.826322	-0.063424	-1.168932	-27.804389	-0.068599	-1.139919
3053	42.402792	00:00:42:29	-27.954559	1.685780	-1.212182	-27.955130	1.612413	-1.113882	-28.048480	1.620249	-1.170627	-27.986910	1.578887	-1.230199	-27.989218	1.555152	-1.220205	-28.115223	1.585006	-1.261942	-27.810006	1.571514	-1.193547	-27.966609	1.329440	-1.020975	-27.958349	0.764029	-1.586741	-27.800194	1.163235	-0.778955	-28.076320	-0.038404	-2.032804	-27.810272	1.178816	-0.757151	-28.106640	-0.082532	-2.040207	-27.773149	1.122832	-0.783200	-28.087304	-0.034594	-2.073492	-28.157156	0.974750	-1.231546	-28.158886	0.995362	-1.280693	-27.813031	0.967682	-1.134142	-27.792347	0.982971	-1.225762	-28.144996	0.452036	-1.248211	-27.772948	0.438145	-1.157702	-28.175346	-0.043814	-1.221177	-28.155314	-0.055038	-1.245970	-27.842762	-0.096214	-1.146861	-27.811260	-0.033035	-1.164922
3054	42.416686	00:00:42:30	-27.985604	1.719862	-1.238065	-27.959747	1.638189	-1.093657	-28.100930	1.637475	-1.129402	-27.945091	1.566743	-1.274738	-27.983886	1.527347	-1.204825	-28.130405	1.548008	-1.295338	-27.824676	1.586959	-1.188977	-27.952430	1.372893	-0.978645	-27.962515	0.797483	-1.638844	-27.782668	1.157510	-0.761692	-28.073209	-0.058220	-2.040576	-27.798853	1.168163	-0.769829	-28.079668	-0.052907	-2.060874	-27.753492	1.164484	-0.795725	-28.088050	-0.066801	-2.023753	-28.192795	0.960102	-1.235395	-28.139317	0.974799	-1.285530	-27.800695	0.966012	-1.102647	-27.810546	0.998170	-1.183845	-28.163163	0.487883	-1.265032	-27.818161	0.453615	-1.169112	-28.194228	-0.058280	-1.224136	-28.145682	-0.032432	-1.239231	-27.841083	-0.054210	-1.136435	-27.799316	-0.077314	-1.179785
3055	42.430579	00:00:42:31	-27.979566	1.683368	-1.243553	-27.958391	1.633060	-1.119561	-28.090208	1.628586	-1.158902	-27.993462	1.572520	-1.239131	-28.032691	1.524237	-1.193027	-28.123298	1.553036	-1.275429	-27.843910	1.553714	-1.196260	-27.968776	1.337521	-1.031127	-27.968190	0.757093	-1.643345	-27.792235	1.188362	-0.761154	-28.078767	-0.063398	-2.064998	-27.806686	1.150362	-0.794028	-28.089370	-0.038674	-2.079741	-27.797933	1.143003	-0.764223	-28.093406	-0.051466	-2.041246	-28.183896	0.941528	-1.237409	-28.165396	0.985468	-1.259829	-27.829898	0.978180	-1.106881	-27.807426	0.980785	-1.190780	-28.166949	0.464192	-1.235561	-27.793655	0.446183	-1.168808	-28.158962	-0.043945	-1.222513	-28.142136	-0.038114	-1.270595	-27.824003	-0.062313	-1.170229	-27.815508	-0.032675	-1.151702
3056	42.444473	00:00:42:32	-28.004323	1.687403	-1.241057	-27.943873	1.654607	-1.116817	-28.085742	1.612795	-1.156883	-28.021219	1.575630	-1.221496	-27.995543	1.556196	-1.190837	-28.148891	1.533317	-1.277815	-27.827518	1.547439	-1.201054	-27.946572	1.372730	-1.000214	-27.960454	0.764391	-1.627426	-27.801056	1.192697	-0.768030	-28.067596	-0.025115	-2.078527	-27.802778	1.145474	-0.754993	-28.098450	-0.062606	-2.080425	-27.838992	1.179550	-0.763881	-28.109880	-0.056435	-2.047176	-28.180635	0.959145	-1.218983	-28.145960	0.966287	-1.280057	-27.799007	0.938602	-1.153987	-27.790412	1.005954	-1.239674	-28.166075	0.473501	-1.229985	-27.835618	0.458229	-1.155229	-28.153535	-0.074307	-1.254043	-28.143055	-0.059728	-1.292002	-27.827570	-0.053302	-1.135907	-27.820191	-0.053613	-1.164522
3057	42.458366	00:00:42:33	-27.961393	1.681565	-1.253122	-27.942094	1.618467	-1.080082	-28.067393	1.643572	-1.143420	-27.991656	1.570470	-1.219558	-27.984722	1.533657	-1.219511	-28.114561	1.583129	-1.237903	-27.866039	1.565971	-1.196779	-27.944626	1.370136	-0.997153	-27.956673	0.774384	-1.616431	-27.806460	1.170438	-0.781254	-28.098608	-0.042121	-2.059994	-27.805114	1.156798	-0.811606	-28.079826	-0.053309	-2.106374	-27.811077	1.156215	-0.777051	-28.070972	-0.057939	-2.078655	-28.173503	0.937112	-1.252303	-28.143453	0.973059	-1.307880	-27.829656	0.997331	-1.157387	-27.835462	0.991310	-1.177665	-28.170521	0.484002	-1.214158	-27.821198	0.461418	-1.152862	-28.169588	-0.044057	-1.212907	-28.159520	-0.038177	-1.282840	-27.840004	-0.064571	-1.102049	-27.824288	-0.069424	-1.191598
3058	42.472260	00:00:42:34	-27.969934	1.689354	-1.231449	-27.939309	1.659624	-1.107741	-28.057465	1.638629	-1.126246	-27.981731	1.571003	-1.207411	-27.963106	1.525183	-1.202685	-28.116221	1.570622	-1.303915	-27.834662	1.541722	-1.182446	-27.948748	1.373356	-1.012383	-27.966682	0.782501	-1.614287	-27.807347	1.196626	-0.778643	-28.095097	-0.067998	-2.043823	-27.786481	1.155934	-0.738751	-28.097863	-0.089848	-2.082242	-27.790049	1.159294	-0.760850	-28.123148	-0.024403	-2.058106	-28.186544	0.967216	-1.253604	-28.148359	0.973084	-1.278477	-27.807571	0.966936	-1.169830	-27.819904	0.992153	-1.189786	-28.179917	0.443615	-1.260964	-27.832163	0.428958	-1.176704	-28.153696	-0.061584	-1.222253	-28.147472	-0.046356	-1.283212	-27.832025	-0.061084	-1.125384	-27.798009	-0.021163	-1.177315
3059	42.486153	00:00:42:35	-27.998021	1.696984	-1.227573	-27.943002	1.656952	-1.119355	-28.045500	1.661503	-1.159706	-27.981012	1.561210	-1.231203	-28.005985	1.536335	-1.178364	-28.124825	1.566123	-1.268723	-27.835222	1.524297	-1.226934	-28.004524	1.367427	-1.049787	-27.976867	0.786511	-1.611937	-27.782981	1.158054	-0.772378	-28.101347	-0.026715	-2.046265	-27.816881	1.168456	-0.776955	-28.088346	-0.060689	-2.022903	-27.794355	1.188892	-0.756016	-28.067886	-0.043853	-2.070894	-28.156205	0.980943	-1.240444	-28.136200	0.973415	-1.292711	-27.816151	0.973264	-1.157544	-27.819361	0.977486	-1.176964	-28.163908	0.492119	-1.258369	-27.789882	0.427697	-1.141253	-28.168143	-0.068858	-1.204348	-28.147817	-0.025770	-1.252668	-27.843319	-0.083047	-1.121892	-27.799140	-0.062138	-1.169602
3060	42.500046	00:00:42:36	-27.989119	1.690708	-1.244887	-27.955562	1.640471	-1.110892	-28.081501	1.645436	-1.119291	-27.962770	1.562231	-1.231614	-27.967520	1.538029	-1.173556	-28.144109	1.542591	-1.300585	-27.831043	1.548174	-1.175887	-27.956294	1.342877	-1.038816	-27.980439	0.756745	-1.622100	-27.784067	1.159369	-0.778674	-28.100746	-0.039225	-2.071716	-27.832949	1.184500	-0.771786	-28.101404	-0.048879	-2.046133	-27.806587	1.182969	-0.776771	-28.080954	-0.044906	-2.123964	-28.171376	0.951654	-1.223913	-28.138931	0.957540	-1.286217	-27.833236	0.953427	-1.131035	-27.816482	0.985945	-1.206695	-28.177973	0.472494	-1.258996	-27.824403	0.466662	-1.155008	-28.167541	-0.058827	-1.215620	-28.191673	-0.044740	-1.279422	-27.833822	-0.074583	-1.158653	-27.810784	-0.030752	-1.182441
3061	42.513940	00:00:42:37	-27.998443	1.687240	-1.255422	-27.948062	1.609324	-1.105710	-28.050353	1.633335	-1.148865	-27.962015	1.584956	-1.243636	-27.991805	1.553320	-1.221288	-28.114120	1.583664	-1.280626	-27.838258	1.554512	-1.208538	-27.949918	1.373680	-1.033321	-27.946010	0.753256	-1.623692	-27.787256	1.166321	-0.765673	-28.088830	-0.077638	-2.064980	-27.820690	1.148561	-0.746407	-28.100842	-0.023839	-2.078603	-27.788906	1.212275	-0.777376	-28.095780	-0.041820	-2.076152	-28.173892	0.947626	-1.248634	-28.116267	0.967338	-1.287419	-27.808067	0.961849	-1.140970	-27.820839	0.999215	-1.169564	-28.173480	0.469337	-1.255631	-27.818812	0.466128	-1.165321	-28.158118	-0.067850	-1.196390	-28.167240	-0.045332	-1.242895	-27.817764	-0.064323	-1.154437	-27.812225	-0.056574	-1.192539
3062	42.527833	00:00:42:38	-27.961115	1.709121	-1.241261	-27.959803	1.610262	-1.075705	-28.075860	1.648262	-1.136985	-27.995123	1.571583	-1.236915	-28.009764	1.554305	-1.179674	-28.145762	1.580737	-1.256039	-27.841549	1.541492	-1.221151	-27.977641	1.364378	-1.046400	-27.970038	0.772532	-1.596530	-27.774424	1.174036	-0.780954	-28.116843	-0.057390	-2.033159	-27.794910	1.165057	-0.771708	-28.095466	-0.044042	-2.057891	-27.804394	1.153538	-0.765227	-28.103283	-0.051566	-2.060771	-28.146840	0.920956	-1.244227	-28.175446	0.976525	-1.274157	-27.809435	0.961645	-1.131722	-27.832121	1.002697	-1.209047	-28.169649	0.458893	-1.282639	-27.811779	0.451649	-1.171613	-28.158177	-0.068592	-1.195844	-28.137031	-0.037959	-1.267536	-27.837026	-0.042850	-1.118957	-27.775453	-0.032907	-1.195373
3063	42.541727	00:00:42:39	-28.012055	1.673879	-1.227964	-27.938036	1.644501	-1.111678	-28.042661	1.638874	-1.136143	-27.961186	1.563308	-1.293996	-27.989422	1.524016	-1.200399	-28.146892	1.541542	-1.285704	-27.812930	1.529064	-1.197678	-27.980117	1.367937	-1.040626	-27.966986	0.771979	-1.661008	-27.818170	1.199106	-0.781592	-28.070188	-0.048025	-2.095508	-27.800878	1.181444	-0.769785	-28.076416	-0.059949	-2.087207	-27.787460	1.163660	-0.801412	-28.095031	-0.038728	-2.060555	-28.158049	0.944945	-1.248728	-28.189198	0.995658	-1.292324	-27.823922	0.956538	-1.125005	-27.831480	0.982179	-1.207909	-28.189014	0.443005	-1.250377	-27.805632	0.440386	-1.166328	-28.164068	-0.079789	-1.210878	-28.142179	-0.028996	-1.244486	-27.819847	-0.068795	-1.145394	-27.799005	-0.033706	-1.162120
3064	42.555620	00:00:42:40	-27.996960	1.710372	-1.242194	-27.941724	1.630684	-1.084088	-28.077516	1.614140	-1.127741	-27.937213	1.587361	-1.222307	-28.008392	1.561197	-1.200508	-28.112619	1.535785	-1.271705	-27.834135	1.568857	-1.192683	-27.955689	1.377507	-1.005808	-27.965554	0.748624	-1.647988	-27.808762	1.181686	-0.746412	-28.082778	-0.079628	-2.058877	-27.797426	1.177512	-0.800967	-28.101459	-0.020283	-2.067278	-27.782202	1.165892	-0.760764	-28.119956	-0.017837	-2.064140	-28.192428	0.954711	-1.253866	-28.157440	0.982161	-1.279836	-27.841690	0.953291	-1.149263	-27.802013	1.032772	-1.186349	-28.156057	0.475762	-1.271411	-27.837181	0.448309	-1.172591	-28.169375	-0.079970	-1.206849	-28.118403	-0.018114	-1.248461	-27.824306	-0.086268	-1.127683	-27.846918	-0.048917	-1.149158
3065	42.569514	00:00:42:41	-27.982766	1.676965	-1.252617	-27.966810	1.602018	-1.125123	-28.066538	1.608931	-1.164478	-28.002644	1.526494	-1.225440	-27.972463	1.555058	-1.213748	-28.143517	1.545849	-1.252598	-27.875960	1.559647	-1.174988	-27.935047	1.352538	-1.031128	-27.977379	0.722144	-1.641286	-27.818266	1.193969	-0.743414	-28.106561	-0.021202	-2.074034	-27.805234	1.197662	-0.791097	-28.086219	-0.064727	-2.036063	-27.818334	1.209854	-0.750433	-28.117671	-0.030268	-2.063160	-28.184239	0.974127	-1.249995	-28.130532	0.995572	-1.292656	-27.830176	0.992757	-1.152301	-27.782797	0.984985	-1.184989	-28.159031	0.462693	-1.278367	-27.818434	0.450655	-1.171720	-28.169606	-0.073402	-1.216188	-28.156940	-0.085522	-1.252650	-27.858923	-0.079571	-1.117468	-27.817452	-0.052590	-1.202349
3066	42.583407	00:00:42:42	-28.003754	1.704595	-1.223828	-27.986132	1.640867	-1.113236	-28.091016	1.639282	-1.141816	-27.979963	1.579916	-1.226028	-28.020281	1.533265	-1.211339	-28.124142	1.527781	-1.265213	-27.819032	1.582282	-1.170704	-27.940646	1.362102	-1.007151	-27.963260	0.717520	-1.626344	-27.821827	1.187499	-0.771317	-28.109897	-0.057977	-2.044443	-27.778134	1.164736	-0.766308	-28.094395	-0.057352	-2.050940	-27.804954	1.168898	-0.761297	-28.081203	-0.052686	-2.047980	-28.176527	0.969238	-1.250341	-28.146471	1.007492	-1.292140	-27.832130	0.969303	-1.138593	-27.801410	0.997865	-1.207220	-28.165660	0.459713	-1.278589	-27.808573	0.453366	-1.145455	-28.170514	-0.061690	-1.201078	-28.150638	-0.067101	-1.269730	-27.800560	-0.054742	-1.151186	-27.822944	-0.059571	-1.176337
3067	42.597301	00:00:42:43	-27.985570	1.695009	-1.249797	-27.986278	1.626491	-1.125653	-28.067757	1.615198	-1.144030	-27.993732	1.554741	-1.236191	-28.000747	1.583551	-1.209450	-28.143531	1.561879	-1.255138	-27.855843	1.537324	-1.200196	-27.975175	1.369204	-1.001382	-27.982895	0.778087	-1.648861	-27.804056	1.188114	-0.755891	-28.072861	-0.030276	-2.070382	-27.831219	1.167856	-0.780662	-28.107385	-0.047687	-2.062084	-27.800250	1.160986	-0.785967	-28.082597	-0.034874	-2.063585	-28.157397	0.995898	-1.222213	-28.180734	1.004380	-1.296900	-27.810029	0.972876	-1.114763	-27.806496	0.995214	-1.199568	-28.164032	0.463479	-1.255020	-27.806471	0.456096	-1.143712	-28.172551	-0.082211	-1.249483	-28.125108	-0.045793	-1.280995	-27.795721	-0.094600	-1.123318	-27.818116	-0.059825	-1.150409
3068	42.611194	00:00:42:44	-27.965154	1.657280	-1.240912	-27.952761	1.603351	-1.119624	-28.061570	1.647405	-1.145276	-27.953666	1.597153	-1.248403	-27.981841	1.592989	-1.211010	-28.088578	1.545227	-1.265694	-27.822373	1.580828	-1.214857	-27.973674	1.392040	-1.032442	-27.992362	0.762018	-1.634329	-27.806989	1.151580	-0.790332	-28.116557	-0.063183	-2.067742	-27.825942	1.190152	-0.768981	-28.083402	-0.056048	-2.043725	-27.788252	1.182111	-0.778463	-28.081684	-0.058485	-2.064879	-28.210431	0.948045	-1.228346	-28.130157	1.000006	-1.313814	-27.808520	0.967579	-1.142796	-27.790596	0.955378	-1.186927	-28.171088	0.465075	-1.275020	-27.810348	0.445262	-1.153948	-28.185350	-0.078969	-1.211421	-28.160072	-0.074454	-1.289367	-27.849858	-0.075788	-1.135304	-27.804931	-0.050391	-1.166736
3069	42.625087	00:00:42:45	-27.996957	1.662763	-1.266911	-27.911897	1.673612	-1.078831	-28.086625	1.610444	-1.159801	-27.965718	1.602107	-1.243568	-28.028976	1.546725	-1.201166	-28.125801	1.580966	-1.274576	-27.836715	1.572464	-1.222458	-27.951919	1.379339	-1.021434	-27.921954	0.759679	-1.628486	-27.813062	1.158740	-0.812481	-28.096442	-0.047602	-2.063298	-27.798211	1.173583	-0.772901	-28.088571	-0.029506	-2.076133	-27.793122	1.203326	-0.769042	-28.100532	-0.079244	-2.080995	-28.166702	0.972927	-1.217758	-28.166925	0.998757	-1.254978	-27.828028	0.951208	-1.146530	-27.800962	0.992777	-1.192360	-28.183878	0.471743	-1.234473	-27.781129	0.476622	-1.172680	-28.159024	-0.058449	-1.227747	-28.170975	-0.025671	-1.289387	-27.801423	-0.085009	-1.113845	-27.809455	-0.021495	-1.187913
3070	42.638981	00:00:42:46	-28.006021	1.697130	-1.229207	-27.916215	1.636118	-1.124921	-28.058788	1.654277	-1.121155	-27.985962	1.546388	-1.250666	-27.991504	1.529642	-1.190156	-28.153552	1.554368	-1.287000	-27.837442	1.546528	-1.178575	-27.955246	1.363121	-1.034518	-27.957145	0.739076	-1.622668	-27.784162	1.171345	-0.781579	-28.101096	-0.035850	-2.069747	-27.765246	1.190097	-0.790319	-28.089078	-0.067494	-2.061492	-27.773197	1.140834	-0.791894	-28.087532	-0.046000	-2.041222	-28.169005	0.978054	-1.241964	-28.161353	0.981931	-1.328995	-27.822113	0.965249	-1.118386	-27.820617	0.986252	-1.201427	-28.140273	0.488945	-1.264497	-27.814357	0.464420	-1.129282	-28.149487	-0.088527	-1.187937	-28.163483	-0.050351	-1.303052	-27.808213	-0.062101	-1.123694	-27.792662	-0.047702	-1.177065
3071	42.652874	00:00:42:47	-27.969972	1.709469	-1.240577	-27.972399	1.630473	-1.094839	-28.068077	1.631146	-1.157164	-27.992353	1.531972	-1.227498	-27.946155	1.548213	-1.191523	-28.093012	1.558548	-1.276836	-27.820303	1.564641	-1.197923	-27.980833	1.357118	-1.029303	-27.959420	0.768684	-1.584763	-27.796093	1.154777	-0.814276	-28.077317	-0.037097	-2.044350	-27.828010	1.127618	-0.762661	-28.118963	-0.054585	-2.091906	-27.802525	1.189706	-0.757218	-28.070935	-0.070136	-2.054972	-28.166113	0.936700	-1.258137	-28.167392	1.008302	-1.269025	-27.829335	0.954973	-1.159285	-27.789429	1.000134	-1.205796	-28.176579	0.455097	-1.273736	-27.824906	0.497272	-1.165196	-28.185087	-0.053368	-1.218437	-28.138638	-0.034240	-1.283295	-27.812521	-0.052022	-1.159535	-27.819334	-0.027767	-1.190295
3072	42.666768	00:00:42:48	-27.999273	1.657546	-1.259281	-27.982784	1.635378	-1.144748	-28.079825	1.628841	-1.152392	-28.002990	1.577639	-1.230955	-27.992716	1.524500	-1.197249	-28.097762	1.572038	-1.261553	-27.831239	1.552682	-1.179678	-27.980195	1.393326	-1.049110	-27.985467	0.770274	-1.600848	-27.818577	1.185944	-0.757293	-28.100180	-0.032234	-2.051722	-27.793465	1.170642	-0.794232	-28.101228	-0.031348	-2.041746	-27.798127	1.163665	-0.756737	-28.110290	-0.036986	-2.081427	-28.170291	0.970533	-1.251884	-28.168513	0.963850	-1.278249	-27.827160	0.945850	-1.126504	-27.798556	0.995591	-1.171625	-28.168240	0.443811	-1.255756	-27.823098	0.463736	-1.154113	-28.156801	-0.057773	-1.217667	-28.166836	-0.054483	-1.254807	-27.805525	-0.064968	-1.129280	-27.803363	-0.033593	-1.149575
3073	42.680661	00:00:42:49	-27.969792	1.692312	-1.242192	-27.981082	1.632892	-1.135143	-28.060162	1.627567	-1.129736	-27.982584	1.574012	-1.220937	-27.967999	1.546492	-1.216679	-28.116224	1.543723	-1.317781	-27.841955	1.563450	-1.215009	-27.947362	1.341768	-1.023865	-27.969744	0.778917	-1.612841	-27.799970	1.166173	-0.776771	-28.094250	-0.045934	-2.090371	-27.832309	1.163831	-0.777367	-28.063901	-0.028922	-2.045678	-27.825109	1.154441	-0.735303	-28.076218	-0.035449	-2.028386	-28.153720	0.975517	-1.239418	-28.143265	0.974011	-1.328555	-27.856585	0.980305	-1.162832	-27.810108	0.997797	-1.187210	-28.164304	0.482362	-1.282301	-27.822319	0.499166	-1.191689	-28.147163	-0.095665	-1.237238	-28.160449	-0.055849	-1.275647	-27.816052	-0.051686	-1.127868	-27.806183	-0.067881	-1.204015
3074	42.694555	00:00:42:50	-27.968191	1.677536	-1.245470	-27.959814	1.606160	-1.071827	-28.080305	1.615969	-1.140704	-27.992138	1.555373	-1.261711	-27.957940	1.542299	-1.202838	-28.111995	1.560990	-1.268315	-27.849109	1.578533	-1.195580	-27.955695	1.383873	-1.027070	-27.995190	0.739862	-1.616318	-27.817026	1.157792	-0.787547	-28.076791	-0.058929	-2.072432	-27.787451	1.161775	-0.795509	-28.100768	-0.058942	-2.085098	-27.770327	1.175909	-0.772604	-28.099937	-0.060911	-2.074185	-28.179781	0.967821	-1.231425	-28.156479	0.970634	-1.319990	-27.851426	0.952896	-1.144630	-27.800258	1.001454	-1.174501	-28.167644	0.480295	-1.264248	-27.848698	0.438729	-1.146433	-28.153831	-0.090176	-1.225069	-28.129521	-0.038276	-1.280646	-27.830193	-0.076245	-1.113069	-27.787832	-0.046429	-1.171100
3075	42.708448	00:00:42:51	-27.997398	1.653945	-1.238183	-27.980952	1.636801	-1.117367	-28.054142	1.610556	-1.138364	-28.000566	1.566148	-1.241738	-28.012067	1.546351	-1.213620	-28.118146	1.536477	-1.282358	-27.855812	1.559929	-1.200307	-27.954389	1.394548	-1.033028	-27.992359	0.779298	-1.631190	-27.820060	1.186916	-0.777247	-28.072744	-0.032723	-2.046525	-27.813126	1.178999	-0.753751	-28.098484	-0.051580	-2.075233	-27.797387	1.163880	-0.749416	-28.132189	-0.077026	-2.050163	-28.144411	0.955541	-1.234449	-28.174366	0.984729	-1.285689	-27.814490	0.977383	-1.153228	-27.819349	0.996291	-1.157288	-28.168390	0.468432	-1.270594	-27.795716	0.455624	-1.161780	-28.136447	-0.069960	-1.250967	-28.150078	-0.034897	-1.290239	-27.820023	-0.068430	-1.085367	-27.809233	-0.040722	-1.207693
3076	42.722342	00:00:42:52	-27.962863	1.671973	-1.223780	-27.977292	1.608004	-1.075858	-28.105176	1.643952	-1.119669	-27.974734	1.577020	-1.262129	-27.983530	1.532600	-1.205077	-28.118349	1.591227	-1.276735	-27.793580	1.546209	-1.191756	-27.957980	1.363240	-1.033684	-27.976355	0.759055	-1.606917	-27.813659	1.195733	-0.782396	-28.097254	-0.042577	-2.059256	-27.822907	1.139961	-0.740037	-28.117680	-0.050015	-2.070637	-27.823089	1.164744	-0.780042	-28.095975	-0.067206	-2.032492	-28.177345	0.981240	-1.254849	-28.135833	0.967283	-1.269684	-27.832812	0.976135	-1.154384	-27.795159	0.986949	-1.210253	-28.162964	0.461386	-1.248452	-27.797331	0.465724	-1.148180	-28.175816	-0.049266	-1.266341	-28.151833	-0.040913	-1.275003	-27.878396	-0.077129	-1.108799	-27.786660	-0.040562	-1.187424
3077	42.736235	00:00:42:53	-27.963097	1.693171	-1.229529	-27.950490	1.658584	-1.094995	-28.019047	1.608193	-1.165232	-27.993522	1.558404	-1.261999	-27.977496	1.539001	-1.220778	-28.099991	1.540375	-1.305104	-27.830363	1.581199	-1.225437	-27.998397	1.397936	-1.023348	-27.959906	0.748743	-1.623692	-27.812825	1.165389	-0.752856	-28.086980	-0.058930	-2.064375	-27.805672	1.173854	-0.756987	-28.090816	-0.049586	-2.041332	-27.831601	1.161099	-0.751519	-28.067922	-0.029260	-2.015718	-28.123150	0.971064	-1.248112	-28.149689	0.996382	-1.339487	-27.818621	0.955237	-1.155052	-27.781957	0.992495	-1.190376	-28.151342	0.444182	-1.254342	-27.852997	0.439002	-1.149071	-28.152397	-0.114068	-1.212451	-28.144903	-0.041634	-1.244411	-27.817112	-0.095482	-1.126410	-27.786400	-0.066629	-1.215394
3078	42.750128	00:00:42:54	-27.978194	1.668169	-1.265575	-27.978491	1.634272	-1.090854	-28.053383	1.614896	-1.138397	-28.014457	1.557592	-1.196387	-27.989475	1.538353	-1.194672	-28.161027	1.562365	-1.270893	-27.821453	1.534741	-1.192368	-27.970683	1.331734	-1.031879	-28.000359	0.735673	-1.637856	-27.823620	1.175518	-0.771850	-28.085545	-0.048042	-2.043650	-27.836914	1.177562	-0.765108	-28.090117	-0.006017	-2.069463	-27.804644	1.191241	-0.775883	-28.067912	-0.050228	-2.052818	-28.157604	0.939323	-1.234157	-28.138019	0.978783	-1.286371	-27.841112	0.993042	-1.145493	-27.798925	0.983618	-1.181351	-28.153050	0.465247	-1.260067	-27.787193	0.469694	-1.151816	-28.196788	-0.103651	-1.227329	-28.132217	-0.041385	-1.292836	-27.835776	-0.069741	-1.126823	-27.821510	-0.011627	-1.199016
3079	42.764022	00:00:42:55	-27.979517	1.686372	-1.214842	-27.974330	1.616826	-1.108885	-28.066534	1.621133	-1.104208	-27.989276	1.555295	-1.229295	-27.970561	1.565765	-1.195155	-28.101887	1.538953	-1.286396	-27.836748	1.573047	-1.213870	-27.983576	1.372742	-1.017555	-27.952439	0.775625	-1.637256	-27.798241	1.155907	-0.771918	-28.090123	-0.039774	-2.073564	-27.841220	1.184553	-0.787310	-28.118164	-0.043472	-2.061560	-27.818797	1.184448	-0.772008	-28.059709	-0.055924	-2.031468	-28.181606	0.958382	-1.241751	-28.162561	0.998309	-1.317635	-27.821321	0.956581	-1.109748	-27.808170	0.984270	-1.187291	-28.161389	0.430414	-1.276412	-27.797186	0.440812	-1.129882	-28.171109	-0.083686	-1.207808	-28.131679	-0.033852	-1.294477	-27.815604	-0.086711	-1.117684	-27.823027	-0.053987	-1.184713
3080	42.777915	00:00:42:56	-27.995767	1.719312	-1.245112	-27.986913	1.625492	-1.115582	-28.085102	1.621684	-1.139659	-27.969833	1.551442	-1.230638	-28.009227	1.552213	-1.189603	-28.149696	1.524556	-1.272017	-27.816326	1.575101	-1.184463	-27.960582	1.342588	-1.008318	-28.019316	0.743728	-1.629254	-27.773695	1.167387	-0.754588	-28.065788	-0.025842	-2.061004	-27.792898	1.155982	-0.754938	-28.100755	-0.003984	-2.074137	-27.801598	1.171356	-0.792320	-28.117950	-0.053383	-2.065281	-28.191921	0.950288	-1.219221	-28.137654	0.940187	-1.325111	-27.823777	0.967984	-1.102753	-27.809289	0.971768	-1.220384	-28.149583	0.461734	-1.257544	-27.839357	0.465088	-1.136091	-28.180140	-0.081346	-1.249993	-28.145044	-0.034047	-1.252617	-27.826315	-0.044999	-1.101349	-27.782867	-0.039178	-1.168650
3081	42.791809	00:00:42:57	-27.999937	1.664197	-1.216946	-27.975278	1.661979	-1.111915	-28.053036	1.586399	-1.146232	-28.002518	1.571418	-1.238777	-27.998118	1.533499	-1.199434	-28.140358	1.582792	-1.271161	-27.823042	1.572601	-1.200919	-27.957544	1.354237	-1.051660	-27.955935	0.766188	-1.624398	-27.823166	1.171870	-0.781956	-28.105950	-0.083802	-2.063959	-27.801530	1.146662	-0.757904	-28.107743	-0.055947	-2.054070	-27.832649	1.172651	-0.756543	-28.076529	-0.066000	-2.056709	-28.170652	0.975385	-1.246094	-28.157369	0.999593	-1.292734	-27.791743	0.934201	-1.132868	-27.799487	1.021013	-1.199760	-28.172200	0.448614	-1.270530	-27.842870	0.459010	-1.136830	-28.143892	-0.046283	-1.195691	-28.138767	-0.015362	-1.297201	-27.820899	-0.080414	-1.106703	-27.795797	-0.048132	-1.152814
3082	42.805702	00:00:42:58	-27.946588	1.683869	-1.245965	-27.943774	1.634090	-1.102633	-28.089401	1.655158	-1.131451	-27.965573	1.596728	-1.238617	-27.985594	1.528445	-1.197870	-28.132756	1.557408	-1.272291	-27.808957	1.563542	-1.182216	-28.005253	1.381257	-1.028629	-27.951997	0.754116	-1.627241	-27.828285	1.162310	-0.763848	-28.086206	-0.076303	-2.064643	-27.829256	1.142625	-0.775445	-28.095155	-0.060272	-2.081935	-27.813857	1.160711	-0.757227	-28.099225	-0.087867	-2.043490	-28.148217	0.976039	-1.244231	-28.150145	0.982651	-1.295539	-27.825010	0.977954	-1.158659	-27.806691	0.994480	-1.176627	-28.111849	0.428940	-1.308695	-27.794709	0.468253	-1.184716	-28.144805	-0.054318	-1.242411	-28.167649	-0.050758	-1.260685	-27.817548	-0.072337	-1.146394	-27.827165	-0.031071	-1.178169
3083	42.819596	00:00:42:59	-27.982920	1.690518	-1.240676	-27.928678	1.637934	-1.084632	-28.066892	1.627053	-1.117645	-28.002103	1.542918	-1.237375	-27.990486	1.554573	-1.177076	-28.103928	1.532214	-1.276822	-27.841701	1.576628	-1.184264	-27.960419	1.357852	-1.020389	-27.986350	0.744963	-1.607173	-27.806362	1.176277	-0.763895	-28.085950	-0.050603	-2.044020	-27.827984	1.141141	-0.754244	-28.102897	-0.071357	-2.087862	-27.810215	1.163638	-0.745118	-28.102062	-0.060678	-2.051432	-28.173749	0.971646	-1.252674	-28.149918	0.979233	-1.323843	-27.811813	0.959261	-1.146700	-27.808566	0.987507	-1.194686	-28.141756	0.504180	-1.234450	-27.814792	0.445263	-1.169280	-28.188256	-0.086524	-1.221586	-28.150018	-0.023117	-1.312276	-27.796183	-0.084587	-1.107981	-27.799473	-0.035976	-1.167806
3084	42.833489	00:00:42:60	-27.973761	1.620231	-1.212564	-27.956680	1.630034	-1.099711	-28.063268	1.597426	-1.153782	-27.963569	1.550705	-1.252143	-27.960167	1.527191	-1.197005	-28.106650	1.580568	-1.274211	-27.820078	1.550387	-1.199254	-27.970023	1.379070	-1.052833	-27.983666	0.753215	-1.618202	-27.807766	1.177597	-0.781179	-28.114917	-0.052142	-2.076844	-27.795380	1.169350	-0.751220	-28.095848	-0.075664	-2.088475	-27.821881	1.139923	-0.791617	-28.103903	-0.054609	-2.063873	-28.161572	0.949140	-1.196511	-28.135164	0.973833	-1.313143	-27.829348	0.953907	-1.140650	-27.797574	0.971305	-1.199884	-28.161950	0.445570	-1.250025	-27.801936	0.489363	-1.178150	-28.180408	-0.076302	-1.217803	-28.162162	-0.035715	-1.246414	-27.814683	-0.051205	-1.099920	-27.804487	-0.030577	-1.159175
3085	42.847383	00:00:42:61	-27.963412	1.687325	-1.255608	-27.958830	1.622378	-1.109798	-28.081390	1.642009	-1.147008	-27.986995	1.564882	-1.228788	-27.970508	1.538439	-1.201893	-28.134632	1.566240	-1.268771	-27.827711	1.565185	-1.178092	-27.967597	1.354292	-1.012088	-27.957624	0.744666	-1.630432	-27.804001	1.160692	-0.786762	-28.120417	-0.052950	-2.042327	-27.805727	1.169522	-0.726635	-28.079521	-0.048932	-2.072966	-27.846981	1.157298	-0.752559	-28.093714	-0.057294	-2.014665	-28.175806	0.963687	-1.242288	-28.156110	0.979214	-1.308408	-27.812464	0.961616	-1.097091	-27.809582	1.016359	-1.199813	-28.157127	0.467773	-1.281258	-27.796597	0.421526	-1.127094	-28.154617	-0.071949	-1.209441	-28.148690	-0.040278	-1.273472	-27.808273	-0.073058	-1.144554	-27.805960	-0.063638	-1.188427
3086	42.861276	00:00:42:62	-27.983863	1.671393	-1.220935	-27.967872	1.657781	-1.090126	-28.068891	1.636704	-1.174741	-27.997444	1.541474	-1.241682	-27.983401	1.557630	-1.189220	-28.113699	1.570074	-1.289551	-27.847669	1.558275	-1.197758	-27.962556	1.339452	-1.022459	-27.989513	0.741993	-1.619443	-27.803609	1.170745	-0.770127	-28.107167	-0.056071	-2.056502	-27.828338	1.193950	-0.769957	-28.083971	-0.037494	-2.055189	-27.813922	1.184639	-0.803000	-28.080918	-0.068580	-2.058193	-28.149952	0.984107	-1.251712	-28.150001	0.985127	-1.326184	-27.827272	0.945936	-1.097188	-27.826375	0.995750	-1.205288	-28.163960	0.475250	-1.216619	-27.824125	0.490231	-1.183903	-28.187201	-0.083465	-1.215069	-28.188802	-0.060897	-1.263543	-27.828566	-0.076697	-1.124219	-27.811082	-0.047897	-1.191011
3087	42.875169	00:00:42:63	-27.970273	1.669784	-1.261260	-27.941040	1.652639	-1.123742	-28.083178	1.619896	-1.126418	-27.970316	1.579784	-1.254778	-28.005588	1.544474	-1.227663	-28.111949	1.561673	-1.291377	-27.821329	1.587950	-1.180369	-27.959897	1.385695	-1.025959	-27.930420	0.768745	-1.620029	-27.797537	1.147903	-0.764664	-28.092947	-0.063880	-2.087804	-27.838848	1.179158	-0.772298	-28.083735	-0.057764	-2.060870	-27.821685	1.160296	-0.775485	-28.115603	-0.056321	-2.076300	-28.159379	0.975257	-1.250584	-28.129034	0.993097	-1.297518	-27.822495	0.967335	-1.095121	-27.809364	0.968426	-1.219070	-28.141177	0.452497	-1.295558	-27.804853	0.453256	-1.156615	-28.150148	-0.070083	-1.239917	-28.150707	-0.037910	-1.267619	-27.802023	-0.070959	-1.095938	-27.808232	-0.014962	-1.184473
3088	42.889063	00:00:42:64	-27.969820	1.650686	-1.218666	-27.934129	1.640460	-1.091370	-28.080496	1.625046	-1.129553	-27.957034	1.568744	-1.240989	-27.973105	1.530884	-1.202270	-28.137610	1.552374	-1.248374	-27.846299	1.551801	-1.205497	-27.920049	1.366876	-1.028304	-27.941947	0.755671	-1.625045	-27.804899	1.180342	-0.804583	-28.125158	-0.042340	-2.064791	-27.822003	1.150189	-0.748609	-28.104858	-0.036527	-2.063729	-27.817866	1.204497	-0.774218	-28.105636	-0.043039	-2.059469	-28.130790	0.994966	-1.230589	-28.159095	0.991950	-1.292692	-27.823623	0.942862	-1.136338	-27.800622	0.990394	-1.183800	-28.138229	0.481202	-1.235513	-27.791912	0.448168	-1.122735	-28.181402	-0.063621	-1.212753	-28.166812	-0.055106	-1.256419	-27.822267	-0.102976	-1.154307	-27.795638	-0.052710	-1.184204
3089	42.902956	00:00:42:65	-27.971965	1.673362	-1.236545	-27.931762	1.666264	-1.117671	-28.084153	1.620862	-1.152880	-27.992410	1.574746	-1.218222	-28.000463	1.540380	-1.225840	-28.099261	1.589760	-1.253524	-27.869962	1.585896	-1.193258	-27.984356	1.362191	-1.001635	-27.970219	0.742995	-1.635131	-27.807644	1.159643	-0.770611	-28.087428	-0.061510	-2.056301	-27.796140	1.202542	-0.759128	-28.088502	-0.048036	-2.045761	-27.811405	1.162651	-0.760442	-28.071498	-0.058689	-2.102027	-28.174502	0.965942	-1.239642	-28.137185	0.974165	-1.288930	-27.831400	0.972134	-1.124427	-27.796457	0.998031	-1.204399	-28.153421	0.485837	-1.217769	-27.798378	0.452448	-1.169331	-28.168069	-0.090570	-1.206258	-28.160770	-0.038539	-1.291021	-27.816800	-0.048320	-1.120899	-27.766094	-0.041359	-1.180477
3090	42.916850	00:00:42:66	-27.991563	1.663504	-1.270304	-27.952649	1.632586	-1.101343	-28.074852	1.625064	-1.129517	-27.985121	1.574453	-1.263956	-27.998812	1.571304	-1.202838	-28.106203	1.548943	-1.260920	-27.810262	1.562687	-1.171926	-27.998075	1.362770	-0.994687	-27.981487	0.742275	-1.648107	-27.792758	1.197496	-0.778680	-28.089233	-0.087352	-2.066278	-27.818185	1.162704	-0.757038	-28.114976	-0.060055	-2.072852	-27.826706	1.196358	-0.757484	-28.097608	-0.015794	-2.065655	-28.158993	0.991944	-1.252916	-28.162790	0.975662	-1.273544	-27.799053	0.989798	-1.138761	-27.792192	0.998828	-1.195063	-28.130689	0.461537	-1.274470	-27.827987	0.473611	-1.166447	-28.136878	-0.073452	-1.209458	-28.148581	-0.016828	-1.248564	-27.819155	-0.067532	-1.124992	-27.836282	-0.048743	-1.134250
3091	42.930743	00:00:42:67	-28.030159	1.676341	-1.257978	-27.939216	1.635758	-1.092550	-28.036737	1.626175	-1.172413	-27.989966	1.554336	-1.196996	-27.976482	1.555630	-1.233773	-28.121589	1.549144	-1.273941	-27.847912	1.547279	-1.198778	-27.944170	1.353181	-0.999565	-27.974514	0.737435	-1.633998	-27.804411	1.187618	-0.766692	-28.073585	-0.064082	-2.066449	-27.820425	1.132987	-0.808824	-28.074538	-0.012782	-2.092764	-27.801853	1.169017	-0.782600	-28.105407	-0.051318	-2.084052	-28.162147	0.938962	-1.270079	-28.130043	0.973044	-1.325345	-27.844972	0.927276	-1.140234	-27.819578	1.003630	-1.205159	-28.176495	0.474498	-1.265564	-27.801838	0.446059	-1.156241	-28.164591	-0.057751	-1.214021	-28.124146	-0.047950	-1.280342	-27.812437	-0.056901	-1.108658	-27.830843	-0.072068	-1.165461
3092	42.944637	00:00:42:68	-27.986086	1.703682	-1.264279	-27.970654	1.632761	-1.089696	-28.059940	1.615884	-1.170170	-28.001213	1.550309	-1.222166	-27.988843	1.550164	-1.201186	-28.106994	1.565587	-1.267121	-27.878100	1.540665	-1.188761	-27.966889	1.386155	-1.043813	-27.964018	0.741664	-1.617363	-27.834448	1.179991	-0.780855	-28.072593	-0.039119	-2.077456	-27.804119	1.149921	-0.774736	-28.098377	-0.057315	-2.052046	-27.825644	1.166254	-0.751811	-28.134804	-0.097267	-2.051687	-28.181784	0.966877	-1.271485	-28.179863	0.958759	-1.312837	-27.837217	0.939494	-1.096099	-27.807985	0.942985	-1.161250	-28.176717	0.448297	-1.274276	-27.833147	0.467730	-1.140423	-28.139094	-0.046137	-1.249897	-28.115726	-0.038153	-1.275076	-27.823658	-0.067899	-1.100336	-27.810013	-0.025309	-1.171123
3093	42.958530	00:00:42:69	-27.983408	1.704468	-1.259047	-27.924671	1.635272	-1.115314	-28.048289	1.646918	-1.130067	-27.983242	1.529795	-1.202823	-27.987106	1.512585	-1.230955	-28.100732	1.570000	-1.274063	-27.824946	1.586846	-1.168414	-27.966537	1.399806	-1.021248	-27.974020	0.792171	-1.636511	-27.827193	1.185442	-0.781475	-28.093719	-0.050308	-2.089717	-27.807980	1.153584	-0.787823	-28.104576	-0.053164	-2.062780	-27.850391	1.156073	-0.761357	-28.083766	-0.038239	-2.055984	-28.175484	0.938082	-1.239328	-28.136458	0.983836	-1.292852	-27.841841	0.984741	-1.144504	-27.808276	0.984315	-1.209870	-28.199704	0.442669	-1.265556	-27.829214	0.459562	-1.158958	-28.174570	-0.095124	-1.197135	-28.102297	-0.043370	-1.281663	-27.811854	-0.083152	-1.116645	-27.796797	-0.026048	-1.163022
3094	42.972424	00:00:42:70	-27.969948	1.674418	-1.211407	-27.989225	1.637362	-1.130978	-28.071000	1.618125	-1.181246	-27.970047	1.573105	-1.257441	-27.991320	1.546763	-1.187536	-28.127922	1.551104	-1.282853	-27.835730	1.554717	-1.206814	-27.982815	1.369543	-1.004297	-27.946797	0.769361	-1.650371	-27.822639	1.151334	-0.751842	-28.111378	-0.051873	-2.057479	-27.804702	1.178665	-0.746468	-28.082742	-0.084367	-2.073967	-27.822980	1.180866	-0.791980	-28.084506	-0.048656	-2.095991	-28.149615	0.951681	-1.218291	-28.120958	0.988059	-1.281527	-27.802734	1.007311	-1.125753	-27.795439	0.986953	-1.209012	-28.155388	0.479521	-1.279475	-27.826358	0.479492	-1.147253	-28.183633	-0.054450	-1.232411	-28.160025	-0.001924	-1.285890	-27.828623	-0.040023	-1.107346	-27.799736	-0.006341	-1.180562
3095	42.986317	00:00:42:71	-28.032434	1.682597	-1.222184	-27.984370	1.611165	-1.088994	-28.095805	1.614457	-1.141710	-27.989827	1.561063	-1.206661	-27.991674	1.554845	-1.177809	-28.098246	1.549714	-1.287749	-27.829016	1.581172	-1.178349	-27.986965	1.386603	-1.035988	-27.974469	0.755228	-1.639290	-27.844799	1.160936	-0.774616	-28.089344	-0.032359	-2.071028	-27.784843	1.161717	-0.752356	-28.105431	-0.054897	-2.070377	-27.812350	1.151058	-0.770752	-28.091613	-0.044023	-2.079631	-28.152052	0.978475	-1.241590	-28.147578	0.970552	-1.292801	-27.819001	0.964253	-1.142839	-27.811774	0.952093	-1.169406	-28.154304	0.477859	-1.259936	-27.814504	0.433136	-1.131264	-28.163079	-0.042575	-1.236621	-28.151077	-0.034844	-1.265777	-27.828275	-0.099010	-1.089750	-27.811288	-0.077997	-1.165426
3096	43.000210	00:00:43:00	-27.945568	1.681281	-1.264165	-27.977895	1.640099	-1.144903	-28.067091	1.621507	-1.108381	-27.948436	1.554889	-1.244547	-28.011237	1.580893	-1.226545	-28.108333	1.561952	-1.293073	-27.819141	1.563917	-1.170532	-27.993002	1.342401	-1.022602	-27.961802	0.767807	-1.631062	-27.823783	1.168322	-0.753560	-28.096736	-0.070537	-2.048643	-27.802964	1.158977	-0.738863	-28.099185	-0.037948	-2.055712	-27.844748	1.168002	-0.745927	-28.091564	-0.044010	-2.092267	-28.158522	0.995177	-1.254432	-28.141664	1.001596	-1.314351	-27.845740	0.956643	-1.133176	-27.812887	0.986413	-1.165153	-28.155861	0.442660	-1.251853	-27.808950	0.459921	-1.145623	-28.189895	-0.066587	-1.204074	-28.169813	-0.053986	-1.268795	-27.819099	-0.052397	-1.103787	-27.803474	-0.038975	-1.172225
3097	43.014104	00:00:43:01	-27.959396	1.670756	-1.246553	-27.986733	1.622055	-1.116468	-28.063960	1.609890	-1.151113	-27.982618	1.559621	-1.200989	-27.998121	1.549265	-1.237007	-28.150092	1.582898	-1.258768	-27.848451	1.573484	-1.196825	-27.944448	1.379056	-1.033480	-27.985309	0.737121	-1.599234	-27.867757	1.172402	-0.736240	-28.093496	-0.037969	-2.038081	-27.835151	1.177371	-0.743427	-28.109936	-0.039655	-2.102121	-27.804725	1.184525	-0.761953	-28.086463	-0.034336	-2.066058	-28.168806	0.958115	-1.244380	-28.149851	0.984518	-1.313057	-27.832319	0.988950	-1.139156	-27.827001	1.007387	-1.184513	-28.171482	0.450957	-1.259783	-27.805974	0.455630	-1.156368	-28.187041	-0.054123	-1.205396	-28.136316	-0.011365	-1.288733	-27.823538	-0.064653	-1.138362	-27.842211	-0.048567	-1.176930
3098	43.027997	00:00:43:02	-28.000318	1.699001	-1.227932	-27.952159	1.601428	-1.123411	-28.097311	1.653484	-1.146944	-28.025619	1.578548	-1.238588	-27.990014	1.558645	-1.182376	-28.159665	1.603599	-1.285632	-27.837386	1.571194	-1.214902	-27.955418	1.382892	-1.004853	-28.017142	0.777169	-1.613277	-27.805758	1.142184	-0.742995	-28.089840	0.002234	-2.094869	-27.811887	1.187565	-0.742057	-28.047229	-0.045919	-2.075557	-27.805966	1.175090	-0.752157	-28.085463	-0.041267	-2.034434	-28.165217	0.959262	-1.222113	-28.138808	0.977910	-1.266114	-27.864432	0.945644	-1.147023	-27.805674	0.992812	-1.201389	-28.157614	0.453105	-1.295324	-27.797715	0.447214	-1.136997	-28.157115	-0.040979	-1.235807	-28.111098	-0.052208	-1.314529	-27.804165	-0.080070	-1.108081	-27.792018	-0.072652	-1.177768
3099	43.041891	00:00:43:03	-27.976345	1.697340	-1.222058	-27.955064	1.630032	-1.069993	-28.093298	1.607641	-1.139753	-27.980257	1.572370	-1.255443	-28.017090	1.531311	-1.233884	-28.098504	1.556768	-1.270814	-27.803884	1.547302	-1.178240	-27.956537	1.359939	-1.012151	-27.988697	0.746668	-1.655678	-27.806273	1.208742	-0.739102	-28.100851	-0.061857	-2.039368	-27.803882	1.173605	-0.769184	-28.084027	-0.028484	-2.085498	-27.782455	1.188434	-0.728134	-28.092471	-0.055879	-2.066085	-28.175917	0.956398	-1.228304	-28.146677	1.001262	-1.307775	-27.818963	0.962815	-1.145166	-27.798727	0.949427	-1.185192	-28.165722	0.494882	-1.261572	-27.817450	0.464261	-1.172897	-28.153469	-0.087744	-1.237865	-28.152300	-0.035734	-1.268415	-27.834616	-0.075052	-1.077701	-27.783901	-0.055713	-1.157938
3100	43.055784	00:00:43:04	-27.959782	1.707423	-1.232829	-27.971812	1.650541	-1.111371	-28.087420	1.627621	-1.126332	-27.978557	1.557362	-1.238201	-27.982467	1.521440	-1.199938	-28.161114	1.568300	-1.266212	-27.838075	1.527181	-1.142880	-27.979153	1.363349	-1.032726	-27.970216	0.732267	-1.634609	-27.840252	1.184052	-0.726880	-28.102329	-0.029522	-2.063571	-27.813670	1.165277	-0.771069	-28.106413	-0.047035	-2.091347	-27.833603	1.178899	-0.762970	-28.105528	-0.058991	-2.056587	-28.174225	0.972565	-1.237697	-28.134808	1.022552	-1.260079	-27.793410	0.937597	-1.165261	-27.829290	0.975460	-1.204357	-28.158729	0.479740	-1.249472	-27.801853	0.491928	-1.152419	-28.156943	-0.065906	-1.245197	-28.148457	-0.025022	-1.294532	-27.854195	-0.080381	-1.122017	-27.851422	-0.051301	-1.179346
3101	43.069678	00:00:43:05	-27.963023	1.697154	-1.247878	-27.952243	1.644436	-1.083810	-28.077639	1.646842	-1.112025	-27.966542	1.545168	-1.255519	-28.006888	1.552114	-1.196145	-28.100766	1.582402	-1.261088	-27.784726	1.553620	-1.180381	-27.959269	1.359010	-0.999607	-27.953661	0.768001	-1.636559	-27.851047	1.199152	-0.772853	-28.089861	-0.076197	-2.076821	-27.807244	1.156419	-0.748095	-28.125312	-0.079247	-2.043348	-27.806151	1.163692	-0.762825	-28.106486	-0.059440	-2.089204	-28.150235	0.965379	-1.278647	-28.112931	1.015076	-1.301590	-27.784235	0.963085	-1.144467	-27.784188	0.973456	-1.187013	-28.135923	0.478558	-1.276951	-27.821777	0.444420	-1.157218	-28.160676	-0.100661	-1.238410	-28.162352	-0.043649	-1.265737	-27.819074	-0.098904	-1.125974	-27.815130	-0.083075	-1.138668
3102	43.083571	00:00:43:06	-27.970093	1.701207	-1.227486	-27.989312	1.630726	-1.091952	-28.083565	1.640197	-1.159460	-27.962387	1.546104	-1.240994	-28.005120	1.553604	-1.189005	-28.131183	1.550882	-1.292243	-27.835157	1.542316	-1.175666	-27.976483	1.384310	-1.025733	-27.969902	0.739711	-1.636933	-27.830243	1.160396	-0.761672	-28.083636	-0.034662	-2.048416	-27.805873	1.177523	-0.762737	-28.104736	-0.040794	-2.079225	-27.831896	1.165192	-0.772861	-28.139071	-0.055810	-2.050392	-28.178760	0.940624	-1.217268	-28.156248	0.999195	-1.269076	-27.817190	0.981830	-1.167958	-27.818705	0.966069	-1.190204	-28.135008	0.464687	-1.247045	-27.801954	0.453247	-1.172828	-28.146576	-0.060202	-1.266426	-28.161227	-0.050224	-1.240893	-27.843707	-0.086135	-1.111425	-27.814077	-0.030643	-1.191804
3103	43.097465	00:00:43:07	-27.996983	1.694024	-1.214252	-27.964189	1.659706	-1.128392	-28.078626	1.603650	-1.172000	-27.974357	1.568369	-1.232578	-27.967051	1.539240	-1.190151	-28.117236	1.581361	-1.286720	-27.818010	1.564228	-1.162594	-27.948685	1.363458	-1.020611	-27.956119	0.757968	-1.582389	-27.788380	1.221583	-0.779494	-28.099502	-0.066079	-2.079190	-27.816257	1.162419	-0.804067	-28.077400	-0.023601	-2.070759	-27.842507	1.168863	-0.738226	-28.086215	-0.038125	-2.070062	-28.153410	0.941588	-1.251402	-28.138119	0.974772	-1.279237	-27.789093	0.992523	-1.161002	-27.807839	0.984309	-1.172542	-28.148803	0.470151	-1.252735	-27.839414	0.452025	-1.154256	-28.152864	-0.118846	-1.242302	-28.135808	-0.044006	-1.287077	-27.819911	-0.048878	-1.102571	-27.802622	-0.051336	-1.159427
3104	43.111358	00:00:43:08	-28.005780	1.660181	-1.236414	-27.962766	1.608135	-1.086073	-28.088607	1.634234	-1.145390	-27.984994	1.544047	-1.278813	-27.997222	1.543222	-1.219853	-28.150759	1.564997	-1.289634	-27.812129	1.558653	-1.180814	-27.973836	1.372028	-1.019993	-27.991092	0.795178	-1.647645	-27.815582	1.174427	-0.772219	-28.091641	-0.067493	-2.080993	-27.826953	1.162130	-0.750895	-28.101546	-0.064716	-2.071755	-27.829301	1.181132	-0.760296	-28.099713	-0.028651	-2.054368	-28.188707	0.971359	-1.220270	-28.162920	0.968885	-1.282378	-27.823304	0.981951	-1.121905	-27.804180	0.990267	-1.225576	-28.138057	0.435228	-1.258422	-27.850124	0.465380	-1.120181	-28.133313	-0.082655	-1.217826	-28.145413	-0.052903	-1.248866	-27.866527	-0.032047	-1.122017	-27.789206	-0.064460	-1.156188
3105	43.125251	00:00:43:09	-27.974619	1.671411	-1.197890	-27.964171	1.643838	-1.081598	-28.071211	1.604540	-1.162680	-27.984958	1.552834	-1.244978	-27.964818	1.553280	-1.201717	-28.114714	1.599165	-1.302149	-27.821054	1.569914	-1.175365	-27.983153	1.367300	-1.037216	-27.975664	0.770958	-1.621205	-27.820027	1.173661	-0.791150	-28.089852	-0.042120	-2.082524	-27.827279	1.174811	-0.776620	-28.043999	-0.035357	-2.077614	-27.807827	1.187330	-0.763156	-28.095016	-0.048461	-2.042568	-28.140129	0.981305	-1.238234	-28.118645	1.009012	-1.310363	-27.800279	0.968792	-1.121941	-27.817283	0.961342	-1.184651	-28.142485	0.468948	-1.280196	-27.786898	0.470870	-1.155738	-28.157450	-0.076300	-1.212525	-28.131677	-0.044796	-1.256402	-27.839457	-0.069086	-1.129114	-27.820980	-0.034186	-1.164469
3106	43.139145	00:00:43:10	-27.996239	1.675053	-1.235413	-27.970297	1.632316	-1.118820	-28.080317	1.634305	-1.130028	-27.979798	1.575000	-1.237226	-27.986332	1.516370	-1.198303	-28.124260	1.544138	-1.267513	-27.807296	1.590362	-1.156862	-27.981781	1.345343	-1.026376	-27.993990	0.769662	-1.630746	-27.825631	1.181001	-0.763315	-28.081626	-0.036653	-2.069144	-27.815880	1.160504	-0.771332	-28.126706	-0.065449	-2.046067	-27.826485	1.173076	-0.770500	-28.097415	-0.055597	-2.036781	-28.164364	0.981458	-1.236047	-28.140242	0.975744	-1.313158	-27.841864	0.957538	-1.150508	-27.788290	0.973477	-1.177988	-28.152777	0.478999	-1.260214	-27.796720	0.449620	-1.159541	-28.190128	-0.083010	-1.229466	-28.150695	-0.051378	-1.289479	-27.825994	-0.057622	-1.111503	-27.834455	-0.069566	-1.144338
3107	43.153038	00:00:43:11	-27.991747	1.665307	-1.226869	-27.944884	1.655043	-1.129548	-28.101843	1.673516	-1.176250	-27.988361	1.561440	-1.255865	-27.978945	1.583848	-1.200579	-28.126159	1.580233	-1.320915	-27.816034	1.561102	-1.161285	-27.965959	1.376034	-0.995667	-27.979222	0.742416	-1.630757	-27.829373	1.169409	-0.758869	-28.117155	-0.038263	-2.078682	-27.813608	1.192530	-0.790087	-28.073900	-0.004485	-2.054673	-27.799592	1.145266	-0.787722	-28.078377	-0.045560	-2.050260	-28.193223	0.932442	-1.264346	-28.170435	0.986675	-1.316045	-27.839002	0.958559	-1.127263	-27.788858	0.990187	-1.200544	-28.169043	0.428004	-1.253431	-27.822918	0.456844	-1.149326	-28.167438	-0.073217	-1.242545	-28.144770	-0.047277	-1.272421	-27.836648	-0.074556	-1.095262	-27.774463	-0.016612	-1.151927
3108	43.166932	00:00:43:12	-27.995700	1.658019	-1.241252	-27.961502	1.659924	-1.130055	-28.066192	1.653479	-1.113295	-27.976034	1.547734	-1.227826	-27.997000	1.558878	-1.215115	-28.129776	1.558439	-1.238348	-27.861362	1.570363	-1.190575	-27.972339	1.363844	-1.045536	-27.958065	0.738403	-1.627103	-27.824196	1.188430	-0.762690	-28.096244	-0.071505	-2.063235	-27.809050	1.172257	-0.784291	-28.100011	-0.059060	-2.074158	-27.837527	1.163111	-0.756944	-28.094677	-0.064697	-2.078209	-28.158808	0.949447	-1.268625	-28.154161	0.957331	-1.301205	-27.863587	0.917438	-1.144101	-27.811183	1.001386	-1.186226	-28.162617	0.451993	-1.268937	-27.844262	0.438246	-1.131049	-28.155319	-0.083749	-1.208537	-28.148886	-0.054877	-1.290610	-27.827761	-0.080291	-1.101277	-27.805005	-0.015157	-1.153590
3109	43.180825	00:00:43:13	-27.987192	1.681144	-1.199210	-27.923518	1.646640	-1.106005	-28.062459	1.642017	-1.158217	-27.953591	1.566664	-1.232870	-28.004680	1.549446	-1.191025	-28.098748	1.525439	-1.247251	-27.823582	1.575878	-1.149178	-27.969106	1.363229	-1.025772	-27.953226	0.754448	-1.652307	-27.809913	1.172588	-0.760477	-28.091732	-0.046420	-2.050678	-27.811567	1.188626	-0.787850	-28.095938	-0.047630	-2.089747	-27.822909	1.169832	-0.732913	-28.118315	-0.040333	-2.074019	-28.178399	0.961927	-1.250095	-28.153054	0.995030	-1.311786	-27.816354	0.962900	-1.144819	-27.814133	0.997077	-1.207786	-28.168922	0.450160	-1.274489	-27.780391	0.446286	-1.129332	-28.124984	-0.048574	-1.241843	-28.128791	-0.041164	-1.294382	-27.801594	-0.061536	-1.075979	-27.818123	-0.053282	-1.198961
3110	43.194719	00:00:43:14	-28.007573	1.693228	-1.227345	-27.984529	1.629654	-1.150011	-28.082932	1.672712	-1.129668	-28.000572	1.532893	-1.226308	-27.991552	1.525498	-1.145601	-28.115126	1.566527	-1.253716	-27.856560	1.557131	-1.169836	-27.970155	1.376381	-1.001951	-27.954933	0.752172	-1.633311	-27.802079	1.184389	-0.782639	-28.089050	-0.041248	-2.068338	-27.836436	1.143951	-0.756843	-28.098048	-0.059530	-2.056245	-27.830568	1.188995	-0.766099	-28.093871	-0.034877	-2.047099	-28.139775	0.963626	-1.255235	-28.166420	1.010020	-1.317381	-27.822585	0.973548	-1.143733	-27.800296	0.989986	-1.183711	-28.162615	0.449688	-1.243001	-27.829901	0.470361	-1.135046	-28.149934	-0.067847	-1.219688	-28.130611	-0.049192	-1.281566	-27.816169	-0.089977	-1.087974	-27.815817	-0.031618	-1.169285
3111	43.208612	00:00:43:15	-27.989281	1.683289	-1.240535	-27.981634	1.643083	-1.106727	-28.090575	1.649185	-1.164039	-27.966149	1.579572	-1.248090	-27.994676	1.549177	-1.186786	-28.107143	1.559897	-1.278766	-27.816165	1.553217	-1.189774	-27.988342	1.376757	-1.027257	-27.958970	0.736689	-1.621339	-27.854145	1.156291	-0.744015	-28.104473	-0.053036	-2.026328	-27.847838	1.183353	-0.733516	-28.101543	-0.038605	-2.047211	-27.817187	1.179733	-0.749755	-28.062233	-0.044499	-2.057941	-28.152100	0.961585	-1.271857	-28.179639	0.969614	-1.314270	-27.817599	0.995734	-1.136003	-27.808780	0.956028	-1.153664	-28.155233	0.452135	-1.274324	-27.833592	0.461577	-1.140253	-28.155722	-0.056383	-1.250807	-28.144306	-0.056243	-1.282809	-27.857226	-0.012644	-1.115172	-27.847002	-0.030058	-1.169530
3112	43.222506	00:00:43:16	-27.992735	1.669681	-1.242370	-27.952156	1.627233	-1.089715	-28.046245	1.640837	-1.124059	-27.994561	1.542296	-1.224737	-27.998068	1.535743	-1.190698	-28.103973	1.568837	-1.276995	-27.862830	1.566805	-1.167953	-27.965836	1.385437	-1.037587	-27.977454	0.775488	-1.602891	-27.845281	1.207795	-0.766896	-28.108490	-0.051351	-2.059740	-27.850715	1.147225	-0.743839	-28.099277	-0.044393	-2.082759	-27.820133	1.177035	-0.770056	-28.091835	-0.033657	-2.027064	-28.133898	0.950576	-1.244185	-28.145546	0.973606	-1.272981	-27.837895	0.972105	-1.166785	-27.771520	0.971563	-1.198963	-28.141870	0.467460	-1.243643	-27.817089	0.419550	-1.126153	-28.131169	-0.076137	-1.217807	-28.149622	-0.075255	-1.285365	-27.832580	-0.027996	-1.125691	-27.791409	-0.069292	-1.157098
3113	43.236399	00:00:43:17	-27.963369	1.707982	-1.241356	-27.961345	1.625725	-1.098142	-28.071154	1.634807	-1.129052	-27.947565	1.572400	-1.224115	-27.969397	1.551364	-1.203310	-28.103634	1.564758	-1.271388	-27.846759	1.573127	-1.186911	-27.981938	1.388614	-1.009316	-27.972278	0.767628	-1.634142	-27.838846	1.163975	-0.715452	-28.102501	-0.064409	-2.045465	-27.811711	1.154342	-0.755145	-28.118422	-0.036412	-2.050552	-27.847330	1.171441	-0.762994	-28.091637	-0.093140	-2.076482	-28.160865	0.964312	-1.270322	-28.175211	0.991656	-1.262277	-27.813222	0.965714	-1.138303	-27.809892	0.969103	-1.196659	-28.145167	0.434896	-1.275910	-27.834165	0.462493	-1.161441	-28.143979	-0.080362	-1.226896	-28.126026	-0.064269	-1.274921	-27.824012	-0.080341	-1.132396	-27.801385	-0.062394	-1.163170
3114	43.250292	00:00:43:18	-27.996774	1.695976	-1.254653	-27.972300	1.627566	-1.119749	-28.075520	1.651579	-1.157130	-27.953874	1.584627	-1.237923	-27.991975	1.559096	-1.224129	-28.104889	1.594581	-1.299890	-27.830084	1.542392	-1.164164	-27.962067	1.360081	-1.032636	-27.955006	0.752103	-1.609330	-27.845441	1.194128	-0.753892	-28.107170	-0.048830	-2.055475	-27.809182	1.199363	-0.770556	-28.095065	-0.059772	-2.067033	-27.829201	1.123336	-0.770252	-28.124856	-0.085380	-2.034439	-28.172483	0.953841	-1.263324	-28.137052	0.992131	-1.278049	-27.814062	0.984965	-1.147509	-27.806682	0.989759	-1.187779	-28.192061	0.452512	-1.246519	-27.820891	0.483796	-1.163806	-28.163137	-0.069477	-1.269919	-28.142814	-0.060737	-1.314204	-27.837099	-0.069498	-1.153476	-27.813379	-0.043305	-1.179471
3115	43.264186	00:00:43:19	-27.963184	1.684524	-1.262766	-27.959027	1.641977	-1.112059	-28.059105	1.641634	-1.150921	-27.995640	1.582885	-1.242198	-28.028379	1.560251	-1.206678	-28.129872	1.546492	-1.262234	-27.825401	1.568404	-1.149969	-27.954062	1.360873	-1.017862	-27.962350	0.745988	-1.632465	-27.807721	1.180710	-0.800577	-28.102896	-0.030801	-2.025426	-27.831436	1.161435	-0.752128	-28.078089	-0.020262	-2.066511	-27.855245	1.191421	-0.767641	-28.076505	-0.013983	-2.076570	-28.174037	0.970524	-1.243326	-28.158680	1.015333	-1.277648	-27.840199	0.949823	-1.121451	-27.823584	0.985227	-1.187829	-28.139475	0.473658	-1.262241	-27.813120	0.487520	-1.146860	-28.155963	-0.085261	-1.221833	-28.140434	-0.046900	-1.306052	-27.811887	-0.061180	-1.118618	-27.845889	-0.053944	-1.105670
3116	43.278079	00:00:43:20	-27.979074	1.685350	-1.237771	-27.991345	1.643220	-1.076182	-28.079019	1.625450	-1.158708	-28.008276	1.551692	-1.211072	-27.995680	1.556732	-1.218657	-28.100489	1.552187	-1.265147	-27.851680	1.575741	-1.173428	-28.027128	1.372194	-1.027566	-27.923550	0.772033	-1.624386	-27.846441	1.192598	-0.744838	-28.059967	-0.061204	-2.042742	-27.842742	1.177494	-0.759726	-28.099138	-0.028169	-2.049804	-27.811512	1.165519	-0.767464	-28.109439	-0.051313	-2.035987	-28.166255	0.964051	-1.253268	-28.121512	1.008747	-1.302169	-27.825777	0.961886	-1.138638	-27.792226	0.980326	-1.192466	-28.167354	0.444818	-1.238652	-27.814994	0.466041	-1.137011	-28.159370	-0.105359	-1.204595	-28.147014	-0.046123	-1.294084	-27.799376	-0.125490	-1.095635	-27.799422	-0.016434	-1.175507
3117	43.291973	00:00:43:21	-27.961529	1.668186	-1.203182	-27.970466	1.615843	-1.107453	-28.090224	1.639829	-1.115792	-27.986291	1.539176	-1.222608	-27.988444	1.538305	-1.189542	-28.137884	1.556977	-1.276872	-27.840482	1.542905	-1.191255	-27.978385	1.404600	-1.000818	-27.976402	0.760742	-1.644344	-27.833230	1.190163	-0.771693	-28.086867	-0.067036	-2.088837	-27.834553	1.166061	-0.760374	-28.113676	-0.052064	-2.061991	-27.838472	1.195055	-0.718982	-28.100345	-0.020772	-2.062500	-28.160498	0.951567	-1.267563	-28.153376	1.013413	-1.294815	-27.833172	0.940787	-1.135739	-27.823544	0.984451	-1.156656	-28.200894	0.463966	-1.253818	-27.808442	0.418152	-1.187077	-28.132947	-0.045798	-1.230132	-28.158793	-0.055007	-1.317013	-27.818203	-0.085407	-1.108900	-27.806812	-0.054909	-1.137958
3118	43.305866	00:00:43:22	-27.984397	1.668358	-1.245608	-27.962660	1.626294	-1.082621	-28.090578	1.623428	-1.171500	-27.973081	1.572849	-1.209811	-28.006044	1.571460	-1.199814	-28.115300	1.573950	-1.321362	-27.826717	1.548161	-1.232002	-27.951152	1.357868	-1.018669	-27.970030	0.767814	-1.597517	-27.834868	1.162289	-0.790467	-28.120275	-0.036867	-2.055228	-27.821731	1.175191	-0.737030	-28.113325	-0.050652	-2.065041	-27.840645	1.156120	-0.753826	-28.100103	-0.060364	-2.049694	-28.163373	0.965154	-1.233062	-28.153539	1.001580	-1.333093	-27.836527	1.001167	-1.138806	-27.832090	0.953110	-1.161686	-28.139211	0.494648	-1.279676	-27.805356	0.440243	-1.151089	-28.201620	-0.021761	-1.244473	-28.163393	-0.014426	-1.292301	-27.845718	-0.024679	-1.119477	-27.806543	-0.033691	-1.124604
3119	43.319760	00:00:43:23	-27.995752	1.693845	-1.262539	-27.941878	1.599853	-1.094357	-28.080287	1.637685	-1.143047	-27.977996	1.576832	-1.227154	-27.976952	1.545435	-1.202255	-28.134592	1.571719	-1.315545	-27.827853	1.563894	-1.162884	-27.968298	1.385053	-1.030962	-27.975306	0.766772	-1.628662	-27.835125	1.169271	-0.768527	-28.119547	-0.031990	-2.072680	-27.806735	1.176398	-0.789628	-28.080478	-0.004229	-2.047808	-27.784192	1.180894	-0.750366	-28.122610	-0.035728	-2.065064	-28.156960	0.966017	-1.246031	-28.156743	0.981998	-1.310153	-27.827724	0.949357	-1.119723	-27.827994	1.001535	-1.161859	-28.132959	0.464771	-1.265089	-27.808150	0.472314	-1.171399	-28.156821	-0.058947	-1.239813	-28.137355	-0.042393	-1.262074	-27.828837	-0.074469	-1.133134	-27.800299	-0.010462	-1.162889
3120	43.333653	00:00:43:24	-27.980756	1.664650	-1.208962	-27.958568	1.654108	-1.099951	-28.090006	1.647172	-1.168325	-27.989031	1.574784	-1.242838	-27.995702	1.550158	-1.178032	-28.115697	1.586782	-1.284359	-27.859554	1.551694	-1.212167	-27.990991	1.384414	-1.029643	-27.947410	0.735240	-1.610459	-27.800624	1.217898	-0.743821	-28.098986	-0.046973	-2.054764	-27.811413	1.161230	-0.765693	-28.117812	-0.048254	-2.058628	-27.850052	1.148729	-0.791887	-28.083666	-0.039731	-2.062068	-28.155404	0.974361	-1.221889	-28.123795	0.994221	-1.280203	-27.838663	0.972826	-1.143363	-27.797998	1.012773	-1.179857	-28.154966	0.495531	-1.276351	-27.819979	0.455104	-1.148628	-28.168554	-0.040421	-1.229590	-28.127003	-0.055860	-1.271394	-27.844229	-0.060809	-1.165567	-27.783175	-0.082677	-1.130253
3121	43.347547	00:00:43:25	-27.999940	1.670846	-1.239631	-27.967433	1.641626	-1.082430	-28.039539	1.636264	-1.120980	-27.972637	1.548438	-1.235228	-27.989613	1.531397	-1.188283	-28.132646	1.567420	-1.298400	-27.841412	1.559513	-1.209155	-28.009418	1.352656	-1.001502	-27.954875	0.766536	-1.649132	-27.837725	1.172797	-0.775092	-28.075324	-0.049412	-2.083440	-27.874271	1.153736	-0.777920	-28.059855	-0.057297	-2.085718	-27.804896	1.190228	-0.800485	-28.076113	-0.026620	-2.093246	-28.175780	0.992979	-1.238332	-28.118319	1.000492	-1.291874	-27.800098	0.984588	-1.127849	-27.787240	0.989438	-1.201873	-28.127465	0.452856	-1.278489	-27.810713	0.437174	-1.150924	-28.165109	-0.067975	-1.220479	-28.133503	-0.011086	-1.291010	-27.853343	-0.072983	-1.109539	-27.798627	-0.026383	-1.186276
3122	43.361440	00:00:43:26	-27.997725	1.695721	-1.232280	-27.958629	1.644914	-1.110844	-28.056569	1.624173	-1.139891	-28.003388	1.586183	-1.242027	-28.007689	1.565706	-1.191026	-28.093035	1.547403	-1.271871	-27.811066	1.535812	-1.170496	-27.983310	1.358322	-0.994104	-28.015996	0.792651	-1.623468	-27.805115	1.150626	-0.754640	-28.104465	-0.014134	-2.056761	-27.845117	1.167423	-0.736223	-28.098657	-0.054078	-2.043396	-27.798368	1.176303	-0.753259	-28.079981	-0.037217	-2.075744	-28.141349	0.935940	-1.267558	-28.138021	0.986375	-1.302919	-27.811594	0.978095	-1.160707	-27.805480	0.979547	-1.199938	-28.138617	0.461100	-1.290779	-27.821641	0.470115	-1.125010	-28.145628	-0.051728	-1.194382	-28.154568	-0.018789	-1.286661	-27.825779	-0.070109	-1.116064	-27.791722	-0.041568	-1.129502
3123	43.375333	00:00:43:27	-27.966889	1.674249	-1.231802	-27.961517	1.628423	-1.087721	-28.095755	1.647251	-1.152789	-27.959221	1.578495	-1.206699	-27.991476	1.560748	-1.221267	-28.124000	1.528878	-1.300935	-27.848289	1.560902	-1.162270	-27.970534	1.386654	-1.034682	-27.972919	0.736980	-1.626930	-27.814713	1.153133	-0.746951	-28.108886	-0.057464	-2.084567	-27.825668	1.179208	-0.763169	-28.109381	-0.035698	-2.039508	-27.847059	1.182874	-0.766952	-28.063043	-0.053836	-2.064049	-28.161808	0.960312	-1.239205	-28.119526	0.995771	-1.295384	-27.829679	1.000514	-1.108868	-27.819325	1.000443	-1.183335	-28.121462	0.441863	-1.273198	-27.825188	0.458997	-1.134734	-28.176746	-0.068289	-1.255915	-28.154453	-0.063519	-1.315134	-27.795895	-0.071416	-1.099560	-27.782963	-0.048038	-1.168553
3124	43.389227	00:00:43:28	-27.967564	1.667981	-1.218329	-27.957864	1.637435	-1.112828	-28.082458	1.635344	-1.181122	-27.980416	1.581275	-1.235504	-27.984440	1.544400	-1.168228	-28.114870	1.561395	-1.320328	-27.822574	1.559078	-1.172620	-27.985578	1.375337	-0.997022	-27.964537	0.785626	-1.602467	-27.825059	1.151688	-0.755514	-28.085929	-0.035446	-2.061117	-27.851914	1.145261	-0.752687	-28.105816	-0.030473	-2.070154	-27.849159	1.166848	-0.736758	-28.109620	-0.024702	-2.062391	-28.178712	0.957682	-1.276891	-28.154707	0.989897	-1.308904	-27.832384	0.948507	-1.126849	-27.828501	0.983108	-1.206865	-28.163718	0.478406	-1.242665	-27.828436	0.468296	-1.127636	-28.154167	-0.054176	-1.223528	-28.135753	-0.035673	-1.247550	-27.805055	-0.111459	-1.130421	-27.786293	-0.047106	-1.185672
3125	43.403120	00:00:43:29	-27.968276	1.687190	-1.274555	-27.936465	1.618246	-1.105714	-28.061795	1.612201	-1.136265	-27.983366	1.556138	-1.235693	-27.982482	1.568227	-1.218369	-28.102210	1.569152	-1.300106	-27.829820	1.599285	-1.187836	-27.978285	1.372299	-1.034833	-27.995990	0.745883	-1.601474	-27.817604	1.155205	-0.747172	-28.112356	-0.032440	-2.069204	-27.812539	1.182656	-0.753124	-28.066822	-0.036667	-2.063936	-27.807088	1.186634	-0.800373	-28.112123	-0.057336	-2.045035	-28.176670	0.940627	-1.240237	-28.187307	0.983800	-1.290696	-27.800743	0.930830	-1.099780	-27.810447	0.967845	-1.155537	-28.131087	0.493339	-1.254690	-27.815331	0.457253	-1.147772	-28.143262	-0.111520	-1.255501	-28.169086	-0.016693	-1.288365	-27.840958	-0.058088	-1.126881	-27.781873	-0.046024	-1.174668
3126	43.417014	00:00:43:30	-27.988056	1.695324	-1.239758	-28.000622	1.610965	-1.085911	-28.055547	1.623674	-1.184338	-27.967513	1.584874	-1.238681	-28.001786	1.532870	-1.216991	-28.110798	1.575740	-1.310873	-27.829775	1.578497	-1.203331	-27.977128	1.383630	-1.027173	-27.967636	0.764328	-1.638377	-27.853560	1.161967	-0.772276	-28.089731	-0.048689	-2.062160	-27.799848	1.137628	-0.784740	-28.079917	-0.040659	-2.050531	-27.860405	1.156656	-0.749548	-28.105018	-0.046692	-2.050260	-28.185304	0.975347	-1.261910	-28.136735	1.002501	-1.292173	-27.822801	0.969355	-1.143412	-27.813732	0.977927	-1.180889	-28.102063	0.457849	-1.250972	-27.812430	0.485688	-1.147190	-28.145480	-0.065232	-1.208138	-28.149834	-0.072276	-1.313997	-27.835178	-0.052442	-1.129518	-27.808763	-0.052673	-1.144278
3127	43.430907	00:00:43:31	-27.993074	1.688220	-1.217387	-27.926955	1.626677	-1.145258	-28.073915	1.600940	-1.145547	-27.970692	1.576368	-1.212739	-28.000647	1.546349	-1.152117	-28.119110	1.539096	-1.267941	-27.842700	1.556595	-1.195789	-28.001271	1.404934	-1.001476	-27.957872	0.760905	-1.611649	-27.800200	1.184516	-0.768294	-28.092522	-0.036762	-2.043960	-27.823812	1.167711	-0.741477	-28.101097	-0.044361	-2.024950	-27.836681	1.170729	-0.745122	-28.115037	-0.042695	-2.074044	-28.182601	0.993301	-1.250014	-28.147161	0.971555	-1.295519	-27.828031	0.961424	-1.120827	-27.794639	0.997115	-1.175209	-28.173840	0.436614	-1.287732	-27.804814	0.478131	-1.123704	-28.156957	-0.042561	-1.234281	-28.107063	-0.041685	-1.288792	-27.813049	-0.059675	-1.093616	-27.787558	-0.058650	-1.162242
3128	43.444801	00:00:43:32	-27.949618	1.675972	-1.206537	-27.929745	1.632398	-1.103792	-28.066878	1.634195	-1.110439	-28.001689	1.607139	-1.229460	-27.989472	1.548799	-1.175179	-28.114089	1.574962	-1.311703	-27.847900	1.574750	-1.186414	-27.995590	1.362465	-1.042149	-27.958629	0.728094	-1.619521	-27.819674	1.145472	-0.739062	-28.080200	-0.026876	-2.042931	-27.825596	1.184810	-0.756886	-28.078248	-0.036840	-2.086796	-27.844523	1.170447	-0.779311	-28.126963	-0.064387	-2.040124	-28.179999	0.987372	-1.227982	-28.128239	0.969925	-1.312401	-27.826340	0.950001	-1.132180	-27.798867	1.026158	-1.189282	-28.138129	0.453575	-1.270551	-27.840909	0.447218	-1.173421	-28.138009	-0.066676	-1.265762	-28.134302	-0.013586	-1.272780	-27.840744	-0.060117	-1.133490	-27.831389	-0.035623	-1.166207
3129	43.458694	00:00:43:33	-27.960554	1.691554	-1.244832	-27.933287	1.635033	-1.102177	-28.068498	1.640401	-1.167566	-27.979886	1.552431	-1.216302	-28.014992	1.539728	-1.206787	-28.125377	1.562748	-1.276249	-27.822925	1.580255	-1.184490	-27.968308	1.348642	-1.029002	-27.964110	0.745925	-1.612591	-27.833408	1.178764	-0.765911	-28.071350	-0.048067	-2.089657	-27.815607	1.199413	-0.780931	-28.112323	-0.034546	-2.080281	-27.805477	1.177603	-0.739345	-28.101464	-0.024761	-2.046926	-28.184500	0.957733	-1.244060	-28.166709	0.990648	-1.290559	-27.827309	0.960124	-1.139607	-27.833156	1.014033	-1.170143	-28.136809	0.442272	-1.275759	-27.844251	0.487171	-1.169097	-28.147378	-0.081384	-1.261473	-28.174982	-0.033564	-1.282607	-27.828693	-0.069112	-1.111393	-27.791720	-0.042367	-1.152509
3130	43.472588	00:00:43:34	-27.989766	1.673175	-1.255368	-27.943357	1.650613	-1.106067	-28.068978	1.613951	-1.155034	-28.003213	1.547714	-1.252823	-28.015133	1.554160	-1.215649	-28.148547	1.551900	-1.265970	-27.859031	1.560880	-1.191129	-27.988443	1.381099	-0.999419	-27.958018	0.770240	-1.611313	-27.797755	1.185722	-0.737805	-28.100007	-0.055274	-2.071298	-27.796599	1.163099	-0.756061	-28.041557	-0.062068	-2.062310	-27.847104	1.176194	-0.766015	-28.099498	-0.024014	-2.062873	-28.139294	0.961566	-1.228750	-28.148242	1.000124	-1.313543	-27.815767	0.947765	-1.153398	-27.795613	0.988801	-1.172870	-28.158298	0.459198	-1.276261	-27.827570	0.454845	-1.112945	-28.151543	-0.051275	-1.212411	-28.139037	-0.064749	-1.295965	-27.836577	-0.056240	-1.096671	-27.831452	-0.095304	-1.177525
3131	43.486481	00:00:43:35	-27.967739	1.655716	-1.220107	-27.965053	1.623962	-1.135391	-28.052350	1.590640	-1.178420	-27.972718	1.565486	-1.267649	-27.962833	1.547538	-1.197118	-28.127726	1.542314	-1.276898	-27.827880	1.573340	-1.175640	-27.967606	1.342997	-1.030871	-27.952549	0.753463	-1.652409	-27.828581	1.153703	-0.768886	-28.085931	-0.051195	-2.051564	-27.829597	1.159967	-0.742441	-28.078498	-0.061602	-2.069020	-27.812844	1.183257	-0.760702	-28.130341	-0.073356	-2.067088	-28.152157	0.966185	-1.270021	-28.136571	0.983533	-1.318864	-27.839716	0.952823	-1.141362	-27.824705	0.977940	-1.186079	-28.162018	0.422625	-1.258779	-27.796181	0.441971	-1.144862	-28.147239	-0.044047	-1.215912	-28.148688	-0.039221	-1.292406	-27.849656	-0.043417	-1.102247	-27.774038	-0.055527	-1.204202
3132	43.500374	00:00:43:36	-27.988022	1.692750	-1.238136	-27.954784	1.645019	-1.119032	-28.059338	1.621942	-1.171872	-27.995895	1.563912	-1.248471	-27.967893	1.543890	-1.235251	-28.112756	1.575208	-1.273821	-27.813015	1.556490	-1.183134	-27.980083	1.353908	-1.028834	-28.000851	0.766865	-1.623488	-27.837068	1.192636	-0.734545	-28.095954	-0.023792	-2.090618	-27.831485	1.197014	-0.741579	-28.125070	-0.061438	-2.055555	-27.848865	1.175084	-0.735429	-28.104245	-0.043140	-2.080726	-28.134149	0.981838	-1.238180	-28.153280	0.984930	-1.306513	-27.823011	0.979473	-1.145079	-27.829243	0.994010	-1.184559	-28.172567	0.467743	-1.249263	-27.841101	0.446656	-1.139851	-28.155876	-0.071425	-1.255371	-28.145465	-0.069197	-1.287700	-27.827153	-0.046583	-1.136548	-27.838917	-0.034930	-1.159964
3133	43.514268	00:00:43:37	-27.964616	1.666546	-1.262876	-27.932558	1.649870	-1.101214	-28.069867	1.613879	-1.180471	-27.947276	1.616156	-1.222533	-27.975489	1.544500	-1.194192	-28.105057	1.553085	-1.291324	-27.828815	1.540273	-1.183194	-27.972720	1.364415	-1.010446	-27.975628	0.784982	-1.633284	-27.843404	1.169887	-0.743347	-28.094052	-0.028654	-2.051926	-27.842305	1.181520	-0.753821	-28.096606	-0.070753	-2.068966	-27.804672	1.209181	-0.745887	-28.115629	-0.029925	-2.059574	-28.179128	0.974771	-1.277940	-28.143350	0.979462	-1.283166	-27.785286	0.975716	-1.120518	-27.791446	1.037208	-1.205111	-28.135077	0.441165	-1.281982	-27.809895	0.455397	-1.152556	-28.133913	-0.065626	-1.246915	-28.151564	-0.038907	-1.299242	-27.845705	-0.071516	-1.075463	-27.820993	-0.008626	-1.178615
3134	43.528161	00:00:43:38	-27.975819	1.663484	-1.264754	-27.978222	1.630001	-1.106043	-28.062808	1.632897	-1.163561	-27.970386	1.539792	-1.229541	-27.979080	1.530004	-1.225516	-28.120806	1.575759	-1.281338	-27.852485	1.542437	-1.191784	-27.968431	1.376178	-1.034027	-28.006382	0.769147	-1.604736	-27.828590	1.171538	-0.724244	-28.118622	-0.000562	-2.068166	-27.833560	1.177882	-0.755433	-28.119297	-0.015299	-2.035610	-27.833952	1.196983	-0.755275	-28.106355	-0.045286	-2.045393	-28.173007	0.938676	-1.232422	-28.166213	0.996299	-1.278902	-27.831413	0.969599	-1.125926	-27.765926	0.963191	-1.175258	-28.161729	0.454559	-1.283817	-27.803552	0.448942	-1.139879	-28.114893	-0.088516	-1.225036	-28.128809	-0.009509	-1.301726	-27.822598	-0.083840	-1.127998	-27.836045	-0.048824	-1.180854
3135	43.542055	00:00:43:39	-27.944762	1.692587	-1.239418	-27.969575	1.619026	-1.070588	-28.063770	1.630827	-1.185385	-27.985796	1.598764	-1.229822	-27.987454	1.592465	-1.209407	-28.134085	1.538710	-1.284305	-27.830600	1.564996	-1.178893	-27.959962	1.414027	-1.034425	-27.980159	0.760228	-1.615551	-27.806658	1.166141	-0.793485	-28.094866	-0.052184	-2.081107	-27.836550	1.166536	-0.796872	-28.098555	-0.067361	-2.054205	-27.817733	1.196989	-0.789220	-28.102888	-0.047730	-2.082720	-28.133694	0.984613	-1.250689	-28.119490	0.979789	-1.307077	-27.841906	0.977636	-1.136864	-27.794447	1.000559	-1.191714	-28.122783	0.457259	-1.281814	-27.806819	0.461501	-1.127600	-28.156348	-0.046503	-1.240508	-28.136462	-0.068231	-1.275298	-27.772960	-0.035017	-1.118584	-27.806701	-0.051076	-1.192005
3136	43.555948	00:00:43:40	-27.974947	1.693512	-1.256410	-27.936942	1.607513	-1.089583	-28.083902	1.635666	-1.163697	-27.983236	1.549751	-1.239431	-27.992499	1.545553	-1.203871	-28.124426	1.570973	-1.266684	-27.850626	1.573567	-1.213187	-27.970973	1.379121	-1.011992	-27.988722	0.767607	-1.652773	-27.832003	1.150284	-0.759208	-28.123381	-0.035605	-2.043173	-27.832494	1.181732	-0.760887	-28.103400	-0.042852	-2.077911	-27.813153	1.192758	-0.745077	-28.095366	-0.053027	-2.090703	-28.143957	0.949623	-1.203460	-28.126322	0.997203	-1.302115	-27.839051	0.967377	-1.100459	-27.801508	1.004890	-1.146244	-28.169317	0.455946	-1.269601	-27.842149	0.468445	-1.129939	-28.190837	-0.096190	-1.233352	-28.141103	-0.042180	-1.283674	-27.821576	-0.076639	-1.063754	-27.823104	-0.040276	-1.161253
3137	43.569842	00:00:43:41	-28.003117	1.668514	-1.216476	-27.970458	1.645336	-1.135874	-28.100138	1.619644	-1.138246	-27.976353	1.562770	-1.251444	-27.984810	1.533894	-1.188547	-28.116298	1.543082	-1.302494	-27.828630	1.558947	-1.204007	-27.975092	1.349227	-1.047568	-27.969882	0.761034	-1.606909	-27.851803	1.157526	-0.766025	-28.107567	-0.043758	-2.067863	-27.826593	1.156867	-0.733977	-28.103932	-0.024029	-2.045716	-27.853968	1.198440	-0.774971	-28.115222	-0.039124	-2.067534	-28.128395	0.964920	-1.265517	-28.151424	1.002062	-1.329600	-27.832238	0.978014	-1.129682	-27.805808	0.973097	-1.205904	-28.128839	0.422269	-1.278441	-27.809397	0.446879	-1.141284	-28.166318	-0.070847	-1.239482	-28.154971	-0.037420	-1.275345	-27.862639	-0.061910	-1.123331	-27.772839	-0.036971	-1.161774
3138	43.583735	00:00:43:42	-27.972903	1.673299	-1.214773	-27.975815	1.609157	-1.103718	-28.089907	1.615061	-1.136546	-28.004125	1.596639	-1.231942	-27.990691	1.529077	-1.209921	-28.125507	1.577230	-1.278238	-27.872869	1.588655	-1.190295	-27.975773	1.379239	-1.043033	-27.962696	0.790547	-1.610540	-27.864329	1.171783	-0.766915	-28.100971	-0.059267	-2.084713	-27.833241	1.179715	-0.758049	-28.081156	-0.080223	-2.047470	-27.830642	1.181770	-0.759900	-28.118727	-0.009459	-2.033646	-28.187431	0.949318	-1.271277	-28.139242	0.995227	-1.306660	-27.812458	0.966974	-1.117653	-27.815044	0.977695	-1.178574	-28.118958	0.445631	-1.275846	-27.832992	0.454607	-1.137207	-28.156759	-0.075163	-1.215849	-28.156779	-0.021611	-1.255483	-27.827174	-0.091517	-1.118490	-27.850647	-0.042183	-1.172909
3139	43.597629	00:00:43:43	-27.953800	1.690118	-1.227195	-27.961402	1.639970	-1.103186	-28.063697	1.620449	-1.146257	-27.991298	1.562941	-1.220847	-27.986990	1.555657	-1.200642	-28.084906	1.552350	-1.308175	-27.826677	1.558866	-1.166891	-27.983412	1.382487	-1.016367	-27.962132	0.752846	-1.629167	-27.827591	1.159592	-0.774431	-28.101661	-0.061533	-2.072403	-27.855763	1.160033	-0.759774	-28.088791	-0.048775	-2.034444	-27.818569	1.165918	-0.724192	-28.086648	-0.041815	-2.089493	-28.150694	0.949035	-1.236120	-28.101055	1.007780	-1.286937	-27.842217	0.951850	-1.118267	-27.800197	1.002015	-1.198996	-28.147121	0.469736	-1.264140	-27.801151	0.449780	-1.114951	-28.179115	-0.078216	-1.225421	-28.110870	-0.051940	-1.319363	-27.809357	-0.073941	-1.119796	-27.819692	-0.021999	-1.161563
3140	43.611522	00:00:43:44	-27.959727	1.674048	-1.217878	-27.965107	1.693404	-1.111792	-28.078444	1.654226	-1.143352	-27.987326	1.589949	-1.249575	-27.980540	1.526156	-1.187038	-28.110374	1.571463	-1.257080	-27.829172	1.541669	-1.176731	-27.953717	1.331628	-1.030842	-27.946124	0.749631	-1.647729	-27.826473	1.153417	-0.788837	-28.075483	-0.063460	-2.058660	-27.856686	1.188147	-0.750161	-28.068404	-0.031256	-2.072993	-27.845181	1.154995	-0.745434	-28.103589	-0.068319	-2.062178	-28.161776	0.972477	-1.258392	-28.127096	0.971387	-1.294798	-27.872386	0.964263	-1.130932	-27.804172	1.014262	-1.173609	-28.143840	0.485402	-1.249355	-27.827718	0.424562	-1.131833	-28.134039	-0.105369	-1.253580	-28.152257	-0.068578	-1.300671	-27.830593	-0.069274	-1.093419	-27.816840	-0.056224	-1.142933
3141	43.625415	00:00:43:45	-28.003253	1.705158	-1.217964	-27.955407	1.637147	-1.090186	-28.064020	1.620412	-1.158685	-27.962937	1.549271	-1.245767	-28.006998	1.579329	-1.200374	-28.116470	1.564591	-1.256690	-27.834085	1.537879	-1.185449	-27.978762	1.351260	-1.034459	-27.973466	0.764393	-1.664281	-27.829553	1.151683	-0.730881	-28.103102	-0.004866	-2.087722	-27.806221	1.163085	-0.771993	-28.103751	-0.055613	-2.097898	-27.835026	1.150276	-0.776445	-28.095871	-0.078639	-2.063442	-28.149276	0.944029	-1.263768	-28.138104	1.007989	-1.315734	-27.826958	0.939103	-1.138365	-27.824311	0.963596	-1.181936	-28.156442	0.476138	-1.271233	-27.795612	0.443532	-1.157335	-28.176485	-0.056831	-1.250151	-28.123500	-0.038430	-1.268565	-27.831478	-0.081784	-1.128466	-27.818685	-0.025610	-1.172135
3142	43.639309	00:00:43:46	-28.001319	1.687682	-1.229500	-27.950443	1.617883	-1.127685	-28.097510	1.662101	-1.156556	-27.952639	1.564823	-1.235878	-28.013964	1.553664	-1.175972	-28.160713	1.561770	-1.278445	-27.822899	1.565984	-1.175516	-27.949598	1.356538	-1.012041	-27.955621	0.742890	-1.614797	-27.798776	1.140584	-0.770233	-28.087887	-0.025113	-2.094389	-27.804607	1.207884	-0.738969	-28.101426	-0.055376	-2.070608	-27.837615	1.168377	-0.747989	-28.089073	-0.027320	-2.051372	-28.129134	0.962783	-1.240762	-28.144951	0.986876	-1.308073	-27.815231	0.968262	-1.133513	-27.818051	1.008621	-1.187399	-28.119081	0.453199	-1.259854	-27.811052	0.505147	-1.150199	-28.176700	-0.072179	-1.246304	-28.173466	-0.066327	-1.310051	-27.829785	-0.064809	-1.099166	-27.830639	-0.045833	-1.155022
3143	43.653202	00:00:43:47	-27.966239	1.702153	-1.223032	-27.985728	1.627114	-1.093851	-28.113240	1.605111	-1.167388	-27.962970	1.553099	-1.217588	-28.010178	1.546094	-1.201344	-28.101178	1.582787	-1.288755	-27.860078	1.547888	-1.182186	-28.001903	1.375710	-1.014974	-27.971903	0.742745	-1.627273	-27.821526	1.153486	-0.728349	-28.088403	-0.046900	-2.065616	-27.855860	1.172246	-0.768065	-28.085054	-0.030746	-2.038585	-27.856045	1.175451	-0.752434	-28.103790	-0.043032	-2.047231	-28.169930	0.975874	-1.268411	-28.155916	0.983763	-1.328328	-27.813977	0.982037	-1.132836	-27.803154	0.992313	-1.169459	-28.134885	0.445991	-1.301306	-27.817515	0.463493	-1.141734	-28.147705	-0.075902	-1.239537	-28.155207	-0.054342	-1.269182	-27.834716	-0.063605	-1.088620	-27.804635	-0.069588	-1.178869
3144	43.667096	00:00:43:48	-27.990980	1.663398	-1.216871	-27.958309	1.664426	-1.110229	-28.074006	1.610690	-1.119311	-27.997436	1.562810	-1.233760	-28.001990	1.557215	-1.227621	-28.145830	1.580811	-1.283717	-27.784827	1.575380	-1.188087	-28.003944	1.341271	-1.026386	-27.945929	0.765912	-1.612961	-27.866250	1.185979	-0.730198	-28.079076	-0.045129	-2.063770	-27.835398	1.166032	-0.753403	-28.098290	-0.057039	-2.044689	-27.836232	1.165703	-0.770677	-28.063394	-0.044190	-2.055204	-28.133161	0.927443	-1.258144	-28.136624	0.998820	-1.317023	-27.833735	0.989190	-1.114636	-27.818096	0.986464	-1.158310	-28.173860	0.473746	-1.241057	-27.793893	0.474443	-1.134445	-28.153456	-0.069697	-1.215809	-28.149661	-0.067871	-1.286027	-27.850998	-0.086642	-1.125233	-27.791989	-0.073777	-1.148788
3145	43.680989	00:00:43:49	-27.966253	1.690055	-1.246424	-27.937741	1.638595	-1.105459	-28.080808	1.600432	-1.171149	-27.964430	1.579405	-1.231641	-27.963113	1.530403	-1.204464	-28.127771	1.569998	-1.285711	-27.836721	1.533126	-1.172473	-27.950046	1.372512	-1.040050	-27.962066	0.752597	-1.612285	-27.864113	1.184704	-0.739572	-28.092072	-0.026499	-2.079896	-27.844888	1.164045	-0.758794	-28.097504	-0.053575	-2.039693	-27.838914	1.150874	-0.761837	-28.095082	-0.057532	-2.037087	-28.158197	0.956418	-1.259237	-28.139389	0.955710	-1.274029	-27.814175	0.916995	-1.126527	-27.794624	0.976624	-1.205330	-28.160342	0.471684	-1.289410	-27.819807	0.462126	-1.120651	-28.163637	-0.069978	-1.231093	-28.123882	-0.062280	-1.283770	-27.795196	-0.086305	-1.081774	-27.820665	-0.028290	-1.181989
3146	43.694883	00:00:43:50	-28.006276	1.673083	-1.241860	-27.963260	1.624966	-1.127008	-28.088427	1.662105	-1.195697	-27.959840	1.561813	-1.236272	-27.993379	1.532736	-1.193164	-28.146566	1.577168	-1.290529	-27.839639	1.561174	-1.172461	-27.968452	1.356008	-1.035782	-27.962262	0.750760	-1.608859	-27.820892	1.175691	-0.757330	-28.103323	-0.048835	-2.071436	-27.823224	1.186871	-0.792921	-28.078641	-0.043752	-2.040147	-27.823574	1.161064	-0.749498	-28.069804	-0.036662	-2.049536	-28.169327	0.956401	-1.282441	-28.154938	0.983892	-1.295314	-27.807209	0.924676	-1.135299	-27.803792	0.995367	-1.189394	-28.139818	0.490432	-1.261547	-27.812630	0.472915	-1.183048	-28.156260	-0.068978	-1.226010	-28.150967	-0.060733	-1.291818	-27.848701	-0.093755	-1.110444	-27.813501	-0.038959	-1.173745
3147	43.708776	00:00:43:51	-27.987084	1.658180	-1.265612	-27.935423	1.618683	-1.110178	-28.054418	1.631133	-1.152840	-27.986267	1.560461	-1.252055	-28.000091	1.541701	-1.216514	-28.084792	1.583972	-1.303651	-27.861770	1.583805	-1.174144	-27.975280	1.356779	-1.028704	-27.979166	0.737030	-1.589264	-27.861429	1.156034	-0.747420	-28.090503	-0.065032	-2.061388	-27.840233	1.166013	-0.756492	-28.113526	-0.058719	-2.040483	-27.838082	1.187965	-0.734402	-28.109908	-0.060854	-2.049641	-28.144887	0.961936	-1.236504	-28.146631	1.006364	-1.322120	-27.813977	0.966144	-1.139586	-27.807523	0.989472	-1.171323	-28.128235	0.451299	-1.238112	-27.835472	0.495682	-1.136951	-28.133572	-0.087219	-1.263740	-28.160869	-0.045048	-1.301698	-27.824377	-0.092369	-1.100935	-27.865172	-0.035086	-1.177522
3148	43.722670	00:00:43:52	-27.984560	1.678500	-1.240291	-27.950227	1.637054	-1.112858	-28.072478	1.614190	-1.148154	-27.956090	1.552416	-1.245507	-27.973593	1.532514	-1.171264	-28.129441	1.535528	-1.281927	-27.829078	1.550198	-1.194949	-27.981670	1.359116	-1.022069	-27.939562	0.772699	-1.614922	-27.851055	1.154304	-0.785674	-28.094878	-0.026125	-2.037783	-27.804604	1.176356	-0.780041	-28.088075	-0.017050	-2.068058	-27.834950	1.181566	-0.744244	-28.097228	-0.057720	-2.073010	-28.137068	0.968907	-1.272344	-28.145055	1.000567	-1.320654	-27.843758	0.970400	-1.087520	-27.782807	0.965733	-1.203076	-28.146213	0.506128	-1.272612	-27.807492	0.446441	-1.102402	-28.134809	-0.081331	-1.223773	-28.138014	-0.037086	-1.298481	-27.847812	-0.060591	-1.113577	-27.796588	-0.027107	-1.154305
3149	43.736563	00:00:43:53	-27.971341	1.682505	-1.245970	-27.956295	1.635064	-1.109191	-28.095029	1.609223	-1.139753	-27.988502	1.550248	-1.234828	-28.005614	1.530963	-1.174693	-28.116922	1.534981	-1.270568	-27.836273	1.575807	-1.178588	-27.976013	1.349114	-0.999295	-27.979017	0.713051	-1.638495	-27.834255	1.189501	-0.761169	-28.126540	-0.053545	-2.067892	-27.847732	1.180631	-0.792754	-28.074304	-0.035962	-2.062796	-27.815985	1.177186	-0.763223	-28.063528	-0.056622	-2.076371	-28.176251	0.964743	-1.244315	-28.131887	0.978444	-1.283847	-27.843677	0.966851	-1.137973	-27.809713	0.988463	-1.173937	-28.165621	0.437559	-1.274478	-27.826788	0.478801	-1.134115	-28.136302	-0.051274	-1.210961	-28.186420	-0.011480	-1.295784	-27.825255	-0.067714	-1.093616	-27.845927	-0.024368	-1.142596
3150	43.750456	00:00:43:54	-27.959509	1.697662	-1.253785	-27.955205	1.636221	-1.126093	-28.078324	1.648735	-1.186287	-27.951222	1.577571	-1.226315	-27.986674	1.544250	-1.222270	-28.122082	1.561983	-1.303412	-27.810301	1.573111	-1.177110	-28.005264	1.379918	-1.021605	-27.983738	0.751331	-1.621537	-27.847178	1.182957	-0.724604	-28.063441	-0.041064	-2.086116	-27.815035	1.142035	-0.741510	-28.122485	-0.054060	-2.054864	-27.804239	1.157747	-0.770590	-28.107552	-0.015714	-2.082539	-28.147102	0.967476	-1.264366	-28.140651	0.995072	-1.276641	-27.815759	0.964615	-1.127887	-27.810231	0.980860	-1.198744	-28.135470	0.464231	-1.267491	-27.823441	0.447931	-1.136042	-28.129712	-0.084521	-1.239785	-28.163959	-0.058584	-1.303242	-27.845489	-0.055636	-1.106927	-27.789662	-0.043292	-1.184955
3151	43.764350	00:00:43:55	-27.984505	1.699255	-1.225537	-27.972210	1.611824	-1.119323	-28.086086	1.589866	-1.164703	-27.999876	1.571945	-1.233752	-27.980835	1.545412	-1.204750	-28.112663	1.568198	-1.286470	-27.803833	1.542788	-1.171389	-27.973355	1.371732	-1.014714	-27.976198	0.776499	-1.601686	-27.836158	1.176250	-0.762971	-28.137640	-0.013109	-2.088432	-27.860798	1.153029	-0.788481	-28.090161	-0.051301	-2.047791	-27.860477	1.190900	-0.769527	-28.126418	-0.040244	-2.063176	-28.178787	0.956750	-1.253320	-28.142248	1.013306	-1.349565	-27.829776	0.952832	-1.128458	-27.805839	0.952662	-1.161173	-28.136400	0.439579	-1.267018	-27.838529	0.461026	-1.134346	-28.150366	-0.082048	-1.221609	-28.143260	-0.066110	-1.286790	-27.809030	-0.081919	-1.083000	-27.814012	-0.039564	-1.167049
3152	43.778243	00:00:43:56	-27.993539	1.677586	-1.238121	-27.953171	1.628304	-1.123681	-28.040117	1.599848	-1.124323	-27.958287	1.566660	-1.241432	-28.007666	1.527359	-1.209335	-28.095057	1.556838	-1.303131	-27.831182	1.555309	-1.187084	-27.973095	1.370396	-1.019981	-27.962435	0.741776	-1.639324	-27.841095	1.167305	-0.790254	-28.078096	-0.048336	-2.084340	-27.860342	1.180748	-0.758119	-28.072180	-0.061722	-2.052943	-27.843658	1.145777	-0.764090	-28.117244	-0.028538	-2.037483	-28.197714	0.967605	-1.264844	-28.155431	0.983384	-1.303026	-27.815743	0.946034	-1.160881	-27.783475	1.006810	-1.165875	-28.155291	0.424108	-1.292323	-27.814813	0.441032	-1.131151	-28.155570	-0.053881	-1.245034	-28.131253	-0.017403	-1.334210	-27.850449	-0.066655	-1.125314	-27.781530	-0.031006	-1.123604
3153	43.792137	00:00:43:57	-28.006871	1.677617	-1.253421	-27.957071	1.611674	-1.136859	-28.065403	1.683006	-1.111624	-27.984146	1.550587	-1.229460	-27.984894	1.509079	-1.205316	-28.138552	1.590367	-1.256756	-27.815035	1.546353	-1.160314	-27.960790	1.355450	-1.035391	-27.982061	0.753366	-1.618805	-27.839063	1.174747	-0.771537	-28.083385	-0.047207	-2.048554	-27.824323	1.184569	-0.731850	-28.075859	-0.041440	-2.049484	-27.829483	1.144023	-0.756351	-28.103360	-0.044696	-2.039858	-28.164907	0.926283	-1.258282	-28.155712	0.946323	-1.305202	-27.813357	0.934614	-1.143991	-27.787551	0.969953	-1.186193	-28.143407	0.457798	-1.290273	-27.827901	0.467804	-1.144969	-28.155273	-0.058785	-1.236500	-28.128754	-0.049453	-1.264130	-27.861293	-0.025991	-1.110163	-27.799666	-0.049192	-1.157850
3154	43.806030	00:00:43:58	-27.993138	1.693769	-1.241285	-27.970833	1.631012	-1.096509	-28.056967	1.642699	-1.145028	-27.994596	1.561609	-1.243798	-27.966226	1.536891	-1.220138	-28.084766	1.566082	-1.286778	-27.844131	1.567148	-1.154630	-27.994549	1.366994	-1.017307	-28.001382	0.766811	-1.603298	-27.845781	1.168311	-0.758845	-28.080306	-0.027056	-2.091155	-27.876652	1.133579	-0.750806	-28.107165	-0.083260	-2.047478	-27.843963	1.188286	-0.769621	-28.072064	-0.043646	-2.099270	-28.146373	0.940551	-1.252348	-28.141379	1.027702	-1.315533	-27.830583	0.958292	-1.165578	-27.809865	1.004929	-1.178844	-28.131477	0.452436	-1.264521	-27.817549	0.501460	-1.106110	-28.178012	-0.084586	-1.230847	-28.156409	-0.059275	-1.284627	-27.827352	-0.083231	-1.124229	-27.777200	-0.018935	-1.157428
3155	43.819924	00:00:43:59	-27.967111	1.721959	-1.253319	-27.940914	1.602933	-1.121480	-28.076846	1.652065	-1.162604	-27.976580	1.561533	-1.208365	-28.009482	1.573574	-1.208542	-28.117970	1.556887	-1.283017	-27.827329	1.568896	-1.192222	-27.968605	1.371619	-1.001912	-27.946606	0.772551	-1.654509	-27.836671	1.176763	-0.749882	-28.076917	-0.054669	-2.042658	-27.824374	1.172604	-0.757113	-28.122427	-0.031077	-2.057865	-27.841895	1.196884	-0.740083	-28.109773	-0.051510	-2.082613	-28.129585	0.979206	-1.242697	-28.125040	0.972296	-1.327053	-27.812304	0.944427	-1.136156	-27.795510	0.996934	-1.179899	-28.129336	0.472764	-1.286133	-27.812221	0.463835	-1.161809	-28.164447	-0.028372	-1.264512	-28.173299	-0.063000	-1.293069	-27.833328	-0.064787	-1.092750	-27.825438	-0.051334	-1.170940
3156	43.833817	00:00:43:60	-27.988208	1.682708	-1.221420	-27.975190	1.644132	-1.120174	-28.023329	1.637276	-1.166839	-27.959229	1.550331	-1.233835	-27.988200	1.543740	-1.214233	-28.129167	1.571670	-1.278731	-27.849059	1.577086	-1.180481	-27.968263	1.371149	-1.040181	-27.961912	0.772278	-1.641437	-27.828735	1.184754	-0.729373	-28.056614	-0.044711	-2.073812	-27.814501	1.142435	-0.767069	-28.098424	-0.032390	-2.063910	-27.838629	1.182509	-0.751931	-28.099137	-0.033593	-2.081319	-28.160350	0.964842	-1.292645	-28.116975	0.971619	-1.311161	-27.821980	0.955917	-1.105872	-27.806172	0.944158	-1.197896	-28.149100	0.471586	-1.260615	-27.809311	0.478170	-1.182239	-28.134335	-0.048069	-1.240760	-28.127036	-0.051949	-1.260894	-27.829676	-0.075206	-1.091056	-27.781461	-0.050985	-1.164889
3157	43.847711	00:00:43:61	-27.982075	1.688850	-1.243119	-27.932415	1.624042	-1.094464	-28.089214	1.648683	-1.149547	-27.953395	1.551242	-1.263928	-27.977919	1.554324	-1.200698	-28.076950	1.558724	-1.320216	-27.844022	1.529854	-1.165704	-27.979062	1.376189	-1.042185	-27.940999	0.768766	-1.630448	-27.849004	1.179040	-0.759099	-28.115278	-0.043364	-2.037987	-27.818817	1.167125	-0.768333	-28.097421	-0.047709	-2.068607	-27.826051	1.154719	-0.749162	-28.074223	-0.047151	-2.105485	-28.155202	0.954553	-1.266422	-28.127725	1.006396	-1.298455	-27.784661	0.957908	-1.145048	-27.793849	0.976226	-1.151239	-28.161167	0.467553	-1.309297	-27.829762	0.465493	-1.140833	-28.144875	-0.093016	-1.234282	-28.147162	-0.023036	-1.299572	-27.838802	-0.057146	-1.064136	-27.811201	-0.080151	-1.152338
3158	43.861604	00:00:43:62	-27.968358	1.707076	-1.213080	-27.936133	1.641132	-1.108238	-28.042804	1.639649	-1.157481	-27.954063	1.553891	-1.240839	-27.984570	1.551814	-1.180583	-28.121349	1.559463	-1.274052	-27.871535	1.581583	-1.167763	-27.982500	1.344099	-0.999001	-27.991410	0.735943	-1.620821	-27.824894	1.168304	-0.750298	-28.067471	-0.055039	-2.043852	-27.829956	1.160899	-0.777216	-28.119266	-0.049817	-2.041316	-27.842566	1.165384	-0.723134	-28.114017	-0.012390	-2.069744	-28.154024	0.980979	-1.261595	-28.168545	0.964877	-1.329884	-27.833145	0.963061	-1.122436	-27.815109	1.002789	-1.166028	-28.177666	0.446895	-1.277844	-27.804584	0.492862	-1.130411	-28.181625	-0.055248	-1.239875	-28.151374	-0.053088	-1.290377	-27.799934	-0.090733	-1.080943	-27.815231	-0.052816	-1.121501
3159	43.875497	00:00:43:63	-27.987944	1.690545	-1.225197	-27.941084	1.612946	-1.137656	-28.071272	1.634066	-1.189229	-27.989922	1.538355	-1.267661	-27.993679	1.557599	-1.212531	-28.139266	1.572264	-1.295331	-27.837118	1.566080	-1.184325	-28.004428	1.375336	-1.055574	-27.953814	0.764404	-1.613149	-27.850940	1.160350	-0.755336	-28.096775	-0.026541	-2.035973	-27.822349	1.168777	-0.746702	-28.093163	-0.032209	-2.082547	-27.821986	1.127310	-0.735323	-28.073503	-0.031382	-2.057410	-28.153894	0.996733	-1.264437	-28.148906	1.008276	-1.320208	-27.844104	0.987969	-1.137189	-27.804317	0.996316	-1.168946	-28.112444	0.455610	-1.270968	-27.798781	0.480940	-1.132076	-28.144474	-0.061398	-1.193923	-28.156135	-0.030749	-1.306715	-27.825237	-0.053897	-1.101681	-27.773155	-0.041460	-1.170204
3160	43.889391	00:00:43:64	-28.001760	1.672679	-1.239864	-27.932937	1.643791	-1.104438	-28.065620	1.632572	-1.126511	-27.963784	1.544745	-1.236021	-28.018132	1.581408	-1.188026	-28.130859	1.581849	-1.274007	-27.814480	1.551571	-1.190834	-27.999726	1.346423	-1.016250	-27.983034	0.742487	-1.615639	-27.842061	1.191660	-0.763506	-28.101277	-0.039025	-2.075383	-27.846517	1.147925	-0.760954	-28.099352	-0.021431	-2.068391	-27.857435	1.164769	-0.764102	-28.062591	-0.071537	-2.047455	-28.123276	0.981018	-1.224844	-28.176082	1.001363	-1.282366	-27.834151	0.980583	-1.099392	-27.788230	1.003116	-1.156537	-28.129527	0.469847	-1.283322	-27.818326	0.461812	-1.123928	-28.173727	-0.067417	-1.227688	-28.132225	-0.063281	-1.243232	-27.808061	-0.081241	-1.095665	-27.811519	-0.043641	-1.174363
3161	43.903284	00:00:43:65	-27.955635	1.688185	-1.196788	-27.984183	1.626125	-1.124558	-28.081388	1.664877	-1.176030	-27.981654	1.561580	-1.211715	-27.996206	1.542676	-1.171583	-28.143487	1.566466	-1.312877	-27.827484	1.560121	-1.144855	-27.993710	1.344502	-0.991565	-27.976337	0.778834	-1.593767	-27.862180	1.178112	-0.747455	-28.077161	-0.044891	-2.088548	-27.841231	1.195290	-0.777910	-28.102204	-0.079787	-2.054929	-27.853476	1.142599	-0.777580	-28.096109	-0.048494	-2.038241	-28.165008	0.959762	-1.270973	-28.133819	0.994172	-1.315582	-27.832320	0.980266	-1.116956	-27.779956	0.981757	-1.140849	-28.154943	0.455866	-1.260121	-27.827943	0.455246	-1.160027	-28.173093	-0.086729	-1.231897	-28.166457	-0.048806	-1.285839	-27.792965	-0.045189	-1.120976	-27.825485	-0.018193	-1.152889
3162	43.917178	00:00:43:66	-27.983525	1.634720	-1.242260	-27.952320	1.635953	-1.100131	-28.075994	1.615488	-1.157261	-27.994334	1.540560	-1.249216	-28.016761	1.548658	-1.178184	-28.133330	1.591908	-1.293354	-27.839411	1.535802	-1.165287	-27.986670	1.376864	-1.029005	-27.974131	0.760966	-1.652201	-27.811261	1.167295	-0.784695	-28.105203	-0.018628	-2.076013	-27.824032	1.191878	-0.753193	-28.081635	-0.076532	-2.040288	-27.841460	1.171349	-0.765736	-28.127911	-0.031146	-2.085320	-28.166294	0.948397	-1.248679	-28.111261	0.977118	-1.326190	-27.813924	0.979151	-1.130838	-27.783090	0.987109	-1.149395	-28.120092	0.444326	-1.262870	-27.792218	0.464700	-1.165740	-28.130471	-0.081118	-1.237142	-28.106490	-0.014967	-1.316767	-27.841451	-0.068911	-1.090545	-27.777283	-0.035224	-1.170513
3163	43.931071	00:00:43:67	-28.005978	1.677337	-1.234692	-27.938104	1.627821	-1.098917	-28.062442	1.663900	-1.143931	-27.980428	1.555680	-1.236754	-28.021688	1.571709	-1.176078	-28.068049	1.568717	-1.302464	-27.833899	1.568453	-1.167104	-27.993644	1.341593	-1.046803	-27.930487	0.781304	-1.649083	-27.847928	1.196679	-0.715230	-28.097588	-0.061645	-2.056668	-27.851304	1.210724	-0.743794	-28.097191	-0.075088	-2.053475	-27.868516	1.191806	-0.731810	-28.097189	-0.063982	-2.027664	-28.178697	0.969731	-1.246034	-28.113174	0.970330	-1.276048	-27.853287	0.998227	-1.115009	-27.798313	0.972732	-1.130906	-28.150352	0.472905	-1.284751	-27.787920	0.465958	-1.129428	-28.183004	-0.051147	-1.235984	-28.157440	-0.021550	-1.304839	-27.843254	-0.079647	-1.082789	-27.835061	-0.010009	-1.146449
3164	43.944965	00:00:43:68	-27.966717	1.662822	-1.240294	-27.952502	1.633296	-1.091419	-28.073182	1.650284	-1.176109	-27.971205	1.571366	-1.232400	-27.969976	1.574731	-1.229419	-28.108107	1.558993	-1.295019	-27.821263	1.591620	-1.172621	-27.952057	1.374369	-1.003650	-27.949308	0.753205	-1.662179	-27.844241	1.179844	-0.735033	-28.099682	-0.035487	-2.085860	-27.850582	1.155203	-0.756388	-28.102981	-0.057109	-2.076084	-27.830076	1.168649	-0.747384	-28.047575	-0.049272	-2.047028	-28.192937	0.951785	-1.251269	-28.164257	0.970236	-1.325151	-27.848137	0.967732	-1.115689	-27.792591	0.957486	-1.165847	-28.152458	0.464857	-1.284155	-27.833193	0.431766	-1.138697	-28.175779	-0.089088	-1.257673	-28.128180	-0.060296	-1.287770	-27.830007	-0.046227	-1.120668	-27.817604	-0.041403	-1.162054
3165	43.958858	00:00:43:69	-27.983796	1.673568	-1.220311	-27.976246	1.653897	-1.114481	-28.085258	1.648681	-1.148476	-27.981632	1.574132	-1.255064	-27.991491	1.552283	-1.203788	-28.140400	1.574814	-1.289643	-27.831639	1.549005	-1.178833	-27.990289	1.353941	-1.009542	-27.940275	0.728244	-1.631084	-27.820638	1.145044	-0.753120	-28.092801	-0.040785	-2.067101	-27.862216	1.186574	-0.755363	-28.118826	-0.013354	-2.057543	-27.811329	1.176520	-0.755723	-28.092173	-0.039066	-2.041594	-28.161827	0.957735	-1.253259	-28.131217	0.971003	-1.302206	-27.835417	0.959576	-1.135541	-27.794139	0.981179	-1.185189	-28.177981	0.440887	-1.303298	-27.855676	0.463528	-1.145944	-28.179137	-0.071448	-1.244888	-28.137361	-0.059779	-1.306777	-27.834846	-0.076395	-1.091730	-27.795519	-0.041776	-1.162846
3166	43.972752	00:00:43:70	-27.986321	1.672807	-1.232637	-27.952742	1.614592	-1.093632	-28.085161	1.612437	-1.170243	-27.984930	1.550093	-1.235383	-27.991177	1.558941	-1.208014	-28.109385	1.573834	-1.292666	-27.852234	1.555719	-1.188132	-27.949451	1.337523	-1.056716	-27.958099	0.775443	-1.626479	-27.840039	1.145980	-0.752250	-28.102990	-0.033001	-2.083929	-27.844323	1.131244	-0.740602	-28.107291	-0.050090	-2.068305	-27.842232	1.184464	-0.729037	-28.107645	-0.066680	-2.069924	-28.154929	0.960586	-1.294059	-28.146544	0.974668	-1.290448	-27.854163	0.953520	-1.133931	-27.808351	1.008244	-1.173196	-28.129167	0.469053	-1.273777	-27.826647	0.509028	-1.115645	-28.180763	-0.045758	-1.239682	-28.165406	-0.050622	-1.288259	-27.837329	-0.051960	-1.116958	-27.791694	-0.058965	-1.184917
3167	43.986645	00:00:43:71	-27.960331	1.672303	-1.229244	-27.969426	1.622432	-1.105007	-28.062347	1.618303	-1.134405	-27.960239	1.540931	-1.248780	-27.982419	1.552239	-1.195046	-28.083900	1.569567	-1.299155	-27.824709	1.557827	-1.173730	-27.953805	1.346184	-1.016350	-28.002281	0.790718	-1.607782	-27.845485	1.169430	-0.738512	-28.106076	-0.054206	-2.057342	-27.851959	1.159155	-0.739733	-28.113326	-0.059729	-2.065137	-27.854597	1.145492	-0.717851	-28.094434	-0.056660	-2.043341	-28.123283	0.917236	-1.264387	-28.137316	0.965217	-1.292777	-27.832054	0.973506	-1.133893	-27.821461	1.001716	-1.185819	-28.171303	0.438977	-1.292242	-27.818148	0.472025	-1.114553	-28.190258	-0.041475	-1.237414	-28.160865	-0.048676	-1.312995	-27.838003	-0.040675	-1.098022	-27.778919	-0.024413	-1.162030
3168	44.000538	00:00:44:00	-27.971268	1.654173	-1.240453	-27.971092	1.660702	-1.078211	-28.078840	1.640311	-1.149800	-27.977428	1.559042	-1.280021	-27.979856	1.522873	-1.210175	-28.120028	1.570250	-1.319220	-27.837997	1.584384	-1.174300	-27.966754	1.372327	-1.011332	-27.971063	0.769249	-1.610819	-27.849390	1.154382	-0.778827	-28.098472	-0.067383	-2.089454	-27.874261	1.187538	-0.763667	-28.079185	-0.029021	-2.065138	-27.839395	1.201509	-0.747094	-28.097679	-0.013378	-2.083219	-28.146236	0.967895	-1.261651	-28.168255	0.970550	-1.299333	-27.836073	0.953735	-1.142351	-27.805433	0.983854	-1.188423	-28.124795	0.462760	-1.271767	-27.847425	0.474604	-1.124909	-28.141705	-0.055911	-1.219070	-28.127879	-0.050050	-1.288671	-27.838874	-0.098136	-1.094138	-27.850147	-0.038897	-1.147105
3169	44.014432	00:00:44:01	-27.967880	1.655058	-1.219998	-27.968699	1.634815	-1.103863	-28.104660	1.628891	-1.146060	-27.981225	1.561060	-1.266161	-27.998943	1.518709	-1.216551	-28.113936	1.549355	-1.294963	-27.821743	1.565964	-1.162860	-27.992886	1.351923	-1.037561	-27.969314	0.754358	-1.605672	-27.807417	1.168856	-0.750388	-28.103402	-0.052359	-2.060525	-27.845822	1.179098	-0.761678	-28.073466	-0.051133	-2.090427	-27.843582	1.170534	-0.782355	-28.103158	-0.046813	-2.046834	-28.144984	0.941518	-1.273303	-28.115972	0.979529	-1.297576	-27.837176	0.976896	-1.088204	-27.804140	0.987854	-1.183865	-28.155364	0.452787	-1.284814	-27.860611	0.484926	-1.150284	-28.133436	-0.086982	-1.242241	-28.142272	-0.054184	-1.287187	-27.824733	-0.056607	-1.124038	-27.802332	-0.050087	-1.146207
3170	44.028325	00:00:44:02	-27.949461	1.665331	-1.221125	-28.010928	1.632840	-1.115127	-28.096477	1.643427	-1.151894	-27.975032	1.568566	-1.244237	-27.990695	1.562757	-1.180398	-28.107341	1.553289	-1.292279	-27.844187	1.553398	-1.164077	-27.997469	1.349470	-1.028658	-27.988419	0.750693	-1.633506	-27.851962	1.180765	-0.761348	-28.114054	-0.044394	-2.065513	-27.879992	1.139303	-0.728619	-28.107053	-0.031144	-2.047710	-27.836268	1.158667	-0.768808	-28.097883	-0.055898	-2.060460	-28.171334	0.969256	-1.253297	-28.121094	0.981503	-1.312935	-27.812043	0.942657	-1.092775	-27.784396	0.952428	-1.189748	-28.134366	0.480340	-1.252909	-27.792300	0.446458	-1.148781	-28.135042	-0.057515	-1.228798	-28.124105	-0.040606	-1.285316	-27.802922	-0.056532	-1.129382	-27.828874	-0.024604	-1.139014
3171	44.042219	00:00:44:03	-27.959818	1.673955	-1.230122	-27.989378	1.630521	-1.104689	-28.084916	1.626116	-1.152266	-27.968583	1.533300	-1.217683	-27.992757	1.555266	-1.227888	-28.098865	1.548992	-1.297644	-27.809331	1.549967	-1.197546	-27.990221	1.353837	-0.988321	-27.969521	0.756280	-1.613637	-27.832373	1.190592	-0.744455	-28.097278	-0.018091	-2.054825	-27.865399	1.166761	-0.762078	-28.095613	-0.073927	-2.054207	-27.833483	1.174374	-0.741709	-28.119981	-0.041606	-2.053026	-28.158152	0.949034	-1.254276	-28.127777	1.012369	-1.337990	-27.830421	0.960847	-1.147680	-27.800516	0.985281	-1.171717	-28.162942	0.455859	-1.229182	-27.775103	0.454735	-1.155248	-28.136775	-0.074433	-1.233238	-28.120458	-0.064091	-1.282686	-27.808255	-0.077294	-1.109120	-27.783959	-0.032512	-1.128045
3172	44.056112	00:00:44:04	-27.990972	1.663444	-1.262846	-27.988371	1.627387	-1.088783	-28.100148	1.633181	-1.155819	-27.969885	1.603784	-1.224812	-27.993083	1.557782	-1.226900	-28.111097	1.559439	-1.277337	-27.819632	1.572759	-1.195525	-28.003067	1.391297	-1.019065	-27.981228	0.758046	-1.654791	-27.837518	1.157042	-0.770410	-28.101621	-0.047331	-2.053385	-27.836239	1.177767	-0.757837	-28.089137	-0.065399	-2.104001	-27.899554	1.165099	-0.762214	-28.080986	-0.048177	-2.074652	-28.146985	0.963421	-1.259083	-28.139440	0.969925	-1.314758	-27.831742	0.950191	-1.133063	-27.796312	0.991608	-1.157408	-28.162645	0.479285	-1.247390	-27.838898	0.456921	-1.153001	-28.203635	-0.046924	-1.222848	-28.110709	-0.038526	-1.297589	-27.824653	-0.085670	-1.088830	-27.822868	-0.034202	-1.192845
3173	44.070006	00:00:44:05	-27.978237	1.666415	-1.265782	-27.982969	1.640272	-1.112183	-28.094552	1.635629	-1.176578	-27.981265	1.541071	-1.224143	-27.986528	1.554617	-1.167467	-28.106908	1.527176	-1.285129	-27.850749	1.572610	-1.156881	-27.976900	1.365301	-1.035651	-27.992614	0.752456	-1.632124	-27.896971	1.188410	-0.756834	-28.085364	-0.063791	-2.070150	-27.856491	1.172386	-0.741581	-28.119466	-0.049592	-2.059674	-27.830098	1.190980	-0.785509	-28.076847	-0.046122	-2.081358	-28.177816	0.960015	-1.275291	-28.148229	0.985832	-1.289982	-27.823305	0.975694	-1.127383	-27.822422	0.987241	-1.165370	-28.168885	0.457065	-1.319150	-27.838389	0.472433	-1.142156	-28.171275	-0.069845	-1.213327	-28.112494	-0.040545	-1.267651	-27.806896	-0.083157	-1.103129	-27.819404	-0.070660	-1.189118
3174	44.083899	00:00:44:06	-28.001528	1.689966	-1.244944	-27.962564	1.601490	-1.091387	-28.061771	1.605904	-1.169088	-27.974067	1.573190	-1.251829	-28.000390	1.532972	-1.176185	-28.087943	1.521056	-1.287454	-27.829802	1.589499	-1.175138	-27.988190	1.366734	-1.013688	-27.946691	0.768640	-1.603799	-27.835832	1.166251	-0.794645	-28.073464	-0.071705	-2.096005	-27.860847	1.139919	-0.730743	-28.085333	-0.055258	-2.037369	-27.901047	1.148132	-0.773548	-28.106984	-0.013110	-2.079699	-28.136514	0.976961	-1.270856	-28.150574	0.977804	-1.306524	-27.840454	0.979258	-1.126574	-27.815790	0.948261	-1.183845	-28.144191	0.471495	-1.281843	-27.806026	0.441987	-1.145404	-28.168613	-0.074659	-1.215821	-28.098576	-0.046579	-1.280457	-27.807300	-0.067379	-1.094473	-27.779991	-0.039164	-1.161205
3175	44.097793	00:00:44:07	-27.959181	1.688257	-1.203625	-27.948100	1.621700	-1.084038	-28.053011	1.640104	-1.155876	-28.013423	1.564163	-1.240225	-27.986366	1.544264	-1.210572	-28.096235	1.558186	-1.280848	-27.824274	1.558696	-1.161841	-27.976753	1.400220	-1.009819	-27.982459	0.766515	-1.643574	-27.845928	1.189144	-0.758803	-28.112107	-0.002171	-2.068601	-27.822141	1.173090	-0.762652	-28.096119	-0.042273	-2.056507	-27.872010	1.181329	-0.752866	-28.068006	-0.032765	-2.037046	-28.169422	0.954076	-1.257604	-28.129442	0.995803	-1.363888	-27.808722	0.991619	-1.135184	-27.779172	0.996592	-1.191213	-28.144999	0.453255	-1.285021	-27.835678	0.503883	-1.149761	-28.171548	-0.091609	-1.231374	-28.165538	-0.066279	-1.315993	-27.819338	-0.024092	-1.091536	-27.741092	-0.038936	-1.150420
3176	44.111686	00:00:44:08	-27.986750	1.655122	-1.235139	-27.955433	1.631206	-1.095274	-28.084069	1.597374	-1.171681	-27.999678	1.538793	-1.180459	-27.984566	1.542832	-1.176743	-28.084931	1.589077	-1.281759	-27.842272	1.572252	-1.206473	-27.948139	1.346981	-1.026876	-27.964118	0.740673	-1.601485	-27.846317	1.220536	-0.755376	-28.111826	-0.063659	-2.072746	-27.869341	1.171454	-0.742555	-28.094894	-0.043309	-2.058739	-27.849282	1.203269	-0.783867	-28.118765	-0.031998	-2.040240	-28.156801	0.958181	-1.242223	-28.152242	0.955854	-1.314612	-27.830694	0.955818	-1.140721	-27.804524	0.987862	-1.202349	-28.148358	0.490239	-1.254373	-27.814530	0.480323	-1.167316	-28.157756	-0.053453	-1.238537	-28.152636	-0.054914	-1.296122	-27.822150	-0.033633	-1.077353	-27.777981	-0.047557	-1.139480
3177	44.125579	00:00:44:09	-27.968586	1.685356	-1.231881	-27.954604	1.663063	-1.065706	-28.064118	1.596435	-1.151069	-27.963469	1.568001	-1.220021	-28.002298	1.572004	-1.166065	-28.148168	1.587715	-1.302772	-27.842980	1.554892	-1.151371	-27.974956	1.335937	-1.046220	-27.952723	0.749431	-1.608190	-27.852946	1.183597	-0.736977	-28.087242	-0.049453	-2.084269	-27.824187	1.154182	-0.755178	-28.093732	-0.054796	-2.069471	-27.837544	1.184603	-0.748358	-28.084101	-0.082308	-2.081389	-28.174208	0.976346	-1.290456	-28.133158	0.999014	-1.285347	-27.812361	0.954677	-1.106831	-27.803674	1.000974	-1.179501	-28.155437	0.438172	-1.274629	-27.822494	0.480827	-1.148207	-28.179513	-0.054554	-1.260761	-28.154022	-0.059292	-1.326991	-27.827130	-0.083411	-1.095410	-27.791461	-0.030474	-1.133128
3178	44.139473	00:00:44:10	-27.939375	1.694244	-1.227163	-27.931381	1.607290	-1.110519	-28.019751	1.652023	-1.127527	-27.995481	1.560102	-1.231860	-27.989688	1.524526	-1.226451	-28.100706	1.551181	-1.284552	-27.846428	1.573351	-1.183987	-27.988653	1.386270	-1.009765	-27.977927	0.757809	-1.623436	-27.873656	1.156751	-0.739281	-28.088958	-0.024403	-2.063208	-27.845762	1.167011	-0.724766	-28.130744	-0.081383	-2.069479	-27.845140	1.168006	-0.757800	-28.076582	-0.055597	-2.076051	-28.154511	0.966071	-1.256221	-28.119687	1.005498	-1.282716	-27.841447	0.939323	-1.124378	-27.801605	0.978113	-1.185088	-28.149304	0.458044	-1.281506	-27.822686	0.476921	-1.081246	-28.136435	-0.087997	-1.227717	-28.133707	-0.038307	-1.298109	-27.851809	-0.064934	-1.117360	-27.789940	-0.035593	-1.146158
3179	44.153366	00:00:44:11	-28.011132	1.685533	-1.245843	-27.981735	1.618065	-1.129839	-28.063309	1.619147	-1.184148	-27.990299	1.566857	-1.215356	-27.980206	1.563443	-1.175669	-28.100552	1.552334	-1.279341	-27.847953	1.542080	-1.187177	-27.994011	1.348862	-1.043444	-27.965676	0.791749	-1.615987	-27.844763	1.174078	-0.768559	-28.100911	-0.035014	-2.027920	-27.865544	1.213038	-0.764507	-28.101550	-0.068409	-2.052011	-27.861237	1.162666	-0.763121	-28.093600	-0.052969	-2.031568	-28.151967	0.948661	-1.259705	-28.116352	1.000077	-1.293376	-27.820799	0.986696	-1.115978	-27.810190	0.989997	-1.164402	-28.164887	0.471205	-1.295663	-27.790910	0.483304	-1.128430	-28.172733	-0.058453	-1.224494	-28.115147	-0.082373	-1.300136	-27.836980	-0.066400	-1.102542	-27.825408	-0.014093	-1.149898
3180	44.167260	00:00:44:12	-27.972927	1.680957	-1.241784	-27.925278	1.621877	-1.111067	-28.077093	1.631904	-1.167851	-27.989472	1.573154	-1.233991	-28.023211	1.540080	-1.174672	-28.107154	1.552920	-1.293158	-27.832610	1.555324	-1.147968	-27.940957	1.365100	-1.008763	-27.941290	0.779507	-1.602565	-27.838170	1.185904	-0.725144	-28.104600	-0.032490	-2.069571	-27.875115	1.163160	-0.739449	-28.097704	-0.055657	-2.057251	-27.865422	1.176163	-0.721732	-28.128908	-0.059094	-2.043305	-28.159264	0.964328	-1.243935	-28.145455	0.992137	-1.326129	-27.840548	0.998775	-1.110460	-27.782224	1.008439	-1.165746	-28.162441	0.456449	-1.287456	-27.804902	0.462292	-1.118933	-28.152110	-0.053098	-1.248835	-28.111931	-0.036715	-1.277722	-27.852402	-0.059234	-1.094738	-27.806132	-0.043866	-1.180104
3181	44.181153	00:00:44:13	-27.989471	1.695958	-1.222688	-27.966048	1.639032	-1.105800	-28.103750	1.624568	-1.144153	-27.975970	1.540874	-1.251352	-27.992125	1.550864	-1.172499	-28.128143	1.560639	-1.275309	-27.828768	1.567949	-1.181187	-27.969769	1.377657	-1.037824	-27.950846	0.762163	-1.617824	-27.840339	1.180284	-0.772417	-28.088707	-0.035298	-2.054294	-27.850199	1.158967	-0.765619	-28.072745	-0.065188	-2.031019	-27.844801	1.173306	-0.769580	-28.058959	-0.024381	-2.070812	-28.160475	0.960784	-1.244291	-28.125728	0.970474	-1.317079	-27.826163	0.944384	-1.123961	-27.813801	0.996349	-1.167594	-28.123199	0.471323	-1.288891	-27.831725	0.471650	-1.136883	-28.162049	-0.053695	-1.246651	-28.126271	-0.036762	-1.275752	-27.845986	-0.066534	-1.121850	-27.780707	-0.048921	-1.169099
3182	44.195047	00:00:44:14	-27.969096	1.671245	-1.242497	-27.969745	1.640709	-1.088720	-28.066659	1.613919	-1.143809	-27.968735	1.544704	-1.201256	-27.994258	1.524074	-1.213843	-28.086890	1.577073	-1.292792	-27.852008	1.560099	-1.151474	-28.008275	1.371618	-1.006917	-27.980851	0.745122	-1.631658	-27.876409	1.182794	-0.741442	-28.092032	-0.042867	-2.059092	-27.841974	1.186177	-0.723459	-28.098219	-0.044835	-2.104211	-27.854299	1.169666	-0.743290	-28.081142	-0.025834	-2.047137	-28.152878	0.999527	-1.290069	-28.134463	1.004089	-1.279483	-27.816081	0.963415	-1.123151	-27.753475	0.992772	-1.170934	-28.164602	0.455804	-1.259006	-27.813675	0.469544	-1.116332	-28.187902	-0.062904	-1.234928	-28.129642	-0.053657	-1.286343	-27.841434	-0.057539	-1.089915	-27.825408	-0.074943	-1.181033
3183	44.208940	00:00:44:15	-28.006117	1.721713	-1.231754	-27.942937	1.631773	-1.091735	-28.047586	1.629040	-1.156188	-27.961035	1.552083	-1.240308	-28.007676	1.521960	-1.200806	-28.113790	1.570196	-1.288719	-27.820913	1.545682	-1.149753	-27.984753	1.325030	-1.024615	-27.983609	0.787098	-1.630669	-27.861125	1.196258	-0.746138	-28.090283	-0.035952	-2.054196	-27.859065	1.172740	-0.731900	-28.071065	-0.066627	-2.037950	-27.837810	1.187772	-0.769023	-28.090493	-0.078373	-2.059508	-28.150706	0.974529	-1.242288	-28.152475	1.006766	-1.342451	-27.843783	0.954831	-1.154403	-27.774509	0.963452	-1.143742	-28.125554	0.466327	-1.294966	-27.790277	0.455082	-1.132912	-28.156958	-0.092379	-1.239849	-28.107768	-0.024735	-1.294699	-27.815775	-0.077279	-1.121676	-27.829388	-0.069680	-1.137101
3184	44.222834	00:00:44:16	-27.971151	1.670791	-1.223549	-27.950988	1.627566	-1.122741	-28.058573	1.632573	-1.169608	-27.972635	1.567690	-1.255601	-27.961959	1.551373	-1.187427	-28.102548	1.545361	-1.290330	-27.833336	1.559837	-1.175782	-28.013424	1.394926	-1.021808	-27.951982	0.789282	-1.614080	-27.859732	1.170160	-0.783742	-28.079539	-0.019461	-2.076563	-27.820516	1.160864	-0.779453	-28.093197	-0.049248	-2.082148	-27.856916	1.140899	-0.744265	-28.118207	-0.050493	-2.071639	-28.102823	0.954592	-1.232416	-28.149780	1.032164	-1.285185	-27.821603	0.978609	-1.123514	-27.789906	0.960941	-1.166360	-28.147216	0.432530	-1.283563	-27.826690	0.453040	-1.091753	-28.164795	-0.087489	-1.261494	-28.152710	-0.076000	-1.295992	-27.826050	-0.056776	-1.072786	-27.801814	-0.044804	-1.127128
3185	44.236727	00:00:44:17	-27.936291	1.683947	-1.236131	-27.945030	1.630290	-1.121974	-28.072706	1.651616	-1.191733	-27.984372	1.599596	-1.235143	-27.992126	1.538483	-1.201864	-28.107496	1.559909	-1.285414	-27.837994	1.587466	-1.182425	-27.999949	1.359582	-1.003815	-27.938266	0.784969	-1.622065	-27.861183	1.166731	-0.767335	-28.106882	-0.048546	-2.065378	-27.858422	1.160180	-0.753452	-28.077675	-0.029355	-2.037696	-27.855040	1.181655	-0.758730	-28.121408	-0.021049	-2.061697	-28.160681	0.951589	-1.253107	-28.135352	0.977754	-1.316030	-27.828181	0.964787	-1.128470	-27.804982	0.985365	-1.150182	-28.159190	0.446520	-1.286054	-27.794793	0.452173	-1.120696	-28.140224	-0.081484	-1.204139	-28.119166	-0.034584	-1.308287	-27.839065	-0.070898	-1.088047	-27.821840	-0.049967	-1.142641
3186	44.250620	00:00:44:18	-27.985202	1.673749	-1.236139	-27.936899	1.653731	-1.105054	-28.098057	1.623842	-1.122275	-27.965572	1.559825	-1.197258	-27.945146	1.571231	-1.190525	-28.094160	1.581858	-1.260164	-27.859574	1.579088	-1.178095	-27.991347	1.369802	-0.996086	-27.949199	0.743073	-1.626047	-27.876076	1.170222	-0.742086	-28.081129	-0.036427	-2.082576	-27.876379	1.169945	-0.757354	-28.090464	-0.057296	-2.066665	-27.868589	1.153353	-0.735602	-28.117454	-0.045448	-2.064692	-28.192721	0.979182	-1.249281	-28.134807	0.992465	-1.317099	-27.805055	0.991820	-1.130179	-27.797236	0.995006	-1.159863	-28.129659	0.460243	-1.289608	-27.829690	0.485587	-1.126528	-28.152727	-0.057729	-1.246544	-28.126461	-0.054926	-1.290818	-27.818481	-0.050086	-1.099073	-27.834010	-0.037244	-1.137057
3187	44.264514	00:00:44:19	-27.961093	1.671964	-1.235289	-27.958883	1.626191	-1.078280	-28.058807	1.636040	-1.159156	-27.969580	1.567367	-1.201230	-27.995399	1.548548	-1.219148	-28.092243	1.582859	-1.295587	-27.841747	1.545823	-1.179920	-27.979720	1.342064	-1.002890	-27.939818	0.732531	-1.630736	-27.877499	1.189169	-0.737715	-28.069825	-0.047945	-2.083155	-27.871103	1.165754	-0.730069	-28.095516	-0.056352	-2.033747	-27.842097	1.192115	-0.761008	-28.070854	-0.023804	-2.053593	-28.155190	0.975993	-1.273638	-28.128312	0.981223	-1.314867	-27.845341	0.966809	-1.105073	-27.810320	0.968466	-1.160887	-28.115663	0.445729	-1.280319	-27.807989	0.482128	-1.134773	-28.121075	-0.073709	-1.273654	-28.143635	-0.037700	-1.303561	-27.821975	-0.083406	-1.084297	-27.822022	-0.055415	-1.148533
3188	44.278407	00:00:44:20	-27.987712	1.704934	-1.247854	-27.969424	1.635175	-1.126907	-28.086883	1.628550	-1.136987	-27.971125	1.577719	-1.240795	-28.003010	1.546548	-1.218476	-28.108374	1.531105	-1.295386	-27.829735	1.569902	-1.186834	-27.997588	1.376818	-1.011703	-27.984355	0.793896	-1.620064	-27.887924	1.172101	-0.750346	-28.088616	-0.060504	-2.069503	-27.892755	1.192173	-0.753749	-28.096496	-0.032738	-2.090302	-27.884765	1.184765	-0.777134	-28.085119	-0.020263	-2.068205	-28.166258	0.955755	-1.246975	-28.117357	0.971949	-1.315113	-27.845239	0.967193	-1.089098	-27.820509	0.996435	-1.170983	-28.141289	0.470058	-1.285833	-27.846497	0.460196	-1.156525	-28.147750	-0.091482	-1.227729	-28.113059	-0.041431	-1.298334	-27.817552	-0.050426	-1.107214	-27.822065	-0.052987	-1.162984
3189	44.292301	00:00:44:21	-28.009168	1.682396	-1.243126	-27.979792	1.628345	-1.114582	-28.079042	1.645401	-1.159104	-27.978271	1.531997	-1.232622	-28.006044	1.531222	-1.212321	-28.112823	1.567588	-1.277261	-27.821055	1.569198	-1.178221	-27.974556	1.364798	-0.998284	-27.982346	0.773980	-1.587366	-27.873087	1.162641	-0.736690	-28.070041	-0.056104	-2.019144	-27.849621	1.154273	-0.744828	-28.097296	-0.064291	-2.064682	-27.865180	1.158642	-0.750617	-28.123271	-0.024704	-2.107126	-28.149684	0.952362	-1.304578	-28.159427	1.002010	-1.329880	-27.847004	0.957615	-1.107849	-27.854581	0.993785	-1.191414	-28.155180	0.449544	-1.277605	-27.843160	0.440258	-1.110874	-28.155461	-0.074594	-1.239500	-28.137365	-0.043754	-1.295938	-27.840202	-0.051407	-1.112636	-27.810438	-0.051994	-1.139371
3190	44.306194	00:00:44:22	-27.934415	1.684731	-1.271056	-27.967068	1.651585	-1.091870	-28.078137	1.627010	-1.142073	-27.968726	1.553316	-1.232008	-27.974841	1.554313	-1.189384	-28.102630	1.579188	-1.305962	-27.832936	1.551911	-1.169842	-27.992214	1.340321	-1.016657	-27.977797	0.777354	-1.613652	-27.860558	1.182125	-0.720808	-28.081547	-0.076236	-2.046965	-27.861041	1.159052	-0.708563	-28.095399	-0.045812	-2.055146	-27.828925	1.172183	-0.737760	-28.081134	-0.036444	-2.082523	-28.131648	0.955356	-1.261112	-28.133615	0.970689	-1.310360	-27.844763	0.952712	-1.127344	-27.808410	0.957724	-1.153010	-28.139037	0.458061	-1.286003	-27.808832	0.471833	-1.153329	-28.144667	-0.056532	-1.242827	-28.152737	-0.075624	-1.301732	-27.858600	-0.033949	-1.062077	-27.807751	-0.034015	-1.129190
3191	44.320088	00:00:44:23	-28.002939	1.670805	-1.251708	-27.968716	1.647196	-1.102581	-28.030393	1.642892	-1.137496	-27.967451	1.577965	-1.228014	-27.953077	1.576057	-1.218604	-28.101254	1.566073	-1.295550	-27.837296	1.585644	-1.173542	-27.966554	1.403339	-1.012578	-27.946209	0.757760	-1.614022	-27.856727	1.184644	-0.724238	-28.104737	-0.049355	-2.065851	-27.873245	1.174747	-0.764875	-28.089938	-0.048069	-2.053808	-27.838912	1.192784	-0.707367	-28.105092	0.002892	-2.062059	-28.136037	0.979274	-1.261543	-28.128043	0.975794	-1.307744	-27.804839	0.977182	-1.126797	-27.807689	0.980028	-1.159165	-28.141513	0.448829	-1.292606	-27.802782	0.469305	-1.120251	-28.164864	-0.083077	-1.189309	-28.154920	-0.022652	-1.299287	-27.816151	-0.062498	-1.077325	-27.807000	-0.068441	-1.174919
3192	44.333981	00:00:44:24	-27.979535	1.668968	-1.248461	-27.982701	1.658667	-1.096856	-28.050761	1.620541	-1.135015	-27.958266	1.581999	-1.239983	-27.983942	1.547329	-1.209807	-28.119905	1.545724	-1.263959	-27.831757	1.567398	-1.204261	-27.976639	1.363030	-1.034255	-27.957519	0.764698	-1.632610	-27.815647	1.161035	-0.741301	-28.120952	-0.021376	-2.049101	-27.848078	1.176769	-0.775753	-28.084869	-0.021226	-2.072267	-27.880715	1.179052	-0.755174	-28.085474	-0.031879	-2.062625	-28.180768	0.984183	-1.239530	-28.121598	0.947159	-1.321666	-27.782145	0.965167	-1.091821	-27.847217	0.979866	-1.195027	-28.146228	0.429140	-1.234689	-27.840050	0.463638	-1.160018	-28.150585	-0.066540	-1.247414	-28.130677	-0.048437	-1.282952	-27.860822	-0.094322	-1.119138	-27.794962	-0.063523	-1.141513
3193	44.347875	00:00:44:25	-27.977801	1.697126	-1.254081	-27.971263	1.630835	-1.105381	-28.060564	1.633923	-1.157256	-27.988667	1.547245	-1.237006	-27.976645	1.546289	-1.183890	-28.090443	1.582039	-1.277993	-27.812462	1.565206	-1.196124	-27.977734	1.386057	-0.994248	-27.988031	0.749128	-1.614320	-27.885727	1.179922	-0.777926	-28.080215	-0.064892	-2.042754	-27.882047	1.220402	-0.790001	-28.106999	-0.063926	-2.078183	-27.882103	1.199547	-0.779687	-28.065370	-0.048234	-2.060633	-28.171693	0.959919	-1.254498	-28.155355	0.969975	-1.325913	-27.835261	0.989100	-1.085412	-27.816584	0.957624	-1.167738	-28.160968	0.453168	-1.270746	-27.847859	0.455830	-1.132047	-28.170682	-0.061620	-1.238970	-28.100565	-0.048699	-1.331679	-27.832549	-0.038962	-1.102165	-27.833054	-0.073914	-1.132168
3194	44.361768	00:00:44:26	-27.962407	1.683735	-1.220241	-27.935644	1.646084	-1.117838	-28.063209	1.641287	-1.135645	-27.971706	1.577985	-1.289139	-27.995840	1.540739	-1.171160	-28.103836	1.553206	-1.274345	-27.824919	1.563137	-1.182533	-27.996667	1.354354	-1.019010	-27.938882	0.752372	-1.603887	-27.854220	1.186142	-0.761238	-28.095891	-0.043039	-2.055256	-27.855495	1.130892	-0.750501	-28.086052	-0.059220	-2.089589	-27.860707	1.184923	-0.733551	-28.078636	-0.061183	-2.053340	-28.142152	0.954087	-1.262121	-28.121138	0.987048	-1.303528	-27.823720	0.973313	-1.111487	-27.808654	0.983231	-1.180790	-28.162487	0.444255	-1.269125	-27.811365	0.464449	-1.124256	-28.124933	-0.090120	-1.250811	-28.136712	-0.049067	-1.330715	-27.843683	-0.113084	-1.124308	-27.820375	-0.056870	-1.162716
3195	44.375661	00:00:44:27	-27.983505	1.679348	-1.240913	-27.974386	1.622169	-1.137753	-28.074327	1.620249	-1.163413	-27.976798	1.552144	-1.240445	-28.018458	1.544882	-1.214754	-28.080687	1.560972	-1.322129	-27.845023	1.586314	-1.187695	-27.970180	1.358108	-0.963871	-27.963534	0.764223	-1.618065	-27.860535	1.140961	-0.748497	-28.105448	-0.051297	-2.053845	-27.827260	1.167493	-0.756571	-28.058782	-0.087499	-2.070195	-27.853509	1.199015	-0.769410	-28.091108	-0.054532	-2.070736	-28.161171	0.960474	-1.259049	-28.096629	0.983854	-1.293291	-27.829360	0.972254	-1.136686	-27.784111	0.970794	-1.209048	-28.151563	0.476644	-1.255819	-27.827913	0.471554	-1.126082	-28.184745	-0.053133	-1.265103	-28.138321	-0.002759	-1.301486	-27.821853	-0.096286	-1.107611	-27.795413	-0.062804	-1.099412
3196	44.389555	00:00:44:28	-27.983831	1.683007	-1.232880	-27.957074	1.658597	-1.099580	-28.089547	1.639529	-1.155206	-27.978535	1.554675	-1.190617	-27.993487	1.532663	-1.195984	-28.125380	1.541628	-1.300868	-27.816754	1.548804	-1.127667	-27.967316	1.356537	-1.036756	-27.968301	0.829673	-1.601766	-27.854907	1.179039	-0.750413	-28.120430	-0.044296	-2.052416	-27.874929	1.150364	-0.736774	-28.106673	-0.060393	-2.091438	-27.898941	1.144973	-0.708882	-28.063634	-0.058206	-2.058845	-28.148049	0.971941	-1.259500	-28.123893	0.996053	-1.293029	-27.828459	0.958686	-1.120849	-27.805166	0.979360	-1.158873	-28.132401	0.461185	-1.276899	-27.793451	0.466323	-1.148068	-28.136220	-0.052485	-1.228830	-28.139413	-0.048616	-1.290939	-27.836045	-0.089497	-1.072904	-27.837793	-0.056391	-1.147897
3197	44.403448	00:00:44:29	-27.977033	1.692827	-1.284137	-27.971854	1.651092	-1.099894	-28.071900	1.617124	-1.167486	-27.977953	1.582105	-1.239536	-27.990991	1.553057	-1.211817	-28.129367	1.546692	-1.299102	-27.825609	1.556689	-1.166757	-27.990601	1.363482	-1.047290	-27.965442	0.763068	-1.637119	-27.862808	1.160060	-0.752024	-28.066195	-0.047085	-2.104054	-27.867183	1.190462	-0.746737	-28.089943	-0.035730	-2.053165	-27.854356	1.146835	-0.742968	-28.078576	-0.075887	-2.078182	-28.163852	0.945971	-1.245803	-28.155115	0.997784	-1.319960	-27.823122	1.006779	-1.132264	-27.776288	0.979096	-1.161170	-28.147154	0.451945	-1.303766	-27.835600	0.474776	-1.124668	-28.153515	-0.057282	-1.249711	-28.159327	-0.034599	-1.264795	-27.841177	-0.080273	-1.094081	-27.815118	-0.061920	-1.130850
3198	44.417342	00:00:44:30	-27.978186	1.725448	-1.241551	-27.985607	1.637244	-1.119070	-28.055276	1.644417	-1.118184	-27.979996	1.525287	-1.222884	-27.986704	1.536700	-1.198145	-28.113467	1.558452	-1.293802	-27.860942	1.573990	-1.147947	-27.988312	1.399935	-1.033845	-27.958928	0.767197	-1.636875	-27.844952	1.164413	-0.740780	-28.110124	-0.033255	-2.045392	-27.880544	1.185936	-0.751049	-28.066439	-0.073898	-2.068872	-27.871918	1.190185	-0.729635	-28.112801	-0.055563	-2.049063	-28.164257	0.946688	-1.263882	-28.163686	0.973249	-1.319941	-27.830119	0.989081	-1.071851	-27.765083	0.997511	-1.177966	-28.161502	0.462481	-1.274179	-27.800130	0.474553	-1.115966	-28.119181	-0.079143	-1.214962	-28.111481	-0.068284	-1.296450	-27.780626	-0.065449	-1.128157	-27.814579	-0.056006	-1.140708
3199	44.431235	00:00:44:31	-27.965182	1.670672	-1.239171	-27.965556	1.612285	-1.097229	-28.100063	1.626453	-1.143866	-27.983606	1.562169	-1.257889	-27.987752	1.561619	-1.187780	-28.153310	1.543382	-1.301080	-27.829149	1.527185	-1.178130	-27.971305	1.324121	-1.020731	-27.980882	0.773073	-1.629435	-27.823309	1.185022	-0.776537	-28.106274	-0.026311	-2.033915	-27.897130	1.203722	-0.731322	-28.093656	-0.058022	-2.050546	-27.850838	1.145605	-0.737516	-28.084463	-0.040376	-2.063788	-28.154905	0.978358	-1.278141	-28.161623	0.988997	-1.332382	-27.847574	0.967761	-1.119340	-27.803833	0.982334	-1.170512	-28.128179	0.429828	-1.306499	-27.809061	0.463571	-1.119291	-28.169321	-0.035292	-1.208193	-28.136447	-0.041835	-1.262228	-27.796628	-0.070743	-1.115678	-27.819856	-0.043997	-1.152961
3200	44.445129	00:00:44:32	-28.016205	1.657304	-1.235905	-27.982888	1.617359	-1.105270	-28.070603	1.639588	-1.130840	-27.988091	1.581709	-1.227404	-27.963722	1.564403	-1.220251	-28.139415	1.566382	-1.265992	-27.847879	1.582943	-1.199605	-28.009597	1.353757	-1.028282	-27.936261	0.761597	-1.596430	-27.818101	1.170452	-0.730078	-28.122475	-0.004483	-2.040414	-27.874953	1.175755	-0.755777	-28.053535	-0.055520	-2.056956	-27.849551	1.171914	-0.732373	-28.109137	-0.045018	-2.060933	-28.138632	0.974008	-1.270738	-28.130655	0.988308	-1.340850	-27.803017	0.973124	-1.136529	-27.792359	1.016752	-1.153999	-28.091806	0.456253	-1.303024	-27.815916	0.444435	-1.127874	-28.179771	-0.057498	-1.251079	-28.150536	-0.043702	-1.314385	-27.842636	-0.067843	-1.113163	-27.761409	-0.041877	-1.137572
3201	44.459022	00:00:44:33	-27.982081	1.667035	-1.233601	-27.970554	1.639419	-1.135000	-28.050560	1.628258	-1.139040	-27.993654	1.537592	-1.234517	-27.989658	1.543590	-1.182055	-28.123859	1.529072	-1.295583	-27.832651	1.553879	-1.180645	-27.986758	1.380231	-1.020432	-27.931124	0.764957	-1.607377	-27.880390	1.165090	-0.763705	-28.082550	-0.064067	-2.051138	-27.881837	1.165297	-0.760801	-28.094022	-0.034420	-2.052105	-27.897642	1.146715	-0.763717	-28.094366	-0.055555	-2.109731	-28.135077	0.997912	-1.236550	-28.159103	0.994692	-1.291802	-27.862219	0.963001	-1.136884	-27.820283	0.996176	-1.173186	-28.158987	0.479691	-1.280205	-27.827046	0.479730	-1.109023	-28.155115	-0.034652	-1.243386	-28.102113	-0.039814	-1.276361	-27.815422	-0.087561	-1.113955	-27.805762	-0.035560	-1.132496
3202	44.472916	00:00:44:34	-27.954621	1.694283	-1.247315	-27.965294	1.604005	-1.130603	-28.065020	1.650113	-1.138525	-27.951620	1.499804	-1.234697	-27.975632	1.554997	-1.209690	-28.102784	1.561285	-1.274707	-27.843911	1.578244	-1.199107	-27.984122	1.396414	-1.066482	-27.948081	0.767735	-1.610805	-27.875294	1.176439	-0.748213	-28.095374	-0.028711	-2.080978	-27.874953	1.135999	-0.728005	-28.087235	-0.052284	-2.067293	-27.832041	1.171344	-0.751104	-28.121828	-0.033070	-2.043108	-28.174148	0.954806	-1.268962	-28.131641	0.992897	-1.300266	-27.836231	1.015346	-1.105631	-27.797178	1.006683	-1.181646	-28.144787	0.457127	-1.327005	-27.805939	0.468007	-1.136112	-28.180828	-0.098781	-1.267692	-28.113312	-0.048500	-1.302974	-27.843719	-0.070561	-1.091158	-27.820639	-0.014686	-1.126558
3203	44.486809	00:00:44:35	-27.960646	1.643738	-1.214899	-27.954064	1.639345	-1.094999	-28.105136	1.657268	-1.174424	-27.972910	1.561601	-1.231075	-27.993197	1.575180	-1.193045	-28.118568	1.559582	-1.254105	-27.839704	1.588160	-1.181040	-27.958838	1.356695	-1.030619	-27.993716	0.751152	-1.638976	-27.844724	1.180200	-0.760539	-28.088409	-0.031752	-2.065736	-27.847054	1.200277	-0.736636	-28.075385	-0.067363	-2.048376	-27.882210	1.136874	-0.741340	-28.080268	-0.027008	-2.053627	-28.153049	0.932332	-1.266383	-28.124335	0.975073	-1.315052	-27.806492	0.979150	-1.115479	-27.794524	1.027008	-1.163760	-28.130455	0.484257	-1.293067	-27.814784	0.472539	-1.127321	-28.150195	-0.033319	-1.214159	-28.120452	-0.002761	-1.333843	-27.850521	-0.087710	-1.098951	-27.783103	-0.056967	-1.146756
3204	44.500702	00:00:44:36	-27.985788	1.694041	-1.262554	-27.985069	1.628839	-1.108760	-28.051402	1.632625	-1.127660	-27.959602	1.591492	-1.221414	-27.966929	1.610869	-1.214302	-28.103033	1.545692	-1.307766	-27.833341	1.561098	-1.162310	-27.950718	1.406037	-1.017461	-27.958594	0.733101	-1.595050	-27.863932	1.145022	-0.756873	-28.094814	-0.073297	-2.040304	-27.851140	1.172776	-0.767418	-28.101410	-0.068828	-2.046451	-27.867017	1.155865	-0.766106	-28.081248	-0.062808	-2.038808	-28.123582	1.001054	-1.236545	-28.138150	0.990258	-1.335638	-27.845050	0.986850	-1.113551	-27.791287	0.991380	-1.156767	-28.133381	0.491234	-1.268364	-27.806429	0.483474	-1.138050	-28.149641	-0.093475	-1.252046	-28.127683	-0.033675	-1.301900	-27.837624	-0.082862	-1.097143	-27.791600	-0.027468	-1.125554
3205	44.514596	00:00:44:37	-27.992555	1.698001	-1.211780	-27.962524	1.650174	-1.125653	-28.081393	1.628017	-1.161979	-27.968125	1.542565	-1.234298	-27.984576	1.540826	-1.194247	-28.124697	1.586457	-1.298075	-27.812678	1.578614	-1.154849	-27.974864	1.340398	-1.025531	-27.966773	0.738124	-1.638761	-27.898457	1.190186	-0.744264	-28.063530	-0.066164	-2.048116	-27.863549	1.155513	-0.748934	-28.066311	-0.058455	-2.088159	-27.890458	1.185895	-0.766972	-28.068034	-0.046330	-2.053190	-28.128370	0.966760	-1.243366	-28.148453	0.975696	-1.310081	-27.853759	0.940258	-1.108358	-27.785177	0.964054	-1.186783	-28.153516	0.463668	-1.272609	-27.809517	0.437367	-1.134973	-28.152734	-0.066583	-1.254431	-28.125804	-0.024447	-1.329941	-27.797332	-0.087195	-1.088698	-27.818674	-0.048876	-1.148909
3206	44.528489	00:00:44:38	-27.991704	1.703826	-1.255497	-27.963586	1.615837	-1.097678	-28.085233	1.655148	-1.194387	-27.964606	1.545836	-1.234574	-28.002954	1.555052	-1.177137	-28.117681	1.553624	-1.339958	-27.842148	1.581771	-1.137737	-28.000076	1.340746	-1.024542	-27.949787	0.754168	-1.609958	-27.894146	1.147472	-0.747628	-28.109953	-0.054488	-2.066729	-27.881334	1.168101	-0.721259	-28.085315	-0.076934	-2.067046	-27.863575	1.182559	-0.756605	-28.086290	-0.035134	-2.087966	-28.162311	0.920711	-1.293577	-28.105874	0.995165	-1.305461	-27.843436	0.962127	-1.144299	-27.813396	0.999116	-1.170879	-28.155845	0.505140	-1.309025	-27.815737	0.404610	-1.121511	-28.152452	-0.061498	-1.261618	-28.114788	-0.074439	-1.277527	-27.824813	-0.091775	-1.068821	-27.793563	-0.059687	-1.163538
3207	44.542383	00:00:44:39	-27.983444	1.681411	-1.193031	-27.982149	1.624694	-1.097520	-28.064894	1.645469	-1.105178	-27.987964	1.571919	-1.255517	-27.977255	1.546512	-1.232530	-28.106228	1.571750	-1.295569	-27.839062	1.568500	-1.146410	-27.990005	1.348822	-1.000732	-27.946878	0.743320	-1.605903	-27.882879	1.179066	-0.712306	-28.129750	-0.054407	-2.044727	-27.902228	1.169990	-0.738767	-28.100808	-0.044021	-2.057019	-27.865650	1.145172	-0.735702	-28.068683	-0.028383	-2.057630	-28.149010	0.977279	-1.301118	-28.134308	0.970656	-1.330376	-27.843694	0.985413	-1.101568	-27.804958	0.994619	-1.135307	-28.136205	0.475856	-1.276217	-27.769623	0.464535	-1.156527	-28.148671	-0.080292	-1.263035	-28.142748	-0.042093	-1.328461	-27.823269	-0.091988	-1.060983	-27.804412	-0.072386	-1.137652
3208	44.556276	00:00:44:40	-27.984518	1.697904	-1.226877	-27.991023	1.637211	-1.131778	-28.078764	1.653526	-1.138209	-27.961265	1.574933	-1.261576	-27.990452	1.551459	-1.200618	-28.086147	1.568133	-1.330962	-27.800538	1.570866	-1.163584	-27.992722	1.366502	-1.012829	-27.955840	0.763020	-1.616909	-27.874069	1.182598	-0.769799	-28.093915	-0.027243	-2.052333	-27.903594	1.200402	-0.731288	-28.079495	-0.046544	-2.054039	-27.900384	1.179783	-0.739599	-28.095666	-0.062484	-2.059013	-28.139439	0.961416	-1.295484	-28.119644	0.971466	-1.316255	-27.850563	0.950853	-1.088525	-27.817567	0.993402	-1.168313	-28.158014	0.437921	-1.269213	-27.801889	0.475012	-1.142585	-28.150656	-0.049739	-1.246223	-28.111791	-0.032050	-1.301416	-27.815995	-0.069710	-1.089880	-27.806145	-0.024952	-1.139668
3209	44.570170	00:00:44:41	-27.979700	1.687521	-1.258993	-27.959200	1.640525	-1.093587	-28.118794	1.611642	-1.172975	-27.972000	1.536698	-1.212259	-27.988597	1.541169	-1.228615	-28.107732	1.533541	-1.302303	-27.810448	1.565903	-1.193086	-27.974454	1.384175	-1.031917	-27.969155	0.777099	-1.650947	-27.859941	1.148280	-0.720674	-28.103975	-0.065732	-2.064971	-27.850196	1.170494	-0.714893	-28.101020	-0.041374	-2.048857	-27.876605	1.182093	-0.731722	-28.096582	-0.050301	-2.083109	-28.155844	0.960862	-1.267467	-28.115715	0.959738	-1.322288	-27.802707	0.955881	-1.106573	-27.802110	0.999697	-1.155563	-28.150613	0.465333	-1.283577	-27.803030	0.480190	-1.126204	-28.152863	-0.083972	-1.257512	-28.115958	-0.047035	-1.289248	-27.833447	-0.083230	-1.082835	-27.792939	-0.076382	-1.149851
3210	44.584063	00:00:44:42	-27.979652	1.659100	-1.232991	-27.947038	1.620967	-1.097001	-28.107332	1.606855	-1.127745	-27.978894	1.581387	-1.248991	-28.004451	1.550659	-1.223792	-28.105524	1.555465	-1.313111	-27.833558	1.546501	-1.196358	-27.998342	1.353800	-1.004619	-27.976080	0.768169	-1.634652	-27.877399	1.177468	-0.744128	-28.106476	-0.028078	-2.056307	-27.860726	1.177025	-0.745835	-28.095331	-0.033513	-2.056377	-27.870417	1.175664	-0.764994	-28.088889	-0.039796	-2.049131	-28.177674	0.952219	-1.266223	-28.135115	0.999357	-1.305601	-27.813316	0.961491	-1.127178	-27.772418	0.966660	-1.150479	-28.149303	0.466152	-1.261480	-27.810839	0.445310	-1.114564	-28.154801	-0.066818	-1.245501	-28.135309	-0.052379	-1.283146	-27.854324	-0.036628	-1.103513	-27.799878	-0.042628	-1.135905
3211	44.597957	00:00:44:43	-27.952890	1.691177	-1.222482	-27.995741	1.609356	-1.123226	-28.089292	1.642499	-1.156997	-27.957223	1.561055	-1.232878	-27.994025	1.562520	-1.206860	-28.121528	1.563365	-1.290590	-27.848356	1.551812	-1.161203	-27.981739	1.388377	-0.961576	-27.966086	0.744851	-1.612814	-27.877983	1.172021	-0.748401	-28.074239	-0.054341	-2.031365	-27.859957	1.178156	-0.724653	-28.092541	-0.058383	-2.044326	-27.831080	1.162271	-0.735683	-28.109942	-0.048578	-2.074391	-28.162431	0.955381	-1.269333	-28.119787	0.969939	-1.356005	-27.823910	0.954055	-1.136099	-27.806357	0.951860	-1.154436	-28.148510	0.442151	-1.253675	-27.828366	0.411451	-1.119587	-28.143049	-0.076493	-1.269532	-28.110248	-0.050701	-1.293866	-27.811238	-0.073141	-1.116587	-27.800000	-0.068864	-1.131322
3212	44.611850	00:00:44:44	-27.966845	1.685800	-1.229969	-27.991051	1.631422	-1.115928	-28.062513	1.652222	-1.148532	-27.970165	1.537462	-1.243980	-27.999285	1.566574	-1.174579	-28.088503	1.567002	-1.288020	-27.836195	1.549937	-1.152386	-27.966155	1.355718	-1.005188	-27.951329	0.781505	-1.607641	-27.884381	1.166684	-0.743292	-28.113953	-0.053409	-2.110693	-27.879731	1.187918	-0.735245	-28.089907	-0.052296	-2.077168	-27.865711	1.199773	-0.761613	-28.118306	-0.039121	-2.057189	-28.130027	0.931726	-1.263431	-28.117647	0.994859	-1.298971	-27.823971	0.975591	-1.115357	-27.830495	1.000010	-1.163562	-28.140917	0.470745	-1.287905	-27.803710	0.445938	-1.114318	-28.154918	-0.058218	-1.268599	-28.116276	-0.040601	-1.283698	-27.843448	-0.115131	-1.091098	-27.816961	-0.069473	-1.134564
3213	44.625743	00:00:44:45	-27.953660	1.687907	-1.202793	-27.961758	1.617240	-1.098301	-28.084260	1.654004	-1.141456	-27.987194	1.572989	-1.270726	-27.994893	1.537114	-1.194364	-28.085496	1.536244	-1.288728	-27.839610	1.562969	-1.158475	-27.989261	1.404036	-1.029616	-27.996027	0.774651	-1.608330	-27.895315	1.189120	-0.722516	-28.103373	-0.026441	-2.038435	-27.896043	1.162480	-0.735798	-28.088370	-0.032600	-2.059915	-27.857323	1.179923	-0.749475	-28.085671	-0.054210	-2.067215	-28.140951	0.961862	-1.273083	-28.131585	0.952594	-1.318947	-27.839176	0.955563	-1.113325	-27.803661	0.959749	-1.156361	-28.127289	0.508050	-1.255549	-27.827601	0.447157	-1.142173	-28.163054	-0.057882	-1.257205	-28.142910	-0.049264	-1.286523	-27.829885	-0.056550	-1.097574	-27.799744	-0.027916	-1.134747
3214	44.639637	00:00:44:46	-27.966111	1.700624	-1.227932	-27.947836	1.636976	-1.108442	-28.081187	1.625540	-1.137868	-27.946402	1.569666	-1.234411	-27.982596	1.556506	-1.181094	-28.078642	1.546862	-1.317436	-27.836734	1.584723	-1.161026	-27.962731	1.334344	-1.048347	-27.941251	0.759867	-1.625036	-27.870274	1.173440	-0.733127	-28.118484	-0.046640	-2.064386	-27.882485	1.163409	-0.747795	-28.086974	-0.012062	-2.053521	-27.890864	1.173571	-0.746808	-28.104871	-0.036120	-2.071442	-28.174695	0.949126	-1.251186	-28.107683	1.006296	-1.317823	-27.860971	0.965847	-1.089898	-27.797994	1.007869	-1.129844	-28.145742	0.397296	-1.278061	-27.838528	0.425725	-1.135615	-28.170737	-0.059435	-1.236871	-28.133298	-0.061802	-1.293230	-27.815753	-0.054604	-1.067578	-27.796674	-0.055697	-1.145868
3215	44.653530	00:00:44:47	-28.000162	1.715055	-1.211817	-27.974960	1.656985	-1.109287	-28.085864	1.627127	-1.181694	-27.963261	1.578801	-1.185703	-27.972722	1.527389	-1.184673	-28.104809	1.538622	-1.317606	-27.828079	1.559642	-1.186945	-27.979000	1.387379	-0.998540	-27.958844	0.721218	-1.619711	-27.897605	1.178423	-0.722962	-28.102444	-0.009659	-2.074943	-27.866753	1.200865	-0.779369	-28.090780	-0.050295	-2.050065	-27.904682	1.169319	-0.740304	-28.080083	-0.048579	-2.077647	-28.172467	0.991322	-1.269045	-28.137300	0.999629	-1.311267	-27.862513	0.966648	-1.109247	-27.791569	0.993676	-1.158752	-28.155436	0.451691	-1.278314	-27.815929	0.466148	-1.131544	-28.153036	-0.065833	-1.259958	-28.156925	-0.063415	-1.286010	-27.834040	-0.079580	-1.121120	-27.814119	-0.059506	-1.147582
3216	44.667424	00:00:44:48	-27.992034	1.696487	-1.219937	-27.982338	1.630147	-1.080625	-28.056831	1.619324	-1.146370	-27.965953	1.591821	-1.229328	-27.950589	1.551242	-1.208404	-28.116248	1.569045	-1.267322	-27.817640	1.560490	-1.149348	-27.985406	1.364868	-1.021705	-27.969292	0.743279	-1.627227	-27.900490	1.160684	-0.754762	-28.089374	-0.007556	-2.067965	-27.835656	1.187495	-0.724172	-28.071050	-0.031595	-2.052073	-27.891871	1.183244	-0.749305	-28.080806	-0.069339	-2.076807	-28.190562	0.992497	-1.282234	-28.134800	0.988361	-1.313022	-27.809873	0.962907	-1.098856	-27.802090	1.018770	-1.171323	-28.128519	0.459538	-1.307323	-27.822389	0.435833	-1.122159	-28.162449	-0.096377	-1.247912	-28.152289	-0.082592	-1.293174	-27.806192	-0.092977	-1.089376	-27.790609	-0.054149	-1.156790
3217	44.681317	00:00:44:49	-27.956769	1.693660	-1.191195	-27.992460	1.611973	-1.099273	-28.099762	1.603042	-1.163399	-28.019007	1.576224	-1.228540	-27.993104	1.554147	-1.208958	-28.098645	1.559985	-1.289802	-27.828470	1.556870	-1.179559	-27.977745	1.372682	-1.025612	-27.944712	0.746403	-1.606003	-27.848214	1.183589	-0.767749	-28.072859	-0.045492	-2.077322	-27.874831	1.159336	-0.734647	-28.093147	-0.039127	-2.065377	-27.861557	1.205350	-0.745513	-28.066314	-0.019645	-2.088199	-28.144748	0.944845	-1.270464	-28.110455	0.987255	-1.304840	-27.828219	0.946221	-1.101509	-27.801102	0.980740	-1.148461	-28.122831	0.451476	-1.227294	-27.846072	0.449088	-1.140554	-28.142704	-0.081578	-1.239337	-28.100216	-0.022112	-1.304261	-27.840543	-0.077625	-1.097326	-27.808620	-0.024323	-1.162495
3218	44.695211	00:00:44:50	-27.958528	1.694694	-1.253971	-27.973714	1.661780	-1.101458	-28.096803	1.666616	-1.150137	-27.965884	1.569403	-1.217565	-28.013638	1.551733	-1.212295	-28.086385	1.577647	-1.295881	-27.863635	1.545319	-1.154927	-27.981750	1.332651	-0.988980	-27.963247	0.764766	-1.614075	-27.846873	1.187132	-0.753083	-28.071805	-0.028339	-2.050622	-27.887735	1.175847	-0.748919	-28.078710	-0.049236	-2.031294	-27.901340	1.153496	-0.757187	-28.096136	-0.084563	-2.028592	-28.171615	0.972131	-1.272119	-28.128064	0.991470	-1.348931	-27.848808	0.938346	-1.095676	-27.797037	0.970152	-1.158656	-28.142631	0.437596	-1.248412	-27.810717	0.447767	-1.149750	-28.158699	-0.107076	-1.240226	-28.107066	-0.067407	-1.283567	-27.833248	-0.079796	-1.065031	-27.788095	-0.049172	-1.147503
3219	44.709104	00:00:44:51	-27.972403	1.695179	-1.219302	-27.947722	1.622457	-1.083756	-28.056403	1.642127	-1.153792	-27.972854	1.544806	-1.250298	-28.018338	1.552373	-1.194063	-28.082394	1.548855	-1.311447	-27.862885	1.567149	-1.182790	-27.981196	1.352509	-1.024263	-27.950058	0.757383	-1.579662	-27.889044	1.224977	-0.726272	-28.095133	-0.025655	-2.084973	-27.876912	1.186509	-0.717914	-28.075177	-0.035452	-2.100012	-27.900785	1.151565	-0.766947	-28.095466	-0.053476	-2.077293	-28.107928	0.971802	-1.266701	-28.133655	1.011735	-1.323975	-27.798163	0.966128	-1.124396	-27.812027	1.017806	-1.155774	-28.176074	0.461877	-1.268022	-27.816019	0.452492	-1.114358	-28.150507	-0.054120	-1.261852	-28.140181	-0.021921	-1.287765	-27.845067	-0.047038	-1.078907	-27.786847	-0.040479	-1.156880
3220	44.722998	00:00:44:52	-27.970671	1.667011	-1.225811	-27.941497	1.628847	-1.107282	-28.061242	1.646229	-1.134576	-27.988962	1.554144	-1.240388	-28.006873	1.548410	-1.169046	-28.067055	1.593066	-1.281419	-27.871583	1.558814	-1.186125	-27.981975	1.388022	-1.005232	-27.961290	0.759520	-1.631924	-27.850117	1.145687	-0.716064	-28.053952	-0.079256	-2.055093	-27.887171	1.171643	-0.753736	-28.100854	-0.052659	-2.041028	-27.871287	1.166674	-0.762218	-28.098713	-0.052295	-2.048139	-28.138577	0.948818	-1.271232	-28.121006	0.964102	-1.306384	-27.863938	0.953937	-1.107816	-27.775507	0.984926	-1.174427	-28.153071	0.452486	-1.275339	-27.825049	0.437340	-1.112952	-28.187849	-0.049340	-1.232601	-28.156297	-0.048210	-1.285095	-27.829699	-0.064568	-1.100160	-27.844672	-0.056003	-1.156194
3221	44.736891	00:00:44:53	-27.950287	1.705300	-1.252857	-27.958219	1.627348	-1.135841	-28.076613	1.614830	-1.134991	-27.977175	1.553469	-1.224507	-28.010023	1.549700	-1.180597	-28.119396	1.586424	-1.332861	-27.820650	1.560798	-1.161726	-27.981457	1.376861	-1.014867	-27.976915	0.770315	-1.602245	-27.868942	1.201336	-0.751304	-28.099078	-0.054890	-2.043630	-27.841768	1.161690	-0.719684	-28.099242	-0.047044	-2.057822	-27.856150	1.128992	-0.781446	-28.073252	-0.035200	-2.076277	-28.140585	0.983431	-1.264819	-28.159636	1.001212	-1.304987	-27.850930	0.997412	-1.112807	-27.801252	1.005180	-1.142007	-28.116024	0.468934	-1.298998	-27.829337	0.467065	-1.120309	-28.134762	-0.083203	-1.239569	-28.125228	-0.053331	-1.308659	-27.821004	-0.090789	-1.115138	-27.758107	-0.082415	-1.175959
3222	44.750784	00:00:44:54	-27.962942	1.698708	-1.234578	-27.958828	1.657238	-1.110057	-28.055693	1.630315	-1.152327	-27.955071	1.554845	-1.205634	-27.977589	1.504335	-1.174451	-28.092405	1.578784	-1.282836	-27.874705	1.552557	-1.187818	-27.959493	1.400325	-1.038203	-27.965236	0.753729	-1.597066	-27.861020	1.151198	-0.747478	-28.069097	-0.030987	-2.076903	-27.862327	1.175345	-0.754658	-28.096360	-0.042567	-2.059114	-27.872515	1.153720	-0.727875	-28.095174	-0.047273	-2.060444	-28.176446	0.963123	-1.289612	-28.142010	0.997669	-1.314243	-27.833055	0.961997	-1.105255	-27.794403	0.992405	-1.134637	-28.133529	0.469756	-1.282802	-27.813063	0.443279	-1.130502	-28.183681	-0.053493	-1.276570	-28.149180	-0.045434	-1.277817	-27.818616	-0.084462	-1.099729	-27.813130	-0.037053	-1.119662
3223	44.764678	00:00:44:55	-27.992677	1.688791	-1.218706	-27.955479	1.654835	-1.105952	-28.072130	1.628764	-1.173626	-27.947983	1.559650	-1.236109	-28.007298	1.535095	-1.179643	-28.112993	1.550996	-1.290485	-27.840796	1.573830	-1.174360	-27.984854	1.374130	-1.043004	-27.956318	0.751763	-1.617746	-27.878815	1.148318	-0.738038	-28.077871	-0.070415	-2.042597	-27.903342	1.124841	-0.721833	-28.107985	-0.071737	-2.073488	-27.875180	1.180944	-0.738450	-28.113305	-0.051158	-2.079624	-28.185148	0.968053	-1.273798	-28.140457	0.992888	-1.313936	-27.831545	0.964959	-1.122714	-27.809678	1.007016	-1.188074	-28.151599	0.463797	-1.282532	-27.832822	0.457759	-1.111036	-28.149929	-0.082676	-1.251182	-28.125821	-0.061701	-1.275557	-27.848521	-0.080903	-1.108357	-27.796651	-0.052073	-1.139026
3224	44.778571	00:00:44:56	-27.978102	1.687936	-1.191672	-27.959391	1.650325	-1.110497	-28.089472	1.613814	-1.121340	-27.987464	1.564374	-1.207777	-27.950895	1.537940	-1.170203	-28.094274	1.567261	-1.296596	-27.868489	1.542732	-1.158044	-27.975516	1.373321	-1.012346	-28.008143	0.743274	-1.618889	-27.888291	1.159122	-0.747999	-28.116402	-0.037081	-2.072262	-27.855533	1.150181	-0.757270	-28.087125	-0.027885	-2.057214	-27.889150	1.182924	-0.748194	-28.081236	-0.064735	-2.076120	-28.165016	0.968650	-1.294943	-28.127985	0.969229	-1.311679	-27.823898	0.964527	-1.103399	-27.782010	0.995041	-1.149001	-28.135310	0.459447	-1.269990	-27.841010	0.444020	-1.142450	-28.150729	-0.041354	-1.234097	-28.136951	-0.040697	-1.332818	-27.811115	-0.049919	-1.092738	-27.794223	-0.052150	-1.129562
3225	44.792465	00:00:44:57	-27.982784	1.653062	-1.221397	-27.979532	1.632848	-1.119412	-28.087518	1.617152	-1.177182	-28.007548	1.570207	-1.217327	-27.983664	1.538943	-1.195225	-28.104914	1.561266	-1.328209	-27.817969	1.586338	-1.149633	-27.976887	1.338620	-1.019169	-27.968140	0.734940	-1.614966	-27.875299	1.154063	-0.737667	-28.066737	-0.046223	-2.061379	-27.858704	1.164136	-0.736616	-28.036654	-0.039415	-2.031489	-27.879656	1.183247	-0.742330	-28.069125	-0.027010	-2.039916	-28.110484	0.992251	-1.265637	-28.123418	0.940927	-1.293313	-27.811034	0.957202	-1.095545	-27.793158	0.980111	-1.151351	-28.140877	0.456912	-1.299860	-27.803689	0.434297	-1.115200	-28.168808	-0.059502	-1.247232	-28.120030	-0.074235	-1.321000	-27.839139	-0.051312	-1.098854	-27.826826	-0.040328	-1.146802
3226	44.806358	00:00:44:58	-27.955428	1.650992	-1.223645	-27.969306	1.616264	-1.097431	-28.102917	1.641773	-1.146647	-27.987407	1.557012	-1.228464	-28.019539	1.532991	-1.201605	-28.117073	1.566809	-1.260940	-27.832653	1.555289	-1.163515	-27.994690	1.369383	-1.021957	-27.971036	0.770115	-1.632061	-27.883170	1.133589	-0.750278	-28.121804	-0.081446	-2.075444	-27.854961	1.209892	-0.769250	-28.141223	-0.075571	-2.093024	-27.871153	1.187319	-0.774785	-28.095341	-0.042556	-2.056694	-28.157627	0.979201	-1.261066	-28.109670	0.989485	-1.325071	-27.816644	0.932930	-1.108349	-27.809040	0.961525	-1.139691	-28.149118	0.472692	-1.272563	-27.819742	0.485660	-1.115985	-28.175669	-0.031700	-1.270349	-28.115327	-0.050165	-1.311056	-27.849891	-0.053541	-1.083498	-27.794037	-0.062776	-1.152612
3227	44.820252	00:00:44:59	-27.976673	1.677121	-1.233806	-27.986520	1.642598	-1.109878	-28.074165	1.650735	-1.180696	-27.966770	1.560595	-1.238118	-28.013146	1.512559	-1.162812	-28.096339	1.561633	-1.291469	-27.836966	1.544580	-1.158492	-27.990864	1.373353	-1.015633	-27.965977	0.744057	-1.623740	-27.883962	1.199965	-0.738313	-28.084031	-0.045204	-2.058436	-27.885062	1.170768	-0.752981	-28.090215	-0.053560	-2.091650	-27.883705	1.153521	-0.777318	-28.060527	-0.061069	-2.048575	-28.149079	0.956388	-1.325152	-28.119946	0.986680	-1.345292	-27.794400	0.997157	-1.104928	-27.800038	0.987396	-1.174373	-28.132605	0.455552	-1.284847	-27.833940	0.463015	-1.105019	-28.156811	-0.077147	-1.246085	-28.137895	-0.004081	-1.304648	-27.832882	-0.052287	-1.087725	-27.788909	-0.016170	-1.141099
3228	44.834145	00:00:44:60	-27.962360	1.647080	-1.231461	-27.977398	1.640394	-1.103754	-28.062406	1.637883	-1.147224	-27.960976	1.540237	-1.208573	-27.965526	1.542009	-1.225706	-28.101986	1.546442	-1.239137	-27.835793	1.529157	-1.164786	-28.019487	1.358909	-1.057225	-27.933840	0.765400	-1.645208	-27.892662	1.187661	-0.745379	-28.090229	-0.032335	-2.075566	-27.876829	1.150115	-0.722815	-28.090498	-0.011456	-2.053029	-27.892703	1.168218	-0.781890	-28.093849	-0.014363	-2.061706	-28.176001	0.994419	-1.259411	-28.122127	0.970232	-1.293247	-27.835956	0.958894	-1.121650	-27.827108	1.020904	-1.185592	-28.132400	0.466650	-1.320569	-27.810491	0.452159	-1.109793	-28.174990	-0.045914	-1.259002	-28.148309	-0.024401	-1.261067	-27.857347	-0.036222	-1.097409	-27.822332	-0.055389	-1.149972
3229	44.848039	00:00:44:61	-27.974474	1.689404	-1.211745	-27.955558	1.619646	-1.108008	-28.084844	1.626577	-1.117759	-27.959269	1.578209	-1.245454	-27.986209	1.538665	-1.198515	-28.086417	1.568611	-1.275423	-27.818252	1.538025	-1.187788	-27.969495	1.366496	-1.026913	-27.963222	0.766830	-1.619130	-27.853404	1.155620	-0.751600	-28.117163	-0.030509	-2.091004	-27.913964	1.170839	-0.718302	-28.114938	-0.028267	-2.078241	-27.875698	1.183889	-0.753093	-28.074898	-0.084118	-2.054002	-28.124923	0.961945	-1.256658	-28.098812	0.985150	-1.307818	-27.824929	0.973518	-1.126828	-27.818242	0.959016	-1.145048	-28.132349	0.451900	-1.316193	-27.817176	0.461477	-1.116173	-28.144023	-0.052038	-1.222969	-28.151881	-0.041591	-1.307741	-27.829256	-0.083473	-1.089470	-27.807828	-0.044103	-1.138835
3230	44.861932	00:00:44:62	-27.942268	1.690062	-1.228653	-27.965379	1.620030	-1.106649	-28.101113	1.595512	-1.166858	-28.009977	1.588873	-1.238663	-28.012368	1.532000	-1.194391	-28.143442	1.566810	-1.273665	-27.832124	1.582696	-1.148899	-28.034160	1.364254	-1.046927	-27.961266	0.765905	-1.621716	-27.832316	1.191385	-0.766571	-28.095564	-0.049348	-2.068339	-27.859715	1.156659	-0.751574	-28.108621	-0.034254	-2.046638	-27.863623	1.156795	-0.752692	-28.112911	-0.067389	-2.034862	-28.131497	0.961230	-1.277936	-28.139224	0.997787	-1.336858	-27.819945	0.943895	-1.117411	-27.800153	0.969940	-1.190866	-28.156086	0.476973	-1.312774	-27.846661	0.454044	-1.128377	-28.155386	-0.055716	-1.217957	-28.067781	-0.040200	-1.322944	-27.866297	-0.075141	-1.083312	-27.832805	-0.036696	-1.146048
3231	44.875825	00:00:44:63	-27.980303	1.703870	-1.246529	-27.971956	1.618909	-1.095073	-28.077639	1.605032	-1.158250	-27.955207	1.606038	-1.243245	-27.992424	1.541065	-1.201564	-28.131296	1.559803	-1.276476	-27.862423	1.569253	-1.158780	-28.005694	1.345285	-1.023597	-27.968848	0.762684	-1.603104	-27.872568	1.137778	-0.759207	-28.136106	-0.049276	-2.066507	-27.877193	1.162716	-0.732421	-28.083453	-0.051405	-2.066033	-27.895658	1.163925	-0.751552	-28.076174	-0.047407	-2.056180	-28.154844	0.943940	-1.293948	-28.103647	1.016658	-1.316950	-27.847121	0.976950	-1.145709	-27.785393	0.943612	-1.144901	-28.114948	0.474552	-1.327931	-27.818072	0.433104	-1.106654	-28.191992	-0.069470	-1.285474	-28.116376	-0.024249	-1.311252	-27.823457	-0.088398	-1.106448	-27.806246	-0.057338	-1.127596
3232	44.889719	00:00:44:64	-27.983261	1.705741	-1.228685	-27.957011	1.639260	-1.100977	-28.044627	1.619662	-1.148289	-27.974126	1.545750	-1.275307	-27.971406	1.536107	-1.224269	-28.078386	1.568503	-1.288371	-27.833237	1.560423	-1.175034	-27.970748	1.366140	-1.024071	-27.951156	0.755244	-1.639823	-27.898313	1.160341	-0.770071	-28.113601	-0.031068	-2.077606	-27.876001	1.154997	-0.735861	-28.089280	-0.014182	-2.072426	-27.876241	1.160753	-0.747783	-28.123447	-0.062041	-2.065790	-28.135338	0.967670	-1.268936	-28.108819	0.983536	-1.324028	-27.827308	0.952988	-1.094104	-27.803904	0.977105	-1.194553	-28.154653	0.441118	-1.282499	-27.765134	0.462962	-1.107288	-28.147279	-0.048968	-1.249039	-28.140049	-0.050560	-1.297192	-27.827233	-0.052248	-1.095291	-27.796783	-0.055968	-1.135398
3233	44.903612	00:00:44:65	-28.001462	1.681119	-1.230786	-27.970671	1.635493	-1.111895	-28.088161	1.629965	-1.162008	-27.961981	1.570373	-1.256209	-27.986220	1.539652	-1.191257	-28.126937	1.556962	-1.297793	-27.853458	1.571457	-1.146105	-27.990296	1.366632	-1.036567	-27.940702	0.776739	-1.643697	-27.889466	1.172733	-0.733947	-28.109591	-0.054358	-2.063748	-27.895418	1.188990	-0.752601	-28.100889	-0.048459	-2.093042	-27.869637	1.189166	-0.759965	-28.098427	-0.029181	-2.057586	-28.181098	0.942209	-1.278148	-28.146693	0.987007	-1.284234	-27.825797	0.962173	-1.091889	-27.812541	0.990123	-1.153300	-28.148507	0.482720	-1.282822	-27.833897	0.492989	-1.149230	-28.158386	-0.080748	-1.213662	-28.099132	-0.018722	-1.264549	-27.834363	-0.071370	-1.087475	-27.810314	-0.081664	-1.120330
3234	44.917506	00:00:44:66	-27.973294	1.696352	-1.244634	-28.027276	1.614597	-1.106887	-28.060869	1.627228	-1.159647	-27.970725	1.577856	-1.229122	-27.996293	1.586928	-1.159563	-28.122572	1.551801	-1.337485	-27.842528	1.576014	-1.141129	-27.992931	1.364592	-1.002782	-27.949970	0.778173	-1.586958	-27.893822	1.173991	-0.735194	-28.076391	-0.049625	-2.071694	-27.883830	1.175191	-0.740713	-28.088299	-0.038056	-2.059657	-27.866621	1.140420	-0.759850	-28.093827	-0.062814	-2.044402	-28.124304	0.952160	-1.275885	-28.121535	0.983936	-1.317114	-27.823008	0.978410	-1.127733	-27.853237	0.963959	-1.156474	-28.146209	0.473253	-1.290566	-27.850661	0.456112	-1.097485	-28.182240	-0.075634	-1.263010	-28.137486	-0.017912	-1.316879	-27.828311	-0.079824	-1.104354	-27.805602	-0.053119	-1.128396
3235	44.931399	00:00:44:67	-27.979933	1.702076	-1.228574	-27.977912	1.571816	-1.069113	-28.061158	1.608119	-1.140256	-27.973431	1.576677	-1.235357	-27.976984	1.547473	-1.190127	-28.099939	1.572326	-1.255214	-27.823041	1.570604	-1.168731	-28.007429	1.355943	-1.036065	-27.975526	0.739231	-1.614869	-27.899596	1.201786	-0.716853	-28.096242	-0.015639	-2.025710	-27.875415	1.158827	-0.723126	-28.101006	-0.062096	-2.059492	-27.881522	1.173392	-0.729445	-28.084760	-0.032592	-2.063150	-28.155550	0.971618	-1.263967	-28.139109	1.003774	-1.303837	-27.842773	0.983759	-1.120930	-27.831170	1.005918	-1.151056	-28.139650	0.428791	-1.284850	-27.812745	0.474109	-1.108077	-28.133638	-0.070296	-1.249941	-28.136832	-0.046041	-1.325328	-27.855719	-0.065473	-1.097050	-27.842035	-0.037251	-1.158016
3236	44.945293	00:00:44:68	-27.952595	1.664531	-1.222731	-27.957883	1.618640	-1.111044	-28.083549	1.605809	-1.120794	-27.979486	1.565665	-1.200418	-27.976418	1.533737	-1.212363	-28.121451	1.557184	-1.306404	-27.864574	1.570201	-1.165498	-27.979877	1.364501	-1.044976	-27.951592	0.758777	-1.595663	-27.885435	1.165055	-0.789443	-28.073374	-0.051645	-2.045766	-27.870560	1.186237	-0.752072	-28.110658	-0.066572	-2.044275	-27.870391	1.157874	-0.756619	-28.107943	-0.048352	-2.076128	-28.139440	0.973550	-1.268565	-28.111621	1.004699	-1.336866	-27.850631	1.006759	-1.118441	-27.790757	0.985364	-1.163657	-28.129972	0.481162	-1.287022	-27.788102	0.445256	-1.110883	-28.140182	-0.093652	-1.267669	-28.137078	-0.026876	-1.298877	-27.820383	-0.053725	-1.062139	-27.794777	-0.030558	-1.112104
3237	44.959186	00:00:44:69	-28.004337	1.647254	-1.241704	-27.973795	1.628383	-1.128721	-28.075910	1.641776	-1.173500	-27.975242	1.602015	-1.240381	-27.969184	1.562593	-1.209768	-28.131447	1.589972	-1.315972	-27.846175	1.577782	-1.184704	-27.962530	1.368194	-1.018569	-27.995747	0.772770	-1.612462	-27.862857	1.188179	-0.713354	-28.121316	-0.030634	-2.048084	-27.878441	1.187936	-0.776305	-28.078881	-0.024077	-2.089858	-27.867283	1.165235	-0.715625	-28.099015	-0.056503	-2.065257	-28.142366	0.980302	-1.297350	-28.138986	1.017878	-1.318689	-27.832758	0.966846	-1.081957	-27.794993	0.971095	-1.127487	-28.143687	0.447004	-1.273432	-27.805420	0.465384	-1.108073	-28.170968	-0.049004	-1.249494	-28.122124	-0.044519	-1.279275	-27.846705	-0.051686	-1.085692	-27.797298	-0.027162	-1.142268
3238	44.973080	00:00:44:70	-27.984776	1.678739	-1.226029	-27.979927	1.621633	-1.092766	-28.055185	1.637711	-1.154327	-27.962846	1.568001	-1.233260	-27.951794	1.547875	-1.216016	-28.092084	1.548641	-1.272315	-27.853694	1.544603	-1.172778	-27.967523	1.371862	-1.038572	-27.962739	0.761527	-1.614837	-27.873599	1.166341	-0.768332	-28.076902	-0.056014	-2.043644	-27.893108	1.169421	-0.732140	-28.070411	-0.028873	-2.065914	-27.863314	1.155791	-0.718976	-28.126315	-0.019518	-2.071837	-28.154234	0.964673	-1.262206	-28.143366	0.994695	-1.291094	-27.811758	0.961137	-1.119350	-27.779588	0.988464	-1.186749	-28.139647	0.442932	-1.281918	-27.810688	0.461970	-1.118818	-28.164860	-0.081119	-1.295410	-28.132109	-0.025770	-1.284111	-27.821920	-0.058999	-1.102579	-27.803541	-0.044469	-1.105982
3239	44.986973	00:00:44:71	-27.943578	1.649067	-1.222858	-27.933794	1.624675	-1.102678	-28.059650	1.636981	-1.140407	-27.963574	1.570937	-1.224211	-27.987269	1.542743	-1.171429	-28.110174	1.579677	-1.312032	-27.860957	1.559345	-1.178713	-27.973494	1.359795	-1.000930	-27.958937	0.755782	-1.613084	-27.864619	1.170201	-0.754432	-28.108465	-0.060373	-2.057686	-27.900194	1.185038	-0.721257	-28.091408	-0.032307	-2.058523	-27.888164	1.178413	-0.724842	-28.101883	-0.064288	-2.030443	-28.167177	0.993857	-1.273814	-28.162236	0.999838	-1.327896	-27.822331	0.960357	-1.130372	-27.805018	1.001139	-1.135311	-28.156649	0.449825	-1.311676	-27.829174	0.464956	-1.111518	-28.151149	-0.071177	-1.239219	-28.107173	-0.040592	-1.289415	-27.852152	-0.053296	-1.114633	-27.796768	-0.033562	-1.133639
3240	45.000866	00:00:45:00	-27.985089	1.680948	-1.231588	-27.966130	1.605964	-1.113579	-28.093527	1.610941	-1.167703	-27.942336	1.574097	-1.242726	-27.990017	1.562884	-1.177071	-28.111172	1.564321	-1.308369	-27.847682	1.585970	-1.174647	-28.007364	1.381803	-0.993761	-27.962488	0.745383	-1.651714	-27.870149	1.175913	-0.746335	-28.088591	-0.076355	-2.056124	-27.872154	1.181320	-0.733663	-28.081225	-0.067250	-2.042585	-27.873974	1.144883	-0.750076	-28.095786	-0.046988	-2.073956	-28.158058	0.956455	-1.265518	-28.119219	0.997346	-1.307812	-27.833205	0.988104	-1.079637	-27.804129	0.988582	-1.175241	-28.134105	0.459129	-1.280090	-27.795761	0.457475	-1.113362	-28.173858	-0.053759	-1.236920	-28.139108	-0.014212	-1.299222	-27.819727	-0.052006	-1.115261	-27.794669	-0.029018	-1.118792
3241	45.014760	00:00:45:01	-27.984340	1.675611	-1.198773	-27.988528	1.631486	-1.105062	-28.074680	1.635950	-1.142811	-28.007528	1.562993	-1.218830	-28.015908	1.549455	-1.184765	-28.115684	1.565646	-1.281407	-27.841887	1.572444	-1.126913	-27.976284	1.334671	-1.027183	-27.988719	0.757222	-1.620619	-27.881280	1.161195	-0.745072	-28.069287	-0.050852	-2.053109	-27.861357	1.188583	-0.773089	-28.117682	-0.032156	-2.096408	-27.881478	1.203165	-0.739941	-28.079533	-0.013889	-2.075793	-28.163364	0.964710	-1.302269	-28.126727	0.955589	-1.330609	-27.801025	0.949604	-1.113776	-27.800034	0.996357	-1.138987	-28.117935	0.473706	-1.314520	-27.796392	0.505599	-1.136481	-28.118222	-0.052934	-1.237255	-28.143418	-0.045136	-1.308549	-27.820294	-0.064078	-1.058882	-27.784167	-0.037259	-1.133947
3242	45.028653	00:00:45:02	-27.936941	1.688256	-1.223781	-27.963795	1.629452	-1.137293	-28.060019	1.641197	-1.133092	-27.973100	1.557648	-1.233402	-27.995570	1.592350	-1.218228	-28.112568	1.570859	-1.293761	-27.852107	1.557519	-1.139459	-27.985730	1.377543	-1.029796	-27.961032	0.759634	-1.591695	-27.876395	1.194060	-0.740991	-28.084963	-0.050821	-2.056976	-27.883987	1.232991	-0.729594	-28.125194	-0.036640	-2.047331	-27.866793	1.172607	-0.712913	-28.103410	-0.033538	-2.069301	-28.161309	0.954514	-1.274995	-28.116008	0.979528	-1.326300	-27.812792	0.948532	-1.105150	-27.795815	0.976683	-1.148118	-28.142390	0.444469	-1.320014	-27.820279	0.459894	-1.106491	-28.140561	-0.083902	-1.260835	-28.154457	-0.045383	-1.311443	-27.829024	-0.043083	-1.084845	-27.828622	-0.053800	-1.124486
3243	45.042547	00:00:45:03	-27.924654	1.662631	-1.227425	-27.954083	1.615897	-1.098049	-28.079033	1.629632	-1.158808	-27.972904	1.581470	-1.233018	-27.972446	1.546257	-1.211152	-28.090601	1.546065	-1.290480	-27.838265	1.553957	-1.136483	-27.993780	1.369505	-1.002608	-27.935645	0.741654	-1.594174	-27.882046	1.171445	-0.721583	-28.109175	-0.042705	-2.080382	-27.888494	1.185122	-0.779899	-28.081388	-0.062738	-2.034864	-27.881646	1.192719	-0.747497	-28.085853	-0.039716	-2.072716	-28.150689	0.958113	-1.236265	-28.130957	0.976433	-1.318716	-27.831311	0.976944	-1.146349	-27.826148	1.010005	-1.189979	-28.144043	0.453514	-1.282744	-27.825337	0.459722	-1.110362	-28.146186	-0.053261	-1.226789	-28.117602	-0.032492	-1.306944	-27.844327	-0.094202	-1.097473	-27.817304	-0.058110	-1.156687
3244	45.056440	00:00:45:04	-27.997337	1.715119	-1.243367	-27.962183	1.628388	-1.128634	-28.066981	1.625989	-1.160941	-27.973350	1.564082	-1.217490	-27.993062	1.527078	-1.214916	-28.120089	1.590129	-1.323815	-27.889278	1.555162	-1.162941	-27.990566	1.395142	-1.033863	-27.997252	0.758565	-1.621659	-27.879574	1.196578	-0.759499	-28.106510	-0.088275	-2.060445	-27.894501	1.151085	-0.744387	-28.071182	-0.052427	-2.061973	-27.855497	1.183807	-0.745324	-28.140935	-0.029175	-2.063807	-28.161006	0.956370	-1.261065	-28.114157	0.986450	-1.311544	-27.821128	0.969610	-1.106137	-27.782078	1.026046	-1.166231	-28.133649	0.453240	-1.261720	-27.822911	0.460303	-1.149775	-28.155194	-0.064433	-1.258212	-28.147600	-0.048799	-1.291373	-27.840691	-0.092039	-1.086150	-27.836747	-0.049671	-1.120670
3245	45.070334	00:00:45:05	-27.982642	1.695466	-1.196452	-27.990709	1.649363	-1.105545	-28.102500	1.625265	-1.152446	-27.989832	1.583992	-1.235635	-27.977774	1.569056	-1.197324	-28.085657	1.563221	-1.298803	-27.857425	1.559369	-1.176418	-27.985897	1.380031	-0.993592	-27.992219	0.787282	-1.603407	-27.875946	1.174648	-0.759279	-28.096446	-0.036075	-2.056258	-27.884946	1.179484	-0.746011	-28.108091	-0.049833	-2.101961	-27.875136	1.170854	-0.732037	-28.092179	-0.033606	-2.056461	-28.152817	0.995788	-1.278675	-28.156990	1.037841	-1.308176	-27.826394	0.988429	-1.085553	-27.813259	0.962138	-1.157796	-28.134098	0.458164	-1.296280	-27.834110	0.461401	-1.116847	-28.179806	-0.090375	-1.271218	-28.121680	-0.053227	-1.294895	-27.832295	-0.061351	-1.118980	-27.821331	-0.068265	-1.120200
3246	45.084227	00:00:45:06	-27.962916	1.690936	-1.250241	-27.963407	1.652249	-1.104093	-28.081504	1.621540	-1.174894	-27.980482	1.547163	-1.224580	-27.973048	1.514713	-1.202773	-28.073897	1.556906	-1.286329	-27.845978	1.578155	-1.164577	-27.986550	1.351555	-1.035527	-27.963833	0.769104	-1.617076	-27.855893	1.165500	-0.743566	-28.121103	-0.022900	-2.056775	-27.881626	1.148764	-0.778896	-28.092233	-0.052395	-2.060324	-27.899277	1.204269	-0.723642	-28.110782	-0.080438	-2.048006	-28.190883	0.952995	-1.277279	-28.123670	1.005457	-1.344253	-27.825776	0.975441	-1.118849	-27.830952	1.009233	-1.173280	-28.129544	0.457639	-1.299559	-27.802355	0.501839	-1.103005	-28.151549	-0.040393	-1.251579	-28.135047	-0.044557	-1.301601	-27.816682	-0.052863	-1.070673	-27.796772	-0.072749	-1.130837
3247	45.098121	00:00:45:07	-27.971681	1.677638	-1.243171	-27.968299	1.647098	-1.125337	-28.055412	1.632139	-1.155297	-28.002342	1.542862	-1.245059	-27.963760	1.556655	-1.177056	-28.109802	1.567732	-1.302425	-27.850913	1.540451	-1.149129	-28.008913	1.381780	-1.023401	-27.977618	0.778642	-1.650643	-27.829998	1.159218	-0.727483	-28.111387	-0.034612	-2.072861	-27.897531	1.178569	-0.749774	-28.076022	-0.024537	-2.072607	-27.867738	1.169005	-0.731080	-28.092500	-0.060737	-2.067403	-28.127806	0.996420	-1.264748	-28.107446	1.023666	-1.305960	-27.826923	0.978552	-1.136011	-27.814068	0.985335	-1.194733	-28.120506	0.441613	-1.285329	-27.823644	0.448044	-1.100011	-28.124526	-0.056558	-1.244005	-28.121843	-0.020442	-1.309485	-27.811633	-0.077094	-1.099773	-27.816840	-0.051066	-1.107618
3248	45.112014	00:00:45:08	-27.957120	1.674728	-1.264401	-27.963566	1.636380	-1.077411	-28.064394	1.625970	-1.169161	-27.982217	1.542681	-1.213707	-27.987670	1.536485	-1.197428	-28.118428	1.563360	-1.295060	-27.808237	1.578820	-1.179860	-28.005451	1.360601	-1.016060	-27.968847	0.724331	-1.623903	-27.844488	1.176943	-0.742687	-28.070819	-0.065986	-2.048531	-27.859681	1.156788	-0.746930	-28.067390	-0.052831	-2.027115	-27.877618	1.170758	-0.765483	-28.115937	-0.031192	-2.062721	-28.164769	0.960725	-1.241367	-28.137132	0.991309	-1.346218	-27.817800	0.960909	-1.089713	-27.793865	0.953775	-1.138776	-28.141684	0.449542	-1.294545	-27.774188	0.448615	-1.100778	-28.128235	-0.070281	-1.253405	-28.105839	-0.004858	-1.319270	-27.832095	-0.033993	-1.116361	-27.793995	-0.035167	-1.106523
3249	45.125907	00:00:45:09	-27.991506	1.664389	-1.190451	-27.948181	1.616388	-1.102779	-28.073716	1.611997	-1.150551	-27.971079	1.558951	-1.228740	-27.986620	1.545131	-1.200486	-28.104988	1.545865	-1.316658	-27.858029	1.558998	-1.169061	-27.969347	1.356630	-1.021271	-27.979700	0.758254	-1.622667	-27.890790	1.204282	-0.747434	-28.103198	-0.035995	-2.079211	-27.890416	1.137357	-0.746018	-28.125777	-0.035187	-2.082085	-27.892372	1.161828	-0.749884	-28.124639	-0.034366	-2.076665	-28.159764	0.962661	-1.261953	-28.163678	0.968421	-1.336164	-27.817737	0.999592	-1.107949	-27.811565	1.020668	-1.136125	-28.131105	0.435710	-1.295912	-27.791082	0.477896	-1.107618	-28.123756	-0.077393	-1.243164	-28.153869	-0.058389	-1.263013	-27.858562	-0.060989	-1.112307	-27.794544	-0.056723	-1.141166
3250	45.139801	00:00:45:10	-27.982512	1.674986	-1.243741	-27.985400	1.669765	-1.121865	-28.103828	1.652632	-1.136594	-27.978686	1.596418	-1.242116	-28.019287	1.541353	-1.157511	-28.081955	1.587994	-1.308775	-27.826605	1.552810	-1.180426	-27.997444	1.366495	-0.995353	-27.975148	0.744150	-1.637035	-27.891997	1.168446	-0.744789	-28.114581	-0.038015	-2.090316	-27.889749	1.154436	-0.745682	-28.119084	-0.053330	-2.084080	-27.900632	1.173480	-0.731065	-28.086767	-0.026423	-2.051724	-28.146121	0.964988	-1.266746	-28.133997	0.993625	-1.347174	-27.834164	0.977659	-1.114333	-27.799277	0.968806	-1.154434	-28.132222	0.459045	-1.304116	-27.833030	0.480839	-1.133976	-28.152473	-0.083432	-1.274860	-28.143130	-0.059990	-1.305712	-27.867621	-0.052503	-1.081223	-27.801943	-0.023025	-1.126733
3251	45.153694	00:00:45:11	-27.979201	1.696400	-1.238888	-27.943122	1.618381	-1.114120	-28.056646	1.634627	-1.135173	-27.983104	1.530466	-1.213252	-27.972934	1.579849	-1.186802	-28.119265	1.538977	-1.300587	-27.865344	1.566833	-1.146399	-27.991986	1.381341	-1.012256	-27.961099	0.761967	-1.608067	-27.879950	1.175194	-0.724301	-28.115171	-0.029935	-2.030194	-27.903815	1.168607	-0.737412	-28.117832	-0.059392	-2.066422	-27.852898	1.141856	-0.743292	-28.088583	-0.060779	-2.057412	-28.153968	0.929866	-1.266604	-28.125131	0.955276	-1.302235	-27.824358	0.993079	-1.115535	-27.811337	1.013214	-1.147121	-28.104591	0.470588	-1.291797	-27.836068	0.458505	-1.128345	-28.123601	-0.090000	-1.251567	-28.116093	-0.072796	-1.329879	-27.808869	-0.066118	-1.091772	-27.799101	-0.022066	-1.120926
3252	45.167588	00:00:45:12	-27.954106	1.691202	-1.250607	-27.988448	1.615819	-1.114080	-28.092080	1.647431	-1.132120	-27.977270	1.580181	-1.217537	-27.972413	1.544847	-1.191669	-28.120430	1.573405	-1.278521	-27.847811	1.571685	-1.177824	-27.959970	1.391950	-1.000018	-27.962839	0.754679	-1.588914	-27.871700	1.176014	-0.742559	-28.109398	-0.035441	-2.042890	-27.890719	1.175514	-0.738428	-28.087002	-0.046111	-2.070615	-27.907043	1.202988	-0.747146	-28.122597	-0.060495	-2.090943	-28.150584	0.941735	-1.294175	-28.129727	0.977806	-1.327689	-27.826937	1.005337	-1.088906	-27.802512	0.979765	-1.167818	-28.160214	0.435646	-1.270361	-27.838285	0.426810	-1.124769	-28.134176	-0.070486	-1.223250	-28.126540	-0.032064	-1.292421	-27.834027	-0.077047	-1.085069	-27.830585	-0.040300	-1.147623
3253	45.181481	00:00:45:13	-27.926817	1.691717	-1.218590	-27.950288	1.629441	-1.137556	-28.086310	1.572175	-1.147309	-27.966709	1.566845	-1.212973	-27.973468	1.549079	-1.229469	-28.071869	1.548647	-1.327042	-27.872999	1.569761	-1.140401	-27.978270	1.356702	-0.978691	-27.962214	0.774786	-1.649697	-27.903185	1.167898	-0.728479	-28.098044	-0.047474	-2.086768	-27.871986	1.156474	-0.728660	-28.110658	-0.049587	-2.079532	-27.867764	1.184495	-0.732412	-28.092929	-0.036792	-2.062135	-28.122254	0.951212	-1.253891	-28.091051	0.976639	-1.300787	-27.832561	0.969095	-1.104115	-27.824817	0.983354	-1.164514	-28.153478	0.447389	-1.283015	-27.831260	0.437451	-1.131937	-28.130974	-0.053674	-1.251410	-28.115124	-0.038185	-1.257745	-27.831230	-0.063515	-1.099393	-27.804907	-0.057887	-1.142041
3254	45.195375	00:00:45:14	-27.955292	1.644206	-1.216867	-27.953936	1.624885	-1.121471	-28.090828	1.641454	-1.163678	-27.964385	1.512979	-1.205291	-27.953189	1.523857	-1.220654	-28.125625	1.551952	-1.300146	-27.833627	1.553966	-1.173365	-27.991791	1.376126	-0.999001	-27.947465	0.760432	-1.582091	-27.885291	1.159839	-0.716224	-28.096631	-0.049244	-2.023304	-27.886454	1.191045	-0.731750	-28.112080	-0.081659	-2.043175	-27.907320	1.148319	-0.713817	-28.086114	-0.009831	-2.099156	-28.121960	0.947126	-1.244856	-28.120902	0.969380	-1.310604	-27.844556	0.981317	-1.113474	-27.842800	0.994684	-1.193779	-28.151645	0.478966	-1.276090	-27.812449	0.475886	-1.108440	-28.133044	-0.091240	-1.207891	-28.115976	-0.061028	-1.313474	-27.835056	-0.062411	-1.086652	-27.829640	-0.080530	-1.140102
3255	45.209268	00:00:45:15	-27.969601	1.674061	-1.238842	-27.972920	1.621423	-1.093315	-28.054399	1.614530	-1.152565	-27.936345	1.551301	-1.240690	-27.997277	1.550227	-1.211057	-28.100760	1.574091	-1.328596	-27.827641	1.579437	-1.146577	-27.999668	1.398797	-0.997122	-27.991491	0.747385	-1.621714	-27.895508	1.158417	-0.743272	-28.109800	-0.054522	-2.061840	-27.871090	1.200216	-0.749849	-28.088112	-0.036345	-2.063545	-27.866331	1.160004	-0.737366	-28.100725	-0.031576	-2.073409	-28.159288	0.948120	-1.251904	-28.126627	1.004566	-1.346113	-27.832399	0.999605	-1.108114	-27.781855	0.991151	-1.179285	-28.142730	0.478229	-1.281360	-27.785276	0.462807	-1.116099	-28.128040	-0.067706	-1.275839	-28.131485	-0.074381	-1.292221	-27.836878	-0.075257	-1.102533	-27.822884	-0.052265	-1.169431
3256	45.223162	00:00:45:16	-27.980533	1.665172	-1.246935	-27.986804	1.608089	-1.098930	-28.062650	1.628905	-1.170776	-27.968638	1.563149	-1.229682	-28.016635	1.540586	-1.201185	-28.085569	1.542075	-1.275686	-27.879301	1.560846	-1.175483	-28.013669	1.345002	-0.975609	-27.954098	0.758084	-1.624863	-27.917011	1.161669	-0.717607	-28.081837	-0.040783	-2.091131	-27.876904	1.184411	-0.726686	-28.098691	-0.030863	-2.069145	-27.898419	1.192784	-0.754282	-28.052398	-0.035232	-2.067895	-28.143268	1.001021	-1.271641	-28.127656	0.994813	-1.304469	-27.832361	0.966451	-1.122512	-27.801951	0.983258	-1.156671	-28.144633	0.447573	-1.286020	-27.847744	0.474687	-1.089018	-28.144351	-0.058514	-1.241870	-28.110109	-0.046149	-1.333180	-27.854989	-0.065537	-1.099234	-27.782409	-0.040799	-1.119329
3257	45.237055	00:00:45:17	-27.994177	1.661690	-1.202477	-27.952968	1.637088	-1.084280	-28.100084	1.630994	-1.133291	-27.933158	1.555279	-1.232650	-28.000478	1.549931	-1.185838	-28.127560	1.587202	-1.297034	-27.837766	1.604291	-1.140644	-28.002979	1.372674	-1.002462	-27.964644	0.773391	-1.633277	-27.880993	1.188234	-0.749870	-28.083102	-0.041422	-2.081173	-27.856445	1.181491	-0.724259	-28.116136	-0.051434	-2.072434	-27.851521	1.159023	-0.713804	-28.107702	-0.019697	-2.065263	-28.101449	0.928284	-1.252416	-28.122730	1.010311	-1.342617	-27.844771	0.963819	-1.126854	-27.806121	0.986785	-1.167437	-28.131279	0.461789	-1.321151	-27.832201	0.468282	-1.121945	-28.147241	-0.109235	-1.240103	-28.131767	-0.026879	-1.275540	-27.831995	-0.075603	-1.077429	-27.775566	-0.049498	-1.149160
3258	45.250948	00:00:45:18	-27.980563	1.642173	-1.226442	-27.969992	1.635341	-1.090700	-28.048202	1.631079	-1.144885	-27.956233	1.560137	-1.198466	-28.001082	1.567444	-1.167260	-28.106462	1.537298	-1.276522	-27.835749	1.565696	-1.143372	-27.992621	1.342494	-1.019067	-27.948631	0.764432	-1.578862	-27.875888	1.148543	-0.727063	-28.118344	-0.059104	-2.070581	-27.893369	1.204022	-0.748219	-28.103828	-0.059990	-2.074703	-27.889833	1.165211	-0.712837	-28.090920	-0.054384	-2.080612	-28.167438	0.955212	-1.278174	-28.128311	0.981184	-1.304126	-27.824586	0.975666	-1.090066	-27.800245	0.993022	-1.189500	-28.119681	0.455734	-1.265212	-27.840532	0.453546	-1.133973	-28.178710	-0.028572	-1.265640	-28.109015	-0.053519	-1.296976	-27.838252	-0.087994	-1.092545	-27.795172	-0.044619	-1.132848
3259	45.264842	00:00:45:19	-27.983376	1.691746	-1.215913	-27.965106	1.621861	-1.079384	-28.071529	1.667233	-1.148834	-27.967492	1.556234	-1.203030	-28.003029	1.553462	-1.176086	-28.088161	1.574695	-1.302218	-27.821587	1.593721	-1.164803	-28.015230	1.351369	-1.034404	-27.953856	0.755029	-1.620538	-27.890330	1.168033	-0.732537	-28.128756	-0.011304	-2.051741	-27.914497	1.178859	-0.761894	-28.058144	-0.044412	-2.050693	-27.884685	1.189555	-0.749413	-28.107613	-0.059585	-2.057852	-28.166582	0.971431	-1.267107	-28.146722	0.985743	-1.301379	-27.856406	0.967163	-1.092340	-27.787864	0.995153	-1.154945	-28.130207	0.432436	-1.288697	-27.804723	0.452259	-1.115907	-28.135539	-0.066204	-1.241824	-28.119981	-0.033563	-1.338152	-27.836631	-0.074199	-1.099808	-27.792097	-0.013649	-1.125606
3260	45.278735	00:00:45:20	-28.009787	1.717220	-1.225666	-27.988657	1.654889	-1.088618	-28.089649	1.600048	-1.134030	-27.944075	1.565896	-1.218944	-27.990366	1.541270	-1.195310	-28.073397	1.550397	-1.334748	-27.850398	1.566750	-1.148130	-28.017123	1.352064	-1.011829	-27.937059	0.759734	-1.613326	-27.902668	1.194351	-0.751390	-28.109914	-0.036807	-2.075873	-27.880900	1.169840	-0.741359	-28.089971	-0.069143	-2.071619	-27.843095	1.154993	-0.696098	-28.102887	-0.048745	-2.050181	-28.154938	0.963002	-1.269485	-28.111859	0.986476	-1.323399	-27.822957	0.945742	-1.149082	-27.794078	0.982490	-1.126102	-28.127862	0.445905	-1.287280	-27.802796	0.429815	-1.128239	-28.163406	-0.069616	-1.231243	-28.121150	-0.052702	-1.286415	-27.845459	-0.061976	-1.074675	-27.793879	-0.045366	-1.131116
3261	45.292629	00:00:45:21	-27.959276	1.671396	-1.266303	-27.976793	1.646619	-1.114174	-28.075332	1.629955	-1.134315	-27.981767	1.567015	-1.224851	-27.983077	1.562570	-1.178830	-28.110098	1.534895	-1.300767	-27.845859	1.585368	-1.170543	-28.009631	1.365888	-0.998920	-27.952913	0.770203	-1.606866	-27.905413	1.185252	-0.729906	-28.119013	-0.057146	-2.091308	-27.851034	1.193321	-0.694585	-28.102121	-0.031065	-2.079710	-27.880681	1.196484	-0.751227	-28.079988	-0.055602	-2.027130	-28.179502	0.929689	-1.254204	-28.140637	1.012821	-1.312351	-27.834679	0.967467	-1.111288	-27.836973	0.976218	-1.150967	-28.132606	0.459659	-1.309198	-27.819936	0.447830	-1.123480	-28.137963	-0.058496	-1.264897	-28.143141	-0.061108	-1.283288	-27.832468	-0.054708	-1.079220	-27.775421	-0.048636	-1.158491
3262	45.306522	00:00:45:22	-27.991828	1.672017	-1.226836	-27.985346	1.641883	-1.084137	-28.067041	1.643835	-1.144219	-27.984769	1.576595	-1.229996	-27.992095	1.537171	-1.203754	-28.098084	1.531510	-1.304283	-27.833453	1.591798	-1.176209	-27.995666	1.367104	-1.004739	-27.971106	0.752986	-1.636734	-27.897085	1.153391	-0.734521	-28.093191	-0.022030	-2.084834	-27.868901	1.173819	-0.731606	-28.116325	-0.028806	-2.068552	-27.904800	1.173168	-0.756374	-28.105542	-0.001558	-2.064141	-28.125740	0.970886	-1.249309	-28.133640	0.984546	-1.297194	-27.817840	0.980580	-1.112153	-27.823048	0.989560	-1.141880	-28.152233	0.482838	-1.277864	-27.825790	0.493084	-1.148349	-28.151648	-0.076604	-1.256606	-28.142512	-0.051180	-1.310649	-27.837691	-0.061555	-1.054894	-27.838030	-0.043844	-1.141236
3263	45.320416	00:00:45:23	-27.958239	1.673572	-1.216935	-27.963550	1.630493	-1.094612	-28.084978	1.639387	-1.148809	-27.954309	1.550427	-1.206376	-27.947040	1.520530	-1.175282	-28.123607	1.563244	-1.285679	-27.817171	1.564447	-1.185234	-27.981105	1.382445	-1.015530	-27.954673	0.793966	-1.610738	-27.870336	1.191739	-0.720839	-28.091352	-0.043588	-2.083877	-27.891860	1.172540	-0.732740	-28.119658	-0.036954	-2.077692	-27.878720	1.209199	-0.701893	-28.095154	-0.060627	-2.078870	-28.169222	0.968449	-1.239027	-28.125624	0.975813	-1.325258	-27.829690	0.952516	-1.101143	-27.799431	0.990843	-1.170958	-28.143854	0.451387	-1.261603	-27.821083	0.446548	-1.135716	-28.166662	-0.074394	-1.209469	-28.098962	-0.046641	-1.306425	-27.838092	-0.079676	-1.066015	-27.802951	-0.049986	-1.179096
3264	45.334309	00:00:45:24	-27.999559	1.659676	-1.213393	-27.969519	1.630710	-1.084134	-28.084218	1.626400	-1.164198	-27.967288	1.549213	-1.220999	-27.976461	1.540524	-1.198195	-28.096470	1.557765	-1.290163	-27.838800	1.524753	-1.182616	-27.990325	1.383996	-1.009946	-27.991484	0.767786	-1.621524	-27.883989	1.184594	-0.716582	-28.085607	-0.069591	-2.101034	-27.904097	1.175015	-0.749387	-28.064517	-0.031253	-2.053304	-27.873319	1.226327	-0.722269	-28.105318	-0.052742	-2.066625	-28.139691	0.971159	-1.246558	-28.125369	0.981543	-1.317947	-27.826407	0.955049	-1.114515	-27.834108	0.962939	-1.173392	-28.145354	0.470529	-1.276092	-27.833517	0.470367	-1.121900	-28.158645	-0.047873	-1.265388	-28.152912	-0.055482	-1.274626	-27.831999	-0.073890	-1.071939	-27.802071	-0.061767	-1.142226
3265	45.348203	00:00:45:25	-27.982712	1.662006	-1.235265	-27.944672	1.639689	-1.114606	-28.090765	1.610563	-1.144030	-27.991379	1.531458	-1.250991	-28.016575	1.544771	-1.153266	-28.100215	1.538320	-1.309287	-27.806363	1.554510	-1.181835	-27.991950	1.395996	-1.003002	-27.959348	0.741504	-1.609488	-27.922257	1.189740	-0.721774	-28.095285	-0.064303	-2.070286	-27.908135	1.198504	-0.723143	-28.108243	-0.039874	-2.086922	-27.913052	1.176711	-0.731616	-28.106578	-0.041487	-2.050292	-28.161659	0.951202	-1.230381	-28.140175	1.003719	-1.285183	-27.825788	0.977947	-1.124178	-27.804478	0.994979	-1.143523	-28.131972	0.449764	-1.259413	-27.814879	0.499493	-1.099340	-28.135507	-0.045700	-1.240692	-28.121019	-0.055623	-1.302302	-27.820965	-0.045713	-1.081329	-27.802290	-0.028611	-1.123585
3266	45.362096	00:00:45:26	-27.992135	1.698603	-1.255412	-27.993909	1.648369	-1.099894	-28.073128	1.625854	-1.139253	-27.959238	1.547714	-1.234509	-27.962218	1.527526	-1.193056	-28.118663	1.544606	-1.285166	-27.831452	1.585023	-1.130221	-27.996209	1.374273	-1.008896	-27.963591	0.758934	-1.635060	-27.908169	1.175499	-0.731002	-28.080542	-0.050361	-2.057326	-27.890584	1.196447	-0.727330	-28.075259	-0.042021	-2.092003	-27.900381	1.160453	-0.730765	-28.084329	-0.063984	-2.094158	-28.173546	0.971441	-1.295337	-28.125663	0.975716	-1.334182	-27.842245	0.949443	-1.112875	-27.802603	1.005693	-1.145415	-28.162937	0.449066	-1.293276	-27.824366	0.479757	-1.127168	-28.162076	-0.053505	-1.223224	-28.131718	-0.043332	-1.278649	-27.845209	-0.118065	-1.081214	-27.806033	-0.054031	-1.146891
3267	45.375989	00:00:45:27	-27.982980	1.696394	-1.223842	-27.952578	1.642608	-1.084013	-28.067271	1.639692	-1.156571	-27.967259	1.551309	-1.229991	-28.008028	1.532591	-1.172277	-28.128968	1.537902	-1.292680	-27.848736	1.594279	-1.153575	-28.023551	1.359896	-1.006727	-27.988385	0.748078	-1.615790	-27.878198	1.182702	-0.737166	-28.103563	-0.042793	-2.050359	-27.883906	1.169440	-0.701292	-28.097187	-0.072260	-2.076916	-27.863834	1.196006	-0.692754	-28.085718	-0.024079	-2.054328	-28.149161	0.986765	-1.284311	-28.132378	1.004794	-1.330024	-27.829926	0.954243	-1.084042	-27.779716	0.983591	-1.190125	-28.121028	0.472360	-1.305535	-27.831639	0.426547	-1.078573	-28.145074	-0.089716	-1.206656	-28.124920	-0.045456	-1.315626	-27.815920	-0.065838	-1.090083	-27.816172	-0.012828	-1.144672
3268	45.389883	00:00:45:28	-27.942987	1.670936	-1.233465	-27.960097	1.647607	-1.145007	-28.099901	1.640362	-1.156434	-27.979487	1.562370	-1.229837	-27.973164	1.544766	-1.220380	-28.129646	1.545195	-1.289359	-27.861074	1.570212	-1.183883	-28.009670	1.380525	-1.012283	-27.970739	0.770172	-1.615750	-27.916381	1.161852	-0.726688	-28.091693	-0.077113	-2.083079	-27.884814	1.159176	-0.717033	-28.092405	-0.055494	-2.029360	-27.883249	1.196839	-0.751871	-28.100096	-0.028503	-2.055331	-28.152109	0.965882	-1.278820	-28.123676	0.988360	-1.319999	-27.848414	0.956098	-1.114295	-27.779108	0.996933	-1.160976	-28.123642	0.439629	-1.305346	-27.802755	0.496461	-1.126820	-28.138244	-0.079822	-1.238582	-28.120697	-0.054436	-1.290753	-27.848385	-0.090746	-1.102433	-27.798580	-0.029395	-1.122604
3269	45.403776	00:00:45:29	-27.958057	1.671525	-1.231274	-27.941887	1.633457	-1.091360	-28.071095	1.643069	-1.159987	-27.956060	1.556641	-1.188676	-27.960822	1.554226	-1.194314	-28.140733	1.558504	-1.348691	-27.797633	1.574093	-1.140637	-27.973479	1.413520	-1.013965	-27.974115	0.752884	-1.601144	-27.878606	1.205012	-0.751570	-28.074385	-0.028125	-2.057743	-27.913367	1.173587	-0.725500	-28.068798	-0.090820	-2.052484	-27.894168	1.154859	-0.727073	-28.053221	-0.027940	-2.064711	-28.129162	0.949717	-1.236218	-28.134909	0.969603	-1.345012	-27.848366	0.953771	-1.117534	-27.808696	1.010125	-1.123120	-28.121790	0.480203	-1.269102	-27.844165	0.457447	-1.122719	-28.122072	-0.099760	-1.231720	-28.140856	-0.049758	-1.300310	-27.855952	-0.068921	-1.088576	-27.810815	-0.019908	-1.123876
3270	45.417670	00:00:45:30	-27.978375	1.671500	-1.223865	-27.959426	1.631911	-1.086107	-28.065529	1.628803	-1.143747	-27.964687	1.555644	-1.210293	-27.992641	1.537044	-1.173599	-28.124333	1.585960	-1.313246	-27.839794	1.565351	-1.171099	-27.998655	1.327774	-0.999386	-27.952317	0.748498	-1.604268	-27.891846	1.195192	-0.710925	-28.133528	-0.070623	-2.057439	-27.918632	1.161234	-0.696500	-28.110161	-0.049365	-2.096148	-27.876844	1.220875	-0.704075	-28.113891	-0.079138	-2.085921	-28.152797	0.959559	-1.293347	-28.146292	0.969809	-1.323753	-27.836258	0.951780	-1.121788	-27.812392	0.952043	-1.167420	-28.130662	0.447440	-1.299249	-27.804115	0.466952	-1.118584	-28.161830	-0.066472	-1.263483	-28.150157	-0.060018	-1.328284	-27.837499	-0.054205	-1.099139	-27.807921	-0.028542	-1.112800
3271	45.431563	00:00:45:31	-27.964603	1.687209	-1.232749	-27.940184	1.631129	-1.111707	-28.075564	1.649703	-1.145653	-27.991755	1.544305	-1.221979	-27.963980	1.546568	-1.162636	-28.124921	1.563032	-1.284438	-27.846805	1.560872	-1.153734	-28.001491	1.374657	-1.008749	-27.977301	0.724273	-1.604529	-27.900474	1.147927	-0.724155	-28.122112	-0.037913	-2.051824	-27.909413	1.153556	-0.732765	-28.112305	-0.048518	-2.074286	-27.882628	1.184998	-0.750733	-28.109709	-0.042993	-2.058729	-28.170636	0.985921	-1.278373	-28.119407	0.989096	-1.328849	-27.823687	0.962247	-1.098684	-27.791421	1.008803	-1.155243	-28.123296	0.467899	-1.273616	-27.815207	0.445270	-1.119632	-28.132996	-0.077479	-1.279207	-28.144053	-0.033528	-1.280066	-27.853357	-0.065425	-1.092926	-27.782734	-0.049388	-1.134991
3272	45.445457	00:00:45:32	-27.962789	1.699784	-1.244370	-27.977333	1.625321	-1.100201	-28.081267	1.655324	-1.179984	-27.971019	1.566148	-1.208068	-27.989902	1.525832	-1.204370	-28.105422	1.584536	-1.296372	-27.849615	1.561211	-1.196582	-27.971740	1.321287	-0.990728	-27.986876	0.751655	-1.609150	-27.848585	1.171675	-0.705150	-28.060882	-0.048391	-2.063386	-27.872257	1.204861	-0.733205	-28.063428	-0.065423	-2.075034	-27.892031	1.200727	-0.738882	-28.085006	-0.065194	-2.063928	-28.155186	0.971339	-1.278921	-28.155508	1.000932	-1.330617	-27.860679	0.962726	-1.096405	-27.800666	0.964821	-1.180630	-28.117932	0.472100	-1.288019	-27.795054	0.466679	-1.114434	-28.159880	-0.066131	-1.243877	-28.138179	-0.049527	-1.261172	-27.824789	-0.075628	-1.084273	-27.799737	-0.027679	-1.143028
3273	45.459350	00:00:45:33	-27.950996	1.653720	-1.216603	-27.989393	1.608227	-1.114000	-28.092026	1.597673	-1.144328	-27.948695	1.551859	-1.228411	-27.988730	1.544153	-1.174134	-28.084582	1.533848	-1.303415	-27.839655	1.553873	-1.178117	-28.040417	1.384541	-1.017595	-27.983389	0.766737	-1.602406	-27.893716	1.197038	-0.715524	-28.088862	-0.062180	-2.091390	-27.867500	1.176102	-0.724263	-28.056947	-0.042913	-2.068283	-27.901219	1.180177	-0.719233	-28.090901	-0.032661	-2.062226	-28.157392	0.938954	-1.274991	-28.110886	0.950205	-1.334523	-27.870053	0.959714	-1.137759	-27.830516	1.005811	-1.138429	-28.120591	0.473804	-1.273654	-27.826338	0.469234	-1.116108	-28.166730	-0.082535	-1.239501	-28.114385	-0.061411	-1.297005	-27.838397	-0.057708	-1.096485	-27.804634	-0.059732	-1.130120
3274	45.473244	00:00:45:34	-27.960979	1.665413	-1.231857	-27.950385	1.647006	-1.116917	-28.079520	1.669165	-1.126463	-27.968281	1.560861	-1.241656	-28.032875	1.538958	-1.180548	-28.107674	1.543007	-1.306824	-27.848016	1.548556	-1.150271	-27.996378	1.361123	-1.014516	-27.966044	0.754147	-1.639326	-27.864108	1.160460	-0.694268	-28.117461	-0.037473	-2.062583	-27.877814	1.200565	-0.715529	-28.136493	-0.042407	-2.055294	-27.893752	1.200705	-0.759049	-28.081821	-0.076067	-2.051816	-28.144470	0.951038	-1.253307	-28.146891	0.983061	-1.310009	-27.825796	0.941307	-1.115904	-27.776179	0.968883	-1.148496	-28.124341	0.426771	-1.271880	-27.817396	0.452622	-1.123665	-28.158559	-0.091363	-1.285463	-28.144160	-0.070503	-1.282257	-27.842703	-0.072485	-1.086646	-27.817387	-0.057333	-1.140261
3275	45.487137	00:00:45:35	-27.967292	1.668915	-1.202347	-27.951797	1.621401	-1.104681	-28.062069	1.636623	-1.188698	-27.973719	1.574847	-1.249920	-28.007220	1.563268	-1.188496	-28.103073	1.540690	-1.278654	-27.811882	1.577274	-1.151884	-28.005833	1.372766	-0.984781	-27.984385	0.728654	-1.614310	-27.913805	1.206750	-0.698997	-28.100696	-0.037864	-2.072885	-27.888538	1.224916	-0.720721	-28.086770	-0.034010	-2.087122	-27.906392	1.214011	-0.739424	-28.101491	-0.028602	-2.062671	-28.179864	0.962978	-1.246052	-28.125145	0.966102	-1.295637	-27.813834	0.962740	-1.087169	-27.789219	0.981537	-1.159714	-28.161813	0.446517	-1.315625	-27.785791	0.456168	-1.099427	-28.186805	-0.052942	-1.246992	-28.145898	-0.048591	-1.316826	-27.839743	-0.068727	-1.073505	-27.817296	-0.028389	-1.133961
3276	45.501030	00:00:45:36	-27.987255	1.656186	-1.205680	-27.961447	1.643088	-1.160861	-28.056042	1.633544	-1.148796	-27.950415	1.542251	-1.205389	-28.003030	1.532694	-1.174437	-28.081689	1.570536	-1.309877	-27.835318	1.524161	-1.156790	-28.016118	1.388898	-1.006883	-27.963325	0.748228	-1.627718	-27.866773	1.183315	-0.722049	-28.083639	-0.052365	-2.079421	-27.888752	1.192374	-0.719651	-28.096767	-0.035039	-2.064277	-27.900262	1.224361	-0.724434	-28.103109	-0.047768	-2.059454	-28.135127	0.975997	-1.248447	-28.136753	0.979807	-1.302640	-27.822185	0.965114	-1.114102	-27.795769	1.005032	-1.172162	-28.130742	0.452291	-1.284833	-27.825779	0.451316	-1.113104	-28.140238	-0.064857	-1.223061	-28.138282	-0.042349	-1.265313	-27.836198	-0.016464	-1.068593	-27.818659	-0.065105	-1.121384
3277	45.514924	00:00:45:37	-27.942955	1.678293	-1.217428	-27.967018	1.653931	-1.115111	-28.069035	1.602407	-1.173689	-27.975925	1.562779	-1.226702	-28.002873	1.572737	-1.171345	-28.090982	1.564760	-1.268488	-27.818284	1.554813	-1.167186	-27.994071	1.345294	-0.986199	-27.971993	0.742229	-1.583229	-27.875053	1.189790	-0.748287	-28.065392	-0.066623	-2.052401	-27.890229	1.187028	-0.740915	-28.091986	-0.025402	-2.040216	-27.878923	1.196574	-0.723134	-28.112983	-0.078988	-2.094513	-28.146237	0.972100	-1.264764	-28.129725	1.024787	-1.309681	-27.843343	0.975477	-1.109628	-27.817504	0.974582	-1.180835	-28.158786	0.461680	-1.275390	-27.843852	0.450123	-1.124649	-28.127271	-0.097248	-1.224982	-28.135313	-0.056501	-1.290018	-27.827257	-0.068470	-1.096663	-27.818690	-0.033891	-1.158559
3278	45.528817	00:00:45:38	-27.951526	1.661008	-1.235117	-27.978981	1.619360	-1.094624	-28.063381	1.615264	-1.143502	-27.981758	1.526301	-1.232191	-28.024554	1.543429	-1.190440	-28.108128	1.538052	-1.288055	-27.836267	1.554270	-1.139429	-28.001254	1.365299	-1.030510	-27.987068	0.752536	-1.586790	-27.913882	1.192845	-0.721658	-28.102774	-0.066942	-2.048998	-27.911134	1.192487	-0.722298	-28.114812	-0.041322	-2.071756	-27.866596	1.149503	-0.714168	-28.067922	-0.055776	-2.066169	-28.158854	0.949790	-1.280387	-28.140736	0.956076	-1.287110	-27.860837	0.977460	-1.075775	-27.809239	0.945249	-1.159638	-28.148008	0.445478	-1.286716	-27.804149	0.469285	-1.125915	-28.133369	-0.069195	-1.249592	-28.106235	-0.048671	-1.316169	-27.822645	-0.062138	-1.086530	-27.799472	-0.029583	-1.128999
3279	45.542711	00:00:45:39	-27.966520	1.645528	-1.228796	-27.976845	1.622453	-1.121736	-28.062960	1.629067	-1.180392	-27.969203	1.587523	-1.228149	-27.987655	1.541450	-1.129711	-28.100701	1.559313	-1.287775	-27.835236	1.567918	-1.152151	-27.995193	1.348105	-1.012355	-27.975280	0.749430	-1.611870	-27.898508	1.185582	-0.712133	-28.086642	-0.032981	-2.100315	-27.885860	1.173972	-0.726170	-28.077768	-0.078147	-2.058567	-27.884547	1.167189	-0.690512	-28.143110	-0.089221	-2.084816	-28.186392	0.934800	-1.273249	-28.137346	1.021733	-1.303650	-27.824609	0.995049	-1.085727	-27.824159	0.977042	-1.138843	-28.131899	0.468951	-1.286525	-27.784206	0.477304	-1.123004	-28.175961	-0.056761	-1.273502	-28.129924	-0.025267	-1.280501	-27.822249	-0.066050	-1.118965	-27.822520	-0.039885	-1.110440
3280	45.556604	00:00:45:40	-27.961914	1.688124	-1.219227	-27.978561	1.646883	-1.068048	-28.063791	1.621314	-1.139090	-28.001892	1.570715	-1.232733	-27.979029	1.589525	-1.174358	-28.116479	1.526112	-1.275633	-27.813016	1.546600	-1.149356	-27.972993	1.387483	-1.018090	-27.978774	0.744901	-1.609254	-27.865863	1.174941	-0.752299	-28.071280	-0.072484	-2.079496	-27.891407	1.189113	-0.697829	-28.093306	-0.064631	-2.069562	-27.894296	1.205638	-0.708750	-28.105629	-0.051383	-2.036331	-28.147683	0.959897	-1.261433	-28.107309	0.973044	-1.335708	-27.829430	0.968899	-1.099170	-27.821130	1.001688	-1.165514	-28.144518	0.483694	-1.292708	-27.799764	0.444848	-1.106741	-28.155181	-0.080673	-1.245910	-28.114054	-0.031805	-1.296164	-27.819570	-0.040813	-1.098563	-27.824246	-0.065845	-1.120520
3281	45.570498	00:00:45:41	-27.983701	1.693308	-1.220846	-27.973777	1.641334	-1.117225	-28.052245	1.647328	-1.153682	-27.949966	1.565941	-1.227724	-27.960130	1.513803	-1.177602	-28.119497	1.586649	-1.276775	-27.819942	1.548365	-1.151457	-28.011657	1.383679	-1.019586	-27.948561	0.759748	-1.603066	-27.871464	1.172891	-0.745071	-28.131562	-0.053124	-2.045675	-27.936570	1.209837	-0.741596	-28.095771	-0.062858	-2.068854	-27.883004	1.186178	-0.751936	-28.061613	-0.011746	-2.061838	-28.146154	0.976350	-1.275603	-28.142119	0.976005	-1.294146	-27.853820	0.965373	-1.117302	-27.805845	1.017227	-1.134132	-28.141564	0.447276	-1.270414	-27.800987	0.461706	-1.119369	-28.192791	-0.062118	-1.236829	-28.153001	-0.049823	-1.289919	-27.818626	-0.068298	-1.075119	-27.813744	-0.056335	-1.134142
3282	45.584391	00:00:45:42	-27.936283	1.672739	-1.267228	-27.948682	1.631993	-1.103948	-28.074481	1.646217	-1.154926	-27.962004	1.575728	-1.246590	-27.972791	1.537475	-1.173504	-28.087571	1.551732	-1.276564	-27.849922	1.543901	-1.154715	-27.949832	1.408655	-0.999219	-27.977289	0.726412	-1.624205	-27.911134	1.184333	-0.722329	-28.073482	-0.014693	-2.068364	-27.921877	1.195928	-0.715786	-28.073162	-0.033766	-2.076234	-27.886677	1.222216	-0.744947	-28.110247	-0.052881	-2.067237	-28.156799	0.983097	-1.254987	-28.126836	0.972239	-1.287614	-27.806057	0.936260	-1.123391	-27.793590	0.963706	-1.151280	-28.131776	0.460438	-1.275401	-27.826408	0.479196	-1.096614	-28.169427	-0.018585	-1.211485	-28.115255	-0.049083	-1.310189	-27.836572	-0.066409	-1.065599	-27.831465	-0.013724	-1.122704
3283	45.598285	00:00:45:43	-27.981989	1.677847	-1.244801	-27.967866	1.614770	-1.100502	-28.090058	1.618802	-1.165964	-27.988702	1.554767	-1.217012	-27.960166	1.525374	-1.196601	-28.096302	1.576528	-1.309545	-27.820306	1.542286	-1.128367	-27.961414	1.383319	-0.982493	-27.970508	0.730427	-1.618184	-27.876827	1.152650	-0.715704	-28.101161	-0.063811	-2.063355	-27.879782	1.210696	-0.707629	-28.122422	-0.055774	-2.069407	-27.884718	1.202262	-0.734575	-28.070830	-0.030244	-2.046525	-28.158865	0.973159	-1.260993	-28.150566	0.980148	-1.315883	-27.829922	0.931136	-1.145745	-27.815230	0.964653	-1.161233	-28.155555	0.447960	-1.285712	-27.840338	0.460167	-1.133882	-28.163814	-0.083121	-1.268524	-28.094509	-0.020369	-1.322006	-27.857853	-0.104503	-1.100662	-27.800698	-0.053568	-1.138503
3284	45.612178	00:00:45:44	-27.985073	1.684036	-1.266500	-27.989633	1.608706	-1.081798	-28.077802	1.631655	-1.174498	-27.969557	1.567084	-1.230200	-27.996775	1.573794	-1.198448	-28.136132	1.539203	-1.338553	-27.861603	1.554783	-1.128746	-27.990163	1.373709	-0.987598	-27.972459	0.768301	-1.609526	-27.892850	1.164438	-0.693052	-28.110922	-0.050547	-2.097281	-27.896401	1.161443	-0.723922	-28.090199	-0.037888	-2.040569	-27.876494	1.203365	-0.723639	-28.110727	-0.039046	-2.070631	-28.151765	0.970563	-1.264502	-28.149614	0.956362	-1.324927	-27.849757	0.947246	-1.112597	-27.816014	0.982046	-1.157019	-28.130151	0.455753	-1.298363	-27.804753	0.443099	-1.136114	-28.138504	-0.070606	-1.255605	-28.144815	0.006405	-1.280154	-27.841198	-0.070522	-1.094386	-27.823666	-0.040682	-1.155790
3285	45.626071	00:00:45:45	-27.975267	1.656332	-1.222689	-27.950847	1.644455	-1.098690	-28.080279	1.612136	-1.162308	-28.002905	1.558198	-1.235228	-27.980720	1.528538	-1.190300	-28.119624	1.543926	-1.290836	-27.864669	1.551070	-1.172252	-27.984352	1.413621	-0.977217	-27.967571	0.767527	-1.605293	-27.875175	1.190259	-0.745124	-28.100340	-0.030299	-2.043374	-27.873614	1.201450	-0.716327	-28.121487	-0.035297	-2.069623	-27.913759	1.175956	-0.693742	-28.110296	-0.033549	-2.084730	-28.154686	0.947091	-1.256782	-28.130550	1.004742	-1.334591	-27.822059	0.949500	-1.088816	-27.795896	0.976590	-1.142036	-28.128028	0.418249	-1.278235	-27.844928	0.450879	-1.100986	-28.143472	-0.064645	-1.274302	-28.122010	-0.057116	-1.294435	-27.805408	-0.032176	-1.093424	-27.835953	-0.039827	-1.162117
3286	45.639965	00:00:45:46	-27.966579	1.677797	-1.267282	-27.967509	1.619979	-1.076997	-28.092596	1.669548	-1.159338	-27.963808	1.544558	-1.236143	-28.025576	1.539439	-1.202624	-28.123589	1.553827	-1.323389	-27.861332	1.535544	-1.168563	-28.022784	1.326812	-0.992000	-27.965485	0.775188	-1.579407	-27.881027	1.142458	-0.679629	-28.063814	-0.060503	-2.063212	-27.907387	1.220274	-0.729577	-28.099405	-0.060541	-2.082019	-27.895938	1.208535	-0.715723	-28.080332	-0.046756	-2.060405	-28.147164	0.987592	-1.256584	-28.136651	0.985402	-1.287437	-27.868544	0.985833	-1.105918	-27.806544	0.972257	-1.172478	-28.133314	0.451504	-1.265664	-27.834747	0.440372	-1.117354	-28.147215	-0.076666	-1.253553	-28.146633	-0.029259	-1.321022	-27.849395	-0.053685	-1.069191	-27.794717	-0.033323	-1.115368
3287	45.653858	00:00:45:47	-27.963806	1.691434	-1.272858	-27.989329	1.621522	-1.063577	-28.098380	1.646709	-1.183181	-27.976595	1.568979	-1.201460	-27.980124	1.554736	-1.173792	-28.119642	1.566891	-1.298902	-27.858699	1.546454	-1.172153	-27.999442	1.340897	-1.025680	-27.977556	0.760431	-1.597991	-27.866282	1.202189	-0.684177	-28.083643	-0.045830	-2.055317	-27.900682	1.170111	-0.721374	-28.051288	-0.028340	-2.039665	-27.891170	1.189448	-0.718753	-28.102843	-0.018992	-2.038769	-28.130086	0.968079	-1.251430	-28.153440	0.970051	-1.302299	-27.876257	0.952961	-1.120090	-27.805114	0.982489	-1.164668	-28.140197	0.463435	-1.266362	-27.825267	0.455911	-1.147811	-28.148973	-0.057956	-1.232700	-28.108638	-0.048993	-1.307844	-27.837512	-0.046803	-1.077552	-27.803933	-0.029023	-1.133786
3288	45.667752	00:00:45:48	-27.973162	1.704402	-1.198091	-27.979771	1.608058	-1.085569	-28.054457	1.634625	-1.133880	-27.957003	1.559358	-1.233091	-27.999916	1.528880	-1.182487	-28.092475	1.598111	-1.278668	-27.821468	1.591856	-1.173469	-28.007257	1.414629	-1.013187	-27.956491	0.758217	-1.620540	-27.886993	1.192390	-0.693720	-28.078671	-0.054927	-2.086837	-27.869026	1.203876	-0.721412	-28.075787	-0.057357	-2.042207	-27.894474	1.214061	-0.706167	-28.088659	-0.046986	-2.066876	-28.125174	0.963999	-1.282886	-28.114709	1.019498	-1.299871	-27.832901	0.951622	-1.097143	-27.793509	0.995658	-1.140259	-28.128339	0.457189	-1.270044	-27.808219	0.449196	-1.115313	-28.162094	-0.098024	-1.241853	-28.127376	-0.054810	-1.300990	-27.818120	-0.071179	-1.081048	-27.794739	-0.041457	-1.133300
3289	45.681645	00:00:45:49	-27.966907	1.677814	-1.249726	-27.948864	1.622164	-1.123882	-28.069942	1.616108	-1.141343	-27.995691	1.557716	-1.225819	-27.975779	1.538456	-1.193565	-28.085512	1.554582	-1.322235	-27.828109	1.568454	-1.145129	-28.001136	1.357190	-0.994311	-27.968263	0.778136	-1.620921	-27.889918	1.212890	-0.726950	-28.091619	-0.064022	-2.079871	-27.876706	1.183316	-0.698753	-28.094887	-0.023979	-2.056502	-27.896490	1.181162	-0.699078	-28.086170	-0.051246	-2.094701	-28.146012	0.942563	-1.276159	-28.105790	1.006463	-1.308750	-27.817121	0.964279	-1.095410	-27.793347	1.008669	-1.125603	-28.169797	0.449320	-1.261361	-27.797831	0.455195	-1.115690	-28.165885	-0.087194	-1.230458	-28.144611	-0.083071	-1.299175	-27.835478	-0.085325	-1.081244	-27.813949	-0.020910	-1.154344
3290	45.695539	00:00:45:50	-27.984068	1.680822	-1.258614	-27.976146	1.622949	-1.100127	-28.068946	1.623481	-1.171495	-27.999935	1.553155	-1.213221	-27.994090	1.550880	-1.169835	-28.130190	1.563436	-1.279910	-27.827339	1.548674	-1.142050	-27.997569	1.392966	-1.032656	-27.962881	0.768310	-1.642391	-27.887068	1.196449	-0.738808	-28.074036	-0.077894	-2.069940	-27.887693	1.178048	-0.707886	-28.096977	-0.045361	-2.066534	-27.885517	1.181317	-0.691291	-28.063893	-0.062565	-2.072991	-28.177282	0.981518	-1.268283	-28.123620	1.025691	-1.314460	-27.790461	0.992308	-1.109743	-27.832586	0.975189	-1.157264	-28.135627	0.501424	-1.268446	-27.791201	0.461018	-1.125723	-28.169579	-0.049536	-1.265352	-28.084351	-0.054851	-1.314254	-27.815837	-0.063030	-1.100753	-27.825092	-0.031981	-1.137460
3291	45.709432	00:00:45:51	-27.962811	1.673654	-1.229276	-27.957888	1.623971	-1.119969	-28.086916	1.628543	-1.168003	-27.981458	1.561173	-1.204475	-27.984249	1.521301	-1.157618	-28.105053	1.556589	-1.278208	-27.849383	1.570355	-1.154703	-27.973519	1.393660	-1.000511	-27.951227	0.773069	-1.604655	-27.876038	1.189575	-0.733142	-28.081699	-0.001438	-2.055880	-27.906761	1.161832	-0.688572	-28.072707	-0.039298	-2.063548	-27.899357	1.162086	-0.680383	-28.100740	-0.045137	-2.034862	-28.153493	0.930420	-1.244757	-28.124753	0.986903	-1.356088	-27.816326	0.958081	-1.104432	-27.821959	0.979287	-1.157967	-28.138764	0.462430	-1.267602	-27.827624	0.480429	-1.127997	-28.181587	-0.080125	-1.248530	-28.136578	-0.030327	-1.292279	-27.872121	-0.070386	-1.078588	-27.805431	-0.047828	-1.168611
3292	45.723326	00:00:45:52	-27.978872	1.677852	-1.223434	-27.970042	1.629855	-1.105694	-28.076117	1.623359	-1.168969	-27.963926	1.561624	-1.206203	-27.984167	1.550205	-1.167764	-28.144654	1.553067	-1.303357	-27.835672	1.579187	-1.157498	-28.027219	1.377688	-1.016025	-27.987593	0.773138	-1.581863	-27.938965	1.214905	-0.712924	-28.085636	-0.035433	-2.051914	-27.918426	1.172681	-0.724726	-28.110282	-0.027916	-2.040213	-27.852321	1.203068	-0.740301	-28.097784	-0.049361	-2.079586	-28.170121	0.968699	-1.235588	-28.140206	0.989413	-1.330947	-27.824862	0.974928	-1.128967	-27.832345	0.947980	-1.173559	-28.129662	0.484290	-1.284835	-27.818099	0.451031	-1.130895	-28.163250	-0.041188	-1.256509	-28.115172	-0.042757	-1.300474	-27.830867	-0.060256	-1.096009	-27.793823	-0.023368	-1.146012
3293	45.737219	00:00:45:53	-27.980398	1.647669	-1.254558	-27.970813	1.628371	-1.100021	-28.056230	1.627721	-1.156333	-28.002635	1.549248	-1.246613	-27.999413	1.564444	-1.195204	-28.101082	1.525454	-1.308571	-27.843226	1.534501	-1.151798	-27.965411	1.391022	-1.014974	-27.977869	0.785564	-1.611812	-27.902839	1.183874	-0.717005	-28.070619	-0.022059	-2.095668	-27.894497	1.166983	-0.704580	-28.099464	-0.051254	-2.077078	-27.884891	1.198416	-0.698510	-28.077866	-0.020356	-2.040244	-28.154729	0.940821	-1.228634	-28.144842	1.000122	-1.314764	-27.842995	0.943529	-1.112587	-27.830981	1.004571	-1.138518	-28.158083	0.455232	-1.320221	-27.824398	0.440356	-1.121372	-28.144470	-0.082930	-1.244393	-28.120437	-0.080264	-1.274285	-27.815774	-0.068626	-1.069418	-27.810122	-0.061671	-1.169856
3294	45.751112	00:00:45:54	-27.968512	1.665070	-1.197671	-27.962598	1.609384	-1.088619	-28.108483	1.602760	-1.150008	-27.980666	1.548375	-1.238665	-27.989803	1.536739	-1.189018	-28.124209	1.537162	-1.284591	-27.839089	1.570194	-1.151299	-28.017150	1.389611	-1.004749	-27.995660	0.751404	-1.596793	-27.858296	1.194690	-0.744103	-28.092587	-0.045982	-2.080737	-27.907089	1.211661	-0.702435	-28.083894	-0.046905	-2.061412	-27.936495	1.205132	-0.701596	-28.116746	-0.014329	-2.092355	-28.150389	0.952046	-1.291686	-28.148116	0.994233	-1.313269	-27.866988	0.927789	-1.108465	-27.812900	0.984022	-1.141867	-28.153832	0.443354	-1.299339	-27.819881	0.449342	-1.129257	-28.144596	-0.127832	-1.219028	-28.121321	-0.038482	-1.260451	-27.830651	-0.032906	-1.078033	-27.772570	-0.087270	-1.159883
3295	45.765006	00:00:45:55	-27.982337	1.684729	-1.238207	-27.971543	1.625569	-1.095172	-28.097934	1.642326	-1.157395	-27.984659	1.552480	-1.206161	-27.983915	1.539284	-1.222834	-28.098445	1.531527	-1.318344	-27.848032	1.546923	-1.136373	-27.994021	1.389938	-0.997967	-27.933319	0.793414	-1.589265	-27.927224	1.207784	-0.686654	-28.092918	-0.059629	-2.065109	-27.905680	1.176149	-0.711165	-28.107381	-0.038347	-2.091004	-27.904109	1.167936	-0.698516	-28.097884	-0.034961	-2.062495	-28.161804	0.913738	-1.299571	-28.136766	0.969146	-1.326432	-27.852985	0.972585	-1.099822	-27.795785	0.950021	-1.159589	-28.149821	0.458240	-1.290186	-27.831465	0.460503	-1.139715	-28.141751	-0.053259	-1.227572	-28.131843	-0.025568	-1.292555	-27.825665	-0.045457	-1.051835	-27.832724	-0.035793	-1.140100
3296	45.778899	00:00:45:56	-27.970213	1.676019	-1.233950	-27.965714	1.628734	-1.085029	-28.048337	1.652690	-1.140255	-27.973639	1.570992	-1.200391	-28.016874	1.551580	-1.202626	-28.089999	1.569690	-1.292170	-27.826165	1.554541	-1.158365	-28.020844	1.369203	-0.992864	-27.946025	0.746602	-1.634705	-27.890292	1.197956	-0.712862	-28.068984	-0.052989	-2.071339	-27.875710	1.215955	-0.725661	-28.116151	-0.062021	-2.086974	-27.898446	1.191910	-0.710432	-28.087231	-0.032962	-2.079932	-28.156492	0.951071	-1.234977	-28.117229	1.000835	-1.296875	-27.811159	0.956678	-1.096220	-27.817727	0.961019	-1.144429	-28.143061	0.451494	-1.265739	-27.824188	0.447664	-1.093265	-28.181771	-0.122058	-1.234118	-28.113553	-0.052792	-1.293591	-27.851460	-0.089697	-1.050240	-27.789935	-0.034708	-1.139796
3297	45.792793	00:00:45:57	-27.952497	1.643921	-1.242942	-27.999679	1.629667	-1.117002	-28.061569	1.660007	-1.160531	-27.980872	1.571539	-1.200497	-28.006231	1.548695	-1.162532	-28.092303	1.542470	-1.281402	-27.830939	1.554510	-1.187234	-28.037262	1.375646	-0.988007	-27.995032	0.731576	-1.625974	-27.892056	1.225977	-0.708042	-28.074456	-0.044151	-2.065276	-27.900739	1.205301	-0.699094	-28.106000	-0.038616	-2.048484	-27.886171	1.202777	-0.674411	-28.106037	-0.041057	-2.049363	-28.177058	0.952053	-1.292003	-28.104941	0.964675	-1.330113	-27.868484	0.960304	-1.143676	-27.800222	0.974024	-1.154567	-28.130023	0.479563	-1.279444	-27.832030	0.462425	-1.084818	-28.171301	-0.061619	-1.253412	-28.155351	-0.020308	-1.280464	-27.812047	-0.073032	-1.069896	-27.779961	-0.058957	-1.152631
3298	45.806686	00:00:45:58	-27.962901	1.674170	-1.215494	-27.960111	1.656547	-1.065953	-28.062238	1.613944	-1.156105	-27.974675	1.570692	-1.234409	-27.971235	1.543545	-1.181055	-28.097896	1.539008	-1.284431	-27.857206	1.562690	-1.150111	-28.020383	1.375511	-1.010615	-27.994251	0.792791	-1.606516	-27.885767	1.182787	-0.730583	-28.067485	-0.058407	-2.068555	-27.881235	1.180349	-0.710362	-28.117482	-0.030023	-2.068736	-27.900640	1.174466	-0.720456	-28.099316	-0.078143	-2.075249	-28.135117	0.968874	-1.262149	-28.149085	0.972548	-1.303374	-27.866240	0.959289	-1.093455	-27.815342	0.988059	-1.142892	-28.145801	0.481676	-1.260851	-27.848713	0.450025	-1.089529	-28.175303	-0.046293	-1.226948	-28.111451	-0.069478	-1.311308	-27.826062	-0.053838	-1.073529	-27.798319	-0.052395	-1.151841
3299	45.820580	00:00:45:59	-27.938783	1.680722	-1.233386	-28.011400	1.656046	-1.086318	-28.081928	1.655950	-1.145283	-27.986502	1.553936	-1.219634	-28.009995	1.534465	-1.198876	-28.106708	1.583212	-1.304720	-27.846752	1.559167	-1.140962	-28.006729	1.368364	-0.997438	-27.966485	0.762419	-1.624630	-27.918906	1.211947	-0.707516	-28.099035	-0.031979	-2.091335	-27.902609	1.209010	-0.705496	-28.087628	-0.056857	-2.093199	-27.887532	1.162354	-0.694017	-28.085914	-0.044174	-2.067092	-28.149176	0.981236	-1.282729	-28.102599	1.006768	-1.312379	-27.837600	0.964707	-1.131781	-27.792964	0.966894	-1.130332	-28.153546	0.452290	-1.279141	-27.809089	0.453289	-1.124810	-28.122162	-0.089383	-1.253630	-28.107084	-0.084650	-1.313414	-27.857287	-0.056769	-1.067654	-27.820029	-0.027996	-1.099753
3300	45.834473	00:00:45:60	-27.960087	1.672115	-1.216048	-27.947655	1.650782	-1.099518	-28.099172	1.581048	-1.127713	-27.962531	1.549316	-1.250217	-28.003407	1.580862	-1.200469	-28.131843	1.539458	-1.289719	-27.886765	1.534173	-1.159823	-28.000686	1.371846	-1.013621	-27.968709	0.755569	-1.608273	-27.906854	1.193695	-0.706777	-28.093934	-0.040722	-2.069344	-27.921745	1.195372	-0.691897	-28.104045	-0.026407	-2.056852	-27.887574	1.167984	-0.703411	-28.113697	-0.043706	-2.050795	-28.182640	0.982090	-1.277624	-28.123797	0.985829	-1.315558	-27.831501	0.980097	-1.107948	-27.832641	0.958507	-1.134107	-28.111363	0.447996	-1.292825	-27.806287	0.457681	-1.124511	-28.136992	-0.062382	-1.258164	-28.113565	-0.048791	-1.311893	-27.814556	-0.062270	-1.066238	-27.807175	-0.054774	-1.146660
3301	45.848367	00:00:45:61	-27.944925	1.683626	-1.231309	-27.941527	1.626864	-1.093496	-28.061089	1.609162	-1.131925	-27.967626	1.546747	-1.198695	-27.993874	1.562005	-1.195541	-28.112988	1.568517	-1.293967	-27.842490	1.559103	-1.148003	-28.007094	1.381678	-1.024477	-27.980268	0.751904	-1.630925	-27.876417	1.237785	-0.699145	-28.095796	-0.002206	-2.056621	-27.872379	1.197127	-0.691222	-28.076890	-0.025374	-2.056612	-27.897248	1.197469	-0.742652	-28.082321	-0.059256	-2.050432	-28.174460	0.953542	-1.272155	-28.147567	0.946443	-1.327543	-27.812945	0.934603	-1.130916	-27.793893	0.993266	-1.151951	-28.135470	0.467795	-1.267684	-27.835870	0.467178	-1.092190	-28.181439	-0.043142	-1.252349	-28.157998	-0.031314	-1.292775	-27.873446	-0.075626	-1.082116	-27.820495	-0.072097	-1.133442
3302	45.862260	00:00:45:62	-27.988255	1.706390	-1.219741	-27.964280	1.647178	-1.115163	-28.056062	1.651332	-1.170057	-27.960387	1.533155	-1.239113	-27.994185	1.525351	-1.210933	-28.089477	1.551830	-1.280321	-27.885665	1.544788	-1.143897	-28.019821	1.367377	-0.948289	-27.971789	0.766701	-1.594039	-27.862199	1.235174	-0.706460	-28.098818	-0.058435	-2.076660	-27.881449	1.208205	-0.693788	-28.080086	-0.028122	-2.055631	-27.913163	1.232897	-0.722003	-28.109174	-0.032032	-2.075321	-28.155003	0.981304	-1.269527	-28.129330	0.976156	-1.344502	-27.828931	0.953438	-1.115413	-27.797837	0.949711	-1.143525	-28.152666	0.461539	-1.267705	-27.827470	0.451627	-1.104310	-28.155518	-0.097219	-1.232197	-28.144040	-0.066863	-1.317747	-27.837118	-0.041363	-1.036874	-27.805540	-0.029515	-1.099128
3303	45.876153	00:00:45:63	-27.979809	1.697087	-1.254295	-27.975974	1.651685	-1.093046	-28.104137	1.613389	-1.138338	-27.967861	1.519824	-1.212312	-27.989152	1.521732	-1.143600	-28.105896	1.558415	-1.298232	-27.861896	1.548249	-1.140951	-28.021820	1.372687	-1.015150	-27.966849	0.772930	-1.622973	-27.921917	1.217592	-0.704138	-28.136688	-0.073806	-2.075020	-27.895930	1.200677	-0.691501	-28.131266	-0.040291	-2.049932	-27.884956	1.170820	-0.724153	-28.069873	-0.067149	-2.113237	-28.152401	0.950321	-1.269460	-28.100551	1.013820	-1.335336	-27.802229	0.958162	-1.073921	-27.821757	0.943257	-1.157416	-28.120044	0.434302	-1.263245	-27.862487	0.441779	-1.122566	-28.159603	-0.060275	-1.246345	-28.132138	-0.034140	-1.288198	-27.851011	-0.039506	-1.063125	-27.810318	-0.064100	-1.133527
3304	45.890047	00:00:45:64	-27.983446	1.691589	-1.263411	-27.975894	1.647826	-1.099828	-28.066284	1.669476	-1.153020	-27.959007	1.532610	-1.208886	-27.987937	1.535179	-1.174197	-28.122664	1.563985	-1.297985	-27.851263	1.568390	-1.148920	-27.993826	1.367451	-1.000670	-27.975282	0.758901	-1.586735	-27.899803	1.204421	-0.698559	-28.088865	-0.066685	-2.102191	-27.877091	1.220577	-0.720676	-28.100973	-0.053335	-2.057290	-27.868830	1.149122	-0.699909	-28.107558	-0.034841	-2.068884	-28.169198	0.936246	-1.312291	-28.155400	0.998102	-1.305984	-27.832691	0.950505	-1.158505	-27.789740	0.960052	-1.148866	-28.126158	0.461970	-1.261191	-27.838459	0.463628	-1.144553	-28.142154	-0.057741	-1.252271	-28.099969	0.001945	-1.264701	-27.835191	-0.071325	-1.046380	-27.775830	-0.039903	-1.113700
3305	45.903940	00:00:45:65	-27.962694	1.675643	-1.225242	-27.968900	1.638696	-1.087033	-28.075390	1.616455	-1.194255	-27.969380	1.569766	-1.175892	-27.973227	1.530594	-1.202425	-28.092648	1.549002	-1.268511	-27.843602	1.569773	-1.181290	-28.025629	1.414606	-1.019900	-27.956839	0.762236	-1.612178	-27.902124	1.215315	-0.744113	-28.104325	-0.066168	-2.049811	-27.917998	1.199042	-0.695891	-28.066202	-0.027347	-2.071394	-27.897649	1.197833	-0.690001	-28.096935	-0.010119	-2.034040	-28.182790	0.968566	-1.262010	-28.130248	0.995435	-1.305252	-27.850079	0.957751	-1.115284	-27.838358	0.998112	-1.145260	-28.174226	0.458894	-1.283623	-27.859818	0.443968	-1.127626	-28.161197	-0.104902	-1.258514	-28.169225	-0.040455	-1.275189	-27.825597	-0.092595	-1.057653	-27.790805	-0.021029	-1.124695
3306	45.917834	00:00:45:66	-27.968313	1.644307	-1.249145	-27.947262	1.631264	-1.106017	-28.063503	1.634496	-1.181381	-27.972779	1.599189	-1.217173	-28.003605	1.540995	-1.157758	-28.144129	1.550032	-1.308465	-27.825013	1.542553	-1.150861	-28.028547	1.412490	-0.997616	-27.975841	0.773995	-1.600772	-27.886723	1.209312	-0.690109	-28.059265	-0.022284	-2.062028	-27.869875	1.230850	-0.699906	-28.076334	-0.043652	-2.061023	-27.901368	1.216710	-0.701296	-28.122214	-0.024684	-2.094478	-28.181190	0.980416	-1.283610	-28.165992	0.959983	-1.307948	-27.869742	0.995329	-1.110062	-27.831561	0.996090	-1.158636	-28.101386	0.465101	-1.294126	-27.782366	0.476135	-1.112934	-28.143626	-0.079583	-1.277831	-28.148731	-0.036993	-1.266091	-27.840827	-0.078180	-1.074511	-27.813487	-0.032780	-1.151646
3307	45.931727	00:00:45:67	-27.970586	1.669216	-1.244574	-27.956546	1.620713	-1.117704	-28.088361	1.608411	-1.121121	-27.973800	1.569341	-1.241375	-27.992679	1.545835	-1.178713	-28.107678	1.573868	-1.285845	-27.837963	1.553371	-1.147550	-27.978917	1.367540	-0.997138	-27.965533	0.751874	-1.645793	-27.908286	1.215518	-0.708976	-28.099705	-0.056031	-2.093246	-27.901993	1.208289	-0.699336	-28.085885	-0.031022	-2.028658	-27.898123	1.192326	-0.738288	-28.092288	-0.066255	-2.062371	-28.150562	0.955770	-1.263551	-28.118672	0.972327	-1.311226	-27.826395	0.938456	-1.119465	-27.813904	0.997892	-1.146361	-28.137771	0.476153	-1.307737	-27.782922	0.441283	-1.124255	-28.151667	-0.046679	-1.255228	-28.134832	-0.029424	-1.295703	-27.854133	-0.023019	-1.110425	-27.818261	-0.030835	-1.149704
3308	45.945621	00:00:45:68	-27.971088	1.677831	-1.233906	-27.987202	1.640827	-1.078980	-28.084982	1.623405	-1.142267	-27.979536	1.519701	-1.215460	-27.997368	1.505163	-1.218422	-28.104968	1.537100	-1.276789	-27.809589	1.558799	-1.173705	-27.989791	1.382842	-0.996084	-27.942518	0.741530	-1.585265	-27.883180	1.185446	-0.716301	-28.085793	-0.037407	-2.063152	-27.919555	1.197777	-0.666716	-28.093360	-0.057410	-2.058762	-27.894443	1.220405	-0.665145	-28.078550	-0.047330	-2.072324	-28.150784	0.975248	-1.263180	-28.172478	0.972306	-1.295603	-27.870587	0.962025	-1.097881	-27.801454	0.958694	-1.175763	-28.125821	0.461202	-1.288832	-27.830860	0.457446	-1.102571	-28.162422	-0.070720	-1.257628	-28.119048	-0.078301	-1.313407	-27.824757	-0.083387	-1.086804	-27.798969	-0.031979	-1.124961
3309	45.959514	00:00:45:69	-27.936487	1.662672	-1.228141	-27.979784	1.635517	-1.094559	-28.082548	1.624330	-1.152597	-27.989386	1.540306	-1.222822	-27.986508	1.558328	-1.188596	-28.101367	1.574567	-1.297342	-27.851069	1.579210	-1.174401	-28.034799	1.378151	-1.017056	-27.959305	0.746349	-1.611752	-27.871184	1.229398	-0.713195	-28.119464	-0.050808	-2.041712	-27.904658	1.184042	-0.711905	-28.110953	-0.048507	-2.045895	-27.909857	1.223142	-0.704803	-28.101666	-0.025780	-2.065076	-28.160858	0.955913	-1.302282	-28.150205	0.979383	-1.266285	-27.808852	0.991812	-1.104161	-27.804432	1.008529	-1.148070	-28.139578	0.452164	-1.278328	-27.808478	0.462237	-1.072267	-28.126737	-0.043045	-1.243661	-28.127093	-0.042684	-1.329685	-27.823941	-0.094761	-1.094375	-27.806635	-0.050716	-1.132863
3310	45.973408	00:00:45:70	-27.963920	1.647725	-1.196058	-27.949977	1.619036	-1.111611	-28.081812	1.634753	-1.147277	-27.966252	1.569075	-1.235893	-27.982286	1.562789	-1.185850	-28.121286	1.557909	-1.288940	-27.840998	1.548263	-1.159308	-27.980516	1.395813	-1.019806	-27.940567	0.756569	-1.616404	-27.891884	1.184505	-0.717498	-28.118634	-0.065212	-2.057664	-27.908548	1.212604	-0.729293	-28.104697	-0.045099	-2.069194	-27.913614	1.217694	-0.683871	-28.109755	-0.034089	-2.054227	-28.169399	0.902958	-1.257846	-28.147671	0.976555	-1.311100	-27.843157	0.941643	-1.144995	-27.820623	0.982895	-1.155342	-28.118480	0.457012	-1.261345	-27.851161	0.434976	-1.122164	-28.147427	-0.068473	-1.235297	-28.130399	-0.031127	-1.288573	-27.837963	-0.116039	-1.072636	-27.798546	-0.050769	-1.121564
3311	45.987301	00:00:45:71	-27.969275	1.674855	-1.220604	-27.984973	1.667676	-1.104095	-28.068229	1.638902	-1.170790	-27.977099	1.518636	-1.222072	-27.999228	1.534649	-1.193707	-28.135952	1.518162	-1.308873	-27.836478	1.523192	-1.158427	-28.003864	1.381966	-0.992762	-27.951719	0.754057	-1.626641	-27.920626	1.210842	-0.677397	-28.107795	-0.058540	-2.030405	-27.899940	1.209144	-0.702331	-28.092657	-0.056648	-2.098815	-27.886952	1.237195	-0.689171	-28.072053	-0.028324	-2.060402	-28.169471	0.975358	-1.244912	-28.136857	0.983246	-1.336097	-27.837749	0.983658	-1.097649	-27.803837	0.981595	-1.123866	-28.167639	0.449506	-1.258321	-27.816549	0.451679	-1.139821	-28.184711	-0.064244	-1.234695	-28.112928	-0.057332	-1.298567	-27.825045	-0.063834	-1.096499	-27.831892	-0.069175	-1.138101
3312	46.001194	00:00:46:00	-27.949002	1.682751	-1.227249	-27.962883	1.635183	-1.089865	-28.105301	1.638455	-1.156920	-27.982178	1.551570	-1.218191	-28.007842	1.573490	-1.200970	-28.092254	1.539859	-1.258467	-27.879782	1.545174	-1.131558	-28.017521	1.390284	-0.991684	-27.942394	0.761448	-1.620968	-27.918852	1.205624	-0.724372	-28.066903	-0.075836	-2.062550	-27.883199	1.224237	-0.709186	-28.066676	-0.030654	-2.066412	-27.900468	1.211028	-0.697923	-28.088380	-0.037594	-2.065542	-28.156511	0.968663	-1.279383	-28.169643	0.972908	-1.319526	-27.838970	0.960759	-1.079336	-27.810527	0.992376	-1.155016	-28.161235	0.453644	-1.306893	-27.827497	0.470806	-1.116354	-28.175246	-0.114199	-1.229990	-28.170627	-0.043133	-1.274865	-27.827011	-0.051219	-1.100566	-27.809974	-0.059370	-1.134973
3313	46.015088	00:00:46:01	-27.987610	1.694959	-1.213546	-27.970894	1.660012	-1.106303	-28.079024	1.634274	-1.140837	-27.975977	1.597896	-1.231418	-27.983217	1.555531	-1.187652	-28.127184	1.571916	-1.323204	-27.839432	1.543124	-1.149330	-27.998050	1.391052	-0.998627	-27.970092	0.743126	-1.594872	-27.909083	1.208640	-0.691207	-28.080074	-0.022391	-2.063858	-27.881827	1.187312	-0.692516	-28.079158	-0.052896	-2.056084	-27.896174	1.238365	-0.705968	-28.106951	-0.050707	-2.028766	-28.155156	0.957919	-1.262379	-28.144521	0.980652	-1.279253	-27.792723	0.954761	-1.115600	-27.834072	0.981471	-1.145010	-28.103289	0.446640	-1.285931	-27.826561	0.461337	-1.130238	-28.155050	-0.060774	-1.247641	-28.124767	-0.056307	-1.269631	-27.841119	-0.079509	-1.074838	-27.785335	-0.061776	-1.123824
3314	46.028981	00:00:46:02	-27.936966	1.675554	-1.234821	-27.959283	1.632498	-1.126405	-28.091906	1.666383	-1.150250	-27.975439	1.571940	-1.217387	-27.975187	1.550606	-1.178191	-28.102621	1.585799	-1.296266	-27.843426	1.538113	-1.168934	-28.026706	1.414666	-0.980030	-27.931244	0.796756	-1.636402	-27.933464	1.216661	-0.724588	-28.095997	-0.034425	-2.062390	-27.913325	1.184753	-0.712286	-28.122421	-0.034564	-2.074919	-27.904055	1.200752	-0.701673	-28.090335	-0.042848	-2.074775	-28.157956	0.964847	-1.286657	-28.162640	1.001387	-1.309285	-27.854772	0.954402	-1.104543	-27.837877	0.983959	-1.132873	-28.167277	0.461577	-1.284416	-27.835080	0.456082	-1.101778	-28.156938	-0.045090	-1.226817	-28.123307	-0.055824	-1.290784	-27.845495	-0.069154	-1.079558	-27.779161	-0.051584	-1.125656
3315	46.042875	00:00:46:03	-27.985036	1.689054	-1.226122	-27.959342	1.635592	-1.118739	-28.070926	1.637417	-1.163039	-27.991655	1.530458	-1.259897	-27.991586	1.571155	-1.178328	-28.102355	1.546366	-1.281091	-27.849107	1.595542	-1.140989	-27.992561	1.384914	-0.987473	-27.941350	0.751593	-1.598452	-27.905899	1.202646	-0.696062	-28.080320	-0.047650	-2.067809	-27.873003	1.186320	-0.693488	-28.082516	-0.042708	-2.051365	-27.909020	1.208569	-0.687979	-28.075991	-0.041550	-2.118204	-28.167383	0.965814	-1.286998	-28.163186	0.960615	-1.322111	-27.834090	0.946964	-1.080730	-27.805029	0.977834	-1.137414	-28.127126	0.453541	-1.284642	-27.823073	0.447873	-1.103772	-28.174136	-0.036875	-1.233702	-28.134076	-0.048257	-1.269050	-27.833645	-0.091362	-1.058785	-27.811944	-0.057426	-1.157709
3316	46.056768	00:00:46:04	-27.994588	1.678378	-1.242472	-27.983152	1.660098	-1.123335	-28.069957	1.616637	-1.169603	-27.989953	1.598929	-1.234752	-27.997198	1.541483	-1.199366	-28.111907	1.574978	-1.260048	-27.853391	1.571292	-1.148640	-27.988790	1.364072	-0.993378	-27.975127	0.792535	-1.598771	-27.918513	1.189489	-0.699631	-28.107616	-0.055744	-2.051901	-27.873151	1.185419	-0.699945	-28.109774	-0.052363	-2.070748	-27.906385	1.229906	-0.695819	-28.093406	-0.072757	-2.050947	-28.167694	0.984166	-1.275178	-28.164468	0.975179	-1.325300	-27.868706	0.944831	-1.113071	-27.784960	0.992599	-1.170329	-28.138897	0.457980	-1.295791	-27.847320	0.464869	-1.101788	-28.140239	-0.091689	-1.207427	-28.138666	-0.071596	-1.275896	-27.826648	-0.060667	-1.092534	-27.806566	-0.036364	-1.093086
3317	46.070662	00:00:46:05	-27.984017	1.708070	-1.225928	-27.945444	1.620822	-1.096693	-28.094522	1.652992	-1.162780	-28.010738	1.547276	-1.229780	-27.971016	1.551300	-1.196510	-28.133334	1.555722	-1.293866	-27.868130	1.565702	-1.164241	-27.980068	1.375977	-1.006671	-27.976317	0.743606	-1.595026	-27.900738	1.247683	-0.703431	-28.088983	-0.038267	-2.062612	-27.885206	1.223911	-0.655939	-28.100597	-0.033405	-2.046852	-27.895921	1.183247	-0.729998	-28.054250	-0.057064	-2.083687	-28.144970	0.932725	-1.261078	-28.130482	1.010343	-1.265327	-27.831670	0.981722	-1.085131	-27.814043	0.984071	-1.156441	-28.161686	0.450222	-1.258600	-27.850243	0.470280	-1.099313	-28.132499	-0.096848	-1.221541	-28.114796	-0.032760	-1.300471	-27.838183	-0.052981	-1.077711	-27.818411	-0.021820	-1.160575
3318	46.084555	00:00:46:06	-27.982727	1.700785	-1.208736	-27.967045	1.631756	-1.073250	-28.079916	1.633523	-1.151462	-27.953497	1.530857	-1.218255	-28.020259	1.538989	-1.175801	-28.121520	1.541690	-1.303521	-27.837453	1.545227	-1.166118	-27.994121	1.361249	-0.983969	-27.988467	0.780677	-1.624106	-27.901395	1.206880	-0.684540	-28.126416	-0.055587	-2.072720	-27.910418	1.226403	-0.686873	-28.083824	-0.021043	-2.088507	-27.903321	1.209576	-0.680522	-28.065629	-0.042386	-2.078090	-28.130157	0.951969	-1.231781	-28.120836	1.004989	-1.321057	-27.854858	0.978953	-1.075366	-27.794605	1.008346	-1.160015	-28.160987	0.472335	-1.261841	-27.828961	0.466123	-1.112614	-28.169406	-0.065432	-1.223468	-28.101628	-0.033417	-1.296118	-27.795354	-0.066730	-1.094889	-27.827982	-0.020774	-1.114257
3319	46.098449	00:00:46:07	-27.997933	1.661900	-1.216739	-27.963536	1.658102	-1.091420	-28.086088	1.638265	-1.137022	-27.975979	1.575283	-1.247570	-28.006331	1.533447	-1.169700	-28.093543	1.578388	-1.287155	-27.850616	1.579696	-1.168202	-28.000408	1.393308	-1.021417	-27.977396	0.787023	-1.610326	-27.922222	1.218442	-0.733885	-28.070628	-0.007966	-2.098305	-27.918130	1.222513	-0.686131	-28.075084	-0.064566	-2.077546	-27.902234	1.194017	-0.704508	-28.109611	-0.023630	-2.071338	-28.152314	0.959596	-1.256072	-28.144766	0.985805	-1.306807	-27.813026	0.983703	-1.104984	-27.810100	0.984652	-1.156864	-28.144044	0.460058	-1.277911	-27.842309	0.427130	-1.090217	-28.131834	-0.065817	-1.230598	-28.140438	-0.017088	-1.269337	-27.857557	-0.086209	-1.098715	-27.814950	-0.047169	-1.134752
3320	46.112342	00:00:46:08	-28.003755	1.695074	-1.245135	-27.965835	1.641542	-1.102744	-28.059354	1.633718	-1.148653	-27.983204	1.534863	-1.253751	-27.965490	1.550931	-1.163069	-28.102699	1.520697	-1.265878	-27.832811	1.566478	-1.159057	-28.008564	1.380847	-0.983576	-27.966531	0.779905	-1.623265	-27.882882	1.152301	-0.698741	-28.069287	-0.032468	-2.067943	-27.901439	1.195990	-0.711132	-28.079324	-0.028593	-2.077974	-27.931218	1.201378	-0.686538	-28.100298	-0.063853	-2.036724	-28.136810	0.974461	-1.240865	-28.118425	0.988245	-1.366810	-27.850030	0.946053	-1.111307	-27.821702	0.993007	-1.143158	-28.156205	0.470781	-1.269499	-27.848412	0.472740	-1.105453	-28.152853	-0.059072	-1.217442	-28.126604	-0.021870	-1.287224	-27.830087	-0.058704	-1.081891	-27.776187	-0.055696	-1.159108
3321	46.126235	00:00:46:09	-27.942311	1.695738	-1.254395	-27.965058	1.650939	-1.099854	-28.068478	1.632802	-1.137334	-27.992449	1.572912	-1.245730	-27.994309	1.543876	-1.188759	-28.096756	1.568355	-1.331232	-27.846146	1.539256	-1.191396	-28.009157	1.395485	-0.995969	-27.964176	0.755183	-1.626749	-27.893976	1.209338	-0.723046	-28.098017	-0.051193	-2.048546	-27.911087	1.193113	-0.688354	-28.098998	-0.078873	-2.081792	-27.894383	1.230555	-0.678075	-28.100919	-0.050412	-2.037022	-28.184107	0.980355	-1.225019	-28.161069	0.967125	-1.313211	-27.825630	0.946893	-1.098470	-27.814245	0.985613	-1.144038	-28.166000	0.486061	-1.284315	-27.792930	0.438150	-1.122351	-28.156349	-0.084100	-1.204165	-28.139515	-0.078847	-1.299445	-27.847995	-0.026194	-1.085119	-27.816377	-0.059897	-1.138850
3322	46.140129	00:00:46:10	-27.981259	1.644925	-1.247743	-27.973773	1.621795	-1.108178	-28.090173	1.641122	-1.150961	-27.973124	1.558057	-1.219791	-28.005594	1.537386	-1.182882	-28.098748	1.556444	-1.259163	-27.842329	1.538853	-1.191877	-28.005666	1.387455	-1.001119	-27.976807	0.747856	-1.572810	-27.916559	1.240167	-0.671361	-28.100765	-0.057177	-2.048053	-27.878535	1.188368	-0.726004	-28.067969	-0.043043	-2.044731	-27.916255	1.189084	-0.704349	-28.147311	-0.014942	-2.042491	-28.155705	0.974402	-1.256119	-28.120122	0.977350	-1.304847	-27.854540	0.970268	-1.082368	-27.831906	0.986693	-1.132700	-28.167722	0.456258	-1.280565	-27.811213	0.453378	-1.108749	-28.158124	-0.053939	-1.262703	-28.115200	-0.060335	-1.300669	-27.824274	-0.024610	-1.083363	-27.833015	-0.058314	-1.126187
3323	46.154022	00:00:46:11	-27.926896	1.695561	-1.239357	-27.962826	1.656350	-1.101435	-28.102549	1.609935	-1.161909	-27.976162	1.515680	-1.230583	-27.997703	1.563556	-1.191176	-28.115152	1.561756	-1.288849	-27.828679	1.546272	-1.162723	-27.999294	1.382917	-1.001054	-27.948358	0.774436	-1.584040	-27.910765	1.198058	-0.713078	-28.071309	-0.072307	-2.047823	-27.900762	1.228449	-0.717006	-28.122533	-0.066695	-2.052841	-27.891647	1.213094	-0.707030	-28.084272	-0.080534	-2.043919	-28.164763	0.965216	-1.267118	-28.150238	0.981790	-1.313000	-27.838236	0.975221	-1.092717	-27.776610	0.996033	-1.146583	-28.147292	0.462352	-1.244830	-27.838850	0.431046	-1.113361	-28.181362	-0.061070	-1.213039	-28.098671	-0.055068	-1.276422	-27.822654	-0.053412	-1.082505	-27.791822	-0.028320	-1.115145
3324	46.167916	00:00:46:12	-27.970958	1.666235	-1.272328	-27.958400	1.629127	-1.095318	-28.105427	1.608356	-1.148629	-27.960492	1.562313	-1.223450	-27.979013	1.570969	-1.179786	-28.102498	1.521058	-1.293190	-27.846108	1.564966	-1.155328	-28.008088	1.351389	-0.992458	-27.963926	0.762329	-1.627823	-27.917582	1.230662	-0.706363	-28.090650	-0.017063	-2.062550	-27.904931	1.248855	-0.686957	-28.091488	-0.035148	-2.109578	-27.915074	1.186549	-0.690876	-28.107743	-0.028197	-2.057183	-28.154229	0.991477	-1.252073	-28.114394	0.987435	-1.310961	-27.855430	0.970308	-1.107922	-27.822819	0.977494	-1.163394	-28.116505	0.475001	-1.285305	-27.837497	0.461279	-1.124818	-28.145853	-0.044848	-1.263385	-28.144531	-0.071895	-1.249578	-27.859980	-0.084371	-1.097012	-27.833374	-0.044967	-1.148567
3325	46.181809	00:00:46:13	-27.955151	1.660388	-1.195131	-27.991210	1.646140	-1.095837	-28.090064	1.632022	-1.147924	-27.955354	1.541622	-1.210708	-27.988081	1.540097	-1.183338	-28.068051	1.553862	-1.300994	-27.843170	1.559653	-1.160792	-28.013449	1.392712	-0.962901	-27.970728	0.754998	-1.606114	-27.904864	1.202040	-0.677120	-28.086257	-0.053663	-2.070690	-27.905733	1.188300	-0.705918	-28.088306	-0.066206	-2.064129	-27.898853	1.199108	-0.685838	-28.076154	-0.049163	-2.055888	-28.178635	0.985897	-1.246143	-28.116624	0.968164	-1.305688	-27.853632	0.964101	-1.096209	-27.829188	0.982765	-1.162460	-28.130652	0.444054	-1.278435	-27.819610	0.492762	-1.114061	-28.178810	-0.060940	-1.218728	-28.115952	-0.080758	-1.321279	-27.832329	-0.035016	-1.066166	-27.783732	-0.035033	-1.115435
3326	46.195703	00:00:46:14	-27.962624	1.662417	-1.254241	-27.965059	1.657237	-1.092375	-28.081219	1.646084	-1.136777	-27.970494	1.561760	-1.241016	-27.983127	1.539747	-1.197692	-28.105225	1.544424	-1.297399	-27.833377	1.534364	-1.157966	-28.004416	1.351842	-1.003973	-27.993860	0.764459	-1.589256	-27.899918	1.215271	-0.683606	-28.124850	-0.074511	-2.066957	-27.909009	1.243538	-0.673277	-28.098142	-0.069122	-2.066134	-27.882055	1.218183	-0.710278	-28.094185	-0.059320	-2.078948	-28.166715	0.957598	-1.255164	-28.157874	0.976565	-1.297578	-27.871212	0.969948	-1.067370	-27.811007	0.993928	-1.141542	-28.123829	0.454821	-1.247552	-27.811529	0.444902	-1.108106	-28.139104	-0.071752	-1.207082	-28.107816	-0.020800	-1.260178	-27.804638	-0.112452	-1.118290	-27.803860	-0.073882	-1.135212
3327	46.209596	00:00:46:15	-27.993069	1.701930	-1.230867	-27.947289	1.654260	-1.085890	-28.063619	1.616468	-1.142974	-27.971444	1.581667	-1.212431	-28.004777	1.524199	-1.181183	-28.132719	1.580594	-1.296986	-27.867352	1.547811	-1.153738	-27.999482	1.352749	-0.970208	-27.979590	0.731881	-1.588529	-27.900833	1.218600	-0.680006	-28.115578	-0.063199	-2.045084	-27.876004	1.237331	-0.688357	-28.102639	-0.036897	-2.039127	-27.926115	1.214130	-0.710236	-28.098017	-0.080137	-2.066117	-28.169701	0.956332	-1.235739	-28.128067	1.018612	-1.310161	-27.847866	0.928556	-1.107399	-27.792462	0.987029	-1.159357	-28.156299	0.468378	-1.269059	-27.829793	0.427071	-1.086566	-28.139213	-0.034211	-1.236359	-28.161282	-0.029651	-1.302628	-27.847857	-0.114826	-1.074341	-27.809603	-0.020309	-1.139951
3328	46.223490	00:00:46:16	-27.989583	1.675961	-1.245439	-27.977184	1.623634	-1.063842	-28.055252	1.666558	-1.166253	-28.021967	1.576851	-1.221107	-27.985032	1.539901	-1.210482	-28.089584	1.541967	-1.281621	-27.833099	1.529618	-1.156725	-28.025781	1.384537	-0.979140	-27.964486	0.765955	-1.593495	-27.934780	1.221901	-0.710588	-28.083413	-0.065612	-2.053947	-27.911442	1.230491	-0.705380	-28.071530	-0.046579	-2.091622	-27.904231	1.199318	-0.685903	-28.071142	-0.040038	-2.074798	-28.175735	0.963548	-1.275238	-28.100171	0.965947	-1.286951	-27.826458	0.978451	-1.096803	-27.776475	0.996073	-1.143688	-28.132563	0.456037	-1.254651	-27.825206	0.459989	-1.135206	-28.177711	-0.076255	-1.243762	-28.133982	-0.039379	-1.295125	-27.845533	-0.059015	-1.105839	-27.814373	-0.037515	-1.123088
3329	46.237383	00:00:46:17	-27.979450	1.662034	-1.198858	-27.969960	1.638304	-1.102736	-28.063795	1.631413	-1.183023	-27.958468	1.562034	-1.218629	-27.983194	1.543049	-1.216949	-28.119775	1.555127	-1.294366	-27.853231	1.567739	-1.158199	-28.006835	1.429785	-0.966813	-27.981883	0.750548	-1.595847	-27.940613	1.216156	-0.701968	-28.149883	-0.059206	-2.075390	-27.941693	1.243171	-0.703998	-28.059039	-0.079366	-2.041550	-27.928748	1.215787	-0.671604	-28.123525	-0.043308	-2.086240	-28.137061	0.987094	-1.233227	-28.114960	0.980525	-1.326974	-27.853222	0.927468	-1.123315	-27.815213	0.981432	-1.126805	-28.155188	0.448165	-1.291816	-27.818586	0.457087	-1.115320	-28.182842	-0.093875	-1.232414	-28.143068	-0.033173	-1.282451	-27.858589	-0.062148	-1.068018	-27.796362	-0.056289	-1.116093
3330	46.251276	00:00:46:18	-27.965311	1.698248	-1.249637	-27.971995	1.622999	-1.110311	-28.079388	1.639364	-1.128437	-27.987066	1.539960	-1.233268	-28.002206	1.497326	-1.191332	-28.107582	1.566087	-1.278487	-27.860087	1.556676	-1.129155	-27.990218	1.393770	-0.989543	-27.947900	0.755323	-1.625938	-27.908635	1.198512	-0.670424	-28.080615	-0.050076	-2.071621	-27.915104	1.226488	-0.694587	-28.092440	-0.034855	-2.068923	-27.898180	1.209357	-0.680546	-28.091874	-0.065824	-2.066545	-28.172655	0.955318	-1.265880	-28.135965	0.988232	-1.301972	-27.809492	0.970785	-1.069736	-27.795496	0.986783	-1.150464	-28.143348	0.447989	-1.323221	-27.790242	0.478464	-1.133949	-28.175799	-0.081672	-1.222753	-28.128025	-0.041150	-1.299638	-27.806925	-0.095853	-1.068271	-27.824412	-0.038615	-1.094118
3331	46.265170	00:00:46:19	-27.970453	1.690436	-1.236347	-27.946175	1.634903	-1.116985	-28.048913	1.629897	-1.144110	-27.978752	1.534524	-1.205635	-27.994536	1.552126	-1.189315	-28.106407	1.540944	-1.292167	-27.879575	1.546453	-1.141648	-28.033596	1.403632	-1.005121	-27.942793	0.785002	-1.587842	-27.902472	1.216933	-0.687431	-28.087131	-0.037782	-2.062357	-27.900605	1.203754	-0.679682	-28.109026	-0.067995	-2.056248	-27.894814	1.230568	-0.712932	-28.061131	-0.005221	-2.089015	-28.170504	0.960840	-1.240671	-28.131310	0.997756	-1.317800	-27.849968	0.976142	-1.111172	-27.814258	0.985123	-1.150172	-28.121987	0.466633	-1.293439	-27.819443	0.483452	-1.125505	-28.182775	-0.072605	-1.235128	-28.118960	-0.063510	-1.294570	-27.823501	-0.073591	-1.060258	-27.821337	-0.014829	-1.145546
3332	46.279063	00:00:46:20	-27.967365	1.676245	-1.242288	-27.982990	1.660001	-1.082674	-28.073578	1.634503	-1.161215	-27.980573	1.533518	-1.200411	-27.967522	1.495591	-1.177292	-28.106066	1.554619	-1.305896	-27.852663	1.550801	-1.156221	-27.995724	1.387086	-0.977904	-27.976154	0.761832	-1.597559	-27.898398	1.188000	-0.703721	-28.070241	-0.036482	-2.028703	-27.919483	1.224419	-0.661750	-28.077011	-0.060748	-2.083095	-27.902780	1.218394	-0.688126	-28.110484	-0.029480	-2.060882	-28.169761	0.968814	-1.219854	-28.118001	0.991923	-1.283952	-27.858741	0.956465	-1.091459	-27.829170	0.962102	-1.156971	-28.156477	0.430821	-1.266211	-27.829914	0.458220	-1.092172	-28.130399	-0.069328	-1.237527	-28.119090	-0.047548	-1.288645	-27.842490	-0.035266	-1.060889	-27.802228	-0.037966	-1.133669
3333	46.292957	00:00:46:21	-27.980411	1.678096	-1.232762	-27.968775	1.649707	-1.087077	-28.030782	1.641059	-1.168817	-27.993597	1.560207	-1.204468	-28.014887	1.554730	-1.162665	-28.097095	1.564704	-1.266904	-27.847893	1.578200	-1.172806	-27.996533	1.360898	-0.960133	-27.949785	0.771733	-1.616858	-27.930403	1.215088	-0.673633	-28.065442	-0.039093	-2.048853	-27.913304	1.223822	-0.683621	-28.090022	-0.064156	-2.055132	-27.886339	1.211673	-0.710992	-28.089524	-0.058419	-2.033094	-28.145747	0.966823	-1.231582	-28.109546	0.961754	-1.324624	-27.872493	0.951404	-1.104809	-27.806422	0.980189	-1.123088	-28.151106	0.445999	-1.242103	-27.869234	0.481787	-1.093861	-28.145741	-0.050532	-1.238165	-28.135484	-0.072541	-1.279554	-27.815414	-0.051582	-1.088892	-27.831926	-0.031150	-1.130258
3334	46.306850	00:00:46:22	-27.971320	1.662544	-1.252951	-27.959251	1.657478	-1.130376	-28.087414	1.661930	-1.164120	-27.969434	1.575405	-1.229904	-27.984087	1.506093	-1.204326	-28.102730	1.516157	-1.303275	-27.863162	1.573871	-1.165642	-27.984701	1.392644	-0.961046	-27.980783	0.767576	-1.587245	-27.900645	1.183599	-0.711180	-28.100823	-0.062020	-2.083500	-27.916188	1.238074	-0.708130	-28.109994	-0.072761	-2.056071	-27.897046	1.189491	-0.730693	-28.068581	-0.034594	-2.056317	-28.151506	0.951520	-1.265015	-28.118263	1.004604	-1.305894	-27.854042	0.952768	-1.137542	-27.777966	0.973875	-1.154847	-28.154828	0.456616	-1.262746	-27.840269	0.509509	-1.126311	-28.159719	-0.084078	-1.263486	-28.155076	-0.032915	-1.269468	-27.853209	-0.085401	-1.096369	-27.790661	-0.031230	-1.152999
3335	46.320744	00:00:46:23	-27.974196	1.681947	-1.192116	-27.955046	1.636237	-1.063990	-28.083772	1.627110	-1.140821	-27.954396	1.551312	-1.229330	-27.975996	1.518325	-1.183787	-28.136086	1.534208	-1.300967	-27.855146	1.561792	-1.127090	-28.018384	1.385011	-0.983426	-27.964966	0.741556	-1.568745	-27.945400	1.235369	-0.688562	-28.081713	-0.038236	-2.091973	-27.896412	1.252257	-0.695670	-28.104760	-0.041711	-2.048466	-27.902412	1.230969	-0.672998	-28.093589	-0.054055	-2.063666	-28.185108	0.969797	-1.270148	-28.145157	0.964657	-1.295392	-27.812490	0.966493	-1.110336	-27.777204	0.970039	-1.171564	-28.134683	0.468284	-1.239742	-27.800672	0.476296	-1.103338	-28.139815	-0.073087	-1.250383	-28.141794	-0.057009	-1.271450	-27.843753	-0.077874	-1.094227	-27.819419	-0.044509	-1.151834
3336	46.334637	00:00:46:24	-27.989857	1.666012	-1.245967	-27.958292	1.627653	-1.108190	-28.068718	1.620312	-1.177376	-27.948663	1.549149	-1.244873	-27.987497	1.559443	-1.198913	-28.119554	1.576353	-1.295355	-27.824967	1.580522	-1.143381	-28.036134	1.361780	-0.975305	-27.968685	0.771109	-1.600152	-27.921811	1.219841	-0.677546	-28.096624	-0.053643	-2.035468	-27.908141	1.232326	-0.692197	-28.105264	-0.035078	-2.071899	-27.893185	1.243854	-0.704940	-28.111037	-0.020025	-2.056980	-28.174022	0.955660	-1.250861	-28.139202	0.972910	-1.299124	-27.837465	0.948287	-1.084630	-27.833273	0.996671	-1.155235	-28.147821	0.464328	-1.277234	-27.806095	0.483522	-1.104957	-28.126504	-0.048907	-1.283412	-28.145519	-0.053528	-1.257892	-27.859751	-0.051502	-1.095033	-27.818651	-0.019918	-1.114698
3337	46.348531	00:00:46:25	-27.993282	1.644608	-1.218641	-27.989969	1.653222	-1.101339	-28.109668	1.649062	-1.169314	-27.975040	1.534152	-1.199312	-28.001417	1.544755	-1.157599	-28.099930	1.566732	-1.289085	-27.846043	1.585342	-1.183601	-28.020765	1.392025	-1.022722	-27.968683	0.767785	-1.612916	-27.902535	1.205779	-0.693078	-28.109575	-0.046534	-2.073090	-27.934981	1.218607	-0.692237	-28.080183	-0.061126	-2.035373	-27.904379	1.216032	-0.680929	-28.065338	-0.055929	-2.072963	-28.161902	0.985292	-1.219785	-28.128561	1.006975	-1.324449	-27.842888	0.980916	-1.114538	-27.843457	0.955393	-1.172309	-28.134429	0.454613	-1.240693	-27.830575	0.440248	-1.112192	-28.176925	-0.070383	-1.236405	-28.132021	-0.054807	-1.297553	-27.845945	-0.073253	-1.075250	-27.818965	-0.041653	-1.108121
3338	46.362424	00:00:46:26	-27.951676	1.680495	-1.232176	-27.997285	1.633138	-1.097948	-28.075842	1.626320	-1.172483	-27.975313	1.561121	-1.216670	-27.999239	1.581407	-1.195109	-28.106752	1.577479	-1.285683	-27.866732	1.567681	-1.141080	-28.004356	1.386565	-0.999866	-27.970977	0.736057	-1.586642	-27.899229	1.219932	-0.673891	-28.118052	-0.026539	-2.076439	-27.862779	1.216376	-0.669556	-28.103829	-0.043293	-2.084677	-27.930418	1.175291	-0.677551	-28.087729	-0.021926	-2.069422	-28.187956	0.983018	-1.245170	-28.140351	0.986952	-1.313650	-27.844680	0.964551	-1.053737	-27.825754	0.977439	-1.171009	-28.136295	0.459899	-1.275758	-27.838224	0.443465	-1.093969	-28.150024	-0.064802	-1.232761	-28.121946	-0.031708	-1.282912	-27.849584	-0.085217	-1.089408	-27.804211	-0.062230	-1.132817
3339	46.376317	00:00:46:27	-27.949982	1.652225	-1.239568	-27.996336	1.623127	-1.119189	-28.069611	1.617597	-1.156803	-27.982437	1.567918	-1.172672	-27.987947	1.557149	-1.168454	-28.103382	1.556914	-1.273043	-27.859353	1.576688	-1.146382	-28.033856	1.370896	-1.006067	-27.968813	0.738595	-1.630592	-27.915022	1.232027	-0.693052	-28.104013	-0.038244	-2.046806	-27.845203	1.242574	-0.677533	-28.107329	-0.037264	-2.044372	-27.909156	1.211148	-0.687151	-28.084447	-0.035427	-2.044049	-28.151090	0.955318	-1.260254	-28.167732	0.999866	-1.338079	-27.848909	0.955027	-1.128902	-27.802740	0.993434	-1.175891	-28.158400	0.443519	-1.265134	-27.804946	0.481079	-1.119163	-28.160060	-0.045198	-1.247707	-28.130764	-0.045214	-1.299323	-27.838092	-0.062413	-1.033887	-27.815963	-0.029587	-1.132442
3340	46.390211	00:00:46:28	-27.964791	1.673899	-1.247973	-27.975541	1.616093	-1.070027	-28.088588	1.652809	-1.151468	-27.978065	1.571227	-1.214684	-27.988828	1.511208	-1.177679	-28.086275	1.555344	-1.325645	-27.871086	1.532947	-1.146923	-27.995763	1.371913	-0.974918	-28.011599	0.749417	-1.583658	-27.919639	1.218442	-0.706556	-28.060542	-0.075135	-2.053442	-27.887855	1.181228	-0.702474	-28.087375	-0.083592	-2.061513	-27.891906	1.204947	-0.680343	-28.080993	-0.072815	-2.054907	-28.116054	0.939364	-1.262341	-28.131228	0.994626	-1.278276	-27.843946	0.956754	-1.085020	-27.781791	0.982907	-1.135783	-28.120866	0.443065	-1.298527	-27.834173	0.455310	-1.081308	-28.160980	-0.069049	-1.257209	-28.150859	-0.048834	-1.305337	-27.828681	-0.035439	-1.092164	-27.799156	-0.034710	-1.168298
3341	46.404104	00:00:46:29	-27.947351	1.663218	-1.209741	-27.952590	1.658505	-1.076051	-28.111599	1.634097	-1.123474	-27.989237	1.537140	-1.194358	-27.990022	1.562906	-1.161016	-28.118471	1.544989	-1.273684	-27.847513	1.554738	-1.151571	-27.991929	1.420120	-0.976217	-27.967649	0.754791	-1.621598	-27.905731	1.226194	-0.701963	-28.095769	-0.060062	-2.089100	-27.923640	1.211738	-0.685118	-28.074985	-0.068230	-2.050846	-27.881354	1.200312	-0.683452	-28.068089	-0.059704	-2.060281	-28.153063	0.954033	-1.251461	-28.141510	0.962330	-1.323125	-27.845368	0.940038	-1.076321	-27.816927	0.957312	-1.176745	-28.150537	0.457609	-1.269961	-27.830130	0.475735	-1.110411	-28.156523	-0.069051	-1.240818	-28.156606	-0.054257	-1.264596	-27.864862	-0.066391	-1.099260	-27.855915	-0.065445	-1.127704
3342	46.417998	00:00:46:30	-27.967084	1.701362	-1.219738	-27.951044	1.638218	-1.084380	-28.053435	1.608090	-1.146959	-27.976585	1.540701	-1.176844	-28.007741	1.549045	-1.181384	-28.133571	1.572689	-1.287841	-27.862870	1.545378	-1.145826	-27.982632	1.385699	-1.008007	-27.981243	0.756555	-1.610958	-27.892458	1.223494	-0.672517	-28.094861	-0.027187	-2.042730	-27.931340	1.224228	-0.663533	-28.103727	-0.044935	-2.052249	-27.891374	1.233083	-0.726459	-28.076587	-0.035299	-2.075231	-28.179628	0.939293	-1.263732	-28.152362	0.990772	-1.293834	-27.856913	0.933687	-1.085040	-27.792957	0.963073	-1.129873	-28.166432	0.434997	-1.254147	-27.839620	0.481382	-1.102562	-28.164321	-0.050960	-1.260385	-28.133827	-0.025841	-1.308227	-27.833327	-0.059661	-1.087742	-27.832138	-0.045274	-1.100865
3343	46.431891	00:00:46:31	-27.963721	1.642107	-1.241625	-27.930929	1.624043	-1.114269	-28.082817	1.649275	-1.155445	-27.955536	1.575737	-1.242248	-27.989288	1.559377	-1.188808	-28.079620	1.580978	-1.272109	-27.833973	1.557649	-1.154647	-28.017504	1.404630	-0.962254	-27.976302	0.742267	-1.622028	-27.896557	1.241624	-0.704725	-28.086839	-0.075986	-2.070206	-27.918389	1.215053	-0.706336	-28.071785	-0.053533	-2.106551	-27.907456	1.214834	-0.676765	-28.103692	-0.059724	-2.049743	-28.170124	0.940322	-1.229355	-28.148148	0.956749	-1.299100	-27.870183	0.977622	-1.116596	-27.812291	1.001424	-1.133252	-28.143771	0.476556	-1.295142	-27.825192	0.435008	-1.096802	-28.171278	-0.053717	-1.228374	-28.142408	-0.019259	-1.308348	-27.860810	-0.047578	-1.070615	-27.806554	-0.047272	-1.132912
3344	46.445785	00:00:46:32	-27.953586	1.674796	-1.236308	-27.960279	1.663296	-1.089225	-28.110320	1.639459	-1.185768	-27.955599	1.575034	-1.210454	-27.983382	1.540370	-1.184305	-28.120515	1.573738	-1.266216	-27.853241	1.556235	-1.148957	-28.028895	1.374406	-0.976831	-27.952220	0.790742	-1.634915	-27.925931	1.206664	-0.690213	-28.083919	-0.036521	-2.030290	-27.898189	1.215430	-0.702725	-28.081745	-0.048769	-2.037153	-27.881475	1.241541	-0.731900	-28.072214	-0.083453	-2.104855	-28.139697	0.917610	-1.270487	-28.144450	0.973793	-1.336284	-27.846224	0.925051	-1.117447	-27.818376	0.963759	-1.164701	-28.151767	0.442465	-1.283405	-27.790797	0.472441	-1.096355	-28.150559	-0.046220	-1.249187	-28.141332	-0.060518	-1.280463	-27.831983	-0.069316	-1.070582	-27.832470	-0.045885	-1.124860
3345	46.459678	00:00:46:33	-27.961633	1.663658	-1.286691	-27.975559	1.648098	-1.122248	-28.063448	1.612431	-1.161588	-27.971922	1.558878	-1.223324	-28.000710	1.540554	-1.158200	-28.081435	1.580690	-1.309512	-27.842734	1.559682	-1.155026	-27.979374	1.369110	-0.978859	-27.982306	0.766758	-1.606095	-27.912824	1.235213	-0.693630	-28.100523	-0.046585	-2.077304	-27.916866	1.245363	-0.709745	-28.088041	-0.049537	-2.051918	-27.873507	1.251831	-0.686081	-28.092774	-0.043966	-2.052704	-28.170754	0.961418	-1.263210	-28.130971	0.971225	-1.308127	-27.827057	0.958802	-1.066333	-27.808189	0.997612	-1.143009	-28.146291	0.434176	-1.269854	-27.834592	0.443219	-1.127974	-28.143432	-0.065456	-1.270630	-28.112804	-0.026983	-1.268036	-27.848439	-0.082789	-1.072891	-27.821773	-0.022373	-1.131820
3346	46.473572	00:00:46:34	-27.947347	1.650737	-1.253680	-27.987208	1.616985	-1.059955	-28.101359	1.650672	-1.165057	-27.969955	1.577124	-1.244254	-27.979965	1.583023	-1.181076	-28.102711	1.567468	-1.296475	-27.816237	1.564303	-1.178821	-27.997166	1.366498	-1.012501	-27.922358	0.727896	-1.587038	-27.941300	1.208359	-0.678976	-28.102854	-0.034175	-2.060698	-27.896522	1.197658	-0.712728	-28.087069	-0.066358	-2.063047	-27.927435	1.210406	-0.695257	-28.103320	-0.043043	-2.055195	-28.206789	0.968589	-1.294630	-28.129502	0.919881	-1.299444	-27.836600	0.984512	-1.064314	-27.812622	0.989823	-1.122535	-28.160995	0.466031	-1.281120	-27.838031	0.474563	-1.121074	-28.142078	-0.083763	-1.247932	-28.181260	-0.077941	-1.280708	-27.842254	-0.064234	-1.103267	-27.837897	-0.067407	-1.132175
3347	46.487465	00:00:46:35	-27.992375	1.702840	-1.248776	-27.951221	1.624718	-1.093571	-28.108499	1.641583	-1.153122	-27.966966	1.570279	-1.218236	-27.971078	1.527013	-1.200590	-28.099385	1.548315	-1.290750	-27.802094	1.567138	-1.192095	-27.999565	1.335320	-0.996965	-27.975153	0.781845	-1.587953	-27.896227	1.236050	-0.686783	-28.098897	-0.068679	-2.071253	-27.900009	1.213954	-0.665655	-28.072105	-0.035604	-2.036709	-27.934285	1.213786	-0.713509	-28.103107	-0.039562	-2.062350	-28.140090	0.979934	-1.287318	-28.129472	0.998309	-1.317704	-27.895247	0.965524	-1.094179	-27.834769	0.973219	-1.120950	-28.158678	0.492900	-1.255214	-27.828200	0.442366	-1.113254	-28.163003	-0.043606	-1.235648	-28.125858	-0.018651	-1.271293	-27.854386	-0.063102	-1.080287	-27.836557	-0.037907	-1.129432
3348	46.501358	00:00:46:36	-27.983659	1.697489	-1.241864	-27.977126	1.638126	-1.102468	-28.100132	1.606368	-1.169289	-27.967078	1.577535	-1.240192	-28.018146	1.532799	-1.218637	-28.106395	1.547667	-1.288456	-27.840616	1.518103	-1.181185	-28.007561	1.403913	-0.981443	-27.963207	0.744081	-1.614196	-27.910451	1.241419	-0.687730	-28.084832	-0.055956	-2.036377	-27.903802	1.249390	-0.715201	-28.092459	-0.065306	-2.069524	-27.885399	1.205054	-0.661372	-28.113111	-0.026979	-2.035863	-28.176229	0.946463	-1.251075	-28.134689	0.983913	-1.312380	-27.838561	0.952997	-1.114701	-27.789139	0.981976	-1.114601	-28.155148	0.463369	-1.252131	-27.809965	0.476053	-1.122960	-28.157451	-0.053365	-1.242984	-28.132329	-0.049787	-1.320365	-27.851630	-0.088362	-1.068115	-27.828525	-0.041070	-1.136764
3349	46.515252	00:00:46:37	-27.980648	1.683888	-1.235544	-27.980736	1.630067	-1.085911	-28.085078	1.652237	-1.149840	-27.986380	1.551657	-1.222752	-27.977252	1.531680	-1.169711	-28.133676	1.566233	-1.300639	-27.843028	1.545068	-1.161853	-28.004241	1.385400	-0.994039	-27.965246	0.737128	-1.616635	-27.907458	1.207056	-0.664029	-28.106713	-0.039015	-2.072858	-27.940478	1.223620	-0.668066	-28.068000	-0.034869	-2.023430	-27.907542	1.241010	-0.680759	-28.107351	-0.029733	-2.074260	-28.177341	0.993489	-1.246632	-28.153225	0.985399	-1.295457	-27.838254	0.958869	-1.091873	-27.835125	0.964095	-1.168895	-28.137562	0.479150	-1.261877	-27.805337	0.450620	-1.087941	-28.159483	-0.057809	-1.224497	-28.176380	-0.049060	-1.279787	-27.846486	-0.081196	-1.104582	-27.828091	-0.039557	-1.142527
3350	46.529145	00:00:46:38	-27.985360	1.686168	-1.230548	-27.983327	1.645603	-1.098585	-28.070707	1.650214	-1.131898	-27.966196	1.541711	-1.207136	-27.990717	1.531800	-1.189195	-28.109415	1.598527	-1.273972	-27.854316	1.543853	-1.158405	-27.987378	1.376643	-0.949995	-27.981229	0.767170	-1.598612	-27.889936	1.254535	-0.665638	-28.068407	-0.019081	-2.076286	-27.912440	1.201120	-0.685444	-28.081638	-0.074573	-2.055334	-27.899056	1.240785	-0.672469	-28.063179	-0.034397	-2.067824	-28.167064	0.982917	-1.260855	-28.139927	0.971269	-1.330763	-27.825440	0.909961	-1.106504	-27.827992	0.983750	-1.138672	-28.151349	0.453369	-1.265738	-27.822708	0.451140	-1.141798	-28.145833	-0.063469	-1.256244	-28.117508	-0.016965	-1.290606	-27.847635	-0.065400	-1.076260	-27.838423	-0.037222	-1.116115
3351	46.543039	00:00:46:39	-27.957294	1.694936	-1.200203	-27.950333	1.639709	-1.079045	-28.066307	1.637400	-1.152159	-27.993698	1.550040	-1.190066	-27.975952	1.510360	-1.171002	-28.091139	1.540422	-1.294046	-27.846478	1.561705	-1.130431	-27.992921	1.381492	-1.003812	-27.988523	0.757367	-1.608173	-27.924713	1.219441	-0.687111	-28.102921	-0.049189	-2.048660	-27.915071	1.221026	-0.680144	-28.104807	-0.065881	-2.061628	-27.895098	1.226841	-0.681053	-28.109561	-0.019206	-2.056769	-28.130201	0.946829	-1.237239	-28.138717	1.002242	-1.302028	-27.845778	0.979045	-1.097327	-27.806917	0.995764	-1.142620	-28.135534	0.462949	-1.288546	-27.827422	0.428083	-1.116436	-28.172057	-0.068777	-1.223758	-28.122575	-0.062916	-1.323937	-27.832522	-0.027389	-1.084748	-27.819139	-0.040348	-1.127615
3352	46.556932	00:00:46:40	-27.973527	1.677947	-1.234423	-27.949342	1.625473	-1.076605	-28.088557	1.626413	-1.139742	-27.986925	1.526989	-1.236161	-27.992278	1.558603	-1.161971	-28.068007	1.538936	-1.312110	-27.858866	1.553099	-1.177667	-27.996037	1.378645	-0.963667	-27.960758	0.745308	-1.647598	-27.945308	1.240235	-0.676784	-28.102926	-0.022920	-2.059382	-27.908130	1.204092	-0.667828	-28.099483	-0.041085	-2.062325	-27.917496	1.240959	-0.682519	-28.120236	-0.051009	-2.071527	-28.165990	0.965214	-1.248235	-28.108509	1.004157	-1.339344	-27.837590	0.938376	-1.091739	-27.808329	0.961547	-1.144829	-28.122976	0.437333	-1.281100	-27.839558	0.458092	-1.102717	-28.138540	-0.047651	-1.223853	-28.096349	-0.020005	-1.268602	-27.843238	-0.070449	-1.071010	-27.795929	-0.053839	-1.102298
3353	46.570826	00:00:46:41	-27.959759	1.658354	-1.218787	-27.985175	1.616268	-1.103958	-28.112253	1.650693	-1.157990	-27.979159	1.591887	-1.222767	-28.030314	1.549626	-1.184712	-28.125954	1.560683	-1.262970	-27.815643	1.565051	-1.159644	-28.011560	1.392722	-1.002877	-27.965209	0.754757	-1.592704	-27.915513	1.215495	-0.677732	-28.073449	-0.048671	-2.080150	-27.931856	1.234112	-0.693571	-28.095101	-0.047511	-2.081003	-27.912078	1.226956	-0.710591	-28.104315	-0.045907	-2.066328	-28.189031	0.967091	-1.288475	-28.116922	0.975631	-1.281437	-27.837721	0.980234	-1.102553	-27.836901	0.992799	-1.129339	-28.157198	0.459586	-1.241751	-27.806705	0.480917	-1.090238	-28.165967	-0.092175	-1.265675	-28.165873	-0.051677	-1.277338	-27.841472	-0.062050	-1.080560	-27.800063	-0.034514	-1.149795
3354	46.584719	00:00:46:42	-27.960493	1.679881	-1.268935	-27.974571	1.655203	-1.101632	-28.074267	1.654895	-1.132346	-28.005534	1.544275	-1.224218	-28.023652	1.540282	-1.190575	-28.122594	1.505068	-1.267260	-27.844204	1.543426	-1.182422	-28.022404	1.369226	-1.000017	-27.991832	0.741241	-1.598457	-27.914577	1.220387	-0.664144	-28.082036	-0.026812	-2.028241	-27.904953	1.211188	-0.687278	-28.088290	-0.079111	-2.080449	-27.939050	1.224894	-0.706296	-28.061126	-0.060268	-2.066997	-28.154517	0.963152	-1.263658	-28.150529	0.990508	-1.304214	-27.832189	0.983334	-1.076888	-27.829120	0.981000	-1.135520	-28.159022	0.454823	-1.264944	-27.828843	0.467822	-1.083817	-28.141432	-0.064116	-1.249383	-28.128859	-0.050965	-1.279035	-27.823353	-0.048801	-1.049748	-27.823384	-0.076256	-1.123506
3355	46.598613	00:00:46:43	-27.973223	1.675337	-1.219541	-27.987068	1.661982	-1.058798	-28.076277	1.623925	-1.133000	-27.974602	1.551466	-1.195100	-27.999805	1.546205	-1.232191	-28.112314	1.506600	-1.273924	-27.874582	1.550208	-1.189192	-28.021725	1.384574	-0.983491	-28.002797	0.762978	-1.606522	-27.883998	1.198843	-0.722078	-28.089666	-0.068104	-2.052985	-27.904073	1.227940	-0.684149	-28.132592	-0.072776	-2.040872	-27.896482	1.226711	-0.703713	-28.089062	-0.059299	-2.058229	-28.170364	0.944766	-1.270120	-28.119556	0.968008	-1.290626	-27.841312	0.949901	-1.098404	-27.804961	1.000851	-1.152375	-28.129295	0.453330	-1.280935	-27.814194	0.413634	-1.135171	-28.135085	-0.049433	-1.239897	-28.136231	-0.048499	-1.289735	-27.830773	-0.059127	-1.078727	-27.812493	-0.051486	-1.151164
3356	46.612506	00:00:46:44	-27.973781	1.673035	-1.230268	-27.958271	1.650440	-1.079205	-28.088961	1.630128	-1.180285	-27.984146	1.542502	-1.228643	-28.005445	1.570954	-1.152046	-28.114471	1.558534	-1.267312	-27.872409	1.540279	-1.140580	-28.005315	1.381814	-0.976220	-27.986404	0.688009	-1.594183	-27.903669	1.248949	-0.665441	-28.088646	-0.042927	-2.068971	-27.910869	1.190425	-0.686265	-28.087968	-0.055103	-2.033260	-27.918252	1.216682	-0.684650	-28.091223	-0.040384	-2.070196	-28.164923	0.958813	-1.296497	-28.100585	0.983604	-1.287021	-27.848324	0.954952	-1.107076	-27.837286	0.952005	-1.100627	-28.143343	0.448478	-1.304286	-27.848143	0.482005	-1.098117	-28.168320	-0.061784	-1.243382	-28.141926	-0.025074	-1.298106	-27.851074	-0.053130	-1.036466	-27.802336	-0.079573	-1.139382
3357	46.626399	00:00:46:45	-27.921453	1.668856	-1.232030	-27.984183	1.635402	-1.118205	-28.055880	1.644101	-1.157211	-27.964834	1.551166	-1.249317	-28.016171	1.575728	-1.156336	-28.131846	1.562114	-1.285419	-27.857240	1.543654	-1.187138	-28.004181	1.376353	-0.963079	-27.994812	0.765813	-1.625091	-27.920862	1.214409	-0.661062	-28.086062	-0.060438	-2.067511	-27.937015	1.260576	-0.682875	-28.080698	-0.044085	-2.095868	-27.924258	1.220407	-0.657609	-28.098417	-0.056876	-2.058396	-28.162359	0.992294	-1.255928	-28.128550	0.964348	-1.322744	-27.852788	0.959369	-1.090320	-27.815495	0.965378	-1.172280	-28.161066	0.465974	-1.241393	-27.835579	0.457021	-1.117485	-28.183601	-0.057044	-1.208724	-28.111248	-0.009477	-1.273446	-27.839802	-0.079459	-1.061394	-27.842480	-0.063567	-1.138190
3358	46.640293	00:00:46:46	-27.963971	1.672600	-1.232641	-27.946155	1.638349	-1.111328	-28.103117	1.656726	-1.158111	-27.950436	1.558647	-1.194082	-27.980704	1.538263	-1.185545	-28.098495	1.591453	-1.281166	-27.839699	1.573811	-1.171730	-28.021274	1.397523	-0.994678	-27.961234	0.755839	-1.614322	-27.915154	1.215879	-0.680108	-28.112470	-0.089611	-2.044864	-27.891322	1.221778	-0.665844	-28.104163	-0.048312	-2.066220	-27.908581	1.200493	-0.703372	-28.102344	-0.055637	-2.083253	-28.196287	0.943076	-1.263575	-28.098305	0.961122	-1.320858	-27.833343	0.951975	-1.109782	-27.811468	0.939079	-1.144812	-28.160879	0.472182	-1.287324	-27.817229	0.440548	-1.122437	-28.138878	-0.071196	-1.221158	-28.126214	-0.045575	-1.258378	-27.829507	-0.085348	-1.052011	-27.846450	-0.069483	-1.117689
3359	46.654186	00:00:46:47	-27.994934	1.686115	-1.262845	-27.958657	1.621575	-1.112837	-28.073407	1.653767	-1.189197	-27.968226	1.547276	-1.215129	-27.991973	1.532067	-1.201776	-28.103299	1.577545	-1.293932	-27.850236	1.552894	-1.130112	-27.998572	1.366013	-0.946788	-27.951623	0.745018	-1.626916	-27.908718	1.251517	-0.664696	-28.104701	-0.040931	-2.054666	-27.920743	1.232931	-0.684573	-28.062297	-0.014598	-2.043678	-27.918938	1.210528	-0.693218	-28.084005	-0.045882	-2.069801	-28.144548	0.937770	-1.267950	-28.105031	0.975435	-1.319548	-27.849724	0.989709	-1.105372	-27.838292	0.959298	-1.164819	-28.161080	0.461043	-1.286570	-27.822543	0.436751	-1.099396	-28.156598	-0.075898	-1.227797	-28.133014	-0.062573	-1.288208	-27.875524	-0.063603	-1.066226	-27.784342	-0.056795	-1.145558
3360	46.668080	00:00:46:48	-27.975498	1.672133	-1.253267	-27.992894	1.633697	-1.118755	-28.100060	1.650763	-1.117678	-27.990296	1.567807	-1.225665	-27.993217	1.561662	-1.195583	-28.089620	1.507799	-1.300188	-27.836035	1.539684	-1.145980	-27.998618	1.389464	-0.961244	-27.976982	0.728726	-1.605335	-27.914712	1.245324	-0.671637	-28.104683	-0.050874	-2.074961	-27.930883	1.239762	-0.722290	-28.104856	-0.043597	-2.076078	-27.911459	1.202275	-0.692762	-28.118589	-0.062084	-2.065994	-28.210652	0.958310	-1.241012	-28.102568	0.985233	-1.324058	-27.833999	0.937626	-1.123066	-27.828698	0.993595	-1.146440	-28.174950	0.447727	-1.255990	-27.823201	0.474822	-1.121093	-28.177118	-0.044227	-1.236296	-28.151937	-0.089469	-1.307018	-27.836959	-0.065749	-1.047418	-27.802783	-0.012997	-1.150120
3361	46.681973	00:00:46:49	-27.968250	1.660078	-1.213070	-27.987609	1.608916	-1.092166	-28.083283	1.683927	-1.184502	-27.989860	1.529786	-1.193015	-27.995777	1.553027	-1.188164	-28.093918	1.558952	-1.267928	-27.862306	1.561175	-1.137323	-28.010267	1.403792	-0.977928	-27.976675	0.761491	-1.624793	-27.931026	1.229162	-0.672192	-28.088654	-0.028901	-2.099263	-27.897119	1.215913	-0.710992	-28.084107	0.002023	-2.069467	-27.879741	1.224445	-0.692624	-28.093952	-0.027737	-2.068535	-28.167702	0.951498	-1.260089	-28.133750	0.973115	-1.337195	-27.826105	0.972216	-1.083829	-27.821972	0.964030	-1.144986	-28.144597	0.469753	-1.312364	-27.850499	0.446786	-1.096250	-28.146068	-0.063727	-1.251321	-28.135584	-0.056606	-1.311663	-27.837149	-0.070611	-1.085866	-27.796391	-0.050967	-1.120189
3362	46.695867	00:00:46:50	-27.956635	1.658154	-1.247892	-27.990715	1.639389	-1.110913	-28.093251	1.647221	-1.130681	-27.993688	1.551312	-1.214014	-27.981279	1.521635	-1.234843	-28.129683	1.536925	-1.292916	-27.843482	1.591778	-1.143795	-28.019823	1.407444	-0.982662	-27.979517	0.768366	-1.612530	-27.892893	1.249356	-0.675621	-28.090127	-0.054891	-2.070873	-27.889001	1.232269	-0.652100	-28.100057	-0.071183	-2.076680	-27.888630	1.248295	-0.681348	-28.138932	-0.025587	-2.082769	-28.161135	0.971603	-1.259990	-28.140034	0.986081	-1.309339	-27.839698	0.943457	-1.086839	-27.811109	0.971177	-1.154549	-28.142803	0.496577	-1.279099	-27.835922	0.438675	-1.100373	-28.153450	-0.076241	-1.263199	-28.162689	-0.042302	-1.307081	-27.870171	-0.058269	-1.070378	-27.820354	-0.064940	-1.100332
3363	46.709760	00:00:46:51	-27.954808	1.700085	-1.246319	-27.992419	1.654819	-1.088354	-28.076743	1.643664	-1.163592	-27.988367	1.553311	-1.188704	-27.950870	1.550860	-1.164235	-28.130592	1.549906	-1.278661	-27.856917	1.510343	-1.147183	-28.019942	1.400093	-0.953192	-27.966933	0.757916	-1.600744	-27.925212	1.251189	-0.707373	-28.103973	-0.037481	-2.050573	-27.900240	1.247443	-0.682670	-28.103421	-0.050872	-2.040804	-27.935393	1.207420	-0.665402	-28.098641	-0.050325	-2.045175	-28.147167	0.972878	-1.241209	-28.120744	0.971060	-1.309017	-27.854424	0.953672	-1.097043	-27.792457	0.980698	-1.115770	-28.140667	0.475383	-1.292303	-27.836119	0.468176	-1.098032	-28.128409	-0.052075	-1.256902	-28.144048	-0.022824	-1.279344	-27.849276	-0.083557	-1.071331	-27.810415	-0.068438	-1.145823
3364	46.723654	00:00:46:52	-27.972308	1.702467	-1.230417	-27.946749	1.647083	-1.099424	-28.066942	1.630560	-1.160498	-27.985128	1.550919	-1.249567	-27.991696	1.563553	-1.197869	-28.118265	1.530238	-1.275485	-27.823172	1.555789	-1.162074	-28.024711	1.373431	-0.967651	-27.954454	0.766100	-1.615212	-27.932184	1.224197	-0.675850	-28.117281	0.004907	-2.065249	-27.934943	1.226756	-0.675827	-28.088970	-0.047195	-2.065120	-27.900090	1.236207	-0.696599	-28.099704	-0.040139	-2.050979	-28.157477	0.972216	-1.276307	-28.134151	0.987523	-1.309872	-27.852722	0.985964	-1.116537	-27.827972	1.008929	-1.138741	-28.139571	0.475278	-1.288994	-27.817018	0.461916	-1.134114	-28.164057	-0.055925	-1.240417	-28.149845	-0.047551	-1.284006	-27.788061	-0.057026	-1.052094	-27.785796	-0.063123	-1.106289
3365	46.737547	00:00:46:53	-28.006087	1.687093	-1.225014	-27.965813	1.660730	-1.132566	-28.056837	1.663210	-1.145065	-27.959930	1.541451	-1.222380	-27.972576	1.508481	-1.225084	-28.116716	1.550536	-1.265434	-27.885842	1.552798	-1.155207	-28.014169	1.401942	-0.974249	-27.981493	0.783084	-1.588083	-27.927124	1.221328	-0.681117	-28.101089	-0.047706	-2.058410	-27.901525	1.243735	-0.681108	-28.089951	-0.053029	-2.050714	-27.885741	1.248577	-0.708434	-28.096920	-0.047075	-2.053430	-28.171217	0.972027	-1.259346	-28.148943	0.961752	-1.288838	-27.857211	0.972453	-1.102972	-27.784197	0.986654	-1.137689	-28.147433	0.450106	-1.263094	-27.836444	0.428774	-1.121149	-28.139927	-0.060051	-1.239798	-28.113393	-0.044963	-1.292497	-27.889889	-0.080960	-1.089469	-27.794848	-0.032325	-1.095715
3366	46.751440	00:00:46:54	-27.972858	1.651580	-1.227703	-27.971982	1.619915	-1.110955	-28.080982	1.623524	-1.160410	-27.974423	1.534503	-1.227179	-28.017656	1.547190	-1.211330	-28.104752	1.590305	-1.270972	-27.850587	1.548337	-1.185369	-27.987655	1.416044	-0.991570	-27.925207	0.761262	-1.591068	-27.912753	1.256083	-0.675906	-28.098525	-0.057323	-2.101237	-27.921674	1.235986	-0.705738	-28.113931	-0.039245	-2.077108	-27.910384	1.231891	-0.698557	-28.096124	-0.043026	-2.059566	-28.158754	0.966870	-1.227919	-28.119618	0.975767	-1.315159	-27.882064	0.954846	-1.086169	-27.825076	0.980535	-1.111682	-28.165901	0.470025	-1.277329	-27.841012	0.453218	-1.130653	-28.166916	-0.084169	-1.256426	-28.151986	-0.025005	-1.310297	-27.859150	-0.050888	-1.060831	-27.808442	-0.037160	-1.118598
3367	46.765334	00:00:46:55	-27.952773	1.657290	-1.225731	-27.967042	1.629597	-1.132094	-28.097947	1.612171	-1.128054	-27.969856	1.547397	-1.199414	-27.984782	1.561156	-1.168637	-28.122218	1.572490	-1.286916	-27.842839	1.570528	-1.176679	-28.013166	1.402762	-0.964903	-27.985826	0.729208	-1.609605	-27.939697	1.241018	-0.685262	-28.101348	-0.032814	-2.083483	-27.908188	1.254115	-0.675981	-28.103383	-0.037984	-2.079480	-27.909259	1.204499	-0.694218	-28.087042	-0.029265	-2.061597	-28.125234	0.957604	-1.264369	-28.126334	0.962881	-1.286225	-27.829362	0.958577	-1.100561	-27.848192	0.988752	-1.150161	-28.160709	0.465327	-1.272847	-27.841807	0.455270	-1.126143	-28.137167	-0.065355	-1.251633	-28.131300	-0.021953	-1.267328	-27.858893	-0.066573	-1.050945	-27.804905	-0.051372	-1.132426
3368	46.779227	00:00:46:56	-27.985709	1.672623	-1.209234	-27.969752	1.643390	-1.050037	-28.097839	1.631496	-1.144226	-27.983558	1.570286	-1.186304	-28.011176	1.526948	-1.144404	-28.115264	1.560118	-1.252568	-27.834187	1.566053	-1.143635	-27.987951	1.398915	-0.993061	-27.966017	0.732205	-1.609168	-27.916796	1.214797	-0.674870	-28.114840	-0.024843	-2.087760	-27.895746	1.253772	-0.669645	-28.105783	-0.047729	-2.079342	-27.908695	1.243682	-0.680992	-28.081071	-0.061987	-2.033002	-28.146597	0.973130	-1.256764	-28.103535	0.979763	-1.307205	-27.861001	0.978019	-1.104947	-27.827833	0.960435	-1.150611	-28.156115	0.466432	-1.266015	-27.812280	0.466069	-1.121502	-28.171880	-0.108618	-1.225513	-28.125496	-0.039226	-1.302015	-27.822171	-0.042057	-1.094442	-27.822369	-0.071874	-1.131862
3369	46.793121	00:00:46:57	-27.960918	1.667765	-1.211927	-27.974681	1.652648	-1.079394	-28.097553	1.652671	-1.152895	-27.995023	1.521025	-1.197573	-27.988872	1.553739	-1.164744	-28.126931	1.521161	-1.258836	-27.845065	1.561033	-1.143897	-28.027241	1.401196	-0.968635	-27.985139	0.753799	-1.625570	-27.913346	1.231409	-0.643060	-28.119000	-0.045649	-2.088938	-27.910954	1.227740	-0.689993	-28.087126	-0.022902	-2.035286	-27.899471	1.221469	-0.693653	-28.114975	-0.037994	-2.093832	-28.135420	0.953291	-1.234078	-28.161727	0.955743	-1.299471	-27.846233	0.959787	-1.119423	-27.859847	0.992906	-1.182535	-28.167842	0.476744	-1.291937	-27.847315	0.458876	-1.106166	-28.163352	-0.094476	-1.242773	-28.135290	-0.038681	-1.300214	-27.859969	-0.015323	-1.113241	-27.806093	-0.085023	-1.131668
3370	46.807014	00:00:46:58	-27.963409	1.683078	-1.234510	-27.970820	1.633522	-1.109021	-28.068347	1.625351	-1.155403	-27.978269	1.551569	-1.226623	-27.992277	1.538058	-1.171794	-28.115649	1.561448	-1.309139	-27.865421	1.553938	-1.160930	-28.008112	1.373441	-0.982498	-27.976704	0.729578	-1.578592	-27.905552	1.231917	-0.720433	-28.082322	-0.007291	-2.054867	-27.906921	1.223138	-0.666002	-28.069145	-0.044686	-2.077689	-27.924144	1.180956	-0.682740	-28.082086	-0.038730	-2.065730	-28.173088	0.935307	-1.244529	-28.120312	0.975958	-1.319777	-27.866967	0.962920	-1.104848	-27.805819	0.986259	-1.146439	-28.136310	0.475245	-1.269507	-27.821457	0.446266	-1.113844	-28.145450	-0.070052	-1.252842	-28.134981	-0.048116	-1.273585	-27.836936	-0.019132	-1.074197	-27.815142	-0.032180	-1.125139
3371	46.820908	00:00:46:59	-27.965561	1.645954	-1.227051	-27.944470	1.686523	-1.097639	-28.087698	1.656397	-1.194532	-27.977117	1.541274	-1.235752	-28.018006	1.561195	-1.158382	-28.089550	1.558250	-1.293572	-27.846271	1.542121	-1.135277	-27.992760	1.371413	-0.991551	-28.005597	0.768459	-1.625385	-27.911264	1.207617	-0.686930	-28.059366	-0.051683	-2.084357	-27.912836	1.253681	-0.671143	-28.133761	-0.059403	-2.051094	-27.908333	1.226858	-0.676154	-28.094454	-0.062149	-2.080833	-28.190544	0.970329	-1.265110	-28.121241	1.012782	-1.282354	-27.817374	0.950095	-1.100920	-27.810134	0.947142	-1.138541	-28.157467	0.460053	-1.259857	-27.828383	0.422741	-1.110612	-28.172935	-0.060896	-1.215904	-28.114053	-0.010069	-1.265111	-27.813861	-0.100769	-1.056310	-27.804123	-0.052647	-1.132754
3372	46.834801	00:00:46:60	-27.985372	1.659066	-1.247668	-27.947972	1.641551	-1.101159	-28.083246	1.619842	-1.153783	-27.969326	1.546270	-1.240911	-27.967940	1.512899	-1.186169	-28.103491	1.567131	-1.291899	-27.865012	1.544901	-1.167763	-28.044952	1.392442	-0.989377	-27.967549	0.786545	-1.587908	-27.905345	1.245792	-0.689189	-28.064946	-0.024727	-2.053663	-27.923784	1.226807	-0.676693	-28.083420	-0.047608	-2.077165	-27.962141	1.241585	-0.697406	-28.092995	-0.046579	-2.053042	-28.166146	0.953977	-1.270312	-28.159042	0.949376	-1.303054	-27.850911	0.933452	-1.110922	-27.825513	0.982296	-1.118824	-28.155186	0.450180	-1.287852	-27.826376	0.462717	-1.111138	-28.179753	-0.071159	-1.237885	-28.141225	-0.042101	-1.257003	-27.852206	-0.061521	-1.110720	-27.797706	-0.041047	-1.139654
3373	46.848695	00:00:46:61	-27.984065	1.689027	-1.240656	-27.984415	1.622888	-1.110316	-28.091081	1.638962	-1.155683	-28.016979	1.534629	-1.216180	-28.031011	1.560246	-1.171883	-28.099768	1.540384	-1.297653	-27.849904	1.570371	-1.140770	-28.035651	1.365766	-0.974928	-27.957681	0.763462	-1.631406	-27.919099	1.205050	-0.672706	-28.109593	-0.027473	-2.072543	-27.928277	1.239280	-0.668474	-28.118215	-0.057836	-2.078772	-27.866570	1.237190	-0.653218	-28.110226	-0.051638	-2.054385	-28.169776	0.932394	-1.278628	-28.122572	0.955323	-1.297481	-27.834065	0.971565	-1.080916	-27.795911	0.982128	-1.139801	-28.114032	0.412109	-1.289118	-27.828391	0.494321	-1.120967	-28.149776	-0.075568	-1.216331	-28.130095	-0.047080	-1.270395	-27.852252	-0.050510	-1.065696	-27.838117	-0.049620	-1.109916
3374	46.862588	00:00:46:62	-27.961546	1.664509	-1.237156	-27.948882	1.644940	-1.089021	-28.122880	1.647223	-1.127773	-27.987082	1.532933	-1.215127	-28.006379	1.551701	-1.186120	-28.093159	1.564992	-1.283471	-27.845729	1.565686	-1.172554	-28.018061	1.371768	-0.958318	-27.955940	0.754988	-1.609037	-27.933968	1.231722	-0.687603	-28.133054	-0.035940	-2.050370	-27.921735	1.240217	-0.655092	-28.079390	-0.060801	-2.056604	-27.907477	1.240624	-0.657492	-28.088255	-0.032043	-2.065372	-28.169050	0.931290	-1.234803	-28.133572	0.994405	-1.328620	-27.802279	0.969294	-1.133996	-27.806376	0.967930	-1.159455	-28.162886	0.452349	-1.283636	-27.805782	0.465377	-1.111080	-28.193467	-0.085645	-1.222851	-28.168998	-0.043545	-1.307898	-27.894015	-0.084270	-1.094184	-27.790497	-0.041589	-1.128502
3375	46.876481	00:00:46:63	-27.984628	1.692235	-1.222311	-28.004454	1.625638	-1.117063	-28.046821	1.619421	-1.126045	-27.979299	1.560411	-1.208980	-27.991297	1.556392	-1.151148	-28.146849	1.563939	-1.291822	-27.832369	1.545311	-1.152791	-28.022942	1.356329	-0.972290	-27.998791	0.770909	-1.611073	-27.885373	1.215656	-0.624924	-28.083717	-0.022685	-2.080313	-27.896213	1.250601	-0.668798	-28.119780	-0.043898	-2.052249	-27.893473	1.234119	-0.656555	-28.070684	-0.050936	-2.056782	-28.185566	1.007851	-1.245164	-28.153580	0.962960	-1.316149	-27.860107	0.974001	-1.127151	-27.805685	0.987806	-1.136562	-28.158895	0.469444	-1.289724	-27.857650	0.439829	-1.090510	-28.163899	-0.076578	-1.212840	-28.144716	-0.035249	-1.263324	-27.832670	-0.093827	-1.055803	-27.805372	-0.041466	-1.154826
3376	46.890375	00:00:46:64	-27.950154	1.650484	-1.250058	-27.961849	1.652334	-1.059592	-28.073324	1.633143	-1.144432	-27.965355	1.561185	-1.207222	-27.994536	1.531966	-1.197159	-28.139288	1.546473	-1.266798	-27.817156	1.528266	-1.171350	-28.028086	1.375633	-1.001313	-27.958470	0.752378	-1.584372	-27.923406	1.212379	-0.661949	-28.098553	-0.057386	-2.087965	-27.919911	1.254243	-0.677857	-28.140974	-0.023521	-2.043863	-27.918873	1.228334	-0.656295	-28.093534	-0.043621	-2.064082	-28.156930	0.931185	-1.226828	-28.155438	0.984981	-1.313635	-27.823331	0.958296	-1.122696	-27.813321	0.983177	-1.147404	-28.127886	0.443422	-1.259875	-27.835533	0.502679	-1.084260	-28.161181	-0.078635	-1.228675	-28.085492	-0.039691	-1.289453	-27.851885	-0.045626	-1.062633	-27.796999	-0.050175	-1.133763
3377	46.904268	00:00:46:65	-27.978562	1.627357	-1.202405	-27.990408	1.649846	-1.066247	-28.045141	1.653992	-1.152831	-27.972879	1.538920	-1.208999	-27.978395	1.527152	-1.178159	-28.106180	1.562113	-1.282634	-27.852564	1.565589	-1.158433	-28.018116	1.405809	-0.993405	-27.943661	0.761001	-1.615574	-27.923208	1.267310	-0.698663	-28.121657	-0.068963	-2.036163	-27.943391	1.253621	-0.659404	-28.086171	-0.048107	-2.078914	-27.886429	1.232489	-0.650666	-28.115491	-0.038897	-2.058103	-28.153263	0.974351	-1.233206	-28.160007	0.966820	-1.324168	-27.833517	0.964107	-1.092490	-27.814558	0.968876	-1.173740	-28.156092	0.473456	-1.271734	-27.850570	0.465709	-1.077046	-28.147874	-0.067118	-1.229776	-28.175587	-0.065370	-1.263291	-27.852186	-0.065395	-1.047536	-27.836900	-0.029299	-1.066628
3378	46.918162	00:00:46:66	-27.986602	1.679447	-1.246539	-27.963559	1.632871	-1.076001	-28.073130	1.643849	-1.148474	-27.962155	1.556562	-1.222115	-27.982278	1.558514	-1.193281	-28.115262	1.549519	-1.296621	-27.851157	1.507646	-1.144400	-28.029676	1.380356	-0.965623	-27.999934	0.748521	-1.587700	-27.855095	1.262220	-0.666104	-28.114770	-0.055898	-2.064416	-27.937096	1.260491	-0.652358	-28.132354	-0.028166	-2.052516	-27.885506	1.241816	-0.694294	-28.123179	-0.048135	-2.017935	-28.150388	0.980285	-1.252076	-28.124829	1.019002	-1.301378	-27.858622	0.954135	-1.121018	-27.811399	0.986238	-1.127725	-28.123267	0.456823	-1.270937	-27.829281	0.457947	-1.102329	-28.125911	-0.071952	-1.249282	-28.119454	-0.061283	-1.275694	-27.855070	-0.056872	-1.095586	-27.803927	-0.052824	-1.158622
3379	46.932055	00:00:46:67	-27.970901	1.653145	-1.251564	-27.924454	1.652726	-1.100567	-28.070858	1.611458	-1.156122	-27.979518	1.572216	-1.207726	-28.006119	1.536784	-1.187266	-28.138596	1.554284	-1.252746	-27.867404	1.515947	-1.159782	-28.018770	1.395142	-0.959738	-27.942608	0.765207	-1.582730	-27.911908	1.243937	-0.679568	-28.072553	-0.044537	-2.046537	-27.947186	1.248878	-0.686431	-28.089907	-0.045372	-2.081305	-27.886945	1.231192	-0.683437	-28.081319	-0.053258	-2.065181	-28.142734	0.964667	-1.236943	-28.141842	0.995295	-1.278179	-27.845686	0.971411	-1.069578	-27.821583	0.975949	-1.135358	-28.166744	0.479399	-1.286377	-27.836967	0.449815	-1.123782	-28.150491	-0.080255	-1.241120	-28.152720	-0.036090	-1.289832	-27.850725	-0.071208	-1.063639	-27.805223	-0.059337	-1.126866
3380	46.945949	00:00:46:68	-27.980431	1.666492	-1.217907	-27.967537	1.663366	-1.099427	-28.076109	1.624837	-1.147659	-27.981402	1.574411	-1.210296	-27.987772	1.532082	-1.183886	-28.084192	1.533455	-1.277558	-27.843676	1.521062	-1.155699	-28.003854	1.368827	-0.982095	-27.956228	0.755655	-1.574425	-27.909541	1.266506	-0.662486	-28.112233	-0.025674	-2.020496	-27.906861	1.245399	-0.678254	-28.084076	-0.022644	-2.059368	-27.897047	1.270228	-0.666751	-28.112079	-0.054888	-2.057794	-28.166188	0.950342	-1.231296	-28.093392	0.965784	-1.313078	-27.839810	0.946125	-1.072104	-27.804637	0.973714	-1.131686	-28.126314	0.443772	-1.236800	-27.839309	0.462711	-1.111698	-28.174715	-0.055466	-1.250362	-28.129183	-0.052993	-1.271251	-27.844725	-0.058954	-1.046729	-27.781984	-0.064316	-1.131092
3381	46.959842	00:00:46:69	-27.986476	1.708064	-1.240532	-27.949949	1.661850	-1.091468	-28.076545	1.646976	-1.159416	-27.977668	1.570981	-1.225495	-27.982248	1.533625	-1.172001	-28.126042	1.563454	-1.260695	-27.839291	1.566758	-1.149927	-28.013801	1.400069	-0.966536	-27.951810	0.727410	-1.618170	-27.932004	1.218004	-0.630493	-28.123087	-0.061692	-2.069885	-27.913923	1.230714	-0.637922	-28.105700	-0.028495	-2.073917	-27.918444	1.239023	-0.684258	-28.098867	-0.019285	-2.063005	-28.174416	0.975986	-1.229774	-28.139236	0.993047	-1.315620	-27.822452	0.943312	-1.083835	-27.845760	0.984402	-1.166106	-28.132527	0.483153	-1.257147	-27.845088	0.462565	-1.090222	-28.145647	-0.065667	-1.265205	-28.145826	-0.056579	-1.294078	-27.829660	-0.080354	-1.078764	-27.811865	-0.052252	-1.169401
3382	46.973736	00:00:46:70	-27.994804	1.697652	-1.240024	-27.964251	1.655980	-1.100360	-28.093820	1.638223	-1.132478	-27.980637	1.536276	-1.202634	-28.003654	1.511042	-1.167853	-28.101899	1.548418	-1.261257	-27.832459	1.526710	-1.174267	-28.004092	1.412846	-1.000562	-28.005840	0.780878	-1.631285	-27.915544	1.246717	-0.663831	-28.083497	-0.049066	-2.058423	-27.912665	1.278932	-0.678952	-28.084108	-0.040647	-2.037565	-27.934175	1.272587	-0.668195	-28.087262	-0.045717	-2.044195	-28.174130	0.991958	-1.259539	-28.102239	1.017731	-1.295671	-27.844625	0.936686	-1.093215	-27.786448	0.967037	-1.135129	-28.130781	0.399468	-1.270718	-27.837959	0.407504	-1.094140	-28.168424	-0.078476	-1.201645	-28.108294	-0.056648	-1.286959	-27.853414	-0.040611	-1.053356	-27.824815	-0.067102	-1.094135
3383	46.987629	00:00:46:71	-27.961347	1.652882	-1.229367	-27.984720	1.608871	-1.089636	-28.071255	1.644322	-1.152643	-28.013634	1.552873	-1.224581	-28.019739	1.586099	-1.178302	-28.138408	1.561617	-1.280695	-27.888555	1.575967	-1.111725	-28.033012	1.402287	-0.996313	-27.963120	0.761396	-1.635085	-27.917080	1.240606	-0.673500	-28.127062	-0.032591	-2.070472	-27.911364	1.228088	-0.655766	-28.102397	-0.059215	-2.066420	-27.919494	1.233992	-0.649035	-28.127048	-0.059561	-2.045380	-28.143581	0.944483	-1.278135	-28.110256	0.982357	-1.324124	-27.854505	0.984176	-1.114163	-27.811267	0.959169	-1.117073	-28.111952	0.461464	-1.238277	-27.816979	0.478566	-1.120765	-28.161396	-0.061362	-1.232369	-28.136467	-0.063841	-1.282101	-27.874500	-0.050758	-1.077201	-27.834115	-0.032460	-1.122012
3384	47.001522	00:00:47:00	-27.943020	1.696493	-1.237730	-27.930737	1.624077	-1.098249	-28.069291	1.670593	-1.161385	-27.999789	1.573920	-1.221410	-27.973677	1.556719	-1.170478	-28.103693	1.565541	-1.293729	-27.855480	1.572738	-1.158473	-27.997321	1.365432	-0.946918	-27.976817	0.753581	-1.617423	-27.938244	1.265847	-0.658844	-28.088754	-0.032349	-2.041386	-27.897121	1.245146	-0.694391	-28.123836	-0.035857	-2.070036	-27.945880	1.236968	-0.649510	-28.095781	-0.061587	-2.098960	-28.181902	0.965128	-1.250069	-28.143267	0.977258	-1.315204	-27.826819	0.967221	-1.123303	-27.820563	0.940599	-1.117797	-28.157487	0.460942	-1.250233	-27.841852	0.478091	-1.144052	-28.182673	-0.053085	-1.270767	-28.152818	-0.039130	-1.277509	-27.825973	-0.060012	-1.045272	-27.820345	-0.075076	-1.136047
3385	47.015416	00:00:47:01	-27.955013	1.668702	-1.221395	-27.962702	1.659448	-1.114633	-28.110943	1.619568	-1.169383	-27.984518	1.548874	-1.211496	-27.997453	1.542591	-1.202801	-28.128304	1.569168	-1.280483	-27.853273	1.557404	-1.153207	-28.025345	1.388401	-0.978084	-27.981075	0.764985	-1.600448	-27.902810	1.228962	-0.665644	-28.099584	-0.053842	-2.079039	-27.927212	1.240598	-0.653235	-28.117488	-0.047149	-2.082284	-27.923280	1.214985	-0.661575	-28.062413	-0.011418	-2.064692	-28.152737	0.956328	-1.290458	-28.134200	1.000378	-1.333259	-27.861352	0.935547	-1.106559	-27.793819	0.990509	-1.130594	-28.166720	0.459669	-1.264574	-27.825965	0.454543	-1.106942	-28.167527	-0.060407	-1.219943	-28.152767	-0.032308	-1.300295	-27.845068	-0.089093	-1.083616	-27.814459	-0.047794	-1.123324
3386	47.029309	00:00:47:02	-27.977071	1.685747	-1.263938	-27.950324	1.664722	-1.102659	-28.116549	1.627466	-1.126992	-27.963985	1.562187	-1.188980	-28.005873	1.548002	-1.176547	-28.117084	1.552761	-1.256105	-27.825348	1.533935	-1.183982	-28.006228	1.431464	-0.958298	-27.993026	0.726949	-1.587494	-27.924354	1.249766	-0.650110	-28.077325	-0.032676	-2.072978	-27.924909	1.258979	-0.653010	-28.066775	-0.087858	-2.086275	-27.903161	1.267782	-0.629989	-28.075401	-0.052238	-2.080960	-28.147651	0.941355	-1.240558	-28.162851	0.997780	-1.310830	-27.799386	0.930870	-1.055686	-27.811850	0.970002	-1.108770	-28.157513	0.452358	-1.273893	-27.812455	0.449226	-1.108613	-28.134390	-0.068954	-1.244021	-28.147672	-0.055914	-1.293033	-27.815385	-0.059940	-1.077945	-27.777139	-0.043338	-1.122345
3387	47.043203	00:00:47:03	-27.938421	1.642776	-1.262980	-27.955219	1.657255	-1.094230	-28.066508	1.657305	-1.141057	-27.982395	1.535612	-1.205989	-28.017702	1.506883	-1.115986	-28.073436	1.559603	-1.287784	-27.840456	1.559416	-1.156384	-28.018941	1.380736	-0.996041	-27.960849	0.754102	-1.556786	-27.918425	1.239430	-0.669014	-28.077419	-0.068770	-2.056018	-27.944962	1.242168	-0.657085	-28.096771	-0.032408	-2.091050	-27.863732	1.240556	-0.656483	-28.076881	-0.027849	-2.048657	-28.189054	0.976528	-1.266377	-28.109312	1.007860	-1.304233	-27.828384	1.003545	-1.094632	-27.813871	0.971891	-1.127186	-28.169207	0.484187	-1.258598	-27.831623	0.455098	-1.122211	-28.160322	-0.084068	-1.234123	-28.132679	-0.063738	-1.266460	-27.817997	-0.089304	-1.069559	-27.810045	-0.068294	-1.144365
3388	47.057096	00:00:47:04	-27.959485	1.650163	-1.235287	-27.957711	1.654057	-1.095885	-28.054022	1.645244	-1.149146	-27.955144	1.538408	-1.217642	-28.011315	1.532123	-1.196299	-28.086682	1.538913	-1.292981	-27.857889	1.552099	-1.172547	-28.031060	1.411270	-0.995682	-27.966787	0.768582	-1.639156	-27.898370	1.257679	-0.665435	-28.081512	-0.070380	-2.047676	-27.918676	1.220411	-0.667564	-28.089199	-0.029412	-2.093419	-27.915409	1.243293	-0.669824	-28.125793	-0.078967	-2.043347	-28.166261	0.964980	-1.240790	-28.122289	0.988563	-1.324148	-27.844552	0.995167	-1.112085	-27.829939	0.974633	-1.161456	-28.148814	0.449424	-1.286575	-27.842065	0.431739	-1.122678	-28.184892	-0.094514	-1.228268	-28.122431	-0.026363	-1.273480	-27.870364	-0.076104	-1.083789	-27.815838	-0.021638	-1.101545
3389	47.070990	00:00:47:05	-27.984174	1.675346	-1.227267	-27.981041	1.670000	-1.075747	-28.093837	1.647452	-1.148128	-27.991198	1.526124	-1.189930	-28.022881	1.547329	-1.192875	-28.110506	1.556265	-1.265650	-27.856409	1.562029	-1.143584	-28.014497	1.376307	-0.978859	-27.951630	0.742244	-1.601832	-27.938608	1.258721	-0.668225	-28.094560	-0.058886	-2.072367	-27.916487	1.246630	-0.630199	-28.081188	-0.044809	-2.077087	-27.911326	1.239206	-0.649412	-28.091835	-0.063404	-2.056936	-28.148210	0.949545	-1.261414	-28.166417	0.961889	-1.315079	-27.841911	0.988068	-1.080068	-27.838789	0.987945	-1.146719	-28.144211	0.454322	-1.291803	-27.806902	0.446615	-1.114809	-28.160200	-0.046935	-1.241017	-28.139392	-0.081493	-1.261345	-27.844570	-0.052925	-1.086731	-27.808778	-0.046968	-1.080449
3390	47.084883	00:00:47:06	-27.974837	1.671634	-1.216155	-27.996431	1.655921	-1.128686	-28.099932	1.659312	-1.132980	-27.977157	1.555088	-1.198061	-27.987422	1.547369	-1.187361	-28.113715	1.576201	-1.288122	-27.852166	1.559146	-1.140862	-28.018898	1.373027	-0.974403	-27.984595	0.710192	-1.598123	-27.904874	1.251540	-0.665028	-28.095565	-0.049866	-2.047866	-27.954973	1.260254	-0.636335	-28.089359	-0.057514	-2.088416	-27.924393	1.252255	-0.664456	-28.127280	-0.031201	-2.051732	-28.146492	0.955110	-1.236397	-28.109645	0.959109	-1.324674	-27.806051	0.954116	-1.095173	-27.837526	0.963306	-1.155932	-28.163209	0.436224	-1.271398	-27.818646	0.459901	-1.099105	-28.146568	-0.050589	-1.211942	-28.110733	-0.049576	-1.323166	-27.821970	-0.092420	-1.079458	-27.820582	-0.018012	-1.116047
3391	47.098777	00:00:47:07	-27.985805	1.682764	-1.229475	-27.930008	1.618894	-1.077028	-28.070586	1.619158	-1.163357	-27.987061	1.547151	-1.243270	-27.990344	1.536649	-1.183304	-28.108216	1.552703	-1.252181	-27.826881	1.582844	-1.172443	-28.025522	1.393221	-1.000559	-27.980977	0.737647	-1.587366	-27.940026	1.274799	-0.662683	-28.110401	-0.039530	-2.049598	-27.935793	1.217570	-0.695583	-28.160318	-0.046431	-2.076407	-27.944426	1.249061	-0.664866	-28.093086	-0.044604	-2.042111	-28.150115	0.989835	-1.253542	-28.122965	0.986096	-1.306761	-27.846145	0.972577	-1.121651	-27.826812	0.995677	-1.134442	-28.200577	0.456235	-1.258433	-27.829178	0.455311	-1.128405	-28.160172	-0.066710	-1.236882	-28.137544	-0.046913	-1.285270	-27.853419	-0.027891	-1.043364	-27.820958	-0.057911	-1.124600
3392	47.112670	00:00:47:08	-27.981080	1.672638	-1.239143	-27.989732	1.656960	-1.106319	-28.081219	1.627377	-1.153101	-27.994014	1.543777	-1.220577	-28.007284	1.531042	-1.163137	-28.105059	1.529938	-1.270492	-27.842506	1.532644	-1.132334	-28.008739	1.410337	-0.975607	-27.993318	0.765904	-1.601961	-27.926781	1.243160	-0.642169	-28.146199	-0.039333	-2.069190	-27.918004	1.247550	-0.653314	-28.078509	-0.027917	-2.036465	-27.917611	1.264416	-0.666789	-28.089925	-0.052159	-2.084282	-28.151723	0.954209	-1.245924	-28.145145	0.981615	-1.277373	-27.819377	0.959616	-1.084673	-27.813328	0.947565	-1.164199	-28.126494	0.518282	-1.258215	-27.842650	0.439158	-1.114152	-28.139370	-0.051715	-1.223262	-28.137279	-0.051089	-1.290576	-27.861583	-0.073276	-1.088977	-27.839702	-0.050133	-1.149198
3393	47.126563	00:00:47:09	-27.962096	1.669930	-1.237782	-27.965581	1.651681	-1.096759	-28.071153	1.653965	-1.150739	-27.989516	1.557879	-1.211675	-27.985385	1.521087	-1.180851	-28.117578	1.528674	-1.250029	-27.842899	1.537142	-1.148897	-27.997008	1.401953	-0.943442	-27.960402	0.765499	-1.588581	-27.946096	1.262598	-0.687182	-28.078315	-0.047258	-2.061030	-27.911047	1.226640	-0.664335	-28.081985	-0.054631	-2.064064	-27.922567	1.246888	-0.680269	-28.116244	-0.016451	-2.048461	-28.158966	0.969749	-1.243279	-28.130751	0.968087	-1.288914	-27.818888	0.935602	-1.091176	-27.785787	0.984650	-1.129935	-28.139515	0.472829	-1.267382	-27.850651	0.415518	-1.133059	-28.190246	-0.045156	-1.263887	-28.129280	-0.050271	-1.285489	-27.849921	-0.060529	-1.102326	-27.797246	-0.093853	-1.139182
3394	47.140457	00:00:47:10	-27.981377	1.698673	-1.236397	-27.963996	1.611762	-1.114636	-28.083941	1.659589	-1.187410	-27.957421	1.568094	-1.196537	-27.998700	1.601856	-1.193656	-28.105609	1.560387	-1.300351	-27.867636	1.552829	-1.144848	-28.017298	1.406105	-0.946928	-27.976958	0.744429	-1.619554	-27.944613	1.234554	-0.671427	-28.114106	-0.058843	-2.044215	-27.905527	1.237925	-0.679518	-28.090254	-0.048581	-2.062442	-27.893189	1.246009	-0.652307	-28.096477	-0.043520	-2.049960	-28.180642	0.940273	-1.242307	-28.098291	0.960339	-1.312879	-27.853683	0.968558	-1.120792	-27.788027	0.979858	-1.147573	-28.136264	0.461502	-1.259137	-27.840886	0.418230	-1.130689	-28.145944	-0.085569	-1.206784	-28.133802	-0.036976	-1.257292	-27.833523	-0.074420	-1.065544	-27.855151	-0.018153	-1.123803
3395	47.154350	00:00:47:11	-27.950440	1.687685	-1.221687	-27.973652	1.673497	-1.091429	-28.099669	1.646798	-1.146393	-28.012953	1.535124	-1.236908	-27.989218	1.512485	-1.182083	-28.107836	1.549719	-1.251454	-27.820549	1.566062	-1.171987	-28.040639	1.401321	-0.984606	-27.959796	0.740404	-1.628950	-27.912318	1.239324	-0.667897	-28.084330	-0.046684	-2.056105	-27.905421	1.225648	-0.676122	-28.129980	-0.053698	-2.053243	-27.962615	1.254055	-0.663771	-28.110399	-0.082217	-2.067886	-28.148496	0.966841	-1.256448	-28.107361	0.992737	-1.285371	-27.854696	0.959444	-1.102670	-27.776497	0.964688	-1.146674	-28.128439	0.453084	-1.285290	-27.823145	0.431903	-1.099958	-28.169008	-0.097201	-1.226287	-28.108910	-0.060438	-1.293164	-27.862723	-0.055723	-1.081301	-27.814669	-0.068613	-1.120885
3396	47.168244	00:00:47:12	-27.955241	1.663825	-1.216919	-27.976929	1.626257	-1.087992	-28.061562	1.666951	-1.152626	-27.978052	1.528740	-1.228693	-27.968171	1.536535	-1.173513	-28.126853	1.587389	-1.272310	-27.877411	1.536963	-1.152266	-28.056493	1.406941	-0.952549	-27.944896	0.763684	-1.623803	-27.901030	1.250572	-0.641336	-28.103054	-0.072512	-2.075765	-27.902446	1.245450	-0.652971	-28.085688	-0.020400	-2.047325	-27.937541	1.235790	-0.647606	-28.083538	-0.027226	-2.018031	-28.158212	0.942324	-1.246047	-28.159811	0.962129	-1.293899	-27.809276	0.954792	-1.082462	-27.817126	0.996816	-1.145916	-28.153698	0.453195	-1.255607	-27.832872	0.447748	-1.122092	-28.166513	-0.101781	-1.235783	-28.141787	-0.047040	-1.300381	-27.840189	-0.094180	-1.085746	-27.824132	-0.035433	-1.126941
3397	47.182137	00:00:47:13	-27.955225	1.692134	-1.240957	-27.959262	1.638200	-1.099663	-28.031242	1.642511	-1.150977	-27.973701	1.557342	-1.217421	-27.976833	1.536955	-1.148817	-28.116250	1.502301	-1.293664	-27.824096	1.535390	-1.138083	-28.004777	1.387104	-0.964869	-27.956846	0.775726	-1.599126	-27.918368	1.264633	-0.674161	-28.099101	-0.030789	-2.028532	-27.922035	1.259348	-0.652388	-28.104753	-0.041488	-2.050257	-27.915583	1.236827	-0.650413	-28.087771	-0.034109	-2.075343	-28.160211	0.946842	-1.274386	-28.148956	0.953476	-1.272320	-27.819749	1.005153	-1.081934	-27.789020	1.001905	-1.143600	-28.151180	0.442478	-1.290599	-27.832146	0.461409	-1.103753	-28.147905	-0.053796	-1.199796	-28.135310	-0.065408	-1.307659	-27.803559	-0.041260	-1.095750	-27.812688	-0.054364	-1.154458
3398	47.196031	00:00:47:14	-27.966587	1.692378	-1.234299	-27.980644	1.641304	-1.085335	-28.053212	1.629644	-1.147515	-27.955406	1.587035	-1.220820	-27.999808	1.549133	-1.184488	-28.148681	1.533498	-1.261116	-27.855669	1.526909	-1.180736	-27.962517	1.409925	-0.967291	-27.985509	0.754219	-1.627182	-27.939168	1.230518	-0.677840	-28.069733	-0.044969	-2.027371	-27.904105	1.259190	-0.696762	-28.060182	-0.078300	-2.046061	-27.907251	1.268382	-0.645400	-28.090860	-0.056786	-2.068739	-28.162811	0.945402	-1.265092	-28.125327	0.983877	-1.298467	-27.816675	0.922497	-1.092279	-27.805157	0.972112	-1.120608	-28.128479	0.457702	-1.276174	-27.813237	0.451902	-1.089483	-28.172891	-0.090789	-1.230395	-28.115948	-0.062588	-1.281285	-27.810591	-0.061888	-1.050919	-27.791158	-0.022974	-1.151006
3399	47.209924	00:00:47:15	-27.984291	1.642890	-1.244425	-27.962505	1.635453	-1.122931	-28.120019	1.635158	-1.163585	-27.972456	1.551574	-1.210138	-28.002759	1.543631	-1.146927	-28.108779	1.529014	-1.284607	-27.845484	1.591495	-1.148604	-27.987108	1.398231	-0.989512	-27.966509	0.754925	-1.625170	-27.932110	1.251766	-0.655214	-28.093203	-0.044598	-2.066575	-27.894357	1.254775	-0.653179	-28.077156	-0.064536	-2.060521	-27.891254	1.227561	-0.648101	-28.121723	-0.069799	-2.055464	-28.141247	0.959115	-1.229497	-28.143574	0.966552	-1.283741	-27.861948	0.974768	-1.088063	-27.800409	0.967803	-1.144295	-28.157437	0.455668	-1.268544	-27.839259	0.457592	-1.093391	-28.135463	-0.059849	-1.246574	-28.118204	-0.046906	-1.269562	-27.856985	-0.051099	-1.071584	-27.843740	-0.070811	-1.096247
3400	47.223818	00:00:47:16	-27.974189	1.682071	-1.231590	-27.975875	1.637288	-1.074124	-28.098130	1.647543	-1.174063	-28.009953	1.571030	-1.209103	-28.023587	1.548829	-1.169161	-28.120266	1.515387	-1.255958	-27.847980	1.510650	-1.107597	-28.036892	1.401602	-0.966257	-27.949226	0.780061	-1.605486	-27.912959	1.284750	-0.691734	-28.138305	-0.029913	-2.059252	-27.915755	1.246096	-0.644135	-28.091618	-0.067724	-2.072009	-27.928316	1.237111	-0.671867	-28.093881	-0.060515	-2.102445	-28.165355	0.954936	-1.269990	-28.134334	0.986926	-1.316719	-27.873124	0.948835	-1.108289	-27.815242	0.958707	-1.153185	-28.145785	0.450671	-1.285297	-27.823045	0.449346	-1.101615	-28.157926	-0.065778	-1.207020	-28.096541	-0.026015	-1.243249	-27.872468	-0.054723	-1.065657	-27.819061	-0.069111	-1.150992
3401	47.237711	00:00:47:17	-27.972744	1.686414	-1.255670	-28.001790	1.614666	-1.106352	-28.060548	1.649819	-1.186220	-27.973454	1.529878	-1.207040	-28.017548	1.573962	-1.138463	-28.139599	1.561114	-1.268494	-27.821496	1.553003	-1.180493	-28.033393	1.408858	-0.974168	-27.962527	0.740468	-1.609027	-27.929597	1.295286	-0.614125	-28.106558	-0.061719	-2.080854	-27.903601	1.244364	-0.672867	-28.123116	-0.049209	-2.043161	-27.934309	1.243209	-0.661254	-28.082571	-0.053262	-2.044058	-28.160210	0.946216	-1.244928	-28.149889	1.009451	-1.308042	-27.851455	0.962794	-1.084245	-27.829327	0.958412	-1.133292	-28.125110	0.434540	-1.253960	-27.817726	0.489495	-1.088112	-28.163539	-0.077445	-1.234849	-28.146407	-0.066649	-1.269353	-27.838876	-0.070624	-1.051758	-27.815941	-0.052960	-1.115654
3402	47.251604	00:00:47:18	-27.961784	1.630005	-1.235574	-27.962151	1.647438	-1.079798	-28.083578	1.653557	-1.178908	-27.991507	1.570195	-1.212977	-28.004037	1.570706	-1.166805	-28.113523	1.535358	-1.276922	-27.841796	1.540355	-1.162417	-28.010899	1.380599	-0.985365	-27.932154	0.773662	-1.575992	-27.917538	1.247915	-0.664072	-28.094030	-0.025119	-2.071567	-27.932881	1.268468	-0.661955	-28.119343	-0.074788	-2.079070	-27.957716	1.245859	-0.642067	-28.111721	-0.033658	-2.056816	-28.179600	0.933970	-1.259443	-28.160490	0.969555	-1.302381	-27.837023	0.957725	-1.070998	-27.833745	0.932966	-1.170368	-28.148207	0.470517	-1.261320	-27.819912	0.447003	-1.085308	-28.167353	-0.051622	-1.216131	-28.166135	-0.048870	-1.279974	-27.838502	-0.058639	-1.091014	-27.821965	-0.031050	-1.116169
3403	47.265498	00:00:47:19	-27.960989	1.676268	-1.252110	-27.966705	1.625526	-1.120077	-28.101239	1.660117	-1.134181	-27.990610	1.566839	-1.206603	-28.015781	1.517115	-1.163091	-28.134646	1.586064	-1.322162	-27.829208	1.562290	-1.095946	-28.024363	1.387718	-0.951090	-27.997943	0.772226	-1.573956	-27.907154	1.245433	-0.705822	-28.068748	-0.054641	-2.085328	-27.941173	1.234933	-0.663235	-28.098091	-0.035128	-2.069740	-27.923022	1.258104	-0.632678	-28.106460	-0.041962	-2.028785	-28.168309	0.974791	-1.249224	-28.122897	0.975400	-1.302575	-27.870978	0.971154	-1.066433	-27.788788	0.990178	-1.176557	-28.148906	0.477164	-1.256530	-27.826197	0.448807	-1.123726	-28.179318	-0.045354	-1.235079	-28.172742	-0.053860	-1.299613	-27.871648	-0.067276	-1.062295	-27.802513	-0.059523	-1.147114
3404	47.279391	00:00:47:20	-27.927938	1.681326	-1.227413	-27.990489	1.644390	-1.109009	-28.051348	1.618504	-1.161787	-27.997512	1.579539	-1.218447	-27.988661	1.573784	-1.194301	-28.119316	1.552316	-1.291730	-27.854277	1.535547	-1.154513	-28.015980	1.382597	-0.968989	-28.010924	0.739507	-1.609601	-27.906484	1.265766	-0.699338	-28.109568	-0.053299	-2.054122	-27.938564	1.253934	-0.632640	-28.094636	-0.063905	-2.090632	-27.931687	1.271960	-0.644263	-28.112854	-0.037481	-2.089443	-28.179244	0.944438	-1.235013	-28.108899	0.957326	-1.283162	-27.858429	0.950804	-1.084773	-27.795185	0.961323	-1.116959	-28.154100	0.472147	-1.280342	-27.830384	0.473053	-1.108126	-28.188731	-0.049195	-1.222455	-28.133612	-0.063319	-1.284534	-27.824551	-0.050006	-1.068009	-27.805697	-0.058691	-1.115680
3405	47.293285	00:00:47:21	-27.978497	1.664268	-1.208035	-27.964072	1.626351	-1.121870	-28.061315	1.658311	-1.179495	-28.007292	1.492104	-1.228952	-28.022708	1.528729	-1.213789	-28.102118	1.535337	-1.269761	-27.835007	1.572469	-1.155862	-27.979914	1.395306	-1.003789	-27.974127	0.736668	-1.596018	-27.906335	1.257153	-0.680679	-28.115743	-0.049650	-2.051512	-27.910210	1.253560	-0.655489	-28.096281	-0.086511	-2.021893	-27.923527	1.252833	-0.690099	-28.136996	-0.065398	-2.065357	-28.154163	0.966654	-1.248116	-28.157415	0.966960	-1.302322	-27.852005	0.958204	-1.063641	-27.769748	0.955806	-1.156258	-28.178765	0.456808	-1.294020	-27.849529	0.447087	-1.095152	-28.151539	-0.052922	-1.207653	-28.133396	-0.058780	-1.283786	-27.832581	-0.067317	-1.072363	-27.812116	-0.058159	-1.154630
3406	47.307178	00:00:47:22	-27.961834	1.645834	-1.221540	-27.991735	1.656994	-1.073696	-28.068227	1.618355	-1.161989	-27.976857	1.515112	-1.194835	-28.004973	1.531653	-1.190635	-28.115971	1.524643	-1.258862	-27.858271	1.517626	-1.152900	-28.010833	1.400511	-0.985613	-27.976215	0.734862	-1.633080	-27.935674	1.232941	-0.664989	-28.109254	-0.036952	-2.079471	-27.922624	1.233118	-0.667199	-28.085090	-0.038737	-2.074378	-27.960331	1.239247	-0.647363	-28.104116	-0.026364	-2.064412	-28.158194	0.965861	-1.238318	-28.107521	0.944518	-1.309692	-27.852761	0.930561	-1.092202	-27.818364	0.950518	-1.143496	-28.157296	0.448957	-1.256796	-27.808323	0.444988	-1.099898	-28.164004	-0.057921	-1.245326	-28.123899	-0.074802	-1.290810	-27.852704	-0.058288	-1.057580	-27.805306	-0.034254	-1.093195
3407	47.321072	00:00:47:23	-27.989898	1.693500	-1.267666	-27.956192	1.635567	-1.080770	-28.103363	1.641467	-1.154399	-27.977440	1.557505	-1.203902	-28.002884	1.528849	-1.164890	-28.119569	1.552508	-1.309837	-27.827604	1.558675	-1.132983	-28.031327	1.429055	-0.958769	-27.978161	0.738263	-1.600610	-27.921665	1.253948	-0.684489	-28.078710	-0.041984	-2.044328	-27.925064	1.265016	-0.659929	-28.082478	-0.051485	-2.095073	-27.912784	1.276952	-0.640472	-28.067155	-0.032509	-2.073937	-28.178878	1.002527	-1.262449	-28.139318	0.970490	-1.278313	-27.832739	0.978733	-1.114146	-27.826197	0.983202	-1.119059	-28.168537	0.431350	-1.260459	-27.808233	0.466264	-1.097983	-28.137970	-0.068121	-1.227008	-28.122509	-0.053609	-1.285254	-27.855782	-0.059749	-1.080911	-27.816719	-0.053022	-1.118466
3408	47.334965	00:00:47:24	-27.951934	1.671723	-1.261836	-27.976765	1.647852	-1.112108	-28.100235	1.645365	-1.146854	-27.985303	1.563937	-1.214913	-28.002777	1.545415	-1.205085	-28.103334	1.545684	-1.310940	-27.854557	1.571428	-1.183744	-28.017364	1.395505	-0.992481	-27.973253	0.755179	-1.613321	-27.902950	1.219507	-0.646364	-28.108329	-0.054225	-2.055957	-27.925109	1.229546	-0.636293	-28.103606	-0.061791	-2.053202	-27.910783	1.278893	-0.686455	-28.107567	-0.066871	-2.038433	-28.171327	0.958087	-1.257139	-28.161262	1.009159	-1.281450	-27.841565	0.954651	-1.070108	-27.804660	1.005284	-1.155573	-28.143020	0.455832	-1.242871	-27.834509	0.477016	-1.120507	-28.182275	-0.062536	-1.239590	-28.139999	-0.078842	-1.282627	-27.842343	-0.059769	-1.092653	-27.828545	-0.049923	-1.105500
3409	47.348859	00:00:47:25	-27.974312	1.667651	-1.228451	-27.968254	1.636533	-1.097119	-28.058357	1.608487	-1.142546	-27.965636	1.564434	-1.216508	-27.999516	1.555868	-1.152001	-28.124545	1.513052	-1.273304	-27.832265	1.563484	-1.167946	-27.993339	1.412994	-0.958950	-27.942343	0.751492	-1.590325	-27.925328	1.240882	-0.656975	-28.084207	-0.056052	-2.063961	-27.909097	1.272771	-0.644475	-28.102585	-0.019405	-2.033500	-27.937523	1.250144	-0.665644	-28.049740	-0.022613	-2.053693	-28.186526	0.936504	-1.256449	-28.139494	1.002782	-1.300234	-27.884927	0.943235	-1.087850	-27.839793	0.966627	-1.146906	-28.146065	0.478827	-1.290736	-27.806793	0.446708	-1.085628	-28.148390	-0.041706	-1.211909	-28.136464	-0.041559	-1.299875	-27.832459	-0.070066	-1.080720	-27.849131	-0.048271	-1.106392
3410	47.362752	00:00:47:26	-27.959429	1.676368	-1.244681	-27.972696	1.666085	-1.101251	-28.079476	1.631802	-1.169374	-28.008152	1.520587	-1.218198	-28.011368	1.560301	-1.177610	-28.114657	1.521617	-1.283946	-27.867253	1.550323	-1.137440	-28.054461	1.363208	-0.950626	-27.964245	0.759237	-1.601974	-27.904278	1.262446	-0.661487	-28.079808	-0.060950	-2.072785	-27.898086	1.216533	-0.685466	-28.078641	-0.026167	-2.052439	-27.951958	1.302603	-0.659858	-28.093030	-0.038591	-2.040799	-28.165341	0.934205	-1.248447	-28.127674	0.996224	-1.309304	-27.848000	0.963258	-1.086456	-27.829712	0.975144	-1.149078	-28.148528	0.461191	-1.292249	-27.843675	0.454579	-1.101990	-28.174473	-0.068469	-1.195775	-28.129913	-0.060261	-1.299284	-27.830434	-0.074978	-1.073670	-27.815689	-0.026132	-1.092979
3411	47.376645	00:00:47:27	-27.967128	1.633150	-1.251289	-27.999016	1.627024	-1.097564	-28.080886	1.622590	-1.156708	-27.976915	1.503869	-1.218665	-28.007455	1.531423	-1.173618	-28.115247	1.579312	-1.286351	-27.855144	1.546543	-1.156600	-28.029159	1.414328	-0.954443	-27.974806	0.719899	-1.571220	-27.906258	1.270143	-0.648253	-28.101933	-0.064496	-2.072460	-27.940334	1.224066	-0.673689	-28.124234	-0.034966	-2.068927	-27.922447	1.250150	-0.645510	-28.086559	-0.026130	-2.088094	-28.196093	0.965964	-1.226742	-28.128177	0.962253	-1.292089	-27.843480	0.928720	-1.109402	-27.820587	0.988098	-1.121934	-28.158449	0.457502	-1.267855	-27.849339	0.470336	-1.135452	-28.147154	-0.059336	-1.223886	-28.143698	-0.041073	-1.268783	-27.851191	-0.056065	-1.080388	-27.806053	-0.036412	-1.121547
3412	47.390539	00:00:47:28	-27.953225	1.661314	-1.221741	-27.969234	1.695906	-1.110935	-28.106387	1.653634	-1.177090	-27.992100	1.538843	-1.200689	-27.995704	1.550480	-1.156830	-28.117176	1.506265	-1.300164	-27.882711	1.548673	-1.129079	-28.030928	1.414185	-0.967063	-27.970484	0.753617	-1.640327	-27.910553	1.241836	-0.647370	-28.134694	-0.038678	-2.070587	-27.892132	1.251730	-0.610720	-28.088602	-0.049060	-2.078583	-27.946189	1.271517	-0.643663	-28.103355	-0.036084	-2.057725	-28.137319	0.970388	-1.250493	-28.113193	1.004060	-1.318638	-27.817505	0.975412	-1.097673	-27.858029	0.966643	-1.155724	-28.164192	0.453333	-1.241639	-27.807537	0.433297	-1.118608	-28.173408	-0.066337	-1.197101	-28.150011	-0.034342	-1.278784	-27.818994	-0.046922	-1.056655	-27.810110	-0.076821	-1.095376
3413	47.404432	00:00:47:29	-27.993033	1.672146	-1.244469	-27.978231	1.653589	-1.137573	-28.078915	1.654549	-1.134088	-27.977552	1.547236	-1.214641	-27.998617	1.521172	-1.170295	-28.160755	1.547591	-1.262204	-27.838540	1.572932	-1.163068	-27.996029	1.380493	-0.949438	-27.952440	0.763660	-1.581075	-27.901595	1.262128	-0.651585	-28.089672	-0.065998	-2.047683	-27.933009	1.253419	-0.636548	-28.090695	-0.055416	-2.053673	-27.909816	1.281554	-0.642979	-28.093914	-0.046075	-2.077129	-28.161273	0.961524	-1.245264	-28.100553	0.955735	-1.284066	-27.841706	0.931372	-1.106663	-27.818788	0.966364	-1.145109	-28.105668	0.453026	-1.266982	-27.836553	0.460310	-1.110535	-28.175910	-0.074680	-1.226402	-28.128821	-0.032003	-1.280852	-27.821761	-0.088232	-1.058266	-27.801934	-0.064811	-1.149763
3414	47.418326	00:00:47:30	-27.946758	1.657720	-1.250543	-27.983028	1.618993	-1.100903	-28.110388	1.640310	-1.143116	-28.005322	1.550213	-1.186456	-28.003358	1.544914	-1.211021	-28.112447	1.550424	-1.294797	-27.847551	1.550006	-1.151027	-28.017601	1.431098	-0.966699	-27.975714	0.754456	-1.600943	-27.928087	1.276541	-0.638263	-28.130783	-0.035043	-2.039634	-27.936719	1.271160	-0.653920	-28.118847	-0.043354	-2.077598	-27.908100	1.244260	-0.631321	-28.088396	-0.041015	-2.091013	-28.153577	0.963120	-1.253660	-28.094765	0.994607	-1.317076	-27.840870	0.963600	-1.105485	-27.772125	1.006852	-1.136334	-28.164271	0.449936	-1.258252	-27.821414	0.468193	-1.111478	-28.178656	-0.076583	-1.243806	-28.138845	-0.033565	-1.271021	-27.863401	-0.071431	-1.052535	-27.842255	-0.073170	-1.154827
3415	47.432219	00:00:47:31	-27.942026	1.649025	-1.233260	-27.949941	1.631762	-1.090364	-28.106257	1.641148	-1.120675	-27.974723	1.563130	-1.210780	-28.010034	1.516696	-1.180450	-28.114685	1.598959	-1.269813	-27.866524	1.522050	-1.148020	-28.010869	1.397374	-0.956834	-27.988048	0.767839	-1.619953	-27.952263	1.262664	-0.678860	-28.110982	-0.066881	-2.067870	-27.916332	1.243473	-0.663988	-28.086374	-0.040555	-2.068970	-27.923531	1.244619	-0.635692	-28.070520	0.007269	-2.054247	-28.168149	0.998283	-1.213500	-28.155712	0.992068	-1.318710	-27.834409	0.940788	-1.114432	-27.791876	0.989183	-1.142687	-28.146689	0.479106	-1.266520	-27.834734	0.430961	-1.092704	-28.171165	-0.077794	-1.238888	-28.122728	-0.026365	-1.270447	-27.845973	-0.055304	-1.085434	-27.819553	-0.078276	-1.123956
3416	47.446113	00:00:47:32	-27.995877	1.659365	-1.249116	-27.989001	1.633316	-1.108106	-28.098260	1.638308	-1.145235	-27.987736	1.556974	-1.230818	-28.001977	1.560614	-1.149975	-28.101250	1.538535	-1.251241	-27.844719	1.521444	-1.146648	-27.999463	1.401745	-0.996663	-27.955667	0.759866	-1.623203	-27.921681	1.295707	-0.637507	-28.144974	-0.021108	-2.065641	-27.909358	1.267568	-0.646217	-28.075324	-0.059422	-2.049994	-27.889973	1.231919	-0.677492	-28.064418	-0.052351	-2.064896	-28.166138	0.967578	-1.254025	-28.169825	0.966721	-1.313084	-27.850797	0.932423	-1.084740	-27.805538	0.953285	-1.123469	-28.157797	0.428439	-1.249887	-27.855970	0.451215	-1.080633	-28.185338	-0.083105	-1.224904	-28.137232	-0.036614	-1.269426	-27.839744	-0.073230	-1.051856	-27.796173	-0.052724	-1.103795
3417	47.460006	00:00:47:33	-27.989374	1.639118	-1.227028	-27.954906	1.647806	-1.100143	-28.067068	1.637186	-1.172386	-27.991842	1.539928	-1.181082	-27.985837	1.556711	-1.148925	-28.102998	1.577000	-1.242916	-27.826672	1.530668	-1.137783	-28.029757	1.408357	-0.958670	-28.003780	0.752957	-1.575820	-27.911595	1.312892	-0.653175	-28.060203	-0.054505	-2.061071	-27.901071	1.246449	-0.673511	-28.107584	-0.064655	-2.081674	-27.883692	1.270663	-0.654757	-28.085182	-0.031817	-2.064604	-28.165060	0.945934	-1.274613	-28.143409	0.977061	-1.301905	-27.860483	0.962006	-1.076309	-27.769891	1.000928	-1.145673	-28.173168	0.483778	-1.274895	-27.846927	0.443216	-1.085888	-28.188521	-0.087654	-1.225863	-28.128790	-0.049539	-1.251346	-27.831194	-0.069958	-1.070175	-27.816878	-0.059529	-1.139663
3418	47.473900	00:00:47:34	-28.004145	1.678429	-1.245671	-27.946961	1.626065	-1.101669	-28.073266	1.648231	-1.185642	-27.951621	1.523977	-1.222863	-27.984129	1.550531	-1.175823	-28.147432	1.540119	-1.294181	-27.828452	1.556156	-1.156905	-28.012685	1.428975	-0.968067	-27.962454	0.752451	-1.625094	-27.890011	1.270174	-0.658226	-28.090277	-0.036778	-2.035851	-27.943210	1.246087	-0.647285	-28.082590	-0.036315	-2.077700	-27.953871	1.261041	-0.628744	-28.077605	-0.096393	-2.033546	-28.180807	0.947574	-1.232298	-28.116775	0.987766	-1.288102	-27.871775	0.964397	-1.066999	-27.818027	0.960361	-1.136399	-28.155072	0.482967	-1.257376	-27.828748	0.472247	-1.099368	-28.163821	-0.045758	-1.212893	-28.160657	-0.038865	-1.301117	-27.836026	-0.007170	-1.049429	-27.794910	-0.034122	-1.111412
3419	47.487793	00:00:47:35	-27.972640	1.666456	-1.256876	-27.969362	1.647901	-1.108045	-28.081496	1.651886	-1.151747	-27.984518	1.589718	-1.213989	-27.975562	1.530729	-1.168773	-28.105081	1.560939	-1.272279	-27.848920	1.532088	-1.123152	-28.001058	1.408329	-0.982140	-27.951076	0.756764	-1.599786	-27.930730	1.264692	-0.671175	-28.107568	-0.051705	-2.042253	-27.917769	1.268103	-0.684862	-28.120338	-0.058407	-2.076552	-27.918195	1.226291	-0.686709	-28.123040	-0.086605	-2.088480	-28.171307	1.001437	-1.263515	-28.148262	0.973588	-1.286853	-27.848740	0.970517	-1.082125	-27.795239	0.948515	-1.134012	-28.131526	0.480749	-1.251784	-27.824352	0.451934	-1.110339	-28.142628	-0.079356	-1.246580	-28.143522	-0.040876	-1.284908	-27.848491	-0.054407	-1.082335	-27.845174	-0.046862	-1.130536
3420	47.501686	00:00:47:36	-27.973003	1.670076	-1.251958	-27.966384	1.650605	-1.088585	-28.091342	1.617669	-1.196975	-27.981331	1.546224	-1.220987	-28.027444	1.558115	-1.163640	-28.116086	1.559878	-1.267501	-27.838840	1.569608	-1.153297	-27.958304	1.411383	-0.935606	-27.982492	0.751646	-1.589621	-27.954953	1.269520	-0.642633	-28.094059	-0.056887	-2.043360	-27.907008	1.251765	-0.657437	-28.103731	-0.035522	-2.043595	-27.922287	1.292887	-0.670972	-28.129548	-0.035179	-2.092436	-28.160479	0.961563	-1.248427	-28.117663	0.978132	-1.295129	-27.848088	0.973405	-1.062544	-27.807897	0.983101	-1.140969	-28.127299	0.448731	-1.276865	-27.835994	0.432680	-1.101127	-28.161578	-0.067048	-1.219065	-28.116505	-0.064517	-1.263530	-27.793823	-0.040568	-1.080800	-27.779331	-0.082655	-1.153587
3421	47.515580	00:00:47:37	-27.957644	1.656376	-1.262677	-27.927057	1.651106	-1.087124	-28.104198	1.652820	-1.168518	-28.003486	1.570055	-1.200834	-28.031988	1.562423	-1.186323	-28.079457	1.510080	-1.237950	-27.831861	1.537143	-1.172263	-28.000572	1.430048	-0.964007	-27.959260	0.720319	-1.577629	-27.939257	1.268291	-0.633335	-28.088313	-0.018595	-2.072463	-27.918305	1.257054	-0.636533	-28.110831	-0.015845	-2.029196	-27.913188	1.262550	-0.652099	-28.071882	-0.085479	-2.059280	-28.149018	0.980573	-1.261732	-28.112083	0.983368	-1.295456	-27.821478	0.934811	-1.078441	-27.809386	0.971440	-1.130935	-28.184293	0.421025	-1.268997	-27.845797	0.484738	-1.115294	-28.180282	-0.064446	-1.240484	-28.130346	-0.061399	-1.261648	-27.844957	-0.041010	-1.064004	-27.845498	-0.041383	-1.109239
3422	47.529473	00:00:47:38	-27.974180	1.651490	-1.206634	-27.982960	1.610043	-1.092562	-28.075729	1.689362	-1.139109	-27.974482	1.565727	-1.223757	-28.020256	1.555778	-1.173529	-28.110083	1.561076	-1.299119	-27.849831	1.546449	-1.143097	-28.050145	1.424365	-0.966141	-27.912494	0.784267	-1.599498	-27.922262	1.236373	-0.692378	-28.116716	-0.051272	-2.099414	-27.902860	1.263479	-0.631129	-28.115798	-0.045397	-2.063442	-27.926358	1.261508	-0.654430	-28.089456	-0.014155	-2.018303	-28.168712	0.971879	-1.217840	-28.154514	0.958435	-1.311992	-27.822636	0.931837	-1.072305	-27.845318	0.967792	-1.147085	-28.132609	0.472120	-1.254627	-27.833004	0.469220	-1.123395	-28.154615	0.000736	-1.224327	-28.150042	-0.055699	-1.252003	-27.841782	-0.071388	-1.063822	-27.807978	-0.066377	-1.126058
3423	47.543367	00:00:47:39	-27.966000	1.648646	-1.262441	-27.950448	1.639020	-1.110597	-28.071357	1.641808	-1.159453	-27.959428	1.548053	-1.202248	-28.003003	1.539142	-1.157747	-28.115071	1.555568	-1.304568	-27.836136	1.542554	-1.156634	-28.016321	1.417736	-0.978291	-27.932824	0.754990	-1.635056	-27.948263	1.301540	-0.671647	-28.130140	-0.060611	-2.074779	-27.920228	1.259894	-0.628555	-28.070096	-0.012590	-2.034091	-27.932591	1.272935	-0.654793	-28.070331	-0.030242	-2.070235	-28.150687	0.931514	-1.240571	-28.154636	0.980484	-1.312674	-27.819640	0.979551	-1.103153	-27.819795	1.001361	-1.128787	-28.128915	0.464027	-1.240660	-27.825964	0.447032	-1.117590	-28.177388	-0.079934	-1.233283	-28.112601	-0.063402	-1.259071	-27.864821	-0.038319	-1.035384	-27.831091	-0.052725	-1.098409
3424	47.557260	00:00:47:40	-27.956045	1.654685	-1.221214	-27.961036	1.605044	-1.089288	-28.051886	1.646870	-1.153275	-27.971703	1.556814	-1.216504	-28.008624	1.527593	-1.178293	-28.101604	1.563393	-1.299871	-27.854466	1.557107	-1.109430	-28.028267	1.440963	-0.985898	-27.957783	0.746109	-1.603604	-27.948576	1.284297	-0.661138	-28.089898	-0.050428	-2.079468	-27.950115	1.257933	-0.661024	-28.086724	-0.064832	-2.119488	-27.924428	1.264482	-0.631805	-28.113733	-0.025241	-2.075446	-28.124144	0.931308	-1.222457	-28.126638	0.964309	-1.299231	-27.838319	0.971830	-1.120490	-27.827994	0.973435	-1.108930	-28.139524	0.456809	-1.250787	-27.825795	0.444195	-1.096557	-28.158534	-0.081625	-1.204641	-28.158683	-0.066706	-1.297140	-27.859250	-0.047142	-1.068111	-27.817611	-0.074927	-1.099749
3425	47.571154	00:00:47:41	-28.000474	1.674218	-1.220748	-27.981707	1.655024	-1.106628	-28.082530	1.658925	-1.151368	-27.992874	1.547508	-1.203730	-28.011139	1.557284	-1.173172	-28.146036	1.559442	-1.288885	-27.859575	1.520536	-1.119285	-28.014237	1.397771	-0.955343	-27.967184	0.753727	-1.629239	-27.918377	1.254740	-0.674766	-28.086667	-0.009900	-2.054990	-27.931042	1.253748	-0.659371	-28.094403	0.000469	-2.060951	-27.947073	1.278277	-0.627932	-28.088866	-0.036370	-2.095087	-28.179089	0.959374	-1.249875	-28.121141	0.985741	-1.299155	-27.854475	0.921601	-1.060149	-27.774323	0.988580	-1.094957	-28.153753	0.453941	-1.270791	-27.854834	0.451574	-1.117708	-28.178846	-0.054594	-1.250987	-28.106312	-0.047418	-1.262052	-27.811131	-0.048158	-1.051570	-27.828492	-0.038994	-1.098012
3426	47.585047	00:00:47:42	-27.974244	1.661920	-1.204952	-27.954025	1.651782	-1.082859	-28.085152	1.652148	-1.149610	-27.991884	1.550065	-1.210373	-28.014432	1.533955	-1.181805	-28.128765	1.566448	-1.269632	-27.835211	1.548198	-1.146912	-28.037713	1.415691	-0.995855	-27.995372	0.756209	-1.593598	-27.925263	1.264096	-0.622879	-28.077690	-0.033100	-2.033423	-27.864934	1.262722	-0.644344	-28.101952	-0.064755	-2.070590	-27.874257	1.215649	-0.680420	-28.106048	-0.027951	-2.074851	-28.137695	0.958227	-1.255275	-28.158326	0.980157	-1.326865	-27.829058	0.957202	-1.116777	-27.845452	0.972693	-1.116849	-28.169873	0.501833	-1.227953	-27.831897	0.465329	-1.061900	-28.149714	-0.049067	-1.247969	-28.147792	-0.022363	-1.294979	-27.828702	-0.104973	-1.081852	-27.808524	-0.059222	-1.069588
3427	47.598941	00:00:47:43	-27.977258	1.672642	-1.238524	-27.942002	1.592355	-1.091417	-28.097864	1.632615	-1.129886	-27.974271	1.558029	-1.209629	-27.976881	1.527733	-1.176745	-28.112668	1.519409	-1.312902	-27.864653	1.568730	-1.188716	-27.999824	1.380685	-0.959238	-27.935631	0.697345	-1.610613	-27.904954	1.266737	-0.636298	-28.100486	-0.061684	-2.065015	-27.913970	1.274989	-0.615585	-28.096817	-0.026267	-2.058330	-27.919865	1.272869	-0.645578	-28.052101	-0.035463	-2.059402	-28.191946	1.007211	-1.238031	-28.141012	0.999745	-1.332874	-27.831675	0.954834	-1.101912	-27.834292	0.952743	-1.138513	-28.176024	0.464155	-1.263105	-27.854278	0.444204	-1.093544	-28.161027	-0.083824	-1.214543	-28.126755	-0.058352	-1.294024	-27.835221	-0.071972	-1.049967	-27.839432	-0.072439	-1.115516
3428	47.612834	00:00:47:44	-27.986919	1.672688	-1.262208	-27.977010	1.646906	-1.112173	-28.072575	1.623606	-1.158637	-27.974286	1.565158	-1.193152	-27.973557	1.526343	-1.135033	-28.095365	1.539890	-1.272620	-27.879904	1.550581	-1.107231	-28.024815	1.381353	-0.959967	-27.987438	0.754772	-1.643008	-27.922323	1.269708	-0.671108	-28.081347	-0.071073	-2.092757	-27.925638	1.271719	-0.637747	-28.105626	-0.022272	-2.049807	-27.920582	1.299875	-0.632330	-28.105469	-0.053861	-2.075922	-28.186681	0.987696	-1.249364	-28.158549	0.961026	-1.308625	-27.858709	0.984370	-1.103359	-27.815157	1.006526	-1.139814	-28.169395	0.452461	-1.248773	-27.836073	0.419744	-1.127458	-28.144586	-0.030748	-1.244547	-28.168755	-0.068753	-1.269757	-27.825342	-0.070822	-1.052075	-27.820459	-0.058224	-1.117803
3429	47.626727	00:00:47:45	-27.990003	1.664816	-1.246713	-27.961870	1.644169	-1.108818	-28.070521	1.633822	-1.140656	-27.965548	1.537362	-1.198396	-27.990948	1.538813	-1.142972	-28.074752	1.561016	-1.258564	-27.844741	1.543557	-1.159971	-28.058519	1.403779	-0.961228	-27.995020	0.753058	-1.600399	-27.892280	1.275174	-0.636174	-28.101970	-0.084759	-2.085102	-27.935635	1.232496	-0.657621	-28.075783	-0.073650	-2.064504	-27.908294	1.275888	-0.669441	-28.099086	-0.050891	-2.053477	-28.172192	0.985132	-1.268476	-28.136587	0.940131	-1.275938	-27.851343	0.942783	-1.080212	-27.829538	0.988560	-1.145066	-28.137747	0.484105	-1.259673	-27.823311	0.465810	-1.096591	-28.133437	-0.035021	-1.209376	-28.177364	-0.037665	-1.293405	-27.834364	-0.039125	-1.055009	-27.794234	-0.015976	-1.120800
3430	47.640621	00:00:47:46	-27.978689	1.669615	-1.239227	-27.995793	1.673782	-1.102589	-28.074935	1.630108	-1.162384	-27.969069	1.541967	-1.216178	-27.996071	1.535227	-1.201128	-28.142386	1.564162	-1.279061	-27.844009	1.520313	-1.118784	-28.023778	1.412992	-0.973678	-27.992327	0.765883	-1.614612	-27.929374	1.277642	-0.655410	-28.095805	-0.037450	-2.072377	-27.916219	1.293594	-0.655992	-28.104848	-0.057123	-2.059746	-27.921547	1.273775	-0.639992	-28.122740	-0.032776	-2.084111	-28.168340	0.957490	-1.235915	-28.144115	0.958130	-1.267366	-27.848131	0.924322	-1.081228	-27.803415	0.960013	-1.158278	-28.127124	0.468203	-1.267800	-27.824694	0.474958	-1.131112	-28.163071	-0.042476	-1.205543	-28.140875	-0.057613	-1.271934	-27.835133	-0.056619	-1.079642	-27.783372	-0.075722	-1.127046
3431	47.654514	00:00:47:47	-27.975991	1.632543	-1.220379	-27.989888	1.637757	-1.108664	-28.080148	1.670793	-1.168180	-27.958218	1.536751	-1.223323	-27.992250	1.567831	-1.164886	-28.105157	1.528771	-1.270962	-27.834972	1.547726	-1.154795	-28.017304	1.388104	-0.972097	-27.971418	0.715335	-1.593098	-27.943041	1.248822	-0.644545	-28.102888	-0.026429	-2.043985	-27.948285	1.264239	-0.611578	-28.089529	-0.069310	-2.051273	-27.969129	1.252546	-0.663377	-28.087071	-0.050413	-2.031476	-28.161134	0.964968	-1.260572	-28.147049	0.972327	-1.307997	-27.817429	0.983730	-1.101549	-27.833979	0.943256	-1.122097	-28.143600	0.438074	-1.238839	-27.826641	0.442454	-1.097902	-28.171182	-0.064220	-1.230902	-28.132720	-0.055817	-1.294993	-27.832652	-0.054035	-1.080183	-27.817424	-0.094125	-1.124741
3432	47.668408	00:00:47:48	-27.981704	1.684797	-1.230053	-27.940606	1.641473	-1.086137	-28.079222	1.627768	-1.168474	-28.005891	1.572263	-1.191357	-27.991854	1.531640	-1.175958	-28.110864	1.574916	-1.274995	-27.884372	1.533369	-1.147177	-28.017954	1.412265	-0.947449	-28.001848	0.739557	-1.595785	-27.932085	1.258510	-0.629948	-28.083528	-0.068625	-2.077091	-27.949172	1.247049	-0.642580	-28.081622	-0.043125	-2.060840	-27.912201	1.266535	-0.665784	-28.097203	-0.033118	-2.059211	-28.141571	0.990072	-1.232095	-28.184679	0.959041	-1.277598	-27.843596	0.955143	-1.060651	-27.845841	0.965364	-1.128471	-28.162745	0.452387	-1.225426	-27.819704	0.446849	-1.062304	-28.175441	-0.077656	-1.212693	-28.169606	-0.061083	-1.281723	-27.853697	-0.058784	-1.048823	-27.840873	-0.040806	-1.111624
3433	47.682301	00:00:47:49	-27.968947	1.644391	-1.236173	-27.964111	1.636316	-1.104475	-28.075557	1.637053	-1.151552	-27.976900	1.534079	-1.223912	-27.979095	1.553462	-1.185209	-28.095819	1.539085	-1.285643	-27.840969	1.545483	-1.134744	-28.012985	1.416766	-0.953282	-27.980447	0.763847	-1.627405	-27.945383	1.255147	-0.629242	-28.106808	-0.055046	-2.066064	-27.940426	1.250230	-0.640826	-28.121192	-0.056149	-2.089133	-27.929779	1.274600	-0.617774	-28.110897	-0.084331	-2.071182	-28.167623	0.994483	-1.262487	-28.124367	0.988041	-1.312925	-27.841534	0.941002	-1.087589	-27.806595	0.920612	-1.106172	-28.181214	0.425872	-1.256879	-27.816914	0.451034	-1.090049	-28.162147	-0.090584	-1.211435	-28.134328	-0.070987	-1.272172	-27.875332	-0.046347	-1.069947	-27.815216	-0.029653	-1.138991
3434	47.696195	00:00:47:50	-27.943876	1.673409	-1.231758	-27.960447	1.638333	-1.108996	-28.080215	1.669068	-1.150896	-27.962344	1.527755	-1.166488	-28.006433	1.551202	-1.153350	-28.101803	1.542956	-1.280110	-27.850911	1.547956	-1.143796	-27.982048	1.421808	-0.978177	-27.986540	0.736831	-1.589000	-27.926147	1.266903	-0.653274	-28.097554	-0.086441	-2.048750	-27.919544	1.241517	-0.655511	-28.108761	-0.057483	-2.063181	-27.933350	1.275307	-0.663322	-28.098566	-0.048050	-2.073985	-28.194027	0.967166	-1.225439	-28.172441	0.960810	-1.291277	-27.822670	0.954543	-1.087525	-27.811102	0.969670	-1.136642	-28.102210	0.454072	-1.269404	-27.859410	0.481531	-1.118025	-28.185256	-0.051845	-1.211223	-28.129939	-0.081332	-1.269769	-27.849409	-0.075876	-1.072435	-27.821681	-0.023313	-1.088641
3435	47.710088	00:00:47:51	-27.972756	1.690300	-1.216871	-27.954126	1.606939	-1.104394	-28.107995	1.641822	-1.152703	-27.956763	1.530504	-1.200172	-27.993000	1.563010	-1.177672	-28.125684	1.533017	-1.294895	-27.849962	1.561125	-1.136709	-28.027535	1.390542	-0.947553	-27.987003	0.769206	-1.592575	-27.937280	1.267394	-0.634531	-28.100673	-0.080043	-2.093276	-27.936125	1.259748	-0.651604	-28.088605	-0.040667	-2.090148	-27.917078	1.255274	-0.637910	-28.101336	-0.045116	-2.058538	-28.132983	1.003231	-1.246218	-28.160759	0.938884	-1.293829	-27.856178	0.966378	-1.074345	-27.791524	0.963294	-1.115836	-28.153626	0.454967	-1.244445	-27.850578	0.462523	-1.140806	-28.170670	-0.048125	-1.197408	-28.086646	-0.022833	-1.288394	-27.834376	-0.052593	-1.086729	-27.833116	-0.038250	-1.123706
3436	47.723982	00:00:47:52	-27.985658	1.658905	-1.257097	-27.978914	1.605660	-1.097894	-28.062575	1.640476	-1.166241	-27.982256	1.545890	-1.206778	-27.981561	1.510545	-1.167592	-28.104086	1.562456	-1.299162	-27.871108	1.548585	-1.172568	-28.023366	1.420850	-0.995270	-27.982404	0.770457	-1.574061	-27.927994	1.223157	-0.649034	-28.113761	-0.019824	-2.072160	-27.936819	1.311490	-0.647227	-28.101264	-0.022253	-2.023118	-27.906702	1.265827	-0.644022	-28.127906	-0.047397	-2.020916	-28.148210	0.965169	-1.271489	-28.140308	0.997795	-1.318161	-27.859309	0.952899	-1.101031	-27.830051	0.964342	-1.142132	-28.135579	0.472394	-1.255534	-27.870790	0.433989	-1.114879	-28.157323	-0.034522	-1.209918	-28.158430	-0.044065	-1.312419	-27.834930	-0.112211	-1.069694	-27.832570	-0.072170	-1.129091
3437	47.737875	00:00:47:53	-27.986307	1.643811	-1.239416	-27.978747	1.663723	-1.079745	-28.073376	1.673496	-1.195209	-27.938323	1.559154	-1.207105	-28.012411	1.525011	-1.143375	-28.129741	1.558847	-1.275620	-27.830097	1.563995	-1.134813	-28.067582	1.379767	-0.966527	-27.979823	0.754989	-1.625060	-27.923810	1.287502	-0.667513	-28.073940	-0.039754	-2.043620	-27.943184	1.269016	-0.668969	-28.097047	-0.034219	-2.053339	-27.914420	1.234281	-0.645931	-28.080102	-0.039561	-2.085789	-28.158658	0.948340	-1.205918	-28.124857	0.966832	-1.304255	-27.829254	0.969787	-1.099083	-27.782427	0.982132	-1.143326	-28.141558	0.433875	-1.278063	-27.835018	0.478397	-1.082802	-28.162601	-0.048705	-1.232898	-28.147011	-0.040333	-1.283378	-27.867481	-0.067126	-1.062147	-27.852555	-0.056672	-1.097556
3438	47.751768	00:00:47:54	-27.977527	1.692722	-1.226909	-27.981091	1.622551	-1.094518	-28.084808	1.655891	-1.170925	-27.974912	1.553640	-1.211557	-27.987482	1.559242	-1.165262	-28.117906	1.564519	-1.250016	-27.855758	1.568527	-1.171229	-28.014382	1.391794	-0.977304	-27.959207	0.744128	-1.627171	-27.922283	1.272404	-0.657146	-28.097847	-0.076139	-2.061801	-27.905627	1.312149	-0.652365	-28.096167	-0.033420	-2.106726	-27.904309	1.291336	-0.645471	-28.085952	0.009166	-2.074342	-28.168375	0.973371	-1.233557	-28.171119	0.979110	-1.303152	-27.835102	0.960864	-1.089303	-27.800672	0.962943	-1.157677	-28.120397	0.454565	-1.252590	-27.805260	0.442944	-1.106482	-28.155787	-0.025488	-1.201972	-28.133046	-0.050969	-1.308352	-27.890842	-0.040847	-1.033821	-27.825461	-0.039425	-1.130129
3439	47.765662	00:00:47:55	-27.963880	1.700376	-1.265738	-27.936626	1.607127	-1.078089	-28.092267	1.654684	-1.158210	-27.975772	1.563757	-1.210250	-27.979923	1.546360	-1.191327	-28.160430	1.527750	-1.260971	-27.826755	1.528617	-1.166215	-28.011522	1.389482	-0.959790	-27.994315	0.795945	-1.570315	-27.935973	1.280187	-0.650723	-28.094389	-0.034494	-2.072388	-27.897637	1.285045	-0.653802	-28.086731	-0.067215	-2.083303	-27.925582	1.272418	-0.667629	-28.118661	-0.060252	-2.094775	-28.143561	0.951134	-1.251452	-28.128171	0.986705	-1.304718	-27.855131	0.959292	-1.074840	-27.796343	0.967758	-1.130839	-28.150059	0.479412	-1.265454	-27.822724	0.455831	-1.107837	-28.147315	-0.097914	-1.210184	-28.115914	-0.052032	-1.294813	-27.809910	-0.066309	-1.075466	-27.799329	-0.044055	-1.137029
3440	47.779555	00:00:47:56	-27.955439	1.671257	-1.231361	-27.979060	1.654532	-1.074643	-28.102996	1.645417	-1.152046	-27.979590	1.548879	-1.181444	-28.002794	1.556267	-1.196089	-28.118826	1.561807	-1.274962	-27.855829	1.536787	-1.121522	-28.038743	1.392131	-0.946574	-27.959409	0.743431	-1.587707	-27.941085	1.265238	-0.649252	-28.083995	-0.067961	-2.040378	-27.926499	1.272988	-0.633074	-28.082642	-0.014778	-2.055159	-27.921818	1.282347	-0.633391	-28.077974	-0.060867	-2.116669	-28.129865	0.967239	-1.230588	-28.099710	1.004395	-1.282770	-27.846517	0.970006	-1.057211	-27.834646	0.982286	-1.177451	-28.166583	0.445851	-1.259344	-27.837504	0.443762	-1.098543	-28.149931	-0.088337	-1.202824	-28.121616	-0.039642	-1.288551	-27.853610	-0.081391	-1.076051	-27.817242	-0.066149	-1.126771
3441	47.793449	00:00:47:57	-27.991194	1.681655	-1.260243	-27.963190	1.642398	-1.134381	-28.112851	1.659558	-1.127548	-28.001731	1.544085	-1.198544	-27.990392	1.538837	-1.160604	-28.119244	1.556932	-1.258373	-27.832842	1.537143	-1.117716	-28.001176	1.429453	-0.937848	-27.950604	0.751121	-1.585449	-27.935828	1.269129	-0.610161	-28.062813	-0.036775	-2.069667	-27.938647	1.276080	-0.609603	-28.124834	-0.044846	-2.095229	-27.944102	1.277065	-0.643647	-28.108291	0.001840	-2.067558	-28.149797	0.980639	-1.227665	-28.101655	0.979851	-1.289073	-27.829474	0.972713	-1.096984	-27.802622	0.977497	-1.128318	-28.167195	0.435375	-1.277062	-27.838713	0.458714	-1.124814	-28.153914	-0.036724	-1.242893	-28.147988	-0.056935	-1.268085	-27.885296	-0.085071	-1.077008	-27.818973	-0.054881	-1.139351
3442	47.807342	00:00:47:58	-27.961682	1.690258	-1.263315	-27.960999	1.645957	-1.068715	-28.074368	1.626554	-1.147493	-27.970037	1.557106	-1.206270	-27.995534	1.572068	-1.146781	-28.111813	1.570539	-1.277069	-27.823513	1.532117	-1.118464	-27.996571	1.400983	-0.935041	-27.948526	0.749711	-1.574451	-27.943510	1.259423	-0.644748	-28.083386	-0.043111	-2.036673	-27.904749	1.255816	-0.638717	-28.098113	-0.028321	-2.052503	-27.929373	1.252480	-0.648826	-28.078499	-0.020146	-2.065553	-28.155962	0.977213	-1.255072	-28.126326	0.965948	-1.329906	-27.879156	0.959890	-1.082987	-27.830167	0.974271	-1.137516	-28.147501	0.482641	-1.225618	-27.838561	0.451197	-1.089240	-28.161272	-0.069166	-1.215281	-28.135278	-0.048163	-1.316199	-27.846800	-0.049006	-1.082654	-27.826636	-0.052683	-1.098845
3443	47.821236	00:00:47:59	-27.980922	1.680843	-1.235591	-27.986237	1.629412	-1.093376	-28.043936	1.614960	-1.146664	-27.973395	1.541736	-1.197463	-28.023436	1.584713	-1.208342	-28.125722	1.544342	-1.275113	-27.823815	1.553659	-1.139002	-28.014401	1.394601	-0.958279	-27.930000	0.758198	-1.599183	-27.951026	1.290585	-0.641734	-28.094742	-0.061314	-2.055743	-27.947289	1.239582	-0.643340	-28.096136	-0.063914	-2.060467	-27.928008	1.272770	-0.638283	-28.107684	-0.055936	-2.052480	-28.156494	0.961022	-1.263105	-28.108234	0.978672	-1.265842	-27.818423	0.977027	-1.103066	-27.814812	0.965212	-1.158880	-28.130680	0.452493	-1.243446	-27.828144	0.460378	-1.100282	-28.152341	-0.066347	-1.231997	-28.146956	-0.064874	-1.279474	-27.835228	-0.042977	-1.107995	-27.832116	-0.046948	-1.114624
3444	47.835129	00:00:47:60	-27.935943	1.672698	-1.222273	-27.944407	1.662854	-1.092027	-28.093484	1.666595	-1.144589	-28.008342	1.551900	-1.200333	-27.995350	1.545102	-1.186382	-28.106556	1.587499	-1.262000	-27.877326	1.552581	-1.121105	-28.015198	1.399005	-0.918345	-27.939695	0.737839	-1.587061	-27.949930	1.277222	-0.647463	-28.081832	-0.055547	-2.078193	-27.920406	1.267428	-0.624588	-28.087533	-0.027344	-2.076384	-27.904240	1.255389	-0.634793	-28.105691	-0.034232	-2.078177	-28.129712	0.949600	-1.264658	-28.119918	0.982287	-1.284980	-27.842359	0.951661	-1.081753	-27.780410	0.953309	-1.101073	-28.143911	0.497748	-1.258894	-27.847983	0.434702	-1.100620	-28.204429	-0.076261	-1.220100	-28.140765	-0.037722	-1.298668	-27.834208	-0.072492	-1.075590	-27.822247	-0.055561	-1.142571
3445	47.849023	00:00:47:61	-27.967976	1.638207	-1.248497	-27.993718	1.665272	-1.147670	-28.079544	1.629392	-1.142712	-27.954030	1.590064	-1.222096	-27.990644	1.538736	-1.155123	-28.084166	1.565027	-1.270813	-27.836556	1.550573	-1.165703	-28.041056	1.415514	-0.948045	-27.957961	0.765451	-1.601951	-27.929708	1.267090	-0.612134	-28.126031	-0.073158	-2.066461	-27.940910	1.281522	-0.642587	-28.113115	-0.018630	-2.072541	-27.950649	1.290788	-0.636451	-28.070628	-0.025124	-2.067330	-28.190742	0.941559	-1.271427	-28.140651	0.966620	-1.275231	-27.843622	0.966179	-1.044401	-27.843779	0.969313	-1.125582	-28.122182	0.441582	-1.259677	-27.827723	0.415918	-1.092239	-28.190666	-0.072907	-1.222970	-28.147618	-0.047453	-1.285976	-27.857603	-0.054506	-1.055307	-27.834479	-0.027139	-1.086938
3446	47.862916	00:00:47:62	-27.940523	1.661021	-1.232489	-27.973298	1.647743	-1.070269	-28.063799	1.649955	-1.155650	-27.995805	1.534171	-1.215063	-27.972869	1.543169	-1.137886	-28.109493	1.539943	-1.271472	-27.853199	1.572478	-1.135233	-28.029881	1.385743	-0.994721	-27.969682	0.725334	-1.613089	-27.922771	1.281384	-0.637576	-28.083291	-0.059247	-2.085557	-27.931756	1.294332	-0.653976	-28.086422	-0.052710	-2.044781	-27.933001	1.300177	-0.630927	-28.128464	-0.034186	-2.065640	-28.137817	0.925845	-1.265779	-28.157354	0.988524	-1.278244	-27.826428	1.009855	-1.093220	-27.842104	0.997221	-1.134410	-28.140071	0.411775	-1.260791	-27.827353	0.442221	-1.097663	-28.174730	-0.052917	-1.198304	-28.142585	-0.021187	-1.265856	-27.847101	-0.089874	-1.034610	-27.828666	-0.076599	-1.129038
3447	47.876809	00:00:47:63	-27.991721	1.638939	-1.217997	-27.979547	1.644406	-1.097524	-28.064554	1.595676	-1.177723	-28.020516	1.547355	-1.224161	-27.977380	1.553810	-1.167658	-28.124428	1.538029	-1.278161	-27.862996	1.550082	-1.143121	-28.028947	1.421256	-0.972786	-27.965410	0.749671	-1.626363	-27.949576	1.248771	-0.643227	-28.070241	-0.081234	-2.083866	-27.914416	1.290831	-0.644173	-28.098915	-0.058997	-2.091641	-27.928600	1.272496	-0.632005	-28.120169	-0.022081	-2.032858	-28.147478	0.935349	-1.216556	-28.130462	0.983362	-1.321444	-27.887746	0.949891	-1.116846	-27.809619	0.973624	-1.146632	-28.143006	0.423439	-1.273382	-27.835685	0.448730	-1.122086	-28.149255	-0.077192	-1.227647	-28.154793	-0.047856	-1.274345	-27.819307	-0.067524	-1.040344	-27.816385	-0.031191	-1.116156
3448	47.890703	00:00:47:64	-27.936404	1.661393	-1.269204	-27.978805	1.629111	-1.077503	-28.063972	1.653444	-1.160393	-27.985340	1.547928	-1.217077	-28.012291	1.522924	-1.164691	-28.133207	1.566271	-1.300193	-27.840701	1.518522	-1.140657	-28.014723	1.439198	-0.938833	-27.969609	0.768511	-1.611393	-27.957002	1.296358	-0.627628	-28.071744	-0.030045	-2.066645	-27.934785	1.290860	-0.634041	-28.082192	-0.059527	-2.089404	-27.889645	1.297633	-0.647442	-28.091175	-0.066551	-2.048381	-28.176977	0.970826	-1.246968	-28.155184	0.940290	-1.302526	-27.837439	0.942470	-1.079243	-27.825076	0.981939	-1.111236	-28.139258	0.414450	-1.268910	-27.806942	0.452487	-1.093943	-28.137030	-0.069302	-1.217478	-28.129421	-0.052166	-1.277496	-27.843830	-0.077593	-1.060581	-27.817668	-0.044003	-1.137628
3449	47.904596	00:00:47:65	-27.975955	1.680115	-1.227420	-27.949206	1.656480	-1.106713	-28.089899	1.629397	-1.149149	-27.984845	1.538449	-1.194079	-28.020519	1.547843	-1.172525	-28.096505	1.535836	-1.267876	-27.848871	1.525990	-1.128004	-28.035737	1.390387	-0.965791	-27.972541	0.733308	-1.593299	-27.959850	1.258536	-0.648619	-28.088715	-0.055288	-2.031570	-27.913357	1.270971	-0.652591	-28.054497	-0.075289	-2.072531	-27.914388	1.267342	-0.648126	-28.084378	-0.046778	-2.070051	-28.156637	0.959610	-1.209720	-28.117497	0.972474	-1.291800	-27.839587	0.967735	-1.053386	-27.821225	0.978183	-1.138939	-28.180859	0.462564	-1.251687	-27.837698	0.463586	-1.100819	-28.165514	-0.034741	-1.244102	-28.133037	-0.042091	-1.256649	-27.867410	-0.036692	-1.066193	-27.798008	-0.077733	-1.126284
3450	47.918490	00:00:47:66	-27.956437	1.682105	-1.228858	-27.967591	1.639344	-1.094615	-28.097659	1.641117	-1.159087	-28.009802	1.532645	-1.195329	-28.018458	1.529883	-1.177416	-28.100102	1.542791	-1.284277	-27.861971	1.586986	-1.136736	-28.042692	1.416456	-0.930490	-27.954372	0.743725	-1.612577	-27.943094	1.248724	-0.647158	-28.081489	-0.016736	-2.093760	-27.921647	1.267124	-0.621114	-28.107066	-0.034733	-2.055666	-27.927438	1.261103	-0.643535	-28.100611	-0.038259	-2.079712	-28.165697	0.968166	-1.232730	-28.159288	0.985714	-1.288490	-27.832780	0.964404	-1.095360	-27.804926	0.974236	-1.132785	-28.151011	0.456891	-1.250325	-27.833775	0.455189	-1.116862	-28.139871	-0.047477	-1.212577	-28.134650	-0.065119	-1.283243	-27.827986	-0.083343	-1.071123	-27.810274	-0.041149	-1.098202
3451	47.932383	00:00:47:67	-27.972369	1.656225	-1.257560	-27.981852	1.620949	-1.126910	-28.098796	1.662040	-1.172548	-27.997133	1.561566	-1.219062	-27.976324	1.557307	-1.158624	-28.123369	1.541688	-1.280179	-27.842029	1.570129	-1.150810	-28.039954	1.411607	-0.953324	-27.954336	0.755712	-1.598276	-27.918281	1.301526	-0.628657	-28.074453	-0.067415	-2.058583	-27.907656	1.273623	-0.645432	-28.111661	-0.062666	-2.056557	-27.919747	1.279889	-0.627481	-28.104807	-0.062278	-2.053442	-28.130614	0.959567	-1.261685	-28.131004	0.975056	-1.298226	-27.833992	0.991332	-1.084452	-27.827774	0.955090	-1.138059	-28.149198	0.453541	-1.232530	-27.829111	0.451480	-1.107442	-28.193331	-0.031655	-1.222619	-28.112532	-0.034476	-1.286522	-27.812702	-0.040935	-1.056713	-27.835232	-0.080593	-1.110353
3452	47.946277	00:00:47:68	-27.950602	1.650237	-1.258659	-27.951473	1.644423	-1.120220	-28.060172	1.650624	-1.170932	-28.002425	1.524782	-1.203037	-27.992944	1.561653	-1.173325	-28.125052	1.564886	-1.289950	-27.853621	1.563996	-1.152561	-28.001583	1.465529	-0.952844	-27.975246	0.761841	-1.623263	-27.932272	1.276776	-0.628812	-28.109205	-0.052423	-2.048437	-27.935233	1.290335	-0.640586	-28.101905	-0.072974	-2.060996	-27.932421	1.270093	-0.610559	-28.096810	-0.074870	-2.089801	-28.184125	0.973399	-1.257791	-28.125254	0.974276	-1.320408	-27.854138	0.955020	-1.092913	-27.820865	0.968534	-1.151507	-28.115120	0.469438	-1.279197	-27.847689	0.472961	-1.113944	-28.158635	-0.098629	-1.234474	-28.169852	-0.092583	-1.256308	-27.886728	-0.035603	-1.083113	-27.797929	-0.052267	-1.111793
3453	47.960170	00:00:47:69	-27.954236	1.678643	-1.216624	-27.983180	1.644710	-1.110866	-28.084231	1.656807	-1.161069	-27.948649	1.552191	-1.194707	-27.978690	1.553204	-1.179562	-28.091847	1.545688	-1.264600	-27.853973	1.545923	-1.140641	-28.055290	1.434358	-0.969838	-27.988164	0.739258	-1.578906	-27.916505	1.261592	-0.649199	-28.080881	-0.040824	-2.040730	-27.963983	1.277421	-0.636706	-28.091290	-0.037906	-2.033648	-27.942650	1.276081	-0.658416	-28.085682	-0.050691	-2.041565	-28.173824	0.965412	-1.257062	-28.142328	0.981030	-1.284591	-27.843598	0.936149	-1.092012	-27.829500	0.963660	-1.128751	-28.147111	0.490405	-1.240201	-27.840317	0.427570	-1.094401	-28.170116	-0.045588	-1.246309	-28.122339	-0.070202	-1.283184	-27.857570	-0.054169	-1.041892	-27.837456	-0.035272	-1.117224
3454	47.974064	00:00:47:70	-27.955863	1.668996	-1.230114	-27.950972	1.654743	-1.106690	-28.106474	1.615766	-1.161436	-27.961899	1.523516	-1.189119	-28.025389	1.543383	-1.192115	-28.100544	1.526308	-1.296879	-27.841263	1.530147	-1.142134	-27.999523	1.420321	-0.959224	-27.966112	0.704240	-1.580926	-27.935035	1.299030	-0.636094	-28.083275	-0.041266	-2.091827	-27.903782	1.260404	-0.631339	-28.095381	-0.050936	-2.073945	-27.915820	1.287007	-0.655182	-28.070647	-0.037147	-2.060809	-28.172361	0.979764	-1.252722	-28.137956	0.987364	-1.306646	-27.830358	0.976339	-1.092625	-27.826805	0.978428	-1.147163	-28.127753	0.438300	-1.256181	-27.841848	0.459622	-1.093430	-28.169658	-0.042216	-1.215300	-28.141174	-0.053084	-1.281319	-27.851967	-0.085345	-1.044376	-27.839220	-0.060593	-1.149050
3455	47.987957	00:00:47:71	-27.990479	1.649861	-1.262237	-27.999260	1.647237	-1.056908	-28.111177	1.661522	-1.185807	-27.986028	1.527921	-1.207090	-27.988001	1.504266	-1.155021	-28.119636	1.547450	-1.283561	-27.852139	1.562044	-1.095413	-28.018723	1.404887	-0.969636	-27.973656	0.766841	-1.575985	-27.932401	1.276924	-0.629257	-28.107339	-0.043667	-2.080670	-27.937086	1.295481	-0.662067	-28.091151	-0.060350	-2.059020	-27.938329	1.302863	-0.646712	-28.093371	-0.046331	-2.072406	-28.171676	0.956493	-1.230186	-28.151541	0.971847	-1.296046	-27.827332	0.982775	-1.099994	-27.823262	0.976293	-1.140141	-28.142148	0.471454	-1.216940	-27.828181	0.459260	-1.118950	-28.162743	-0.055955	-1.248032	-28.144578	-0.076754	-1.273399	-27.847026	-0.062813	-1.064801	-27.809312	-0.085161	-1.119973
3456	48.001850	00:00:48:00	-27.978899	1.657479	-1.237213	-27.979434	1.642867	-1.092596	-28.118761	1.673679	-1.138014	-27.964929	1.537650	-1.243986	-28.024674	1.574976	-1.159869	-28.124490	1.582376	-1.287886	-27.891580	1.518209	-1.146547	-28.002710	1.410176	-0.925225	-27.982182	0.756971	-1.631392	-27.927683	1.279011	-0.640870	-28.100928	-0.062342	-2.046142	-27.935292	1.292805	-0.613094	-28.079755	-0.059139	-2.074573	-27.943694	1.289801	-0.637849	-28.101367	-0.055013	-2.091394	-28.156450	0.972813	-1.240833	-28.156038	1.000261	-1.283553	-27.861951	0.952731	-1.091275	-27.816953	0.995264	-1.117115	-28.127436	0.441306	-1.263423	-27.830291	0.460909	-1.104049	-28.184149	-0.069832	-1.233305	-28.165700	-0.053092	-1.285732	-27.845214	-0.035256	-1.069100	-27.808667	-0.046459	-1.096658
3457	48.015744	00:00:48:01	-27.979384	1.659935	-1.237238	-27.971764	1.614108	-1.110364	-28.094666	1.659346	-1.166942	-27.946648	1.549126	-1.206285	-27.999871	1.544262	-1.170854	-28.088835	1.573695	-1.289737	-27.890289	1.543958	-1.139481	-28.014625	1.403136	-0.936206	-27.983553	0.764927	-1.608244	-27.943144	1.283873	-0.609526	-28.079750	-0.046126	-2.043106	-27.925661	1.253951	-0.693504	-28.080666	-0.029554	-2.066388	-27.948329	1.291916	-0.631524	-28.097353	-0.044279	-2.066707	-28.158288	0.953380	-1.214849	-28.122373	0.949009	-1.288066	-27.847287	0.930058	-1.061239	-27.816120	0.963943	-1.123540	-28.155106	0.456962	-1.263189	-27.786661	0.460144	-1.100465	-28.148572	-0.033447	-1.207099	-28.139199	-0.094697	-1.257628	-27.856551	-0.075143	-1.075907	-27.847293	-0.077629	-1.118615
3458	48.029637	00:00:48:02	-27.960767	1.677051	-1.232032	-27.980437	1.673556	-1.098409	-28.051926	1.657583	-1.140001	-28.004059	1.545598	-1.191085	-28.005896	1.564550	-1.169529	-28.113874	1.533041	-1.262196	-27.844617	1.557294	-1.147200	-27.986846	1.402625	-0.968620	-27.965848	0.758721	-1.572272	-27.929073	1.309621	-0.630085	-28.086369	-0.049812	-2.096679	-27.923135	1.296076	-0.629877	-28.080935	-0.031900	-2.074271	-27.934184	1.280575	-0.626829	-28.121533	-0.030036	-2.050616	-28.152162	1.001726	-1.252635	-28.122114	0.992466	-1.306120	-27.854626	0.981296	-1.098146	-27.832769	0.989675	-1.116774	-28.160796	0.464843	-1.248262	-27.860059	0.447509	-1.086689	-28.155377	-0.051905	-1.233664	-28.138392	-0.034907	-1.282101	-27.842068	-0.072643	-1.077921	-27.803871	-0.048195	-1.068223
3459	48.043531	00:00:48:03	-27.977861	1.663870	-1.225832	-27.965616	1.677870	-1.108159	-28.091189	1.644894	-1.111034	-27.989593	1.531091	-1.179881	-28.008465	1.523490	-1.179313	-28.107320	1.541327	-1.265083	-27.881776	1.554517	-1.117718	-28.025822	1.414855	-0.936071	-27.969802	0.739977	-1.615899	-27.904899	1.300887	-0.643379	-28.099907	-0.045796	-2.028878	-27.937994	1.273162	-0.644762	-28.082115	0.005850	-2.049593	-27.929599	1.311026	-0.638895	-28.108196	-0.033229	-2.083851	-28.167507	0.957348	-1.245929	-28.160400	0.970317	-1.337908	-27.827281	0.945886	-1.080922	-27.804431	0.948043	-1.139341	-28.135607	0.445993	-1.290013	-27.830146	0.458248	-1.089506	-28.159975	-0.062975	-1.246998	-28.156449	-0.031173	-1.293364	-27.842970	-0.061962	-1.077383	-27.836520	-0.038140	-1.093304
3460	48.057424	00:00:48:04	-27.945289	1.673781	-1.223281	-27.976899	1.641226	-1.094513	-28.078267	1.652173	-1.137104	-27.992174	1.530464	-1.197406	-27.986579	1.568892	-1.175157	-28.145913	1.547243	-1.268232	-27.874835	1.548863	-1.132506	-28.004136	1.450466	-0.977833	-27.977263	0.738138	-1.600782	-27.950387	1.288147	-0.618734	-28.119980	-0.049423	-2.070832	-27.963543	1.294179	-0.609085	-28.097425	-0.014439	-2.069743	-27.917089	1.298785	-0.626494	-28.090825	-0.082023	-2.053281	-28.178652	0.938614	-1.254644	-28.126090	0.994000	-1.308897	-27.845715	0.983132	-1.068135	-27.836352	0.975695	-1.127596	-28.181745	0.465889	-1.239949	-27.826564	0.488604	-1.128009	-28.198902	-0.049134	-1.232866	-28.118885	-0.053207	-1.316624	-27.836155	-0.085572	-1.077213	-27.822740	-0.067037	-1.118905
3461	48.071318	00:00:48:05	-27.998677	1.688921	-1.226786	-28.005493	1.666638	-1.085738	-28.075260	1.631986	-1.135707	-28.008730	1.546825	-1.217238	-28.042070	1.503379	-1.176802	-28.134423	1.568193	-1.256379	-27.843514	1.558799	-1.143069	-27.991954	1.404517	-0.946608	-27.988903	0.728310	-1.599168	-27.920632	1.314446	-0.660588	-28.114101	-0.057920	-2.074034	-27.941294	1.258212	-0.645286	-28.117685	-0.055436	-2.054942	-27.941519	1.314402	-0.633720	-28.071256	-0.062652	-2.061160	-28.132132	0.982796	-1.224645	-28.115370	0.980168	-1.288370	-27.890129	0.931478	-1.094734	-27.813191	0.990976	-1.136266	-28.154802	0.454986	-1.264682	-27.831817	0.431074	-1.082061	-28.163811	-0.076090	-1.207811	-28.125318	-0.038283	-1.287397	-27.847829	-0.037617	-1.055611	-27.840036	-0.040001	-1.132613
3462	48.085211	00:00:48:06	-27.972823	1.686831	-1.241533	-27.958346	1.629712	-1.087319	-28.059018	1.687235	-1.121699	-27.982356	1.536032	-1.200255	-27.999102	1.523832	-1.178252	-28.102518	1.563946	-1.271354	-27.880296	1.565764	-1.142886	-28.055923	1.407020	-0.932919	-27.985911	0.752611	-1.586039	-27.914931	1.310052	-0.628334	-28.111196	-0.064358	-2.051214	-27.926313	1.262535	-0.653228	-28.081564	-0.052392	-2.073232	-27.938601	1.263653	-0.644608	-28.120314	-0.057196	-2.053516	-28.171862	0.966808	-1.247593	-28.150154	0.967169	-1.292532	-27.851214	0.995188	-1.102519	-27.802564	0.985550	-1.136920	-28.155384	0.453271	-1.284563	-27.847960	0.472453	-1.116012	-28.155413	-0.086131	-1.214655	-28.120718	-0.045367	-1.280906	-27.843782	-0.027508	-1.067323	-27.804327	-0.049057	-1.107753
3463	48.099105	00:00:48:07	-27.992058	1.671852	-1.264017	-27.955868	1.602933	-1.122835	-28.107575	1.651911	-1.153773	-27.999655	1.533890	-1.202787	-28.028723	1.510687	-1.187975	-28.132118	1.560102	-1.275715	-27.852118	1.544756	-1.119542	-28.025864	1.401448	-0.964734	-27.991916	0.745541	-1.614041	-27.957567	1.292180	-0.660281	-28.098177	-0.035152	-2.052786	-27.950200	1.299921	-0.625941	-28.111974	-0.014092	-2.029720	-27.929368	1.292413	-0.633283	-28.081431	-0.058457	-2.057533	-28.159753	0.968747	-1.240087	-28.147241	0.987028	-1.336377	-27.847137	0.954034	-1.084669	-27.801534	0.987599	-1.107658	-28.149194	0.463990	-1.299840	-27.818260	0.487531	-1.100927	-28.189238	-0.048183	-1.216217	-28.165801	-0.068651	-1.272692	-27.841245	-0.058813	-1.058492	-27.792836	-0.027846	-1.101523
3464	48.112998	00:00:48:08	-27.991925	1.674662	-1.248561	-27.952393	1.642328	-1.103147	-28.072299	1.628254	-1.138136	-27.987845	1.583623	-1.168497	-28.002524	1.541573	-1.181526	-28.139271	1.587474	-1.270458	-27.877953	1.529761	-1.104193	-27.994094	1.436565	-0.941568	-27.951430	0.772102	-1.603239	-27.949244	1.316182	-0.617351	-28.078170	-0.057144	-2.089185	-27.943324	1.252062	-0.631786	-28.129418	-0.062771	-2.066090	-27.948573	1.263769	-0.638665	-28.087066	-0.066441	-2.091655	-28.174702	0.959901	-1.217925	-28.128901	0.980080	-1.277609	-27.852033	0.977286	-1.088686	-27.815813	0.949370	-1.142386	-28.156269	0.458545	-1.264713	-27.854359	0.460496	-1.083910	-28.141581	-0.049591	-1.203248	-28.134097	-0.049683	-1.267746	-27.852656	-0.054941	-1.076339	-27.813264	-0.057599	-1.109475
3465	48.126891	00:00:48:09	-27.980951	1.667358	-1.223270	-27.957238	1.665366	-1.088705	-28.079171	1.646408	-1.142695	-27.973358	1.563085	-1.230339	-27.998330	1.561469	-1.171700	-28.108848	1.542422	-1.251276	-27.842067	1.526190	-1.126676	-28.007227	1.426170	-0.951150	-27.982330	0.715970	-1.607004	-27.945725	1.278758	-0.646563	-28.075323	-0.054725	-2.084025	-27.925693	1.278833	-0.646889	-28.084851	-0.071015	-2.072685	-27.957682	1.301404	-0.613037	-28.086301	-0.041340	-2.034129	-28.147875	0.961271	-1.253612	-28.138821	0.964513	-1.316217	-27.846284	0.976175	-1.066060	-27.796081	0.998649	-1.121000	-28.157711	0.444641	-1.254330	-27.832099	0.456714	-1.079065	-28.187167	-0.044439	-1.218280	-28.150959	-0.043131	-1.279268	-27.833930	-0.033655	-1.066955	-27.822134	-0.046542	-1.152845
3466	48.140785	00:00:48:10	-27.979305	1.691879	-1.232366	-27.992861	1.660038	-1.111107	-28.086559	1.661862	-1.143667	-27.967655	1.544978	-1.202239	-28.004790	1.525563	-1.185729	-28.123952	1.576905	-1.299281	-27.836879	1.506169	-1.114607	-28.056786	1.433311	-0.973028	-27.974655	0.758910	-1.578121	-27.905938	1.288599	-0.607847	-28.085320	-0.062590	-2.038805	-27.950890	1.288480	-0.618188	-28.109346	-0.058101	-2.087536	-27.962358	1.286768	-0.634791	-28.092242	-0.024416	-2.025243	-28.180008	0.937230	-1.260243	-28.136753	0.974021	-1.293252	-27.835028	0.962804	-1.095107	-27.824681	0.972176	-1.118248	-28.173448	0.485860	-1.258486	-27.833375	0.433308	-1.098570	-28.158160	-0.050630	-1.242924	-28.151407	-0.067287	-1.263781	-27.833096	-0.069542	-1.079102	-27.820924	-0.033131	-1.108888
3467	48.154678	00:00:48:11	-27.966158	1.690147	-1.209704	-27.996791	1.644470	-1.122780	-28.129029	1.636941	-1.179933	-27.954293	1.509556	-1.256964	-28.007395	1.560277	-1.193504	-28.151005	1.552788	-1.275133	-27.866559	1.536300	-1.187922	-28.036325	1.429729	-0.959373	-27.985877	0.766500	-1.614766	-27.950032	1.315558	-0.622438	-28.086423	-0.068892	-2.079178	-27.943130	1.305713	-0.643335	-28.085559	-0.058080	-2.089356	-27.930751	1.288901	-0.643771	-28.070332	-0.045687	-2.061444	-28.187769	0.963996	-1.257837	-28.122439	0.979081	-1.278297	-27.856132	0.975362	-1.073469	-27.794777	0.998964	-1.136695	-28.186285	0.466121	-1.286312	-27.826063	0.462707	-1.103979	-28.178968	-0.060167	-1.226015	-28.127521	-0.031322	-1.293892	-27.877380	-0.061600	-1.080336	-27.835502	-0.056945	-1.121864
3468	48.168572	00:00:48:12	-27.975117	1.652242	-1.256845	-27.973479	1.669775	-1.111254	-28.087248	1.629808	-1.145510	-27.965477	1.551061	-1.235847	-27.980826	1.565108	-1.166664	-28.125522	1.570910	-1.286612	-27.859714	1.562136	-1.138127	-28.040511	1.408356	-0.970859	-27.938026	0.746785	-1.578971	-27.913354	1.307126	-0.613042	-28.101678	-0.033592	-2.046833	-27.935614	1.299534	-0.639178	-28.095452	-0.020866	-2.114318	-27.947065	1.265845	-0.622245	-28.085682	-0.043726	-2.091484	-28.179657	0.990341	-1.226293	-28.146485	0.959616	-1.298782	-27.846284	0.973200	-1.087353	-27.803088	0.982568	-1.129278	-28.159271	0.448219	-1.267257	-27.829896	0.458645	-1.116026	-28.148886	-0.035382	-1.206028	-28.148321	-0.024060	-1.256153	-27.850933	-0.060404	-1.072272	-27.825714	-0.015783	-1.116318
3469	48.182465	00:00:48:13	-27.960578	1.679828	-1.228997	-27.988824	1.646513	-1.106614	-28.107466	1.657574	-1.148850	-27.964892	1.582099	-1.201235	-28.012281	1.519271	-1.131022	-28.130624	1.556546	-1.263235	-27.885388	1.552065	-1.126720	-28.036876	1.424241	-0.915257	-27.962484	0.743134	-1.601425	-27.946727	1.302979	-0.660038	-28.084141	-0.062784	-2.051211	-27.931892	1.289200	-0.641015	-28.066043	-0.055813	-2.053606	-27.913391	1.275074	-0.620710	-28.109780	-0.070652	-2.072774	-28.148473	0.946025	-1.215519	-28.148170	0.928237	-1.282867	-27.824594	0.939634	-1.069164	-27.823715	0.953240	-1.114179	-28.159540	0.421326	-1.267205	-27.819313	0.487255	-1.144943	-28.196344	-0.063880	-1.257306	-28.156896	-0.030427	-1.256863	-27.849883	-0.064460	-1.073831	-27.806487	-0.033768	-1.122908
3470	48.196359	00:00:48:14	-27.943993	1.661636	-1.235777	-28.004481	1.637759	-1.107872	-28.096396	1.654250	-1.136946	-27.990455	1.535037	-1.177915	-28.014311	1.528956	-1.151524	-28.112803	1.521755	-1.289523	-27.850188	1.524364	-1.108120	-28.040557	1.426002	-0.929347	-27.979610	0.748254	-1.598814	-27.939298	1.275092	-0.629591	-28.122246	-0.067210	-2.031114	-27.935039	1.304576	-0.681761	-28.111360	-0.031419	-2.053157	-27.929175	1.296593	-0.631580	-28.095315	-0.032894	-2.064285	-28.172004	0.997093	-1.224329	-28.132590	0.948266	-1.287232	-27.809334	0.943817	-1.094557	-27.817844	0.976351	-1.104763	-28.132043	0.450205	-1.245055	-27.833686	0.451514	-1.109397	-28.147799	-0.052436	-1.252239	-28.143924	-0.009214	-1.258724	-27.806173	-0.064744	-1.049607	-27.840256	-0.068495	-1.132943
3471	48.210252	00:00:48:15	-27.978883	1.688664	-1.244683	-27.983253	1.638123	-1.086204	-28.087205	1.645148	-1.124248	-27.979917	1.514593	-1.240368	-27.991340	1.567606	-1.176073	-28.123588	1.526525	-1.249072	-27.831978	1.529984	-1.160696	-28.007403	1.443761	-0.981353	-27.986736	0.743530	-1.560088	-27.917307	1.260171	-0.634608	-28.124308	-0.022701	-2.069289	-27.895823	1.310457	-0.626696	-28.085869	-0.053311	-2.048929	-27.930967	1.292445	-0.633230	-28.106079	-0.051671	-2.083919	-28.168990	1.003926	-1.262579	-28.131147	0.971253	-1.283955	-27.865365	0.969251	-1.082859	-27.809122	0.951679	-1.098110	-28.155232	0.486432	-1.250419	-27.849421	0.456559	-1.071546	-28.145299	-0.057411	-1.232729	-28.118327	-0.058698	-1.256133	-27.851731	-0.074012	-1.029513	-27.833777	-0.051806	-1.113664
3472	48.224146	00:00:48:16	-27.979920	1.621185	-1.217288	-27.964065	1.661971	-1.097004	-28.073041	1.622928	-1.140535	-27.985796	1.532903	-1.206805	-27.996434	1.558680	-1.159265	-28.104393	1.527553	-1.287171	-27.863691	1.579682	-1.149996	-28.013142	1.404781	-0.952337	-27.943130	0.761478	-1.597656	-27.909072	1.282903	-0.643588	-28.100666	-0.059319	-2.068459	-27.921519	1.274587	-0.622183	-28.093416	-0.058209	-2.051740	-27.940265	1.304737	-0.648057	-28.093037	-0.065292	-2.064436	-28.175142	0.988124	-1.259811	-28.139722	0.959396	-1.282701	-27.852982	0.988616	-1.084384	-27.811198	0.962758	-1.136258	-28.158746	0.449126	-1.269601	-27.832316	0.456830	-1.099508	-28.144860	-0.029050	-1.236120	-28.118467	-0.062730	-1.247084	-27.812450	-0.044363	-1.065273	-27.828883	-0.087732	-1.105033
3473	48.238039	00:00:48:17	-27.956397	1.686114	-1.221110	-27.946100	1.620390	-1.112149	-28.083606	1.646984	-1.200196	-28.011960	1.561809	-1.203064	-28.025870	1.543442	-1.193496	-28.150008	1.556428	-1.279256	-27.870968	1.576771	-1.114494	-28.011832	1.427073	-0.933245	-27.982950	0.744093	-1.595832	-27.942556	1.307275	-0.628294	-28.102894	-0.050335	-2.068046	-27.916912	1.277065	-0.653794	-28.091290	-0.056853	-2.089390	-27.946612	1.301906	-0.622469	-28.075623	-0.015005	-2.056260	-28.177053	0.943790	-1.242256	-28.136476	0.981528	-1.282870	-27.834488	0.980537	-1.062711	-27.825498	0.983820	-1.152371	-28.187499	0.479955	-1.219878	-27.868669	0.462311	-1.116343	-28.133233	-0.069003	-1.201423	-28.109787	-0.042110	-1.286805	-27.836520	-0.063667	-1.070420	-27.821226	-0.058019	-1.112360
3474	48.251932	00:00:48:18	-27.946112	1.677984	-1.238978	-27.999690	1.652925	-1.072822	-28.057225	1.634441	-1.106668	-27.991799	1.511713	-1.172611	-28.001264	1.538397	-1.194783	-28.097706	1.542711	-1.262991	-27.828493	1.538483	-1.129613	-28.036049	1.386395	-0.982421	-27.960779	0.754768	-1.608601	-27.922302	1.288205	-0.643920	-28.070300	-0.043094	-2.064787	-27.928990	1.275281	-0.661923	-28.106207	-0.041207	-2.057972	-27.923051	1.325197	-0.653226	-28.112724	-0.029039	-2.059334	-28.146567	0.971426	-1.247724	-28.163664	0.976596	-1.315605	-27.858066	0.981754	-1.066851	-27.834206	0.967173	-1.126209	-28.153029	0.456586	-1.243264	-27.836513	0.467224	-1.115669	-28.196674	-0.040364	-1.240614	-28.146814	-0.046919	-1.244383	-27.834761	-0.054896	-1.045942	-27.825963	-0.062254	-1.131146
3475	48.265826	00:00:48:19	-27.977805	1.660624	-1.238382	-27.965026	1.667982	-1.059773	-28.063428	1.629397	-1.160438	-28.001726	1.548477	-1.200227	-28.022311	1.535081	-1.169264	-28.103129	1.546265	-1.248816	-27.850895	1.547902	-1.135327	-28.033685	1.395541	-0.962225	-27.990890	0.753299	-1.624450	-27.918233	1.311492	-0.639842	-28.087936	-0.046585	-2.081349	-27.924587	1.301079	-0.617142	-28.132056	-0.047575	-2.068871	-27.942719	1.273604	-0.632295	-28.083494	-0.055438	-2.063289	-28.140112	0.949596	-1.278340	-28.140424	0.955201	-1.261451	-27.835131	0.971900	-1.094438	-27.846315	0.947094	-1.142954	-28.192439	0.433243	-1.259686	-27.813974	0.443728	-1.070901	-28.164675	-0.069895	-1.224935	-28.122268	-0.061635	-1.263986	-27.818033	-0.070338	-1.057143	-27.816682	-0.063418	-1.130434
3476	48.279719	00:00:48:20	-27.958994	1.644223	-1.240841	-27.983723	1.649373	-1.120455	-28.088575	1.640958	-1.171509	-27.977968	1.548985	-1.195210	-27.989812	1.548504	-1.176336	-28.114511	1.547339	-1.282200	-27.849935	1.563133	-1.128710	-28.018842	1.416235	-0.946453	-27.951187	0.777767	-1.584782	-27.924448	1.264551	-0.635260	-28.102500	-0.056735	-2.051464	-27.937212	1.304473	-0.596756	-28.129715	-0.049080	-2.065602	-27.934958	1.303983	-0.624049	-28.102447	-0.055340	-2.053316	-28.173024	0.938749	-1.263151	-28.125735	0.972212	-1.307537	-27.844097	0.966676	-1.071680	-27.784397	0.968553	-1.120939	-28.163107	0.460015	-1.287375	-27.781935	0.453755	-1.073113	-28.151427	-0.056403	-1.218993	-28.135012	-0.060571	-1.254917	-27.822816	-0.044328	-1.049623	-27.806729	-0.036881	-1.109538
3477	48.293613	00:00:48:21	-27.987175	1.672580	-1.213264	-27.981202	1.655163	-1.080961	-28.070029	1.673411	-1.142646	-27.966290	1.560296	-1.193520	-28.010676	1.542589	-1.193534	-28.080272	1.532719	-1.252958	-27.850164	1.555527	-1.126200	-28.064506	1.428478	-0.930988	-27.972126	0.756540	-1.590736	-27.939893	1.299474	-0.640582	-28.067993	-0.050248	-2.070505	-27.947105	1.306919	-0.612973	-28.091753	-0.044553	-2.060140	-27.950621	1.276028	-0.609650	-28.100767	-0.052794	-2.057440	-28.180253	0.958838	-1.215431	-28.119759	0.963533	-1.309836	-27.837357	0.948893	-1.071848	-27.830417	0.957996	-1.121280	-28.151781	0.459354	-1.265836	-27.818496	0.457442	-1.078293	-28.171548	-0.056479	-1.225498	-28.113572	-0.041542	-1.264757	-27.858347	-0.034874	-1.059325	-27.845466	-0.047496	-1.128142
3478	48.307506	00:00:48:22	-27.976321	1.673594	-1.249102	-27.977038	1.651383	-1.076072	-28.074605	1.647875	-1.157782	-27.962326	1.539438	-1.207871	-27.993551	1.536259	-1.164889	-28.101933	1.535651	-1.275455	-27.848089	1.512886	-1.148536	-28.038264	1.423182	-0.912308	-27.997114	0.754054	-1.583212	-27.930697	1.297728	-0.605711	-28.124167	-0.024465	-2.045461	-27.923722	1.304260	-0.647282	-28.108767	-0.013015	-2.050546	-27.918681	1.298340	-0.623425	-28.096102	-0.060782	-2.059528	-28.147389	0.972101	-1.239977	-28.149104	0.949797	-1.298788	-27.844057	0.963763	-1.082237	-27.804356	0.957247	-1.108701	-28.165199	0.452449	-1.248501	-27.821357	0.449453	-1.103022	-28.171681	-0.045763	-1.240475	-28.151990	-0.033803	-1.261941	-27.867929	-0.041726	-1.078481	-27.820826	-0.079622	-1.112036
3479	48.321400	00:00:48:23	-27.955547	1.710330	-1.223935	-27.998173	1.658160	-1.104204	-28.073390	1.675596	-1.171518	-27.969063	1.516354	-1.231259	-27.992416	1.555233	-1.179623	-28.128567	1.537847	-1.263808	-27.875842	1.564628	-1.161646	-28.012160	1.400756	-0.956346	-27.969610	0.741114	-1.608997	-27.946606	1.312600	-0.601326	-28.109650	-0.062490	-2.082918	-27.925769	1.309481	-0.610158	-28.121935	-0.074476	-2.064789	-27.943000	1.304591	-0.653746	-28.075933	-0.081708	-2.083974	-28.203036	0.933275	-1.251884	-28.151371	0.984587	-1.324215	-27.843921	0.987936	-1.064371	-27.825117	0.965221	-1.102684	-28.176527	0.442146	-1.249564	-27.831322	0.453115	-1.139458	-28.182336	-0.061500	-1.244828	-28.150862	-0.048995	-1.285820	-27.858229	-0.044150	-1.058463	-27.816536	-0.083953	-1.112476
3480	48.335293	00:00:48:24	-27.973209	1.683245	-1.229533	-27.980949	1.676624	-1.111791	-28.089413	1.628269	-1.173366	-27.985397	1.540071	-1.187476	-28.007025	1.562748	-1.171279	-28.116063	1.533837	-1.267399	-27.860770	1.568903	-1.155736	-28.007547	1.378622	-0.930374	-27.982001	0.731446	-1.575540	-27.925378	1.294553	-0.684086	-28.093018	-0.019904	-2.073384	-27.931371	1.287177	-0.638205	-28.083364	-0.044911	-2.092735	-27.991907	1.304822	-0.632140	-28.086632	-0.062975	-2.054864	-28.160158	0.965425	-1.236880	-28.130540	0.984660	-1.309973	-27.849861	0.953377	-1.098857	-27.792516	0.994731	-1.111135	-28.156444	0.437196	-1.241199	-27.822509	0.433928	-1.089140	-28.160833	-0.053216	-1.252746	-28.153797	-0.041352	-1.303429	-27.886267	-0.061992	-1.051548	-27.826056	-0.041628	-1.120306
3481	48.349187	00:00:48:25	-27.977489	1.694673	-1.247848	-27.976842	1.647221	-1.082979	-28.071850	1.634492	-1.149478	-28.007760	1.526205	-1.232241	-28.004601	1.548012	-1.164568	-28.129530	1.561640	-1.304704	-27.850773	1.535148	-1.136767	-28.029020	1.436227	-0.955950	-27.976109	0.749528	-1.618833	-27.912055	1.280427	-0.632167	-28.097001	-0.054785	-2.071703	-27.939692	1.282148	-0.618809	-28.091572	-0.060297	-2.056372	-27.921928	1.278078	-0.652526	-28.081683	-0.058066	-2.064350	-28.142844	0.981697	-1.267034	-28.153228	0.964830	-1.290013	-27.886539	0.986357	-1.072383	-27.813838	0.971341	-1.152874	-28.172221	0.462433	-1.279646	-27.845382	0.439962	-1.104491	-28.154236	-0.054531	-1.199509	-28.150512	-0.026361	-1.284778	-27.839472	-0.060717	-1.050000	-27.809223	-0.049656	-1.105307
3482	48.363080	00:00:48:26	-27.981053	1.675367	-1.217859	-27.955665	1.646302	-1.103071	-28.114125	1.642231	-1.118901	-27.961077	1.561643	-1.217474	-27.986126	1.522385	-1.181098	-28.160896	1.560018	-1.275587	-27.855840	1.533444	-1.154338	-28.027656	1.447357	-0.944573	-27.986052	0.727706	-1.588534	-27.921768	1.280556	-0.638475	-28.081845	-0.025249	-2.069196	-27.932261	1.302507	-0.617818	-28.121008	-0.048393	-2.034459	-27.944054	1.299716	-0.620261	-28.083182	-0.015209	-2.067951	-28.204382	0.955727	-1.246266	-28.115379	0.978616	-1.285024	-27.860757	0.967761	-1.071225	-27.808708	0.984535	-1.124110	-28.211869	0.441736	-1.282243	-27.853990	0.462053	-1.079415	-28.173420	-0.090544	-1.219156	-28.147130	-0.038482	-1.252534	-27.836776	-0.057355	-1.074609	-27.789059	-0.071348	-1.125404
3483	48.376973	00:00:48:27	-27.978281	1.657154	-1.257628	-27.963918	1.656844	-1.086882	-28.077340	1.651553	-1.142309	-28.002921	1.525154	-1.213020	-27.993379	1.561201	-1.183225	-28.090234	1.529866	-1.248213	-27.878181	1.548093	-1.112025	-28.045593	1.457632	-0.953164	-27.963741	0.744902	-1.603962	-27.943998	1.320362	-0.598813	-28.083510	-0.026542	-2.061067	-27.964692	1.283192	-0.634590	-28.113546	-0.046741	-2.040985	-27.939306	1.309456	-0.633252	-28.119148	-0.054503	-2.071504	-28.165041	0.937970	-1.261671	-28.159184	0.958386	-1.286217	-27.871076	0.945914	-1.071241	-27.868229	0.971655	-1.137393	-28.166360	0.464864	-1.268808	-27.833104	0.432161	-1.073691	-28.153499	-0.042172	-1.218883	-28.152375	-0.054933	-1.311957	-27.863028	-0.091441	-1.025911	-27.804032	-0.041453	-1.119894
3484	48.390867	00:00:48:28	-27.969326	1.638551	-1.234373	-28.000390	1.647247	-1.124286	-28.078538	1.665159	-1.142183	-27.998285	1.535659	-1.205294	-27.996873	1.560936	-1.162180	-28.103324	1.532667	-1.273537	-27.834285	1.549030	-1.142134	-28.061987	1.419365	-0.940164	-28.010620	0.759749	-1.622945	-27.906288	1.307452	-0.637542	-28.057994	-0.057376	-2.040535	-27.944696	1.306355	-0.616737	-28.121008	-0.035508	-2.103044	-27.914665	1.326771	-0.606239	-28.088178	-0.017817	-2.066489	-28.166147	0.958835	-1.224594	-28.132225	0.991705	-1.300442	-27.871120	0.936510	-1.072416	-27.836376	0.954722	-1.111568	-28.137663	0.442996	-1.265240	-27.842065	0.465713	-1.102435	-28.162410	-0.024767	-1.233115	-28.148212	-0.066561	-1.270824	-27.829046	-0.049348	-1.028622	-27.843111	-0.064829	-1.114537
3485	48.404760	00:00:48:29	-27.970684	1.678170	-1.252513	-27.995972	1.627664	-1.104436	-28.112692	1.678263	-1.179849	-28.015393	1.565306	-1.206601	-27.986059	1.561184	-1.164289	-28.119861	1.543853	-1.285323	-27.830058	1.547992	-1.161725	-28.055589	1.403926	-0.910944	-27.999472	0.734508	-1.579902	-27.912585	1.284429	-0.612024	-28.130286	-0.044216	-2.057418	-27.922710	1.283573	-0.624916	-28.097756	-0.028648	-2.096497	-27.923999	1.296264	-0.603518	-28.109695	-0.030991	-2.084620	-28.164942	0.968506	-1.235673	-28.160468	0.976211	-1.278974	-27.871787	0.982167	-1.104275	-27.795364	0.971025	-1.141743	-28.146293	0.476376	-1.256787	-27.838056	0.445972	-1.131134	-28.188809	-0.053268	-1.182219	-28.119087	-0.032071	-1.312430	-27.843555	-0.068783	-1.060400	-27.830320	-0.034874	-1.106267
3486	48.418654	00:00:48:30	-27.988246	1.658695	-1.255979	-27.963091	1.662396	-1.116001	-28.060305	1.652740	-1.154584	-27.983498	1.564237	-1.231562	-28.004503	1.527882	-1.162037	-28.113301	1.544719	-1.269084	-27.867646	1.584327	-1.164840	-28.009075	1.436376	-0.963178	-27.957884	0.761536	-1.591591	-27.954275	1.315876	-0.623483	-28.102532	-0.059911	-2.032992	-27.951030	1.327665	-0.635745	-28.090723	-0.043200	-2.094299	-27.936170	1.309555	-0.637873	-28.088202	-0.068225	-2.064936	-28.156976	0.986015	-1.266826	-28.119769	0.952090	-1.322869	-27.868047	0.969007	-1.051280	-27.852945	0.964374	-1.144314	-28.157152	0.439465	-1.284613	-27.846834	0.450247	-1.097420	-28.176011	-0.034516	-1.218755	-28.165670	-0.027002	-1.290091	-27.850068	-0.070716	-1.057898	-27.792512	-0.060763	-1.124418
3487	48.432547	00:00:48:31	-27.953078	1.636621	-1.236815	-27.960837	1.625195	-1.113840	-28.050707	1.653599	-1.163200	-27.980779	1.532215	-1.209697	-28.025873	1.546895	-1.156348	-28.137784	1.536536	-1.289671	-27.858252	1.551938	-1.127200	-28.031312	1.417504	-0.974806	-27.960737	0.765131	-1.624869	-27.943778	1.302083	-0.605813	-28.107981	-0.014420	-2.051641	-27.925157	1.311048	-0.611221	-28.063016	-0.060166	-2.045753	-27.930335	1.303811	-0.633553	-28.102387	-0.035841	-2.062049	-28.150090	0.939177	-1.248540	-28.127389	0.954875	-1.272582	-27.816954	0.981538	-1.093021	-27.830798	0.987170	-1.124864	-28.138120	0.476876	-1.290592	-27.818897	0.467168	-1.103338	-28.164857	-0.051102	-1.205708	-28.151141	-0.042585	-1.258368	-27.880719	-0.080525	-1.054321	-27.826597	-0.064887	-1.107586
3488	48.446441	00:00:48:32	-27.958780	1.661845	-1.229879	-27.943809	1.675709	-1.060026	-28.077286	1.652286	-1.137789	-27.990482	1.541623	-1.208944	-28.005672	1.557088	-1.203684	-28.132088	1.542887	-1.244428	-27.859098	1.547227	-1.123798	-28.023047	1.439106	-0.925567	-27.968085	0.764471	-1.591477	-27.940548	1.272249	-0.641439	-28.094723	-0.060381	-2.059368	-27.944243	1.305751	-0.621256	-28.092888	-0.026155	-2.055335	-27.930880	1.294919	-0.638407	-28.097983	-0.043907	-2.062681	-28.143310	0.936062	-1.233169	-28.117673	0.976996	-1.280992	-27.837482	0.972249	-1.062608	-27.812329	0.973667	-1.122549	-28.161842	0.449506	-1.261437	-27.829694	0.456167	-1.070620	-28.135032	-0.071522	-1.207833	-28.142483	-0.052863	-1.263893	-27.854457	-0.063625	-1.098068	-27.817181	-0.057721	-1.140611
3489	48.460334	00:00:48:33	-27.943124	1.652171	-1.250274	-27.956961	1.682013	-1.074575	-28.084281	1.659999	-1.138988	-27.973063	1.513964	-1.204780	-28.001949	1.570748	-1.169971	-28.113045	1.547586	-1.265452	-27.844019	1.536517	-1.138401	-28.022035	1.397726	-0.956708	-27.986512	0.738118	-1.602883	-27.951713	1.312280	-0.623476	-28.097675	-0.051763	-2.044441	-27.908663	1.295659	-0.610453	-28.104024	-0.064912	-2.079819	-27.942214	1.291460	-0.627569	-28.096346	-0.065265	-2.060667	-28.162951	0.974843	-1.230000	-28.156072	0.986195	-1.281866	-27.855075	0.957066	-1.070892	-27.818897	0.975083	-1.144430	-28.172629	0.455091	-1.262044	-27.817398	0.465707	-1.083566	-28.172375	-0.046148	-1.242018	-28.137339	-0.030409	-1.257205	-27.850015	-0.057033	-1.029350	-27.815530	-0.076611	-1.103195
3490	48.474228	00:00:48:34	-27.977710	1.681790	-1.240888	-27.957251	1.648107	-1.091792	-28.097831	1.659324	-1.142808	-27.991306	1.542069	-1.228889	-27.991357	1.540197	-1.148285	-28.098041	1.540498	-1.248618	-27.855771	1.542650	-1.125255	-28.037899	1.421007	-0.951130	-27.983984	0.742519	-1.591148	-27.939389	1.334874	-0.639482	-28.120537	-0.048973	-2.086840	-27.955246	1.300569	-0.626746	-28.094891	-0.049826	-2.063304	-27.918732	1.254580	-0.610657	-28.104770	-0.060199	-2.031954	-28.141041	0.942904	-1.251246	-28.170972	0.974566	-1.256913	-27.839594	0.961417	-1.072798	-27.841115	0.944064	-1.116513	-28.133697	0.467527	-1.250988	-27.848079	0.456013	-1.100451	-28.182499	-0.056280	-1.225887	-28.121051	-0.070264	-1.288259	-27.849475	-0.030490	-1.061241	-27.806892	-0.058142	-1.121598
3491	48.488121	00:00:48:35	-27.983363	1.640916	-1.238140	-27.969452	1.642674	-1.103212	-28.066990	1.671525	-1.123527	-27.968492	1.534338	-1.190505	-27.991162	1.560018	-1.188447	-28.151219	1.547776	-1.262524	-27.857972	1.524391	-1.145707	-27.990342	1.422604	-0.962192	-27.983752	0.749718	-1.599546	-27.959661	1.319827	-0.642482	-28.099153	-0.039654	-2.061806	-27.965522	1.313629	-0.624821	-28.111425	-0.048068	-2.050699	-27.940809	1.277165	-0.622559	-28.085636	-0.067477	-2.055521	-28.172602	0.974145	-1.235367	-28.162668	0.945089	-1.272898	-27.830301	0.972538	-1.079392	-27.833060	0.965556	-1.119566	-28.173797	0.476184	-1.257090	-27.797602	0.450551	-1.077677	-28.204665	-0.050632	-1.197745	-28.115094	-0.061153	-1.257679	-27.838960	-0.060609	-1.059577	-27.813498	-0.089777	-1.129834
3492	48.502014	00:00:48:36	-27.934427	1.627660	-1.252383	-27.986572	1.641846	-1.081961	-28.105286	1.642755	-1.155047	-27.996550	1.561569	-1.175785	-27.987638	1.528795	-1.162672	-28.116116	1.534135	-1.295979	-27.845983	1.514786	-1.151004	-28.022814	1.455974	-0.970830	-27.972144	0.753829	-1.578382	-27.988059	1.297918	-0.620268	-28.095398	-0.046304	-2.051863	-27.955180	1.312009	-0.624064	-28.077886	-0.048339	-2.066126	-27.950705	1.300155	-0.623873	-28.080157	-0.089967	-2.042545	-28.169931	0.970011	-1.233128	-28.131309	0.949597	-1.256401	-27.825973	0.944370	-1.083573	-27.806150	0.979344	-1.157514	-28.169449	0.452470	-1.253341	-27.811913	0.485436	-1.078686	-28.143523	-0.049092	-1.223970	-28.167023	-0.088536	-1.269034	-27.877157	-0.081877	-1.053566	-27.837154	-0.039295	-1.151933
3493	48.515908	00:00:48:37	-27.970684	1.673978	-1.227358	-27.972548	1.671570	-1.128459	-28.073243	1.647872	-1.165592	-27.984098	1.540840	-1.164074	-28.017996	1.536512	-1.146526	-28.110170	1.548418	-1.238211	-27.843080	1.571074	-1.130564	-28.037474	1.444064	-0.920257	-28.003024	0.775080	-1.613516	-27.961578	1.271000	-0.618797	-28.089165	-0.079957	-2.091443	-27.927218	1.307310	-0.629669	-28.100214	-0.063343	-2.064864	-27.946385	1.304505	-0.614484	-28.120829	-0.062338	-2.067197	-28.161469	0.956704	-1.212994	-28.133093	0.938478	-1.306957	-27.837180	0.978217	-1.073309	-27.829557	0.948334	-1.141927	-28.129960	0.425567	-1.252991	-27.846825	0.432056	-1.080748	-28.154637	-0.078610	-1.240125	-28.125980	-0.050437	-1.279622	-27.851494	-0.054458	-1.062071	-27.825635	-0.078585	-1.100239
3494	48.529801	00:00:48:38	-27.954590	1.639847	-1.241902	-27.989243	1.655878	-1.094631	-28.065013	1.651045	-1.165071	-27.985831	1.523523	-1.209881	-28.018586	1.568853	-1.161786	-28.121909	1.570916	-1.281319	-27.867736	1.550245	-1.152046	-28.030034	1.419296	-0.937596	-27.959431	0.779592	-1.588287	-27.914847	1.306479	-0.619367	-28.100474	-0.030841	-2.074532	-27.928310	1.289863	-0.619428	-28.102782	-0.065009	-2.049602	-27.943386	1.346408	-0.601813	-28.053217	-0.029156	-2.051118	-28.219902	1.008613	-1.270052	-28.133194	0.970892	-1.276716	-27.833170	0.993839	-1.062506	-27.842381	0.958726	-1.110265	-28.140789	0.479865	-1.263014	-27.819823	0.447790	-1.095937	-28.176979	-0.049822	-1.220160	-28.152254	-0.034538	-1.237667	-27.853490	-0.051415	-1.065975	-27.824403	-0.028289	-1.139995
3495	48.543695	00:00:48:39	-27.961256	1.655689	-1.235360	-27.955549	1.624064	-1.073177	-28.091222	1.646087	-1.143745	-27.981473	1.539987	-1.205874	-28.017005	1.524396	-1.165071	-28.116784	1.550939	-1.259881	-27.835877	1.543555	-1.121477	-28.048717	1.412681	-0.964965	-27.977538	0.736493	-1.611690	-27.941774	1.303396	-0.596026	-28.097590	-0.064259	-2.031548	-27.920261	1.294278	-0.636612	-28.110117	-0.027888	-2.049411	-27.943749	1.304904	-0.644041	-28.087126	-0.054520	-2.067879	-28.149562	0.952959	-1.228588	-28.137585	0.974806	-1.292666	-27.846536	0.974853	-1.079462	-27.837275	0.964696	-1.151487	-28.139841	0.457700	-1.225716	-27.844318	0.450281	-1.090754	-28.203181	-0.051867	-1.176233	-28.130738	-0.050865	-1.273214	-27.863133	-0.042840	-1.063203	-27.826229	-0.057287	-1.129559
3496	48.557588	00:00:48:40	-27.945537	1.690976	-1.252434	-27.961870	1.631206	-1.129123	-28.093318	1.660335	-1.130739	-27.973179	1.560981	-1.179466	-27.967565	1.544621	-1.153143	-28.112956	1.552610	-1.271768	-27.850764	1.544476	-1.174320	-28.007373	1.432570	-0.984617	-27.993572	0.736387	-1.577977	-27.932688	1.302686	-0.602724	-28.131820	-0.043206	-2.050571	-27.942673	1.331970	-0.602431	-28.105504	-0.045875	-2.066590	-27.923316	1.300733	-0.623870	-28.048904	-0.056634	-2.068229	-28.187227	0.945849	-1.226108	-28.165554	0.983430	-1.318461	-27.843490	0.953529	-1.080907	-27.821028	0.958245	-1.166605	-28.122547	0.471855	-1.235113	-27.832544	0.486271	-1.096391	-28.154531	-0.057707	-1.193712	-28.141815	-0.049271	-1.282939	-27.826037	-0.053547	-1.021656	-27.812149	-0.066374	-1.113792
3497	48.571482	00:00:48:41	-27.964215	1.684556	-1.239173	-27.967056	1.639958	-1.091552	-28.080837	1.686100	-1.149953	-27.962628	1.532448	-1.194020	-28.015200	1.574915	-1.151315	-28.095619	1.578368	-1.285911	-27.846125	1.534067	-1.122137	-28.030437	1.421157	-0.943785	-27.965942	0.738032	-1.613424	-27.970331	1.312253	-0.588967	-28.101008	-0.052426	-2.058852	-27.906413	1.303446	-0.603253	-28.100083	-0.068671	-2.049120	-27.959077	1.306697	-0.619390	-28.126813	-0.040523	-2.044474	-28.167772	0.965437	-1.245622	-28.135546	0.986869	-1.300333	-27.847953	0.946095	-1.075668	-27.838379	0.979060	-1.112854	-28.149354	0.471882	-1.278026	-27.843543	0.437595	-1.065127	-28.203422	-0.049462	-1.226250	-28.130549	-0.027828	-1.255807	-27.857755	-0.028104	-1.058387	-27.815401	-0.052956	-1.121064
3498	48.585375	00:00:48:42	-27.940382	1.654938	-1.246720	-27.959099	1.650523	-1.125464	-28.047436	1.628346	-1.141443	-27.964837	1.524443	-1.211374	-28.016741	1.535314	-1.149332	-28.128412	1.561347	-1.244157	-27.897695	1.557350	-1.120730	-28.090591	1.435484	-0.907792	-28.009810	0.748879	-1.612993	-27.890747	1.308715	-0.641946	-28.092351	-0.059666	-2.047537	-27.962392	1.281590	-0.616631	-28.098295	-0.063216	-2.071584	-27.973923	1.312069	-0.612231	-28.117676	-0.051469	-2.034314	-28.166465	0.927653	-1.248370	-28.152184	0.945146	-1.282076	-27.849305	0.985572	-1.076619	-27.808429	0.941502	-1.178984	-28.172316	0.445572	-1.247487	-27.891038	0.459122	-1.090953	-28.163323	-0.064059	-1.234253	-28.154135	-0.046116	-1.288790	-27.833606	-0.032733	-1.062760	-27.810372	-0.042054	-1.117950
3499	48.599269	00:00:48:43	-27.966908	1.691469	-1.221438	-27.993600	1.639806	-1.104838	-28.072460	1.622614	-1.143989	-27.971328	1.556424	-1.191701	-27.971686	1.504895	-1.176839	-28.116544	1.529280	-1.271605	-27.862581	1.528015	-1.125854	-28.051910	1.436232	-0.961822	-27.972487	0.777322	-1.553073	-27.949838	1.326922	-0.607496	-28.094246	-0.013312	-2.071225	-27.925798	1.307636	-0.637084	-28.091717	-0.013657	-2.037152	-27.931235	1.315844	-0.634621	-28.109792	-0.031959	-2.042306	-28.168893	0.935746	-1.265870	-28.155042	0.942599	-1.275646	-27.833982	0.949861	-1.071151	-27.817149	0.991239	-1.162817	-28.157691	0.461270	-1.271057	-27.831723	0.466681	-1.110823	-28.149758	-0.038459	-1.222063	-28.168884	-0.028790	-1.280821	-27.861875	-0.065752	-1.053566	-27.804722	-0.053389	-1.080015
3500	48.613162	00:00:48:44	-27.965020	1.678661	-1.254995	-27.970917	1.638986	-1.089161	-28.102084	1.633251	-1.153837	-27.993058	1.520636	-1.200313	-27.994387	1.549765	-1.140495	-28.135110	1.522995	-1.289862	-27.860389	1.534853	-1.158269	-28.039397	1.448344	-0.925524	-27.983704	0.732192	-1.602678	-27.929274	1.321707	-0.636428	-28.085286	-0.040643	-2.076360	-27.965097	1.296359	-0.656542	-28.092845	-0.050990	-2.064945	-27.949855	1.298462	-0.612928	-28.096390	-0.028420	-2.077424	-28.172776	0.951643	-1.250295	-28.133755	0.973300	-1.326244	-27.829406	0.974950	-1.090995	-27.828993	0.951518	-1.119757	-28.175895	0.476821	-1.225893	-27.833130	0.449175	-1.095816	-28.176181	-0.043159	-1.232335	-28.107275	-0.058854	-1.258448	-27.841739	-0.043348	-1.042152	-27.817944	-0.056822	-1.130341
3501	48.627055	00:00:48:45	-27.966781	1.654825	-1.224051	-27.970337	1.659009	-1.116972	-28.077164	1.647246	-1.144932	-27.986377	1.548458	-1.198114	-28.019920	1.531186	-1.183143	-28.140545	1.522986	-1.304771	-27.867659	1.526078	-1.150815	-28.016277	1.414649	-0.946558	-27.978857	0.776446	-1.634600	-27.947397	1.309566	-0.620364	-28.072410	-0.042066	-2.040593	-27.940516	1.303254	-0.602687	-28.078377	-0.040817	-2.024738	-27.961318	1.309195	-0.642378	-28.082839	-0.047583	-2.078416	-28.166391	0.964482	-1.212257	-28.127114	0.953972	-1.281773	-27.840883	0.930036	-1.092733	-27.833568	0.943119	-1.110594	-28.142105	0.465822	-1.243837	-27.817683	0.453742	-1.081575	-28.176127	-0.044352	-1.242816	-28.142099	-0.042296	-1.302233	-27.852919	-0.070991	-1.056665	-27.794390	-0.054960	-1.112192
3502	48.640949	00:00:48:46	-27.950182	1.668738	-1.228837	-28.004065	1.658032	-1.089443	-28.103195	1.638872	-1.187353	-27.994316	1.549358	-1.197387	-28.016506	1.558252	-1.127474	-28.097181	1.534006	-1.275238	-27.849584	1.584943	-1.127462	-28.018323	1.424751	-0.953057	-27.957387	0.712325	-1.599580	-27.956915	1.312966	-0.640090	-28.091410	-0.041131	-2.060333	-27.958806	1.291935	-0.620753	-28.082614	-0.074296	-2.076966	-27.915287	1.309167	-0.605495	-28.094856	-0.080617	-2.053935	-28.162681	0.938182	-1.261894	-28.124598	0.968888	-1.270622	-27.851193	0.976295	-1.095650	-27.804300	0.944383	-1.107165	-28.145313	0.475557	-1.287602	-27.828996	0.473805	-1.095208	-28.186002	-0.034817	-1.192617	-28.127396	-0.053883	-1.264744	-27.835099	-0.042892	-1.031107	-27.844536	-0.055828	-1.101244
3503	48.654842	00:00:48:47	-27.973002	1.676739	-1.248615	-27.990343	1.693437	-1.064818	-28.085670	1.651218	-1.122333	-27.984136	1.542946	-1.192734	-28.024653	1.549824	-1.156101	-28.112441	1.548530	-1.265446	-27.845506	1.521435	-1.139805	-28.047689	1.456962	-0.936815	-27.958009	0.787684	-1.591789	-27.950208	1.296926	-0.644647	-28.096092	-0.027356	-2.057820	-27.961763	1.311115	-0.634768	-28.063995	-0.037052	-2.074346	-27.947278	1.267881	-0.610855	-28.080183	-0.034596	-2.060919	-28.170257	0.943880	-1.216686	-28.141672	0.970929	-1.270218	-27.826671	0.980455	-1.085936	-27.846611	0.972991	-1.127071	-28.154352	0.461199	-1.271297	-27.823687	0.473079	-1.096564	-28.178503	-0.047342	-1.201779	-28.140204	-0.058657	-1.290280	-27.826962	-0.047570	-1.075844	-27.835285	-0.025893	-1.098285
3504	48.668736	00:00:48:48	-27.967456	1.661224	-1.260758	-27.995400	1.637136	-1.080635	-28.063538	1.638349	-1.144243	-27.974294	1.529202	-1.168811	-28.002351	1.535248	-1.182066	-28.112344	1.556224	-1.260364	-27.864605	1.544170	-1.154350	-28.038778	1.430765	-0.954474	-27.960603	0.767448	-1.578729	-27.947047	1.321015	-0.633211	-28.095744	-0.029892	-2.064874	-27.954271	1.310153	-0.635356	-28.101598	-0.063384	-2.091167	-27.948217	1.339117	-0.641165	-28.086080	-0.057041	-2.050462	-28.160791	0.986973	-1.222055	-28.165474	0.991184	-1.310466	-27.864248	0.964670	-1.075328	-27.830522	0.961179	-1.143847	-28.148860	0.442608	-1.255417	-27.826287	0.464811	-1.096958	-28.169484	-0.098781	-1.220220	-28.172144	-0.069825	-1.258049	-27.843807	-0.059305	-1.062043	-27.809264	-0.062842	-1.133429
3505	48.682629	00:00:48:49	-27.961988	1.649376	-1.237435	-27.952480	1.649865	-1.081158	-28.098245	1.634493	-1.165371	-27.976888	1.547307	-1.187439	-28.021390	1.523448	-1.147885	-28.131842	1.551539	-1.277103	-27.843327	1.550775	-1.115617	-28.044554	1.421802	-0.937420	-27.982552	0.738203	-1.584188	-27.929055	1.308654	-0.628050	-28.096930	-0.047977	-2.060396	-27.961972	1.298321	-0.607600	-28.073596	-0.031594	-2.047090	-27.961366	1.318704	-0.631619	-28.080881	-0.064858	-2.066066	-28.175183	0.960277	-1.214371	-28.164324	0.985357	-1.285331	-27.861646	0.973506	-1.075046	-27.835089	0.979827	-1.138889	-28.142205	0.468792	-1.259665	-27.858262	0.435269	-1.117001	-28.199200	-0.046848	-1.221685	-28.121067	-0.061892	-1.273341	-27.862981	-0.089162	-1.028372	-27.820068	-0.063994	-1.131074
3506	48.696523	00:00:48:50	-27.936623	1.661944	-1.208483	-27.976794	1.611546	-1.135343	-28.081305	1.624213	-1.153687	-27.997365	1.517434	-1.177977	-28.003131	1.546675	-1.189341	-28.106680	1.560236	-1.294663	-27.886998	1.539066	-1.124349	-28.019257	1.455513	-0.924515	-27.974084	0.756004	-1.594622	-27.945483	1.318447	-0.618480	-28.098087	-0.040179	-2.031197	-27.896140	1.325721	-0.611784	-28.092259	-0.046039	-2.035186	-27.900882	1.302028	-0.627836	-28.134087	-0.050906	-2.050038	-28.159799	0.948678	-1.258361	-28.141047	0.994706	-1.313356	-27.859427	0.957297	-1.090359	-27.829267	0.961478	-1.172091	-28.153615	0.448781	-1.219499	-27.846842	0.429401	-1.103134	-28.152893	-0.098390	-1.204166	-28.155577	-0.051488	-1.258177	-27.861884	-0.058517	-1.059227	-27.818362	-0.011232	-1.113703
3507	48.710416	00:00:48:51	-27.945654	1.658020	-1.221081	-27.969957	1.650652	-1.071404	-28.082213	1.633896	-1.153681	-27.966828	1.558760	-1.202748	-28.006600	1.510378	-1.189466	-28.133404	1.537912	-1.260151	-27.855847	1.587212	-1.125716	-28.001398	1.403005	-0.924215	-27.986894	0.743317	-1.596504	-27.935292	1.320140	-0.568064	-28.085404	-0.039649	-2.070700	-27.943240	1.304055	-0.622680	-28.076524	-0.042247	-2.086251	-27.957067	1.280421	-0.655264	-28.112415	-0.040284	-2.055794	-28.193245	0.950082	-1.249984	-28.159485	0.999862	-1.253984	-27.832838	0.959220	-1.055617	-27.824750	0.972263	-1.115294	-28.160120	0.436531	-1.266662	-27.821576	0.457727	-1.077446	-28.130981	-0.055693	-1.197859	-28.109449	-0.088147	-1.252563	-27.847402	-0.093256	-1.095692	-27.830003	-0.078176	-1.134514
3508	48.724310	00:00:48:52	-27.966962	1.670166	-1.262317	-27.953799	1.672594	-1.083747	-28.058571	1.654009	-1.175832	-28.033532	1.541193	-1.241513	-28.004963	1.558904	-1.136929	-28.132165	1.536522	-1.289845	-27.826967	1.544552	-1.149359	-28.054168	1.390787	-0.941697	-27.970158	0.709231	-1.593587	-27.958801	1.322981	-0.606969	-28.116538	-0.029125	-2.022496	-27.984102	1.333473	-0.619278	-28.085732	-0.028440	-2.065485	-27.952418	1.295812	-0.601983	-28.109064	-0.045658	-2.044682	-28.128486	0.990341	-1.242881	-28.137839	0.979243	-1.306138	-27.851549	0.965522	-1.047372	-27.812976	0.959585	-1.167956	-28.141778	0.445338	-1.240768	-27.839735	0.474143	-1.122681	-28.169090	-0.061237	-1.205509	-28.154291	-0.054526	-1.302520	-27.850987	-0.047738	-1.051688	-27.832375	-0.037897	-1.102652
3509	48.738203	00:00:48:53	-27.994335	1.691219	-1.198419	-27.996829	1.645830	-1.052271	-28.077702	1.651570	-1.141835	-28.004435	1.549241	-1.205826	-28.017831	1.515144	-1.161916	-28.107190	1.567616	-1.284119	-27.845638	1.515793	-1.119560	-28.033850	1.412477	-0.948355	-27.987278	0.771838	-1.596740	-27.943544	1.321900	-0.586478	-28.091850	-0.056171	-2.038762	-27.980926	1.297775	-0.626924	-28.092015	-0.053035	-2.068076	-27.962793	1.321813	-0.628042	-28.135581	-0.028536	-2.037620	-28.153176	0.977419	-1.242839	-28.147279	0.993163	-1.288555	-27.875364	0.944450	-1.092814	-27.824870	0.965690	-1.114379	-28.160415	0.434249	-1.240038	-27.838461	0.443668	-1.128706	-28.181525	-0.052774	-1.210312	-28.157984	-0.035358	-1.321225	-27.852677	-0.063559	-1.010688	-27.837676	-0.049319	-1.114237
3510	48.752096	00:00:48:54	-27.976239	1.682506	-1.262308	-27.981440	1.658782	-1.092739	-28.092519	1.657516	-1.151240	-28.004496	1.552449	-1.224599	-28.010141	1.535208	-1.152548	-28.113744	1.551059	-1.240556	-27.843035	1.536647	-1.144289	-28.034408	1.440501	-0.936087	-27.993004	0.777478	-1.633120	-27.930638	1.303467	-0.622642	-28.091520	-0.065971	-2.045931	-27.919212	1.290727	-0.613487	-28.099802	-0.033491	-2.064985	-27.949794	1.329440	-0.608727	-28.080498	-0.047168	-2.061596	-28.169363	0.924640	-1.214492	-28.143401	0.967015	-1.270918	-27.828205	0.972331	-1.028954	-27.854171	0.971217	-1.126510	-28.205190	0.437397	-1.285801	-27.849095	0.438523	-1.059903	-28.181801	-0.060602	-1.247421	-28.127993	-0.059250	-1.257908	-27.836817	-0.083580	-1.057161	-27.820474	-0.057136	-1.091964
3511	48.765990	00:00:48:55	-27.925522	1.666133	-1.226588	-27.973567	1.686815	-1.103873	-28.099631	1.652642	-1.146668	-27.969977	1.566966	-1.191379	-28.012691	1.527099	-1.201982	-28.135467	1.556018	-1.297314	-27.833047	1.559035	-1.159294	-28.010136	1.422368	-0.921074	-27.964324	0.767495	-1.608985	-27.944188	1.294286	-0.622439	-28.115263	-0.040867	-2.080251	-27.972686	1.331600	-0.608834	-28.098862	-0.039368	-2.060384	-27.969362	1.311558	-0.623439	-28.136551	-0.054607	-2.042210	-28.167617	0.984226	-1.197285	-28.153933	0.971524	-1.278393	-27.850759	0.985622	-1.078608	-27.843742	0.973498	-1.141475	-28.130951	0.449410	-1.243371	-27.864047	0.449483	-1.079989	-28.172176	-0.065095	-1.202953	-28.140977	-0.043091	-1.262762	-27.859097	-0.024888	-1.041449	-27.827755	-0.055696	-1.096999
3512	48.779883	00:00:48:56	-27.979513	1.640248	-1.203844	-27.955467	1.665745	-1.099354	-28.094811	1.629419	-1.158019	-27.982265	1.556030	-1.213395	-27.985936	1.539438	-1.163667	-28.119325	1.567671	-1.285054	-27.851949	1.509474	-1.139754	-28.013663	1.416996	-0.934832	-28.016426	0.742149	-1.593122	-27.959411	1.332260	-0.605481	-28.080751	-0.016642	-2.073385	-27.933287	1.316454	-0.576197	-28.089611	-0.021922	-2.066948	-27.941965	1.336332	-0.628768	-28.126152	-0.059599	-2.054661	-28.186866	0.965663	-1.239442	-28.141521	0.974250	-1.289577	-27.844518	0.975439	-1.088501	-27.853939	0.952944	-1.124612	-28.165162	0.453376	-1.237021	-27.833068	0.478341	-1.093431	-28.175382	-0.079430	-1.222708	-28.164158	-0.009787	-1.269196	-27.852387	-0.039783	-1.036780	-27.837419	-0.045906	-1.117332
3513	48.793777	00:00:48:57	-27.973388	1.681604	-1.238899	-27.971636	1.637872	-1.111503	-28.091470	1.649390	-1.165305	-27.990799	1.563424	-1.181555	-28.024485	1.526675	-1.131609	-28.152293	1.558867	-1.283052	-27.832490	1.540493	-1.135450	-28.041691	1.411995	-0.913483	-27.973559	0.759021	-1.612239	-27.943763	1.296028	-0.620393	-28.077496	-0.053448	-2.060870	-27.958935	1.351483	-0.596080	-28.064460	-0.043969	-2.059566	-27.908246	1.303720	-0.605529	-28.072783	-0.048339	-2.064342	-28.194261	0.937327	-1.217578	-28.141669	0.959738	-1.277360	-27.845323	0.947574	-1.063655	-27.819818	0.988438	-1.128834	-28.170551	0.453487	-1.260929	-27.842934	0.442563	-1.072388	-28.166006	-0.040876	-1.179591	-28.139143	-0.077186	-1.245007	-27.885644	-0.064159	-1.046460	-27.791958	-0.054571	-1.134937
3514	48.807670	00:00:48:58	-27.969906	1.641395	-1.237377	-27.959222	1.638114	-1.119178	-28.110022	1.641775	-1.186542	-27.993330	1.523317	-1.171386	-27.998098	1.529011	-1.146170	-28.115162	1.510916	-1.262501	-27.873303	1.548334	-1.119032	-28.048565	1.402926	-0.943627	-27.967021	0.745280	-1.611723	-27.949489	1.299028	-0.625124	-28.099932	-0.032444	-2.088379	-27.949137	1.324309	-0.650896	-28.108614	-0.023809	-2.054299	-27.936367	1.310369	-0.602981	-28.099475	-0.055201	-2.100771	-28.189765	0.975728	-1.248493	-28.152728	0.968658	-1.276263	-27.865727	0.960181	-1.055245	-27.831354	0.977936	-1.132757	-28.129250	0.443015	-1.281799	-27.853951	0.433115	-1.073257	-28.177231	-0.057548	-1.229637	-28.147460	-0.037125	-1.239865	-27.855716	-0.038060	-1.064297	-27.798870	-0.050273	-1.097676
3515	48.821564	00:00:48:59	-27.999723	1.665336	-1.236746	-27.967321	1.686500	-1.100580	-28.036538	1.641291	-1.103025	-27.992835	1.577852	-1.197072	-28.029300	1.513263	-1.164472	-28.115585	1.574267	-1.257898	-27.852475	1.523851	-1.144625	-28.012164	1.415411	-0.944067	-27.926901	0.760266	-1.587864	-27.984406	1.348726	-0.606719	-28.094541	-0.042049	-2.069537	-27.947541	1.321020	-0.588667	-28.088433	-0.030736	-2.068946	-27.932053	1.325855	-0.632474	-28.083442	-0.041858	-2.045376	-28.183834	0.993438	-1.240062	-28.149653	0.994518	-1.304043	-27.846682	0.949579	-1.054269	-27.805776	0.966855	-1.108284	-28.161602	0.440460	-1.241225	-27.826448	0.477288	-1.089223	-28.170252	-0.032908	-1.209210	-28.140659	-0.042086	-1.261756	-27.849965	-0.067075	-1.050393	-27.818443	-0.060285	-1.081151
3516	48.835457	00:00:48:60	-27.935939	1.631534	-1.228452	-27.986864	1.640832	-1.112261	-28.083762	1.617032	-1.148871	-27.984996	1.554276	-1.176808	-28.012020	1.559768	-1.160986	-28.133083	1.557573	-1.254981	-27.835529	1.547702	-1.128030	-28.048279	1.448566	-0.912222	-27.977435	0.753879	-1.610655	-27.974788	1.356113	-0.603925	-28.109528	-0.072169	-2.064566	-27.957733	1.312113	-0.605839	-28.105837	-0.043130	-2.075958	-27.962454	1.307192	-0.636785	-28.101106	-0.061042	-2.054719	-28.187710	0.943206	-1.243269	-28.126815	0.996876	-1.275600	-27.850407	0.937968	-1.108393	-27.825086	0.970320	-1.109750	-28.128182	0.449516	-1.284711	-27.826709	0.466332	-1.078468	-28.158632	-0.082639	-1.216407	-28.141354	-0.059709	-1.268200	-27.839026	-0.064717	-1.070829	-27.837001	-0.052679	-1.137065
3517	48.849351	00:00:48:61	-27.972769	1.643896	-1.247449	-27.969930	1.656254	-1.124384	-28.104846	1.660450	-1.180071	-27.956373	1.546552	-1.193646	-27.990632	1.524564	-1.142592	-28.168927	1.529560	-1.241213	-27.880627	1.551301	-1.138090	-28.020957	1.428908	-0.950237	-27.993577	0.757326	-1.598883	-27.960705	1.318401	-0.620129	-28.090026	-0.049103	-2.069707	-27.943501	1.322935	-0.593690	-28.098909	-0.053388	-2.081491	-27.940328	1.306576	-0.596425	-28.076110	-0.066412	-2.058032	-28.157730	0.959640	-1.223977	-28.128897	0.948175	-1.293861	-27.836752	0.979518	-1.070757	-27.784001	0.974454	-1.127768	-28.134563	0.451258	-1.246416	-27.814448	0.450960	-1.107810	-28.170847	-0.033711	-1.228312	-28.142550	-0.032506	-1.256967	-27.811119	-0.027075	-1.051873	-27.789445	-0.066204	-1.097490
3518	48.863244	00:00:48:62	-28.000915	1.653178	-1.239281	-27.978618	1.638049	-1.095962	-28.103693	1.649352	-1.144731	-27.996346	1.537186	-1.184300	-28.011550	1.566570	-1.149178	-28.158634	1.578486	-1.277821	-27.844574	1.563402	-1.157180	-28.013516	1.456613	-0.949938	-27.949858	0.768659	-1.601744	-27.933467	1.316606	-0.623086	-28.073221	-0.055408	-2.033112	-27.928171	1.313328	-0.621321	-28.081090	-0.047557	-2.058527	-27.911949	1.325998	-0.622725	-28.085580	-0.034306	-2.068853	-28.153130	0.964687	-1.234836	-28.135665	0.990295	-1.288345	-27.863133	0.993602	-1.092653	-27.808484	0.966734	-1.125119	-28.160895	0.472147	-1.235221	-27.826583	0.436167	-1.108283	-28.155281	-0.065392	-1.215023	-28.137923	-0.071743	-1.303538	-27.826220	-0.081819	-1.019976	-27.840172	-0.053171	-1.099030
3519	48.877137	00:00:48:63	-27.956590	1.652315	-1.265404	-27.963322	1.647648	-1.090553	-28.062120	1.677010	-1.152757	-27.965162	1.570930	-1.190107	-28.000162	1.569173	-1.174588	-28.114200	1.571251	-1.259506	-27.876336	1.566657	-1.117201	-28.010313	1.405859	-0.932511	-27.997310	0.748334	-1.612290	-27.961131	1.344509	-0.616708	-28.111867	-0.054527	-2.055426	-27.947766	1.331689	-0.603790	-28.098240	-0.041139	-2.059540	-27.930785	1.313124	-0.585934	-28.090272	-0.037732	-2.057425	-28.180730	0.980168	-1.247947	-28.161860	0.994036	-1.298284	-27.864973	0.968560	-1.069570	-27.826366	0.961338	-1.108083	-28.157700	0.456577	-1.251965	-27.810836	0.476370	-1.088862	-28.164419	-0.076013	-1.225011	-28.131623	-0.075494	-1.290469	-27.872335	-0.081429	-1.043507	-27.846200	-0.056383	-1.078985
3520	48.891031	00:00:48:64	-27.983908	1.653810	-1.234461	-27.986551	1.644014	-1.083421	-28.061933	1.657437	-1.130318	-27.992967	1.587780	-1.172041	-27.995365	1.538311	-1.172819	-28.098969	1.567886	-1.258802	-27.851980	1.541148	-1.113793	-28.030328	1.415277	-0.905246	-27.944134	0.774050	-1.620461	-27.951774	1.290100	-0.583495	-28.098488	-0.061319	-2.024316	-27.933351	1.317378	-0.599473	-28.098546	-0.057059	-2.057416	-27.945085	1.298591	-0.592014	-28.084453	-0.042716	-2.052233	-28.165282	0.972345	-1.214546	-28.127844	0.980990	-1.261651	-27.838449	0.961313	-1.093829	-27.795252	0.955130	-1.151488	-28.156781	0.419062	-1.241817	-27.835548	0.470621	-1.070172	-28.164318	-0.059157	-1.226017	-28.128641	-0.057520	-1.270582	-27.881662	-0.049520	-1.028847	-27.825245	-0.065631	-1.115948
3521	48.904924	00:00:48:65	-27.939740	1.634651	-1.215106	-27.979610	1.664606	-1.086982	-28.085414	1.646142	-1.138353	-27.989280	1.541437	-1.221747	-28.015649	1.574098	-1.140406	-28.146482	1.534005	-1.310845	-27.880755	1.514445	-1.103846	-28.028173	1.427386	-0.942121	-27.971875	0.759897	-1.618690	-27.949416	1.338410	-0.591634	-28.101662	-0.038261	-2.055056	-27.952091	1.294533	-0.595375	-28.098701	-0.059208	-2.075737	-27.962205	1.325946	-0.614741	-28.057142	-0.046827	-2.081629	-28.178115	0.961364	-1.200848	-28.158635	0.991059	-1.313093	-27.840004	0.930193	-1.086276	-27.811322	0.980043	-1.125619	-28.176342	0.453608	-1.219036	-27.848741	0.415764	-1.070323	-28.165352	-0.059470	-1.194736	-28.113398	-0.057621	-1.246631	-27.840681	-0.098468	-1.074479	-27.815844	-0.056259	-1.074328
3522	48.918818	00:00:48:66	-27.987433	1.661006	-1.243092	-27.981823	1.626714	-1.076876	-28.074736	1.670884	-1.144062	-27.980272	1.546230	-1.161827	-27.996571	1.557345	-1.131954	-28.109337	1.531469	-1.278479	-27.876970	1.567131	-1.133090	-28.063361	1.453866	-0.900933	-27.991509	0.725703	-1.579258	-27.931120	1.310133	-0.630161	-28.087102	-0.055203	-2.074871	-27.920929	1.314663	-0.602656	-28.099485	-0.019987	-2.067302	-27.954564	1.319559	-0.605066	-28.104815	-0.060201	-2.050211	-28.167151	0.968672	-1.242771	-28.144286	0.928909	-1.267944	-27.819016	0.948246	-1.071663	-27.832321	0.961733	-1.120122	-28.193241	0.458532	-1.250679	-27.802651	0.471778	-1.084663	-28.179573	-0.075886	-1.210948	-28.185691	-0.055307	-1.274109	-27.850363	-0.061194	-1.039398	-27.816506	-0.058084	-1.146946
3523	48.932711	00:00:48:67	-27.990592	1.663425	-1.252184	-27.974162	1.648716	-1.099412	-28.077774	1.626241	-1.138224	-27.990871	1.534017	-1.196571	-27.975944	1.538656	-1.140676	-28.139019	1.564031	-1.251924	-27.854912	1.528298	-1.107335	-28.011768	1.423515	-0.935750	-27.977305	0.745453	-1.591524	-27.976799	1.327707	-0.639977	-28.115539	-0.047939	-2.064098	-27.940397	1.330905	-0.615656	-28.076164	-0.059066	-2.090968	-27.921972	1.310107	-0.598311	-28.082741	-0.036826	-2.049437	-28.193002	0.968498	-1.259019	-28.159249	0.966483	-1.243769	-27.841509	0.963083	-1.060446	-27.799409	0.938441	-1.104180	-28.166405	0.425893	-1.251470	-27.819703	0.476832	-1.076607	-28.205418	-0.029548	-1.216482	-28.157129	-0.067712	-1.261766	-27.847151	-0.024473	-1.053801	-27.820858	-0.062291	-1.129261
3524	48.946605	00:00:48:68	-27.980008	1.636910	-1.246926	-27.961350	1.665233	-1.106579	-28.069066	1.670874	-1.184538	-28.011596	1.533436	-1.191969	-28.004865	1.554520	-1.174380	-28.102492	1.516904	-1.275322	-27.843595	1.535212	-1.137643	-28.034253	1.434006	-0.944324	-27.935952	0.752584	-1.607797	-27.975613	1.307942	-0.629997	-28.105368	-0.030641	-2.089442	-27.920205	1.335764	-0.603521	-28.099415	-0.014149	-2.071583	-27.946398	1.331903	-0.620066	-28.076261	-0.051884	-2.084631	-28.179022	0.971290	-1.234355	-28.116450	0.970975	-1.289345	-27.868247	0.960473	-1.064222	-27.823635	0.978346	-1.097876	-28.145394	0.446330	-1.256646	-27.834473	0.457902	-1.084541	-28.157188	-0.064213	-1.213366	-28.128712	-0.071250	-1.288803	-27.842086	-0.051980	-1.064955	-27.823191	-0.055101	-1.115908
3525	48.960498	00:00:48:69	-27.979261	1.645249	-1.272609	-27.974653	1.660129	-1.127023	-28.076394	1.651276	-1.154939	-27.998858	1.555966	-1.189879	-28.003848	1.568125	-1.147085	-28.152071	1.536013	-1.238849	-27.861812	1.551488	-1.148304	-28.033969	1.447055	-0.902238	-27.959439	0.742728	-1.540328	-27.961100	1.337321	-0.580802	-28.049512	-0.036501	-2.079501	-27.931440	1.331761	-0.628993	-28.082174	-0.018430	-2.059979	-27.923654	1.306425	-0.633233	-28.101205	-0.051022	-2.068208	-28.175497	0.963711	-1.243217	-28.146787	0.935127	-1.310732	-27.854860	0.972899	-1.085495	-27.837827	0.970758	-1.103739	-28.167927	0.449340	-1.247550	-27.829108	0.436896	-1.103396	-28.158129	-0.051896	-1.233166	-28.159309	-0.049134	-1.266272	-27.858790	-0.095489	-1.023046	-27.829096	-0.044017	-1.103331
3526	48.974392	00:00:48:70	-28.004504	1.700747	-1.242521	-27.990048	1.646439	-1.081521	-28.056285	1.658781	-1.154727	-27.996394	1.564184	-1.167108	-27.999075	1.534514	-1.178752	-28.119088	1.541191	-1.261563	-27.837494	1.536161	-1.152334	-27.993781	1.430976	-0.939559	-27.956254	0.705256	-1.556396	-27.931277	1.303878	-0.613801	-28.095895	-0.017321	-2.086351	-27.972745	1.317703	-0.632861	-28.074455	-0.041758	-2.076728	-27.938661	1.331197	-0.626943	-28.058327	-0.046140	-2.085480	-28.150972	0.955875	-1.201065	-28.118489	0.974313	-1.291163	-27.849215	0.971467	-1.070717	-27.798701	0.965858	-1.150098	-28.161386	0.495295	-1.238609	-27.795112	0.431889	-1.092313	-28.179110	-0.048314	-1.181588	-28.126543	-0.049851	-1.277166	-27.878851	-0.069358	-1.058602	-27.827948	-0.065800	-1.130780
3527	48.988285	00:00:48:71	-27.947605	1.664943	-1.248765	-27.935830	1.658085	-1.113259	-28.087018	1.662231	-1.144889	-28.026602	1.550242	-1.184447	-27.992313	1.537966	-1.163669	-28.131416	1.509319	-1.269935	-27.874956	1.518046	-1.135529	-28.035077	1.406278	-0.953961	-27.998936	0.786952	-1.594616	-27.935401	1.314433	-0.603755	-28.092528	-0.058889	-2.070693	-27.962744	1.333168	-0.599852	-28.076282	-0.040589	-2.052248	-27.952793	1.354362	-0.604049	-28.081407	-0.062144	-2.086570	-28.139779	0.996283	-1.200904	-28.151670	0.968070	-1.263809	-27.839940	0.981670	-1.056984	-27.843310	0.925873	-1.131147	-28.164231	0.459531	-1.253380	-27.850010	0.489299	-1.089914	-28.185525	-0.056144	-1.221148	-28.142244	-0.045999	-1.244404	-27.842607	-0.048385	-1.037402	-27.832146	-0.043242	-1.115430
3528	49.002178	00:00:49:00	-27.961862	1.662698	-1.209855	-27.950442	1.662401	-1.104473	-28.035310	1.655100	-1.160855	-27.973736	1.518914	-1.215680	-28.000467	1.527872	-1.174919	-28.135763	1.534850	-1.289632	-27.886709	1.514959	-1.113603	-28.040143	1.458549	-0.947569	-27.971113	0.745085	-1.618696	-27.936113	1.319198	-0.616065	-28.126822	-0.041379	-2.088157	-27.924016	1.306172	-0.597705	-28.109331	-0.049374	-2.057258	-27.948302	1.316158	-0.602535	-28.079713	-0.026826	-2.064329	-28.151571	0.970765	-1.209827	-28.141306	0.948589	-1.265915	-27.846349	0.969195	-1.073694	-27.812656	0.947592	-1.145848	-28.160111	0.469380	-1.229549	-27.841722	0.470257	-1.101749	-28.211188	-0.057952	-1.215927	-28.105739	-0.044423	-1.282212	-27.829612	-0.060904	-1.061147	-27.815765	-0.046311	-1.115443
3529	49.016072	00:00:49:01	-27.942857	1.670905	-1.242999	-27.983660	1.655781	-1.118083	-28.097097	1.652535	-1.119012	-27.986200	1.522646	-1.166570	-28.020564	1.561499	-1.181085	-28.138748	1.535688	-1.260432	-27.869373	1.523159	-1.135925	-28.035707	1.457366	-0.965929	-27.990300	0.760837	-1.599951	-27.936660	1.313211	-0.621350	-28.076107	-0.066632	-2.037407	-27.960762	1.342481	-0.597444	-28.075464	-0.017287	-2.060068	-27.959760	1.306285	-0.597708	-28.093516	-0.063613	-2.068438	-28.172794	0.959766	-1.222361	-28.148224	0.964186	-1.289800	-27.850640	0.964664	-1.079032	-27.831889	1.010410	-1.129977	-28.175801	0.457351	-1.239055	-27.833693	0.475880	-1.103955	-28.174488	-0.043117	-1.204224	-28.154055	-0.074943	-1.252549	-27.840612	-0.030779	-1.054484	-27.839112	-0.046425	-1.113751
3530	49.029965	00:00:49:02	-27.965244	1.678131	-1.225544	-27.955253	1.668877	-1.087775	-28.062849	1.633808	-1.154477	-27.982288	1.524336	-1.165954	-27.962387	1.531167	-1.150234	-28.108337	1.549554	-1.244327	-27.887878	1.537318	-1.162499	-28.052132	1.396613	-0.938183	-27.973823	0.753482	-1.588497	-27.958514	1.315970	-0.604864	-28.078775	-0.031265	-2.092174	-27.950275	1.353411	-0.602111	-28.090062	-0.031521	-2.073789	-27.973238	1.319906	-0.620970	-28.091056	-0.022339	-2.035071	-28.150664	0.951777	-1.244825	-28.147576	0.942500	-1.258014	-27.852066	0.940961	-1.060423	-27.835911	0.965877	-1.123250	-28.112034	0.441723	-1.253387	-27.855121	0.478140	-1.080923	-28.156745	-0.056700	-1.223001	-28.138316	-0.056378	-1.263066	-27.830574	-0.075319	-1.049455	-27.818161	-0.064857	-1.111651
3531	49.043859	00:00:49:03	-27.990036	1.675296	-1.233519	-27.965084	1.645812	-1.093981	-28.080958	1.675831	-1.155774	-28.003141	1.576227	-1.227496	-28.015248	1.564344	-1.170741	-28.121623	1.543835	-1.266215	-27.841940	1.555280	-1.107705	-28.063499	1.438783	-0.948963	-28.007872	0.742054	-1.630934	-27.957592	1.322648	-0.646692	-28.121455	-0.036718	-2.053141	-27.984257	1.327874	-0.586386	-28.103479	-0.061055	-2.083217	-27.946194	1.337477	-0.594050	-28.077697	-0.042956	-2.053936	-28.169689	0.965851	-1.215875	-28.162410	0.968569	-1.285068	-27.862761	0.991726	-1.071986	-27.818493	0.965778	-1.125527	-28.173915	0.448725	-1.226964	-27.820681	0.474152	-1.128460	-28.176929	-0.088165	-1.205412	-28.135418	-0.082489	-1.269741	-27.847916	-0.053627	-1.059810	-27.829202	-0.030986	-1.112207
3532	49.057752	00:00:49:04	-27.993910	1.658568	-1.229983	-27.966628	1.684015	-1.095532	-28.082925	1.665104	-1.170888	-27.990755	1.547578	-1.187955	-28.024010	1.531368	-1.176954	-28.130718	1.578709	-1.231909	-27.832955	1.543064	-1.117866	-28.044571	1.427736	-0.965387	-27.991003	0.784210	-1.594945	-27.976503	1.335661	-0.642211	-28.088572	-0.032486	-2.087645	-27.950364	1.343528	-0.604467	-28.072987	-0.038573	-2.095367	-27.953265	1.330141	-0.608489	-28.094258	-0.038645	-2.085279	-28.182649	0.942472	-1.227722	-28.146386	0.970711	-1.284858	-27.878724	0.976568	-1.028323	-27.845069	0.954883	-1.129747	-28.174195	0.453344	-1.297114	-27.843509	0.460484	-1.108660	-28.185500	-0.066435	-1.203695	-28.127596	-0.028402	-1.261484	-27.850366	-0.057304	-1.048918	-27.819574	-0.033769	-1.092791
3533	49.071646	00:00:49:05	-27.967800	1.664737	-1.244851	-27.956007	1.684366	-1.096645	-28.094845	1.651672	-1.140343	-27.978100	1.565131	-1.195246	-28.017502	1.529732	-1.163520	-28.111615	1.534412	-1.299360	-27.832995	1.528251	-1.145771	-28.056035	1.417158	-0.965287	-27.991696	0.737181	-1.615547	-27.946176	1.329382	-0.597222	-28.093180	-0.045682	-2.061835	-27.946364	1.332975	-0.600016	-28.088477	-0.031828	-2.078721	-27.946225	1.357147	-0.600323	-28.090680	-0.042207	-2.064049	-28.172711	0.966226	-1.234003	-28.145089	0.967190	-1.302166	-27.825275	0.990509	-1.065564	-27.839041	0.957146	-1.124624	-28.154019	0.444456	-1.231347	-27.856162	0.472602	-1.058746	-28.171331	-0.073666	-1.204138	-28.142266	-0.049966	-1.286023	-27.871425	-0.054498	-1.045423	-27.809059	-0.072444	-1.116104
3534	49.085539	00:00:49:06	-27.995008	1.651378	-1.208430	-27.981738	1.664111	-1.086321	-28.068898	1.673651	-1.157752	-27.990939	1.501020	-1.178090	-28.001410	1.546316	-1.154277	-28.111963	1.537114	-1.296944	-27.858779	1.519503	-1.154314	-28.025263	1.461563	-0.968009	-27.980002	0.731975	-1.565804	-27.961369	1.326939	-0.590014	-28.111287	-0.033716	-2.066825	-27.964348	1.357572	-0.602576	-28.073826	-0.044021	-2.066185	-27.933112	1.348595	-0.574275	-28.061091	-0.046782	-2.075069	-28.160450	0.970300	-1.234724	-28.159463	0.954904	-1.246436	-27.827806	0.966142	-1.060901	-27.784944	0.966458	-1.129793	-28.132273	0.443444	-1.267110	-27.826154	0.445483	-1.080207	-28.170151	-0.079337	-1.221695	-28.145985	-0.055758	-1.294241	-27.832472	-0.061876	-1.052928	-27.831389	-0.081940	-1.091262
3535	49.099433	00:00:49:07	-27.945943	1.672446	-1.268258	-27.963106	1.636465	-1.088712	-28.058046	1.649260	-1.151121	-27.951761	1.558797	-1.199935	-28.013429	1.521018	-1.138866	-28.158672	1.560672	-1.235012	-27.861211	1.544678	-1.141549	-28.040449	1.439432	-0.900743	-27.972921	0.755447	-1.627196	-27.986909	1.310522	-0.597999	-28.119228	-0.051324	-2.076495	-27.937086	1.318485	-0.621945	-28.103562	-0.060548	-2.042082	-27.945829	1.307432	-0.602564	-28.090014	-0.075367	-2.060616	-28.169540	0.956012	-1.242992	-28.147791	0.969570	-1.285449	-27.851494	0.952312	-1.097440	-27.832216	0.991938	-1.125919	-28.148189	0.455598	-1.246076	-27.845301	0.438686	-1.056984	-28.160338	-0.070752	-1.190980	-28.136663	-0.031900	-1.258002	-27.848654	-0.027270	-1.068311	-27.829563	-0.067661	-1.096743
3536	49.113326	00:00:49:08	-27.984853	1.671574	-1.236218	-27.945957	1.623765	-1.085029	-28.092980	1.640698	-1.165610	-28.036758	1.524672	-1.174552	-28.012373	1.531367	-1.137153	-28.134767	1.562942	-1.277668	-27.864430	1.521094	-1.139009	-28.031801	1.401519	-0.930603	-27.970924	0.741472	-1.570465	-27.933238	1.313766	-0.602685	-28.099913	-0.067126	-2.049439	-27.925458	1.307357	-0.564881	-28.052545	-0.034273	-2.057207	-27.945428	1.300730	-0.589809	-28.089686	-0.044414	-2.058329	-28.194280	0.966921	-1.243163	-28.138906	0.971051	-1.288639	-27.867340	0.943235	-1.080442	-27.840644	0.972853	-1.130365	-28.166302	0.477109	-1.266407	-27.814415	0.477997	-1.080305	-28.148833	-0.042150	-1.200299	-28.137538	-0.048282	-1.295862	-27.851568	-0.043432	-1.057616	-27.820966	-0.057960	-1.103028
3537	49.127219	00:00:49:09	-27.962923	1.670997	-1.270896	-27.989103	1.626939	-1.066815	-28.064106	1.642194	-1.126261	-27.996124	1.570965	-1.181514	-27.998870	1.537652	-1.155991	-28.109019	1.497752	-1.282865	-27.881257	1.545649	-1.156700	-28.037596	1.439125	-0.931688	-27.970862	0.768217	-1.627001	-27.967589	1.331235	-0.589805	-28.093662	-0.036458	-2.091164	-27.940718	1.324517	-0.585526	-28.079174	-0.039000	-2.049228	-27.966373	1.315154	-0.594129	-28.074035	-0.031508	-2.061314	-28.171721	0.999968	-1.228282	-28.120975	0.980736	-1.258418	-27.864180	0.959409	-1.066929	-27.829186	0.940405	-1.145774	-28.138850	0.481241	-1.226426	-27.851136	0.443421	-1.091298	-28.177399	-0.031656	-1.199318	-28.124253	-0.086843	-1.241571	-27.835495	-0.060617	-1.042512	-27.801947	-0.054888	-1.107389
3538	49.141113	00:00:49:10	-27.975552	1.632937	-1.220527	-27.967974	1.640879	-1.129642	-28.091351	1.619698	-1.131521	-27.977966	1.539598	-1.220307	-28.016612	1.526004	-1.176224	-28.107650	1.531851	-1.270555	-27.889797	1.544124	-1.074984	-28.039227	1.395427	-0.950912	-28.004022	0.722833	-1.578710	-27.956183	1.370264	-0.586477	-28.077528	-0.042248	-2.058578	-27.934736	1.356647	-0.581760	-28.079843	-0.036251	-2.048594	-27.931483	1.349908	-0.617756	-28.078278	-0.059930	-2.064273	-28.174245	0.988793	-1.201224	-28.114767	0.950343	-1.302420	-27.868871	0.982152	-1.051555	-27.807058	0.985982	-1.109901	-28.146329	0.442610	-1.260955	-27.847158	0.498204	-1.088212	-28.192798	-0.059321	-1.218168	-28.124285	-0.044807	-1.248950	-27.839699	-0.055558	-1.058558	-27.830548	-0.081546	-1.121420
3539	49.155006	00:00:49:11	-27.957903	1.660889	-1.267938	-27.962442	1.661586	-1.096843	-28.055318	1.644853	-1.151898	-28.002262	1.555321	-1.192519	-28.031710	1.543867	-1.167804	-28.104616	1.569565	-1.248177	-27.876877	1.570955	-1.104249	-28.048950	1.437477	-0.937480	-27.942161	0.706821	-1.570706	-27.953278	1.319610	-0.613402	-28.114837	-0.056892	-2.046486	-27.970522	1.351728	-0.607203	-28.079324	-0.041009	-2.047151	-27.977817	1.312510	-0.615139	-28.044538	-0.077985	-2.045426	-28.165070	0.943502	-1.249573	-28.130469	0.938431	-1.266584	-27.839209	0.970241	-1.084075	-27.823466	0.974621	-1.143177	-28.170727	0.455405	-1.230842	-27.813528	0.480617	-1.102386	-28.135524	-0.049691	-1.204855	-28.123140	-0.061369	-1.291241	-27.850193	-0.045262	-1.069219	-27.824955	-0.044945	-1.096438
3540	49.168900	00:00:49:12	-27.983015	1.676246	-1.245000	-27.950609	1.651063	-1.090937	-28.058670	1.665074	-1.148105	-27.994060	1.531910	-1.170160	-28.007361	1.553381	-1.158850	-28.131324	1.538777	-1.264590	-27.842022	1.567710	-1.117126	-28.047108	1.438647	-0.927700	-27.981938	0.754487	-1.612841	-27.941242	1.342642	-0.612034	-28.115777	-0.017608	-2.065384	-27.946764	1.337290	-0.614796	-28.072246	-0.065196	-2.083807	-27.942812	1.355432	-0.584816	-28.109886	-0.038302	-2.066312	-28.162340	0.964388	-1.252117	-28.159328	0.986148	-1.272013	-27.860136	0.962648	-1.088008	-27.829638	0.973150	-1.119759	-28.150095	0.451942	-1.228783	-27.843844	0.472548	-1.082711	-28.174351	-0.069695	-1.221040	-28.155471	-0.042324	-1.270229	-27.825796	-0.077862	-1.056712	-27.790380	-0.083394	-1.097965
3541	49.182793	00:00:49:13	-28.004288	1.639262	-1.234568	-27.971428	1.639389	-1.091667	-28.057066	1.629511	-1.150340	-27.991972	1.566693	-1.179263	-28.035841	1.554095	-1.158161	-28.131952	1.508416	-1.278907	-27.811397	1.522937	-1.136246	-28.047488	1.412344	-0.945343	-27.978428	0.758119	-1.621257	-27.891483	1.353012	-0.609358	-28.091481	-0.041938	-2.063963	-27.941909	1.328612	-0.628655	-28.071743	-0.076682	-2.027471	-27.937614	1.327393	-0.597334	-28.088118	-0.040712	-2.072939	-28.182998	0.963727	-1.232110	-28.133844	0.956801	-1.274545	-27.847981	0.956087	-1.093275	-27.791723	1.013795	-1.110100	-28.148963	0.445771	-1.221183	-27.835263	0.434591	-1.112924	-28.180110	-0.068986	-1.177670	-28.150106	-0.057201	-1.246751	-27.863253	-0.049383	-1.059405	-27.805161	-0.009753	-1.092891
3542	49.196687	00:00:49:14	-27.970575	1.646661	-1.247086	-27.955752	1.661900	-1.087002	-28.070286	1.667199	-1.166135	-27.970954	1.539138	-1.202088	-27.999903	1.565762	-1.154751	-28.132312	1.527984	-1.281652	-27.880233	1.568083	-1.135021	-28.023804	1.446443	-0.927631	-28.007602	0.715099	-1.565414	-27.953435	1.342615	-0.591955	-28.096609	-0.038678	-2.074566	-27.962088	1.319961	-0.599881	-28.073981	-0.070079	-2.052791	-27.950701	1.373666	-0.616592	-28.141376	-0.032255	-2.072230	-28.197695	0.972477	-1.223036	-28.161927	0.984185	-1.275584	-27.865541	0.974589	-1.089384	-27.831526	0.963050	-1.093879	-28.139646	0.456441	-1.273206	-27.853675	0.449740	-1.110079	-28.155877	-0.059332	-1.220014	-28.137362	-0.058282	-1.276844	-27.835542	-0.042021	-1.049109	-27.811935	-0.066849	-1.099032
3543	49.210580	00:00:49:15	-27.971224	1.656095	-1.238275	-27.955736	1.669534	-1.116501	-28.068819	1.654435	-1.123373	-27.980400	1.543303	-1.189594	-28.014470	1.527613	-1.136318	-28.086358	1.551779	-1.263850	-27.844937	1.534254	-1.131083	-28.031347	1.431027	-0.956063	-27.971688	0.734347	-1.611757	-27.934238	1.345098	-0.599500	-28.099612	-0.067342	-2.054746	-27.924028	1.299542	-0.580907	-28.072333	-0.041736	-2.112548	-27.951270	1.363967	-0.599858	-28.090533	-0.056853	-2.057430	-28.187001	0.961071	-1.223886	-28.127066	0.942861	-1.279704	-27.867347	0.953403	-1.090044	-27.836909	0.988748	-1.123245	-28.137587	0.438792	-1.272114	-27.859270	0.453227	-1.080124	-28.164305	-0.042527	-1.197331	-28.150466	-0.059158	-1.269509	-27.869761	-0.041142	-1.054221	-27.858043	-0.054585	-1.146797
3544	49.224474	00:00:49:16	-27.973269	1.616343	-1.231814	-27.975862	1.659912	-1.080423	-28.090756	1.616673	-1.137885	-27.992572	1.541392	-1.196121	-28.023415	1.562224	-1.161292	-28.146852	1.569038	-1.259356	-27.864912	1.540590	-1.134421	-27.990220	1.464013	-0.945456	-27.969178	0.731453	-1.585025	-27.952778	1.306410	-0.589719	-28.075141	-0.055491	-2.095866	-27.957278	1.348208	-0.590524	-28.094349	-0.058107	-2.068555	-27.936798	1.343141	-0.596605	-28.091251	-0.056832	-2.052324	-28.174481	0.972612	-1.249918	-28.153177	0.964348	-1.285477	-27.855654	0.968464	-1.087453	-27.824223	0.980596	-1.138980	-28.136388	0.447260	-1.230114	-27.811324	0.445504	-1.124161	-28.211553	-0.076287	-1.233975	-28.147506	-0.084213	-1.276978	-27.850879	-0.067557	-1.055136	-27.823172	-0.069034	-1.107799
3545	49.238367	00:00:49:17	-27.935270	1.659797	-1.250342	-27.924349	1.663489	-1.125594	-28.067894	1.651635	-1.146088	-27.987999	1.562164	-1.168264	-28.001756	1.552999	-1.135505	-28.114471	1.535359	-1.246354	-27.873185	1.554243	-1.116182	-28.038118	1.440928	-0.936967	-27.980952	0.732829	-1.595930	-27.936040	1.362743	-0.604083	-28.094299	-0.052343	-2.071002	-27.936033	1.340804	-0.607337	-28.081016	-0.034367	-2.072978	-27.982703	1.365364	-0.558359	-28.054230	-0.054471	-2.056413	-28.167146	0.915672	-1.223124	-28.147423	0.981551	-1.304775	-27.867890	0.950683	-1.055677	-27.846433	0.963785	-1.132304	-28.161566	0.472165	-1.256456	-27.847144	0.488358	-1.120481	-28.223298	-0.068708	-1.207634	-28.145517	-0.037749	-1.264497	-27.852898	-0.042369	-1.035552	-27.820603	-0.043198	-1.094520
3546	49.252260	00:00:49:18	-27.988127	1.682080	-1.225239	-27.945560	1.639401	-1.124100	-28.097445	1.657111	-1.159682	-27.985903	1.532062	-1.182316	-28.009581	1.551819	-1.177005	-28.155317	1.555711	-1.267462	-27.855771	1.538136	-1.102497	-28.042477	1.472108	-0.934856	-27.984689	0.771199	-1.613404	-27.961414	1.356344	-0.580320	-28.093913	-0.075990	-2.029938	-27.970562	1.329061	-0.601259	-28.085848	-0.073947	-2.047027	-27.950885	1.329643	-0.574586	-28.081276	-0.028367	-2.076099	-28.152728	0.981474	-1.221556	-28.110891	0.956748	-1.267697	-27.898097	0.940237	-1.104303	-27.846322	0.978196	-1.139131	-28.160790	0.461321	-1.276211	-27.841353	0.465773	-1.087813	-28.165859	-0.063225	-1.226027	-28.162391	-0.026055	-1.255956	-27.902510	-0.072089	-1.062487	-27.846337	-0.089518	-1.083895
3547	49.266154	00:00:49:19	-27.974507	1.682053	-1.226070	-27.979389	1.638956	-1.099275	-28.066224	1.616504	-1.163521	-27.983127	1.563311	-1.181168	-28.026378	1.542229	-1.172253	-28.095423	1.547871	-1.281427	-27.830761	1.550370	-1.129556	-28.034303	1.460986	-0.935793	-27.973051	0.804116	-1.625034	-27.946215	1.334065	-0.604305	-28.060545	-0.070859	-2.072464	-27.931043	1.350736	-0.610164	-28.104916	-0.030386	-2.045633	-27.942307	1.342367	-0.593655	-28.102265	-0.028789	-2.059759	-28.158198	0.965335	-1.210134	-28.162918	0.934914	-1.281636	-27.847507	0.940683	-1.038932	-27.826386	0.961052	-1.108871	-28.164650	0.483316	-1.257255	-27.835260	0.414829	-1.076592	-28.182802	-0.072814	-1.205561	-28.123344	-0.088887	-1.250459	-27.860064	-0.070847	-1.026545	-27.813835	-0.029520	-1.103758
3548	49.280047	00:00:49:20	-27.980578	1.643579	-1.235130	-27.955537	1.668213	-1.066262	-28.051908	1.636778	-1.157361	-28.006013	1.552695	-1.191773	-28.052973	1.536571	-1.141471	-28.108450	1.549432	-1.241081	-27.848338	1.558519	-1.143131	-27.990731	1.422355	-0.938909	-27.971343	0.741191	-1.563035	-27.961699	1.349103	-0.609618	-28.090373	-0.014612	-2.059070	-27.944543	1.340996	-0.599259	-28.122292	-0.021509	-2.093496	-27.960045	1.323784	-0.612847	-28.095381	-0.058215	-2.063771	-28.155554	0.953808	-1.226827	-28.174443	0.974600	-1.248773	-27.836554	0.953721	-1.082733	-27.823431	0.964756	-1.140499	-28.159194	0.467523	-1.244529	-27.820119	0.480130	-1.135114	-28.152116	-0.051645	-1.216145	-28.135107	-0.052192	-1.278760	-27.862371	-0.048519	-1.031354	-27.837912	-0.062046	-1.115418
3549	49.293941	00:00:49:21	-27.967009	1.672747	-1.236152	-27.966079	1.679308	-1.071367	-28.082689	1.629813	-1.147488	-28.007245	1.525680	-1.169498	-28.034005	1.515394	-1.148222	-28.153588	1.530120	-1.267413	-27.885456	1.564301	-1.147091	-28.020493	1.436976	-0.942499	-27.979445	0.760986	-1.591919	-27.990409	1.276334	-0.599009	-28.089338	-0.001631	-2.060446	-27.953982	1.341472	-0.607155	-28.116726	-0.035293	-2.054323	-27.975474	1.342272	-0.612524	-28.094483	-0.032852	-2.042206	-28.160533	0.918201	-1.226254	-28.129522	0.965650	-1.268432	-27.879991	0.953814	-1.055171	-27.845514	0.955399	-1.126528	-28.167359	0.461231	-1.243984	-27.841185	0.459124	-1.109509	-28.219166	-0.079691	-1.209171	-28.146290	-0.053575	-1.253511	-27.849430	-0.061084	-1.066649	-27.822951	-0.054423	-1.108327
3550	49.307834	00:00:49:22	-27.961614	1.662038	-1.239747	-27.975187	1.648007	-1.091409	-28.091288	1.641323	-1.163684	-27.974890	1.503066	-1.192417	-27.991478	1.543239	-1.164376	-28.099181	1.548056	-1.276109	-27.860735	1.531306	-1.120344	-28.032211	1.423724	-0.916292	-27.944832	0.768106	-1.585905	-27.915424	1.342605	-0.543230	-28.111382	-0.032183	-2.051674	-27.927461	1.331888	-0.615904	-28.063126	-0.068433	-2.043778	-27.947440	1.349230	-0.605728	-28.105428	-0.062563	-2.074320	-28.155410	0.959776	-1.213370	-28.150795	0.978256	-1.295987	-27.846027	0.992534	-1.070749	-27.833807	0.989803	-1.099200	-28.177999	0.457677	-1.266851	-27.865376	0.437580	-1.064728	-28.171349	-0.048362	-1.205805	-28.136548	-0.067433	-1.288705	-27.820727	-0.042509	-1.053902	-27.812591	-0.048928	-1.092477
3551	49.321728	00:00:49:23	-27.961274	1.629706	-1.236028	-27.953185	1.679742	-1.110871	-28.110163	1.671772	-1.150079	-28.002075	1.530828	-1.172164	-27.975591	1.530311	-1.150982	-28.120306	1.544204	-1.282418	-27.860481	1.536238	-1.129366	-28.029129	1.428341	-0.925257	-27.976039	0.769242	-1.580393	-27.925129	1.336623	-0.596319	-28.061710	-0.032727	-2.064260	-27.953892	1.348346	-0.582277	-28.120374	-0.026793	-2.056761	-27.947756	1.329596	-0.613929	-28.079054	-0.037527	-2.070983	-28.181650	0.934951	-1.221117	-28.156382	0.978990	-1.247863	-27.854147	1.004997	-1.110511	-27.833034	0.969909	-1.126094	-28.142192	0.448742	-1.253059	-27.813482	0.454865	-1.089093	-28.196010	-0.049497	-1.201852	-28.123811	-0.057735	-1.264699	-27.872939	-0.063630	-1.029113	-27.812993	-0.056497	-1.127165
3552	49.335621	00:00:49:24	-28.004929	1.647876	-1.262024	-27.946729	1.647414	-1.108502	-28.077421	1.649104	-1.176791	-27.999057	1.550128	-1.215274	-28.019466	1.577562	-1.166455	-28.129268	1.535070	-1.248174	-27.873263	1.569960	-1.116086	-28.040007	1.431294	-0.918943	-27.984409	0.769039	-1.620107	-27.956826	1.324659	-0.598823	-28.093862	-0.022547	-2.078265	-27.932348	1.363845	-0.621565	-28.088432	-0.041266	-2.070638	-27.937691	1.343711	-0.608898	-28.080399	-0.034904	-2.090145	-28.178275	0.953147	-1.247991	-28.129017	0.944626	-1.277626	-27.811239	0.967484	-1.053345	-27.827234	0.971488	-1.143981	-28.158211	0.444898	-1.232643	-27.843488	0.450562	-1.101224	-28.167928	-0.046940	-1.209695	-28.124411	-0.053755	-1.274132	-27.856389	-0.046346	-1.046371	-27.859673	-0.073219	-1.122737
3553	49.349515	00:00:49:25	-27.980937	1.642490	-1.237877	-27.958766	1.649805	-1.073675	-28.070367	1.640078	-1.181942	-27.970239	1.535373	-1.209603	-28.033481	1.512948	-1.150383	-28.126332	1.524861	-1.249568	-27.860358	1.531645	-1.163728	-28.028263	1.419725	-0.946776	-27.979404	0.737968	-1.583962	-27.996537	1.348677	-0.607933	-28.083803	-0.060312	-2.036333	-27.969067	1.374148	-0.587179	-28.079117	-0.051163	-2.060337	-27.938567	1.355954	-0.592630	-28.086420	-0.051946	-2.058295	-28.166621	0.965231	-1.198414	-28.119674	0.937554	-1.295353	-27.856589	0.972457	-1.062125	-27.874546	0.961140	-1.110222	-28.155145	0.468211	-1.241405	-27.848095	0.456791	-1.095455	-28.196950	-0.025589	-1.213516	-28.133791	-0.051671	-1.260298	-27.838804	-0.045304	-1.030703	-27.825333	-0.058998	-1.126118
3554	49.363408	00:00:49:26	-27.994895	1.641515	-1.256736	-27.944356	1.660436	-1.125404	-28.071455	1.658700	-1.152541	-28.024522	1.526968	-1.168675	-27.974978	1.555091	-1.124529	-28.118616	1.553205	-1.228752	-27.886168	1.541481	-1.118287	-28.039964	1.400615	-0.930201	-27.953384	0.735170	-1.594728	-27.964248	1.321471	-0.589930	-28.107935	-0.031457	-2.082450	-27.966771	1.334163	-0.578397	-28.074633	-0.066982	-2.052024	-27.932848	1.340820	-0.630324	-28.057709	-0.058155	-2.039100	-28.159647	0.946539	-1.231836	-28.158258	0.966259	-1.267845	-27.842986	0.962917	-1.029707	-27.858873	0.950766	-1.114788	-28.134406	0.435523	-1.260368	-27.828016	0.447827	-1.111100	-28.145767	-0.057237	-1.226102	-28.160206	-0.055811	-1.250828	-27.831050	-0.046719	-1.033084	-27.837743	-0.069317	-1.084709
3555	49.377301	00:00:49:27	-27.978722	1.682040	-1.208312	-27.975039	1.643684	-1.111104	-28.067639	1.614145	-1.181628	-27.960821	1.536611	-1.175153	-28.015798	1.549985	-1.178668	-28.120662	1.572282	-1.261562	-27.866720	1.525903	-1.117178	-28.037333	1.440793	-0.909449	-27.994394	0.756008	-1.624467	-27.968408	1.359463	-0.579895	-28.100558	-0.037257	-2.091015	-27.956315	1.340620	-0.603965	-28.080210	-0.076356	-2.055797	-27.905159	1.317958	-0.581715	-28.076240	-0.011703	-2.082117	-28.178956	0.971058	-1.198941	-28.156738	0.955569	-1.287922	-27.872285	0.978081	-1.071886	-27.821465	0.964397	-1.136769	-28.165807	0.441156	-1.240378	-27.841170	0.471003	-1.078136	-28.147083	-0.059448	-1.236407	-28.138423	-0.062921	-1.255546	-27.856453	-0.077448	-1.060035	-27.820503	-0.046456	-1.110348
3556	49.391195	00:00:49:28	-27.981427	1.655569	-1.211110	-27.960153	1.637560	-1.104067	-28.089063	1.678456	-1.147724	-27.986544	1.548390	-1.199827	-28.005907	1.530846	-1.151091	-28.125066	1.588920	-1.250868	-27.864648	1.553006	-1.119639	-28.003380	1.452710	-0.936717	-27.987346	0.751548	-1.615328	-27.980996	1.312649	-0.605780	-28.089491	-0.055751	-2.053662	-27.986236	1.369677	-0.576988	-28.098482	-0.004133	-2.078814	-27.964278	1.324472	-0.593077	-28.114123	-0.044159	-2.045133	-28.181105	0.974694	-1.225900	-28.138420	0.922594	-1.258792	-27.869901	0.968603	-1.098208	-27.833936	1.002624	-1.106550	-28.185069	0.465565	-1.198992	-27.859421	0.466988	-1.097963	-28.172134	-0.042440	-1.231894	-28.141667	-0.065856	-1.294155	-27.858989	-0.069762	-1.059434	-27.806294	-0.062313	-1.123589
3557	49.405088	00:00:49:29	-27.929734	1.658854	-1.241947	-27.971597	1.666418	-1.115685	-28.050490	1.666935	-1.136487	-27.999889	1.558066	-1.180246	-27.998394	1.536929	-1.138756	-28.133737	1.536985	-1.272193	-27.853487	1.527022	-1.115470	-28.061961	1.428956	-0.931057	-27.975329	0.755799	-1.581431	-27.957527	1.319111	-0.584444	-28.092021	-0.041551	-2.039971	-27.934518	1.372481	-0.572240	-28.095046	-0.061795	-2.087052	-27.952746	1.353653	-0.598924	-28.074473	-0.088950	-2.088947	-28.194399	0.945468	-1.242732	-28.126713	1.019346	-1.271607	-27.835822	0.963534	-1.044048	-27.849595	0.993516	-1.124833	-28.174477	0.466048	-1.234963	-27.866908	0.430871	-1.083852	-28.146113	-0.075893	-1.223019	-28.127411	-0.063026	-1.261870	-27.854657	-0.045610	-1.054273	-27.834916	-0.055260	-1.119784
3558	49.418982	00:00:49:30	-27.948570	1.652725	-1.261071	-27.968317	1.670022	-1.082227	-28.092890	1.673698	-1.141445	-28.007268	1.533278	-1.192798	-28.034913	1.564344	-1.160834	-28.148885	1.517920	-1.240244	-27.851612	1.529167	-1.136306	-28.024393	1.465072	-0.935367	-27.942154	0.743775	-1.578678	-27.959599	1.360440	-0.554585	-28.108061	-0.039838	-2.074602	-27.947806	1.331268	-0.576276	-28.066301	0.016220	-2.090570	-27.954185	1.353912	-0.613885	-28.118668	-0.037698	-2.105274	-28.176417	0.940723	-1.246859	-28.127606	0.970222	-1.272799	-27.854753	0.963427	-1.058651	-27.841370	0.956545	-1.101367	-28.137018	0.444777	-1.240018	-27.815534	0.402525	-1.083680	-28.156860	-0.044771	-1.220780	-28.170450	-0.067084	-1.261202	-27.858902	-0.049522	-1.050536	-27.841880	-0.064939	-1.109384
3559	49.432875	00:00:49:31	-27.968060	1.667333	-1.228363	-27.989826	1.633366	-1.079948	-28.068164	1.646762	-1.146588	-28.016232	1.535897	-1.174607	-28.051395	1.550762	-1.130477	-28.115397	1.548476	-1.247718	-27.869074	1.539604	-1.130161	-28.016795	1.432888	-0.928324	-27.991831	0.742331	-1.602391	-27.947048	1.362712	-0.613629	-28.100278	-0.014056	-2.075407	-27.944544	1.327680	-0.587705	-28.084949	-0.030536	-2.073211	-27.934874	1.350383	-0.593349	-28.090427	-0.032699	-2.084977	-28.178595	0.960239	-1.221068	-28.148041	0.990112	-1.282094	-27.871195	0.982105	-1.072454	-27.827245	1.003933	-1.103331	-28.145778	0.470267	-1.268473	-27.825603	0.468197	-1.107456	-28.154686	-0.021134	-1.231267	-28.143605	-0.050356	-1.280352	-27.854681	-0.065819	-1.061535	-27.833255	-0.018046	-1.089944
3560	49.446769	00:00:49:32	-27.969718	1.656906	-1.259974	-27.959630	1.634860	-1.115958	-28.067088	1.640736	-1.123578	-27.954957	1.535328	-1.178067	-28.048158	1.539983	-1.127157	-28.109176	1.536024	-1.264377	-27.864738	1.560196	-1.114340	-28.053879	1.446829	-0.920494	-27.993683	0.766923	-1.618531	-27.950137	1.353363	-0.604245	-28.100041	-0.038847	-2.076061	-27.957828	1.331736	-0.590626	-28.089159	-0.043628	-2.064047	-27.961156	1.327897	-0.605483	-28.122052	-0.036459	-2.082296	-28.180641	0.987535	-1.236035	-28.140399	0.977807	-1.289018	-27.840888	0.984581	-1.040072	-27.809463	0.962875	-1.131048	-28.133307	0.446387	-1.256134	-27.832198	0.486490	-1.079271	-28.192066	-0.049590	-1.240680	-28.164410	-0.097568	-1.234208	-27.856012	-0.046607	-1.073921	-27.825768	-0.059248	-1.090047
3561	49.460662	00:00:49:33	-27.951513	1.644345	-1.244318	-27.965504	1.641111	-1.108383	-28.029233	1.630631	-1.148063	-27.987185	1.545021	-1.206690	-28.029884	1.524046	-1.157308	-28.170996	1.539394	-1.237927	-27.874554	1.498596	-1.118241	-28.053421	1.436173	-0.962234	-27.996836	0.765804	-1.580268	-27.934404	1.337239	-0.607053	-28.106474	-0.058348	-2.069958	-27.955982	1.334809	-0.587675	-28.084812	-0.056160	-2.063080	-27.923755	1.333416	-0.602179	-28.131955	-0.054021	-2.068207	-28.192989	0.985290	-1.228900	-28.168926	0.956782	-1.337281	-27.845865	0.959313	-1.084948	-27.797413	0.948270	-1.114348	-28.152760	0.450240	-1.238186	-27.845436	0.436294	-1.095835	-28.200028	-0.056754	-1.197413	-28.157085	-0.055181	-1.290212	-27.866381	-0.039610	-1.036772	-27.798439	-0.059565	-1.111753
3562	49.474556	00:00:49:34	-27.961605	1.635424	-1.251095	-27.993955	1.634576	-1.096841	-28.060294	1.655503	-1.150496	-27.968727	1.562411	-1.188713	-28.039442	1.532929	-1.173626	-28.112938	1.556542	-1.232469	-27.843538	1.508632	-1.112065	-28.039107	1.419956	-0.925097	-27.952701	0.762827	-1.620332	-27.946391	1.316327	-0.570709	-28.082274	-0.037883	-2.038419	-28.007177	1.351140	-0.566582	-28.105322	-0.050525	-2.057962	-27.958165	1.362999	-0.587441	-28.097681	-0.032318	-2.070819	-28.176537	0.962887	-1.212126	-28.122783	0.954519	-1.280227	-27.854177	0.933921	-1.051068	-27.808787	0.981411	-1.130018	-28.189588	0.458194	-1.239489	-27.837818	0.421199	-1.093289	-28.169300	-0.060015	-1.172964	-28.148652	-0.043034	-1.283877	-27.850120	-0.075509	-1.051553	-27.854064	-0.033364	-1.091978
3563	49.488449	00:00:49:35	-27.959433	1.670782	-1.219467	-27.953667	1.618183	-1.078537	-28.086566	1.645131	-1.162890	-27.984990	1.511111	-1.185083	-28.020893	1.545993	-1.184380	-28.097095	1.540027	-1.252572	-27.813889	1.522962	-1.110788	-28.062127	1.459958	-0.913590	-27.976715	0.737867	-1.627506	-27.908847	1.357391	-0.557139	-28.111963	-0.042861	-2.050855	-27.937216	1.364599	-0.546950	-28.076616	-0.031235	-2.070427	-27.965319	1.330164	-0.592680	-28.102038	-0.059246	-2.054794	-28.153971	0.976630	-1.237233	-28.154565	0.958912	-1.299817	-27.850903	0.970824	-1.074145	-27.811191	0.935322	-1.153265	-28.156642	0.445838	-1.246384	-27.836170	0.469653	-1.111370	-28.192042	-0.054046	-1.216822	-28.160673	-0.053665	-1.250639	-27.847731	-0.069757	-1.049197	-27.819899	-0.070606	-1.113433
3564	49.502342	00:00:49:36	-27.985419	1.653336	-1.216578	-27.969906	1.638693	-1.090931	-28.095685	1.640083	-1.128044	-27.985413	1.521300	-1.189581	-28.002073	1.575356	-1.123006	-28.137689	1.546483	-1.259283	-27.832643	1.547782	-1.166103	-28.040679	1.418102	-0.913885	-28.007530	0.721583	-1.608426	-27.962240	1.353815	-0.583463	-28.051985	-0.046208	-2.095899	-27.960678	1.372374	-0.593741	-28.096056	-0.037983	-2.074385	-27.940538	1.374701	-0.580952	-28.079138	-0.023196	-2.019761	-28.192496	0.946094	-1.256454	-28.161729	1.007794	-1.290650	-27.858271	0.999483	-1.089989	-27.838986	0.990290	-1.127655	-28.177237	0.447020	-1.252852	-27.830326	0.467082	-1.075793	-28.163443	-0.083499	-1.203307	-28.172567	-0.057371	-1.248211	-27.837522	-0.066056	-1.050379	-27.833149	-0.051700	-1.115856
3565	49.516236	00:00:49:37	-27.962401	1.684961	-1.219413	-28.006181	1.675316	-1.089369	-28.082581	1.637295	-1.150734	-27.989862	1.548135	-1.194923	-28.024418	1.517086	-1.129050	-28.102152	1.537466	-1.243524	-27.877512	1.523990	-1.121677	-28.012635	1.463596	-0.948480	-27.979036	0.775529	-1.623583	-27.955564	1.362016	-0.583171	-28.095497	-0.042754	-2.060875	-27.942948	1.356766	-0.605307	-28.125241	-0.055073	-2.060560	-27.949791	1.353046	-0.563155	-28.069309	-0.028460	-2.078917	-28.185580	0.965406	-1.230895	-28.150819	0.977045	-1.302800	-27.828999	0.962639	-1.082486	-27.822511	0.969057	-1.129911	-28.139297	0.491369	-1.245058	-27.830275	0.446893	-1.089341	-28.175104	-0.038636	-1.201964	-28.177262	-0.038576	-1.263400	-27.863750	-0.046542	-1.055732	-27.825077	-0.039919	-1.102123
3566	49.530129	00:00:49:38	-27.966764	1.668025	-1.244448	-27.983824	1.653002	-1.074887	-28.073801	1.668397	-1.171193	-27.995433	1.528405	-1.193389	-28.014332	1.564681	-1.135061	-28.142485	1.539832	-1.272282	-27.853355	1.547469	-1.134372	-28.041592	1.461684	-0.955209	-28.002328	0.732189	-1.593731	-27.949026	1.367667	-0.590613	-28.110631	-0.057818	-2.063781	-27.983796	1.355700	-0.588632	-28.112969	-0.000040	-2.033588	-27.939116	1.353083	-0.616466	-28.116443	-0.062450	-2.034451	-28.194775	0.973053	-1.199385	-28.158041	0.934811	-1.292305	-27.895943	0.959315	-1.058609	-27.808090	0.979082	-1.144204	-28.158459	0.489921	-1.241938	-27.802619	0.503190	-1.083835	-28.169266	-0.038339	-1.218354	-28.142968	-0.059228	-1.254475	-27.850782	-0.071048	-1.020927	-27.815231	-0.076203	-1.098525
3567	49.544023	00:00:49:39	-27.986924	1.668250	-1.269833	-27.971570	1.652593	-1.105230	-28.090731	1.647383	-1.161732	-27.988544	1.544340	-1.199660	-27.997305	1.548614	-1.158218	-28.173679	1.552669	-1.262980	-27.872661	1.521034	-1.104527	-28.011888	1.449771	-0.918526	-27.968010	0.737047	-1.612935	-27.935497	1.353207	-0.576012	-28.111296	-0.015015	-2.092290	-27.958781	1.350772	-0.562526	-28.079360	-0.041829	-2.052012	-27.949308	1.361430	-0.586008	-28.088514	-0.020791	-2.072527	-28.187771	0.977659	-1.228476	-28.124874	0.982698	-1.271534	-27.888694	0.955558	-1.068629	-27.794473	0.959279	-1.120381	-28.179716	0.424119	-1.243156	-27.864767	0.437802	-1.092961	-28.170655	-0.076951	-1.187992	-28.165378	-0.064828	-1.245437	-27.853683	-0.066514	-1.036773	-27.851091	-0.022891	-1.097572
3568	49.557916	00:00:49:40	-27.977976	1.647591	-1.273350	-27.919976	1.668444	-1.101882	-28.061515	1.669234	-1.139212	-27.976545	1.532788	-1.203134	-27.977975	1.533467	-1.155156	-28.114913	1.582104	-1.225110	-27.826263	1.539021	-1.146766	-28.053545	1.446006	-0.936498	-27.992742	0.714273	-1.593587	-27.978576	1.355076	-0.601373	-28.088054	-0.076786	-2.042701	-27.966166	1.351875	-0.590027	-28.109137	-0.014904	-2.045129	-27.948555	1.360126	-0.613829	-28.066972	-0.062523	-2.074129	-28.173986	0.957602	-1.218346	-28.153696	0.958470	-1.266876	-27.825816	0.991984	-1.051010	-27.863346	0.960150	-1.128897	-28.168651	0.475698	-1.263734	-27.867037	0.446579	-1.078243	-28.174735	-0.060501	-1.203975	-28.192428	-0.049839	-1.256772	-27.878527	-0.045770	-1.057325	-27.835917	-0.050785	-1.079626
3569	49.571810	00:00:49:41	-27.948448	1.644033	-1.220659	-27.953819	1.655266	-1.081768	-28.066195	1.668845	-1.143558	-28.000267	1.526939	-1.186162	-27.969879	1.541551	-1.162485	-28.121542	1.545037	-1.246437	-27.852378	1.540221	-1.149870	-28.038069	1.437866	-0.913839	-27.967317	0.766479	-1.568762	-27.959185	1.363468	-0.574913	-28.083792	-0.049517	-2.049256	-27.950493	1.360025	-0.600312	-28.094058	-0.033251	-2.056762	-27.950288	1.350306	-0.586777	-28.094789	-0.049715	-2.049774	-28.177737	0.969206	-1.251027	-28.145241	0.972314	-1.288027	-27.863423	0.970741	-1.079677	-27.818281	0.966909	-1.120409	-28.139001	0.448164	-1.251638	-27.833498	0.445130	-1.054787	-28.147319	-0.061554	-1.228445	-28.156689	-0.055666	-1.265909	-27.826924	-0.035442	-1.008529	-27.835350	-0.056587	-1.090420
3570	49.585703	00:00:49:42	-27.946043	1.668135	-1.244784	-27.954468	1.673671	-1.089202	-28.060357	1.678545	-1.152002	-28.009268	1.515070	-1.204961	-28.021424	1.513858	-1.173805	-28.146156	1.532571	-1.235473	-27.872696	1.539518	-1.111084	-28.055552	1.456728	-0.889348	-27.960548	0.776228	-1.611951	-27.977510	1.374584	-0.588231	-28.076719	-0.079332	-2.062554	-27.990869	1.367582	-0.600992	-28.095974	-0.010304	-2.043413	-27.948248	1.369606	-0.532322	-28.113013	-0.067403	-2.063239	-28.174058	0.987485	-1.220407	-28.150141	0.978652	-1.290598	-27.860405	0.982922	-1.047278	-27.814847	0.967071	-1.149729	-28.140343	0.441559	-1.254165	-27.844829	0.451251	-1.075942	-28.176327	-0.081584	-1.227542	-28.158455	-0.066962	-1.269162	-27.858372	-0.064975	-1.031887	-27.804228	-0.043664	-1.106026
3571	49.599597	00:00:49:43	-27.942788	1.638141	-1.228631	-27.978250	1.642554	-1.108882	-28.041733	1.633315	-1.133575	-27.994206	1.500026	-1.200953	-28.021101	1.542891	-1.176327	-28.133672	1.525154	-1.256505	-27.824875	1.519448	-1.122188	-28.058994	1.417128	-0.921079	-27.971209	0.767727	-1.612425	-27.957677	1.329585	-0.583372	-28.112856	-0.069923	-2.048688	-27.958082	1.347687	-0.608946	-28.087472	-0.075469	-2.092312	-27.978815	1.330192	-0.623161	-28.089063	-0.039934	-2.073374	-28.161179	0.978107	-1.217501	-28.118693	0.977085	-1.280238	-27.836306	0.971170	-1.084520	-27.819824	0.990240	-1.097402	-28.154220	0.434577	-1.260154	-27.821157	0.456369	-1.058551	-28.138523	-0.070661	-1.199304	-28.129198	-0.059543	-1.247378	-27.875103	-0.063286	-1.050967	-27.814235	-0.066351	-1.127022
3572	49.613490	00:00:49:44	-27.966098	1.657740	-1.224521	-27.965137	1.661749	-1.074846	-28.089676	1.659003	-1.142898	-27.995621	1.552223	-1.181802	-27.985343	1.530929	-1.176460	-28.136075	1.533683	-1.248789	-27.880380	1.518115	-1.127013	-28.055859	1.457945	-0.917877	-27.943595	0.712196	-1.583211	-27.944222	1.339692	-0.588666	-28.078310	-0.025598	-2.075051	-27.982892	1.358082	-0.564242	-28.126880	-0.026472	-2.062629	-27.937724	1.370944	-0.599544	-28.101234	-0.049329	-2.067916	-28.157064	0.980903	-1.215242	-28.158836	0.930659	-1.248820	-27.863882	0.940583	-1.053123	-27.798676	0.972630	-1.095825	-28.197434	0.450629	-1.266053	-27.842687	0.456539	-1.095406	-28.179317	-0.027409	-1.215139	-28.144900	-0.065262	-1.219438	-27.843745	-0.065829	-1.044040	-27.828023	-0.043794	-1.121829
3573	49.627383	00:00:49:45	-27.978415	1.659538	-1.221262	-27.969373	1.626522	-1.108479	-28.090340	1.653013	-1.151024	-28.001519	1.548758	-1.200370	-28.020013	1.553158	-1.138581	-28.137815	1.559159	-1.260795	-27.904952	1.545317	-1.094825	-28.040787	1.465561	-0.916738	-27.993586	0.774455	-1.598936	-27.978260	1.345807	-0.583645	-28.129118	-0.014629	-2.074577	-27.949209	1.360076	-0.636205	-28.093618	-0.033064	-2.064869	-27.961721	1.335321	-0.584007	-28.096345	-0.076050	-2.064325	-28.168720	0.982007	-1.215605	-28.142770	0.931536	-1.281051	-27.862027	0.965392	-1.068715	-27.836095	0.962682	-1.122565	-28.139800	0.486032	-1.229121	-27.830942	0.472911	-1.100847	-28.171785	-0.056237	-1.204054	-28.132285	-0.027360	-1.260662	-27.846974	-0.036452	-1.040098	-27.832749	-0.056840	-1.070507
3574	49.641277	00:00:49:46	-27.983184	1.645572	-1.223209	-27.990584	1.661470	-1.101461	-28.070335	1.647066	-1.210207	-27.991693	1.548275	-1.229355	-27.983017	1.545873	-1.172909	-28.165278	1.534414	-1.241291	-27.853184	1.569043	-1.126133	-28.027693	1.468320	-0.927234	-27.972705	0.779459	-1.558216	-27.920580	1.354252	-0.622786	-28.067823	-0.090533	-2.088228	-27.967468	1.383565	-0.591270	-28.073889	-0.046011	-2.050303	-27.974861	1.347317	-0.560196	-28.100398	-0.055385	-2.075755	-28.186642	0.974287	-1.216672	-28.145287	0.906986	-1.267546	-27.868476	0.943370	-1.073070	-27.813851	0.959622	-1.120516	-28.169611	0.449208	-1.238904	-27.807485	0.483744	-1.118532	-28.176538	-0.040341	-1.221475	-28.135377	-0.075285	-1.245641	-27.825005	-0.015420	-1.065252	-27.809702	-0.083314	-1.110614
3575	49.655170	00:00:49:47	-27.975694	1.684268	-1.221653	-27.984244	1.656426	-1.087437	-28.066382	1.661177	-1.132666	-27.979356	1.569142	-1.213652	-27.982259	1.535159	-1.139748	-28.119835	1.529731	-1.272058	-27.852392	1.540507	-1.128226	-28.027354	1.453359	-0.879927	-27.964112	0.770817	-1.592141	-27.962278	1.346672	-0.612220	-28.112406	-0.047325	-2.053066	-27.982200	1.295588	-0.573219	-28.093405	-0.033681	-2.065766	-27.988148	1.359200	-0.591406	-28.061547	-0.044234	-2.045955	-28.174153	0.985584	-1.232949	-28.120371	0.986595	-1.263974	-27.853597	0.984316	-1.052222	-27.827228	0.951772	-1.091295	-28.184242	0.438354	-1.242800	-27.797560	0.438712	-1.066580	-28.206942	-0.085838	-1.190601	-28.102161	-0.002032	-1.249579	-27.882163	-0.050550	-1.012851	-27.837637	-0.041234	-1.112768
3576	49.669064	00:00:49:48	-27.985941	1.638541	-1.220828	-27.987869	1.630569	-1.125871	-28.071875	1.663807	-1.147655	-27.989582	1.541628	-1.194976	-28.002170	1.539912	-1.164880	-28.126820	1.553877	-1.260661	-27.888601	1.525097	-1.110318	-28.025548	1.474776	-0.924406	-27.965828	0.730817	-1.579271	-27.938267	1.348863	-0.558192	-28.101347	-0.033671	-2.056651	-27.912498	1.366829	-0.572398	-28.078344	-0.055209	-2.053342	-27.979256	1.364987	-0.604001	-28.107034	-0.028878	-2.040199	-28.161322	0.967740	-1.238228	-28.150528	0.996303	-1.262343	-27.852482	0.976748	-1.086408	-27.818050	0.977898	-1.115022	-28.161215	0.460375	-1.270369	-27.843579	0.440559	-1.087599	-28.172373	-0.049288	-1.203970	-28.139096	-0.068295	-1.269265	-27.873107	-0.061767	-1.040673	-27.808513	-0.046576	-1.079752
3577	49.682957	00:00:49:49	-27.976011	1.646271	-1.214044	-27.972295	1.660988	-1.131243	-28.114152	1.634027	-1.146722	-28.010839	1.537685	-1.204263	-28.000946	1.536107	-1.148464	-28.150547	1.565702	-1.267536	-27.835472	1.550356	-1.137213	-28.057503	1.467240	-0.900859	-27.976768	0.734996	-1.605526	-27.957788	1.344032	-0.583408	-28.092270	-0.029915	-2.075567	-27.952736	1.353202	-0.584244	-28.091937	-0.060665	-2.060546	-27.962078	1.350597	-0.587934	-28.070265	-0.020156	-2.063938	-28.179308	0.957054	-1.242247	-28.174863	0.953440	-1.305698	-27.843680	0.945147	-1.061253	-27.804783	0.960434	-1.127141	-28.141547	0.419302	-1.236049	-27.829684	0.461729	-1.074904	-28.151791	-0.055961	-1.223538	-28.130395	-0.041769	-1.272473	-27.846133	-0.079006	-1.028572	-27.838716	-0.056700	-1.116885
3578	49.696851	00:00:49:50	-27.993898	1.655317	-1.253909	-27.939945	1.645985	-1.086432	-28.061145	1.656243	-1.163524	-28.018179	1.525610	-1.195138	-28.002612	1.523788	-1.117073	-28.120857	1.555762	-1.255121	-27.860527	1.553266	-1.145208	-28.044393	1.444945	-0.946983	-27.951905	0.741947	-1.576304	-27.949127	1.353562	-0.599863	-28.113923	-0.030825	-2.076376	-27.961566	1.360329	-0.604982	-28.100980	-0.052582	-2.088002	-27.923157	1.343618	-0.596392	-28.087770	-0.053460	-2.067089	-28.165178	0.994472	-1.234072	-28.151920	0.976957	-1.273418	-27.835894	0.993611	-1.094604	-27.823505	0.933586	-1.114253	-28.198764	0.459895	-1.227961	-27.866124	0.458193	-1.075345	-28.217324	-0.066034	-1.204311	-28.163888	-0.072869	-1.265729	-27.855771	-0.055550	-1.032187	-27.815868	-0.059791	-1.095126
3579	49.710744	00:00:49:51	-28.000660	1.685187	-1.230025	-27.968455	1.616364	-1.082161	-28.035614	1.643356	-1.153157	-27.996494	1.573123	-1.196463	-28.028148	1.539341	-1.189599	-28.141468	1.557307	-1.218227	-27.872441	1.524666	-1.141949	-28.010605	1.433224	-0.895384	-27.991717	0.754889	-1.586388	-27.959376	1.369982	-0.605130	-28.100238	-0.034475	-2.062034	-27.937184	1.359999	-0.575986	-28.096324	-0.050321	-2.064060	-27.940110	1.370790	-0.582357	-28.096036	-0.060807	-2.056335	-28.150900	0.983476	-1.225050	-28.147138	0.955602	-1.279419	-27.861815	0.975987	-1.051016	-27.817961	0.952836	-1.095141	-28.142947	0.423894	-1.235283	-27.848903	0.481321	-1.075961	-28.188510	-0.060138	-1.201776	-28.135145	-0.065612	-1.240922	-27.841004	-0.064362	-1.043404	-27.836765	-0.052212	-1.097500
3580	49.724638	00:00:49:52	-27.965205	1.663817	-1.203008	-27.971401	1.653793	-1.085252	-28.041916	1.663738	-1.133203	-27.992803	1.531228	-1.172194	-27.988540	1.577434	-1.134842	-28.116168	1.512175	-1.254138	-27.835308	1.549146	-1.081334	-28.070508	1.445358	-0.912305	-27.961850	0.754447	-1.559043	-27.915178	1.359428	-0.581719	-28.121291	-0.049780	-2.025100	-27.940172	1.362931	-0.580309	-28.089494	-0.054100	-2.100013	-27.945889	1.373549	-0.565770	-28.070276	-0.020900	-2.075817	-28.193078	0.952211	-1.207513	-28.136243	0.950653	-1.300185	-27.828036	0.948377	-1.065777	-27.834354	0.977661	-1.123146	-28.204431	0.445690	-1.242980	-27.850125	0.434433	-1.063639	-28.166844	-0.046765	-1.229859	-28.168187	-0.082160	-1.261016	-27.872143	-0.049791	-1.033162	-27.838925	-0.060830	-1.105346
3581	49.738531	00:00:49:53	-27.968127	1.645007	-1.232554	-27.969544	1.645262	-1.107996	-28.097333	1.657379	-1.160602	-28.036072	1.531855	-1.224425	-27.963799	1.566543	-1.128639	-28.121553	1.539684	-1.240655	-27.875793	1.545059	-1.104228	-28.039531	1.432172	-0.925567	-27.977072	0.762539	-1.595791	-27.966374	1.359147	-0.577742	-28.109993	-0.045902	-2.090298	-27.960336	1.360445	-0.572554	-28.118871	-0.036967	-2.076290	-27.953570	1.363411	-0.569119	-28.096608	-0.058279	-2.060218	-28.216394	0.986048	-1.217663	-28.118087	0.955445	-1.315522	-27.861517	0.961370	-1.071409	-27.841656	0.909840	-1.129269	-28.128590	0.477404	-1.247381	-27.831140	0.456057	-1.083064	-28.204008	-0.034526	-1.223857	-28.141408	-0.046188	-1.240626	-27.849311	-0.055717	-1.033916	-27.836744	-0.081698	-1.080842
3582	49.752424	00:00:49:54	-27.960200	1.641235	-1.230777	-27.952748	1.636697	-1.130215	-28.073532	1.672498	-1.141100	-27.993072	1.530222	-1.185250	-28.031231	1.566469	-1.166843	-28.128238	1.558513	-1.229004	-27.854850	1.510234	-1.126945	-28.069153	1.459909	-0.932433	-27.993598	0.767037	-1.598756	-27.965136	1.370936	-0.611872	-28.086368	-0.047312	-2.090853	-27.972197	1.398693	-0.581951	-28.074546	-0.048930	-2.073925	-27.944706	1.374350	-0.621068	-28.089678	-0.061330	-2.065277	-28.184345	0.962591	-1.232963	-28.130256	0.947818	-1.316645	-27.861138	0.961264	-1.028193	-27.834663	0.978833	-1.127018	-28.144301	0.462391	-1.238967	-27.841006	0.416742	-1.089021	-28.200055	-0.070302	-1.208699	-28.180861	-0.083051	-1.296649	-27.868784	-0.032206	-1.015580	-27.833372	-0.061568	-1.096079
3583	49.766318	00:00:49:55	-27.965117	1.647050	-1.207722	-27.982317	1.666501	-1.081675	-28.085170	1.631741	-1.158278	-27.983356	1.555431	-1.179804	-28.013707	1.545665	-1.161619	-28.155914	1.527577	-1.269694	-27.880414	1.565797	-1.132071	-28.057188	1.475134	-0.906500	-27.999635	0.718175	-1.595648	-27.933160	1.390635	-0.571553	-28.107402	-0.040482	-2.064197	-27.958028	1.402032	-0.586165	-28.117089	-0.021334	-2.047312	-27.969158	1.374026	-0.607905	-28.097942	-0.043342	-2.062481	-28.207982	0.978086	-1.245015	-28.139718	0.992334	-1.286973	-27.857433	0.969879	-1.034689	-27.842089	0.991561	-1.128970	-28.169919	0.434466	-1.257958	-27.847273	0.459447	-1.059034	-28.167233	-0.067275	-1.230436	-28.109320	-0.049110	-1.262740	-27.861067	-0.029209	-1.039381	-27.831456	-0.050961	-1.107167
3584	49.780211	00:00:49:56	-27.960895	1.676383	-1.251182	-27.973228	1.658864	-1.073449	-28.129446	1.657180	-1.138925	-28.027835	1.518161	-1.188998	-28.010850	1.547708	-1.172631	-28.126649	1.538036	-1.280121	-27.861286	1.556943	-1.133248	-28.053284	1.431902	-0.936475	-27.984183	0.728254	-1.579329	-27.969233	1.388149	-0.568109	-28.137845	-0.038483	-2.055717	-27.978397	1.369945	-0.573803	-28.103783	-0.016592	-2.092688	-27.951414	1.355379	-0.576987	-28.027183	-0.020166	-2.065455	-28.168062	0.959283	-1.221370	-28.162708	0.939014	-1.267332	-27.867098	0.949380	-1.035904	-27.826681	0.973687	-1.127395	-28.142408	0.444631	-1.261384	-27.825166	0.452109	-1.095779	-28.203547	-0.075177	-1.223211	-28.132062	-0.045742	-1.276766	-27.848852	-0.036567	-1.067453	-27.809522	-0.072464	-1.108164
3585	49.794105	00:00:49:57	-27.960162	1.670704	-1.230079	-27.979792	1.629570	-1.095449	-28.085781	1.654936	-1.150787	-27.981032	1.550492	-1.162660	-28.018337	1.553791	-1.150980	-28.122716	1.544980	-1.236635	-27.888687	1.568008	-1.162080	-28.046486	1.462314	-0.934091	-27.967554	0.748887	-1.571886	-27.970399	1.353789	-0.568472	-28.101688	-0.066606	-2.092168	-27.957013	1.378311	-0.572772	-28.103869	-0.033689	-2.060831	-27.922758	1.362683	-0.607473	-28.082343	-0.081345	-2.085087	-28.167359	0.969239	-1.228441	-28.127028	0.938868	-1.281709	-27.860185	0.943202	-1.067141	-27.852373	0.997147	-1.116100	-28.149614	0.443138	-1.251539	-27.833906	0.449558	-1.058949	-28.169099	-0.025991	-1.205673	-28.171138	-0.061980	-1.223725	-27.849989	-0.034994	-1.036427	-27.852721	-0.098346	-1.089939
3586	49.807998	00:00:49:58	-27.958475	1.651861	-1.212303	-27.960420	1.669534	-1.087237	-28.065583	1.645015	-1.118223	-28.013788	1.535016	-1.209906	-28.013698	1.557038	-1.167073	-28.100515	1.551431	-1.279715	-27.862651	1.571022	-1.142916	-28.029200	1.460165	-0.910347	-27.967871	0.746553	-1.578142	-27.938972	1.352453	-0.576558	-28.088091	-0.030511	-2.079887	-27.970571	1.358892	-0.590174	-28.088083	-0.034713	-2.058549	-27.978035	1.363995	-0.566699	-28.080888	-0.057091	-2.067044	-28.181960	1.000487	-1.221481	-28.157781	1.004147	-1.252327	-27.856220	0.957054	-1.064140	-27.855362	0.959232	-1.156582	-28.136052	0.453356	-1.257467	-27.852051	0.472589	-1.110095	-28.168075	-0.029845	-1.203832	-28.162065	-0.059048	-1.252040	-27.859410	-0.077673	-1.055818	-27.808198	-0.033674	-1.121993
3587	49.821892	00:00:49:59	-27.958209	1.656583	-1.251716	-27.963923	1.666299	-1.098829	-28.080105	1.635546	-1.145648	-28.002943	1.533887	-1.191860	-28.032907	1.546335	-1.161279	-28.070341	1.553475	-1.285142	-27.877004	1.545606	-1.119840	-28.060601	1.468022	-0.917871	-27.956888	0.713695	-1.603416	-27.966956	1.369007	-0.605571	-28.112069	-0.062477	-2.031388	-27.954856	1.344933	-0.588539	-28.061780	-0.056106	-2.063751	-27.955374	1.363765	-0.587934	-28.087331	-0.049312	-2.067450	-28.176261	0.984420	-1.215541	-28.156983	0.951313	-1.257714	-27.828224	0.974587	-1.063625	-27.805723	0.982584	-1.124621	-28.162457	0.460444	-1.195562	-27.811775	0.456697	-1.072610	-28.158785	-0.045440	-1.222655	-28.124332	-0.043683	-1.267252	-27.894923	-0.054261	-1.060380	-27.823246	-0.066746	-1.113630
3588	49.835785	00:00:49:60	-27.957436	1.669572	-1.235232	-27.958925	1.679559	-1.123697	-28.062171	1.658715	-1.170758	-27.975431	1.554368	-1.183231	-28.007427	1.531098	-1.172028	-28.099999	1.554240	-1.245565	-27.876788	1.510225	-1.142057	-28.027373	1.455415	-0.930092	-27.984089	0.760309	-1.571569	-27.925428	1.363626	-0.554422	-28.093884	-0.059495	-2.069610	-27.981362	1.390114	-0.561336	-28.088400	-0.047930	-2.077541	-27.963189	1.348956	-0.615330	-28.112147	-0.041618	-2.079370	-28.183122	0.967866	-1.209989	-28.162011	0.969370	-1.268172	-27.856706	0.976270	-1.087952	-27.839784	0.946192	-1.137918	-28.142684	0.469126	-1.235496	-27.849223	0.489025	-1.080686	-28.167370	-0.087543	-1.201000	-28.123852	-0.080271	-1.246818	-27.852122	-0.035713	-1.061284	-27.819574	-0.070430	-1.072101
3589	49.849679	00:00:49:61	-27.976131	1.649067	-1.278580	-27.957039	1.666482	-1.086382	-28.099398	1.634195	-1.134124	-28.012856	1.539738	-1.192084	-28.019159	1.522789	-1.168590	-28.102321	1.559038	-1.249725	-27.838113	1.520713	-1.157873	-28.016670	1.469941	-0.925953	-27.945085	0.763463	-1.610558	-27.930635	1.373441	-0.593358	-28.108534	-0.038966	-2.045558	-27.959958	1.356177	-0.584159	-28.075940	-0.018232	-2.076440	-27.930316	1.398794	-0.570523	-28.088823	-0.060350	-2.056125	-28.183139	0.956108	-1.200893	-28.131206	0.995476	-1.262694	-27.861242	0.968495	-1.072941	-27.837325	0.981017	-1.124844	-28.148274	0.448652	-1.240768	-27.849996	0.435686	-1.094796	-28.156136	-0.065203	-1.181533	-28.150334	-0.017975	-1.246118	-27.830240	-0.042697	-1.037681	-27.825855	-0.035201	-1.104417
3590	49.863572	00:00:49:62	-27.994720	1.646110	-1.218707	-27.967944	1.671902	-1.096799	-28.066524	1.695074	-1.159159	-27.966373	1.527980	-1.180656	-27.996735	1.508286	-1.152431	-28.161180	1.499353	-1.261167	-27.857810	1.537950	-1.127298	-28.025804	1.454772	-0.928518	-27.955584	0.747336	-1.594780	-27.955565	1.384749	-0.570985	-28.087678	-0.065559	-2.055681	-27.979265	1.358908	-0.575765	-28.117580	-0.009685	-2.070939	-27.924620	1.339083	-0.594201	-28.090351	-0.061355	-2.054628	-28.141186	0.956376	-1.252142	-28.147579	0.949556	-1.241072	-27.851038	0.961576	-1.076956	-27.823131	0.960066	-1.125353	-28.126668	0.423494	-1.245282	-27.824617	0.448894	-1.066470	-28.170927	-0.045693	-1.219895	-28.142480	-0.077976	-1.253852	-27.850809	-0.080697	-1.048590	-27.845085	-0.072211	-1.112966
3591	49.877465	00:00:49:63	-28.013338	1.696242	-1.249829	-27.968211	1.662664	-1.084841	-28.092830	1.640585	-1.159342	-27.999975	1.530063	-1.231345	-27.993157	1.565754	-1.127779	-28.117141	1.545473	-1.263317	-27.872036	1.504947	-1.096709	-28.027907	1.440340	-0.873144	-27.981714	0.745382	-1.586392	-27.950626	1.354510	-0.563952	-28.113665	-0.056874	-2.023478	-27.972987	1.375198	-0.599669	-28.097911	-0.054965	-2.054026	-27.928938	1.379453	-0.572952	-28.108952	-0.048153	-2.043039	-28.188392	0.963630	-1.210512	-28.167158	0.970202	-1.305385	-27.875706	0.975182	-1.054810	-27.856207	0.941048	-1.108788	-28.142759	0.464128	-1.223325	-27.864610	0.451776	-1.099617	-28.153158	-0.055351	-1.198657	-28.160321	-0.070790	-1.252890	-27.868825	-0.074708	-1.033083	-27.829550	-0.005170	-1.135761
3592	49.891359	00:00:49:64	-27.948927	1.623698	-1.231472	-27.965289	1.672156	-1.091675	-28.091297	1.646353	-1.158233	-27.979467	1.524707	-1.185820	-28.038224	1.533734	-1.156110	-28.135229	1.525141	-1.259502	-27.849563	1.529283	-1.130105	-28.069076	1.458008	-0.918968	-27.991860	0.761400	-1.555945	-27.951631	1.399830	-0.582273	-28.083728	-0.074022	-2.077396	-27.978613	1.407780	-0.572395	-28.099533	-0.058724	-2.037325	-27.968035	1.348151	-0.623939	-28.092075	-0.048453	-2.084534	-28.156723	0.983059	-1.217750	-28.154630	0.950830	-1.254570	-27.857737	0.952384	-1.062931	-27.802300	0.962914	-1.113349	-28.196909	0.433441	-1.228912	-27.828236	0.461440	-1.075208	-28.180231	-0.039922	-1.173314	-28.105211	-0.055307	-1.264477	-27.856650	-0.049427	-1.054156	-27.840764	-0.092193	-1.135838
3593	49.905252	00:00:49:65	-27.956294	1.667277	-1.238670	-27.959657	1.643415	-1.083106	-28.071226	1.640315	-1.173091	-28.006784	1.521295	-1.201163	-27.996362	1.561879	-1.166938	-28.138669	1.541496	-1.241741	-27.871364	1.529463	-1.103131	-28.037675	1.438534	-0.918342	-27.973384	0.735563	-1.589767	-27.912470	1.353993	-0.584209	-28.097922	-0.051366	-2.082314	-27.968808	1.409918	-0.572853	-28.119699	-0.056322	-2.066970	-27.979541	1.362348	-0.589599	-28.075110	-0.055966	-2.056915	-28.183410	0.955182	-1.254092	-28.153233	0.968227	-1.271672	-27.845140	0.974598	-1.094947	-27.831716	0.981462	-1.121650	-28.147921	0.460536	-1.225195	-27.831221	0.431847	-1.066531	-28.123392	-0.042492	-1.157084	-28.147877	-0.059993	-1.293472	-27.850888	-0.046142	-1.044142	-27.835622	-0.032143	-1.107711
3594	49.919146	00:00:49:66	-27.971332	1.648487	-1.218748	-28.001865	1.685290	-1.077324	-28.054651	1.661593	-1.154259	-27.970514	1.536493	-1.174204	-28.012716	1.557017	-1.145836	-28.111832	1.550689	-1.238882	-27.844663	1.544483	-1.156008	-28.054460	1.415085	-0.932728	-27.997173	0.746755	-1.557951	-27.950925	1.366664	-0.593150	-28.093904	-0.085120	-2.038045	-27.937217	1.390831	-0.602009	-28.084600	-0.029858	-2.080409	-27.963736	1.347444	-0.577162	-28.088359	-0.049047	-2.050342	-28.192556	0.950354	-1.232330	-28.129525	0.971548	-1.278054	-27.853350	0.997445	-1.081316	-27.804634	0.967909	-1.114480	-28.176034	0.450870	-1.252033	-27.836050	0.488368	-1.084701	-28.200286	-0.037615	-1.183181	-28.131105	-0.063501	-1.266632	-27.871002	-0.064624	-1.050917	-27.816109	-0.059207	-1.088771
3595	49.933039	00:00:49:67	-27.961767	1.652470	-1.226932	-27.965136	1.676307	-1.102892	-28.045746	1.690630	-1.149991	-27.998395	1.526311	-1.159314	-27.995653	1.515956	-1.161411	-28.142891	1.576227	-1.298883	-27.856953	1.573523	-1.103132	-28.045621	1.493792	-0.912006	-27.981837	0.749671	-1.588121	-27.983352	1.343613	-0.616130	-28.075227	-0.055183	-2.069202	-27.982282	1.381098	-0.577304	-28.088101	-0.055056	-2.048525	-27.978156	1.329267	-0.605046	-28.093611	-0.048021	-2.073994	-28.188981	0.966237	-1.229171	-28.120052	0.960662	-1.281852	-27.864827	0.970990	-1.072046	-27.786051	0.962562	-1.069036	-28.122622	0.456502	-1.230426	-27.865660	0.437301	-1.072297	-28.183862	-0.063943	-1.199542	-28.161915	-0.039582	-1.232607	-27.855621	-0.054405	-1.046734	-27.835213	-0.062995	-1.096141
3596	49.946933	00:00:49:68	-27.973359	1.631752	-1.261869	-27.964906	1.688596	-1.091645	-28.069145	1.653954	-1.118388	-28.023433	1.544586	-1.186159	-28.008956	1.551711	-1.148826	-28.112291	1.565545	-1.266788	-27.846437	1.556925	-1.116767	-28.011820	1.456897	-0.926195	-27.967596	0.743505	-1.568115	-27.957618	1.391973	-0.596217	-28.090349	-0.031523	-2.056923	-27.960450	1.411420	-0.579253	-28.100265	-0.039663	-2.057941	-27.944192	1.382092	-0.593934	-28.081159	-0.058540	-2.041691	-28.168275	0.945306	-1.221393	-28.168563	0.959580	-1.250909	-27.863733	0.957072	-1.070861	-27.821222	0.959543	-1.116451	-28.178116	0.454086	-1.198775	-27.861286	0.471630	-1.055204	-28.200659	-0.066477	-1.195006	-28.145959	-0.095611	-1.264199	-27.830521	-0.048584	-1.034052	-27.811954	-0.076507	-1.106267
3597	49.960826	00:00:49:69	-27.961315	1.619950	-1.247877	-27.961783	1.652005	-1.088062	-28.068651	1.646941	-1.172193	-27.990266	1.507560	-1.200312	-27.994796	1.550179	-1.178355	-28.120664	1.552349	-1.280669	-27.868465	1.553617	-1.115525	-28.031612	1.440756	-0.927887	-27.971124	0.736267	-1.597434	-27.951854	1.353316	-0.568980	-28.099487	-0.040888	-2.063047	-27.970817	1.398610	-0.557788	-28.096480	-0.041585	-2.078724	-27.935473	1.343875	-0.578481	-28.096775	-0.104226	-2.066676	-28.220804	1.004903	-1.222483	-28.158327	0.924195	-1.294723	-27.858080	0.968408	-1.054932	-27.812522	0.935390	-1.110851	-28.182722	0.448628	-1.255062	-27.838734	0.453173	-1.061993	-28.144710	-0.050724	-1.185352	-28.157387	-0.051916	-1.275237	-27.870458	-0.080283	-1.048906	-27.843033	-0.035738	-1.096312
3598	49.974720	00:00:49:70	-27.967073	1.641781	-1.266594	-27.965027	1.678566	-1.084037	-28.059273	1.625826	-1.146197	-27.970951	1.562144	-1.211744	-27.996355	1.540201	-1.136074	-28.117667	1.553277	-1.264949	-27.858388	1.508740	-1.141324	-28.048076	1.452161	-0.894590	-27.937781	0.755366	-1.585195	-27.954164	1.388757	-0.583103	-28.081521	-0.043898	-2.050421	-27.967007	1.365040	-0.549686	-28.123105	-0.017125	-2.069320	-27.996331	1.359754	-0.583428	-28.084869	-0.046354	-2.040275	-28.175510	0.977418	-1.240971	-28.141205	0.978342	-1.268018	-27.849280	0.994719	-1.049215	-27.769092	0.963212	-1.124050	-28.146205	0.418393	-1.229353	-27.835759	0.451918	-1.078797	-28.162204	-0.044204	-1.212366	-28.159116	-0.054420	-1.262012	-27.855115	-0.073464	-1.049852	-27.835091	-0.066746	-1.099983
3599	49.988613	00:00:49:71	-27.941278	1.655904	-1.262922	-27.993070	1.674852	-1.090995	-28.074466	1.645050	-1.140865	-27.972716	1.540744	-1.240220	-28.001395	1.556289	-1.161956	-28.134846	1.546728	-1.244540	-27.831560	1.558823	-1.079783	-28.037251	1.437681	-0.913442	-27.959442	0.726311	-1.591514	-27.970773	1.364153	-0.592883	-28.091005	-0.042341	-2.060254	-27.949072	1.389653	-0.584980	-28.104437	-0.068285	-2.078675	-27.974418	1.397608	-0.578194	-28.097900	-0.054164	-2.055666	-28.165256	0.964680	-1.221851	-28.150662	0.984276	-1.270780	-27.874204	1.031470	-1.034838	-27.833153	0.962409	-1.126788	-28.175754	0.453304	-1.226864	-27.815728	0.445112	-1.058248	-28.156439	-0.033435	-1.187257	-28.150637	-0.069622	-1.231946	-27.847190	-0.070535	-1.053673	-27.842404	-0.040339	-1.084115
3600	50.002506	00:00:50:00	-28.002304	1.633907	-1.222578	-27.954943	1.647590	-1.117003	-28.098457	1.644810	-1.143542	-28.027283	1.560216	-1.169949	-28.017112	1.546493	-1.124095	-28.087986	1.554307	-1.256713	-27.839962	1.560317	-1.100133	-28.037169	1.440237	-0.903058	-27.968547	0.756844	-1.571723	-27.956389	1.329103	-0.575235	-28.105392	-0.041470	-2.073203	-27.937741	1.336732	-0.592486	-28.081738	-0.054034	-2.079315	-27.960691	1.351103	-0.575775	-28.094424	-0.046606	-2.057368	-28.176420	0.947490	-1.199865	-28.139490	0.987307	-1.283011	-27.874391	0.983117	-1.089032	-27.823915	0.969066	-1.087675	-28.172547	0.436445	-1.232940	-27.828780	0.455796	-1.087328	-28.186898	-0.043961	-1.183645	-28.156107	-0.056511	-1.262697	-27.866535	-0.013153	-1.048687	-27.867368	-0.063423	-1.134620
3601	50.016400	00:00:50:01	-27.961173	1.657779	-1.198943	-27.975303	1.647007	-1.101576	-28.141618	1.629328	-1.171683	-27.980174	1.553428	-1.203641	-28.008113	1.581339	-1.159233	-28.112871	1.548590	-1.244392	-27.830243	1.549958	-1.095321	-28.047907	1.485881	-0.924740	-27.967553	0.755730	-1.597636	-27.990293	1.355392	-0.618101	-28.106490	-0.083391	-2.064093	-27.962392	1.348323	-0.537668	-28.101807	-0.069395	-2.058096	-27.975700	1.344840	-0.580673	-28.091892	-0.056838	-2.083824	-28.181064	0.991025	-1.224897	-28.145300	0.974404	-1.278036	-27.866322	0.981104	-1.041941	-27.803816	0.985404	-1.133370	-28.179523	0.470477	-1.255794	-27.854222	0.446030	-1.090877	-28.171586	-0.073904	-1.233593	-28.151529	-0.036394	-1.266323	-27.838755	-0.067240	-1.059222	-27.837998	-0.062062	-1.103138
3602	50.030293	00:00:50:02	-27.988969	1.669144	-1.259947	-27.987191	1.658431	-1.111227	-28.095524	1.633620	-1.135926	-28.020551	1.545588	-1.207327	-28.017518	1.540528	-1.148171	-28.127291	1.530535	-1.258126	-27.862173	1.522401	-1.140860	-28.066198	1.457447	-0.837023	-27.972632	0.739091	-1.599231	-27.939392	1.377329	-0.578579	-28.093234	-0.031053	-2.092314	-27.969510	1.376372	-0.595485	-28.101665	-0.050515	-2.070151	-27.967470	1.377216	-0.567135	-28.087259	-0.046371	-2.016449	-28.168604	0.984114	-1.260444	-28.139913	0.957754	-1.269856	-27.851001	0.976650	-1.059773	-27.823173	0.974076	-1.109852	-28.148937	0.458253	-1.246254	-27.821693	0.456820	-1.048537	-28.163811	-0.093286	-1.180532	-28.152940	-0.070246	-1.230789	-27.869998	-0.033694	-1.058515	-27.808303	-0.037120	-1.099024
3603	50.044187	00:00:50:03	-27.966201	1.635909	-1.253182	-27.993095	1.640679	-1.066133	-28.105732	1.637730	-1.164301	-28.001045	1.532171	-1.200724	-28.006219	1.544612	-1.195398	-28.106878	1.523593	-1.259006	-27.856388	1.550002	-1.130059	-28.034147	1.483499	-0.895998	-28.001312	0.753070	-1.576047	-27.968295	1.366286	-0.571163	-28.065551	-0.046717	-2.053324	-27.952798	1.343424	-0.602635	-28.098388	-0.031641	-2.051975	-27.947166	1.391965	-0.587698	-28.090646	-0.026977	-2.069591	-28.162639	0.973113	-1.247417	-28.115908	0.952427	-1.290232	-27.894049	0.985731	-1.059185	-27.838085	0.937533	-1.097054	-28.143519	0.464694	-1.226491	-27.819600	0.450273	-1.052053	-28.208775	-0.047892	-1.188773	-28.166103	-0.037886	-1.275542	-27.827917	-0.032261	-1.070906	-27.817657	-0.025193	-1.109298
3604	50.058080	00:00:50:04	-27.980169	1.682378	-1.232666	-27.981919	1.678241	-1.100012	-28.085168	1.650463	-1.159554	-28.013365	1.550503	-1.191884	-28.046029	1.544152	-1.133506	-28.134538	1.551827	-1.245738	-27.874890	1.552566	-1.108517	-28.049856	1.451019	-0.908110	-28.005101	0.748414	-1.589267	-27.962954	1.375455	-0.590033	-28.077834	-0.039344	-2.059949	-27.955962	1.361573	-0.598297	-28.120003	-0.067759	-2.062991	-27.961777	1.374082	-0.566504	-28.101311	-0.042584	-2.022191	-28.201632	0.970469	-1.247456	-28.145519	0.989594	-1.276642	-27.850014	0.947013	-1.071901	-27.858305	0.970739	-1.086578	-28.149702	0.472713	-1.209907	-27.837771	0.484054	-1.108656	-28.169898	-0.061004	-1.199871	-28.131285	-0.053643	-1.231562	-27.854554	-0.053567	-1.052821	-27.823539	-0.076429	-1.074566
3605	50.071974	00:00:50:05	-27.968045	1.674918	-1.231067	-27.933736	1.655245	-1.092434	-28.108739	1.648091	-1.158259	-28.029496	1.546557	-1.150137	-28.017553	1.508314	-1.139552	-28.134655	1.524227	-1.238770	-27.871254	1.552608	-1.137923	-28.044876	1.483110	-0.920451	-27.976797	0.749043	-1.559094	-27.983248	1.378965	-0.555233	-28.105409	-0.068838	-2.072496	-27.961539	1.408829	-0.598030	-28.112174	-0.048986	-2.056979	-27.982934	1.380209	-0.603453	-28.102673	-0.057959	-2.061917	-28.128481	0.972917	-1.189849	-28.157273	0.922043	-1.290135	-27.859149	0.942662	-1.050694	-27.854408	0.971967	-1.088717	-28.166887	0.450961	-1.247092	-27.827604	0.453071	-1.069408	-28.173262	-0.040170	-1.196374	-28.153210	-0.038929	-1.241552	-27.845258	-0.051512	-1.074253	-27.809632	-0.058397	-1.097754
3606	50.085867	00:00:50:06	-27.994111	1.643981	-1.234626	-27.956625	1.660476	-1.126957	-28.073789	1.633328	-1.160102	-27.980717	1.549397	-1.195912	-28.010020	1.545409	-1.142528	-28.124973	1.544190	-1.274717	-27.858358	1.536646	-1.102492	-28.034752	1.435254	-0.939882	-27.991505	0.745080	-1.601698	-27.953496	1.405505	-0.574622	-28.130002	-0.041457	-2.057684	-27.956951	1.366317	-0.593479	-28.080623	-0.079808	-2.051814	-27.964765	1.405918	-0.593552	-28.071860	-0.016055	-2.079887	-28.181992	0.973341	-1.228204	-28.166027	0.973990	-1.289257	-27.854806	0.961684	-1.043912	-27.816867	0.968711	-1.135737	-28.164360	0.425822	-1.242427	-27.860291	0.465899	-1.056314	-28.159928	-0.072449	-1.252662	-28.152020	-0.066135	-1.261378	-27.860107	-0.052379	-1.026432	-27.861734	-0.041219	-1.103135
3607	50.099761	00:00:50:07	-27.970147	1.622273	-1.243451	-27.983503	1.630678	-1.118032	-28.087038	1.652192	-1.143662	-27.959132	1.542623	-1.167601	-28.003190	1.535765	-1.152636	-28.132118	1.557966	-1.241610	-27.839359	1.560920	-1.099778	-28.035508	1.469184	-0.935295	-28.022615	0.752364	-1.584404	-27.959513	1.372937	-0.595771	-28.093145	-0.011434	-2.082680	-27.983930	1.396293	-0.599858	-28.099939	-0.017887	-2.039601	-27.962092	1.374931	-0.564777	-28.086732	-0.033394	-2.074022	-28.173327	0.993978	-1.227808	-28.135000	0.911426	-1.291392	-27.874264	0.958770	-1.076760	-27.826032	0.956408	-1.127209	-28.141572	0.443055	-1.242712	-27.811611	0.429807	-1.070862	-28.170103	-0.047031	-1.199595	-28.136993	-0.074087	-1.225320	-27.860868	-0.050176	-1.040634	-27.818965	-0.084719	-1.102110
3608	50.113654	00:00:50:08	-27.970384	1.633622	-1.250319	-27.965570	1.651367	-1.094898	-28.076126	1.687914	-1.159142	-28.027962	1.542179	-1.191976	-28.012488	1.527156	-1.127039	-28.130247	1.523093	-1.230976	-27.859709	1.555492	-1.082512	-28.016998	1.462513	-0.900570	-27.956270	0.750076	-1.590681	-27.980723	1.392409	-0.565330	-28.066980	-0.055029	-2.048922	-27.959187	1.363499	-0.553445	-28.111990	-0.032285	-2.061687	-27.946092	1.391531	-0.582004	-28.060514	-0.032861	-2.063297	-28.177476	0.931207	-1.226580	-28.145636	0.943262	-1.289573	-27.820363	0.978444	-1.037843	-27.852315	0.981943	-1.122023	-28.158081	0.458381	-1.229910	-27.846542	0.468424	-1.077019	-28.175154	-0.035882	-1.204889	-28.155195	-0.063764	-1.236158	-27.847415	-0.058431	-1.053182	-27.794458	-0.032705	-1.090238
3609	50.127547	00:00:50:09	-27.943514	1.646242	-1.234683	-27.981401	1.639096	-1.103377	-28.079151	1.671836	-1.140424	-27.972840	1.516313	-1.190603	-28.005173	1.564351	-1.140679	-28.140908	1.554239	-1.269051	-27.853768	1.541771	-1.120327	-28.023513	1.480804	-0.921851	-27.984919	0.729553	-1.600752	-27.973777	1.380293	-0.570223	-28.091797	-0.057827	-2.081830	-27.933344	1.379628	-0.551679	-28.065710	-0.046157	-2.043650	-27.962359	1.390641	-0.596984	-28.068752	-0.047458	-2.059471	-28.182583	0.953550	-1.235325	-28.146819	0.972640	-1.252065	-27.884893	0.951401	-1.055601	-27.848445	0.976093	-1.099856	-28.171666	0.447691	-1.234170	-27.863751	0.454603	-1.085456	-28.200396	-0.048599	-1.216220	-28.140372	-0.073543	-1.267187	-27.839677	-0.047020	-1.013985	-27.802493	-0.027667	-1.055608
3610	50.141441	00:00:50:10	-27.932931	1.653310	-1.218347	-27.942746	1.660449	-1.083024	-28.100995	1.707580	-1.127497	-27.969331	1.547307	-1.211792	-28.029426	1.557132	-1.167075	-28.148011	1.531307	-1.271653	-27.844048	1.489645	-1.124864	-28.071127	1.463745	-0.858260	-27.993193	0.748850	-1.606078	-27.961094	1.425723	-0.564478	-28.086666	-0.060261	-2.065333	-27.967084	1.353451	-0.565447	-28.092099	-0.041406	-2.088165	-27.970164	1.388345	-0.570426	-28.093025	-0.054635	-2.042742	-28.201905	0.963401	-1.212013	-28.130558	0.979377	-1.263567	-27.875393	0.974259	-1.088465	-27.825198	0.942693	-1.137826	-28.181730	0.461751	-1.255693	-27.847912	0.443728	-1.055949	-28.196389	-0.043438	-1.215036	-28.132421	-0.064708	-1.272645	-27.852671	-0.067893	-1.018179	-27.851234	-0.064713	-1.105188
3611	50.155334	00:00:50:11	-27.953724	1.653257	-1.238857	-27.978814	1.661229	-1.094482	-28.088314	1.664871	-1.138506	-28.006335	1.538862	-1.166481	-28.007300	1.566159	-1.140986	-28.098312	1.519991	-1.262973	-27.869524	1.550850	-1.121522	-28.024773	1.431765	-0.939238	-27.965786	0.743944	-1.594539	-27.946275	1.363368	-0.558085	-28.124618	-0.035268	-2.061977	-27.963302	1.361833	-0.605156	-28.086434	-0.048744	-2.061562	-27.958246	1.364861	-0.607451	-28.131546	-0.057665	-2.066252	-28.218201	0.977584	-1.226596	-28.108071	0.963820	-1.275108	-27.887630	0.985943	-1.085603	-27.834411	0.961363	-1.129365	-28.182361	0.480154	-1.233071	-27.844416	0.441012	-1.095077	-28.208235	-0.061034	-1.224559	-28.144471	-0.068462	-1.236617	-27.866951	-0.036241	-1.033247	-27.795055	-0.044563	-1.088308
3612	50.169228	00:00:50:12	-28.000036	1.664783	-1.243740	-27.971244	1.653174	-1.111242	-28.075783	1.673583	-1.150213	-27.987325	1.535221	-1.186533	-28.034596	1.564579	-1.136854	-28.127791	1.549241	-1.232846	-27.883876	1.549748	-1.114099	-28.050837	1.497296	-0.917604	-27.987762	0.761927	-1.591205	-27.980139	1.355601	-0.584525	-28.092307	-0.045412	-2.058961	-27.953859	1.372421	-0.613704	-28.097488	-0.044524	-2.075989	-27.982208	1.345051	-0.602692	-28.097886	-0.044162	-2.050685	-28.168674	0.991219	-1.235094	-28.165013	0.959343	-1.296935	-27.856879	0.987764	-1.070113	-27.840776	0.995846	-1.112144	-28.172422	0.460832	-1.231909	-27.840829	0.445058	-1.062375	-28.183802	-0.076953	-1.217984	-28.175241	-0.052753	-1.242388	-27.874425	-0.048020	-1.047727	-27.845430	-0.045775	-1.131191
3613	50.183121	00:00:50:13	-27.988453	1.656476	-1.259414	-27.952899	1.646057	-1.098855	-28.104060	1.646741	-1.141762	-27.969339	1.533385	-1.178191	-28.030607	1.569672	-1.155575	-28.111433	1.541760	-1.233620	-27.838173	1.582783	-1.108920	-28.021969	1.498791	-0.919734	-27.971284	0.763697	-1.605141	-27.941668	1.380085	-0.581795	-28.122836	-0.036012	-2.069042	-27.958960	1.368966	-0.567256	-28.072769	-0.027593	-2.084362	-27.941641	1.384118	-0.579473	-28.097182	-0.064557	-2.062173	-28.169577	0.997937	-1.232039	-28.168786	0.950883	-1.286286	-27.842482	0.957613	-1.062607	-27.822705	0.964496	-1.095874	-28.168965	0.461874	-1.242499	-27.847552	0.424905	-1.075557	-28.193341	-0.043191	-1.190655	-28.135392	-0.073868	-1.239534	-27.875679	-0.064336	-1.073406	-27.828747	-0.081329	-1.097359
3614	50.197015	00:00:50:14	-27.932960	1.648326	-1.217290	-27.972416	1.676599	-1.103522	-28.092463	1.649479	-1.177337	-27.999892	1.502756	-1.172999	-27.999229	1.560454	-1.146440	-28.108912	1.585749	-1.254790	-27.868818	1.536615	-1.150652	-28.040690	1.461522	-0.924535	-27.990546	0.750671	-1.576531	-27.951183	1.373239	-0.599095	-28.085592	-0.042406	-2.039017	-27.954757	1.391926	-0.574784	-28.113212	-0.039686	-2.064774	-27.980654	1.372051	-0.578709	-28.106563	-0.027024	-2.070273	-28.187313	0.959879	-1.255367	-28.148636	0.960841	-1.278701	-27.885729	0.964724	-1.068312	-27.817499	0.958056	-1.107354	-28.174796	0.461020	-1.225374	-27.846638	0.454792	-1.081069	-28.196439	-0.049213	-1.201462	-28.140282	-0.061640	-1.292037	-27.857213	-0.083567	-1.057581	-27.819707	-0.064528	-1.103341
3615	50.210908	00:00:50:15	-28.005973	1.644279	-1.214082	-27.954265	1.635499	-1.092396	-28.076449	1.672682	-1.156112	-27.975365	1.550540	-1.195847	-28.011065	1.540230	-1.129297	-28.134432	1.544345	-1.272680	-27.870327	1.546347	-1.110056	-28.017350	1.486514	-0.900386	-27.963812	0.734665	-1.592799	-27.975437	1.397226	-0.597207	-28.077921	-0.037361	-2.082787	-27.973371	1.377966	-0.603703	-28.131652	-0.029893	-2.034270	-27.955390	1.381907	-0.575156	-28.105364	-0.041856	-2.047159	-28.175317	0.936699	-1.227855	-28.194844	0.955023	-1.284683	-27.887470	0.962440	-1.072496	-27.827911	0.969988	-1.140199	-28.155060	0.471197	-1.232672	-27.854540	0.419308	-1.074795	-28.164562	-0.062350	-1.199345	-28.117255	-0.068606	-1.262066	-27.848426	-0.047741	-1.029306	-27.840134	-0.070896	-1.111746
3616	50.224802	00:00:50:16	-27.973419	1.653401	-1.242562	-27.989900	1.632948	-1.084345	-28.106653	1.626761	-1.160657	-27.996186	1.559428	-1.175950	-28.013304	1.548329	-1.185503	-28.124618	1.521322	-1.269007	-27.872985	1.546021	-1.069773	-28.021753	1.458903	-0.902759	-27.971950	0.778364	-1.575340	-27.969698	1.347180	-0.587543	-28.095962	-0.058894	-2.071277	-27.948259	1.396033	-0.597067	-28.109174	-0.028761	-2.076068	-27.963210	1.375228	-0.598719	-28.078418	-0.049291	-2.040439	-28.189763	0.988723	-1.215870	-28.147707	0.982432	-1.283080	-27.867526	0.932514	-1.048018	-27.819012	0.949669	-1.102172	-28.175400	0.430510	-1.247996	-27.841417	0.415078	-1.085083	-28.205033	-0.029919	-1.195507	-28.149025	-0.069850	-1.222243	-27.838958	-0.062652	-1.052130	-27.823702	-0.050681	-1.071554
3617	50.238695	00:00:50:17	-27.977309	1.655876	-1.224789	-27.975408	1.655623	-1.090690	-28.095753	1.649863	-1.131322	-27.978277	1.518088	-1.194077	-27.999991	1.550370	-1.176284	-28.117979	1.529953	-1.232458	-27.851732	1.560509	-1.123276	-28.057639	1.412752	-0.925551	-27.984871	0.746087	-1.591683	-27.982144	1.388741	-0.591366	-28.093832	-0.053791	-2.085881	-27.948154	1.387910	-0.541490	-28.100433	-0.063656	-2.060639	-27.966897	1.367606	-0.585581	-28.094970	-0.024577	-2.066418	-28.150112	0.987990	-1.231180	-28.149571	0.958911	-1.271093	-27.848532	0.963110	-1.030553	-27.839535	0.988183	-1.117411	-28.147211	0.442549	-1.250037	-27.828790	0.441742	-1.094400	-28.209354	-0.053425	-1.181810	-28.180117	-0.059187	-1.251721	-27.886719	-0.054129	-1.058449	-27.852569	-0.032221	-1.076910
3618	50.252588	00:00:50:18	-27.980476	1.658141	-1.237542	-27.932239	1.680108	-1.068674	-28.093578	1.667811	-1.148763	-28.011160	1.533574	-1.190151	-28.014419	1.588794	-1.117135	-28.152348	1.513222	-1.262215	-27.877865	1.567187	-1.133886	-28.026776	1.468234	-0.909493	-27.976324	0.733297	-1.575771	-27.975927	1.359865	-0.579298	-28.082353	-0.035220	-2.070880	-27.959303	1.391224	-0.579251	-28.104036	-0.055418	-2.071755	-27.959519	1.389553	-0.588651	-28.088350	-0.008930	-2.063034	-28.189028	1.002044	-1.222341	-28.158700	0.963531	-1.281048	-27.843995	0.952479	-1.082917	-27.846291	0.951615	-1.091442	-28.146205	0.466412	-1.214610	-27.840286	0.437710	-1.071969	-28.153838	-0.051848	-1.199345	-28.167667	-0.068417	-1.250132	-27.861617	-0.051434	-1.056432	-27.812164	-0.067796	-1.093942
3619	50.266482	00:00:50:19	-27.978559	1.619921	-1.224277	-27.965465	1.655809	-1.075782	-28.052037	1.650669	-1.117898	-28.029088	1.560909	-1.186790	-28.002299	1.514062	-1.151358	-28.111670	1.556215	-1.242389	-27.882972	1.538037	-1.119681	-28.060315	1.462862	-0.927968	-27.967895	0.744481	-1.600204	-27.935265	1.383527	-0.598089	-28.097565	-0.075080	-2.071072	-27.955309	1.395684	-0.578400	-28.089309	-0.041712	-2.054679	-27.993728	1.377351	-0.589083	-28.106272	-0.055946	-2.049746	-28.172622	0.965201	-1.237780	-28.164061	0.958644	-1.279266	-27.855120	0.958337	-1.082130	-27.877518	1.014334	-1.102908	-28.190877	0.460496	-1.256139	-27.857367	0.446660	-1.081167	-28.174834	-0.037389	-1.227432	-28.171254	-0.051945	-1.259087	-27.824731	-0.053574	-1.022582	-27.847331	-0.024422	-1.058429
3620	50.280375	00:00:50:20	-27.989995	1.629578	-1.277574	-27.951428	1.669955	-1.079956	-28.099211	1.661512	-1.125137	-27.987192	1.523410	-1.193027	-28.029664	1.519299	-1.165624	-28.125781	1.584083	-1.250212	-27.850623	1.538631	-1.123899	-28.044037	1.443420	-0.919474	-28.003609	0.742046	-1.615317	-27.984140	1.415012	-0.568735	-28.105696	-0.040478	-2.081210	-27.992951	1.387980	-0.598063	-28.102226	-0.081909	-2.085450	-27.951699	1.386415	-0.607658	-28.109722	-0.078305	-2.043822	-28.179258	0.970542	-1.204568	-28.146232	0.985944	-1.289602	-27.858441	0.959986	-1.076139	-27.844184	0.949820	-1.101846	-28.177186	0.436848	-1.256205	-27.839066	0.446807	-1.064507	-28.185315	-0.040511	-1.199641	-28.126082	-0.032118	-1.266337	-27.870671	-0.048732	-1.031626	-27.841728	-0.011508	-1.091459
3621	50.294269	00:00:50:21	-27.993165	1.638726	-1.246303	-27.997827	1.664483	-1.122588	-28.091997	1.626892	-1.157573	-27.991099	1.552075	-1.209247	-28.011145	1.551993	-1.158704	-28.105147	1.554187	-1.249981	-27.868465	1.542389	-1.109654	-28.099723	1.469877	-0.915634	-27.958162	0.745347	-1.598074	-27.947000	1.374498	-0.578113	-28.073955	-0.036781	-2.071004	-27.996092	1.345771	-0.596087	-28.076524	-0.049464	-2.041444	-27.973095	1.386439	-0.595644	-28.084692	-0.047614	-2.088203	-28.179337	0.949573	-1.189940	-28.121008	0.949421	-1.259219	-27.854302	0.962796	-1.040422	-27.805561	0.986473	-1.104739	-28.172292	0.473044	-1.261091	-27.836797	0.461249	-1.096562	-28.169120	-0.040769	-1.215511	-28.187518	-0.075986	-1.246450	-27.879943	-0.061782	-1.040889	-27.809633	-0.072805	-1.082447
3622	50.308162	00:00:50:22	-27.975159	1.636758	-1.214825	-27.917433	1.636739	-1.113230	-28.106730	1.627587	-1.155325	-28.040797	1.497590	-1.152774	-28.007704	1.552435	-1.120423	-28.118534	1.565776	-1.264916	-27.841712	1.542348	-1.105782	-28.037795	1.436752	-0.911402	-27.978835	0.751405	-1.588685	-27.950225	1.373705	-0.547523	-28.086199	-0.049767	-2.059947	-27.948619	1.390664	-0.588061	-28.138932	-0.049652	-2.034896	-27.935137	1.396264	-0.568398	-28.106030	-0.061205	-2.036386	-28.176906	1.003891	-1.219108	-28.148079	0.977978	-1.274045	-27.863575	0.945182	-1.057158	-27.810667	0.946803	-1.115745	-28.172720	0.478264	-1.218039	-27.849178	0.445947	-1.063760	-28.179524	-0.047336	-1.202036	-28.174530	-0.059186	-1.240816	-27.857810	-0.068612	-1.036757	-27.827569	-0.057781	-1.076643
3623	50.322056	00:00:50:23	-27.974598	1.654152	-1.243409	-28.002557	1.664744	-1.083270	-28.081485	1.660064	-1.141025	-28.018493	1.524019	-1.196768	-28.024013	1.524894	-1.131132	-28.139286	1.550691	-1.263014	-27.850660	1.548898	-1.102720	-28.041437	1.487261	-0.924115	-27.981988	0.770587	-1.635116	-27.972183	1.385875	-0.559219	-28.113771	-0.048896	-2.067682	-27.991982	1.352711	-0.594550	-28.089747	-0.063525	-2.072718	-27.960661	1.372859	-0.537184	-28.090314	-0.023022	-2.051317	-28.189590	0.995714	-1.220983	-28.128041	0.950097	-1.291190	-27.865027	0.930694	-1.065221	-27.844368	0.958955	-1.101147	-28.151859	0.432214	-1.237719	-27.832442	0.494070	-1.085457	-28.209575	-0.066782	-1.188487	-28.154382	-0.059614	-1.234902	-27.847778	-0.076427	-1.059723	-27.824305	-0.049544	-1.084916
3624	50.335949	00:00:50:24	-27.963861	1.636668	-1.261321	-27.965854	1.675949	-1.098219	-28.077240	1.688825	-1.178019	-28.003724	1.555577	-1.180513	-28.030184	1.525942	-1.138146	-28.125346	1.541188	-1.255326	-27.883087	1.549526	-1.099554	-28.022044	1.462137	-0.897187	-27.981112	0.754290	-1.586345	-27.983801	1.382615	-0.557693	-28.074788	-0.046436	-2.033871	-27.969867	1.397318	-0.585786	-28.113568	-0.014321	-2.044654	-27.935476	1.376929	-0.569742	-28.096061	-0.007738	-2.086267	-28.210824	0.972588	-1.241261	-28.153352	0.958862	-1.264054	-27.856024	1.004598	-1.057483	-27.842334	0.962903	-1.117186	-28.142536	0.471716	-1.227399	-27.840140	0.436636	-1.097768	-28.168953	-0.069129	-1.220973	-28.165697	-0.037320	-1.244592	-27.842916	-0.058141	-1.078005	-27.857978	-0.059200	-1.094132
3625	50.349843	00:00:50:25	-27.898810	1.638219	-1.220576	-27.975149	1.641212	-1.076499	-28.064843	1.685487	-1.135450	-28.001141	1.535060	-1.165527	-28.007791	1.551099	-1.142111	-28.122113	1.530601	-1.261456	-27.876289	1.573526	-1.123845	-28.048407	1.485342	-0.921699	-27.948849	0.734385	-1.584169	-27.986801	1.368942	-0.544694	-28.092247	-0.070274	-2.077337	-27.953659	1.418270	-0.571910	-28.101086	-0.049775	-2.068658	-27.983539	1.395794	-0.570090	-28.082598	-0.042020	-2.084577	-28.196597	0.958797	-1.219166	-28.149903	0.974707	-1.263711	-27.839714	0.951237	-1.073075	-27.825257	0.966604	-1.116575	-28.148307	0.444900	-1.266216	-27.846592	0.450832	-1.044364	-28.191922	-0.035466	-1.197852	-28.143899	-0.077707	-1.247928	-27.835831	-0.071125	-1.051335	-27.838657	-0.063226	-1.100823
3626	50.363736	00:00:50:26	-27.980881	1.671374	-1.248415	-27.978937	1.661778	-1.099442	-28.069076	1.684312	-1.187593	-27.986366	1.549900	-1.190636	-28.034491	1.534446	-1.132261	-28.133013	1.565477	-1.239125	-27.804355	1.507042	-1.099990	-28.044558	1.436221	-0.927880	-27.997715	0.723724	-1.540070	-27.987364	1.387631	-0.565865	-28.082131	-0.030745	-2.076812	-27.954093	1.369055	-0.571662	-28.117399	-0.030750	-2.053248	-27.936822	1.358852	-0.568655	-28.048746	-0.043252	-2.085173	-28.152751	0.974435	-1.226179	-28.193696	0.975321	-1.255950	-27.854693	0.942580	-1.063031	-27.824678	0.963365	-1.110703	-28.161868	0.465700	-1.264641	-27.847169	0.480822	-1.081501	-28.194371	-0.097996	-1.220230	-28.138908	-0.064145	-1.250516	-27.894064	-0.067789	-1.057662	-27.837438	-0.033453	-1.093470
3627	50.377629	00:00:50:27	-27.961051	1.666324	-1.237120	-27.986127	1.658817	-1.135958	-28.108234	1.618424	-1.169024	-28.005046	1.531583	-1.170435	-28.008316	1.530388	-1.145017	-28.130530	1.537342	-1.256164	-27.858461	1.565374	-1.123336	-28.063224	1.468729	-0.916586	-28.009454	0.757826	-1.584015	-27.992389	1.383502	-0.585677	-28.081644	-0.032118	-2.044305	-27.966187	1.388969	-0.531874	-28.095811	-0.044063	-2.039833	-27.991494	1.358570	-0.615177	-28.104413	-0.048658	-2.072613	-28.192254	0.949575	-1.246185	-28.159208	0.973265	-1.263396	-27.859762	0.949800	-1.036569	-27.821963	0.981624	-1.127930	-28.140915	0.460488	-1.240338	-27.869150	0.424038	-1.098241	-28.187330	-0.046754	-1.241969	-28.140745	-0.056294	-1.218770	-27.857718	-0.047293	-1.037053	-27.805461	-0.066215	-1.084522
3628	50.391523	00:00:50:28	-27.942822	1.628256	-1.242661	-27.989872	1.629536	-1.093218	-28.097546	1.675431	-1.173579	-27.977995	1.515455	-1.237615	-27.989895	1.560018	-1.146031	-28.126213	1.550503	-1.290869	-27.876497	1.551050	-1.138860	-28.024409	1.466138	-0.884776	-28.021724	0.746164	-1.588377	-27.973456	1.403934	-0.591938	-28.116517	-0.055051	-2.071551	-27.973781	1.353289	-0.569828	-28.081322	-0.046819	-2.062937	-27.936869	1.383645	-0.612321	-28.095234	-0.065478	-2.059837	-28.160241	0.964282	-1.241039	-28.140026	0.960914	-1.265117	-27.840457	0.949468	-1.044907	-27.826052	0.948054	-1.145994	-28.174900	0.447827	-1.228575	-27.840353	0.439394	-1.085726	-28.157248	-0.045224	-1.180473	-28.162719	-0.096288	-1.226791	-27.847796	-0.067389	-1.054072	-27.855280	-0.083635	-1.120549
3629	50.405416	00:00:50:29	-27.969026	1.648384	-1.242911	-27.966545	1.658911	-1.082758	-28.048532	1.645459	-1.136203	-27.984296	1.546680	-1.195982	-27.986941	1.587092	-1.130171	-28.107005	1.514703	-1.276623	-27.875467	1.530026	-1.088655	-28.045765	1.441046	-0.920164	-27.963023	0.732441	-1.595039	-27.986716	1.368921	-0.554744	-28.091522	-0.025472	-2.085741	-27.964457	1.388436	-0.551295	-28.088143	-0.052374	-2.075162	-27.956689	1.380892	-0.602339	-28.066930	-0.050279	-2.061212	-28.160313	0.980119	-1.231171	-28.160815	0.973668	-1.271129	-27.877155	0.971481	-1.027315	-27.815340	0.957328	-1.136604	-28.170620	0.444957	-1.231596	-27.857007	0.478500	-1.118604	-28.160908	-0.085347	-1.183707	-28.137491	-0.073351	-1.290540	-27.857534	-0.068258	-1.029557	-27.842022	-0.033250	-1.074820
3630	50.419310	00:00:50:30	-27.970928	1.691518	-1.226205	-27.942867	1.629253	-1.118889	-28.073537	1.653583	-1.150238	-28.003524	1.566529	-1.197727	-28.006336	1.559739	-1.156390	-28.170335	1.551649	-1.257341	-27.862971	1.568410	-1.122737	-28.059184	1.486345	-0.902931	-27.957121	0.752553	-1.580098	-27.939177	1.383785	-0.591793	-28.103049	-0.045670	-2.065959	-27.991414	1.374949	-0.591221	-28.057815	-0.061125	-2.069519	-27.971429	1.383775	-0.560336	-28.111677	-0.071327	-2.087667	-28.173786	0.970486	-1.213160	-28.166747	0.967014	-1.257271	-27.877570	0.963719	-1.057279	-27.839386	0.964737	-1.116432	-28.177649	0.434603	-1.251119	-27.815108	0.449609	-1.088508	-28.178636	-0.069369	-1.237623	-28.168595	-0.064944	-1.257772	-27.858956	-0.037740	-1.024261	-27.818458	-0.074228	-1.101835
3631	50.433203	00:00:50:31	-27.941511	1.637552	-1.200648	-27.969345	1.652991	-1.091879	-28.074257	1.622087	-1.117769	-28.001081	1.569774	-1.156041	-28.013071	1.554963	-1.152872	-28.108067	1.543280	-1.243900	-27.881410	1.517381	-1.142412	-28.043119	1.437099	-0.883681	-27.970182	0.742477	-1.606082	-27.960763	1.385151	-0.583221	-28.111180	-0.057325	-2.075142	-27.967954	1.403333	-0.562740	-28.088503	-0.051032	-2.071934	-27.978883	1.361558	-0.535891	-28.097592	-0.041033	-2.086256	-28.186917	1.004736	-1.199287	-28.121496	0.966874	-1.265843	-27.887827	0.936947	-1.050095	-27.816107	0.964085	-1.101097	-28.171330	0.472913	-1.246828	-27.859316	0.453886	-1.088473	-28.166471	-0.052535	-1.198328	-28.121896	-0.037529	-1.252620	-27.841187	-0.077315	-1.050869	-27.824771	-0.016545	-1.110418
3632	50.447097	00:00:50:32	-27.949164	1.659152	-1.229838	-27.969047	1.656352	-1.076011	-28.065195	1.666594	-1.130476	-27.996535	1.541055	-1.204631	-28.004738	1.541722	-1.189865	-28.141023	1.537588	-1.266517	-27.817643	1.534235	-1.116596	-28.070155	1.456870	-0.897973	-27.955125	0.754004	-1.569703	-27.962528	1.387382	-0.584426	-28.100800	-0.039378	-2.046176	-27.970031	1.407599	-0.570828	-28.056854	-0.058997	-2.054776	-27.950964	1.411322	-0.581153	-28.096686	-0.023711	-2.085379	-28.143351	0.941013	-1.218593	-28.152988	0.940171	-1.249423	-27.873383	0.964108	-1.040265	-27.803315	0.947656	-1.132547	-28.133167	0.464951	-1.213935	-27.847292	0.458073	-1.060466	-28.183624	-0.066060	-1.213851	-28.167698	-0.034593	-1.260571	-27.886006	-0.039225	-1.059818	-27.808982	-0.064577	-1.081943
3633	50.460990	00:00:50:33	-27.982407	1.663043	-1.231367	-27.983843	1.656287	-1.095586	-28.077215	1.639415	-1.122934	-27.972044	1.544662	-1.192572	-28.003480	1.526155	-1.176959	-28.096828	1.562312	-1.240338	-27.836644	1.576795	-1.109828	-28.022490	1.457733	-0.932454	-28.009268	0.758892	-1.609185	-27.955599	1.406419	-0.561489	-28.054632	-0.061020	-2.058260	-27.964098	1.380480	-0.570228	-28.110238	-0.053347	-2.042751	-27.946757	1.397905	-0.594748	-28.078750	-0.035291	-2.096609	-28.166088	0.973343	-1.226287	-28.150084	0.953015	-1.282067	-27.846396	0.992623	-1.077415	-27.845346	0.945765	-1.113363	-28.137989	0.416587	-1.236894	-27.847877	0.460359	-1.072078	-28.184062	-0.070434	-1.201094	-28.128714	-0.009059	-1.267471	-27.883981	-0.030793	-1.055191	-27.839415	-0.058193	-1.089207
3634	50.474884	00:00:50:34	-27.991452	1.648634	-1.217209	-27.974268	1.633172	-1.129195	-28.052837	1.657761	-1.138918	-27.995687	1.575718	-1.169305	-27.987265	1.518181	-1.143231	-28.138083	1.557211	-1.244731	-27.869712	1.546086	-1.107897	-28.062082	1.450185	-0.930177	-27.964285	0.754320	-1.601360	-27.928512	1.392569	-0.579915	-28.115351	-0.058483	-2.075188	-27.977324	1.386105	-0.571441	-28.098217	-0.056358	-2.052899	-27.965143	1.381558	-0.572200	-28.085082	-0.029384	-2.039387	-28.193028	0.977212	-1.218844	-28.149825	0.991714	-1.290913	-27.847270	0.954401	-1.037917	-27.834956	0.996085	-1.114443	-28.155734	0.430789	-1.251441	-27.834227	0.451178	-1.072119	-28.161915	-0.053766	-1.185379	-28.173768	-0.066947	-1.240920	-27.871413	-0.042022	-1.025632	-27.862630	-0.098341	-1.110548
3635	50.488777	00:00:50:35	-27.959998	1.659380	-1.234385	-27.954230	1.641916	-1.079280	-28.064633	1.647945	-1.147520	-28.032287	1.557445	-1.196914	-28.020315	1.516544	-1.151495	-28.134162	1.548597	-1.238700	-27.870363	1.562862	-1.125813	-28.059867	1.461970	-0.898234	-27.959944	0.762231	-1.587113	-27.950656	1.399018	-0.579050	-28.085824	-0.052173	-2.047624	-27.972196	1.332059	-0.580581	-28.107743	-0.041017	-2.034193	-27.955053	1.393868	-0.584527	-28.109598	-0.066458	-2.076849	-28.185494	0.975721	-1.245713	-28.129202	0.948538	-1.259807	-27.848995	0.935108	-1.029736	-27.813349	0.927855	-1.115155	-28.173322	0.427415	-1.201094	-27.850844	0.481725	-1.090273	-28.173616	-0.057806	-1.210489	-28.165924	-0.047825	-1.248973	-27.842286	-0.078321	-1.034059	-27.837002	-0.063116	-1.101194
3636	50.502670	00:00:50:36	-27.955693	1.652495	-1.214826	-27.964381	1.634165	-1.129892	-28.091541	1.674902	-1.124262	-28.000225	1.558322	-1.217980	-27.984514	1.526034	-1.157124	-28.108764	1.548841	-1.256443	-27.858064	1.546239	-1.143614	-28.062723	1.437855	-0.918401	-27.988323	0.745073	-1.595775	-27.955476	1.408640	-0.573867	-28.115229	-0.049493	-2.053669	-27.978902	1.376405	-0.561368	-28.088187	-0.033389	-2.085948	-27.968382	1.369659	-0.583009	-28.079614	-0.056370	-2.069667	-28.179302	0.942921	-1.213644	-28.124049	0.947154	-1.276830	-27.857700	0.965089	-1.100341	-27.834803	0.977328	-1.111614	-28.170532	0.463980	-1.227824	-27.824173	0.462694	-1.076122	-28.163762	-0.043223	-1.212686	-28.141567	-0.062075	-1.277626	-27.835710	-0.037663	-1.044486	-27.835866	-0.075869	-1.080639
3637	50.516564	00:00:50:37	-27.978341	1.663185	-1.217464	-27.988365	1.644879	-1.092270	-28.080962	1.632944	-1.150643	-27.978842	1.528991	-1.203631	-28.024299	1.540359	-1.145775	-28.122031	1.529863	-1.262590	-27.833349	1.569369	-1.101022	-28.027155	1.444372	-0.934673	-27.992569	0.769175	-1.591339	-27.952651	1.369913	-0.590401	-28.091665	-0.031538	-2.054580	-27.950036	1.393780	-0.609601	-28.118376	-0.044185	-2.053539	-27.985361	1.387388	-0.559248	-28.091573	-0.052311	-2.080261	-28.167400	0.956017	-1.183963	-28.155821	0.970585	-1.261134	-27.823670	0.973300	-1.060099	-27.794660	0.971056	-1.114439	-28.154188	0.455488	-1.248144	-27.836719	0.431119	-1.031372	-28.199545	-0.005742	-1.197320	-28.171382	-0.065738	-1.266595	-27.848935	-0.042003	-1.032106	-27.844908	-0.057838	-1.080139
3638	50.530457	00:00:50:38	-27.976731	1.678401	-1.238277	-27.947293	1.665170	-1.088014	-28.070595	1.683739	-1.171153	-27.975144	1.549752	-1.193647	-28.003880	1.549287	-1.118976	-28.099502	1.559277	-1.274378	-27.886633	1.581662	-1.114746	-28.046190	1.462379	-0.914899	-27.975318	0.750928	-1.577360	-27.938964	1.385830	-0.618951	-28.089779	-0.029890	-2.068697	-27.957818	1.366310	-0.586867	-28.129607	-0.055746	-2.117050	-27.920244	1.409918	-0.592527	-28.077953	-0.048223	-2.048608	-28.204673	0.962404	-1.234249	-28.125961	0.949146	-1.291728	-27.820333	0.958169	-1.103893	-27.839745	0.979301	-1.113361	-28.150967	0.447481	-1.214442	-27.854193	0.450874	-1.060363	-28.191329	-0.044741	-1.191835	-28.133689	-0.088750	-1.263464	-27.846261	-0.069218	-1.033253	-27.841081	-0.061383	-1.109456
3639	50.544351	00:00:50:39	-27.987674	1.651287	-1.259671	-27.993898	1.656561	-1.075728	-28.062339	1.645035	-1.144223	-27.981194	1.535086	-1.199160	-27.997675	1.576782	-1.140596	-28.134833	1.517714	-1.256427	-27.888145	1.531948	-1.089205	-28.039110	1.472416	-0.917632	-27.977527	0.755981	-1.594445	-27.947478	1.380718	-0.586657	-28.105144	-0.053952	-2.061869	-27.954643	1.386053	-0.559913	-28.104800	-0.043636	-2.049248	-27.986632	1.404969	-0.584227	-28.087639	-0.054985	-2.076854	-28.184748	0.945861	-1.225865	-28.151759	0.968222	-1.282482	-27.843851	0.983885	-1.073793	-27.806723	0.939674	-1.094094	-28.158446	0.469769	-1.239218	-27.862963	0.451667	-1.062756	-28.154255	-0.059251	-1.211084	-28.158641	-0.062936	-1.253084	-27.859897	-0.039861	-1.057171	-27.809245	-0.050359	-1.076647
3640	50.558244	00:00:50:40	-27.938570	1.682801	-1.222905	-27.956919	1.655881	-1.065175	-28.086784	1.668800	-1.137039	-27.992781	1.534767	-1.180737	-28.037768	1.543345	-1.162461	-28.152357	1.546723	-1.252715	-27.855377	1.525340	-1.119445	-28.040742	1.430826	-0.885708	-27.975767	0.739564	-1.612470	-27.981614	1.344799	-0.577953	-28.062901	-0.028204	-2.063866	-27.957430	1.375336	-0.578609	-28.074435	-0.048123	-2.046815	-27.995406	1.405692	-0.558722	-28.094203	-0.046205	-2.077673	-28.183958	0.977759	-1.204516	-28.126854	0.948368	-1.274794	-27.846401	0.948522	-1.060592	-27.805554	0.955027	-1.127679	-28.144291	0.455299	-1.290599	-27.827294	0.483242	-1.086966	-28.171677	-0.062004	-1.213922	-28.182987	-0.041780	-1.250835	-27.869428	-0.021421	-1.046651	-27.823211	-0.078127	-1.086745
3641	50.572138	00:00:50:41	-27.958629	1.677743	-1.249065	-27.998307	1.688312	-1.091805	-28.059804	1.694461	-1.136915	-28.017332	1.515351	-1.182623	-28.007712	1.557936	-1.145039	-28.138332	1.510705	-1.241432	-27.851853	1.509719	-1.152432	-28.045966	1.443265	-0.915051	-27.974867	0.756943	-1.561333	-27.965950	1.391520	-0.577239	-28.075669	-0.060250	-2.038966	-27.956497	1.358995	-0.585880	-28.104742	-0.049627	-2.050561	-27.971003	1.413125	-0.573305	-28.100984	-0.058770	-2.070851	-28.162860	0.936475	-1.197442	-28.149189	0.976667	-1.280881	-27.859051	0.968050	-1.049563	-27.802674	0.974340	-1.124393	-28.190930	0.447044	-1.221662	-27.826718	0.476724	-1.069235	-28.168970	-0.038316	-1.165883	-28.142725	-0.078363	-1.259146	-27.852258	-0.052431	-1.058628	-27.820070	-0.050815	-1.095009
3642	50.586031	00:00:50:42	-27.958410	1.637677	-1.241206	-27.929791	1.670432	-1.128129	-28.084578	1.663707	-1.150949	-28.002409	1.549236	-1.214789	-28.007887	1.525662	-1.197493	-28.113034	1.533340	-1.261567	-27.874300	1.544675	-1.143562	-28.070326	1.466200	-0.903789	-27.975342	0.732540	-1.593767	-27.990905	1.378007	-0.565169	-28.082701	-0.054029	-2.079881	-27.978864	1.383369	-0.581637	-28.071199	-0.059240	-2.084120	-27.935526	1.369357	-0.575192	-28.074815	-0.061983	-2.061858	-28.189237	0.973857	-1.211713	-28.142841	0.926144	-1.290779	-27.844687	0.972247	-1.063575	-27.845982	0.984578	-1.128356	-28.164728	0.461484	-1.241201	-27.815975	0.450419	-1.085246	-28.171796	-0.012624	-1.218196	-28.167573	-0.069707	-1.282386	-27.858049	-0.080374	-1.029518	-27.801208	-0.059774	-1.045119
3643	50.599925	00:00:50:43	-27.972665	1.647256	-1.245024	-27.962260	1.624979	-1.115211	-28.056487	1.647546	-1.115634	-28.020249	1.556290	-1.166063	-28.000323	1.545444	-1.148737	-28.113628	1.548017	-1.232488	-27.846099	1.548040	-1.114979	-28.062358	1.477598	-0.936889	-27.998405	0.741113	-1.579672	-27.972890	1.391549	-0.557914	-28.104161	-0.072392	-2.027500	-27.965896	1.360234	-0.547638	-28.093982	-0.076776	-2.037999	-27.953814	1.367889	-0.569980	-28.094309	-0.027229	-2.070837	-28.182978	0.978109	-1.194296	-28.143870	0.966319	-1.266083	-27.868982	0.948373	-1.063151	-27.849230	0.943074	-1.144539	-28.172738	0.430859	-1.230423	-27.848546	0.461001	-1.078463	-28.142405	-0.091144	-1.218318	-28.098453	-0.053553	-1.269279	-27.843822	-0.063529	-1.044787	-27.831628	-0.064821	-1.047739
3644	50.613818	00:00:50:44	-27.967785	1.631795	-1.228302	-27.979005	1.635487	-1.084342	-28.064939	1.643996	-1.130721	-28.004877	1.527645	-1.177977	-28.023388	1.570679	-1.136795	-28.124551	1.528227	-1.233679	-27.905012	1.566470	-1.131485	-28.049912	1.491304	-0.931764	-27.994114	0.744177	-1.593520	-27.947560	1.366557	-0.597156	-28.086315	-0.031518	-2.088011	-27.944042	1.398576	-0.581117	-28.070522	-0.045586	-2.084802	-27.948327	1.384387	-0.568388	-28.079066	-0.028832	-2.057296	-28.187107	0.964905	-1.227411	-28.125242	0.977839	-1.266724	-27.860757	0.946563	-1.036338	-27.795362	0.957279	-1.128239	-28.194375	0.457110	-1.229446	-27.864386	0.470483	-1.063769	-28.189219	-0.080718	-1.205515	-28.152463	-0.046748	-1.250246	-27.882373	-0.035106	-1.052064	-27.821551	-0.101785	-1.100998
3645	50.627711	00:00:50:45	-27.965628	1.654481	-1.247336	-27.969800	1.622746	-1.107641	-28.093745	1.674048	-1.145700	-27.989112	1.523732	-1.207481	-27.997699	1.557708	-1.171673	-28.130200	1.521866	-1.241948	-27.861433	1.543003	-1.114407	-28.053837	1.500890	-0.910569	-27.984449	0.780372	-1.584163	-27.959109	1.367804	-0.558995	-28.070929	-0.079366	-2.069489	-27.978255	1.412474	-0.577547	-28.068757	-0.077696	-2.082353	-27.963738	1.385159	-0.556580	-28.083105	-0.044723	-2.048787	-28.161255	0.945299	-1.200761	-28.179393	0.995709	-1.273796	-27.830580	0.983803	-1.071536	-27.817348	0.981252	-1.099377	-28.180590	0.440605	-1.241251	-27.827593	0.452187	-1.094332	-28.135228	-0.088602	-1.191873	-28.102052	-0.047933	-1.250845	-27.835115	-0.054338	-1.038736	-27.809280	-0.080850	-1.094408
3646	50.641605	00:00:50:46	-27.974683	1.674015	-1.257229	-27.983468	1.690839	-1.109645	-28.069240	1.638274	-1.168948	-27.997560	1.559145	-1.194930	-28.005790	1.532393	-1.135308	-28.146048	1.552572	-1.245078	-27.835610	1.565842	-1.102634	-28.048319	1.456645	-0.946166	-27.980514	0.746695	-1.580136	-27.972774	1.394286	-0.580395	-28.113357	-0.070539	-2.043780	-27.976567	1.381365	-0.568642	-28.068622	-0.043901	-2.050712	-27.957115	1.383253	-0.563941	-28.084265	-0.038992	-2.071356	-28.144359	0.973690	-1.210754	-28.167513	0.968671	-1.275015	-27.859827	0.981143	-1.047938	-27.861877	0.957911	-1.110432	-28.192801	0.465946	-1.266411	-27.843303	0.473162	-1.109724	-28.199424	-0.060771	-1.215937	-28.145019	-0.065938	-1.250490	-27.843796	-0.041034	-1.061971	-27.813728	-0.059421	-1.110719
3647	50.655498	00:00:50:47	-27.973597	1.660644	-1.225488	-27.957923	1.658515	-1.088838	-28.085437	1.697273	-1.176825	-27.985904	1.569250	-1.165890	-28.015778	1.562296	-1.134345	-28.131476	1.535570	-1.262149	-27.858720	1.540589	-1.106030	-28.049397	1.464350	-0.921344	-27.980259	0.739202	-1.573758	-27.992311	1.394713	-0.584389	-28.100324	-0.043432	-2.065084	-28.003069	1.393707	-0.567434	-28.099032	-0.028074	-2.053567	-27.969634	1.396718	-0.577255	-28.114231	-0.055095	-2.041359	-28.175275	0.976320	-1.184312	-28.148298	0.936329	-1.295696	-27.875229	0.962634	-1.053850	-27.835412	0.980339	-1.144705	-28.141646	0.421270	-1.275897	-27.862147	0.461995	-1.071577	-28.216185	-0.053479	-1.176910	-28.136177	-0.042616	-1.280877	-27.837848	-0.037955	-1.033399	-27.801070	-0.060553	-1.147392
3648	50.669392	00:00:50:48	-27.962710	1.643115	-1.275317	-27.972387	1.677587	-1.115515	-28.086578	1.657815	-1.159122	-28.011507	1.539406	-1.190119	-28.008351	1.521077	-1.159983	-28.119962	1.539902	-1.246525	-27.840494	1.539405	-1.128653	-28.046671	1.422315	-0.927311	-27.954535	0.730988	-1.609151	-27.947261	1.357893	-0.576425	-28.120879	-0.062917	-2.107320	-27.944359	1.351885	-0.611701	-28.121716	-0.036085	-2.078629	-27.947191	1.414206	-0.566547	-28.074163	-0.045661	-2.054838	-28.172875	0.967599	-1.195561	-28.177514	0.969868	-1.284124	-27.855154	0.933640	-1.063536	-27.805107	0.974514	-1.113630	-28.146069	0.491290	-1.251260	-27.813163	0.471916	-1.074209	-28.189388	-0.054123	-1.187415	-28.155677	-0.041120	-1.234650	-27.830535	-0.028899	-1.033386	-27.798897	-0.049368	-1.077193
3649	50.683285	00:00:50:49	-27.941034	1.661771	-1.239626	-27.977052	1.663508	-1.106550	-28.104068	1.626239	-1.162433	-27.980768	1.520657	-1.160909	-28.047808	1.539613	-1.157821	-28.105913	1.549056	-1.270284	-27.853342	1.507604	-1.138100	-28.006920	1.470672	-0.937796	-27.974109	0.733697	-1.614615	-27.971705	1.406927	-0.558494	-28.108133	-0.038481	-2.074844	-27.998135	1.384503	-0.584730	-28.099372	-0.065085	-2.048063	-27.952527	1.365549	-0.567812	-28.103388	-0.076351	-2.053642	-28.177582	1.013932	-1.185682	-28.145039	0.980381	-1.270729	-27.861005	0.978312	-1.082500	-27.834370	0.954865	-1.093722	-28.154823	0.425827	-1.236906	-27.825079	0.460052	-1.073627	-28.149874	-0.053574	-1.178651	-28.147856	-0.039323	-1.271615	-27.874013	-0.072457	-1.066204	-27.813699	-0.062626	-1.128978
3650	50.697179	00:00:50:50	-27.956372	1.655910	-1.257090	-27.950962	1.676563	-1.072349	-28.106266	1.665006	-1.126705	-27.988134	1.559029	-1.191914	-28.013470	1.583117	-1.164825	-28.134674	1.525846	-1.246218	-27.866004	1.530179	-1.130249	-28.060656	1.440414	-0.900999	-27.994248	0.740180	-1.580670	-27.934035	1.361077	-0.565378	-28.111323	-0.044191	-2.081955	-27.975859	1.390953	-0.560202	-28.079802	-0.081113	-2.037068	-27.983103	1.401456	-0.575792	-28.060011	-0.011622	-2.090068	-28.142045	0.964079	-1.198323	-28.161550	0.955436	-1.245691	-27.821246	0.987449	-1.067788	-27.806607	0.951538	-1.126542	-28.194987	0.451833	-1.223863	-27.861685	0.452505	-1.092066	-28.183470	-0.033679	-1.181360	-28.157745	-0.025111	-1.237134	-27.866196	-0.024899	-1.038172	-27.810956	-0.026956	-1.123384
3651	50.711072	00:00:50:51	-27.948201	1.640735	-1.241011	-27.943170	1.658400	-1.080030	-28.085847	1.663862	-1.147144	-27.982132	1.549024	-1.197133	-27.998746	1.554425	-1.199420	-28.103144	1.534273	-1.217394	-27.836053	1.531104	-1.142129	-28.033930	1.473642	-0.943226	-27.985751	0.755990	-1.593139	-27.961787	1.399229	-0.559024	-28.070708	-0.035167	-2.065932	-27.994433	1.387761	-0.583475	-28.118874	-0.025912	-2.052827	-27.979146	1.380359	-0.581494	-28.113378	-0.063136	-2.048404	-28.170104	0.964627	-1.221358	-28.139198	0.963261	-1.262100	-27.843365	0.947896	-1.055758	-27.803035	0.960312	-1.129476	-28.161980	0.459689	-1.234656	-27.848847	0.465220	-1.088873	-28.182311	-0.080118	-1.227996	-28.143755	-0.059230	-1.247801	-27.825485	-0.067270	-1.038952	-27.845532	-0.058125	-1.093403
3652	50.724966	00:00:50:52	-27.980511	1.614189	-1.239412	-27.984172	1.639061	-1.077873	-28.085514	1.637700	-1.133245	-28.026276	1.539753	-1.189059	-28.007956	1.536331	-1.175017	-28.119288	1.556856	-1.231394	-27.855354	1.566969	-1.118109	-28.061249	1.440243	-0.950479	-27.948560	0.772693	-1.564328	-27.977689	1.393378	-0.545951	-28.071183	-0.077238	-2.076540	-27.969609	1.389956	-0.571852	-28.080636	-0.065109	-2.064753	-27.982761	1.393996	-0.588701	-28.083344	-0.048302	-2.075929	-28.178019	0.964776	-1.227948	-28.160884	0.998982	-1.287721	-27.857922	0.995238	-1.046681	-27.828848	0.954191	-1.127348	-28.171394	0.472201	-1.197964	-27.830523	0.466926	-1.118235	-28.166716	-0.035916	-1.192656	-28.149876	-0.081898	-1.266571	-27.849637	-0.049177	-1.016674	-27.810768	-0.040880	-1.100222
3653	50.738859	00:00:50:53	-27.962856	1.657698	-1.219695	-27.977570	1.666507	-1.089977	-28.061017	1.625586	-1.137967	-27.991621	1.565882	-1.187980	-28.006932	1.549389	-1.145884	-28.116258	1.542791	-1.252199	-27.842070	1.552860	-1.143898	-28.031507	1.471013	-0.915342	-27.965973	0.768830	-1.567459	-27.966500	1.379621	-0.564825	-28.074728	-0.039768	-2.051614	-27.973723	1.351595	-0.542368	-28.075792	-0.017194	-2.046593	-27.954589	1.348906	-0.546406	-28.037132	-0.075636	-2.094901	-28.173148	0.973203	-1.245687	-28.144275	0.997014	-1.292191	-27.883473	0.950095	-1.070150	-27.847597	0.977115	-1.101690	-28.158443	0.426400	-1.257617	-27.859443	0.470207	-1.104446	-28.181830	-0.017115	-1.211716	-28.150869	-0.031736	-1.241385	-27.858102	-0.051625	-1.061129	-27.822683	-0.064282	-1.100548
3654	50.752752	00:00:50:54	-27.964849	1.643298	-1.285358	-27.966431	1.666680	-1.073935	-28.053883	1.656959	-1.174725	-27.988130	1.530560	-1.175337	-28.023125	1.554771	-1.121380	-28.120861	1.544450	-1.258765	-27.864502	1.523330	-1.131218	-28.030291	1.462230	-0.921251	-27.994225	0.754402	-1.579084	-27.946436	1.340211	-0.559137	-28.079653	-0.011732	-2.084157	-27.976631	1.355343	-0.580781	-28.103045	-0.048003	-2.072868	-27.950533	1.382000	-0.582084	-28.104891	-0.064211	-2.065831	-28.199673	0.972048	-1.241760	-28.123092	0.962177	-1.300909	-27.881888	0.950017	-1.091472	-27.821444	0.975122	-1.111096	-28.175682	0.442705	-1.235201	-27.838300	0.459464	-1.076433	-28.182354	-0.037974	-1.212875	-28.150244	-0.050390	-1.243979	-27.840499	-0.034347	-1.034006	-27.795561	-0.025836	-1.098812
3655	50.766646	00:00:50:55	-27.969644	1.644050	-1.245933	-27.929977	1.661301	-1.107922	-28.064917	1.645866	-1.137377	-28.006179	1.529163	-1.155107	-28.013871	1.548894	-1.153374	-28.126013	1.568038	-1.262520	-27.853001	1.513405	-1.151474	-28.018850	1.466213	-0.901825	-28.001934	0.769208	-1.595460	-27.949154	1.393283	-0.562447	-28.102857	-0.027750	-2.059261	-27.960500	1.424233	-0.613018	-28.097567	-0.013231	-2.081185	-27.965367	1.386505	-0.579578	-28.081749	-0.016139	-2.073706	-28.184375	0.958208	-1.205542	-28.148161	0.960033	-1.284504	-27.847518	0.967514	-1.080269	-27.837830	0.945700	-1.113732	-28.165490	0.434743	-1.243092	-27.831470	0.486531	-1.077939	-28.156636	-0.069264	-1.208332	-28.159213	-0.057024	-1.255104	-27.850067	-0.018865	-1.034261	-27.789314	-0.077980	-1.103280
3656	50.780539	00:00:50:56	-27.961001	1.681511	-1.210842	-27.967844	1.649586	-1.107565	-28.112750	1.683783	-1.161364	-27.991134	1.524138	-1.179973	-28.015991	1.567581	-1.170082	-28.143836	1.553283	-1.249180	-27.837733	1.519972	-1.134111	-28.061897	1.450052	-0.908893	-27.960616	0.762756	-1.583538	-27.969217	1.394801	-0.562163	-28.076037	-0.063248	-2.048298	-27.945109	1.375666	-0.559333	-28.102951	-0.025313	-2.079832	-27.963614	1.390907	-0.610572	-28.081577	-0.063253	-2.061908	-28.168668	0.969606	-1.230596	-28.196004	0.960469	-1.283069	-27.838822	0.955639	-1.059399	-27.837465	0.990986	-1.116352	-28.173170	0.472095	-1.274364	-27.849924	0.458440	-1.060842	-28.151878	-0.067713	-1.200758	-28.193543	-0.084673	-1.243348	-27.863386	-0.037841	-1.018727	-27.808157	-0.062278	-1.050415
3657	50.794433	00:00:50:57	-27.993076	1.664460	-1.220501	-27.974640	1.643131	-1.085085	-28.071706	1.670951	-1.163516	-28.005035	1.531633	-1.198052	-28.036358	1.550182	-1.133845	-28.136294	1.517799	-1.234836	-27.833233	1.540637	-1.097445	-28.050875	1.467281	-0.907740	-27.984384	0.756903	-1.554712	-27.947397	1.365615	-0.570956	-28.147676	-0.048829	-2.061742	-27.988632	1.420970	-0.600850	-28.072927	-0.034460	-2.055691	-27.949427	1.373776	-0.609957	-28.125707	-0.069673	-2.080953	-28.176054	0.934305	-1.193569	-28.166089	0.970376	-1.260975	-27.867019	1.004087	-1.051031	-27.827324	0.967677	-1.078932	-28.191015	0.459504	-1.233602	-27.859452	0.478112	-1.084888	-28.150830	-0.072558	-1.188644	-28.139542	-0.080496	-1.265461	-27.829927	-0.058344	-1.041912	-27.838006	-0.064611	-1.138261
3658	50.808326	00:00:50:58	-27.982180	1.659137	-1.242098	-27.980749	1.667198	-1.097644	-28.091439	1.698665	-1.155137	-27.987818	1.535711	-1.215823	-28.031329	1.571272	-1.135042	-28.110296	1.527482	-1.284587	-27.847228	1.558008	-1.115853	-28.039107	1.460987	-0.921845	-27.989276	0.744332	-1.608825	-27.927297	1.353955	-0.571959	-28.088343	-0.042751	-2.074754	-27.956509	1.396214	-0.581937	-28.107002	-0.046988	-2.069836	-27.961859	1.353764	-0.601088	-28.093810	-0.062151	-2.067748	-28.179493	0.947279	-1.215400	-28.152630	0.978499	-1.266452	-27.889725	0.979372	-1.058552	-27.842339	0.971321	-1.115982	-28.167335	0.460393	-1.208121	-27.855221	0.428542	-1.072622	-28.161004	-0.076641	-1.193597	-28.173510	-0.057661	-1.286027	-27.855492	-0.034098	-1.053434	-27.877649	-0.041669	-1.095046
3659	50.822220	00:00:50:59	-27.969485	1.632522	-1.237848	-27.983762	1.645075	-1.100733	-28.078347	1.614442	-1.126855	-27.982620	1.517884	-1.186132	-28.031992	1.549113	-1.134701	-28.127179	1.539797	-1.256069	-27.856236	1.534573	-1.128103	-28.031003	1.463936	-0.918587	-27.930152	0.762798	-1.557354	-27.956370	1.369340	-0.558641	-28.119470	-0.044213	-2.046832	-27.979405	1.353162	-0.555729	-28.090534	-0.053719	-2.031322	-27.955432	1.388915	-0.574187	-28.091522	-0.036735	-2.062388	-28.185704	0.991278	-1.203000	-28.215581	0.973278	-1.298897	-27.868437	0.950380	-1.065856	-27.815999	0.977478	-1.084346	-28.162484	0.458470	-1.203253	-27.855382	0.455022	-1.060017	-28.194362	-0.063191	-1.211787	-28.186196	-0.067421	-1.260097	-27.832027	-0.061986	-1.031623	-27.839992	-0.074078	-1.116452
3660	50.836113	00:00:50:60	-27.956956	1.645481	-1.213553	-27.966399	1.635386	-1.090599	-28.081725	1.653896	-1.145065	-27.979031	1.520053	-1.168602	-28.022328	1.552890	-1.174465	-28.105607	1.516690	-1.234425	-27.878636	1.547593	-1.085566	-28.058598	1.479224	-0.896659	-27.984128	0.788481	-1.556625	-27.968544	1.373543	-0.562408	-28.078826	-0.030772	-2.049551	-27.987495	1.370600	-0.575645	-28.102615	-0.067885	-2.064555	-27.965368	1.377571	-0.533796	-28.080578	-0.064440	-2.032033	-28.195338	0.960882	-1.238030	-28.164833	0.957761	-1.279327	-27.853146	0.961458	-1.082222	-27.831843	0.987525	-1.120768	-28.159643	0.440185	-1.241922	-27.820266	0.465760	-1.063379	-28.172653	-0.056320	-1.202084	-28.154956	-0.059637	-1.281579	-27.852858	-0.063526	-1.026340	-27.823835	-0.050930	-1.069158
3661	50.850007	00:00:50:61	-27.967995	1.636704	-1.228864	-27.954193	1.647268	-1.065078	-28.094676	1.644402	-1.113294	-28.020637	1.549127	-1.184878	-28.030140	1.518591	-1.173902	-28.152013	1.545418	-1.245456	-27.840710	1.551253	-1.126825	-28.038171	1.474753	-0.906601	-28.010713	0.751105	-1.616639	-27.948031	1.359459	-0.545094	-28.131567	-0.037175	-2.056301	-27.934209	1.396897	-0.577190	-28.074169	-0.073170	-2.046156	-27.948263	1.397076	-0.591073	-28.106486	-0.035623	-2.065700	-28.194242	1.000865	-1.229800	-28.166351	0.976383	-1.241649	-27.869124	0.973348	-1.038970	-27.797469	0.949296	-1.076305	-28.168353	0.454187	-1.274314	-27.808449	0.476450	-1.075171	-28.176287	-0.040211	-1.215556	-28.162921	-0.067211	-1.280706	-27.844989	-0.073921	-1.051298	-27.836015	-0.064150	-1.044130
3662	50.863900	00:00:50:62	-27.951409	1.661949	-1.249257	-27.939379	1.618224	-1.099537	-28.083166	1.684384	-1.125108	-27.997516	1.553877	-1.207369	-28.020929	1.528340	-1.145986	-28.107592	1.547887	-1.250582	-27.865172	1.516137	-1.128133	-28.057917	1.459011	-0.921232	-27.995883	0.741109	-1.578604	-27.980851	1.394711	-0.581640	-28.070523	-0.055922	-2.047877	-27.953783	1.407075	-0.571831	-28.101167	-0.035900	-2.089261	-27.956179	1.376731	-0.568895	-28.066879	0.000931	-2.081221	-28.211027	0.965470	-1.225284	-28.168638	0.973395	-1.284839	-27.846500	0.950526	-1.073255	-27.849386	0.924192	-1.102494	-28.143052	0.423369	-1.229738	-27.820353	0.469905	-1.083535	-28.180533	-0.041624	-1.188326	-28.150493	-0.045059	-1.256717	-27.869899	-0.051900	-1.033954	-27.839601	-0.041812	-1.091982
3663	50.877793	00:00:50:63	-27.985203	1.653098	-1.248165	-28.005377	1.661571	-1.126078	-28.098484	1.662150	-1.168763	-28.025592	1.531668	-1.186182	-27.984279	1.581711	-1.121163	-28.149313	1.549278	-1.256125	-27.864836	1.560214	-1.064044	-28.042962	1.440524	-0.944125	-27.960670	0.762904	-1.589462	-27.979673	1.358658	-0.566779	-28.099585	-0.033816	-2.070843	-27.948966	1.410245	-0.605527	-28.086872	-0.026692	-2.043004	-27.982413	1.403483	-0.558350	-28.094940	-0.050997	-2.084126	-28.182999	0.950364	-1.251579	-28.145105	0.967089	-1.291987	-27.827307	0.956117	-1.073557	-27.817895	0.944941	-1.132818	-28.179685	0.458907	-1.266593	-27.842853	0.451338	-1.061057	-28.174597	-0.066958	-1.223504	-28.147541	-0.038230	-1.236464	-27.843072	-0.041706	-1.049990	-27.855032	-0.068086	-1.106853
3664	50.891687	00:00:50:64	-27.954442	1.653628	-1.235446	-27.995526	1.648609	-1.074340	-28.054858	1.684150	-1.155352	-27.980810	1.549915	-1.176386	-28.032466	1.554594	-1.179433	-28.107536	1.565991	-1.256661	-27.875202	1.551955	-1.119251	-28.058824	1.464852	-0.912758	-27.988432	0.757678	-1.574619	-27.976808	1.398557	-0.564511	-28.083914	-0.070419	-2.078528	-27.926764	1.396070	-0.545904	-28.096185	-0.030391	-2.063837	-27.946688	1.351779	-0.571202	-28.093769	-0.002588	-2.053050	-28.162960	0.953898	-1.208867	-28.160084	0.984608	-1.319784	-27.866342	0.950053	-1.023224	-27.809852	0.952085	-1.085906	-28.162737	0.464808	-1.234582	-27.866027	0.475143	-1.095779	-28.182851	-0.045027	-1.207094	-28.156432	-0.044813	-1.264486	-27.858997	-0.049615	-1.061889	-27.838237	-0.065054	-1.092970
3665	50.905580	00:00:50:65	-27.979288	1.662245	-1.226862	-27.977230	1.668653	-1.107827	-28.071967	1.637298	-1.135392	-28.018195	1.539246	-1.179945	-28.028156	1.536114	-1.146724	-28.121314	1.571324	-1.239989	-27.885059	1.538010	-1.121806	-28.028831	1.476931	-0.926363	-27.986205	0.763807	-1.601653	-27.955425	1.369162	-0.548361	-28.097745	-0.058651	-2.081957	-27.984423	1.388045	-0.589321	-28.093561	-0.023667	-2.090597	-27.955557	1.379364	-0.573688	-28.093996	-0.039181	-2.081928	-28.168373	0.962280	-1.204370	-28.151885	0.956355	-1.269293	-27.830267	0.984993	-1.049393	-27.839326	0.964116	-1.075858	-28.162981	0.447464	-1.265795	-27.866455	0.480790	-1.049992	-28.173707	-0.059031	-1.222518	-28.184947	-0.044201	-1.229504	-27.848931	-0.032009	-1.028029	-27.847656	-0.071648	-1.120855
3666	50.919474	00:00:50:66	-27.978896	1.626151	-1.257047	-27.961129	1.656649	-1.078887	-28.091976	1.686588	-1.134067	-27.989741	1.549843	-1.153398	-27.986796	1.554494	-1.163752	-28.098996	1.541461	-1.272764	-27.841569	1.540638	-1.141586	-28.061771	1.451546	-0.891658	-27.965452	0.760143	-1.622355	-27.971078	1.389242	-0.574490	-28.089370	-0.035009	-2.070254	-27.990953	1.419431	-0.590715	-28.106900	-0.046791	-2.084599	-27.975837	1.372522	-0.579198	-28.119757	-0.048938	-2.053575	-28.183220	0.933666	-1.224636	-28.147914	0.959240	-1.267731	-27.868858	0.961766	-1.069214	-27.809105	0.986797	-1.122221	-28.125096	0.435657	-1.248066	-27.829744	0.456269	-1.042685	-28.160499	-0.045739	-1.186673	-28.107419	-0.043383	-1.255709	-27.852648	-0.045382	-1.059162	-27.802921	-0.012348	-1.112048
3667	50.933367	00:00:50:67	-27.937092	1.636595	-1.243773	-27.958998	1.670095	-1.105172	-28.064203	1.657976	-1.143639	-27.996255	1.522988	-1.166816	-28.025644	1.522169	-1.131969	-28.093648	1.531237	-1.244232	-27.849858	1.559986	-1.156724	-28.057179	1.450242	-0.930188	-27.969172	0.734384	-1.598190	-27.961401	1.374993	-0.601212	-28.099205	-0.057393	-2.087791	-27.981046	1.388953	-0.569413	-28.073753	-0.040435	-2.027745	-27.959721	1.396585	-0.592106	-28.103874	-0.073555	-2.051573	-28.164100	0.935153	-1.246094	-28.162400	0.977701	-1.287363	-27.843062	0.969882	-1.085209	-27.851404	0.963185	-1.126001	-28.153285	0.444275	-1.222220	-27.856062	0.462933	-1.063772	-28.179448	-0.026537	-1.192529	-28.187503	-0.075405	-1.242523	-27.828599	-0.052000	-1.077215	-27.834269	-0.067388	-1.107856
3668	50.947261	00:00:50:68	-27.986410	1.641137	-1.243199	-27.968244	1.667650	-1.099159	-28.071008	1.663472	-1.143112	-27.995800	1.585047	-1.173267	-28.014313	1.547203	-1.168430	-28.148579	1.526047	-1.243873	-27.843790	1.539422	-1.103559	-28.019549	1.453547	-0.937099	-27.973269	0.738725	-1.575702	-27.957077	1.389441	-0.599567	-28.056874	-0.059587	-2.050448	-27.948412	1.389627	-0.569004	-28.083525	-0.034412	-2.049790	-27.960279	1.418563	-0.595728	-28.078109	-0.052584	-2.059565	-28.160577	0.967829	-1.208440	-28.141661	0.970872	-1.309157	-27.869357	0.948921	-1.072062	-27.837760	0.978167	-1.133464	-28.174657	0.470540	-1.256683	-27.841347	0.451673	-1.076267	-28.202873	-0.035563	-1.176688	-28.141717	-0.072953	-1.244660	-27.844965	-0.067983	-1.025836	-27.810757	-0.018295	-1.115127
3669	50.961154	00:00:50:69	-27.957261	1.637326	-1.231364	-27.959705	1.658614	-1.104949	-28.100633	1.659813	-1.138525	-28.001389	1.516512	-1.164793	-28.010866	1.540849	-1.152814	-28.143665	1.513398	-1.233339	-27.857324	1.549400	-1.106513	-28.058870	1.504883	-0.926130	-27.975697	0.783461	-1.586347	-27.984477	1.382413	-0.576269	-28.115443	-0.071551	-2.080245	-27.961608	1.361341	-0.540922	-28.104144	-0.038094	-2.065599	-27.960649	1.391640	-0.582021	-28.073475	-0.069968	-2.020850	-28.205415	0.967103	-1.238344	-28.196372	0.962950	-1.262867	-27.887901	0.983926	-1.081443	-27.813986	0.938794	-1.104117	-28.171080	0.470841	-1.252156	-27.878572	0.434947	-1.076866	-28.202057	-0.071468	-1.182619	-28.149701	-0.071696	-1.262617	-27.855579	-0.070966	-1.067037	-27.804443	-0.056591	-1.104191
3670	50.975048	00:00:50:70	-27.959450	1.644133	-1.245793	-27.981595	1.626852	-1.084281	-28.104537	1.650469	-1.171407	-27.964368	1.561878	-1.198002	-28.024036	1.519865	-1.135794	-28.128313	1.518664	-1.252861	-27.853552	1.536190	-1.101567	-28.023897	1.470529	-0.922500	-27.935219	0.726879	-1.599985	-27.962853	1.397291	-0.571949	-28.083133	-0.047003	-2.041982	-27.951215	1.385184	-0.587385	-28.091374	-0.056659	-2.046098	-27.974782	1.390522	-0.571284	-28.097276	-0.059354	-2.053725	-28.182275	0.954990	-1.204064	-28.160213	0.947323	-1.316220	-27.860062	0.962305	-1.081282	-27.809105	0.966707	-1.116043	-28.177975	0.455298	-1.270844	-27.857269	0.444801	-1.086949	-28.191964	-0.059927	-1.184871	-28.168516	-0.057144	-1.221346	-27.839560	-0.044128	-1.041085	-27.830035	-0.057490	-1.089893
3671	50.988941	00:00:50:71	-27.983339	1.640666	-1.237620	-27.978326	1.635997	-1.124686	-28.095748	1.665229	-1.159698	-27.999031	1.552739	-1.187053	-27.997350	1.520966	-1.128491	-28.143611	1.555879	-1.283157	-27.844614	1.535589	-1.117526	-28.077091	1.453382	-0.900668	-27.983422	0.750679	-1.609377	-27.996645	1.371793	-0.573570	-28.066524	-0.043148	-2.072433	-27.949664	1.389645	-0.550689	-28.103997	-0.030406	-2.075591	-27.990489	1.368035	-0.582527	-28.101045	-0.060499	-2.051433	-28.180146	1.000781	-1.188305	-28.104093	0.975216	-1.250953	-27.890130	0.966027	-1.088631	-27.835654	0.972912	-1.115807	-28.193144	0.457039	-1.249191	-27.876287	0.476642	-1.080738	-28.187191	-0.040508	-1.177925	-28.142749	-0.060319	-1.214010	-27.857852	-0.046205	-1.071377	-27.863354	-0.072225	-1.094305
3672	51.002834	00:00:51:00	-27.956135	1.681222	-1.217161	-28.000220	1.658627	-1.111319	-28.112543	1.644844	-1.109461	-28.008126	1.514073	-1.172714	-27.987326	1.543036	-1.151037	-28.150117	1.554332	-1.237227	-27.860077	1.531599	-1.126675	-28.046763	1.471178	-0.947250	-27.983866	0.741968	-1.563955	-27.977138	1.364745	-0.556701	-28.067610	-0.060199	-2.068991	-27.945273	1.371868	-0.580910	-28.099920	-0.066334	-2.066263	-27.982797	1.395777	-0.543945	-28.079754	-0.081618	-2.068726	-28.202032	0.962114	-1.219645	-28.150774	0.983673	-1.278822	-27.846768	0.977419	-1.062546	-27.847736	0.953973	-1.090972	-28.147812	0.443188	-1.249756	-27.861367	0.413462	-1.087598	-28.206374	-0.056783	-1.203933	-28.160838	-0.059877	-1.218744	-27.864041	-0.068780	-1.019829	-27.791036	-0.024939	-1.104508
3673	51.016728	00:00:51:01	-27.954696	1.670355	-1.216028	-27.959163	1.618604	-1.145963	-28.077498	1.649800	-1.147879	-28.019970	1.543686	-1.202689	-28.046398	1.545108	-1.162665	-28.125399	1.535037	-1.247417	-27.846839	1.535953	-1.122765	-28.032384	1.461067	-0.903969	-27.966170	0.750900	-1.588545	-28.004508	1.392648	-0.574395	-28.091810	-0.041310	-2.023830	-27.942733	1.380277	-0.582245	-28.096796	-0.067747	-2.031062	-27.931239	1.394144	-0.599922	-28.124145	-0.062652	-2.077072	-28.174917	0.943947	-1.185003	-28.151671	0.966030	-1.285738	-27.872928	0.984181	-1.083431	-27.834275	0.953887	-1.112090	-28.155113	0.442528	-1.255530	-27.849457	0.429996	-1.092704	-28.169278	-0.053685	-1.197088	-28.156527	-0.034036	-1.239744	-27.884281	-0.057123	-1.015001	-27.841053	-0.044150	-1.070881
3674	51.030621	00:00:51:02	-27.977221	1.645637	-1.226468	-27.983073	1.639218	-1.092143	-28.057162	1.676699	-1.144029	-27.973976	1.537304	-1.206598	-27.996671	1.519473	-1.152963	-28.131072	1.558640	-1.245253	-27.871646	1.524742	-1.115113	-28.044159	1.463796	-0.938287	-27.969695	0.735435	-1.583319	-27.987427	1.343270	-0.596592	-28.107446	-0.066419	-2.056348	-27.934159	1.381485	-0.604550	-28.071460	-0.045918	-2.085367	-27.968004	1.370086	-0.549039	-28.069950	-0.057852	-2.029676	-28.181865	0.990211	-1.224837	-28.137508	0.938483	-1.278934	-27.850345	0.980011	-1.049769	-27.863810	0.972296	-1.125047	-28.157851	0.453591	-1.229973	-27.844181	0.495613	-1.100539	-28.166387	-0.040821	-1.204777	-28.128657	-0.043259	-1.230808	-27.846739	-0.055042	-1.061966	-27.811590	-0.053493	-1.104251
3675	51.044515	00:00:51:03	-27.968236	1.602065	-1.234616	-27.976120	1.667354	-1.088874	-28.086406	1.685328	-1.142488	-27.980539	1.566349	-1.174548	-28.004153	1.543557	-1.134043	-28.123302	1.548644	-1.276947	-27.868098	1.553372	-1.123571	-28.053694	1.460466	-0.891815	-27.959739	0.728698	-1.593284	-27.985243	1.401605	-0.626135	-28.086752	-0.035126	-2.058366	-27.967372	1.395740	-0.519045	-28.081046	-0.056543	-2.038376	-27.930861	1.387835	-0.570164	-28.101528	-0.036584	-2.074930	-28.178947	0.950661	-1.235604	-28.150001	0.963579	-1.287619	-27.831784	0.945298	-1.073740	-27.837065	0.950402	-1.132318	-28.137273	0.450244	-1.235208	-27.835723	0.459305	-1.078114	-28.135037	-0.061632	-1.194353	-28.155055	-0.069994	-1.235106	-27.869266	-0.020730	-1.063380	-27.832099	-0.075714	-1.095851
3676	51.058408	00:00:51:04	-27.936141	1.664291	-1.234789	-27.966818	1.658985	-1.114563	-28.094490	1.624989	-1.141417	-27.998232	1.512745	-1.223054	-28.023118	1.541415	-1.161056	-28.128939	1.548937	-1.275455	-27.866662	1.547090	-1.112731	-28.025143	1.442117	-0.948912	-27.995109	0.735538	-1.600241	-27.936776	1.378110	-0.564145	-28.092012	-0.022428	-2.078819	-27.965299	1.366793	-0.581975	-28.091977	-0.053316	-2.088883	-27.945225	1.418901	-0.552019	-28.108313	-0.037863	-2.079198	-28.143737	0.963187	-1.214216	-28.143382	0.968465	-1.273026	-27.868678	0.960468	-1.052941	-27.812777	0.971677	-1.106681	-28.173944	0.461183	-1.229752	-27.850127	0.415628	-1.111781	-28.213332	-0.080762	-1.205664	-28.141560	-0.062814	-1.255516	-27.857038	-0.070728	-1.028814	-27.815685	-0.041589	-1.118844
3677	51.072302	00:00:51:05	-28.001291	1.611944	-1.242498	-27.958731	1.663416	-1.135483	-28.071704	1.654000	-1.145662	-27.966748	1.531755	-1.177262	-28.033298	1.541367	-1.159383	-28.110839	1.525163	-1.262933	-27.892578	1.552347	-1.136488	-28.055371	1.454004	-0.890124	-27.967030	0.758665	-1.585060	-27.978474	1.383482	-0.561815	-28.081113	-0.040506	-2.049245	-27.933969	1.389062	-0.589751	-28.068410	-0.034913	-2.083778	-27.978781	1.365268	-0.564269	-28.089129	-0.080635	-2.061423	-28.169792	0.940324	-1.205390	-28.172196	0.931020	-1.280350	-27.836738	0.960373	-1.041292	-27.836320	0.957850	-1.105951	-28.174142	0.481168	-1.241727	-27.851588	0.471855	-1.072454	-28.152193	-0.070473	-1.229906	-28.148753	-0.050878	-1.244247	-27.860407	-0.052269	-0.993347	-27.822882	-0.060517	-1.103718
3678	51.086195	00:00:51:06	-27.966258	1.660281	-1.258942	-27.968747	1.676655	-1.063551	-28.094980	1.639804	-1.163611	-27.990255	1.538123	-1.172095	-28.014374	1.547884	-1.129011	-28.140483	1.539343	-1.246092	-27.872739	1.502372	-1.132457	-28.046204	1.463114	-0.935414	-27.989216	0.720200	-1.577334	-27.983770	1.377885	-0.571274	-28.061349	-0.052878	-2.043302	-27.953904	1.361489	-0.562372	-28.131773	-0.059944	-2.050993	-27.997710	1.373444	-0.596713	-28.116939	-0.083095	-2.067510	-28.205036	0.935530	-1.232399	-28.167374	0.979915	-1.290254	-27.846669	0.959465	-1.082220	-27.816879	0.923590	-1.077516	-28.159284	0.441761	-1.268079	-27.835291	0.441557	-1.081991	-28.180121	-0.082687	-1.183918	-28.152662	-0.062397	-1.238451	-27.881239	-0.125799	-1.063736	-27.834850	-0.082553	-1.068983
3679	51.100089	00:00:51:07	-27.965955	1.669918	-1.233243	-27.977556	1.639404	-1.078668	-28.076952	1.640079	-1.175198	-28.006306	1.570440	-1.164474	-27.996093	1.570873	-1.128186	-28.132927	1.543500	-1.257101	-27.878639	1.519174	-1.070583	-28.047640	1.476599	-0.938776	-27.976254	0.746658	-1.573498	-27.937060	1.413642	-0.563625	-28.086152	-0.039741	-2.052994	-27.991276	1.375630	-0.562944	-28.090362	-0.091468	-2.064221	-27.966496	1.376301	-0.583475	-28.082629	-0.067750	-2.082460	-28.166547	0.982313	-1.225158	-28.153052	0.956533	-1.278451	-27.870322	0.946794	-1.060451	-27.835841	0.944215	-1.095142	-28.187827	0.426568	-1.225851	-27.834856	0.430274	-1.097072	-28.169785	-0.077229	-1.201278	-28.139017	-0.063053	-1.243116	-27.873851	-0.055080	-1.027868	-27.825295	-0.072549	-1.107875
3680	51.113982	00:00:51:08	-27.968231	1.646898	-1.241663	-27.969548	1.654229	-1.110390	-28.091942	1.670655	-1.148120	-28.010984	1.538034	-1.182952	-27.972377	1.533931	-1.183225	-28.137477	1.510681	-1.274325	-27.882911	1.557550	-1.095295	-28.065195	1.478459	-0.889659	-27.970144	0.803196	-1.621094	-27.953276	1.374693	-0.549734	-28.088075	-0.040208	-2.048982	-27.993688	1.394537	-0.567027	-28.098429	-0.029417	-2.062346	-27.964063	1.394738	-0.610235	-28.075826	-0.066213	-2.069318	-28.178550	0.974742	-1.233114	-28.110399	0.990547	-1.295157	-27.881520	0.984115	-1.065968	-27.865035	0.947388	-1.108414	-28.219332	0.412578	-1.211808	-27.873378	0.465496	-1.082509	-28.163148	-0.065398	-1.196849	-28.154537	-0.040870	-1.268463	-27.863623	-0.035181	-1.058414	-27.808821	-0.065397	-1.110124
3681	51.127875	00:00:51:09	-27.947415	1.649256	-1.238460	-27.971111	1.623391	-1.118077	-28.070780	1.671247	-1.163651	-27.988059	1.549629	-1.187294	-27.995795	1.521077	-1.129017	-28.113854	1.560598	-1.241963	-27.878976	1.554829	-1.140028	-28.021677	1.442502	-0.904749	-27.958632	0.739691	-1.581720	-27.951229	1.386452	-0.581355	-28.089342	-0.042675	-2.073422	-27.950535	1.366872	-0.589546	-28.096031	-0.035186	-2.084790	-27.989907	1.402968	-0.577262	-28.086075	-0.033984	-2.020193	-28.186157	0.928099	-1.244145	-28.154026	0.978876	-1.273035	-27.850291	0.971528	-1.068461	-27.839922	0.923569	-1.131847	-28.161988	0.450202	-1.226877	-27.819106	0.453530	-1.061347	-28.146909	-0.063109	-1.207172	-28.128438	-0.073171	-1.296843	-27.846031	-0.084461	-1.029998	-27.791319	-0.089103	-1.124052
3682	51.141769	00:00:51:10	-27.968156	1.669060	-1.242948	-27.963304	1.631663	-1.117145	-28.078225	1.674137	-1.176704	-28.004508	1.512367	-1.188668	-28.013172	1.566707	-1.155819	-28.124557	1.530498	-1.249125	-27.860142	1.504147	-1.136547	-28.051356	1.460596	-0.914684	-27.972675	0.764341	-1.545667	-27.962930	1.381742	-0.560605	-28.114393	-0.082081	-2.023521	-27.962583	1.372973	-0.570828	-28.077268	-0.036612	-2.063771	-27.971811	1.370711	-0.567811	-28.068737	-0.052038	-2.055320	-28.198917	0.952756	-1.217395	-28.157236	0.962255	-1.236961	-27.841013	0.974374	-1.052860	-27.852737	0.972221	-1.106423	-28.162085	0.451016	-1.246218	-27.804554	0.460327	-1.094603	-28.170990	-0.060667	-1.212570	-28.154208	-0.070581	-1.238104	-27.842795	-0.090220	-1.041314	-27.846517	-0.047775	-1.082427
3683	51.155662	00:00:51:11	-27.966605	1.665559	-1.236881	-27.925542	1.679138	-1.103601	-28.054130	1.637179	-1.147875	-28.016577	1.534624	-1.191770	-28.008287	1.581353	-1.164256	-28.148165	1.546087	-1.278031	-27.855965	1.540116	-1.126893	-28.058371	1.476971	-0.895726	-27.953420	0.759079	-1.606945	-27.997875	1.386307	-0.553045	-28.094146	-0.068629	-2.043827	-27.953888	1.368689	-0.561152	-28.098976	-0.085038	-2.056847	-27.990384	1.368401	-0.604347	-28.085568	-0.089990	-2.090796	-28.173287	0.942978	-1.225389	-28.156867	0.985952	-1.269955	-27.857631	0.968539	-1.110018	-27.830779	0.991979	-1.093424	-28.152783	0.450211	-1.233722	-27.874848	0.446387	-1.086653	-28.176209	-0.052365	-1.219374	-28.132028	-0.057325	-1.260366	-27.839177	-0.046744	-1.032479	-27.858479	-0.061066	-1.110365
3684	51.169556	00:00:51:12	-27.982285	1.640982	-1.250636	-27.953113	1.657482	-1.102365	-28.088443	1.688200	-1.145492	-27.997652	1.532790	-1.167491	-28.027593	1.508394	-1.134234	-28.152378	1.553465	-1.229349	-27.859107	1.549311	-1.098265	-28.023742	1.430363	-0.947822	-27.952506	0.776608	-1.588812	-27.971983	1.381687	-0.572177	-28.105534	-0.042012	-2.062072	-27.978840	1.390972	-0.566697	-28.048588	-0.055208	-2.073796	-27.947507	1.397083	-0.560146	-28.081530	-0.074142	-2.050123	-28.158736	0.985339	-1.241483	-28.117503	1.002474	-1.266966	-27.829597	0.927582	-1.041317	-27.803408	0.985373	-1.112694	-28.167386	0.483906	-1.214655	-27.844083	0.460636	-1.098247	-28.165776	-0.079571	-1.178586	-28.148450	-0.051772	-1.258486	-27.818412	-0.058132	-1.044667	-27.855760	-0.024002	-1.078742
3685	51.183449	00:00:51:13	-27.964273	1.621709	-1.234039	-27.944294	1.661610	-1.095960	-28.088915	1.670098	-1.136529	-27.983657	1.552169	-1.167397	-28.013893	1.534936	-1.153542	-28.123636	1.538367	-1.252910	-27.850891	1.550139	-1.115779	-28.051604	1.483708	-0.912575	-27.983342	0.746249	-1.543251	-27.941947	1.385382	-0.570855	-28.098569	-0.025127	-2.048276	-27.971908	1.377077	-0.570732	-28.070927	-0.043098	-2.068912	-27.952100	1.395676	-0.616210	-28.113270	-0.051046	-2.057009	-28.149313	0.960201	-1.198213	-28.145858	0.981196	-1.244377	-27.865417	0.976118	-1.085548	-27.807412	0.946867	-1.098229	-28.174356	0.458075	-1.233238	-27.845662	0.466716	-1.098979	-28.175108	-0.046344	-1.142711	-28.144991	-0.043967	-1.243748	-27.828430	-0.054853	-1.051409	-27.827953	-0.066845	-1.071099
3686	51.197343	00:00:51:14	-27.941155	1.678770	-1.196574	-27.964611	1.664059	-1.097495	-28.061879	1.671409	-1.130579	-27.999133	1.545837	-1.191003	-28.015105	1.568177	-1.142032	-28.114003	1.550187	-1.230519	-27.860040	1.549435	-1.106537	-28.070816	1.462624	-0.879612	-27.977223	0.748415	-1.592423	-27.959220	1.402445	-0.565233	-28.088149	-0.017929	-2.066517	-27.976747	1.371367	-0.602713	-28.116949	-0.062668	-2.081489	-27.960729	1.381370	-0.601739	-28.087346	-0.035909	-2.065959	-28.161652	0.970734	-1.226069	-28.166940	0.969643	-1.274363	-27.848239	0.975542	-1.053466	-27.835455	0.957522	-1.099119	-28.179882	0.462878	-1.224419	-27.881338	0.450000	-1.046512	-28.177000	-0.043320	-1.214914	-28.140166	-0.043717	-1.228892	-27.836857	-0.084045	-1.016248	-27.828440	-0.039354	-1.090461
3687	51.211236	00:00:51:15	-27.997131	1.643780	-1.221266	-27.993482	1.655180	-1.140579	-28.058613	1.671873	-1.153076	-27.988109	1.553380	-1.168673	-28.018013	1.533209	-1.149617	-28.138333	1.561165	-1.267342	-27.873068	1.578440	-1.151687	-28.059819	1.459726	-0.903797	-27.985767	0.733847	-1.584669	-27.967763	1.391017	-0.584439	-28.044944	-0.034139	-2.082334	-27.956600	1.359612	-0.550515	-28.089726	-0.063810	-2.053293	-27.955777	1.375263	-0.604856	-28.072266	-0.050970	-2.055532	-28.174166	0.938244	-1.215703	-28.146905	0.973286	-1.282621	-27.833089	0.990891	-1.044226	-27.833361	0.947383	-1.113861	-28.178737	0.473088	-1.227428	-27.853196	0.461096	-1.047987	-28.178212	-0.076287	-1.198579	-28.136565	-0.071288	-1.250798	-27.876510	-0.040685	-1.026667	-27.802763	-0.061061	-1.110667
3688	51.225130	00:00:51:16	-27.963146	1.652528	-1.208483	-27.965702	1.632555	-1.119051	-28.064780	1.677570	-1.176949	-28.009548	1.540519	-1.153435	-28.011644	1.547919	-1.141801	-28.141276	1.565026	-1.255929	-27.864263	1.559434	-1.117355	-28.020018	1.454068	-0.957051	-27.953638	0.743856	-1.607538	-27.946122	1.376026	-0.579967	-28.086286	-0.021727	-2.040668	-27.936472	1.387773	-0.581323	-28.102727	-0.007734	-2.077050	-27.967648	1.369379	-0.556156	-28.097232	-0.033479	-2.056505	-28.170216	1.000039	-1.232833	-28.140736	0.942094	-1.272246	-27.878676	0.969646	-1.037909	-27.832657	0.937690	-1.131992	-28.149355	0.458421	-1.222043	-27.827753	0.442155	-1.079746	-28.177144	-0.070364	-1.195529	-28.180289	-0.037145	-1.244779	-27.850681	-0.028530	-1.031291	-27.811565	-0.100702	-1.098422
3689	51.239023	00:00:51:17	-27.957986	1.639551	-1.230166	-27.978504	1.661115	-1.118106	-28.101909	1.659687	-1.122913	-27.972037	1.550951	-1.185287	-27.989292	1.523398	-1.140421	-28.121155	1.534585	-1.244815	-27.873176	1.560412	-1.112694	-28.048949	1.478048	-0.893707	-27.963883	0.743867	-1.578381	-27.966960	1.388621	-0.544980	-28.092485	-0.074480	-2.071225	-27.943453	1.372174	-0.579957	-28.095073	-0.050433	-2.061691	-27.930927	1.400984	-0.575657	-28.100765	-0.043540	-2.065748	-28.182712	0.966995	-1.236613	-28.136307	0.968685	-1.267300	-27.849205	0.973691	-1.052889	-27.845454	0.945160	-1.134964	-28.195167	0.423292	-1.253465	-27.818534	0.453764	-1.072444	-28.174729	-0.057146	-1.206897	-28.144264	-0.052338	-1.254877	-27.836295	-0.042910	-1.018029	-27.828672	-0.029617	-1.082414
3690	51.252916	00:00:51:18	-27.970128	1.635245	-1.222708	-27.953193	1.668378	-1.094009	-28.063328	1.654756	-1.148995	-27.994902	1.517428	-1.167632	-27.991845	1.527845	-1.127415	-28.146966	1.567221	-1.271245	-27.876264	1.525083	-1.113707	-28.027800	1.461955	-0.937232	-27.972325	0.761318	-1.565409	-27.965690	1.375255	-0.587602	-28.096001	-0.057395	-2.048424	-27.970593	1.368551	-0.554044	-28.079203	-0.046503	-2.073199	-27.974105	1.375009	-0.578000	-28.092628	-0.072296	-2.078083	-28.156737	0.983591	-1.224119	-28.165730	0.961819	-1.273804	-27.850193	0.987652	-1.036782	-27.850002	0.976112	-1.089616	-28.124980	0.479508	-1.224676	-27.852560	0.482734	-1.064277	-28.183868	-0.069472	-1.215244	-28.135519	-0.045281	-1.263549	-27.878477	-0.038585	-1.013325	-27.813673	-0.065973	-1.086487
3691	51.266810	00:00:51:19	-27.949298	1.661119	-1.238044	-27.926209	1.678972	-1.086230	-28.077880	1.657804	-1.185144	-27.996531	1.560273	-1.182654	-28.004074	1.543035	-1.174641	-28.151815	1.551048	-1.279851	-27.860532	1.542112	-1.139860	-28.068725	1.479452	-0.942852	-27.962819	0.747651	-1.593887	-27.964110	1.387355	-0.570136	-28.089632	-0.054878	-2.060592	-27.959526	1.398766	-0.626743	-28.108493	-0.032344	-2.104664	-27.958446	1.428476	-0.579990	-28.096901	-0.042428	-2.070797	-28.183762	0.968323	-1.244117	-28.155111	0.943162	-1.258678	-27.868351	0.960992	-1.069321	-27.851210	0.942547	-1.109084	-28.161782	0.465485	-1.239585	-27.848789	0.450216	-1.078285	-28.186217	-0.044270	-1.159876	-28.143465	-0.080360	-1.251295	-27.872659	-0.048570	-1.083757	-27.838000	-0.034469	-1.086824
3692	51.280703	00:00:51:20	-27.959973	1.652849	-1.232931	-27.989053	1.686815	-1.074877	-28.054557	1.664052	-1.167738	-27.989354	1.523135	-1.171683	-28.045634	1.550492	-1.139995	-28.100695	1.554927	-1.245344	-27.845512	1.548696	-1.102513	-28.022695	1.446376	-0.956929	-28.002572	0.752989	-1.614296	-27.984130	1.393701	-0.547579	-28.097152	-0.024558	-2.065504	-27.952297	1.379510	-0.581084	-28.126645	-0.036751	-2.085689	-27.954551	1.400330	-0.561079	-28.114993	-0.038791	-2.074031	-28.185918	0.998450	-1.241783	-28.123688	0.979654	-1.309614	-27.901591	0.979565	-1.064093	-27.835333	0.967945	-1.133912	-28.173353	0.432665	-1.264974	-27.845894	0.470194	-1.059135	-28.198132	-0.078567	-1.195350	-28.149128	-0.034991	-1.286077	-27.860683	-0.053932	-1.053976	-27.816325	-0.079979	-1.086842
3693	51.294597	00:00:51:21	-27.971790	1.651305	-1.249359	-27.975235	1.658546	-1.095995	-28.097636	1.660562	-1.145938	-27.972714	1.551543	-1.198826	-28.008962	1.545943	-1.164798	-28.159984	1.526564	-1.218271	-27.870009	1.520224	-1.130083	-28.066865	1.471576	-0.920256	-27.984384	0.738332	-1.581027	-27.990945	1.406725	-0.586323	-28.128828	-0.044472	-2.080739	-27.956767	1.364759	-0.594344	-28.093771	-0.039915	-2.059834	-27.946658	1.354408	-0.567995	-28.121482	-0.005047	-2.064881	-28.202915	0.936589	-1.247637	-28.133289	0.966240	-1.286782	-27.840900	0.946349	-1.057672	-27.800466	0.970271	-1.130979	-28.173204	0.452607	-1.246303	-27.811768	0.470515	-1.113481	-28.173417	-0.036132	-1.185262	-28.142040	-0.047927	-1.211921	-27.881883	-0.019392	-1.055496	-27.833496	-0.052516	-1.121851
3694	51.308490	00:00:51:22	-27.973252	1.645079	-1.244343	-27.982761	1.619538	-1.091814	-28.072064	1.641081	-1.128396	-27.993230	1.538447	-1.205268	-28.011905	1.523467	-1.136967	-28.134271	1.569060	-1.268403	-27.844028	1.551072	-1.109715	-28.059911	1.484130	-0.929709	-27.989868	0.766990	-1.585143	-27.935485	1.387288	-0.612418	-28.097413	-0.037519	-2.076297	-27.973068	1.368616	-0.604023	-28.079284	-0.025406	-2.075458	-27.954007	1.377914	-0.574600	-28.111519	-0.020251	-2.087458	-28.172778	0.978811	-1.210623	-28.143242	0.989877	-1.274264	-27.873669	0.992056	-1.055576	-27.804763	0.961913	-1.097634	-28.171616	0.432373	-1.233628	-27.827118	0.452802	-1.095513	-28.207440	-0.046593	-1.182819	-28.161776	-0.068844	-1.231482	-27.852218	-0.051035	-1.010466	-27.855063	-0.069164	-1.130783
3695	51.322384	00:00:51:23	-27.982749	1.639850	-1.225087	-27.945478	1.661604	-1.102931	-28.082398	1.642403	-1.173357	-28.004508	1.547586	-1.196576	-28.021737	1.558280	-1.166108	-28.106632	1.537933	-1.257280	-27.845933	1.545247	-1.146389	-28.060433	1.454141	-0.888760	-27.950802	0.768235	-1.612285	-27.951457	1.392642	-0.581984	-28.097341	-0.049737	-2.065985	-27.955311	1.369002	-0.551764	-28.090558	-0.027974	-2.065043	-27.981149	1.366786	-0.582764	-28.080762	-0.051116	-2.042231	-28.181389	0.988376	-1.243747	-28.145603	0.961512	-1.294057	-27.833031	0.984910	-1.057452	-27.829593	0.952753	-1.115506	-28.132028	0.478150	-1.274066	-27.818416	0.447884	-1.090747	-28.149459	-0.077493	-1.217949	-28.183538	-0.055235	-1.234760	-27.834859	-0.048738	-1.026711	-27.822055	-0.072576	-1.098504
3696	51.336277	00:00:51:24	-27.957609	1.636831	-1.215909	-27.979746	1.670621	-1.080272	-28.063047	1.670808	-1.150468	-28.003555	1.577147	-1.163467	-28.001624	1.547748	-1.122000	-28.168643	1.554785	-1.253456	-27.872896	1.529338	-1.117122	-28.042175	1.456910	-0.933741	-28.003517	0.745389	-1.593283	-27.970060	1.416377	-0.569969	-28.120496	-0.052752	-2.080232	-27.959398	1.385676	-0.557936	-28.081038	-0.073870	-2.039823	-27.947128	1.369485	-0.546236	-28.106008	-0.031036	-2.078940	-28.171404	0.984947	-1.228333	-28.148832	0.941313	-1.265681	-27.860453	0.974109	-1.077939	-27.800729	0.972560	-1.129798	-28.152920	0.421839	-1.238304	-27.864266	0.447759	-1.065494	-28.222870	-0.066746	-1.176928	-28.152197	-0.052341	-1.271106	-27.846584	-0.021849	-1.015176	-27.812271	-0.055766	-1.080774
3697	51.350171	00:00:51:25	-27.957538	1.696311	-1.244568	-27.977824	1.675136	-1.103780	-28.105024	1.654054	-1.192343	-28.001808	1.533585	-1.231488	-28.021539	1.533513	-1.163180	-28.095943	1.539037	-1.258235	-27.844173	1.517816	-1.130360	-28.014241	1.463412	-0.904156	-27.958707	0.772735	-1.585434	-27.976930	1.363959	-0.557649	-28.081702	-0.056039	-2.035981	-27.948971	1.391068	-0.563988	-28.094303	-0.060554	-2.071345	-27.949188	1.388801	-0.564880	-28.085796	-0.046530	-2.052306	-28.185106	0.964326	-1.239204	-28.145427	0.996097	-1.260086	-27.868276	0.989934	-1.048378	-27.819354	0.959341	-1.120277	-28.163514	0.449894	-1.241775	-27.825313	0.442954	-1.108772	-28.175047	-0.057074	-1.250465	-28.123474	-0.073355	-1.258737	-27.823020	-0.049487	-1.038776	-27.843305	-0.063124	-1.099768
3698	51.364064	00:00:51:26	-27.950057	1.649075	-1.213236	-27.995036	1.646803	-1.122598	-28.059168	1.654799	-1.142140	-27.998852	1.549811	-1.163258	-28.047947	1.545863	-1.117604	-28.124005	1.545224	-1.268527	-27.856484	1.557426	-1.137301	-28.054001	1.438640	-0.891459	-28.002573	0.739452	-1.556563	-27.931942	1.380885	-0.592167	-28.083037	-0.063317	-2.041897	-27.939450	1.367457	-0.572344	-28.088064	-0.090214	-2.067675	-27.963309	1.375066	-0.571105	-28.127282	-0.016357	-2.033511	-28.181079	0.992697	-1.171541	-28.172213	0.954734	-1.280476	-27.861517	0.957831	-1.045840	-27.819247	0.974838	-1.101113	-28.185349	0.477857	-1.235379	-27.845537	0.470342	-1.073947	-28.171453	-0.050617	-1.179164	-28.128882	-0.042814	-1.296724	-27.869886	-0.055504	-1.045329	-27.831798	-0.073651	-1.096016
3699	51.377957	00:00:51:27	-27.992956	1.644720	-1.215652	-27.962630	1.644871	-1.107790	-28.073312	1.677043	-1.188296	-28.001285	1.548999	-1.186823	-28.012051	1.566320	-1.144544	-28.118388	1.547835	-1.221296	-27.862247	1.563207	-1.098710	-28.034988	1.426804	-0.878919	-27.982254	0.739934	-1.560672	-27.977131	1.396617	-0.568164	-28.104740	-0.071070	-2.066201	-27.941879	1.370445	-0.574293	-28.080612	-0.042460	-2.086863	-27.959968	1.413650	-0.582180	-28.085988	-0.039546	-2.045434	-28.202042	0.963865	-1.234577	-28.179063	0.942543	-1.303772	-27.834279	0.948149	-1.073062	-27.845141	0.950284	-1.092865	-28.147099	0.480885	-1.238477	-27.861541	0.477510	-1.092492	-28.181207	-0.063800	-1.182623	-28.168046	-0.047213	-1.239442	-27.831017	-0.046934	-1.055719	-27.848590	-0.060408	-1.099282
3700	51.391851	00:00:51:28	-27.974413	1.633888	-1.254741	-27.969233	1.646620	-1.115199	-28.076534	1.669724	-1.157757	-27.991954	1.543544	-1.185521	-27.977470	1.555755	-1.153072	-28.127687	1.536975	-1.274988	-27.883449	1.558786	-1.154462	-28.065458	1.480476	-0.895136	-27.942492	0.770385	-1.598940	-27.934604	1.377410	-0.588106	-28.114104	-0.010056	-2.073391	-27.962622	1.369742	-0.585799	-28.085065	-0.052059	-2.051880	-27.967814	1.378391	-0.602195	-28.119372	-0.040949	-2.073496	-28.178021	0.933506	-1.220859	-28.125461	0.964388	-1.287162	-27.831790	0.962757	-1.070241	-27.813316	0.975856	-1.125565	-28.141657	0.476773	-1.260922	-27.850990	0.437729	-1.074149	-28.145964	-0.039990	-1.195435	-28.160775	-0.053220	-1.255171	-27.861435	-0.108105	-1.052841	-27.860096	-0.053957	-1.111900
3701	51.405744	00:00:51:29	-27.954230	1.657089	-1.257947	-27.946129	1.636973	-1.087179	-28.074952	1.657828	-1.131744	-27.972561	1.577274	-1.186004	-28.036441	1.520819	-1.146957	-28.107342	1.528384	-1.282782	-27.867335	1.530933	-1.149837	-28.031265	1.458924	-0.889855	-27.975299	0.749442	-1.595839	-27.967987	1.353004	-0.608198	-28.074511	-0.050276	-2.061904	-27.959052	1.375815	-0.549636	-28.069946	-0.021492	-2.044035	-27.941399	1.383419	-0.559829	-28.103912	-0.043416	-2.085537	-28.155004	0.963011	-1.220968	-28.178746	0.994907	-1.263300	-27.856110	0.986802	-1.046565	-27.813970	0.971200	-1.125862	-28.171737	0.428848	-1.237006	-27.847688	0.461493	-1.091896	-28.170002	-0.006244	-1.230008	-28.158479	-0.034483	-1.244474	-27.863015	-0.046850	-1.032815	-27.821169	-0.069371	-1.107857
3702	51.419638	00:00:51:30	-27.969862	1.636097	-1.244413	-27.970925	1.667019	-1.107151	-28.065197	1.655156	-1.150820	-27.982322	1.533077	-1.189920	-28.041420	1.540596	-1.136251	-28.137533	1.564000	-1.246663	-27.860260	1.550769	-1.115211	-28.029650	1.471012	-0.887491	-27.974808	0.743003	-1.582947	-27.956917	1.378867	-0.575495	-28.109798	-0.053668	-2.086232	-27.973451	1.401957	-0.554440	-28.102700	-0.055606	-2.042791	-27.988304	1.374098	-0.558042	-28.110925	-0.023443	-2.052798	-28.148913	0.969060	-1.215885	-28.148806	0.922598	-1.293833	-27.851040	0.974709	-1.065992	-27.838993	0.972831	-1.110364	-28.173200	0.471745	-1.251609	-27.852785	0.399533	-1.094053	-28.219218	-0.065982	-1.205554	-28.161200	-0.059415	-1.278971	-27.856103	-0.048587	-1.042197	-27.794861	-0.070955	-1.079566
3703	51.433531	00:00:51:31	-27.957969	1.631697	-1.221736	-27.964532	1.656676	-1.099599	-28.070909	1.672978	-1.144569	-27.990658	1.523364	-1.189701	-28.037068	1.539363	-1.185702	-28.119756	1.528431	-1.284958	-27.871180	1.546745	-1.114911	-28.061018	1.455391	-0.932599	-27.990347	0.726549	-1.551902	-27.950326	1.359433	-0.591392	-28.107992	-0.004342	-2.067528	-27.933358	1.343358	-0.575122	-28.086240	-0.041099	-2.059704	-27.964359	1.370753	-0.588192	-28.081725	-0.033112	-2.074490	-28.174086	0.956745	-1.246654	-28.157032	0.962004	-1.236261	-27.880240	0.980052	-1.041908	-27.869913	0.970817	-1.162542	-28.190367	0.444255	-1.246013	-27.838493	0.451244	-1.060137	-28.197845	-0.057069	-1.231025	-28.138320	-0.062123	-1.268779	-27.867728	-0.041130	-1.037142	-27.814296	-0.050642	-1.095993
3704	51.447425	00:00:51:32	-27.945292	1.642257	-1.237300	-27.948650	1.667137	-1.133993	-28.065946	1.643275	-1.142156	-27.995122	1.553202	-1.202661	-28.017457	1.547869	-1.160616	-28.146298	1.562271	-1.258875	-27.871030	1.519239	-1.109556	-28.048836	1.462272	-0.919644	-27.955782	0.755529	-1.569886	-27.957075	1.379745	-0.562729	-28.106297	-0.078262	-2.085416	-27.965622	1.383821	-0.602757	-28.092033	-0.045940	-2.099331	-27.957596	1.360560	-0.577242	-28.088662	-0.069564	-2.067411	-28.186051	0.944879	-1.224524	-28.153935	0.943236	-1.284741	-27.871311	0.970025	-1.054463	-27.804244	0.982821	-1.099720	-28.164131	0.467782	-1.231441	-27.829697	0.451997	-1.052220	-28.181576	-0.037014	-1.205498	-28.126234	-0.072832	-1.279135	-27.854813	-0.029619	-1.061177	-27.820454	-0.070862	-1.059109
3705	51.461318	00:00:51:33	-27.994675	1.650260	-1.249649	-27.964139	1.688336	-1.118024	-28.096788	1.638180	-1.162036	-27.986351	1.593735	-1.174881	-28.001186	1.543276	-1.123276	-28.135026	1.572722	-1.235004	-27.854708	1.562015	-1.149970	-28.068498	1.465222	-0.936574	-28.020714	0.760239	-1.598965	-27.985661	1.385606	-0.573272	-28.078729	-0.033931	-2.088491	-27.936645	1.356711	-0.575660	-28.092817	-0.057502	-2.053535	-27.962257	1.367896	-0.582241	-28.060503	-0.079195	-2.062328	-28.193778	0.983300	-1.216981	-28.170598	0.985621	-1.290327	-27.854942	0.975792	-1.042596	-27.838289	0.959905	-1.110296	-28.165147	0.462786	-1.239152	-27.837915	0.463376	-1.061607	-28.178427	-0.050623	-1.198939	-28.133302	-0.069870	-1.260617	-27.868698	-0.059042	-1.066917	-27.816412	-0.052638	-1.069816
3706	51.475212	00:00:51:34	-27.955487	1.654475	-1.229180	-27.952732	1.655467	-1.083229	-28.089966	1.644558	-1.178408	-28.010405	1.570730	-1.188037	-28.002830	1.564678	-1.177528	-28.142079	1.518409	-1.265525	-27.860768	1.535747	-1.083528	-28.034663	1.485044	-0.902901	-27.978230	0.738928	-1.586062	-27.978727	1.394984	-0.542979	-28.106238	-0.046957	-2.044307	-27.965392	1.371197	-0.573818	-28.097220	-0.047509	-2.048208	-27.957945	1.382752	-0.561467	-28.094423	-0.025044	-2.092195	-28.171426	0.954641	-1.237611	-28.170463	0.948011	-1.272497	-27.823634	0.982824	-1.050936	-27.851550	0.949244	-1.093295	-28.140290	0.460085	-1.216752	-27.840584	0.466271	-1.078880	-28.210701	-0.050261	-1.186554	-28.169432	-0.095208	-1.262104	-27.855975	-0.051912	-1.027132	-27.820163	-0.049024	-1.066079
3707	51.489105	00:00:51:35	-27.939370	1.636566	-1.246502	-27.965537	1.652116	-1.074379	-28.065453	1.655842	-1.136183	-28.015132	1.573324	-1.176748	-27.977863	1.522820	-1.128785	-28.095821	1.543686	-1.284142	-27.883357	1.568305	-1.096909	-28.051894	1.432435	-0.920740	-27.960009	0.766003	-1.573716	-27.974706	1.388165	-0.590295	-28.072119	-0.022687	-2.056262	-27.937040	1.385660	-0.603299	-28.072208	-0.090551	-2.067848	-27.975077	1.389031	-0.579558	-28.073794	-0.064861	-2.098759	-28.170410	0.986027	-1.227253	-28.139721	0.963536	-1.300832	-27.867499	1.002274	-1.061500	-27.821828	0.949946	-1.123593	-28.152525	0.453604	-1.224460	-27.813789	0.461301	-1.060818	-28.165265	-0.047123	-1.185011	-28.125730	-0.055822	-1.269102	-27.853620	-0.016804	-1.005141	-27.804374	-0.043155	-1.094626
3708	51.502998	00:00:51:36	-27.953929	1.637751	-1.218771	-27.952801	1.649689	-1.113527	-28.070907	1.648088	-1.184573	-27.981846	1.533072	-1.194576	-27.991686	1.565809	-1.129920	-28.120706	1.538113	-1.288703	-27.852206	1.538759	-1.107582	-28.064540	1.462055	-0.908677	-27.989410	0.756090	-1.608227	-27.937137	1.407111	-0.571148	-28.103508	-0.052896	-2.078524	-27.983002	1.386390	-0.591974	-28.060784	-0.061465	-2.105772	-27.934029	1.356670	-0.558766	-28.105177	-0.054894	-2.067498	-28.168827	0.941990	-1.237550	-28.138665	0.960215	-1.289048	-27.834494	0.971275	-1.024228	-27.839938	0.962315	-1.087870	-28.177503	0.459719	-1.260404	-27.839603	0.489225	-1.081203	-28.148722	-0.054720	-1.218117	-28.132330	-0.073210	-1.276763	-27.870734	-0.066520	-1.037557	-27.812173	-0.082853	-1.085611
3709	51.516892	00:00:51:37	-27.957102	1.642764	-1.256590	-27.986876	1.660670	-1.082463	-28.070253	1.662944	-1.159159	-27.984134	1.536688	-1.163001	-28.000388	1.561644	-1.121108	-28.123331	1.550199	-1.267822	-27.864017	1.532940	-1.123128	-28.044201	1.462464	-0.915401	-27.967337	0.731458	-1.598347	-27.968995	1.368638	-0.573557	-28.089962	-0.050364	-2.062003	-27.969711	1.397936	-0.580791	-28.072632	-0.045181	-2.038277	-27.990470	1.363784	-0.575852	-28.093995	-0.075072	-2.069042	-28.180259	0.983053	-1.229915	-28.142819	1.003968	-1.291641	-27.865858	0.964236	-1.057696	-27.849041	0.970758	-1.097892	-28.177580	0.438029	-1.242592	-27.873058	0.472571	-1.074317	-28.165550	-0.053442	-1.207587	-28.123986	-0.030530	-1.287995	-27.844583	-0.021390	-1.023173	-27.860007	-0.075745	-1.099371
3710	51.530785	00:00:51:38	-27.970061	1.641643	-1.246391	-27.955972	1.665155	-1.114317	-28.074464	1.630734	-1.170262	-27.991600	1.524110	-1.207557	-28.011314	1.535472	-1.149489	-28.145692	1.505597	-1.257657	-27.853978	1.540274	-1.109251	-28.080507	1.477280	-0.903624	-27.968618	0.745704	-1.594874	-27.965697	1.367951	-0.617533	-28.089922	-0.067154	-2.090331	-27.967034	1.387939	-0.605224	-28.086008	-0.057770	-2.077648	-27.983821	1.372612	-0.608558	-28.105173	-0.036387	-2.040873	-28.194379	0.981688	-1.222236	-28.129984	0.938936	-1.270894	-27.857586	0.957681	-1.036596	-27.838678	0.967839	-1.134714	-28.165457	0.440113	-1.247463	-27.810837	0.458941	-1.077556	-28.156235	-0.045913	-1.189122	-28.137485	-0.068151	-1.263490	-27.852197	-0.054706	-1.044157	-27.847179	-0.082330	-1.083448
3711	51.544679	00:00:51:39	-27.977926	1.665635	-1.253939	-27.971371	1.650825	-1.069617	-28.078670	1.655683	-1.159848	-27.991465	1.533709	-1.174631	-27.993996	1.544658	-1.160339	-28.136329	1.550579	-1.265317	-27.860773	1.571031	-1.095774	-28.026007	1.441593	-0.954645	-27.988630	0.763622	-1.614661	-27.997660	1.393090	-0.583661	-28.078021	-0.085880	-2.092794	-27.949472	1.377505	-0.625605	-28.068247	-0.063585	-2.083222	-27.946880	1.370269	-0.567691	-28.089521	-0.039337	-2.046959	-28.170970	0.962467	-1.237727	-28.181570	0.966529	-1.281439	-27.912262	0.968272	-1.071721	-27.805364	0.971649	-1.084082	-28.160744	0.471647	-1.267083	-27.852506	0.449029	-1.072203	-28.145306	-0.031650	-1.165955	-28.167995	-0.074228	-1.239069	-27.882272	-0.065401	-1.054823	-27.841687	-0.042983	-1.097831
3712	51.558572	00:00:51:40	-27.963243	1.650096	-1.225087	-27.956750	1.651337	-1.104279	-28.088481	1.689589	-1.185286	-28.026095	1.545135	-1.164461	-28.014771	1.571253	-1.148590	-28.147571	1.533790	-1.215674	-27.850353	1.555478	-1.126463	-28.042804	1.475870	-0.907188	-27.984482	0.756215	-1.579527	-27.992004	1.386875	-0.536476	-28.089117	-0.060392	-2.053875	-27.973612	1.366702	-0.551117	-28.113281	-0.022270	-2.057347	-27.944411	1.393162	-0.532720	-28.106954	-0.033970	-2.045230	-28.177166	0.987376	-1.197567	-28.144546	0.965305	-1.277174	-27.846569	0.951555	-1.073929	-27.801358	0.984605	-1.097072	-28.168280	0.455630	-1.228981	-27.836764	0.467556	-1.077441	-28.164538	-0.071053	-1.200640	-28.127257	-0.045586	-1.271954	-27.863290	-0.065277	-1.032633	-27.829872	-0.070751	-1.092219
3713	51.572466	00:00:51:41	-27.978579	1.618866	-1.233225	-27.976806	1.661804	-1.107209	-28.090350	1.650100	-1.181791	-28.014535	1.531368	-1.150517	-28.025072	1.526518	-1.128001	-28.129093	1.537816	-1.277875	-27.844330	1.538583	-1.119740	-28.043893	1.468003	-0.922462	-27.985702	0.729292	-1.586133	-27.957086	1.395650	-0.531517	-28.099758	-0.054589	-2.082196	-27.937272	1.359584	-0.576355	-28.095249	-0.058812	-2.030577	-27.980689	1.388369	-0.623510	-28.073428	-0.072135	-2.073355	-28.169377	0.959786	-1.209987	-28.185638	0.941798	-1.251568	-27.854956	0.970971	-1.057798	-27.815956	0.992772	-1.110140	-28.175376	0.441353	-1.225377	-27.855081	0.449630	-1.049639	-28.159677	-0.033579	-1.202338	-28.152273	-0.044263	-1.256251	-27.845483	-0.068028	-1.065568	-27.833623	-0.077607	-1.108203
3714	51.586359	00:00:51:42	-27.994427	1.628066	-1.269150	-27.966477	1.662800	-1.083745	-28.069871	1.667955	-1.146468	-28.014795	1.547298	-1.169619	-27.974722	1.540971	-1.145051	-28.136858	1.545998	-1.270753	-27.862232	1.526103	-1.152778	-28.092035	1.454763	-0.895983	-27.995023	0.742263	-1.600061	-27.976893	1.401041	-0.597905	-28.105989	-0.073360	-2.050389	-27.963974	1.413123	-0.543039	-28.083256	-0.057457	-2.067498	-27.960470	1.382375	-0.556098	-28.078722	-0.063359	-2.055520	-28.216693	0.957664	-1.227297	-28.142586	0.950076	-1.268683	-27.845814	0.966018	-1.086717	-27.797681	0.974728	-1.098337	-28.165080	0.468483	-1.231982	-27.832697	0.450669	-1.090296	-28.150224	-0.061092	-1.196526	-28.144421	-0.059970	-1.231199	-27.850297	-0.069251	-1.039156	-27.843060	-0.050434	-1.067232
3715	51.600253	00:00:51:43	-27.968227	1.615030	-1.244567	-27.934727	1.704740	-1.074314	-28.081781	1.655765	-1.152818	-27.981661	1.556076	-1.197566	-28.026143	1.553160	-1.153330	-28.131139	1.543086	-1.259270	-27.830109	1.522814	-1.117583	-28.026891	1.449170	-0.890310	-27.998190	0.723272	-1.591492	-27.951620	1.390436	-0.553585	-28.070054	-0.044299	-2.071906	-27.980773	1.386739	-0.579455	-28.068828	-0.063525	-2.066701	-27.979112	1.360708	-0.573962	-28.100500	-0.037057	-2.083917	-28.161620	0.972613	-1.231901	-28.145011	0.990252	-1.293537	-27.836723	0.997012	-1.056571	-27.818387	0.990291	-1.100262	-28.146526	0.443857	-1.239629	-27.845325	0.441684	-1.046682	-28.186110	-0.065819	-1.251732	-28.147290	-0.043411	-1.246906	-27.853742	-0.049560	-1.031307	-27.846746	-0.049659	-1.096354
3716	51.614146	00:00:51:44	-27.970137	1.668819	-1.230021	-27.964893	1.669182	-1.124737	-28.096466	1.657670	-1.147082	-28.003008	1.565154	-1.187519	-28.026101	1.575765	-1.167512	-28.095856	1.551922	-1.234884	-27.853628	1.554951	-1.111058	-28.032276	1.440498	-0.936516	-27.945293	0.738049	-1.596033	-27.975559	1.374780	-0.616088	-28.087032	-0.037345	-2.068520	-28.001936	1.379182	-0.572541	-28.104323	-0.041197	-2.094102	-27.964421	1.389916	-0.579530	-28.078767	-0.066779	-2.044059	-28.153268	0.982271	-1.209077	-28.143306	0.958593	-1.291212	-27.861893	0.987633	-1.041704	-27.838880	0.977925	-1.092647	-28.140861	0.454025	-1.253201	-27.869533	0.467874	-1.107521	-28.172562	-0.047377	-1.218559	-28.154549	-0.065994	-1.252974	-27.862763	-0.020554	-1.056160	-27.811553	-0.033028	-1.112497
3717	51.628039	00:00:51:45	-27.964263	1.639719	-1.256073	-27.962294	1.627378	-1.061413	-28.105782	1.631419	-1.142988	-27.995102	1.551267	-1.164949	-28.020606	1.550819	-1.172838	-28.143190	1.545034	-1.237727	-27.842998	1.555122	-1.158568	-28.052540	1.458781	-0.908127	-27.966635	0.770776	-1.596938	-27.984099	1.377608	-0.586357	-28.082869	-0.055911	-2.068984	-27.967205	1.399858	-0.592902	-28.078854	-0.041582	-2.071235	-27.963613	1.372400	-0.577941	-28.088082	-0.064173	-2.050414	-28.188407	0.962050	-1.228958	-28.176808	0.978569	-1.274447	-27.870264	0.983761	-1.065015	-27.828983	0.994547	-1.115654	-28.164835	0.458891	-1.231951	-27.832615	0.449151	-1.092045	-28.171881	-0.096939	-1.222468	-28.152801	-0.068601	-1.240378	-27.872439	-0.049094	-1.016254	-27.783298	-0.056554	-1.081907
3718	51.641933	00:00:51:46	-27.981181	1.645251	-1.218692	-27.949691	1.647114	-1.105190	-28.074641	1.656272	-1.152276	-28.014317	1.530797	-1.196449	-28.022389	1.511631	-1.141386	-28.160269	1.564600	-1.250516	-27.882336	1.569043	-1.117411	-28.028429	1.445183	-0.922371	-27.951558	0.774864	-1.607179	-27.962905	1.406855	-0.576179	-28.080086	-0.024497	-2.065754	-27.944807	1.384319	-0.602284	-28.116258	-0.065328	-2.050435	-27.960427	1.379879	-0.545307	-28.095625	-0.059435	-2.059746	-28.154525	0.936795	-1.238010	-28.142867	0.965391	-1.280397	-27.843407	0.977858	-1.043411	-27.829528	0.975466	-1.154560	-28.170250	0.480182	-1.216683	-27.867174	0.453516	-1.097608	-28.163702	-0.043849	-1.200946	-28.139600	-0.058022	-1.260146	-27.915387	-0.048652	-1.054957	-27.799998	-0.092344	-1.101443
3719	51.655826	00:00:51:47	-27.994141	1.641434	-1.234315	-27.991879	1.643714	-1.083704	-28.050751	1.670233	-1.148818	-27.995303	1.482624	-1.205549	-27.980939	1.554620	-1.151630	-28.126967	1.539385	-1.238711	-27.837646	1.557538	-1.148498	-28.024509	1.478206	-0.905140	-27.966701	0.738991	-1.626082	-27.953618	1.390911	-0.559515	-28.096069	-0.036368	-2.058731	-27.994512	1.396458	-0.541796	-28.096280	-0.052920	-2.063835	-27.944916	1.420063	-0.581739	-28.087897	-0.040993	-2.047923	-28.180603	0.943120	-1.195250	-28.134961	0.956806	-1.260258	-27.855345	0.961732	-1.088170	-27.816602	0.963380	-1.092690	-28.166928	0.459326	-1.265977	-27.826247	0.462923	-1.096057	-28.176480	-0.054277	-1.185949	-28.154420	-0.050406	-1.240140	-27.859794	-0.070163	-1.054878	-27.817329	-0.048472	-1.091204
3720	51.669720	00:00:51:48	-27.980294	1.669620	-1.259816	-27.986211	1.656797	-1.098268	-28.094399	1.648700	-1.127380	-27.978994	1.537967	-1.205488	-27.993531	1.568918	-1.147269	-28.110223	1.539647	-1.256998	-27.875000	1.542488	-1.170367	-28.037723	1.453396	-0.901518	-27.969112	0.756849	-1.594281	-27.973118	1.394901	-0.578287	-28.110513	-0.065763	-2.076442	-27.967197	1.401691	-0.593728	-28.090843	-0.018101	-2.070090	-27.986820	1.384914	-0.542435	-28.122234	-0.043738	-2.061569	-28.185193	0.968302	-1.187622	-28.140241	0.988070	-1.269148	-27.839528	0.960548	-1.074556	-27.847646	0.955003	-1.098162	-28.136440	0.458314	-1.248849	-27.833765	0.446058	-1.084489	-28.183453	-0.047678	-1.229197	-28.153264	-0.064717	-1.253690	-27.860723	-0.058919	-1.033679	-27.832549	-0.026229	-1.086956
3721	51.683613	00:00:51:49	-27.966335	1.629871	-1.247540	-27.964494	1.657794	-1.133517	-28.106930	1.659201	-1.153684	-27.970774	1.540670	-1.186974	-27.995569	1.546124	-1.125630	-28.132323	1.550455	-1.231552	-27.834725	1.516690	-1.132230	-28.062524	1.430585	-0.919385	-27.977417	0.760847	-1.581605	-27.956238	1.392611	-0.563904	-28.112766	-0.049563	-2.069508	-27.935139	1.393153	-0.558092	-28.083370	-0.071417	-2.043728	-27.984356	1.390233	-0.601148	-28.100674	-0.057866	-2.070995	-28.166164	0.956482	-1.208929	-28.129589	0.965364	-1.281512	-27.831219	0.950640	-1.036465	-27.843001	0.961342	-1.114783	-28.164083	0.468565	-1.266929	-27.827527	0.468537	-1.068207	-28.194344	-0.071361	-1.189684	-28.133098	-0.054709	-1.271081	-27.853344	-0.047255	-1.059231	-27.819676	-0.046583	-1.096667
3722	51.697507	00:00:51:50	-27.965859	1.666774	-1.246836	-27.952645	1.665022	-1.081014	-28.072590	1.651180	-1.140507	-27.986478	1.552169	-1.213007	-27.991645	1.558789	-1.161407	-28.124161	1.569770	-1.272910	-27.872441	1.523908	-1.105926	-28.022814	1.462207	-0.914529	-27.985929	0.753310	-1.565043	-27.919912	1.404029	-0.540750	-28.080421	-0.025524	-2.060102	-27.976595	1.362337	-0.601520	-28.082027	-0.044815	-2.064195	-27.983339	1.376659	-0.611785	-28.088501	-0.037836	-2.090689	-28.168491	0.983794	-1.242629	-28.162899	0.990831	-1.258067	-27.883142	0.982770	-1.067872	-27.850614	0.961905	-1.101949	-28.165770	0.474836	-1.251868	-27.858196	0.457587	-1.066026	-28.207087	-0.063916	-1.196614	-28.170478	-0.075787	-1.243373	-27.870839	-0.039580	-1.035908	-27.826389	-0.035113	-1.126633
3723	51.711400	00:00:51:51	-27.971203	1.649315	-1.249428	-28.000195	1.629264	-1.100119	-28.084519	1.642589	-1.127077	-27.979029	1.539802	-1.170685	-28.019827	1.511401	-1.158334	-28.167332	1.554787	-1.250757	-27.845146	1.548659	-1.108251	-28.012939	1.426249	-0.925639	-28.027610	0.780971	-1.579169	-27.961576	1.393037	-0.577039	-28.103841	-0.058631	-2.086051	-27.947779	1.397108	-0.590272	-28.116014	-0.072620	-2.060518	-27.988034	1.388736	-0.581245	-28.105670	-0.079546	-2.059436	-28.168389	0.954543	-1.270886	-28.135732	0.977187	-1.263381	-27.859685	0.977557	-1.033567	-27.861548	0.965678	-1.113720	-28.140942	0.463130	-1.250760	-27.838203	0.459625	-1.093311	-28.205512	-0.074284	-1.207282	-28.151057	-0.068421	-1.243778	-27.855393	-0.031570	-1.022333	-27.848808	-0.047176	-1.090722
3724	51.725294	00:00:51:52	-28.001274	1.635343	-1.221823	-27.951940	1.626182	-1.114528	-28.065242	1.689730	-1.161449	-27.974571	1.555273	-1.184044	-27.987914	1.542449	-1.155639	-28.123834	1.551377	-1.251584	-27.855368	1.552789	-1.147011	-28.016962	1.465234	-0.900951	-27.990703	0.725014	-1.574982	-27.969798	1.373047	-0.586071	-28.061061	-0.058956	-2.071297	-27.943768	1.392798	-0.555196	-28.078493	-0.043649	-2.053938	-27.962974	1.395450	-0.576114	-28.096074	-0.043237	-2.080203	-28.183701	0.961317	-1.236782	-28.185159	0.967260	-1.266782	-27.872097	0.981359	-1.101143	-27.820365	0.944909	-1.113405	-28.183049	0.433695	-1.249587	-27.866207	0.429489	-1.099615	-28.171731	-0.047952	-1.190771	-28.121376	-0.038109	-1.250676	-27.860258	-0.074103	-1.009742	-27.811533	-0.043592	-1.133765
3725	51.739187	00:00:51:53	-27.992038	1.655340	-1.224878	-27.958958	1.655469	-1.076580	-28.074338	1.674877	-1.133897	-28.003172	1.523208	-1.174017	-27.998115	1.541223	-1.106378	-28.134278	1.533006	-1.234541	-27.841394	1.526419	-1.117090	-28.036768	1.459797	-0.922723	-27.988718	0.731789	-1.591857	-27.954697	1.348676	-0.569837	-28.101691	-0.024315	-2.100616	-27.920115	1.369764	-0.570705	-28.099085	-0.050110	-2.074905	-27.945224	1.374422	-0.566263	-28.096334	-0.039080	-2.043645	-28.201205	0.959250	-1.222507	-28.145525	0.949419	-1.272998	-27.872795	0.967523	-1.070133	-27.812426	0.963391	-1.151869	-28.143252	0.437313	-1.248369	-27.844171	0.439825	-1.076860	-28.196381	-0.053309	-1.203507	-28.143871	-0.078546	-1.265219	-27.836396	-0.057719	-1.008684	-27.824045	-0.073879	-1.094218
3726	51.753080	00:00:51:54	-27.992200	1.654716	-1.243998	-27.985340	1.644767	-1.089981	-28.062157	1.639199	-1.161880	-28.013139	1.562724	-1.160372	-28.028011	1.535453	-1.147713	-28.142370	1.539516	-1.264289	-27.897691	1.547610	-1.109944	-28.047575	1.437555	-0.919605	-27.952066	0.770217	-1.589265	-27.989131	1.351977	-0.586239	-28.046828	-0.050978	-2.063426	-27.976435	1.369466	-0.595356	-28.102324	-0.078730	-2.028485	-27.998666	1.363607	-0.601811	-28.088433	-0.065131	-2.056098	-28.176076	0.940845	-1.196955	-28.119905	0.937203	-1.265753	-27.878858	0.977427	-1.047053	-27.828670	0.976662	-1.080887	-28.132643	0.460125	-1.230207	-27.873013	0.485859	-1.108228	-28.156340	-0.022247	-1.217348	-28.120322	-0.070075	-1.262303	-27.856627	-0.051766	-1.080771	-27.826403	-0.044493	-1.090965
3727	51.766974	00:00:51:55	-27.967489	1.659804	-1.232936	-27.993537	1.644021	-1.093805	-28.060116	1.650519	-1.139110	-28.006889	1.554106	-1.207336	-28.029855	1.530935	-1.106312	-28.120153	1.535390	-1.226684	-27.829307	1.545579	-1.159434	-28.005458	1.467702	-0.907200	-27.983884	0.740795	-1.585809	-27.954612	1.397019	-0.556591	-28.061003	-0.065899	-2.063222	-27.962554	1.392926	-0.573400	-28.082614	-0.061185	-2.064413	-27.970777	1.343475	-0.565815	-28.104781	-0.039499	-2.055787	-28.177264	0.976068	-1.232101	-28.149158	0.940655	-1.280119	-27.857891	0.982478	-1.042472	-27.832237	0.977470	-1.106900	-28.186115	0.454717	-1.251331	-27.853483	0.435324	-1.040107	-28.167473	-0.059698	-1.212329	-28.146262	-0.082643	-1.283937	-27.864119	-0.042857	-1.047564	-27.806878	-0.075229	-1.112914
3728	51.780867	00:00:51:56	-27.971279	1.621636	-1.245254	-27.957755	1.679757	-1.084364	-28.072358	1.676626	-1.142932	-27.972295	1.527467	-1.192899	-27.991647	1.581064	-1.155325	-28.163552	1.546225	-1.286078	-27.864952	1.516989	-1.125457	-28.046475	1.490567	-0.889813	-27.992628	0.739011	-1.580305	-27.957782	1.394075	-0.563739	-28.096405	-0.055373	-2.074935	-27.959228	1.390220	-0.558935	-28.126184	-0.041289	-2.075697	-27.956871	1.401144	-0.583873	-28.082934	-0.056582	-2.059627	-28.194496	0.932652	-1.222173	-28.144368	0.950431	-1.290977	-27.840108	0.974580	-1.087670	-27.834100	0.975381	-1.108309	-28.160681	0.444603	-1.205119	-27.828388	0.463198	-1.077072	-28.165395	-0.035680	-1.206471	-28.154212	-0.048252	-1.263862	-27.838810	-0.053239	-1.039206	-27.824544	-0.078486	-1.109027
3729	51.794761	00:00:51:57	-27.953036	1.639296	-1.219316	-27.953051	1.660934	-1.122817	-28.097461	1.662184	-1.157032	-28.010655	1.548641	-1.196847	-28.013446	1.530751	-1.147114	-28.133374	1.538677	-1.257973	-27.848538	1.564924	-1.102457	-28.059195	1.448930	-0.926612	-27.977871	0.755144	-1.595498	-27.960378	1.380111	-0.595470	-28.070275	-0.054844	-2.053666	-27.966179	1.384774	-0.593969	-28.115587	-0.040935	-2.062166	-27.976601	1.377486	-0.576662	-28.079403	-0.055957	-2.074213	-28.161633	0.989795	-1.211020	-28.159958	0.985302	-1.305432	-27.830276	0.970012	-1.061464	-27.816946	0.969310	-1.103393	-28.153641	0.450319	-1.227716	-27.838733	0.475903	-1.046894	-28.162047	-0.087015	-1.153722	-28.168859	-0.044123	-1.252836	-27.884903	-0.040042	-1.057098	-27.853947	-0.051327	-1.099887
3730	51.808654	00:00:51:58	-27.935178	1.656242	-1.226483	-27.983591	1.661852	-1.062959	-28.081141	1.663579	-1.175896	-27.989511	1.588911	-1.195095	-28.045521	1.546564	-1.146574	-28.134293	1.537332	-1.223590	-27.849182	1.533145	-1.145196	-28.030227	1.460890	-0.935566	-27.984497	0.768259	-1.578962	-27.967842	1.373914	-0.565720	-28.069257	0.009484	-2.057046	-27.941197	1.376276	-0.562303	-28.078677	-0.039666	-2.073292	-27.980033	1.400641	-0.577942	-28.122630	-0.048488	-2.060699	-28.172356	0.988825	-1.190879	-28.147397	0.939466	-1.261061	-27.847982	0.935553	-1.067691	-27.803284	0.968355	-1.133866	-28.165100	0.455006	-1.251387	-27.818318	0.447486	-1.118704	-28.190959	-0.040795	-1.196863	-28.169766	-0.079661	-1.243770	-27.821039	-0.066096	-1.065993	-27.844630	-0.056690	-1.073451
3731	51.822548	00:00:51:59	-27.990501	1.653261	-1.252750	-27.987943	1.619542	-1.084408	-28.090424	1.645098	-1.130418	-27.976124	1.554316	-1.185208	-28.010533	1.538118	-1.181646	-28.132002	1.538670	-1.224856	-27.885092	1.530347	-1.106554	-28.024788	1.475774	-0.892706	-28.001080	0.762557	-1.588418	-27.940875	1.391447	-0.597891	-28.106996	-0.020080	-2.071739	-27.974154	1.392239	-0.593263	-28.085735	-0.050673	-2.082775	-27.988047	1.380806	-0.609599	-28.113666	-0.047885	-2.043461	-28.170429	0.952494	-1.184847	-28.147107	0.985532	-1.289370	-27.860843	0.957396	-1.063127	-27.803331	0.953733	-1.115829	-28.179543	0.476404	-1.225604	-27.827246	0.429892	-1.092068	-28.171902	-0.032337	-1.198822	-28.167235	-0.057538	-1.228690	-27.843120	-0.036189	-1.037955	-27.825242	-0.058510	-1.079656
3732	51.836441	00:00:51:60	-27.989779	1.630349	-1.277588	-27.986798	1.665005	-1.075799	-28.054393	1.672653	-1.203694	-27.972410	1.528710	-1.165839	-27.988615	1.597875	-1.162512	-28.136273	1.540066	-1.240732	-27.859178	1.526693	-1.118839	-28.030746	1.472873	-0.915154	-27.963604	0.738242	-1.589305	-27.987586	1.357904	-0.586791	-28.097084	-0.018663	-2.074541	-27.977367	1.395303	-0.553828	-28.078327	-0.044480	-2.054907	-27.966061	1.367593	-0.563573	-28.084053	-0.055138	-2.100446	-28.199768	0.950167	-1.228987	-28.110106	0.944910	-1.278194	-27.855173	0.946039	-1.078609	-27.822968	0.988670	-1.118244	-28.154020	0.477749	-1.220780	-27.804569	0.473532	-1.073925	-28.158909	-0.049872	-1.213382	-28.143737	-0.065398	-1.272014	-27.897165	-0.027410	-1.068623	-27.822164	-0.084071	-1.107632
3733	51.850335	00:00:51:61	-27.961903	1.632823	-1.229358	-27.977850	1.660299	-1.074607	-28.063538	1.661912	-1.159454	-28.016930	1.550276	-1.192483	-28.008620	1.547161	-1.150228	-28.126665	1.554604	-1.247643	-27.851167	1.512599	-1.128966	-28.034483	1.469466	-0.926386	-28.003364	0.748950	-1.605160	-27.952733	1.364280	-0.564918	-28.100913	-0.040568	-2.069502	-27.980363	1.375349	-0.573592	-28.092945	-0.055190	-2.052227	-27.974511	1.387114	-0.569766	-28.086236	-0.023578	-2.087304	-28.189296	0.965866	-1.226265	-28.164874	0.970306	-1.289064	-27.834935	0.984082	-1.076707	-27.808756	0.973959	-1.115810	-28.137477	0.434180	-1.238048	-27.847196	0.453187	-1.046635	-28.186740	-0.047678	-1.229013	-28.179118	-0.046362	-1.271470	-27.863365	-0.032608	-1.060412	-27.836084	-0.072552	-1.093201
3734	51.864228	00:00:51:62	-27.968101	1.661876	-1.246774	-27.984798	1.676450	-1.093859	-28.072566	1.634740	-1.115892	-28.017134	1.556429	-1.179769	-28.011412	1.558987	-1.142011	-28.156822	1.522153	-1.212120	-27.819254	1.538091	-1.115709	-28.076058	1.463024	-0.918186	-27.970782	0.727221	-1.584587	-27.990275	1.362779	-0.563126	-28.112067	-0.057878	-2.071978	-27.968724	1.365331	-0.544411	-28.084580	-0.056939	-2.064409	-27.949499	1.364222	-0.575649	-28.109596	-0.035129	-2.070665	-28.141443	0.976620	-1.210287	-28.150378	0.971818	-1.259066	-27.874555	0.979095	-1.074670	-27.825121	0.965875	-1.117540	-28.170662	0.431095	-1.260322	-27.822758	0.463717	-1.043905	-28.168161	-0.012557	-1.184534	-28.156624	-0.055398	-1.281533	-27.866940	-0.031229	-1.072847	-27.829463	-0.076663	-1.135906
3735	51.878121	00:00:51:63	-27.974410	1.664856	-1.253032	-27.981095	1.667601	-1.072612	-28.077994	1.652766	-1.152088	-28.001513	1.563953	-1.179754	-28.002301	1.514673	-1.149991	-28.149836	1.571295	-1.260619	-27.835720	1.549830	-1.113206	-28.039179	1.449730	-0.905879	-27.979791	0.753969	-1.613045	-27.968008	1.385903	-0.547574	-28.131477	-0.069607	-2.061246	-27.936573	1.352661	-0.604162	-28.094050	-0.038974	-2.091884	-27.949802	1.378562	-0.553294	-28.091356	-0.073155	-2.045272	-28.193128	0.960045	-1.255350	-28.129211	0.967401	-1.295364	-27.851279	0.991546	-1.079515	-27.799206	0.960467	-1.136190	-28.137302	0.439294	-1.260692	-27.832292	0.472043	-1.084235	-28.200533	-0.056212	-1.173952	-28.120482	-0.050544	-1.258704	-27.864499	-0.078801	-1.034502	-27.814324	-0.039051	-1.100682
3736	51.892015	00:00:51:64	-27.983538	1.656315	-1.240762	-27.960460	1.636408	-1.095550	-28.075936	1.644841	-1.164857	-27.995763	1.511629	-1.172367	-28.023769	1.507143	-1.126806	-28.125253	1.556996	-1.259169	-27.845018	1.510774	-1.118245	-28.059313	1.476315	-0.910150	-27.967083	0.738161	-1.611936	-27.924228	1.375996	-0.599617	-28.036795	-0.043186	-2.070933	-27.955143	1.381019	-0.557711	-28.088829	-0.031451	-2.066597	-27.965404	1.393296	-0.553725	-28.050087	-0.040526	-2.053533	-28.150183	0.947463	-1.200226	-28.171701	0.975582	-1.277484	-27.820847	0.987897	-1.043823	-27.851190	0.945185	-1.093534	-28.127399	0.460924	-1.239664	-27.827755	0.478069	-1.061879	-28.179217	-0.085908	-1.229189	-28.162129	-0.052936	-1.216608	-27.852454	-0.060895	-1.058158	-27.844488	-0.055232	-1.089695
3737	51.905908	00:00:51:65	-27.950521	1.616087	-1.241836	-27.965883	1.666728	-1.113066	-28.080152	1.663505	-1.152344	-28.000727	1.536730	-1.212435	-28.052704	1.577046	-1.155790	-28.139480	1.571342	-1.262903	-27.838260	1.545046	-1.100349	-28.037448	1.483823	-0.925347	-27.985265	0.735373	-1.600648	-27.967895	1.379022	-0.583007	-28.077272	0.019195	-2.087088	-27.943972	1.377931	-0.552763	-28.071043	-0.063562	-2.060727	-27.977422	1.394957	-0.556592	-28.063902	-0.030491	-2.027249	-28.155638	0.978538	-1.219798	-28.154016	0.961196	-1.256421	-27.862985	0.989733	-1.078337	-27.848824	0.973768	-1.094682	-28.184464	0.451420	-1.231531	-27.862865	0.448275	-1.115198	-28.144924	-0.056406	-1.196403	-28.148572	-0.045933	-1.260880	-27.842986	-0.035378	-1.048071	-27.847088	-0.098727	-1.079546
3738	51.919802	00:00:51:66	-27.979018	1.636821	-1.248293	-27.962779	1.646665	-1.110756	-28.077054	1.643021	-1.156070	-27.984038	1.547072	-1.212385	-28.062136	1.535442	-1.154338	-28.122337	1.513719	-1.233413	-27.874941	1.523286	-1.148825	-28.065445	1.499976	-0.912341	-27.992499	0.763057	-1.574843	-27.943933	1.377357	-0.561632	-28.123635	-0.056357	-2.014495	-27.961977	1.402913	-0.589588	-28.110619	-0.038364	-2.080269	-27.953529	1.383532	-0.585154	-28.057235	-0.040829	-2.067010	-28.193104	0.954521	-1.236539	-28.172881	0.994127	-1.298582	-27.829816	0.929497	-1.081901	-27.819254	0.951207	-1.083007	-28.143184	0.445797	-1.255368	-27.837069	0.437061	-1.085671	-28.185645	-0.062981	-1.231062	-28.136557	-0.049013	-1.262719	-27.883621	-0.045840	-1.036611	-27.810289	-0.061569	-1.089104
3739	51.933695	00:00:51:67	-27.968736	1.654206	-1.267848	-27.962181	1.669731	-1.094924	-28.052353	1.679937	-1.155797	-28.001748	1.527414	-1.199183	-28.047517	1.536374	-1.137190	-28.130232	1.526605	-1.252604	-27.852675	1.504401	-1.104796	-28.051108	1.469931	-0.931993	-27.986219	0.764278	-1.586935	-27.936492	1.409227	-0.579395	-28.128017	-0.046739	-2.066719	-27.956291	1.390461	-0.570461	-28.080044	-0.053683	-2.067900	-27.982363	1.383974	-0.572078	-28.113261	-0.060878	-2.078510	-28.153050	0.979258	-1.235906	-28.146025	0.980631	-1.290239	-27.877882	0.977217	-1.067910	-27.817906	0.949811	-1.112757	-28.169571	0.462206	-1.232592	-27.844928	0.455320	-1.103051	-28.187336	-0.052189	-1.200076	-28.175103	-0.051589	-1.242053	-27.823555	-0.041890	-1.013377	-27.829189	-0.068909	-1.114643
3740	51.947589	00:00:51:68	-27.935606	1.620721	-1.254157	-28.025996	1.638361	-1.113485	-28.051191	1.652378	-1.142136	-28.015251	1.573944	-1.169412	-28.011506	1.548069	-1.143397	-28.137032	1.520486	-1.237796	-27.876167	1.534349	-1.114884	-28.079880	1.457422	-0.925281	-27.958793	0.755469	-1.627233	-27.952212	1.377304	-0.573432	-28.062439	-0.049615	-2.058730	-27.962294	1.391959	-0.596882	-28.085818	-0.051999	-2.075598	-27.974136	1.394713	-0.553683	-28.104470	-0.056107	-2.063118	-28.176723	0.970723	-1.215191	-28.146380	0.997980	-1.278853	-27.856308	0.958816	-1.067806	-27.830215	0.954457	-1.107531	-28.150220	0.470316	-1.249505	-27.824502	0.458038	-1.089200	-28.173953	-0.041561	-1.188535	-28.143693	-0.061575	-1.258361	-27.880329	-0.036826	-1.061766	-27.838241	-0.039786	-1.104292
3741	51.961482	00:00:51:69	-27.979273	1.660532	-1.277183	-27.947505	1.661536	-1.093066	-28.082346	1.673066	-1.151333	-27.999535	1.534206	-1.186430	-28.004210	1.566829	-1.079088	-28.142727	1.552431	-1.239279	-27.873368	1.539698	-1.138231	-28.038593	1.474846	-0.939129	-28.004681	0.763366	-1.572315	-27.981790	1.387479	-0.566471	-28.099756	-0.063991	-2.076727	-27.967109	1.377969	-0.570792	-28.072469	-0.030972	-2.052010	-27.959810	1.389220	-0.514657	-28.120921	-0.058201	-2.042219	-28.170270	0.953708	-1.240562	-28.163991	0.947846	-1.295404	-27.846657	0.975086	-1.066420	-27.831911	0.973292	-1.140388	-28.178884	0.458518	-1.253024	-27.839184	0.474186	-1.073306	-28.183405	-0.073265	-1.203069	-28.117699	-0.072328	-1.243828	-27.866708	-0.064201	-1.066990	-27.855893	-0.081453	-1.092554
3742	51.975376	00:00:51:70	-27.993728	1.676170	-1.195913	-27.983267	1.641561	-1.106533	-28.072562	1.667870	-1.135463	-27.982987	1.565215	-1.196173	-28.018863	1.539603	-1.162568	-28.097146	1.545783	-1.280314	-27.862254	1.584947	-1.100087	-28.030900	1.461420	-0.911390	-27.955472	0.736899	-1.602091	-27.924055	1.386860	-0.558768	-28.109894	-0.056369	-2.030316	-28.018608	1.378521	-0.581985	-28.088523	-0.046370	-2.086235	-27.945229	1.381660	-0.558444	-28.096733	-0.055952	-2.045626	-28.200430	0.994731	-1.238858	-28.143944	0.963215	-1.300281	-27.868809	0.973862	-1.074235	-27.833802	0.968040	-1.106174	-28.130127	0.460604	-1.209893	-27.830880	0.446782	-1.097080	-28.186737	-0.068056	-1.195347	-28.118755	-0.037053	-1.266904	-27.846243	-0.044945	-1.056332	-27.822540	-0.033207	-1.123000
3743	51.989269	00:00:51:71	-27.967883	1.634340	-1.241121	-27.983312	1.648925	-1.103423	-28.065545	1.666673	-1.107916	-28.012268	1.559780	-1.169767	-28.021436	1.533081	-1.150141	-28.142088	1.530831	-1.252321	-27.887061	1.509020	-1.122703	-28.054549	1.459961	-0.924118	-27.993426	0.744351	-1.600839	-27.941338	1.389507	-0.554074	-28.111467	-0.057315	-2.079200	-27.965410	1.370021	-0.587395	-28.100811	-0.053611	-2.081603	-27.946275	1.395213	-0.604919	-28.057466	-0.053992	-2.071369	-28.147375	0.984755	-1.185359	-28.143716	0.958001	-1.265107	-27.845124	0.967908	-1.082886	-27.783173	0.953926	-1.166209	-28.150741	0.464296	-1.224031	-27.858050	0.461336	-1.098377	-28.160260	-0.059770	-1.201671	-28.159142	-0.046204	-1.248175	-27.837570	-0.064330	-1.019932	-27.835440	-0.064904	-1.086125
3744	52.003162	00:00:52:00	-27.953022	1.674473	-1.232417	-27.982166	1.666579	-1.098500	-28.091994	1.631875	-1.112816	-27.983975	1.523536	-1.195393	-28.007314	1.548084	-1.141372	-28.121126	1.501747	-1.264849	-27.875772	1.572790	-1.145769	-28.025123	1.451486	-0.908972	-27.942720	0.774489	-1.608221	-27.957148	1.381653	-0.602316	-28.066212	-0.057671	-2.089620	-27.961990	1.368169	-0.567066	-28.108223	-0.039079	-2.076580	-27.966240	1.410449	-0.593343	-28.089268	-0.074036	-2.064846	-28.158912	0.947283	-1.255279	-28.109201	0.948847	-1.285855	-27.888225	0.973883	-1.081476	-27.817174	0.937501	-1.135299	-28.122853	0.452694	-1.234241	-27.853604	0.466312	-1.083987	-28.172376	-0.019334	-1.188281	-28.127612	-0.058106	-1.259475	-27.858071	-0.051246	-1.026499	-27.837447	-0.061826	-1.079267
3745	52.017056	00:00:52:01	-27.975733	1.649850	-1.274081	-27.969584	1.679056	-1.100736	-28.068780	1.605828	-1.147385	-27.985422	1.536140	-1.159783	-28.023744	1.518337	-1.148642	-28.105287	1.536657	-1.238229	-27.836295	1.502675	-1.133831	-28.051961	1.484048	-0.930074	-27.951497	0.734060	-1.606787	-27.962965	1.364716	-0.574715	-28.096470	-0.027877	-2.055434	-27.949617	1.369036	-0.603640	-28.083070	-0.065939	-2.040806	-27.955212	1.378274	-0.585151	-28.069889	-0.037249	-2.074823	-28.174116	0.943783	-1.210637	-28.139957	0.967566	-1.310180	-27.833313	0.953666	-1.069431	-27.846844	0.982011	-1.119811	-28.139652	0.469394	-1.206082	-27.863583	0.487012	-1.084365	-28.186155	-0.047901	-1.171943	-28.157712	-0.073340	-1.273780	-27.863256	-0.010291	-1.044394	-27.840903	-0.049713	-1.094631
3746	52.030949	00:00:52:02	-27.991715	1.650765	-1.229086	-27.962782	1.670535	-1.068653	-28.066976	1.652502	-1.141299	-28.008488	1.570592	-1.191521	-28.024830	1.564318	-1.153521	-28.132203	1.541928	-1.257921	-27.858567	1.549246	-1.113517	-28.058346	1.467779	-0.919146	-27.982550	0.753320	-1.572281	-27.967435	1.435435	-0.569552	-28.078987	-0.039924	-2.040455	-27.982658	1.346922	-0.552812	-28.092542	-0.037878	-2.067369	-27.962940	1.381406	-0.564868	-28.109106	-0.033691	-2.070895	-28.160963	0.968676	-1.237478	-28.135340	0.990459	-1.272334	-27.881903	0.975042	-1.052025	-27.813709	0.964896	-1.131375	-28.165482	0.456552	-1.260797	-27.865068	0.456033	-1.090862	-28.133091	-0.042442	-1.214662	-28.131848	-0.044904	-1.250221	-27.873880	-0.053026	-1.046247	-27.825440	-0.044680	-1.097644
3747	52.044843	00:00:52:03	-27.928817	1.638369	-1.235966	-27.940791	1.666598	-1.098843	-28.087027	1.666773	-1.168319	-27.950232	1.526815	-1.177228	-27.992453	1.561255	-1.143006	-28.111020	1.548269	-1.271962	-27.846935	1.558729	-1.139952	-28.053063	1.436711	-0.885621	-27.970826	0.751473	-1.589975	-27.946536	1.371309	-0.586610	-28.098614	-0.025311	-2.073589	-27.942963	1.336634	-0.592343	-28.107983	-0.015099	-2.060185	-27.961415	1.406701	-0.535969	-28.089484	-0.036312	-2.046701	-28.179564	0.977134	-1.235187	-28.138461	0.944611	-1.288338	-27.842271	0.964043	-1.098187	-27.842834	0.994183	-1.119460	-28.149602	0.438896	-1.239580	-27.832974	0.454283	-1.114730	-28.192863	-0.057144	-1.196372	-28.171175	-0.078771	-1.259209	-27.843070	-0.054667	-1.034093	-27.811762	-0.042107	-1.106533
3748	52.058736	00:00:52:04	-27.948102	1.655504	-1.265510	-27.993155	1.654431	-1.099970	-28.077432	1.682538	-1.148852	-27.997209	1.541792	-1.187280	-28.022881	1.568867	-1.113233	-28.119434	1.525619	-1.234062	-27.831426	1.544084	-1.098474	-28.008024	1.490437	-0.932601	-27.960564	0.737371	-1.603268	-28.002006	1.345336	-0.578841	-28.133275	-0.051706	-2.059910	-27.942846	1.367403	-0.584890	-28.077805	-0.049498	-2.042250	-27.939740	1.408183	-0.579489	-28.086900	-0.040737	-2.080133	-28.151069	0.971458	-1.233504	-28.159165	0.941701	-1.236191	-27.854048	0.987702	-1.065024	-27.814994	0.970696	-1.115377	-28.171752	0.458226	-1.229061	-27.812741	0.447131	-1.087275	-28.188722	-0.068369	-1.206846	-28.172589	-0.045164	-1.271574	-27.818123	-0.047741	-1.053412	-27.794651	-0.063605	-1.126569
3749	52.072630	00:00:52:05	-27.964927	1.665540	-1.167201	-27.976683	1.658999	-1.099504	-28.089579	1.630788	-1.133688	-27.979518	1.534765	-1.156007	-27.981318	1.515048	-1.160450	-28.104971	1.579519	-1.242341	-27.881386	1.527650	-1.085294	-28.036989	1.424232	-0.910519	-27.950761	0.760851	-1.580217	-27.972704	1.381858	-0.575785	-28.117789	-0.026983	-2.053203	-27.974408	1.374423	-0.590992	-28.099446	-0.018227	-2.071713	-27.941196	1.394745	-0.574056	-28.097916	-0.023725	-2.053159	-28.168179	0.986330	-1.233072	-28.163846	0.927357	-1.278529	-27.870218	0.984183	-1.038901	-27.844615	0.962109	-1.117104	-28.178486	0.438235	-1.233269	-27.849083	0.430549	-1.084312	-28.154877	-0.041809	-1.224174	-28.153101	-0.071001	-1.239261	-27.807772	-0.066770	-1.034104	-27.847534	-0.044898	-1.095414
3750	52.086523	00:00:52:06	-27.987078	1.647459	-1.243770	-27.957208	1.695067	-1.109743	-28.076401	1.660880	-1.165881	-28.000442	1.582933	-1.172964	-28.009718	1.563598	-1.172283	-28.118671	1.517093	-1.249514	-27.893404	1.551301	-1.135007	-28.037321	1.528016	-0.915577	-27.968527	0.763538	-1.572794	-27.970819	1.354310	-0.557045	-28.056121	-0.046229	-2.092162	-27.971526	1.393147	-0.630567	-28.059652	-0.053072	-2.111642	-27.969583	1.392394	-0.576508	-28.093566	-0.020583	-2.070520	-28.168296	0.934347	-1.244604	-28.145823	0.964210	-1.254659	-27.867277	0.981907	-1.051025	-27.803139	0.952232	-1.124917	-28.150685	0.441058	-1.219073	-27.848453	0.506676	-1.066565	-28.148097	-0.070481	-1.167761	-28.136467	-0.058575	-1.266060	-27.820881	-0.077779	-1.026000	-27.832124	-0.087636	-1.093336
3751	52.100417	00:00:52:07	-27.990371	1.679418	-1.204047	-27.960327	1.667100	-1.076111	-28.073665	1.650014	-1.160699	-28.014326	1.560962	-1.179999	-28.024657	1.552904	-1.136283	-28.123900	1.533316	-1.258983	-27.870925	1.537076	-1.105274	-28.033829	1.467222	-0.914970	-27.977679	0.717675	-1.571503	-27.967018	1.389413	-0.564212	-28.119525	-0.045125	-2.070373	-27.958876	1.367337	-0.576849	-28.087354	-0.056383	-2.071480	-27.987668	1.402323	-0.594087	-28.079954	-0.053989	-2.075434	-28.174298	0.993346	-1.203445	-28.172791	0.945868	-1.272660	-27.862847	0.987181	-1.025131	-27.841256	0.958415	-1.132445	-28.176597	0.461744	-1.274089	-27.835250	0.460326	-1.066642	-28.181067	-0.045041	-1.206800	-28.147046	-0.071594	-1.292159	-27.849271	-0.093384	-1.031199	-27.821001	-0.070556	-1.085556
3752	52.114310	00:00:52:08	-27.978586	1.686099	-1.249479	-27.965887	1.647761	-1.056769	-28.068117	1.679551	-1.162944	-27.972033	1.547378	-1.146212	-27.998034	1.559664	-1.141054	-28.125534	1.552870	-1.254943	-27.862613	1.503133	-1.106725	-28.005524	1.469337	-0.914041	-27.991876	0.760361	-1.548816	-27.967124	1.396803	-0.589038	-28.104844	-0.032428	-2.044011	-27.962139	1.368576	-0.549374	-28.077310	-0.062944	-2.046806	-27.945549	1.378293	-0.572930	-28.078898	-0.041083	-2.074371	-28.167909	0.949607	-1.227477	-28.150005	0.973243	-1.266165	-27.866808	0.953581	-1.055529	-27.824744	0.936674	-1.085222	-28.122078	0.478055	-1.228612	-27.836480	0.445466	-1.069391	-28.195318	-0.049905	-1.212493	-28.151308	-0.046507	-1.302109	-27.864870	-0.057507	-1.042104	-27.831116	-0.063172	-1.084612
3753	52.128203	00:00:52:09	-27.976584	1.645647	-1.241307	-27.978123	1.641935	-1.084134	-28.082475	1.655623	-1.135712	-28.002296	1.547084	-1.156736	-28.006773	1.517926	-1.145455	-28.114655	1.517265	-1.259729	-27.877744	1.507434	-1.107675	-28.028209	1.479489	-0.905620	-27.951218	0.743622	-1.583864	-27.949044	1.358789	-0.585099	-28.108292	-0.035670	-2.048293	-27.969966	1.358793	-0.596378	-28.085491	-0.061574	-2.031809	-27.941612	1.367638	-0.549922	-28.101500	-0.059040	-2.087846	-28.180469	0.963574	-1.220683	-28.142736	0.958523	-1.270269	-27.877395	0.957700	-1.060289	-27.804557	1.009244	-1.120266	-28.149648	0.434327	-1.263186	-27.825952	0.459197	-1.075906	-28.209120	-0.050400	-1.201171	-28.174081	-0.043163	-1.257670	-27.865150	-0.072580	-1.052303	-27.863345	-0.074392	-1.117814
3754	52.142097	00:00:52:10	-27.962746	1.656193	-1.236093	-27.974621	1.666770	-1.121718	-28.034772	1.645725	-1.155940	-28.014805	1.554431	-1.195987	-28.030876	1.561686	-1.162146	-28.110744	1.496417	-1.244920	-27.885368	1.539475	-1.103280	-28.025620	1.465898	-0.887344	-27.992910	0.752518	-1.598278	-27.976182	1.374065	-0.566737	-28.113042	-0.063785	-2.086644	-27.966860	1.357539	-0.612980	-28.083402	-0.022507	-2.077915	-27.923842	1.391989	-0.589296	-28.092467	-0.018168	-2.044938	-28.187543	0.977147	-1.231468	-28.178841	0.956915	-1.273556	-27.870619	0.948463	-1.050865	-27.841828	0.962525	-1.105467	-28.144628	0.433726	-1.255963	-27.827205	0.461402	-1.086918	-28.193705	-0.059868	-1.196416	-28.135920	-0.049773	-1.279787	-27.859991	-0.054997	-1.049741	-27.797302	-0.042181	-1.081831
3755	52.155990	00:00:52:11	-27.966240	1.674675	-1.249332	-27.949771	1.629224	-1.082842	-28.056362	1.658756	-1.170279	-27.957672	1.540500	-1.193151	-28.023499	1.562426	-1.128073	-28.098078	1.556811	-1.221054	-27.859692	1.520111	-1.146387	-28.043607	1.484519	-0.934868	-28.003623	0.744786	-1.608481	-27.989827	1.392680	-0.577525	-28.096912	-0.036829	-2.041567	-27.987027	1.368987	-0.579637	-28.060411	-0.082582	-2.056101	-27.953645	1.380503	-0.551645	-28.116924	-0.064460	-2.038746	-28.183227	0.957405	-1.224909	-28.124547	0.943127	-1.275685	-27.855679	0.961629	-1.046369	-27.839700	0.934831	-1.120177	-28.199522	0.481657	-1.249556	-27.851631	0.450300	-1.077006	-28.211767	-0.069164	-1.205021	-28.121794	-0.038834	-1.249308	-27.873868	-0.054249	-1.029619	-27.835733	-0.061999	-1.096639
3756	52.169884	00:00:52:12	-27.980398	1.660150	-1.225008	-27.994465	1.649923	-1.089901	-28.089785	1.659313	-1.148208	-28.002043	1.554066	-1.170085	-27.999085	1.508990	-1.151511	-28.135871	1.569734	-1.257117	-27.846028	1.564949	-1.114584	-28.039597	1.437847	-0.925349	-27.938584	0.729801	-1.585580	-27.956042	1.395479	-0.573517	-28.083735	-0.067797	-2.049908	-27.941625	1.371177	-0.588752	-28.059246	-0.026707	-2.070862	-27.948886	1.371928	-0.566943	-28.081316	-0.087647	-2.084918	-28.143776	0.961713	-1.218039	-28.150096	0.977172	-1.288471	-27.830609	0.948950	-1.055143	-27.833657	0.948740	-1.111595	-28.153218	0.446370	-1.221069	-27.855063	0.469609	-1.050295	-28.175403	-0.077945	-1.199992	-28.161035	-0.061330	-1.258109	-27.889208	-0.045559	-1.042330	-27.827085	-0.040264	-1.120074
3757	52.183777	00:00:52:13	-27.973070	1.679496	-1.240209	-27.959674	1.642327	-1.096288	-28.063130	1.621070	-1.124187	-27.994171	1.525832	-1.190188	-28.003430	1.566957	-1.146477	-28.137858	1.528437	-1.275129	-27.881913	1.540246	-1.108454	-28.047802	1.461269	-0.934197	-27.968478	0.776128	-1.584016	-27.975982	1.396963	-0.580465	-28.118792	-0.037261	-2.052541	-27.954345	1.371215	-0.579780	-28.052257	-0.022151	-2.082962	-27.975515	1.396149	-0.561142	-28.089173	-0.030706	-2.072551	-28.192232	0.984164	-1.211763	-28.155507	0.946793	-1.262360	-27.848504	0.962489	-1.055359	-27.830944	0.953088	-1.141394	-28.179421	0.465551	-1.220632	-27.836983	0.470886	-1.056248	-28.187500	-0.026616	-1.222322	-28.140827	-0.043999	-1.251485	-27.846273	0.000680	-1.013226	-27.826762	-0.037823	-1.076818
3758	52.197671	00:00:52:14	-27.978954	1.667087	-1.195820	-27.980875	1.640488	-1.094246	-28.047150	1.666700	-1.129900	-27.975171	1.529007	-1.179409	-27.998436	1.541339	-1.135981	-28.154985	1.544022	-1.226180	-27.846770	1.553298	-1.114000	-28.047898	1.423852	-0.883190	-27.983268	0.712193	-1.604679	-27.992877	1.376820	-0.576616	-28.085799	-0.067062	-2.058803	-27.953263	1.406844	-0.576990	-28.085508	-0.034151	-2.083731	-27.961221	1.387871	-0.589255	-28.082278	-0.064522	-2.068801	-28.159844	0.937440	-1.221321	-28.172606	0.967373	-1.287846	-27.814974	0.980661	-1.046750	-27.806672	0.940229	-1.136628	-28.145254	0.441361	-1.209607	-27.835700	0.460948	-1.048543	-28.186476	-0.038772	-1.203365	-28.166908	-0.042112	-1.275312	-27.837082	-0.063498	-1.049464	-27.825818	-0.063095	-1.082542
3759	52.211564	00:00:52:15	-27.986934	1.628289	-1.211441	-27.960413	1.662072	-1.109983	-28.080695	1.663213	-1.200611	-27.996194	1.520263	-1.171514	-28.021870	1.576962	-1.181643	-28.166419	1.557765	-1.254809	-27.875362	1.511927	-1.087066	-28.047116	1.457070	-0.938731	-27.973309	0.765637	-1.589053	-27.991394	1.384955	-0.580818	-28.080588	-0.036588	-2.064745	-27.941340	1.370033	-0.565987	-28.084065	-0.066082	-2.048789	-27.964985	1.389813	-0.575464	-28.133145	-0.036209	-2.035739	-28.158635	0.996125	-1.234016	-28.174330	1.001156	-1.282279	-27.839237	0.998332	-1.069071	-27.808272	0.965916	-1.107178	-28.185236	0.429749	-1.243201	-27.871643	0.465380	-1.051830	-28.142541	-0.062023	-1.169720	-28.147050	-0.055744	-1.239151	-27.855381	-0.062102	-1.034746	-27.832774	-0.053371	-1.094223
3760	52.225458	00:00:52:16	-27.984272	1.628771	-1.221224	-27.989228	1.677769	-1.084389	-28.096994	1.646154	-1.162646	-28.006961	1.554981	-1.181183	-27.992866	1.563514	-1.155877	-28.134881	1.562353	-1.257390	-27.855901	1.531768	-1.117441	-28.042941	1.451268	-0.907925	-27.977032	0.764969	-1.561524	-27.992505	1.385035	-0.571936	-28.079513	-0.063830	-2.077855	-27.957720	1.369775	-0.558103	-28.073603	-0.097547	-2.079630	-27.959738	1.405357	-0.614779	-28.098489	-0.058592	-2.069013	-28.183532	0.960714	-1.255083	-28.177127	0.959958	-1.248255	-27.841706	0.956472	-1.067521	-27.834947	0.931840	-1.107410	-28.189788	0.458281	-1.235257	-27.866997	0.448333	-1.063388	-28.143008	-0.050652	-1.195563	-28.163422	-0.037568	-1.243501	-27.866748	-0.065188	-1.047126	-27.827931	-0.083619	-1.079539
3761	52.239351	00:00:52:17	-27.931025	1.642258	-1.245644	-27.953019	1.675504	-1.071397	-28.040070	1.678932	-1.175152	-27.998696	1.514011	-1.226884	-27.997899	1.554384	-1.147072	-28.081035	1.567192	-1.260989	-27.844061	1.506372	-1.110350	-28.058327	1.462644	-0.915027	-27.967407	0.749684	-1.590853	-27.936573	1.382430	-0.573735	-28.103277	-0.066772	-2.058927	-27.985468	1.350839	-0.597574	-28.103782	-0.038022	-2.096895	-27.949534	1.443625	-0.586827	-28.087799	-0.043224	-2.060872	-28.163430	0.987546	-1.269318	-28.142220	0.981640	-1.286425	-27.842331	0.993748	-1.054862	-27.857744	0.958025	-1.114324	-28.164973	0.438771	-1.230701	-27.848953	0.431726	-1.074107	-28.175262	-0.078345	-1.197588	-28.148377	-0.063174	-1.272157	-27.852108	-0.096561	-1.074968	-27.862672	-0.081374	-1.083717
3762	52.253244	00:00:52:18	-27.961668	1.665921	-1.196133	-27.972160	1.662398	-1.089156	-28.060303	1.644887	-1.140315	-27.995658	1.522549	-1.173723	-28.016022	1.515531	-1.166436	-28.154266	1.537706	-1.252998	-27.856008	1.564078	-1.110142	-28.034809	1.453868	-0.913513	-28.003850	0.722103	-1.601200	-27.923182	1.375583	-0.572467	-28.087669	-0.062455	-2.077211	-27.947019	1.377967	-0.575086	-28.106188	-0.051305	-2.050247	-27.942298	1.400274	-0.593873	-28.108324	-0.066665	-2.051350	-28.201963	0.973016	-1.197443	-28.155353	0.959990	-1.275332	-27.862767	0.955110	-1.064759	-27.808822	0.954071	-1.125921	-28.166502	0.451985	-1.257511	-27.850991	0.476677	-1.130146	-28.162730	-0.079060	-1.204873	-28.168751	-0.070141	-1.235977	-27.845766	-0.049686	-1.044941	-27.828568	-0.054632	-1.100263
3763	52.267138	00:00:52:19	-27.983086	1.657416	-1.228007	-27.968735	1.650942	-1.062129	-28.059263	1.667708	-1.141468	-27.995818	1.536023	-1.173275	-28.013941	1.544160	-1.185698	-28.093711	1.551090	-1.272063	-27.884284	1.555673	-1.135701	-28.030710	1.460934	-0.937905	-27.968619	0.729013	-1.581476	-27.958851	1.391055	-0.566754	-28.073902	-0.071744	-2.049737	-27.939588	1.377615	-0.585034	-28.095164	-0.042483	-2.054459	-27.943719	1.337360	-0.581294	-28.097874	-0.032419	-2.056128	-28.179439	1.000816	-1.217506	-28.130537	0.973067	-1.297062	-27.874543	0.980469	-1.089150	-27.822122	0.955695	-1.120352	-28.188879	0.446882	-1.219700	-27.859055	0.472022	-1.076377	-28.148424	-0.046215	-1.182437	-28.143691	-0.089086	-1.270437	-27.851113	-0.089538	-1.053601	-27.855255	-0.059853	-1.101739
3764	52.281031	00:00:52:20	-27.947562	1.682546	-1.222045	-27.971661	1.648946	-1.096879	-28.067528	1.657701	-1.154750	-27.982392	1.527202	-1.174651	-28.018183	1.552958	-1.121253	-28.111584	1.542120	-1.264606	-27.887862	1.525545	-1.121006	-28.066321	1.476844	-0.916235	-27.999926	0.714787	-1.580326	-27.943519	1.394808	-0.580887	-28.098532	-0.057635	-2.082709	-27.959336	1.387877	-0.578912	-28.109085	-0.044386	-2.066402	-27.933991	1.391663	-0.567088	-28.113463	-0.043866	-2.071709	-28.160024	0.920796	-1.256200	-28.146313	0.972971	-1.255409	-27.831970	0.969661	-1.063378	-27.827398	0.940361	-1.088388	-28.162441	0.454771	-1.203260	-27.798354	0.460647	-1.078183	-28.153754	-0.058022	-1.193625	-28.146098	-0.034636	-1.266145	-27.862196	-0.048553	-1.011310	-27.864230	-0.082378	-1.084039
3765	52.294925	00:00:52:21	-27.967194	1.640268	-1.221154	-28.011418	1.654838	-1.086407	-28.089818	1.651078	-1.159783	-28.011610	1.549543	-1.166727	-28.007545	1.577603	-1.135101	-28.142404	1.538373	-1.258551	-27.856891	1.515306	-1.139613	-28.028295	1.448803	-0.928716	-27.986233	0.731609	-1.599613	-27.985347	1.391922	-0.554295	-28.116669	-0.060459	-2.039677	-27.943237	1.362760	-0.586242	-28.076557	-0.041105	-2.067263	-27.968857	1.380949	-0.595066	-28.116706	-0.046460	-2.065361	-28.171550	0.981335	-1.216426	-28.138375	0.947502	-1.272860	-27.869174	0.997677	-1.033211	-27.847710	0.949509	-1.114755	-28.169865	0.465044	-1.247810	-27.865536	0.452108	-1.086730	-28.186844	-0.025069	-1.211053	-28.158759	-0.055936	-1.264354	-27.873616	-0.030851	-1.038933	-27.806319	-0.097696	-1.092161
3766	52.308818	00:00:52:22	-28.002339	1.659678	-1.222634	-27.961595	1.661480	-1.077425	-28.065278	1.612954	-1.151629	-28.001143	1.508021	-1.195316	-28.028346	1.527556	-1.150732	-28.125241	1.546191	-1.254836	-27.842890	1.565582	-1.086915	-28.044188	1.436195	-0.937949	-27.958083	0.744073	-1.562871	-27.978581	1.364634	-0.571720	-28.077148	-0.060219	-2.085006	-27.963669	1.405308	-0.554333	-28.131219	-0.059997	-2.093417	-27.942162	1.395669	-0.550829	-28.067992	-0.055109	-2.042497	-28.159992	0.949178	-1.226789	-28.176095	0.938539	-1.276489	-27.842822	0.976066	-1.073055	-27.824557	0.942751	-1.149954	-28.147222	0.445962	-1.222290	-27.854987	0.453918	-1.069841	-28.176782	-0.061420	-1.195830	-28.151574	-0.043187	-1.309292	-27.872588	-0.033561	-1.055342	-27.828473	-0.076505	-1.109136
3767	52.322712	00:00:52:23	-27.961219	1.608581	-1.227314	-27.996446	1.633519	-1.089035	-28.060690	1.668565	-1.149359	-27.980434	1.530735	-1.175702	-28.025955	1.517288	-1.155958	-28.107805	1.563947	-1.252673	-27.880823	1.566198	-1.122255	-28.045275	1.450172	-0.898886	-27.988863	0.767451	-1.568034	-27.978507	1.381944	-0.572937	-28.090559	-0.070724	-2.053638	-27.965469	1.373560	-0.555604	-28.094023	-0.018096	-2.084056	-27.969524	1.410661	-0.560301	-28.107595	-0.036769	-2.085735	-28.147028	0.961482	-1.196796	-28.148241	0.963546	-1.283454	-27.837650	0.979377	-1.069662	-27.823275	0.985071	-1.120175	-28.175150	0.443364	-1.253611	-27.870498	0.438645	-1.072805	-28.175564	-0.065272	-1.201640	-28.147087	-0.056088	-1.258281	-27.856896	-0.058635	-1.039586	-27.827416	-0.050355	-1.093425
3768	52.336605	00:00:52:24	-27.960909	1.643909	-1.240586	-27.991485	1.634951	-1.105812	-28.102133	1.628776	-1.172643	-28.027002	1.551896	-1.176607	-28.032539	1.581204	-1.125182	-28.161922	1.542426	-1.276659	-27.851376	1.531105	-1.095486	-28.018306	1.457882	-0.915998	-27.971809	0.744683	-1.611011	-27.971462	1.352374	-0.577578	-28.100163	-0.040389	-2.061168	-27.961475	1.380622	-0.590870	-28.092019	-0.053865	-2.040247	-27.951754	1.394111	-0.575111	-28.084824	-0.012571	-2.071977	-28.164269	0.965055	-1.201469	-28.131380	0.966024	-1.282581	-27.861508	0.964085	-1.077713	-27.815186	0.976274	-1.121386	-28.169407	0.468907	-1.243977	-27.817212	0.460619	-1.056134	-28.183790	-0.070760	-1.221761	-28.165552	-0.059324	-1.260952	-27.875787	-0.052254	-1.045235	-27.830551	-0.045502	-1.087404
3769	52.350499	00:00:52:25	-27.969753	1.656715	-1.247200	-27.967250	1.680839	-1.089351	-28.068066	1.686800	-1.138019	-28.020052	1.559771	-1.150688	-28.006088	1.532505	-1.187829	-28.140165	1.537399	-1.262026	-27.878811	1.549286	-1.117519	-28.042751	1.478828	-0.910418	-27.992194	0.738527	-1.574742	-27.969188	1.378036	-0.579813	-28.112338	-0.047923	-2.050345	-27.959878	1.378282	-0.580548	-28.105739	-0.036238	-2.061651	-28.006478	1.379628	-0.561177	-28.099372	-0.035893	-2.083905	-28.182381	0.937296	-1.159308	-28.128870	0.967681	-1.267092	-27.853882	0.964814	-1.083861	-27.811049	0.978778	-1.118389	-28.180632	0.453528	-1.230498	-27.846336	0.447934	-1.099703	-28.159049	-0.068263	-1.181710	-28.135783	-0.045566	-1.256661	-27.847121	-0.029469	-1.044753	-27.816127	-0.040136	-1.087371
3770	52.364392	00:00:52:26	-27.956317	1.629171	-1.232798	-27.974032	1.637937	-1.081558	-28.084368	1.656572	-1.142752	-27.979063	1.538059	-1.209899	-28.030516	1.541306	-1.151066	-28.132458	1.537342	-1.247271	-27.873626	1.527133	-1.118294	-28.063648	1.426013	-0.886459	-27.967315	0.747808	-1.626653	-27.965385	1.388747	-0.565452	-28.100142	-0.071670	-2.067757	-27.967379	1.370314	-0.602962	-28.102114	-0.039631	-2.053341	-27.970637	1.418808	-0.576802	-28.079125	-0.044521	-2.076643	-28.164050	0.972095	-1.200484	-28.135666	0.978727	-1.268692	-27.825646	0.984326	-1.082472	-27.841543	0.979234	-1.110941	-28.154031	0.461948	-1.225876	-27.829956	0.478238	-1.070779	-28.172495	-0.058264	-1.190030	-28.138701	-0.060541	-1.283115	-27.844323	-0.088568	-1.057049	-27.803725	-0.062077	-1.114872
3771	52.378285	00:00:52:27	-27.975028	1.649697	-1.256449	-27.950007	1.649131	-1.080292	-28.063665	1.682617	-1.174380	-28.002372	1.538625	-1.170225	-28.003711	1.543807	-1.128673	-28.127300	1.555990	-1.282877	-27.878922	1.538757	-1.117093	-28.060212	1.454610	-0.900671	-27.962944	0.742935	-1.585302	-27.968275	1.377747	-0.528151	-28.079632	-0.050137	-2.088039	-27.965899	1.393664	-0.605049	-28.097359	-0.043578	-2.088619	-27.917621	1.363634	-0.573293	-28.111272	-0.039582	-2.036637	-28.150225	0.962533	-1.220045	-28.152395	0.974814	-1.264677	-27.831003	0.975897	-1.042587	-27.839158	0.951381	-1.123681	-28.137451	0.482282	-1.231291	-27.845562	0.441337	-1.105801	-28.202089	-0.043976	-1.203482	-28.159254	-0.064291	-1.244727	-27.839103	-0.038540	-1.007043	-27.844175	-0.068742	-1.103317
3772	52.392179	00:00:52:28	-27.961083	1.631058	-1.237649	-27.987912	1.674988	-1.068987	-28.094995	1.656653	-1.176691	-27.970550	1.524932	-1.184329	-28.008092	1.541146	-1.151452	-28.117932	1.523613	-1.234845	-27.831873	1.541862	-1.119612	-28.045916	1.485411	-0.901660	-27.945623	0.756663	-1.599556	-28.014583	1.420765	-0.568672	-28.109977	-0.038672	-2.087630	-27.965535	1.410303	-0.606013	-28.072513	-0.050879	-2.044173	-27.972784	1.385239	-0.577957	-28.087774	-0.045752	-2.041972	-28.162449	0.974216	-1.213923	-28.131182	0.954996	-1.284048	-27.845406	0.954082	-1.046915	-27.834387	0.967180	-1.120134	-28.153898	0.459414	-1.223778	-27.828208	0.419884	-1.081434	-28.184730	-0.048591	-1.183846	-28.138566	-0.073986	-1.234569	-27.829690	-0.066583	-1.030288	-27.816978	-0.071273	-1.088414
3773	52.406072	00:00:52:29	-27.940222	1.636554	-1.238738	-27.961508	1.649975	-1.089052	-28.071515	1.675316	-1.151649	-27.960918	1.534947	-1.165000	-27.989679	1.546488	-1.150580	-28.136382	1.537990	-1.252737	-27.869108	1.516320	-1.119398	-28.014845	1.475523	-0.896473	-27.997451	0.759586	-1.622764	-27.970010	1.347099	-0.572570	-28.114553	-0.076265	-2.031241	-27.945868	1.378301	-0.563116	-28.102680	-0.067321	-2.072655	-27.926467	1.380474	-0.584451	-28.093833	-0.044569	-2.057019	-28.148135	0.977559	-1.210090	-28.173822	0.975396	-1.302686	-27.847346	0.952001	-1.072434	-27.834211	0.959562	-1.104948	-28.144282	0.450379	-1.254892	-27.827571	0.459363	-1.076979	-28.182407	-0.051692	-1.191284	-28.130497	-0.081151	-1.269687	-27.865348	-0.084925	-1.025684	-27.833567	-0.059857	-1.120075
3774	52.419966	00:00:52:30	-27.963287	1.636714	-1.238904	-27.937234	1.659384	-1.101959	-28.068144	1.646268	-1.150578	-27.969113	1.549420	-1.158559	-28.006978	1.513960	-1.165882	-28.152584	1.545124	-1.257694	-27.849671	1.552575	-1.108160	-28.032564	1.473471	-0.893402	-27.982751	0.725368	-1.629068	-27.983572	1.397499	-0.565990	-28.044139	-0.064935	-2.063359	-27.938412	1.398142	-0.537244	-28.087529	-0.027167	-2.057105	-27.933028	1.382825	-0.571629	-28.063140	-0.058606	-2.046720	-28.174687	0.959550	-1.249983	-28.170488	0.949523	-1.280763	-27.818760	0.948115	-1.073850	-27.814619	0.944586	-1.126242	-28.150632	0.454832	-1.242995	-27.836568	0.469606	-1.061715	-28.170836	-0.053054	-1.237083	-28.134960	-0.066481	-1.244097	-27.864323	-0.097243	-1.059751	-27.841135	-0.071512	-1.089841
3775	52.433859	00:00:52:31	-27.974495	1.661072	-1.206111	-27.980458	1.677043	-1.091154	-28.068892	1.686963	-1.184525	-27.970512	1.564633	-1.189821	-27.999946	1.545942	-1.150185	-28.156669	1.532953	-1.244758	-27.849961	1.534396	-1.139051	-28.041599	1.465260	-0.930875	-27.988731	0.736323	-1.578986	-27.977023	1.350578	-0.555450	-28.107624	-0.019426	-2.032734	-27.958202	1.383504	-0.582294	-28.098796	-0.006137	-2.096113	-27.961336	1.410572	-0.552463	-28.106434	-0.053507	-2.025338	-28.162455	0.948620	-1.231371	-28.157659	0.954935	-1.247243	-27.892011	0.939314	-1.043059	-27.825918	0.946259	-1.119487	-28.183328	0.445681	-1.226745	-27.828093	0.464966	-1.076398	-28.192204	-0.045349	-1.222298	-28.193620	-0.050762	-1.252706	-27.855024	-0.072542	-1.031081	-27.822908	-0.064208	-1.105547
3776	52.447753	00:00:52:32	-27.961297	1.644067	-1.234977	-27.959340	1.686648	-1.072863	-28.110887	1.645490	-1.140657	-27.983695	1.524565	-1.179503	-28.003232	1.533646	-1.158483	-28.163168	1.568578	-1.263420	-27.880041	1.522665	-1.105527	-28.037668	1.485280	-0.903463	-27.977638	0.754506	-1.597924	-27.961163	1.362448	-0.582460	-28.114441	-0.018084	-2.051748	-28.004277	1.399663	-0.589399	-28.066108	-0.026286	-2.069404	-27.956659	1.380887	-0.573034	-28.089143	-0.040047	-2.046542	-28.208611	0.964310	-1.212341	-28.164403	0.976498	-1.253324	-27.886633	0.974609	-1.080141	-27.817665	0.932148	-1.113596	-28.169250	0.445715	-1.231870	-27.856687	0.434984	-1.054447	-28.157796	-0.061249	-1.174486	-28.151514	-0.050629	-1.227611	-27.850626	-0.092420	-1.029943	-27.840339	-0.072776	-1.106979
3777	52.461646	00:00:52:33	-27.977165	1.664261	-1.200697	-27.986302	1.620171	-1.075529	-28.063234	1.643288	-1.180090	-28.009299	1.536703	-1.185139	-28.015117	1.551737	-1.152658	-28.136139	1.548829	-1.267168	-27.870746	1.549859	-1.097593	-28.047674	1.446667	-0.927245	-27.990262	0.764275	-1.585776	-27.993097	1.409524	-0.610120	-28.111608	0.002702	-2.033257	-27.959469	1.365896	-0.559115	-28.098818	-0.065819	-2.097280	-27.937739	1.374177	-0.585176	-28.082275	-0.044608	-2.063187	-28.171710	0.991692	-1.226896	-28.150804	0.944900	-1.254089	-27.862552	0.938503	-1.084060	-27.828597	0.923189	-1.122898	-28.141100	0.478973	-1.233162	-27.816450	0.442557	-1.088921	-28.162927	-0.031726	-1.171788	-28.146270	-0.028871	-1.259899	-27.865371	-0.038583	-1.063830	-27.802278	-0.039063	-1.110071
3778	52.475540	00:00:52:34	-27.970447	1.666956	-1.245991	-27.975042	1.634264	-1.102923	-28.076071	1.669505	-1.136923	-27.993421	1.537947	-1.213443	-28.015894	1.550486	-1.163898	-28.110786	1.531348	-1.273754	-27.893328	1.547522	-1.103035	-28.075099	1.479342	-0.928767	-27.968344	0.763976	-1.602975	-27.977172	1.393128	-0.597201	-28.074887	-0.055547	-2.078724	-27.971954	1.380375	-0.590237	-28.078037	-0.083545	-2.074145	-27.959825	1.403903	-0.574176	-28.095401	-0.044869	-2.089707	-28.190674	0.965697	-1.255155	-28.137962	0.991433	-1.264063	-27.881712	0.957684	-1.056747	-27.836510	0.950224	-1.081041	-28.206531	0.448636	-1.231293	-27.835943	0.464575	-1.080216	-28.148330	-0.074530	-1.202730	-28.126408	-0.086883	-1.240798	-27.871760	-0.046728	-1.021330	-27.826374	-0.066430	-1.110143
3779	52.489433	00:00:52:35	-27.982663	1.644150	-1.215514	-27.948331	1.667654	-1.100723	-28.101616	1.637813	-1.166283	-27.997135	1.554423	-1.169753	-27.997960	1.549598	-1.140052	-28.112788	1.536860	-1.237439	-27.868047	1.532837	-1.100084	-28.054752	1.449394	-0.926426	-27.997396	0.743885	-1.552079	-27.957529	1.398850	-0.572818	-28.111829	-0.046808	-2.062236	-27.939391	1.425975	-0.575272	-28.099534	-0.035660	-2.023498	-27.989525	1.394704	-0.570171	-28.049765	-0.045203	-2.059631	-28.184858	0.985953	-1.219629	-28.149981	0.981608	-1.275114	-27.859648	0.981409	-1.039586	-27.842089	0.982380	-1.150669	-28.144279	0.427836	-1.246419	-27.898968	0.445692	-1.079912	-28.195045	-0.066469	-1.226821	-28.139476	-0.031996	-1.276006	-27.855925	-0.054558	-1.051369	-27.786417	-0.042545	-1.113443
3780	52.503326	00:00:52:36	-28.018261	1.648003	-1.186388	-27.956997	1.640765	-1.101787	-28.100599	1.657990	-1.173886	-28.044223	1.518844	-1.216962	-27.985277	1.567938	-1.154144	-28.115536	1.548808	-1.267378	-27.867968	1.544650	-1.109530	-28.046315	1.451229	-0.886351	-27.946067	0.765257	-1.571993	-27.955416	1.413913	-0.575182	-28.116982	-0.069136	-2.060170	-27.968685	1.400953	-0.561214	-28.085868	-0.058444	-2.055101	-27.985008	1.349329	-0.603410	-28.094107	-0.037492	-2.039728	-28.193638	0.960008	-1.209833	-28.163215	0.984761	-1.245570	-27.878384	0.983261	-1.058150	-27.798781	0.956691	-1.090888	-28.186351	0.442316	-1.248741	-27.861128	0.444467	-1.046224	-28.141193	-0.026104	-1.197180	-28.186526	-0.054868	-1.265062	-27.847040	-0.055902	-1.044414	-27.834495	-0.066794	-1.100224
3781	52.517220	00:00:52:37	-27.956052	1.642770	-1.241661	-27.971991	1.637837	-1.117584	-28.046708	1.643912	-1.149100	-28.011370	1.535101	-1.186183	-27.993517	1.546038	-1.141180	-28.126192	1.536392	-1.253334	-27.844923	1.545443	-1.150079	-28.047644	1.487618	-0.929752	-27.992070	0.745163	-1.593359	-27.955692	1.366779	-0.549779	-28.080359	-0.047297	-2.076550	-27.967848	1.397499	-0.572395	-28.094312	-0.045532	-2.094767	-27.972536	1.395434	-0.575137	-28.104196	-0.029172	-2.044767	-28.165860	0.957585	-1.212304	-28.111057	0.933670	-1.259701	-27.857372	0.974327	-1.100963	-27.858256	0.957752	-1.130564	-28.138831	0.434665	-1.252297	-27.837709	0.486344	-1.044776	-28.186860	-0.061908	-1.192036	-28.151089	-0.055049	-1.234625	-27.848600	-0.064843	-1.034576	-27.830675	-0.016138	-1.102382
3782	52.531113	00:00:52:38	-27.966311	1.649186	-1.223764	-27.961012	1.635597	-1.126677	-28.082621	1.642047	-1.182617	-28.006848	1.565949	-1.157494	-28.006593	1.549366	-1.151448	-28.125545	1.519420	-1.247807	-27.873802	1.552053	-1.110206	-28.065782	1.462330	-0.957840	-27.938236	0.763318	-1.581103	-27.976763	1.371665	-0.552642	-28.098813	-0.057321	-2.079625	-27.973555	1.352822	-0.593842	-28.072123	-0.048009	-2.068394	-27.936664	1.381316	-0.564311	-28.115034	-0.043361	-2.093223	-28.177665	0.957833	-1.210115	-28.159089	0.964062	-1.222728	-27.875184	0.965678	-1.046190	-27.839014	0.964291	-1.131445	-28.172667	0.459861	-1.283567	-27.810889	0.454462	-1.062326	-28.154390	-0.034331	-1.184551	-28.152160	-0.064315	-1.252968	-27.850206	-0.072426	-1.013230	-27.823640	-0.071154	-1.097432
3783	52.545007	00:00:52:39	-28.002737	1.655604	-1.237661	-27.962455	1.647817	-1.054796	-28.067650	1.659350	-1.161405	-27.968046	1.550591	-1.163676	-28.025348	1.522379	-1.145972	-28.138714	1.561436	-1.241077	-27.867525	1.541622	-1.116683	-28.016557	1.470415	-0.914310	-27.978454	0.768513	-1.580611	-27.993946	1.406117	-0.557254	-28.100097	-0.060860	-2.075556	-27.968248	1.380498	-0.589508	-28.089989	-0.068491	-2.081964	-27.944484	1.362107	-0.568573	-28.115979	-0.036112	-2.058015	-28.172036	0.956064	-1.219898	-28.132281	0.997578	-1.264711	-27.868474	0.944766	-1.054958	-27.845016	0.941385	-1.114898	-28.150832	0.462928	-1.273908	-27.860391	0.459694	-1.046605	-28.142310	-0.070344	-1.209226	-28.155115	-0.052237	-1.262695	-27.887217	-0.045891	-1.027889	-27.792591	-0.053091	-1.114234
3784	52.558900	00:00:52:40	-27.985817	1.662480	-1.268483	-27.973098	1.656370	-1.089608	-28.033728	1.631308	-1.155356	-28.006537	1.567981	-1.194684	-28.031683	1.565035	-1.144906	-28.123050	1.533839	-1.266157	-27.832619	1.557467	-1.132268	-28.025773	1.477198	-0.925498	-28.005961	0.760739	-1.608536	-27.957525	1.387576	-0.568494	-28.073135	-0.062688	-2.067944	-27.985491	1.412253	-0.603879	-28.083264	-0.011028	-2.055812	-27.977798	1.395582	-0.550689	-28.093795	-0.068036	-2.087246	-28.184677	0.978187	-1.213686	-28.195826	0.928730	-1.275314	-27.839842	0.964748	-1.070905	-27.801175	0.944190	-1.093921	-28.160807	0.445140	-1.233321	-27.828332	0.447895	-1.078629	-28.160105	-0.045190	-1.178142	-28.116954	-0.050591	-1.279442	-27.873044	-0.052963	-1.034906	-27.797142	-0.074825	-1.113086
3785	52.572794	00:00:52:41	-27.952002	1.645240	-1.245041	-27.968781	1.638101	-1.121391	-28.082488	1.634735	-1.151767	-27.969007	1.520010	-1.200254	-28.004138	1.559980	-1.134892	-28.131277	1.575229	-1.291462	-27.868717	1.520777	-1.109837	-28.059148	1.468241	-0.931129	-27.970511	0.736524	-1.586356	-27.958686	1.377039	-0.590461	-28.095924	-0.067833	-2.081429	-27.968351	1.384916	-0.568451	-28.082362	-0.053171	-2.063186	-27.967535	1.363292	-0.561662	-28.120293	-0.044182	-2.033876	-28.149635	0.959612	-1.203488	-28.153691	0.948329	-1.288007	-27.847589	0.957859	-1.083365	-27.821146	0.955559	-1.126716	-28.175384	0.478002	-1.225790	-27.856086	0.479485	-1.074796	-28.159420	-0.070832	-1.187397	-28.127862	-0.060302	-1.242169	-27.879353	-0.056146	-1.036045	-27.803750	-0.082498	-1.115680
3786	52.586687	00:00:52:42	-27.984843	1.617727	-1.200911	-27.944451	1.653496	-1.099194	-28.070525	1.665522	-1.166022	-27.970577	1.535048	-1.170190	-27.970658	1.529986	-1.152364	-28.091899	1.523009	-1.263425	-27.852957	1.566429	-1.121622	-28.033027	1.497872	-0.917520	-27.996367	0.775321	-1.586370	-27.962969	1.357940	-0.572610	-28.097436	-0.072263	-2.059050	-27.959892	1.393586	-0.612965	-28.089453	-0.020364	-2.081248	-27.969481	1.389288	-0.588111	-28.048384	-0.062189	-2.073263	-28.158537	0.944401	-1.232972	-28.170328	0.968504	-1.280128	-27.874479	0.988314	-1.038037	-27.836724	0.976845	-1.127818	-28.186570	0.441985	-1.222625	-27.832585	0.450400	-1.074947	-28.163523	-0.070867	-1.178958	-28.134055	-0.043543	-1.268089	-27.850203	-0.040375	-1.044439	-27.833585	-0.053869	-1.083606
3787	52.600581	00:00:52:43	-27.969898	1.666016	-1.281022	-27.946698	1.670026	-1.071366	-28.098046	1.667968	-1.154833	-27.973734	1.488024	-1.173414	-27.980100	1.519504	-1.147641	-28.143619	1.536987	-1.224285	-27.865719	1.579976	-1.119374	-28.039355	1.483457	-0.882729	-27.962989	0.782786	-1.579187	-27.951868	1.397974	-0.578216	-28.086167	-0.052565	-2.056880	-27.951379	1.394524	-0.590053	-28.103219	-0.028558	-2.072604	-27.987150	1.362398	-0.557758	-28.099928	-0.059608	-2.034728	-28.179511	0.979060	-1.246441	-28.145791	0.944280	-1.276978	-27.871295	0.985790	-1.067326	-27.830905	0.951603	-1.118316	-28.180888	0.454593	-1.267780	-27.809924	0.437473	-1.072987	-28.167243	-0.083975	-1.188378	-28.150844	-0.118801	-1.202766	-27.881097	-0.055414	-1.057666	-27.817672	-0.050336	-1.088495
3788	52.614474	00:00:52:44	-27.998853	1.631070	-1.246583	-27.961134	1.677221	-1.097280	-28.075192	1.681096	-1.118001	-27.980847	1.561198	-1.183485	-28.023973	1.531217	-1.156422	-28.089365	1.531434	-1.267423	-27.878984	1.542569	-1.126335	-28.048810	1.475945	-0.902136	-27.938453	0.721375	-1.619739	-27.974381	1.373197	-0.583019	-28.094818	-0.057289	-2.065052	-27.948952	1.404236	-0.556886	-28.105154	-0.035698	-2.095538	-27.988574	1.373407	-0.597438	-28.083742	-0.042035	-2.065404	-28.210366	0.971245	-1.194942	-28.131961	0.973677	-1.285091	-27.875713	0.992467	-1.066419	-27.825799	0.968034	-1.099592	-28.156903	0.464901	-1.256094	-27.896589	0.472102	-1.083137	-28.169032	-0.041306	-1.172896	-28.150318	-0.062243	-1.261710	-27.877533	-0.043035	-1.045619	-27.836160	-0.030581	-1.074320
3789	52.628367	00:00:52:45	-27.951743	1.680109	-1.218921	-27.958542	1.645492	-1.111917	-28.085258	1.661631	-1.126797	-28.013277	1.542175	-1.164701	-27.978661	1.597689	-1.155893	-28.130420	1.550103	-1.242891	-27.886666	1.526680	-1.138967	-28.032475	1.462759	-0.895725	-27.966091	0.777036	-1.597718	-27.959916	1.371670	-0.604045	-28.096637	-0.056699	-2.066310	-27.957615	1.406396	-0.558114	-28.110469	-0.052593	-2.061497	-27.948126	1.373490	-0.550976	-28.096956	-0.046303	-2.067590	-28.171533	0.962552	-1.215351	-28.147542	0.955991	-1.285370	-27.868332	0.951492	-1.038609	-27.824399	0.958281	-1.117025	-28.170111	0.436587	-1.247781	-27.844874	0.426701	-1.093508	-28.170947	-0.041243	-1.216998	-28.174998	-0.063628	-1.278441	-27.841484	-0.072118	-1.062018	-27.839393	-0.046794	-1.064825
3790	52.642261	00:00:52:46	-27.968109	1.641544	-1.255944	-27.987015	1.689693	-1.083054	-28.044759	1.646447	-1.134401	-27.973690	1.531774	-1.194883	-28.008036	1.565084	-1.142148	-28.130915	1.539399	-1.278336	-27.837275	1.551115	-1.124435	-28.043265	1.467542	-0.946013	-27.970175	0.735504	-1.608914	-27.983287	1.398475	-0.562697	-28.108783	-0.017131	-2.050964	-27.943097	1.381910	-0.551375	-28.084199	-0.064740	-2.067889	-27.975950	1.348099	-0.546198	-28.083809	-0.072172	-2.049588	-28.140403	0.931866	-1.216545	-28.165453	0.955822	-1.291225	-27.845003	0.975650	-1.061903	-27.833517	0.972573	-1.152952	-28.151298	0.448746	-1.252267	-27.831636	0.468244	-1.065970	-28.188186	-0.056159	-1.182307	-28.132479	-0.094107	-1.227690	-27.864896	-0.050175	-1.022076	-27.830860	-0.060286	-1.076297
3791	52.656154	00:00:52:47	-27.950206	1.633448	-1.242218	-27.958033	1.622588	-1.080826	-28.075086	1.672885	-1.172988	-27.966069	1.579577	-1.153413	-28.003163	1.522952	-1.156491	-28.114409	1.502984	-1.249443	-27.868704	1.530750	-1.125094	-28.063003	1.479688	-0.910838	-27.969881	0.734374	-1.605159	-27.968556	1.396532	-0.572044	-28.110871	-0.033653	-2.086239	-27.956210	1.372193	-0.575896	-28.099949	-0.048779	-2.088242	-27.970735	1.390865	-0.574986	-28.115843	-0.045671	-2.032621	-28.193021	1.017709	-1.208915	-28.128217	0.947787	-1.297753	-27.837608	0.973690	-1.064782	-27.849570	0.964108	-1.105245	-28.169658	0.432072	-1.251190	-27.835215	0.494836	-1.077677	-28.175007	-0.064972	-1.197092	-28.142596	-0.030019	-1.250201	-27.864095	-0.044592	-1.078761	-27.822789	-0.084616	-1.094100
3792	52.670048	00:00:52:48	-27.979604	1.636584	-1.230048	-27.963439	1.653589	-1.061521	-28.103168	1.656635	-1.154871	-28.003420	1.525306	-1.174038	-28.025414	1.550417	-1.161888	-28.120515	1.550981	-1.260237	-27.865112	1.535141	-1.128974	-28.037990	1.484855	-0.889463	-27.973494	0.764784	-1.614086	-27.973711	1.365686	-0.599822	-28.093249	-0.044325	-2.055005	-27.985688	1.376655	-0.557077	-28.089407	-0.050295	-2.055170	-27.922176	1.393004	-0.587017	-28.100571	-0.036651	-2.067304	-28.161532	0.976495	-1.238953	-28.154589	0.971703	-1.280043	-27.862927	0.971231	-1.018835	-27.802180	0.965040	-1.114777	-28.191127	0.449035	-1.229066	-27.840994	0.459977	-1.070488	-28.149954	-0.079927	-1.172957	-28.175386	-0.027808	-1.196200	-27.868755	-0.026571	-1.066888	-27.813806	-0.047961	-1.061815
3793	52.683941	00:00:52:49	-27.950426	1.618175	-1.220031	-27.985704	1.626761	-1.109076	-28.057620	1.668182	-1.155159	-28.005012	1.554314	-1.194744	-28.050758	1.528879	-1.168746	-28.118289	1.529722	-1.265585	-27.898801	1.539118	-1.109036	-28.062685	1.461977	-0.895978	-27.949557	0.723672	-1.584879	-27.991645	1.392334	-0.594413	-28.087872	-0.075897	-2.047005	-27.947576	1.346970	-0.591484	-28.122751	-0.064646	-2.059425	-27.953807	1.360038	-0.558693	-28.068543	-0.055681	-2.047047	-28.168870	0.985265	-1.229619	-28.137862	0.963697	-1.282746	-27.846385	0.947236	-1.032377	-27.852459	0.959428	-1.136757	-28.150134	0.422091	-1.210926	-27.850569	0.467829	-1.072890	-28.165255	-0.063310	-1.165504	-28.177333	-0.034499	-1.251404	-27.860171	-0.057349	-1.028124	-27.831158	-0.063429	-1.103768
3794	52.697835	00:00:52:50	-27.998879	1.661187	-1.220492	-27.964174	1.664728	-1.073616	-28.068771	1.658190	-1.132859	-27.986610	1.533497	-1.172810	-28.006847	1.536218	-1.146151	-28.117108	1.539825	-1.259604	-27.848158	1.544534	-1.134365	-28.052645	1.444441	-0.928879	-27.971187	0.754415	-1.588336	-27.975810	1.388099	-0.578547	-28.078208	-0.047242	-2.033601	-27.966782	1.375139	-0.587636	-28.102992	-0.048456	-2.069372	-27.978465	1.417179	-0.553147	-28.049011	-0.030762	-2.091452	-28.172094	0.967006	-1.259233	-28.165211	0.964254	-1.286751	-27.855880	0.967172	-1.054698	-27.807660	0.984845	-1.117501	-28.163448	0.435990	-1.246159	-27.831072	0.475858	-1.070914	-28.168842	-0.056372	-1.175996	-28.165678	-0.062999	-1.238329	-27.820262	-0.042204	-1.034563	-27.843467	-0.036532	-1.056215
3795	52.711728	00:00:52:51	-27.948433	1.632981	-1.227201	-28.004734	1.661663	-1.104178	-28.115206	1.660292	-1.157283	-27.992674	1.541008	-1.198007	-28.025096	1.554843	-1.153586	-28.129563	1.548566	-1.255381	-27.857886	1.541496	-1.138146	-28.032616	1.467943	-0.884880	-27.996814	0.744052	-1.608013	-27.974597	1.360046	-0.578703	-28.101990	-0.036392	-2.063070	-27.988865	1.403718	-0.590594	-28.078002	-0.029078	-2.060235	-27.958097	1.378602	-0.575664	-28.095048	-0.060714	-2.057895	-28.191852	0.947498	-1.209797	-28.145696	0.971804	-1.282485	-27.872356	0.987695	-1.044595	-27.816777	0.963120	-1.121744	-28.163872	0.467421	-1.236245	-27.837332	0.460668	-1.079980	-28.179497	-0.046513	-1.215408	-28.151536	-0.038362	-1.267041	-27.858629	-0.045081	-1.033051	-27.817194	-0.035076	-1.101526
3796	52.725622	00:00:52:52	-27.974970	1.660399	-1.223493	-27.927092	1.643681	-1.106625	-28.093672	1.634169	-1.165500	-28.014901	1.557591	-1.193906	-28.018281	1.548257	-1.143474	-28.111464	1.535231	-1.275806	-27.832367	1.531334	-1.134176	-28.042124	1.483080	-0.905994	-27.969954	0.744985	-1.600525	-27.981055	1.403841	-0.568254	-28.087142	-0.057959	-2.078624	-27.954442	1.395075	-0.543996	-28.092127	-0.037157	-2.065857	-27.979014	1.361730	-0.575961	-28.087363	-0.025054	-2.069049	-28.168453	0.988201	-1.195912	-28.147401	0.934731	-1.246149	-27.851674	0.985639	-1.066870	-27.836914	0.960538	-1.111688	-28.162677	0.461710	-1.230846	-27.846176	0.473838	-1.079314	-28.158595	-0.074952	-1.214391	-28.145488	-0.040398	-1.271487	-27.825223	-0.058341	-1.060776	-27.808938	-0.068488	-1.085614
3797	52.739515	00:00:52:53	-27.985825	1.641051	-1.204244	-27.981091	1.640051	-1.104225	-28.079438	1.662106	-1.143269	-28.004310	1.530816	-1.168311	-28.007032	1.528000	-1.128586	-28.132321	1.539517	-1.259301	-27.857250	1.542971	-1.148338	-28.052253	1.443550	-0.908922	-27.933025	0.732912	-1.596649	-27.980054	1.382558	-0.601910	-28.090843	-0.044704	-2.034354	-27.996091	1.364621	-0.570272	-28.118740	-0.060095	-2.073986	-27.962559	1.363372	-0.564405	-28.110903	-0.044862	-2.070362	-28.176166	0.979740	-1.223068	-28.144509	0.947547	-1.273439	-27.880478	0.939856	-1.071941	-27.821522	0.956329	-1.102673	-28.161076	0.482119	-1.225684	-27.869675	0.444525	-1.090473	-28.184193	-0.032047	-1.253925	-28.150632	-0.064201	-1.231520	-27.838213	-0.029996	-1.032676	-27.814234	-0.044423	-1.091350
3798	52.753408	00:00:52:54	-27.952218	1.645860	-1.213981	-27.964463	1.650679	-1.081585	-28.082072	1.648682	-1.157875	-28.008408	1.557348	-1.196858	-27.993520	1.560721	-1.149180	-28.141493	1.516619	-1.242173	-27.858156	1.534215	-1.107206	-28.056383	1.494597	-0.923686	-27.968888	0.730952	-1.593109	-27.958986	1.416769	-0.568658	-28.106686	-0.045815	-2.061279	-27.933385	1.379262	-0.581775	-28.063657	-0.067724	-2.079753	-27.966227	1.373330	-0.583919	-28.069502	-0.023732	-2.031778	-28.202159	0.953048	-1.243571	-28.144668	0.986805	-1.287905	-27.865783	0.962223	-1.057497	-27.837837	0.974081	-1.089413	-28.154711	0.417660	-1.211875	-27.800496	0.468537	-1.070870	-28.167871	-0.060472	-1.193305	-28.125403	-0.054617	-1.265623	-27.923633	-0.058590	-1.027450	-27.831123	-0.045700	-1.117263
3799	52.767302	00:00:52:55	-27.969737	1.652449	-1.233692	-27.970696	1.653500	-1.083395	-28.097819	1.677656	-1.172425	-27.993293	1.549897	-1.176736	-28.008018	1.524307	-1.143623	-28.134019	1.554413	-1.273152	-27.850864	1.560030	-1.098001	-28.036835	1.471343	-0.901132	-27.967654	0.782790	-1.600435	-27.967716	1.385971	-0.569790	-28.115524	-0.008593	-2.058052	-27.936837	1.374130	-0.594355	-28.086760	-0.054397	-2.060064	-27.928227	1.379335	-0.567776	-28.093897	-0.066408	-2.068851	-28.146164	0.989149	-1.211088	-28.127059	0.937473	-1.292662	-27.866384	0.980332	-1.048430	-27.809784	0.962309	-1.117052	-28.163256	0.425180	-1.238583	-27.827137	0.443979	-1.072142	-28.139388	-0.039522	-1.197174	-28.143281	-0.035739	-1.260286	-27.853205	-0.100036	-1.052919	-27.827360	-0.069285	-1.097716
3800	52.781195	00:00:52:56	-27.983676	1.657727	-1.209618	-27.949639	1.644439	-1.087090	-28.071018	1.674390	-1.149159	-28.004406	1.541490	-1.217472	-28.008536	1.521710	-1.162560	-28.123236	1.544264	-1.245964	-27.853604	1.539815	-1.097673	-28.042451	1.468592	-0.925730	-27.958527	0.750541	-1.556740	-27.947918	1.376251	-0.615937	-28.078928	-0.036275	-2.044558	-27.991407	1.394482	-0.570606	-28.072555	-0.051286	-2.037949	-28.025883	1.398015	-0.551169	-28.063550	-0.054735	-2.062204	-28.167250	0.961967	-1.244470	-28.119029	0.930672	-1.267668	-27.866365	0.945743	-1.071503	-27.858069	0.960127	-1.104865	-28.159149	0.465165	-1.255197	-27.829947	0.457214	-1.072644	-28.167191	-0.071920	-1.184909	-28.152825	-0.063939	-1.259883	-27.831880	-0.061486	-1.029020	-27.852099	-0.068112	-1.107372
3801	52.795089	00:00:52:57	-27.963332	1.627302	-1.256049	-27.977515	1.684664	-1.080948	-28.078043	1.653895	-1.172246	-28.017053	1.535026	-1.199697	-27.989583	1.527678	-1.162379	-28.112678	1.577510	-1.254505	-27.847977	1.526490	-1.095927	-28.055380	1.447205	-0.923941	-27.998386	0.711333	-1.581716	-27.939485	1.389713	-0.558737	-28.072971	-0.026632	-2.064291	-27.951848	1.421312	-0.576341	-28.099263	-0.053325	-2.025888	-27.989414	1.377122	-0.602360	-28.085543	-0.064900	-2.058780	-28.196245	0.963252	-1.210206	-28.142406	0.987828	-1.281293	-27.859904	0.955898	-1.053254	-27.826498	0.965393	-1.077273	-28.158528	0.447875	-1.217573	-27.814937	0.454947	-1.072419	-28.121197	-0.042555	-1.225051	-28.132597	-0.073837	-1.261617	-27.869267	-0.043213	-1.055154	-27.829668	-0.055866	-1.095157
3802	52.808982	00:00:52:58	-27.969023	1.630680	-1.224096	-27.943791	1.642020	-1.066600	-28.074619	1.667699	-1.171131	-28.017060	1.545898	-1.138169	-28.012925	1.551572	-1.156425	-28.110462	1.543268	-1.234014	-27.845808	1.560848	-1.150291	-28.045409	1.506230	-0.890649	-28.004914	0.737951	-1.593997	-27.990715	1.388600	-0.586307	-28.121532	-0.016317	-2.109911	-27.946807	1.367140	-0.596771	-28.099641	-0.045450	-2.067898	-27.981850	1.391901	-0.554621	-28.098203	-0.058388	-2.060740	-28.192593	0.951601	-1.186829	-28.151480	0.948535	-1.293046	-27.814658	0.960387	-1.053785	-27.883589	0.937875	-1.128188	-28.180525	0.437718	-1.246291	-27.848132	0.444991	-1.098503	-28.192788	-0.076311	-1.211600	-28.148104	-0.050926	-1.274554	-27.862485	-0.042901	-1.035434	-27.795004	-0.048179	-1.095664
3803	52.822876	00:00:52:59	-27.973919	1.632431	-1.245916	-27.977051	1.644019	-1.108265	-28.056426	1.643040	-1.146750	-27.967248	1.534956	-1.185299	-27.999030	1.548688	-1.160695	-28.124467	1.552953	-1.267140	-27.861883	1.552087	-1.137522	-28.084060	1.456430	-0.902613	-27.973152	0.755671	-1.574705	-27.967295	1.394663	-0.564216	-28.076249	-0.055252	-2.047791	-27.972546	1.353401	-0.568315	-28.078399	-0.041533	-2.084370	-27.984667	1.384063	-0.560300	-28.105894	-0.077276	-2.052378	-28.180116	0.966818	-1.202359	-28.144951	0.939913	-1.267818	-27.814840	0.953230	-1.072268	-27.836143	0.959266	-1.080893	-28.147999	0.455062	-1.248539	-27.828914	0.478078	-1.083920	-28.179154	-0.063262	-1.225457	-28.126166	-0.081209	-1.261853	-27.862705	-0.051816	-1.043345	-27.835912	-0.037574	-1.081207
3804	52.836769	00:00:52:60	-27.974139	1.644706	-1.225983	-27.987004	1.663273	-1.086604	-28.088260	1.667477	-1.147833	-27.969934	1.556390	-1.183220	-28.029213	1.516039	-1.155370	-28.159566	1.517276	-1.267987	-27.899297	1.548726	-1.102448	-28.042763	1.455346	-0.928743	-27.938925	0.742767	-1.602483	-27.981182	1.393346	-0.598310	-28.086804	-0.040848	-2.051940	-27.957644	1.383803	-0.559529	-28.085001	-0.071066	-2.042621	-27.958889	1.399685	-0.576725	-28.114938	-0.026007	-2.049918	-28.193208	0.957587	-1.224490	-28.141827	0.981600	-1.296273	-27.890683	0.970295	-1.071839	-27.815650	0.948595	-1.111528	-28.144083	0.437307	-1.227276	-27.836459	0.457484	-1.053531	-28.189294	-0.090619	-1.180864	-28.137224	-0.036026	-1.244276	-27.874983	-0.056060	-1.021272	-27.847674	-0.103059	-1.105138
3805	52.850663	00:00:52:61	-27.981802	1.633711	-1.238175	-27.984198	1.654821	-1.103750	-28.060073	1.632858	-1.141877	-27.961692	1.558075	-1.205213	-28.043810	1.541406	-1.153646	-28.138027	1.550341	-1.258463	-27.852258	1.557118	-1.136582	-28.018729	1.447003	-0.894320	-27.960511	0.752733	-1.583693	-27.957446	1.342066	-0.598066	-28.113747	-0.041368	-2.016608	-27.978257	1.369954	-0.562661	-28.100827	-0.065977	-2.062515	-27.981889	1.389814	-0.613693	-28.092291	-0.037836	-2.072946	-28.155080	0.969020	-1.210218	-28.148752	0.972333	-1.274906	-27.853239	0.971409	-1.061576	-27.824839	0.942106	-1.097197	-28.176707	0.459370	-1.234583	-27.827007	0.468762	-1.077272	-28.189492	-0.045824	-1.202420	-28.192968	-0.064318	-1.260158	-27.832926	-0.076720	-1.018656	-27.808329	-0.057492	-1.084450
3806	52.864556	00:00:52:62	-27.979897	1.683375	-1.222735	-27.975322	1.643144	-1.117630	-28.087607	1.637756	-1.173696	-27.998327	1.584281	-1.196615	-28.016906	1.532072	-1.094536	-28.124502	1.518297	-1.269604	-27.830875	1.535753	-1.123367	-28.071124	1.452709	-0.898413	-27.968598	0.755704	-1.574868	-27.966084	1.375105	-0.579570	-28.120378	-0.039654	-2.037881	-27.946266	1.361018	-0.577014	-28.121289	-0.038552	-2.068518	-27.975272	1.381878	-0.579469	-28.079643	0.002381	-2.055392	-28.179278	0.990691	-1.200850	-28.133476	0.960832	-1.306643	-27.858437	1.004448	-1.054015	-27.813785	0.977162	-1.114010	-28.171120	0.446053	-1.268124	-27.837115	0.417833	-1.097103	-28.140546	-0.036934	-1.214156	-28.133143	-0.066941	-1.259144	-27.852447	-0.020377	-1.063889	-27.841314	-0.055163	-1.096202
3807	52.878449	00:00:52:63	-27.978106	1.632026	-1.220606	-27.963830	1.654293	-1.097558	-28.039781	1.650631	-1.165962	-27.987772	1.537613	-1.196622	-27.981703	1.548878	-1.174864	-28.157913	1.556017	-1.254915	-27.884529	1.538859	-1.148657	-28.054617	1.449757	-0.895954	-27.977570	0.738881	-1.625106	-27.932244	1.379875	-0.564972	-28.099330	-0.034697	-2.054417	-27.965004	1.369191	-0.561386	-28.103679	-0.055345	-2.074589	-27.981751	1.383233	-0.563107	-28.107053	-0.058344	-2.060222	-28.161298	0.966109	-1.217442	-28.154830	0.947485	-1.276881	-27.851581	0.952525	-1.076700	-27.833252	0.928177	-1.104740	-28.172581	0.468574	-1.253524	-27.812253	0.445592	-1.049516	-28.194661	-0.021676	-1.225095	-28.131366	-0.070142	-1.264101	-27.867181	-0.053197	-1.027848	-27.838813	-0.061866	-1.064143
3808	52.892343	00:00:52:64	-27.978933	1.640320	-1.242183	-27.962115	1.691693	-1.084951	-28.035950	1.652791	-1.144446	-28.020374	1.521843	-1.218873	-28.006381	1.561901	-1.126439	-28.149142	1.548706	-1.246398	-27.874943	1.537306	-1.122518	-28.029087	1.482853	-0.881568	-27.949803	0.751837	-1.587154	-27.955821	1.366060	-0.589476	-28.098371	-0.047789	-2.041305	-27.957757	1.375259	-0.570040	-28.108034	-0.029984	-2.075221	-27.962535	1.382768	-0.586836	-28.084169	-0.012321	-2.091730	-28.170022	0.980053	-1.232519	-28.164488	0.976917	-1.266200	-27.824949	0.976085	-1.056311	-27.852098	0.943620	-1.124350	-28.176073	0.439742	-1.279042	-27.836246	0.454114	-1.093374	-28.202430	-0.049297	-1.207989	-28.165981	-0.074913	-1.260952	-27.855258	-0.070545	-1.042157	-27.836254	-0.073345	-1.096615
3809	52.906236	00:00:52:65	-27.978964	1.642863	-1.222582	-27.963917	1.690551	-1.061851	-28.063761	1.645019	-1.140759	-28.012028	1.539566	-1.183198	-27.977289	1.551610	-1.160515	-28.179790	1.573100	-1.278918	-27.851188	1.572450	-1.128839	-28.051593	1.467747	-0.891183	-27.984119	0.767478	-1.593184	-27.938461	1.380464	-0.583680	-28.119660	-0.053156	-2.064934	-27.956305	1.371606	-0.569037	-28.103713	-0.039021	-2.065317	-27.906206	1.380561	-0.569321	-28.081879	-0.050739	-2.095581	-28.169466	0.979750	-1.224925	-28.145810	0.957042	-1.267944	-27.837473	0.951575	-1.057615	-27.817616	0.971937	-1.111974	-28.181143	0.448708	-1.223148	-27.843852	0.465164	-1.104802	-28.182668	-0.061212	-1.191454	-28.153502	-0.044871	-1.263006	-27.850097	-0.064612	-1.029142	-27.849866	-0.058761	-1.087554
3810	52.920130	00:00:52:66	-27.969865	1.659279	-1.250206	-27.993587	1.663308	-1.114548	-28.075067	1.619964	-1.170094	-28.003009	1.548747	-1.192000	-28.030285	1.527949	-1.150061	-28.118873	1.530373	-1.214409	-27.851787	1.513203	-1.106854	-28.023646	1.453194	-0.916890	-27.998120	0.724667	-1.582048	-27.934582	1.361168	-0.588408	-28.114556	-0.071430	-2.060960	-27.985173	1.390908	-0.591047	-28.096915	-0.022653	-2.058410	-27.993789	1.389688	-0.585797	-28.088943	-0.068782	-2.042553	-28.145794	0.968514	-1.212422	-28.167226	0.987102	-1.285219	-27.848203	0.950303	-1.047205	-27.839156	0.925794	-1.085005	-28.142938	0.438685	-1.235643	-27.839338	0.454144	-1.079455	-28.172809	-0.030922	-1.227150	-28.132579	-0.095923	-1.238334	-27.842234	-0.086993	-1.029438	-27.852816	-0.059211	-1.082296
3811	52.934023	00:00:52:67	-27.949268	1.657982	-1.210364	-27.940591	1.660448	-1.087974	-28.069198	1.636039	-1.104045	-27.991763	1.572872	-1.170298	-28.010189	1.557014	-1.166838	-28.139571	1.541758	-1.245283	-27.886285	1.557980	-1.102062	-28.057565	1.472927	-0.900715	-27.986143	0.743544	-1.579932	-27.947223	1.365574	-0.581025	-28.097756	-0.055341	-2.065702	-27.978400	1.374184	-0.560506	-28.094538	-0.039029	-2.103121	-27.961103	1.358131	-0.607303	-28.089239	-0.032729	-2.062409	-28.151782	0.966326	-1.207914	-28.137894	0.975197	-1.275531	-27.862139	0.965572	-1.062147	-27.835978	0.983893	-1.132096	-28.146374	0.434152	-1.239560	-27.840334	0.426709	-1.058629	-28.207133	-0.052282	-1.197292	-28.154804	-0.030974	-1.242136	-27.846643	-0.073000	-0.992682	-27.815785	-0.059442	-1.083039
3812	52.947917	00:00:52:68	-27.988373	1.662391	-1.225243	-27.965378	1.678219	-1.092630	-28.077415	1.681486	-1.148549	-27.986550	1.557525	-1.183122	-28.022565	1.531475	-1.131383	-28.126119	1.534598	-1.245253	-27.880760	1.543192	-1.093667	-28.052971	1.480856	-0.911996	-27.983784	0.728695	-1.538736	-27.943119	1.359456	-0.562045	-28.121300	-0.063581	-2.041123	-27.957444	1.358812	-0.598925	-28.100033	-0.049265	-2.050647	-27.969614	1.394592	-0.599750	-28.095728	-0.046506	-2.066930	-28.178179	0.967380	-1.241053	-28.162435	0.942079	-1.292676	-27.843826	0.968831	-1.025106	-27.769780	0.957054	-1.091953	-28.123246	0.466942	-1.263905	-27.834365	0.437526	-1.073804	-28.177306	-0.030254	-1.200541	-28.171507	-0.049306	-1.287965	-27.843341	-0.046788	-1.043035	-27.833323	-0.058100	-1.102617
3813	52.961810	00:00:52:69	-27.955099	1.665445	-1.238492	-27.998852	1.632690	-1.074934	-28.103813	1.695290	-1.150568	-27.975876	1.556230	-1.174543	-27.987270	1.560468	-1.138766	-28.136176	1.553731	-1.260136	-27.859655	1.533774	-1.135297	-28.056777	1.451487	-0.910361	-27.977367	0.727185	-1.581622	-27.929823	1.385745	-0.548311	-28.087974	-0.043786	-2.065852	-27.971535	1.401601	-0.557595	-28.089309	-0.073364	-2.091155	-27.989063	1.381434	-0.562503	-28.104940	-0.025481	-2.057342	-28.165098	0.975957	-1.226257	-28.151620	0.971444	-1.290506	-27.860410	0.943712	-1.034942	-27.828792	0.958801	-1.103807	-28.172201	0.451369	-1.220394	-27.810477	0.459531	-1.076866	-28.175518	-0.048088	-1.227127	-28.155211	-0.027416	-1.225623	-27.879687	-0.027731	-1.056119	-27.849861	-0.041934	-1.096214
3814	52.975704	00:00:52:70	-27.952893	1.641883	-1.208310	-27.978310	1.644136	-1.087701	-28.052305	1.678074	-1.153567	-28.011255	1.518362	-1.167339	-28.054243	1.543249	-1.150400	-28.130652	1.535928	-1.245636	-27.840668	1.536589	-1.129377	-28.047808	1.474812	-0.914968	-28.007671	0.735302	-1.609631	-27.981743	1.380522	-0.602702	-28.098558	-0.056062	-2.062542	-27.967175	1.365177	-0.579379	-28.075931	-0.036928	-2.084150	-27.979707	1.409766	-0.579546	-28.116576	-0.050629	-2.063050	-28.185074	0.959572	-1.231848	-28.147639	0.939105	-1.293593	-27.881979	0.964352	-1.070258	-27.817595	0.976188	-1.104869	-28.180940	0.427977	-1.244533	-27.866324	0.486130	-1.062317	-28.157045	-0.047709	-1.205068	-28.177436	-0.052290	-1.236978	-27.852228	-0.056566	-1.044764	-27.814806	-0.075180	-1.101854
3815	52.989597	00:00:52:71	-27.963072	1.657314	-1.228764	-27.967270	1.667977	-1.067935	-28.072430	1.640931	-1.166405	-27.998763	1.527110	-1.168034	-28.000474	1.527940	-1.158783	-28.115445	1.552303	-1.206242	-27.864268	1.532590	-1.108829	-28.025094	1.501657	-0.941969	-27.988930	0.763625	-1.587895	-27.937752	1.387506	-0.564831	-28.067718	-0.036255	-2.034767	-27.986016	1.400101	-0.582306	-28.084360	-0.041932	-2.053298	-27.965332	1.352765	-0.564154	-28.105505	-0.042281	-2.055550	-28.172716	0.962236	-1.234310	-28.154942	0.980735	-1.287701	-27.850818	0.961042	-1.070734	-27.833819	0.948687	-1.120012	-28.172913	0.458518	-1.251130	-27.841392	0.492107	-1.086834	-28.200137	-0.104006	-1.195785	-28.157066	-0.034108	-1.263492	-27.839421	-0.076894	-1.016811	-27.853948	-0.058024	-1.114474
3816	53.003490	00:00:53:00	-27.958935	1.628643	-1.203731	-27.955689	1.656809	-1.108167	-28.092608	1.652536	-1.147205	-28.010541	1.553198	-1.203784	-28.016561	1.525222	-1.152391	-28.132376	1.534391	-1.227095	-27.853977	1.543526	-1.128222	-28.039551	1.438640	-0.894676	-27.978388	0.758736	-1.591411	-27.956909	1.389282	-0.570628	-28.093774	-0.073661	-2.060366	-27.961352	1.387023	-0.604744	-28.049760	-0.059006	-2.053806	-27.937378	1.346527	-0.579625	-28.100868	-0.038939	-2.042921	-28.184210	0.977909	-1.220088	-28.169673	0.965722	-1.288237	-27.859346	0.988663	-1.034869	-27.847426	0.941932	-1.096532	-28.135307	0.431540	-1.235738	-27.858137	0.450158	-1.066277	-28.181572	-0.050802	-1.178681	-28.132982	-0.075397	-1.219574	-27.852706	-0.035237	-1.011599	-27.805477	-0.052062	-1.075214
3817	53.017384	00:00:53:01	-27.910490	1.657624	-1.260782	-27.951257	1.654721	-1.086684	-28.086009	1.664200	-1.147594	-27.995139	1.547070	-1.192543	-28.003750	1.531381	-1.131585	-28.128108	1.529058	-1.247985	-27.860967	1.546387	-1.116843	-28.077260	1.467053	-0.903993	-27.985391	0.756923	-1.573942	-27.970004	1.396401	-0.582850	-28.092744	-0.042048	-2.058395	-27.978949	1.375702	-0.580616	-28.096402	-0.050658	-2.068487	-27.982078	1.377626	-0.583340	-28.117103	-0.041867	-2.081936	-28.164666	0.961137	-1.226667	-28.155795	0.999112	-1.231704	-27.878125	0.980335	-1.105601	-27.848205	0.939890	-1.118661	-28.184247	0.474167	-1.238684	-27.844102	0.450728	-1.098899	-28.182467	-0.067523	-1.217328	-28.157255	-0.054512	-1.277753	-27.841807	-0.033848	-1.040093	-27.834539	-0.057268	-1.106519
3818	53.031277	00:00:53:02	-27.947814	1.686821	-1.235268	-27.997556	1.648545	-1.097403	-28.099539	1.689960	-1.139272	-27.989367	1.525767	-1.202728	-27.989722	1.535843	-1.155405	-28.126995	1.532844	-1.264975	-27.872657	1.562201	-1.107956	-28.067015	1.423307	-0.914792	-27.965177	0.744639	-1.600748	-27.948783	1.385133	-0.568467	-28.056161	-0.030687	-2.056560	-27.966354	1.365980	-0.565619	-28.115175	-0.020491	-2.051324	-27.958162	1.370600	-0.582808	-28.095468	-0.048139	-2.073815	-28.202211	0.955505	-1.231531	-28.175936	0.906152	-1.248905	-27.856438	0.921441	-1.059509	-27.836296	0.982536	-1.116972	-28.189781	0.447831	-1.216066	-27.828276	0.440913	-1.082153	-28.158038	-0.059591	-1.231956	-28.146029	-0.052861	-1.259564	-27.885375	-0.071759	-1.055533	-27.827295	-0.030058	-1.114627
3819	53.045171	00:00:53:03	-27.955554	1.635451	-1.262578	-27.974036	1.666567	-1.096015	-28.064070	1.656939	-1.162974	-28.004692	1.554888	-1.196100	-27.991944	1.529086	-1.160608	-28.126052	1.516473	-1.240047	-27.858681	1.515786	-1.110137	-28.056164	1.464627	-0.913140	-27.984161	0.761975	-1.585645	-27.978522	1.372022	-0.558954	-28.085118	-0.028395	-2.067581	-27.926177	1.389516	-0.576468	-28.097524	-0.050363	-2.073077	-27.978716	1.365660	-0.609999	-28.118701	-0.057034	-2.046879	-28.173866	0.980945	-1.227538	-28.132816	0.969541	-1.275665	-27.883713	0.946475	-1.051346	-27.786370	0.994199	-1.116288	-28.175653	0.458317	-1.219602	-27.843667	0.481949	-1.100568	-28.179025	-0.032515	-1.199564	-28.182198	-0.049239	-1.261550	-27.854247	-0.053966	-1.032364	-27.836623	-0.048047	-1.089272
3820	53.059064	00:00:53:04	-27.958010	1.652754	-1.246623	-27.980931	1.672445	-1.097385	-28.095813	1.673228	-1.149443	-27.971519	1.552587	-1.214607	-27.987385	1.550991	-1.176552	-28.158794	1.543396	-1.222308	-27.847301	1.560154	-1.092492	-28.020052	1.461964	-0.887413	-28.001507	0.759488	-1.608821	-27.985237	1.371885	-0.564325	-28.123781	-0.030524	-2.086703	-27.964789	1.340884	-0.554796	-28.085688	-0.022880	-2.041764	-27.960739	1.393450	-0.582097	-28.106855	-0.019768	-2.039622	-28.168270	0.949103	-1.228723	-28.125788	0.998817	-1.302385	-27.855482	0.942189	-1.042600	-27.849274	0.994722	-1.090728	-28.153546	0.439624	-1.239268	-27.833651	0.471745	-1.070649	-28.211673	-0.059775	-1.194370	-28.122485	-0.078373	-1.249901	-27.869540	-0.066977	-1.018319	-27.840139	-0.063856	-1.095126
3821	53.072958	00:00:53:05	-27.951576	1.650232	-1.219649	-27.974960	1.662216	-1.121321	-28.116672	1.637971	-1.150666	-27.997714	1.533579	-1.153219	-28.006939	1.526806	-1.136611	-28.110389	1.579491	-1.240207	-27.851856	1.525335	-1.107642	-28.004759	1.463040	-0.897921	-27.995179	0.755203	-1.574888	-27.941597	1.400172	-0.573495	-28.077103	-0.068195	-2.047794	-27.940676	1.376201	-0.575383	-28.095467	-0.041676	-2.043318	-27.958420	1.380220	-0.570720	-28.108622	-0.048414	-2.072106	-28.179537	0.984398	-1.233025	-28.122320	0.926083	-1.287671	-27.868077	0.958261	-1.066937	-27.806190	0.925311	-1.090988	-28.162885	0.443170	-1.230798	-27.845680	0.473831	-1.074452	-28.167100	-0.052172	-1.202751	-28.143528	-0.088515	-1.238087	-27.859835	-0.056786	-1.047879	-27.823172	-0.029810	-1.121343
3822	53.086851	00:00:53:06	-27.947403	1.657397	-1.201280	-27.971958	1.637920	-1.107720	-28.086884	1.657060	-1.163743	-28.007904	1.550460	-1.194527	-28.047225	1.527960	-1.146342	-28.125740	1.579948	-1.240829	-27.861746	1.512158	-1.114753	-28.067954	1.469903	-0.932641	-27.957442	0.791171	-1.589764	-27.971541	1.352343	-0.539565	-28.070006	-0.031069	-2.058794	-27.927915	1.384042	-0.550792	-28.087615	-0.043928	-2.059127	-27.971573	1.393150	-0.552877	-28.119144	-0.043020	-2.081612	-28.157073	0.966939	-1.231284	-28.147859	0.972592	-1.272460	-27.866767	0.997980	-1.069998	-27.833264	0.934866	-1.128569	-28.191212	0.472890	-1.221371	-27.843918	0.478745	-1.083138	-28.170665	-0.051984	-1.232000	-28.164874	-0.055428	-1.258412	-27.854123	-0.040104	-1.010049	-27.843628	-0.071399	-1.092732
3823	53.100745	00:00:53:07	-27.970385	1.672766	-1.229452	-27.962249	1.677409	-1.078024	-28.111598	1.656538	-1.146420	-28.016433	1.503529	-1.179637	-28.024101	1.539481	-1.182416	-28.098550	1.523865	-1.259998	-27.869884	1.532738	-1.125106	-28.042342	1.445928	-0.916458	-27.969382	0.744140	-1.606089	-27.956669	1.406926	-0.562362	-28.084588	-0.028694	-2.068666	-27.945303	1.400390	-0.580284	-28.101925	-0.091179	-2.097396	-27.959637	1.409475	-0.551630	-28.046745	-0.028037	-2.065941	-28.170316	0.947542	-1.222279	-28.110071	0.926980	-1.290088	-27.870928	0.965752	-1.051547	-27.815983	0.988619	-1.109101	-28.180379	0.456221	-1.212126	-27.808880	0.485424	-1.081443	-28.179264	-0.064259	-1.199808	-28.134926	-0.043208	-1.268533	-27.844374	-0.062378	-1.029260	-27.810132	-0.035595	-1.089254
3824	53.114638	00:00:53:08	-28.003488	1.646675	-1.241966	-27.979282	1.674294	-1.085487	-28.075531	1.643660	-1.174960	-28.002066	1.548266	-1.193670	-27.987487	1.527734	-1.141345	-28.115157	1.542790	-1.267601	-27.853420	1.538218	-1.118394	-28.029698	1.466894	-0.905102	-27.972133	0.739771	-1.603285	-27.939678	1.394094	-0.567019	-28.061542	-0.021955	-2.045566	-27.958723	1.366382	-0.590659	-28.099185	-0.045377	-2.011319	-27.945461	1.393762	-0.567249	-28.084898	-0.046563	-2.039304	-28.202786	0.972976	-1.190222	-28.148748	0.956707	-1.269281	-27.879475	0.951859	-1.080575	-27.835170	0.949309	-1.115010	-28.189262	0.442295	-1.232276	-27.848454	0.472159	-1.092541	-28.189239	-0.072291	-1.202215	-28.143407	-0.065390	-1.269217	-27.846859	-0.037520	-1.067720	-27.821748	-0.078280	-1.102171
3825	53.128531	00:00:53:09	-27.976654	1.652784	-1.233100	-27.981580	1.670597	-1.079857	-28.104233	1.677345	-1.161556	-27.978911	1.525989	-1.156755	-28.009704	1.546092	-1.144638	-28.141493	1.540960	-1.270614	-27.859940	1.549959	-1.108227	-28.026606	1.476830	-0.904107	-27.984377	0.747843	-1.592016	-27.943607	1.387993	-0.553737	-28.096475	-0.038750	-2.016623	-27.932646	1.395402	-0.565295	-28.059191	-0.042479	-2.067057	-27.941413	1.361685	-0.582038	-28.048745	-0.039695	-2.066299	-28.167594	0.959329	-1.238423	-28.134943	0.962508	-1.278466	-27.847918	0.984028	-1.074557	-27.825632	0.965906	-1.145138	-28.158001	0.475059	-1.251527	-27.868670	0.472294	-1.078826	-28.161641	-0.056327	-1.183856	-28.133682	-0.051520	-1.256016	-27.844174	-0.052896	-1.040392	-27.849882	-0.075852	-1.118251
3826	53.142425	00:00:53:10	-27.968603	1.653817	-1.247267	-27.948082	1.654573	-1.104913	-28.108037	1.666454	-1.162878	-28.004810	1.533284	-1.169221	-28.026065	1.519774	-1.159331	-28.125756	1.556164	-1.250009	-27.852570	1.549800	-1.088495	-28.070727	1.454311	-0.924094	-27.986969	0.748869	-1.574802	-27.967187	1.381206	-0.598419	-28.076720	-0.020786	-2.072866	-27.970591	1.366524	-0.554769	-28.118521	-0.066565	-2.058875	-27.946222	1.369374	-0.585550	-28.067758	-0.061300	-2.076246	-28.196856	0.987418	-1.230606	-28.152528	0.923287	-1.264476	-27.879037	0.981010	-1.062681	-27.818223	0.992355	-1.091615	-28.157303	0.432195	-1.241462	-27.851093	0.467096	-1.065759	-28.165300	-0.074366	-1.187228	-28.158844	-0.030935	-1.296566	-27.839248	-0.039460	-1.028432	-27.821377	-0.042632	-1.122078
3827	53.156318	00:00:53:11	-27.956048	1.651066	-1.213735	-27.974038	1.622069	-1.110272	-28.071205	1.645708	-1.173816	-27.994715	1.553327	-1.140625	-28.015166	1.555649	-1.137189	-28.125282	1.522172	-1.252582	-27.841573	1.549088	-1.095790	-28.060428	1.476589	-0.879292	-27.907713	0.744377	-1.598148	-27.919111	1.365766	-0.551318	-28.073177	-0.084739	-2.053802	-27.971547	1.387294	-0.555441	-28.077862	-0.027302	-2.050905	-27.937691	1.413490	-0.562781	-28.122187	-0.035613	-2.028500	-28.144975	0.984042	-1.221293	-28.145645	0.981275	-1.293670	-27.836476	0.950777	-1.062096	-27.836528	0.966829	-1.114544	-28.153537	0.471273	-1.244655	-27.860833	0.456120	-1.072778	-28.188680	-0.063315	-1.170572	-28.150772	-0.061124	-1.261968	-27.843544	-0.061117	-1.042160	-27.826185	-0.062774	-1.088790
3828	53.170212	00:00:53:12	-27.950948	1.671821	-1.240329	-27.984200	1.650485	-1.091338	-28.066262	1.642106	-1.172454	-28.017030	1.536721	-1.176077	-28.011209	1.526774	-1.135734	-28.110184	1.552522	-1.233429	-27.845112	1.577528	-1.120046	-28.026865	1.446238	-0.910666	-27.958666	0.755180	-1.601830	-27.964443	1.379091	-0.574023	-28.100428	-0.037540	-2.046651	-27.954179	1.390607	-0.588955	-28.080531	-0.030922	-2.064590	-27.965031	1.372399	-0.568235	-28.104296	-0.046772	-2.071675	-28.176033	0.956334	-1.234007	-28.132417	0.989658	-1.289026	-27.864826	0.977113	-1.067847	-27.843243	0.961049	-1.092668	-28.153031	0.462683	-1.227141	-27.860313	0.457386	-1.064222	-28.158103	-0.023564	-1.201273	-28.129076	-0.059736	-1.271301	-27.854772	-0.020842	-1.046787	-27.821087	-0.065549	-1.087513
3829	53.184105	00:00:53:13	-27.970217	1.679900	-1.231371	-27.971815	1.622541	-1.106912	-28.062607	1.665942	-1.165337	-27.983476	1.543828	-1.174363	-28.030381	1.590405	-1.137209	-28.099809	1.550676	-1.268097	-27.857347	1.544116	-1.136101	-28.040295	1.449773	-0.910155	-27.973772	0.769602	-1.578998	-27.934520	1.386829	-0.577156	-28.136289	-0.045546	-2.057944	-27.964740	1.400162	-0.554469	-28.067552	-0.049043	-2.074625	-27.982536	1.379952	-0.566086	-28.111494	-0.073873	-2.055522	-28.155211	0.966563	-1.237695	-28.144273	0.954814	-1.270053	-27.884408	0.994849	-1.057247	-27.820079	0.962206	-1.128134	-28.148219	0.435247	-1.239571	-27.847568	0.440638	-1.085410	-28.167043	-0.090421	-1.218805	-28.141864	-0.051078	-1.254217	-27.855091	-0.077359	-0.999663	-27.841721	-0.043779	-1.096740
3830	53.197999	00:00:53:14	-27.952132	1.668660	-1.265677	-28.007285	1.653549	-1.090560	-28.088819	1.628971	-1.158905	-28.006122	1.526973	-1.194524	-28.027528	1.558945	-1.140340	-28.136874	1.524568	-1.259361	-27.843282	1.547228	-1.100400	-28.027807	1.461759	-0.876814	-27.974655	0.729899	-1.591214	-28.009195	1.387388	-0.567187	-28.093285	-0.026770	-2.056060	-27.932504	1.388678	-0.567284	-28.099104	-0.048380	-2.044750	-27.969653	1.344258	-0.583213	-28.065590	-0.033143	-2.079455	-28.186302	0.986208	-1.205364	-28.173354	0.972042	-1.251163	-27.879438	0.972470	-1.096982	-27.850274	0.958609	-1.080634	-28.181867	0.445376	-1.237131	-27.846557	0.491032	-1.059356	-28.192874	-0.058846	-1.177970	-28.178059	-0.053164	-1.288613	-27.841456	-0.068684	-1.048425	-27.838955	-0.047713	-1.098001
3831	53.211892	00:00:53:15	-27.985627	1.652351	-1.189239	-27.974460	1.668671	-1.080240	-28.051667	1.673493	-1.163797	-28.001907	1.545300	-1.178475	-28.013183	1.573183	-1.177552	-28.138428	1.566313	-1.266651	-27.832130	1.547911	-1.119656	-28.074220	1.443059	-0.906111	-27.958391	0.749678	-1.608135	-27.974943	1.419603	-0.603091	-28.102409	-0.054626	-2.055146	-27.970761	1.390547	-0.593883	-28.099039	-0.074795	-2.026913	-27.959557	1.376843	-0.583702	-28.080258	-0.075319	-2.079884	-28.150089	0.948574	-1.226793	-28.144925	0.977180	-1.269526	-27.857233	0.981420	-1.069857	-27.823562	0.967085	-1.148902	-28.157205	0.482011	-1.245716	-27.830576	0.457878	-1.064524	-28.185341	-0.049266	-1.215037	-28.152692	-0.064659	-1.239713	-27.845620	-0.038376	-1.061056	-27.821478	-0.050025	-1.081743
3832	53.225786	00:00:53:16	-27.939456	1.628206	-1.234775	-27.958272	1.655800	-1.091985	-28.082238	1.684552	-1.153912	-28.008480	1.569075	-1.177392	-28.016450	1.549405	-1.148466	-28.157043	1.549796	-1.228973	-27.874651	1.533943	-1.125878	-28.062729	1.422174	-0.945631	-27.954957	0.738041	-1.591414	-27.968570	1.377065	-0.580203	-28.065160	-0.007163	-2.087081	-27.972174	1.398909	-0.584191	-28.101592	-0.074732	-2.044605	-27.952713	1.366454	-0.532823	-28.076364	-0.066943	-2.033850	-28.217752	0.935034	-1.210463	-28.150037	0.986520	-1.304511	-27.887137	0.962529	-1.073908	-27.831125	0.987293	-1.142568	-28.167711	0.441925	-1.234609	-27.854102	0.423447	-1.082097	-28.155189	-0.062411	-1.198899	-28.140043	-0.063209	-1.227672	-27.873108	-0.052997	-1.019427	-27.800080	-0.052094	-1.119059
3833	53.239679	00:00:53:17	-28.003814	1.626563	-1.236733	-27.945359	1.654498	-1.078883	-28.073938	1.676724	-1.170416	-27.988745	1.559079	-1.176597	-28.024453	1.533063	-1.163099	-28.130172	1.538587	-1.238024	-27.855641	1.548143	-1.135410	-28.066501	1.464140	-0.911310	-27.937269	0.713783	-1.583043	-27.986284	1.392283	-0.564823	-28.081577	-0.050522	-2.049973	-27.953687	1.368980	-0.565067	-28.085228	-0.043871	-2.043069	-27.947617	1.369834	-0.582715	-28.096057	-0.042462	-2.053065	-28.175470	0.970074	-1.200491	-28.139473	0.965621	-1.292918	-27.836083	0.975480	-1.050560	-27.838108	0.943152	-1.117675	-28.139909	0.447336	-1.182911	-27.843869	0.472044	-1.066177	-28.184495	-0.041064	-1.227370	-28.148143	-0.054445	-1.249956	-27.823054	-0.058227	-1.039874	-27.811384	-0.083067	-1.082479
3834	53.253572	00:00:53:18	-27.977064	1.624294	-1.228027	-28.000785	1.638537	-1.089756	-28.086688	1.667394	-1.141531	-28.004815	1.555558	-1.187871	-27.998211	1.536382	-1.134203	-28.137557	1.572646	-1.231028	-27.869772	1.538370	-1.108284	-28.026910	1.461589	-0.894208	-28.009262	0.757338	-1.616724	-27.971387	1.364052	-0.567816	-28.114282	-0.032537	-2.073920	-27.987571	1.367878	-0.578128	-28.120365	-0.033936	-2.097331	-27.969736	1.373173	-0.587872	-28.093183	-0.063767	-2.074692	-28.152581	0.938008	-1.229199	-28.121817	0.951012	-1.260443	-27.861023	0.991989	-1.036660	-27.838470	0.956005	-1.127520	-28.185993	0.447375	-1.239963	-27.871232	0.431221	-1.058995	-28.175369	-0.035462	-1.221704	-28.134452	-0.050852	-1.252470	-27.858258	-0.060865	-1.058896	-27.826104	-0.037847	-1.095692
3835	53.267466	00:00:53:19	-27.978580	1.656967	-1.242428	-27.961054	1.646791	-1.066221	-28.087670	1.682920	-1.192307	-28.029094	1.529222	-1.193983	-28.018452	1.598030	-1.147392	-28.120173	1.552283	-1.268759	-27.873107	1.547174	-1.109481	-28.077737	1.462873	-0.932802	-27.964227	0.753457	-1.619751	-27.959637	1.392628	-0.604222	-28.072368	-0.036457	-2.094548	-27.968856	1.409186	-0.562246	-28.096918	-0.034018	-2.034776	-27.980054	1.367511	-0.587905	-28.084546	-0.041114	-2.080354	-28.165988	0.980492	-1.250016	-28.151034	0.960377	-1.290420	-27.875403	0.983682	-1.072639	-27.802880	0.966289	-1.127635	-28.188030	0.432401	-1.248426	-27.853601	0.462661	-1.079325	-28.169507	-0.078888	-1.179294	-28.156277	-0.038310	-1.276287	-27.832397	-0.024165	-1.032443	-27.835174	-0.093188	-1.110992
3836	53.281359	00:00:53:20	-27.977041	1.633467	-1.230795	-27.964021	1.649280	-1.119648	-28.078892	1.649475	-1.182368	-27.990544	1.549085	-1.169814	-28.018807	1.557919	-1.138996	-28.150818	1.546022	-1.260167	-27.878379	1.547172	-1.113307	-28.056664	1.461431	-0.892907	-27.983162	0.754293	-1.598762	-27.943425	1.379771	-0.589959	-28.084290	-0.055199	-2.055046	-27.958744	1.397936	-0.546557	-28.124378	-0.058636	-2.029351	-27.955306	1.380840	-0.553153	-28.098050	-0.053206	-2.044541	-28.233384	0.978105	-1.242959	-28.164951	0.963639	-1.273297	-27.860117	0.934980	-1.041314	-27.810145	0.993824	-1.105799	-28.169480	0.486364	-1.239745	-27.848372	0.471680	-1.061454	-28.185261	-0.048635	-1.204776	-28.158485	-0.075736	-1.252836	-27.860762	-0.071430	-1.037602	-27.827060	-0.027081	-1.071012
3837	53.295253	00:00:53:21	-27.947563	1.620287	-1.252074	-27.974356	1.662047	-1.103561	-28.102987	1.658930	-1.153496	-27.980955	1.523473	-1.196039	-28.016385	1.548180	-1.148176	-28.127931	1.512552	-1.275050	-27.872842	1.542629	-1.129883	-28.033430	1.449838	-0.941491	-27.971241	0.714926	-1.574309	-27.971169	1.365816	-0.572474	-28.137775	-0.037259	-2.046665	-27.968387	1.393158	-0.579259	-28.098399	-0.076069	-2.062078	-27.949060	1.388291	-0.585135	-28.080150	-0.016274	-2.049020	-28.169603	0.976737	-1.228816	-28.174478	0.935588	-1.292685	-27.862042	0.977788	-1.061223	-27.804889	0.977102	-1.113782	-28.171442	0.445820	-1.241229	-27.828018	0.460684	-1.063581	-28.159783	-0.042532	-1.220365	-28.162255	-0.055193	-1.242771	-27.848620	-0.050811	-1.023315	-27.854447	-0.068361	-1.118513
3838	53.309146	00:00:53:22	-27.976576	1.679988	-1.252818	-27.954221	1.618520	-1.085119	-28.064578	1.647387	-1.161030	-27.979876	1.533612	-1.183514	-27.992939	1.568758	-1.135916	-28.109773	1.522328	-1.241849	-27.885755	1.528283	-1.112108	-28.055500	1.443300	-0.914026	-27.965327	0.751324	-1.564221	-27.973169	1.382664	-0.562474	-28.073870	-0.023006	-2.086005	-27.977267	1.391997	-0.573838	-28.093678	-0.047973	-2.053878	-27.954038	1.362793	-0.583867	-28.085488	-0.055340	-2.059320	-28.167497	0.959727	-1.214963	-28.151254	0.978077	-1.265898	-27.861168	0.985781	-1.049427	-27.849726	0.960872	-1.129726	-28.168254	0.470907	-1.270394	-27.838637	0.457431	-1.104338	-28.174402	-0.059913	-1.222601	-28.151907	-0.070774	-1.266852	-27.846041	-0.065366	-1.065125	-27.822931	-0.049130	-1.113484
3839	53.323040	00:00:53:23	-27.977679	1.668517	-1.239778	-27.995121	1.672929	-1.109240	-28.095615	1.680718	-1.128988	-27.995241	1.518292	-1.156786	-28.006213	1.551690	-1.154783	-28.137217	1.557531	-1.246611	-27.843552	1.532043	-1.090046	-28.064470	1.465568	-0.897938	-27.982883	0.763817	-1.599270	-27.930228	1.372274	-0.585581	-28.098068	-0.022848	-2.080521	-27.950843	1.400982	-0.582407	-28.105409	-0.074672	-2.044406	-27.966707	1.375986	-0.566821	-28.111908	-0.041561	-2.051080	-28.155315	0.981692	-1.278931	-28.139745	0.961475	-1.259218	-27.842646	0.922108	-1.042349	-27.839170	0.956239	-1.117962	-28.148954	0.472858	-1.242209	-27.880861	0.460638	-1.091529	-28.172250	-0.057369	-1.206416	-28.166222	-0.063737	-1.250699	-27.885950	-0.056953	-1.047481	-27.805624	-0.093972	-1.072972
3840	53.336933	00:00:53:24	-27.983259	1.647061	-1.223210	-27.968803	1.658879	-1.083029	-28.090426	1.707067	-1.153197	-27.997579	1.530825	-1.193708	-28.016435	1.563244	-1.169506	-28.112528	1.532819	-1.265719	-27.849623	1.558317	-1.131415	-28.043285	1.479228	-0.918379	-27.951916	0.715925	-1.588338	-27.955987	1.383021	-0.547533	-28.062379	-0.035670	-2.072763	-27.935115	1.408143	-0.587894	-28.112640	-0.041030	-2.068699	-27.959329	1.356043	-0.570069	-28.087814	-0.076212	-2.071369	-28.178574	0.940340	-1.233640	-28.127499	0.939663	-1.254329	-27.869211	0.953034	-1.052283	-27.804832	0.987482	-1.101915	-28.164586	0.451607	-1.215177	-27.834263	0.472834	-1.094989	-28.193035	-0.057391	-1.223172	-28.169806	-0.016700	-1.267345	-27.864807	-0.057211	-1.047685	-27.799001	-0.038585	-1.076650
3841	53.350827	00:00:53:25	-27.980880	1.649833	-1.221505	-27.949566	1.626732	-1.094048	-28.057747	1.630552	-1.186130	-27.986302	1.550715	-1.214882	-27.975004	1.556209	-1.158730	-28.127037	1.530816	-1.246536	-27.854890	1.536610	-1.105657	-28.026787	1.496289	-0.881586	-27.959443	0.754600	-1.577373	-27.944203	1.368934	-0.564743	-28.101491	-0.036267	-2.057624	-27.989966	1.401566	-0.567747	-28.084440	-0.012112	-2.064593	-27.958488	1.388443	-0.565231	-28.134347	-0.021844	-2.089152	-28.159937	0.983511	-1.219994	-28.147494	0.955341	-1.299071	-27.856327	0.983870	-1.100949	-27.809354	0.957537	-1.157861	-28.161364	0.466739	-1.218615	-27.862786	0.481541	-1.115378	-28.164947	-0.032931	-1.201329	-28.130134	-0.044014	-1.265780	-27.854057	-0.059830	-1.047743	-27.822057	-0.043475	-1.080592
3842	53.364720	00:00:53:26	-27.925523	1.671705	-1.236141	-27.992593	1.651261	-1.107596	-28.071438	1.634627	-1.153581	-28.015472	1.522109	-1.194043	-28.032510	1.537817	-1.149135	-28.114130	1.537028	-1.270763	-27.853002	1.546772	-1.129932	-28.053273	1.460557	-0.895748	-27.989281	0.748828	-1.579874	-27.952590	1.381683	-0.563155	-28.068297	-0.075980	-2.057143	-27.955225	1.385516	-0.566982	-28.085762	-0.011524	-2.064381	-27.983463	1.380587	-0.575329	-28.075243	-0.026345	-2.049862	-28.173265	0.959097	-1.209757	-28.116625	0.958200	-1.253418	-27.837534	0.982798	-1.031634	-27.837027	0.956366	-1.094119	-28.142405	0.461457	-1.231355	-27.861022	0.460884	-1.065216	-28.206068	-0.066386	-1.193635	-28.132766	-0.046162	-1.262183	-27.856997	-0.056405	-1.066277	-27.820351	-0.061182	-1.092721
3843	53.378613	00:00:53:27	-27.972445	1.676096	-1.268966	-27.956699	1.695323	-1.077390	-28.065863	1.673198	-1.160897	-27.989051	1.545650	-1.186944	-27.981789	1.541067	-1.177990	-28.150014	1.515121	-1.256813	-27.863476	1.571920	-1.103562	-28.063143	1.477649	-0.934268	-27.997400	0.778628	-1.592056	-27.958338	1.368644	-0.587165	-28.077943	-0.063157	-2.060427	-27.995118	1.406873	-0.567860	-28.092132	-0.028288	-2.070123	-27.968437	1.382356	-0.552303	-28.068451	-0.035221	-2.085186	-28.159417	0.961877	-1.236669	-28.116712	0.982272	-1.247808	-27.850209	0.976669	-1.052751	-27.848186	0.968495	-1.115826	-28.140350	0.444981	-1.226015	-27.850315	0.447048	-1.079219	-28.152373	-0.047875	-1.186895	-28.187429	-0.062013	-1.257031	-27.875859	-0.050190	-1.029614	-27.853427	-0.048068	-1.120597
3844	53.392507	00:00:53:28	-27.987076	1.652479	-1.211915	-27.961463	1.625654	-1.095304	-28.099990	1.685364	-1.120518	-27.974539	1.536807	-1.190757	-28.004059	1.555088	-1.133760	-28.117088	1.566302	-1.261987	-27.901237	1.535165	-1.107733	-28.074064	1.470654	-0.909059	-27.980008	0.736237	-1.587062	-27.956496	1.392301	-0.584100	-28.067831	-0.046932	-2.020388	-27.938283	1.391414	-0.581898	-28.069437	-0.049314	-2.072077	-27.933420	1.359516	-0.576162	-28.087258	-0.066639	-2.074511	-28.160992	0.975589	-1.231797	-28.140147	0.964799	-1.292216	-27.840449	0.984238	-1.080989	-27.812367	0.969434	-1.112319	-28.171472	0.433619	-1.259768	-27.828074	0.482590	-1.087760	-28.191782	-0.025690	-1.195937	-28.183937	-0.057301	-1.229504	-27.850383	-0.021318	-1.030132	-27.843175	-0.043823	-1.097246
3845	53.406400	00:00:53:29	-27.966126	1.674888	-1.210935	-27.955157	1.665970	-1.089747	-28.092200	1.654701	-1.188343	-27.966896	1.526384	-1.171600	-28.012683	1.546547	-1.136543	-28.139609	1.549395	-1.229613	-27.869269	1.526315	-1.117667	-28.055810	1.463698	-0.900579	-27.959111	0.760413	-1.605454	-27.967454	1.405058	-0.568899	-28.101181	-0.043822	-2.072786	-27.973257	1.353099	-0.574702	-28.107159	-0.016289	-2.070766	-27.960003	1.393767	-0.580126	-28.088277	-0.054043	-2.061622	-28.199599	0.961191	-1.216741	-28.149866	0.962757	-1.312412	-27.856724	1.000971	-1.049321	-27.821218	0.955596	-1.118619	-28.163586	0.460722	-1.257435	-27.837392	0.472983	-1.078929	-28.169827	-0.043680	-1.215582	-28.142882	-0.053154	-1.232096	-27.862114	-0.036003	-1.039117	-27.827990	-0.048024	-1.078940
3846	53.420294	00:00:53:30	-27.987187	1.660532	-1.243479	-27.998922	1.656839	-1.048094	-28.100453	1.656778	-1.162242	-28.005002	1.512184	-1.203554	-27.984865	1.534726	-1.140310	-28.108150	1.499459	-1.244188	-27.890243	1.537792	-1.128985	-28.033899	1.449338	-0.943792	-27.971260	0.780304	-1.606442	-27.942961	1.364324	-0.555306	-28.068545	-0.066073	-2.056829	-27.945946	1.394307	-0.597499	-28.090753	-0.058861	-2.043149	-27.926777	1.396595	-0.562267	-28.074934	-0.063875	-2.048750	-28.164972	0.951727	-1.213051	-28.166150	0.966931	-1.308566	-27.838670	1.026577	-1.043201	-27.840513	0.983864	-1.121770	-28.145266	0.483799	-1.275190	-27.863454	0.442790	-1.090876	-28.153653	-0.058933	-1.213958	-28.147686	-0.063696	-1.235891	-27.879045	-0.072810	-1.063675	-27.855723	-0.061648	-1.066761
3847	53.434187	00:00:53:31	-27.967529	1.630466	-1.235609	-27.959245	1.634080	-1.120322	-28.087402	1.644355	-1.133743	-28.005764	1.543623	-1.169704	-28.029546	1.546398	-1.153501	-28.131538	1.550439	-1.257904	-27.827784	1.558970	-1.101366	-28.053048	1.478794	-0.913601	-27.964813	0.706601	-1.597176	-27.963156	1.410386	-0.593804	-28.093631	-0.055648	-2.061998	-27.972582	1.388692	-0.614291	-28.082008	-0.064415	-2.057073	-27.981511	1.358266	-0.597280	-28.042964	-0.039822	-2.061415	-28.144049	0.973718	-1.224772	-28.153409	0.967809	-1.255054	-27.859331	0.956838	-1.088471	-27.823226	0.985534	-1.136682	-28.179753	0.489836	-1.228495	-27.865469	0.472500	-1.078077	-28.167945	-0.013546	-1.201997	-28.150862	-0.048401	-1.246172	-27.869457	-0.070845	-1.044907	-27.837434	-0.099737	-1.119983
3848	53.448081	00:00:53:32	-27.956574	1.675299	-1.230044	-27.953196	1.674826	-1.110925	-28.059675	1.652058	-1.172703	-27.982133	1.538571	-1.170350	-27.997575	1.544178	-1.167673	-28.132222	1.537855	-1.287492	-27.814719	1.530842	-1.115270	-28.052069	1.482600	-0.924278	-27.972177	0.738505	-1.568134	-27.931727	1.366590	-0.578644	-28.105060	-0.061402	-2.060127	-27.953281	1.386189	-0.559543	-28.080313	-0.054979	-2.070453	-27.975984	1.348914	-0.549126	-28.086640	-0.046504	-1.979083	-28.173027	0.965542	-1.233613	-28.146745	0.951560	-1.277057	-27.835239	0.962186	-1.078279	-27.812431	0.957691	-1.139969	-28.188684	0.435100	-1.246606	-27.856043	0.469823	-1.083029	-28.149366	-0.056761	-1.185991	-28.142278	-0.083576	-1.261323	-27.866558	-0.059085	-1.027222	-27.839205	-0.050002	-1.083111
3849	53.461974	00:00:53:33	-27.988832	1.662650	-1.234042	-27.945237	1.652830	-1.083144	-28.058213	1.659373	-1.150754	-27.979494	1.540192	-1.212621	-28.028648	1.568497	-1.116650	-28.128191	1.523680	-1.264190	-27.864794	1.526073	-1.138097	-28.050121	1.477920	-0.947342	-27.960971	0.754318	-1.592106	-27.951926	1.391423	-0.564471	-28.077022	-0.048148	-2.041684	-27.965988	1.381974	-0.568051	-28.095895	-0.038783	-2.089204	-27.970758	1.384666	-0.564959	-28.102209	-0.039170	-2.070103	-28.196041	0.980514	-1.224502	-28.130739	0.985999	-1.282617	-27.844515	0.958370	-1.075762	-27.848116	0.981010	-1.083134	-28.165648	0.474933	-1.265546	-27.845727	0.452202	-1.067114	-28.198831	-0.083740	-1.212180	-28.153957	-0.037208	-1.234618	-27.866772	-0.045839	-1.051278	-27.840436	-0.045857	-1.088269
3850	53.475868	00:00:53:34	-27.945175	1.636551	-1.237977	-27.976204	1.715972	-1.081572	-28.067742	1.643479	-1.155866	-27.984934	1.541274	-1.187490	-28.015512	1.549544	-1.135397	-28.137074	1.557696	-1.253359	-27.856191	1.567881	-1.126770	-28.045219	1.475202	-0.923672	-27.943696	0.720915	-1.610574	-27.981180	1.383979	-0.560091	-28.109793	-0.026315	-2.063670	-27.967855	1.381565	-0.572177	-28.119359	-0.069440	-2.065336	-27.950429	1.392523	-0.569641	-28.114081	-0.052715	-2.063564	-28.172751	0.963719	-1.214429	-28.156696	0.961553	-1.285374	-27.863079	0.945175	-1.077451	-27.852327	0.966658	-1.114212	-28.181478	0.463926	-1.238317	-27.863293	0.434718	-1.083825	-28.180486	-0.054882	-1.242504	-28.147858	-0.082167	-1.268688	-27.867478	-0.047737	-1.041493	-27.823008	-0.077380	-1.089146
3851	53.489761	00:00:53:35	-27.938164	1.661406	-1.242718	-28.007747	1.668894	-1.126581	-28.056197	1.657097	-1.160257	-27.961057	1.534726	-1.213730	-27.989144	1.554790	-1.123152	-28.117042	1.544348	-1.248183	-27.873287	1.582157	-1.080289	-28.043276	1.469970	-0.889555	-27.966094	0.767564	-1.598950	-27.949791	1.357988	-0.567707	-28.093051	-0.057063	-2.087485	-27.956953	1.367681	-0.587329	-28.096139	-0.083936	-2.043249	-27.977638	1.393687	-0.583383	-28.095666	-0.035621	-2.092755	-28.159923	0.971907	-1.203555	-28.143552	0.966681	-1.288684	-27.868364	0.988953	-1.036041	-27.825888	0.959600	-1.104834	-28.124022	0.465549	-1.270816	-27.806877	0.432760	-1.098346	-28.140808	-0.041653	-1.247312	-28.173489	-0.025816	-1.250572	-27.861702	-0.050387	-1.041304	-27.861008	-0.069982	-1.081791
3852	53.503654	00:00:53:36	-27.951553	1.657658	-1.230927	-27.991730	1.651006	-1.088499	-28.049434	1.648555	-1.187286	-27.980174	1.549881	-1.184576	-27.986148	1.560653	-1.146340	-28.120818	1.570434	-1.256395	-27.869485	1.559808	-1.151074	-28.051961	1.470313	-0.940955	-27.984824	0.762650	-1.589470	-27.937020	1.372441	-0.627720	-28.094743	-0.078213	-2.057281	-27.952959	1.379201	-0.591261	-28.124713	-0.046353	-2.058471	-27.957932	1.373935	-0.560014	-28.093959	-0.050789	-2.066222	-28.173815	0.943053	-1.205781	-28.180549	0.962248	-1.258386	-27.868703	1.010981	-1.071465	-27.832417	1.017632	-1.127928	-28.188438	0.475051	-1.289594	-27.852476	0.481763	-1.089705	-28.193649	-0.049321	-1.213535	-28.131316	-0.054034	-1.275604	-27.866313	-0.091048	-1.060836	-27.827882	-0.078254	-1.082819
3853	53.517548	00:00:53:37	-27.950909	1.628307	-1.239389	-27.974146	1.666668	-1.116828	-28.106216	1.651172	-1.149371	-27.990957	1.525918	-1.188221	-28.006164	1.535583	-1.160266	-28.111793	1.557652	-1.256459	-27.862696	1.543492	-1.119177	-28.036666	1.433247	-0.892306	-27.974467	0.733701	-1.586955	-27.972885	1.363664	-0.553261	-28.077919	-0.053803	-2.072035	-27.970369	1.393881	-0.570144	-28.089716	-0.066039	-2.064792	-27.943302	1.384414	-0.563157	-28.094627	-0.066887	-2.046827	-28.162394	1.003603	-1.236162	-28.127891	0.963051	-1.271794	-27.853176	0.975419	-1.039436	-27.828873	0.958672	-1.098788	-28.195067	0.475158	-1.232026	-27.834713	0.473130	-1.075365	-28.188372	-0.048309	-1.202863	-28.147081	-0.034990	-1.258377	-27.872446	-0.038073	-1.046344	-27.851442	-0.062546	-1.092410
3854	53.531441	00:00:53:38	-27.940259	1.652583	-1.214539	-27.959743	1.675779	-1.101986	-28.104245	1.616719	-1.157499	-27.984405	1.521570	-1.191251	-28.008853	1.545345	-1.148246	-28.122403	1.537492	-1.261730	-27.849875	1.541612	-1.121315	-28.063370	1.483608	-0.911690	-27.977136	0.722208	-1.575037	-27.962398	1.384376	-0.581260	-28.075246	-0.066285	-2.057011	-27.948030	1.388420	-0.559447	-28.101214	-0.097484	-2.038218	-27.972876	1.368973	-0.559100	-28.100645	-0.057993	-2.080773	-28.174027	0.984312	-1.217729	-28.156891	0.959006	-1.273057	-27.846829	0.984783	-1.069952	-27.838728	0.939073	-1.128571	-28.154926	0.456265	-1.222424	-27.820782	0.455453	-1.063059	-28.170154	-0.048952	-1.209763	-28.162464	-0.047257	-1.251480	-27.849674	-0.023966	-1.053469	-27.835098	-0.037278	-1.077957
3855	53.545335	00:00:53:39	-27.962356	1.665445	-1.232791	-27.968613	1.658927	-1.101174	-28.057749	1.675063	-1.159935	-28.000505	1.505268	-1.146099	-28.004124	1.544839	-1.144460	-28.121212	1.586805	-1.250170	-27.865889	1.542612	-1.129504	-28.065033	1.493284	-0.897407	-27.991061	0.770444	-1.620734	-27.955081	1.365285	-0.573403	-28.083915	-0.028746	-2.084724	-27.984886	1.405145	-0.573256	-28.095210	-0.072523	-2.057604	-27.961674	1.353246	-0.549561	-28.048415	-0.030401	-2.061727	-28.163961	0.972405	-1.238665	-28.171858	0.969348	-1.276989	-27.853594	0.999405	-1.047795	-27.816706	0.972285	-1.087758	-28.172594	0.425768	-1.234896	-27.860104	0.452902	-1.068521	-28.158449	-0.051688	-1.213018	-28.131507	-0.083916	-1.236603	-27.841661	-0.060787	-1.042756	-27.814356	-0.075619	-1.091661
3856	53.559228	00:00:53:40	-27.981256	1.678435	-1.231395	-27.970038	1.675409	-1.075775	-28.068872	1.670339	-1.160195	-27.982863	1.551549	-1.172993	-27.984103	1.525018	-1.169305	-28.104229	1.525079	-1.220480	-27.881032	1.567253	-1.104988	-28.053906	1.499191	-0.910322	-27.928796	0.775170	-1.588453	-27.956637	1.374923	-0.591080	-28.051484	-0.046089	-2.084373	-27.974141	1.382279	-0.592603	-28.094269	-0.035700	-2.076446	-27.939934	1.382201	-0.544761	-28.083685	-0.048407	-2.066791	-28.187521	0.988149	-1.246980	-28.123267	0.974113	-1.263652	-27.852606	0.935537	-1.057994	-27.850802	0.961911	-1.156791	-28.171436	0.454297	-1.239447	-27.840130	0.440097	-1.063844	-28.194686	-0.067846	-1.208845	-28.172585	-0.055575	-1.281311	-27.881945	-0.054112	-1.023946	-27.854030	-0.094142	-1.117086
3857	53.573122	00:00:53:41	-27.968991	1.659196	-1.235353	-27.974637	1.677099	-1.106144	-28.034794	1.684016	-1.145917	-28.020902	1.541601	-1.165208	-27.999198	1.564878	-1.145073	-28.119047	1.538350	-1.288367	-27.853370	1.553625	-1.112523	-28.079465	1.502936	-0.949630	-27.974589	0.739042	-1.587667	-27.970755	1.410094	-0.593239	-28.065845	-0.042627	-2.039893	-27.973509	1.403754	-0.556333	-28.088835	-0.022016	-2.022820	-27.965284	1.397180	-0.594624	-28.082166	-0.042069	-2.058251	-28.162037	0.970251	-1.208470	-28.189369	1.014209	-1.282622	-27.860555	0.953910	-1.078587	-27.796060	0.965899	-1.105667	-28.151300	0.445106	-1.209870	-27.866363	0.435085	-1.093724	-28.182904	-0.057183	-1.192675	-28.131374	-0.022010	-1.249740	-27.888838	-0.058376	-1.052584	-27.814699	-0.064637	-1.079214
3858	53.587015	00:00:53:42	-27.955480	1.609737	-1.227706	-27.975463	1.666159	-1.099184	-28.069003	1.639957	-1.158423	-27.977980	1.541561	-1.192268	-28.042518	1.537152	-1.128222	-28.158414	1.543011	-1.265217	-27.853894	1.501095	-1.110570	-28.015608	1.454753	-0.924905	-27.984836	0.748079	-1.608921	-27.990568	1.389469	-0.540697	-28.091371	-0.028627	-2.041734	-27.978262	1.380468	-0.608952	-28.103867	-0.034416	-2.078657	-27.917464	1.373681	-0.587887	-28.087667	-0.056412	-2.038390	-28.185008	0.975295	-1.204093	-28.165841	0.966649	-1.274360	-27.862157	0.974335	-1.107837	-27.805872	0.947013	-1.093963	-28.138058	0.468831	-1.244792	-27.831472	0.452828	-1.068123	-28.184017	-0.037781	-1.226011	-28.148460	-0.045045	-1.242937	-27.880678	-0.060741	-1.047487	-27.863215	-0.065332	-1.088404
3859	53.600909	00:00:53:43	-27.995559	1.685335	-1.242235	-27.964730	1.634807	-1.113225	-28.051278	1.671036	-1.117044	-28.008614	1.524971	-1.194428	-28.023605	1.536199	-1.158544	-28.133108	1.553851	-1.222697	-27.847571	1.514452	-1.108532	-28.046560	1.439716	-0.906549	-27.984944	0.779550	-1.594726	-27.953530	1.380257	-0.589352	-28.089121	-0.047398	-2.043683	-27.968393	1.409301	-0.565755	-28.100643	-0.075999	-2.061791	-27.934949	1.384624	-0.574859	-28.099360	-0.026172	-2.079040	-28.157581	0.990314	-1.217893	-28.171522	0.965007	-1.236322	-27.832502	0.986640	-1.088026	-27.825765	0.966988	-1.133900	-28.188145	0.435019	-1.219039	-27.845169	0.462196	-1.098829	-28.192224	-0.088654	-1.206266	-28.182376	-0.058773	-1.220271	-27.861007	-0.066004	-1.047743	-27.822124	-0.081552	-1.095084
3860	53.614802	00:00:53:44	-27.982869	1.676382	-1.226054	-27.972889	1.674449	-1.105599	-28.071378	1.664545	-1.159855	-28.014758	1.551715	-1.195809	-27.992339	1.551375	-1.148267	-28.128583	1.539811	-1.291444	-27.852691	1.549965	-1.130192	-28.039382	1.481217	-0.920527	-27.961166	0.770516	-1.562729	-27.962916	1.385916	-0.543089	-28.080159	-0.039612	-2.024393	-27.935299	1.372927	-0.571244	-28.076664	-0.071815	-2.084505	-27.976606	1.416712	-0.564991	-28.104115	-0.076424	-2.055232	-28.215160	0.998546	-1.206473	-28.170217	0.966512	-1.263300	-27.860266	0.970103	-1.052977	-27.828955	0.953781	-1.092314	-28.154065	0.443051	-1.231585	-27.826483	0.482615	-1.054258	-28.170392	-0.070075	-1.187279	-28.162234	-0.043187	-1.254754	-27.834438	-0.062137	-1.004632	-27.815791	-0.026639	-1.123504
3861	53.628695	00:00:53:45	-27.978077	1.656254	-1.256822	-27.965533	1.662738	-1.111948	-28.043272	1.647831	-1.174635	-27.993503	1.526187	-1.184261	-27.997747	1.542299	-1.139350	-28.149864	1.529969	-1.261700	-27.850659	1.541587	-1.102780	-28.056170	1.447782	-0.879518	-27.985381	0.750928	-1.611289	-27.970284	1.414447	-0.594256	-28.078606	-0.055350	-2.055999	-27.940755	1.383431	-0.563353	-28.091062	-0.040247	-2.063043	-27.962578	1.398306	-0.587207	-28.122685	-0.034213	-2.035393	-28.153256	0.965998	-1.234440	-28.134160	0.937674	-1.261558	-27.866885	0.980978	-1.039149	-27.819814	1.000707	-1.103791	-28.136553	0.463056	-1.249048	-27.827291	0.458111	-1.107863	-28.166743	-0.047510	-1.177669	-28.140988	-0.047519	-1.248900	-27.831422	-0.059898	-1.036787	-27.806503	-0.053460	-1.105178
3862	53.642589	00:00:53:46	-27.982072	1.634806	-1.227711	-27.972490	1.667363	-1.108109	-28.078655	1.688215	-1.150990	-27.999934	1.521722	-1.189792	-28.017063	1.506805	-1.114330	-28.159829	1.542736	-1.259551	-27.860896	1.525987	-1.149648	-28.066644	1.462971	-0.903481	-27.947185	0.727363	-1.589175	-27.973497	1.360926	-0.554059	-28.124754	-0.054155	-2.064635	-27.967802	1.374486	-0.577522	-28.090762	-0.043127	-2.071378	-27.965980	1.396629	-0.581741	-28.091438	0.004024	-2.066295	-28.191483	0.964522	-1.212524	-28.153719	0.951819	-1.282639	-27.855567	0.982165	-1.068210	-27.864016	0.968309	-1.105910	-28.147863	0.457601	-1.226209	-27.838419	0.457976	-1.061032	-28.181156	-0.027982	-1.181158	-28.160277	-0.069577	-1.235513	-27.887397	-0.053172	-1.074446	-27.832410	-0.069195	-1.116658
3863	53.656482	00:00:53:47	-27.969850	1.662542	-1.242013	-27.970580	1.667199	-1.091835	-28.069890	1.633959	-1.152882	-28.008043	1.528424	-1.188737	-28.014115	1.554033	-1.177864	-28.127295	1.496496	-1.261862	-27.864171	1.559991	-1.117408	-28.043700	1.476631	-0.906731	-27.992726	0.746506	-1.607833	-27.967335	1.372689	-0.569698	-28.091438	-0.050386	-2.097105	-27.986599	1.360729	-0.602028	-28.112996	-0.037894	-2.033662	-27.951587	1.389580	-0.600341	-28.079973	-0.032899	-2.087706	-28.195227	0.962814	-1.188281	-28.132631	0.951016	-1.274538	-27.831238	0.981736	-1.050189	-27.819735	0.935459	-1.119221	-28.146262	0.477428	-1.246230	-27.847083	0.447927	-1.065085	-28.183485	-0.010551	-1.206901	-28.168452	-0.057053	-1.266760	-27.833422	-0.071555	-1.039849	-27.802999	-0.073780	-1.107581
3864	53.670376	00:00:53:48	-27.985144	1.640326	-1.230140	-27.958767	1.668218	-1.078501	-28.080543	1.633513	-1.148316	-27.996967	1.548064	-1.166045	-28.017604	1.513093	-1.130925	-28.109534	1.522108	-1.275726	-27.876884	1.553135	-1.159167	-28.081570	1.454397	-0.894359	-27.976182	0.716229	-1.567530	-27.966240	1.360745	-0.547208	-28.072275	-0.041698	-2.061776	-27.950140	1.387861	-0.581762	-28.081949	-0.058429	-2.047598	-27.936679	1.385734	-0.551841	-28.071915	-0.015318	-2.056552	-28.165148	0.987029	-1.228926	-28.140622	0.946790	-1.326967	-27.870748	0.920966	-1.066560	-27.839995	0.968522	-1.101741	-28.186877	0.441603	-1.256361	-27.834980	0.456768	-1.074437	-28.205093	-0.056438	-1.161352	-28.129222	-0.080100	-1.243135	-27.841814	-0.067898	-1.045297	-27.794605	-0.055164	-1.091859
3865	53.684269	00:00:53:49	-27.959985	1.659042	-1.235223	-27.938968	1.634320	-1.086287	-28.068527	1.651811	-1.140865	-28.002955	1.564444	-1.164524	-28.028573	1.563353	-1.153746	-28.123330	1.544398	-1.263757	-27.887217	1.557505	-1.123828	-28.048971	1.451010	-0.917472	-28.006070	0.749556	-1.606120	-27.955700	1.346586	-0.566290	-28.114950	-0.028150	-2.055520	-27.937880	1.386361	-0.570107	-28.108949	-0.089207	-2.045297	-27.961727	1.380711	-0.568573	-28.071148	-0.023027	-2.088504	-28.188118	0.967929	-1.208875	-28.163959	0.956388	-1.268645	-27.885037	0.964740	-1.058987	-27.833801	0.998251	-1.111506	-28.151036	0.430916	-1.263802	-27.863883	0.456692	-1.073470	-28.197872	-0.031937	-1.166651	-28.148261	-0.077072	-1.276846	-27.845527	-0.072827	-1.007551	-27.836557	-0.060695	-1.111314
3866	53.698163	00:00:53:50	-27.972282	1.621083	-1.236463	-27.991309	1.632917	-1.089772	-28.075230	1.671433	-1.132808	-27.989681	1.531691	-1.176814	-28.013448	1.566062	-1.133751	-28.156066	1.564420	-1.264649	-27.829607	1.541651	-1.115066	-28.045686	1.458234	-0.931028	-27.989582	0.738159	-1.599143	-27.970344	1.358488	-0.569688	-28.096481	-0.045477	-2.046655	-27.983454	1.387036	-0.563272	-28.106601	-0.039988	-2.077555	-27.960997	1.354597	-0.605773	-28.063956	-0.069484	-2.050878	-28.153852	0.947064	-1.246934	-28.126670	0.965776	-1.285466	-27.859506	0.973270	-1.050821	-27.822563	0.949970	-1.088246	-28.130509	0.440386	-1.266077	-27.847231	0.470497	-1.066907	-28.191082	-0.078562	-1.208167	-28.140598	-0.079645	-1.245758	-27.851668	-0.057445	-1.030361	-27.829283	-0.052940	-1.102627
3867	53.712056	00:00:53:51	-27.977834	1.660786	-1.250915	-27.937625	1.703836	-1.123532	-28.046705	1.639828	-1.134990	-27.986172	1.537360	-1.182466	-28.028156	1.520306	-1.153494	-28.137347	1.538685	-1.265294	-27.831704	1.535729	-1.123980	-28.047507	1.431047	-0.917656	-27.980334	0.749807	-1.578270	-27.952717	1.391036	-0.574422	-28.089493	-0.074608	-2.070943	-27.944979	1.390652	-0.574672	-28.088882	-0.018786	-2.077571	-27.953785	1.398555	-0.575932	-28.073153	-0.034724	-2.053875	-28.190581	0.972171	-1.202636	-28.178834	0.971314	-1.296194	-27.837549	0.962816	-1.085799	-27.844816	0.962094	-1.109633	-28.141492	0.477480	-1.233506	-27.868213	0.459789	-1.060116	-28.169428	-0.057923	-1.177565	-28.182022	-0.076881	-1.253863	-27.880859	-0.060542	-1.037127	-27.824785	-0.041712	-1.086586
3868	53.725950	00:00:53:52	-27.941930	1.648885	-1.224774	-27.971833	1.671971	-1.109862	-28.095191	1.674623	-1.140348	-27.965046	1.513157	-1.174549	-28.013488	1.539195	-1.155253	-28.096746	1.531811	-1.228426	-27.890557	1.553859	-1.143390	-28.032126	1.454691	-0.898591	-27.987122	0.753010	-1.576387	-27.946979	1.374567	-0.612006	-28.077064	-0.056435	-2.030216	-27.952525	1.365459	-0.565445	-28.105179	-0.052292	-2.031475	-27.944783	1.370024	-0.580800	-28.115817	-0.044235	-2.069869	-28.177661	0.965449	-1.226489	-28.170088	1.006903	-1.259919	-27.843920	0.984770	-1.084472	-27.817382	0.964168	-1.107054	-28.153738	0.447221	-1.233611	-27.828492	0.438391	-1.049770	-28.190256	-0.079059	-1.215269	-28.157256	-0.061714	-1.256403	-27.870480	-0.040648	-1.068084	-27.806637	-0.073067	-1.120623
3869	53.739843	00:00:53:53	-27.996194	1.664391	-1.275520	-27.971293	1.664621	-1.090731	-28.077389	1.651655	-1.161908	-28.000635	1.536630	-1.190700	-28.016020	1.543181	-1.162216	-28.153785	1.545530	-1.255345	-27.848401	1.518921	-1.114020	-28.048731	1.478801	-0.925953	-27.977037	0.762312	-1.580538	-27.976658	1.379841	-0.541488	-28.102776	-0.056263	-2.073985	-27.955776	1.386952	-0.590426	-28.052535	-0.044425	-2.062150	-27.952890	1.419761	-0.576687	-28.099762	-0.045742	-2.066238	-28.193256	0.953731	-1.233111	-28.167836	0.972271	-1.282285	-27.874596	0.980452	-1.048004	-27.815527	0.974503	-1.113092	-28.172358	0.468159	-1.227380	-27.820860	0.442872	-1.087458	-28.171500	-0.025683	-1.172718	-28.126416	-0.046934	-1.253492	-27.849237	-0.063301	-1.039827	-27.830547	-0.018153	-1.082894
3870	53.753736	00:00:53:54	-27.960929	1.664522	-1.241739	-27.976061	1.639637	-1.086003	-28.079999	1.641002	-1.167354	-27.982888	1.553902	-1.198631	-28.011561	1.519949	-1.145625	-28.122958	1.548828	-1.254283	-27.864021	1.557326	-1.111408	-28.053862	1.464597	-0.931404	-27.996454	0.776974	-1.575766	-27.971748	1.376733	-0.594105	-28.093941	-0.056444	-2.085388	-27.965203	1.390041	-0.556473	-28.100270	-0.051725	-2.060452	-27.976879	1.377470	-0.563376	-28.092740	-0.015139	-2.058143	-28.138983	0.971519	-1.236804	-28.156820	0.964019	-1.271267	-27.844733	0.963781	-1.030704	-27.866093	0.957416	-1.115940	-28.162342	0.422467	-1.299018	-27.843748	0.458026	-1.092458	-28.181145	-0.054274	-1.205265	-28.161352	-0.053322	-1.258102	-27.870049	-0.046042	-1.028351	-27.833627	-0.083725	-1.112188
3871	53.767630	00:00:53:55	-27.977621	1.674252	-1.239321	-27.967661	1.661408	-1.085461	-28.069914	1.642336	-1.186001	-27.957807	1.546844	-1.197366	-27.998378	1.553153	-1.137666	-28.135404	1.544460	-1.239331	-27.871345	1.564044	-1.102439	-28.037807	1.476061	-0.902683	-27.957393	0.740655	-1.605862	-27.945089	1.381521	-0.582301	-28.112235	-0.048328	-2.074703	-27.942838	1.380111	-0.571302	-28.101173	-0.009365	-2.078879	-27.942846	1.383240	-0.536117	-28.095832	-0.071590	-2.056275	-28.176135	0.949562	-1.213458	-28.171040	0.938705	-1.282906	-27.839891	0.978230	-1.064455	-27.823080	0.956310	-1.095831	-28.159642	0.444192	-1.213400	-27.812393	0.439385	-1.105499	-28.203629	-0.059367	-1.214411	-28.160376	-0.072899	-1.218159	-27.849114	-0.071742	-1.058230	-27.824380	-0.062102	-1.104682
3872	53.781523	00:00:53:56	-27.965310	1.670388	-1.251611	-27.981641	1.668324	-1.068078	-28.098552	1.659297	-1.155983	-28.003833	1.546363	-1.172548	-28.029922	1.571999	-1.168439	-28.135800	1.535762	-1.252174	-27.832584	1.551410	-1.121897	-27.992399	1.456423	-0.912611	-27.979626	0.754395	-1.586783	-27.976504	1.378887	-0.577749	-28.107688	-0.044382	-2.088384	-27.975051	1.377234	-0.579039	-28.091422	-0.039188	-2.080448	-27.967654	1.381344	-0.565243	-28.095319	-0.037089	-2.060656	-28.160886	0.979350	-1.230801	-28.122310	0.966043	-1.257215	-27.841426	0.944187	-1.068287	-27.832514	0.935233	-1.113840	-28.185158	0.453046	-1.260916	-27.818457	0.423508	-1.103174	-28.191757	-0.032637	-1.205504	-28.146673	-0.062509	-1.278241	-27.855838	-0.084682	-1.036297	-27.835258	-0.037024	-1.095098
3873	53.795417	00:00:53:57	-27.960884	1.665873	-1.214813	-27.995019	1.630387	-1.108118	-28.101985	1.651846	-1.167648	-27.972765	1.523193	-1.212836	-28.042399	1.518482	-1.183599	-28.119228	1.511021	-1.262577	-27.859884	1.536351	-1.094142	-27.991158	1.459922	-0.894565	-27.981102	0.739454	-1.621003	-27.962289	1.374596	-0.599767	-28.093946	-0.071668	-2.064184	-27.952404	1.390900	-0.561284	-28.087723	-0.029242	-2.071714	-27.951104	1.383772	-0.556969	-28.094931	-0.054676	-2.071209	-28.146874	0.958791	-1.194003	-28.164215	0.934090	-1.277620	-27.850795	0.961011	-1.080868	-27.831331	0.986836	-1.110789	-28.176206	0.448477	-1.244617	-27.873139	0.465362	-1.087952	-28.178140	-0.051331	-1.215907	-28.103663	-0.055609	-1.233025	-27.868967	-0.063836	-1.036215	-27.852692	-0.048595	-1.065617
3874	53.809310	00:00:53:58	-27.959818	1.646746	-1.224686	-27.964195	1.670494	-1.088524	-28.072081	1.645307	-1.142067	-27.993713	1.536692	-1.223618	-27.998631	1.526214	-1.178597	-28.105395	1.507323	-1.242746	-27.851598	1.506391	-1.129746	-28.049650	1.464676	-0.896150	-27.980236	0.775107	-1.570566	-27.939381	1.396919	-0.599237	-28.071770	-0.028161	-2.074003	-27.952041	1.394193	-0.588330	-28.059522	-0.067177	-2.048788	-27.936442	1.390751	-0.557141	-28.072032	-0.054973	-2.088908	-28.142928	0.983182	-1.246045	-28.120444	0.899351	-1.297875	-27.838317	0.915108	-1.060092	-27.828103	0.999189	-1.102371	-28.152194	0.469628	-1.227362	-27.854731	0.455338	-1.054994	-28.162768	-0.055663	-1.214353	-28.169324	-0.050749	-1.224736	-27.870849	-0.053137	-1.063976	-27.859310	-0.068333	-1.106953
3875	53.823204	00:00:53:59	-27.989747	1.621991	-1.255946	-27.979047	1.651193	-1.078451	-28.068897	1.643357	-1.128606	-28.002292	1.538526	-1.186443	-28.013292	1.549094	-1.159160	-28.117965	1.561638	-1.264800	-27.821742	1.544265	-1.114414	-28.066340	1.463892	-0.925455	-27.986592	0.784233	-1.608843	-27.965723	1.369564	-0.582745	-28.061941	-0.037074	-2.078514	-27.959580	1.412512	-0.573707	-28.096284	-0.020829	-2.032531	-27.972445	1.352829	-0.579270	-28.086235	-0.073382	-2.074566	-28.186183	0.970127	-1.205105	-28.120056	0.946229	-1.287497	-27.873867	0.977670	-1.068313	-27.830411	0.986231	-1.101945	-28.159250	0.477830	-1.248460	-27.844278	0.463770	-1.092004	-28.164018	-0.030670	-1.182856	-28.126560	-0.037874	-1.234214	-27.881393	-0.057529	-1.031533	-27.849617	-0.065541	-1.099068
3876	53.837097	00:00:53:60	-27.956706	1.615251	-1.235466	-27.963872	1.683294	-1.075408	-28.091934	1.651741	-1.145855	-27.996896	1.564145	-1.174058	-28.031362	1.549614	-1.136604	-28.137216	1.557456	-1.282190	-27.855647	1.536546	-1.132072	-28.064595	1.464169	-0.919528	-27.964971	0.729137	-1.594229	-27.960107	1.363370	-0.535134	-28.114283	-0.022037	-2.073530	-27.955186	1.364629	-0.560240	-28.070530	-0.039066	-2.062434	-27.993910	1.398261	-0.563187	-28.087687	-0.045511	-2.050237	-28.183236	0.961637	-1.251911	-28.145131	0.968491	-1.293352	-27.860719	0.970756	-1.035923	-27.789343	0.938248	-1.099903	-28.148977	0.468055	-1.240334	-27.850323	0.450256	-1.048619	-28.192435	-0.047519	-1.233168	-28.152657	-0.078525	-1.255807	-27.856840	-0.072183	-1.021455	-27.872866	-0.029786	-1.075741
3877	53.850991	00:00:53:61	-27.956799	1.661176	-1.218075	-27.982291	1.639933	-1.097970	-28.067253	1.632254	-1.141420	-27.991654	1.534748	-1.196836	-27.977345	1.563819	-1.157652	-28.112222	1.544928	-1.245356	-27.861928	1.562335	-1.108287	-28.048312	1.471511	-0.901556	-27.970636	0.720502	-1.592694	-27.941414	1.343685	-0.570424	-28.096459	-0.039743	-2.041509	-27.994035	1.384176	-0.572448	-28.095479	-0.043228	-2.079390	-27.936745	1.399239	-0.566428	-28.082098	-0.036389	-2.060141	-28.148236	0.955714	-1.208674	-28.173634	0.988413	-1.257228	-27.879048	0.958797	-1.059030	-27.838451	0.962991	-1.119358	-28.181685	0.455423	-1.280011	-27.838708	0.435304	-1.048718	-28.164330	-0.073388	-1.200199	-28.146192	-0.048952	-1.251409	-27.889019	-0.041246	-1.051445	-27.829665	-0.086955	-1.065421
3878	53.864884	00:00:53:62	-27.938058	1.659162	-1.230772	-27.945770	1.665846	-1.105648	-28.089945	1.668426	-1.127479	-28.006646	1.531026	-1.201913	-28.040561	1.550065	-1.157672	-28.112050	1.574129	-1.248343	-27.868778	1.550592	-1.092562	-28.064694	1.473697	-0.934629	-28.000116	0.754329	-1.563806	-27.953910	1.360374	-0.551165	-28.103769	-0.042298	-2.045352	-27.969989	1.389488	-0.585411	-28.117096	-0.036968	-2.052967	-27.970183	1.382121	-0.581692	-28.082270	-0.054040	-2.039370	-28.149102	0.979476	-1.201996	-28.146717	0.979938	-1.268459	-27.865873	0.933328	-1.050293	-27.859154	0.948446	-1.089083	-28.157603	0.470468	-1.222828	-27.863836	0.418958	-1.055982	-28.170265	-0.045967	-1.222412	-28.143483	-0.046295	-1.262588	-27.849258	-0.014091	-1.041857	-27.784899	-0.048905	-1.113049
3879	53.878777	00:00:53:63	-27.985436	1.653840	-1.271894	-27.956411	1.650356	-1.086859	-28.103095	1.675231	-1.157185	-27.966372	1.532744	-1.192572	-28.021719	1.558968	-1.167229	-28.113336	1.549985	-1.255612	-27.868052	1.525486	-1.114083	-28.042186	1.459619	-0.891920	-27.964096	0.746514	-1.589788	-27.967441	1.388724	-0.566645	-28.066299	-0.062056	-2.086765	-27.932477	1.371621	-0.576418	-28.069490	-0.040946	-2.059777	-27.980686	1.405690	-0.583114	-28.098753	-0.051826	-2.071342	-28.155756	0.943184	-1.250639	-28.128338	0.980194	-1.269746	-27.876060	0.973437	-1.084190	-27.813341	0.988050	-1.106857	-28.185198	0.472368	-1.239434	-27.847539	0.437695	-1.063915	-28.218403	-0.061040	-1.204377	-28.142163	-0.034394	-1.231572	-27.853407	-0.069201	-1.031412	-27.847053	-0.064757	-1.088122
3880	53.892671	00:00:53:64	-27.961228	1.654554	-1.231824	-27.980841	1.673570	-1.135176	-28.073468	1.643311	-1.154219	-28.004193	1.545537	-1.188078	-28.003671	1.554566	-1.158753	-28.113557	1.534619	-1.281403	-27.845655	1.537261	-1.145637	-28.065343	1.428856	-0.915711	-27.968418	0.730080	-1.595651	-27.940970	1.365339	-0.592822	-28.101691	-0.028839	-2.050553	-27.931473	1.387343	-0.578910	-28.116779	-0.040215	-2.055766	-27.961635	1.385822	-0.556692	-28.081389	-0.023067	-2.050033	-28.189428	0.964443	-1.220292	-28.152041	0.984375	-1.284032	-27.873966	0.975990	-1.071892	-27.819105	0.962096	-1.118527	-28.192097	0.459262	-1.237554	-27.835070	0.442065	-1.049955	-28.195403	-0.042555	-1.199529	-28.162224	-0.070032	-1.237867	-27.878556	-0.058472	-1.034554	-27.841822	-0.066766	-1.064570
3881	53.906564	00:00:53:65	-27.985832	1.634126	-1.241304	-27.983646	1.647886	-1.103387	-28.088515	1.664398	-1.137981	-28.023266	1.536004	-1.209807	-28.006049	1.571778	-1.162932	-28.138394	1.561781	-1.232168	-27.837944	1.544489	-1.128619	-28.061328	1.466106	-0.945310	-27.956076	0.730456	-1.576536	-27.946940	1.374695	-0.580979	-28.076931	-0.023026	-2.062714	-27.950571	1.399075	-0.544909	-28.096297	-0.015608	-2.027940	-27.968781	1.371442	-0.571381	-28.082328	-0.001453	-2.059430	-28.176847	0.979772	-1.183561	-28.161358	0.952024	-1.244083	-27.848478	0.968864	-1.066899	-27.849851	0.948077	-1.090112	-28.172240	0.438507	-1.217768	-27.851266	0.468126	-1.082241	-28.177015	-0.033797	-1.217848	-28.148141	-0.069999	-1.266937	-27.831826	-0.066559	-1.038270	-27.840973	-0.057968	-1.120757
3882	53.920458	00:00:53:66	-27.994223	1.666719	-1.232978	-27.979375	1.646857	-1.110922	-28.077893	1.671265	-1.173452	-28.031144	1.520860	-1.198993	-27.995328	1.535307	-1.135558	-28.138614	1.511758	-1.255680	-27.881603	1.526370	-1.125186	-28.028452	1.453558	-0.945463	-27.968623	0.784578	-1.583052	-27.965658	1.391500	-0.578714	-28.085393	-0.030946	-2.063845	-27.976248	1.383673	-0.563150	-28.070136	-0.018616	-2.061005	-27.935698	1.392401	-0.556594	-28.129218	-0.038662	-2.041999	-28.164088	0.944363	-1.247474	-28.145384	0.966966	-1.279499	-27.853040	0.965420	-1.041879	-27.789947	0.929391	-1.105496	-28.182836	0.483715	-1.260829	-27.856050	0.464996	-1.048249	-28.193872	-0.079511	-1.209793	-28.125214	-0.051881	-1.278324	-27.861031	-0.046290	-1.057246	-27.851107	-0.032412	-1.095813
3883	53.934351	00:00:53:67	-27.950601	1.615277	-1.247416	-28.005349	1.710063	-1.095019	-28.083243	1.637372	-1.154719	-27.985178	1.517995	-1.194276	-28.020482	1.518586	-1.169171	-28.112198	1.571184	-1.280859	-27.883892	1.548680	-1.126611	-28.029878	1.456673	-0.930100	-27.935862	0.746960	-1.585162	-27.926753	1.375329	-0.576123	-28.111221	-0.027738	-2.043815	-27.969085	1.388468	-0.582326	-28.067655	-0.030721	-2.052687	-27.948084	1.395810	-0.564368	-28.119877	-0.036973	-2.066721	-28.186831	0.950377	-1.188204	-28.125306	0.960666	-1.300896	-27.874644	0.978304	-1.058723	-27.822769	0.944804	-1.095313	-28.166758	0.444659	-1.244873	-27.842563	0.461859	-1.070986	-28.177799	-0.057662	-1.212320	-28.142641	-0.065190	-1.256616	-27.843152	-0.081562	-1.043673	-27.853622	-0.068515	-1.094200
3884	53.948245	00:00:53:68	-27.962734	1.633510	-1.233939	-27.957599	1.651957	-1.144140	-28.052946	1.646406	-1.186799	-28.001284	1.531667	-1.160964	-28.005618	1.514844	-1.149110	-28.128298	1.554467	-1.242937	-27.852893	1.530812	-1.116389	-28.040662	1.492653	-0.911004	-28.014220	0.741629	-1.581885	-27.956397	1.413580	-0.580536	-28.132498	-0.085054	-2.077780	-27.984249	1.373048	-0.579532	-28.066634	-0.025939	-2.031926	-27.983491	1.359283	-0.601358	-28.089833	-0.057490	-2.059629	-28.122281	0.982750	-1.202558	-28.190045	0.966110	-1.304162	-27.875348	0.978582	-1.024855	-27.828693	0.945667	-1.123018	-28.159638	0.462925	-1.231118	-27.845163	0.457730	-1.068324	-28.175319	-0.052881	-1.208673	-28.156678	-0.039898	-1.270748	-27.884924	-0.068932	-1.062459	-27.820925	-0.042482	-1.081049
3885	53.962138	00:00:53:69	-27.958081	1.649302	-1.235252	-27.952806	1.651465	-1.101577	-28.091688	1.668912	-1.178832	-28.007132	1.531129	-1.174395	-28.001573	1.546331	-1.170369	-28.122181	1.536116	-1.253149	-27.848495	1.543884	-1.112494	-28.070450	1.490123	-0.920221	-27.956359	0.766408	-1.613209	-27.967844	1.368080	-0.543400	-28.088284	-0.039702	-2.075705	-27.944476	1.383438	-0.593070	-28.100107	-0.031955	-2.089887	-27.956972	1.434083	-0.578060	-28.073387	-0.047200	-2.089790	-28.177048	0.960610	-1.206765	-28.154466	0.951461	-1.278317	-27.859278	0.987809	-1.040221	-27.866597	0.941513	-1.132350	-28.176914	0.478005	-1.227248	-27.886953	0.482357	-1.101383	-28.176261	-0.032457	-1.196372	-28.158625	-0.052601	-1.258555	-27.877952	-0.055265	-1.040156	-27.872154	-0.069569	-1.113156
3886	53.976032	00:00:53:70	-27.989202	1.634728	-1.245990	-27.949053	1.655356	-1.090430	-28.079825	1.661948	-1.190984	-28.006593	1.579070	-1.207300	-27.989799	1.548467	-1.164994	-28.112969	1.539774	-1.252999	-27.868435	1.526586	-1.096302	-28.067985	1.460724	-0.925290	-27.980084	0.736788	-1.586662	-27.963435	1.337151	-0.602535	-28.097274	-0.033632	-2.072868	-27.979327	1.370070	-0.572432	-28.088730	-0.052759	-2.038033	-27.951852	1.411591	-0.574142	-28.126717	-0.057399	-2.096299	-28.180080	0.985982	-1.198327	-28.162528	0.960781	-1.243273	-27.857706	0.945936	-1.056730	-27.832844	0.957121	-1.108160	-28.137579	0.471529	-1.225558	-27.830636	0.479826	-1.087687	-28.157281	-0.049033	-1.189542	-28.104648	-0.067415	-1.276853	-27.848824	-0.053665	-1.052894	-27.829345	-0.073926	-1.098772
3887	53.989925	00:00:53:71	-27.969683	1.632693	-1.220869	-27.961813	1.664270	-1.109705	-28.093449	1.665236	-1.158022	-27.966492	1.572533	-1.168222	-28.013536	1.547584	-1.157947	-28.135443	1.522939	-1.280351	-27.841762	1.541533	-1.133181	-28.064273	1.472362	-0.919285	-27.979744	0.741002	-1.557043	-27.951104	1.429638	-0.559645	-28.087087	-0.042036	-2.058055	-27.982950	1.373707	-0.547142	-28.128530	-0.041551	-2.065083	-27.967472	1.386082	-0.565581	-28.106513	-0.055796	-2.072747	-28.172058	0.953622	-1.221284	-28.139876	0.967974	-1.313252	-27.843409	0.939501	-1.074639	-27.829021	0.970246	-1.112461	-28.144767	0.482091	-1.253442	-27.862755	0.449460	-1.077667	-28.185137	-0.064193	-1.200930	-28.167731	-0.074163	-1.242493	-27.869926	-0.045073	-1.052850	-27.812693	-0.071191	-1.087237
3888	54.003818	00:00:54:00	-27.965279	1.667652	-1.241775	-27.964072	1.673707	-1.098342	-28.066894	1.669273	-1.138729	-27.958050	1.540224	-1.205225	-28.007990	1.571101	-1.167128	-28.120643	1.555869	-1.274447	-27.849529	1.547076	-1.135593	-28.065979	1.474101	-0.875941	-27.969719	0.732575	-1.570143	-27.961110	1.408974	-0.534260	-28.101111	-0.055076	-2.074696	-27.950985	1.405592	-0.559825	-28.093741	-0.048082	-2.063814	-27.968434	1.391807	-0.560767	-28.112861	-0.043037	-2.069563	-28.192562	0.960428	-1.221704	-28.158587	0.910508	-1.254585	-27.853291	0.950863	-1.046721	-27.834173	0.944152	-1.124194	-28.191090	0.444014	-1.215855	-27.840311	0.447036	-1.067721	-28.156897	-0.072519	-1.211519	-28.160611	-0.076615	-1.245704	-27.828892	-0.029364	-1.034124	-27.820091	-0.066270	-1.085719
3889	54.017712	00:00:54:01	-27.968072	1.642177	-1.260856	-27.956885	1.658627	-1.073777	-28.065909	1.663394	-1.166748	-27.996695	1.548442	-1.174834	-28.002851	1.550302	-1.148064	-28.138673	1.536152	-1.251343	-27.879029	1.549560	-1.106597	-28.067726	1.469128	-0.925193	-27.972082	0.727923	-1.605933	-27.941849	1.372723	-0.535887	-28.081583	-0.072830	-2.045705	-27.951017	1.393784	-0.566417	-28.122282	-0.026734	-2.044226	-27.972317	1.394106	-0.582370	-28.102839	-0.050098	-2.068987	-28.180066	1.005936	-1.198679	-28.160835	0.963634	-1.304946	-27.807254	0.939885	-1.044773	-27.836299	0.950346	-1.117042	-28.145957	0.453855	-1.207680	-27.823933	0.474510	-1.083247	-28.186595	-0.041819	-1.233555	-28.155400	-0.046297	-1.261549	-27.838097	-0.076110	-1.044565	-27.831524	-0.053858	-1.106780
3890	54.031605	00:00:54:02	-27.960677	1.634330	-1.218315	-27.970843	1.666462	-1.121631	-28.083590	1.655102	-1.156710	-28.012472	1.528078	-1.200022	-28.021156	1.515897	-1.152501	-28.126756	1.553662	-1.264005	-27.832418	1.536048	-1.157047	-28.060574	1.460820	-0.915583	-27.927139	0.734956	-1.587316	-27.974607	1.373710	-0.587290	-28.070237	-0.034972	-2.066411	-27.976891	1.388623	-0.604202	-28.090980	-0.020523	-2.070126	-27.960454	1.389114	-0.584184	-28.100595	-0.050423	-2.067639	-28.222767	0.975128	-1.249306	-28.176363	0.945320	-1.279360	-27.852246	0.977399	-1.090430	-27.817373	0.970211	-1.077199	-28.177386	0.459730	-1.221860	-27.843308	0.498878	-1.081334	-28.185294	-0.050308	-1.213489	-28.126605	-0.025771	-1.258649	-27.893705	-0.035491	-1.052076	-27.823669	-0.068574	-1.095647
3891	54.045499	00:00:54:03	-27.937777	1.653113	-1.245179	-27.969110	1.640523	-1.091447	-28.077848	1.677248	-1.133243	-28.001144	1.563383	-1.199176	-28.027964	1.563732	-1.166971	-28.139060	1.530259	-1.255783	-27.846244	1.581799	-1.097623	-28.069971	1.451059	-0.945937	-27.978399	0.769035	-1.634894	-27.959461	1.389078	-0.564249	-28.098880	-0.026995	-2.063090	-27.983521	1.409514	-0.574475	-28.085687	-0.041392	-2.068517	-27.960362	1.427058	-0.570544	-28.100214	-0.017202	-2.067988	-28.206324	0.969625	-1.210460	-28.142687	0.945126	-1.298987	-27.844797	0.965047	-1.045033	-27.822752	0.926841	-1.113091	-28.170522	0.461048	-1.240950	-27.838913	0.415293	-1.058632	-28.188923	-0.022674	-1.162939	-28.148788	-0.061378	-1.240918	-27.826552	-0.069985	-1.051626	-27.811390	-0.069813	-1.104649
3892	54.059392	00:00:54:04	-27.951002	1.655858	-1.241293	-27.975177	1.657769	-1.102884	-28.088479	1.624715	-1.144633	-27.990953	1.547043	-1.207917	-27.997584	1.528765	-1.135928	-28.112957	1.553037	-1.248191	-27.851705	1.527837	-1.138271	-28.054036	1.492307	-0.898308	-27.963279	0.728028	-1.599321	-27.972949	1.403566	-0.567407	-28.071156	-0.007024	-2.084218	-27.987402	1.389121	-0.545553	-28.093565	-0.034809	-2.051007	-27.970048	1.386104	-0.579753	-28.080214	-0.040986	-2.047451	-28.184248	0.960487	-1.231052	-28.125750	0.990202	-1.248517	-27.827445	0.940753	-1.075794	-27.836855	0.968557	-1.111440	-28.182337	0.477087	-1.223889	-27.843104	0.442788	-1.045143	-28.184445	-0.043202	-1.185196	-28.130400	-0.055918	-1.287206	-27.851358	-0.058606	-1.037159	-27.825193	-0.055903	-1.084733
3893	54.073286	00:00:54:05	-27.962946	1.642603	-1.216832	-27.954038	1.648995	-1.100764	-28.059220	1.671098	-1.157839	-27.989826	1.530141	-1.178915	-28.035943	1.528844	-1.152303	-28.108974	1.514700	-1.272419	-27.855128	1.585455	-1.084440	-28.055874	1.443275	-0.910881	-27.969445	0.773156	-1.577068	-27.963994	1.405399	-0.590240	-28.097159	-0.031868	-2.043858	-27.962658	1.380736	-0.573650	-28.104862	-0.040687	-2.041179	-27.989642	1.377315	-0.591658	-28.104988	-0.053706	-2.059146	-28.182631	0.956136	-1.212911	-28.149843	0.967250	-1.268753	-27.862478	0.993235	-1.062202	-27.830189	0.995556	-1.105581	-28.173273	0.433387	-1.255137	-27.839643	0.449400	-1.069353	-28.201193	-0.088628	-1.204998	-28.164434	-0.052029	-1.254639	-27.848577	-0.022015	-1.027079	-27.788312	-0.010216	-1.094156
3894	54.087179	00:00:54:06	-27.994371	1.653076	-1.243369	-27.945471	1.652732	-1.077084	-28.082939	1.665335	-1.124607	-28.019038	1.540068	-1.179446	-28.030226	1.533525	-1.181026	-28.128089	1.562726	-1.240085	-27.868289	1.560147	-1.104574	-28.062269	1.479585	-0.936915	-27.969873	0.750572	-1.560483	-27.935417	1.385519	-0.588519	-28.105175	-0.070718	-2.097097	-27.941975	1.370133	-0.576200	-28.069414	-0.016294	-2.034407	-27.964311	1.330920	-0.599141	-28.086338	-0.041541	-2.066606	-28.168492	0.955911	-1.243477	-28.145590	0.958904	-1.288197	-27.858826	0.991588	-1.051569	-27.848106	0.973661	-1.090774	-28.152146	0.448877	-1.251666	-27.869136	0.458024	-1.067042	-28.176564	-0.024691	-1.176885	-28.123382	-0.062279	-1.249108	-27.859030	-0.014976	-1.038656	-27.830568	-0.081973	-1.096590
3895	54.101073	00:00:54:07	-27.986928	1.631368	-1.219524	-27.971179	1.670809	-1.083737	-28.113489	1.628466	-1.126607	-28.031032	1.542556	-1.175306	-27.987800	1.540486	-1.163107	-28.122736	1.550559	-1.216210	-27.881407	1.546188	-1.110723	-28.047849	1.479014	-0.939501	-27.980390	0.741187	-1.586739	-27.957655	1.368721	-0.587964	-28.089519	-0.054346	-2.075670	-27.936732	1.389559	-0.573459	-28.080788	-0.047422	-2.072819	-27.945592	1.395342	-0.573496	-28.111766	-0.065417	-2.061005	-28.193530	0.991516	-1.282582	-28.141869	0.939006	-1.281770	-27.861304	0.978196	-1.102695	-27.824063	0.956800	-1.124023	-28.149505	0.469344	-1.207995	-27.837004	0.470974	-1.075717	-28.202159	-0.044331	-1.169389	-28.147499	-0.063289	-1.261304	-27.838138	-0.075905	-1.041933	-27.838336	-0.088518	-1.135650
3896	54.114966	00:00:54:08	-27.965477	1.641741	-1.237011	-28.003441	1.645694	-1.099868	-28.044074	1.656311	-1.153851	-28.011982	1.584430	-1.182279	-28.006306	1.561117	-1.160527	-28.125463	1.552632	-1.238877	-27.843242	1.572355	-1.117205	-28.012137	1.482549	-0.889692	-28.005445	0.783733	-1.597390	-27.924593	1.390869	-0.583863	-28.081466	-0.023300	-2.044235	-28.009562	1.370626	-0.602958	-28.067192	-0.045996	-2.034089	-27.963918	1.380772	-0.575792	-28.062682	-0.039308	-2.035417	-28.175212	0.973703	-1.227686	-28.148502	0.978400	-1.285769	-27.832961	0.980781	-1.049051	-27.849414	0.961019	-1.088910	-28.164507	0.459528	-1.272551	-27.836010	0.452117	-1.086764	-28.175260	-0.073269	-1.198880	-28.147408	-0.067443	-1.263847	-27.858345	-0.026214	-1.043844	-27.815897	-0.058615	-1.069846
3897	54.128859	00:00:54:09	-27.958237	1.658094	-1.243161	-27.961763	1.643596	-1.105586	-28.085107	1.631853	-1.146120	-27.987151	1.553190	-1.222000	-28.015503	1.532207	-1.164873	-28.159462	1.520674	-1.270426	-27.832638	1.538928	-1.118174	-28.057985	1.459147	-0.913790	-28.017451	0.697079	-1.584275	-27.921029	1.371080	-0.587169	-28.123196	-0.073331	-2.040409	-27.972096	1.349618	-0.571517	-28.097067	-0.031435	-2.056816	-27.977209	1.387560	-0.579725	-28.113568	-0.058851	-2.035915	-28.189611	0.977459	-1.223186	-28.161273	0.960696	-1.285672	-27.842235	0.962457	-1.070154	-27.827454	0.950111	-1.134410	-28.161022	0.426260	-1.225872	-27.865749	0.449490	-1.059827	-28.164474	-0.099937	-1.199668	-28.161774	-0.014839	-1.248022	-27.828500	-0.069208	-1.040759	-27.854519	-0.067561	-1.076651
3898	54.142753	00:00:54:10	-27.984312	1.649615	-1.224105	-27.904954	1.659729	-1.093327	-28.096195	1.651959	-1.179169	-28.013938	1.550923	-1.179159	-28.008010	1.556451	-1.139333	-28.139987	1.564447	-1.287627	-27.852275	1.537682	-1.122156	-28.060816	1.468752	-0.896169	-27.963810	0.759639	-1.592201	-27.985311	1.352467	-0.568423	-28.082116	-0.026396	-2.044056	-27.944695	1.393361	-0.572562	-28.072109	-0.054622	-2.068002	-27.970340	1.369465	-0.596244	-28.094819	-0.057693	-2.041231	-28.174861	0.955823	-1.246076	-28.126541	0.954256	-1.309475	-27.889085	0.930384	-1.029418	-27.840480	0.930463	-1.098963	-28.184146	0.440073	-1.207092	-27.852799	0.462282	-1.073109	-28.161776	-0.032184	-1.200715	-28.156065	-0.080184	-1.240873	-27.843335	-0.066065	-1.039355	-27.847605	-0.054729	-1.094453
3899	54.156646	00:00:54:11	-27.942581	1.630185	-1.238371	-27.989285	1.666213	-1.091974	-28.056238	1.657725	-1.176320	-28.002192	1.542659	-1.183540	-28.038641	1.571283	-1.118393	-28.137267	1.551145	-1.237567	-27.853362	1.559915	-1.097997	-28.010772	1.510269	-0.904547	-27.969454	0.718253	-1.600313	-27.959739	1.374217	-0.581544	-28.071898	-0.036141	-2.068833	-27.980661	1.379809	-0.567619	-28.068260	-0.054234	-2.038168	-27.969270	1.373876	-0.585801	-28.083469	-0.034006	-2.056576	-28.170779	1.002475	-1.219736	-28.145227	0.965540	-1.249646	-27.850649	0.957269	-1.066933	-27.839140	0.963901	-1.102310	-28.163317	0.436591	-1.221931	-27.838655	0.429064	-1.043804	-28.162942	-0.065046	-1.194772	-28.152939	-0.051330	-1.268443	-27.847965	-0.041604	-1.020676	-27.878618	-0.047593	-1.067760
3900	54.170540	00:00:54:12	-27.955351	1.655321	-1.233299	-27.944860	1.658655	-1.107977	-28.075144	1.621972	-1.140888	-28.002017	1.569236	-1.191397	-27.990429	1.543158	-1.135534	-28.146635	1.532484	-1.236837	-27.849254	1.548962	-1.119688	-28.056889	1.461926	-0.912199	-27.965859	0.735466	-1.582759	-27.959595	1.394238	-0.566506	-28.064667	-0.050130	-2.058796	-27.959247	1.379390	-0.586557	-28.104762	-0.055669	-2.081328	-27.942693	1.377728	-0.575929	-28.114736	-0.064181	-2.096978	-28.172575	0.950242	-1.237336	-28.148862	0.967015	-1.233801	-27.837552	1.002207	-1.051972	-27.792271	0.927665	-1.120181	-28.179921	0.442951	-1.246548	-27.848308	0.445667	-1.102788	-28.156470	-0.056999	-1.211780	-28.168032	-0.060046	-1.250930	-27.872568	-0.043900	-1.037265	-27.835712	-0.051218	-1.097595
3901	54.184433	00:00:54:13	-27.944198	1.705057	-1.253791	-27.978929	1.658036	-1.109992	-28.076438	1.676771	-1.156174	-27.977861	1.552636	-1.186977	-28.021443	1.551458	-1.148679	-28.118635	1.552737	-1.247814	-27.867681	1.509395	-1.097259	-28.028762	1.458771	-0.897007	-27.997630	0.758569	-1.564359	-27.977101	1.386653	-0.567269	-28.088954	-0.041293	-2.047831	-27.979700	1.388093	-0.566303	-28.131066	-0.068527	-2.044121	-27.980088	1.385704	-0.591088	-28.069781	-0.027898	-2.087213	-28.174038	0.961757	-1.195002	-28.172599	0.973645	-1.296607	-27.829209	0.953067	-1.053142	-27.821116	0.994482	-1.139543	-28.164395	0.454658	-1.238360	-27.860233	0.438133	-1.049712	-28.161402	-0.081244	-1.215313	-28.117230	-0.054222	-1.260582	-27.855758	-0.057502	-1.091760	-27.828875	-0.051884	-1.075435
3902	54.198327	00:00:54:14	-27.976474	1.656434	-1.267563	-27.968695	1.644536	-1.096175	-28.070829	1.667416	-1.150492	-27.968676	1.558069	-1.157325	-28.033748	1.527253	-1.145749	-28.125115	1.509308	-1.223063	-27.838144	1.517487	-1.131352	-28.006657	1.480675	-0.912417	-27.975484	0.793751	-1.606036	-27.964684	1.350785	-0.574317	-28.107904	-0.067105	-2.074207	-27.938595	1.356202	-0.556425	-28.072915	-0.071843	-2.040168	-27.972989	1.408404	-0.563157	-28.104357	-0.040230	-2.054270	-28.141396	0.959161	-1.188001	-28.172443	0.958326	-1.298095	-27.865243	0.962835	-1.044205	-27.810383	0.978368	-1.138091	-28.153218	0.439395	-1.220103	-27.838895	0.459333	-1.076470	-28.213739	-0.047016	-1.233567	-28.154861	-0.057773	-1.270535	-27.885114	-0.046075	-1.032138	-27.826866	-0.047040	-1.114620
3903	54.212220	00:00:54:15	-27.964909	1.646384	-1.211995	-27.960473	1.651464	-1.107604	-28.101369	1.634416	-1.143277	-27.995728	1.562469	-1.217082	-28.004110	1.553084	-1.134783	-28.138315	1.525178	-1.263547	-27.856359	1.532317	-1.129696	-28.051762	1.441320	-0.888044	-27.977759	0.736701	-1.593324	-27.963944	1.380377	-0.594931	-28.107619	-0.067984	-2.064813	-27.957099	1.390319	-0.601885	-28.081848	-0.027118	-2.077559	-27.974740	1.385909	-0.555839	-28.105153	-0.055656	-2.054891	-28.147569	0.952632	-1.194298	-28.118881	0.944889	-1.245932	-27.879829	0.974419	-1.108222	-27.833902	0.933496	-1.095749	-28.151453	0.463573	-1.231169	-27.821785	0.459992	-1.069639	-28.195371	-0.062668	-1.229353	-28.144612	-0.087276	-1.270033	-27.874528	-0.055504	-1.012368	-27.832879	-0.049770	-1.089138
3904	54.226114	00:00:54:16	-27.967216	1.630715	-1.223481	-27.971025	1.688182	-1.126866	-28.088597	1.659009	-1.154121	-27.991317	1.564762	-1.186318	-28.008280	1.542259	-1.152354	-28.110189	1.519021	-1.225436	-27.839070	1.553696	-1.124023	-28.030822	1.481142	-0.929812	-27.965518	0.743613	-1.595068	-27.975302	1.392307	-0.555204	-28.113128	-0.033609	-2.052642	-27.973919	1.365627	-0.569923	-28.088906	-0.065746	-2.072159	-27.952227	1.368165	-0.605353	-28.103308	-0.048705	-2.037726	-28.184886	0.956281	-1.223019	-28.166250	0.959715	-1.287631	-27.842359	0.980296	-1.068871	-27.822096	0.954343	-1.110435	-28.187391	0.459433	-1.243962	-27.831947	0.465733	-1.074514	-28.169543	-0.056665	-1.198172	-28.145287	-0.052485	-1.252466	-27.863519	-0.041968	-1.038873	-27.844863	-0.082978	-1.108561
3905	54.240007	00:00:54:17	-27.982941	1.689964	-1.200170	-27.992580	1.677197	-1.120833	-28.067279	1.652120	-1.183390	-28.007316	1.543573	-1.181942	-28.044032	1.535039	-1.116527	-28.152310	1.564987	-1.277002	-27.881001	1.542671	-1.106451	-28.056194	1.464707	-0.923209	-27.998384	0.732629	-1.600428	-27.976431	1.394899	-0.560325	-28.109769	-0.061453	-2.054505	-27.982610	1.406205	-0.574944	-28.079001	-0.049387	-2.066497	-27.954748	1.371164	-0.582521	-28.119985	-0.025585	-2.046073	-28.155931	0.978303	-1.233903	-28.145013	0.995091	-1.275979	-27.863956	0.966674	-1.075972	-27.844338	0.972508	-1.125035	-28.166470	0.429261	-1.216379	-27.863278	0.410527	-1.104498	-28.212989	-0.081474	-1.206792	-28.154355	-0.060271	-1.235926	-27.851517	-0.045896	-1.059165	-27.812823	-0.067115	-1.088008
3906	54.253900	00:00:54:18	-27.971087	1.659996	-1.254097	-27.974908	1.655791	-1.108660	-28.084097	1.660560	-1.157111	-27.985045	1.542335	-1.217569	-28.021249	1.556692	-1.147880	-28.158014	1.555688	-1.240310	-27.848799	1.527439	-1.114839	-28.063126	1.448470	-0.900231	-27.973667	0.719230	-1.606195	-27.955429	1.381452	-0.561030	-28.135462	-0.059264	-2.069391	-27.951591	1.367526	-0.570481	-28.072178	-0.054937	-2.061962	-27.973468	1.399610	-0.598183	-28.081079	-0.028526	-2.092987	-28.164634	0.982703	-1.239861	-28.142222	0.959772	-1.281134	-27.840107	0.959728	-1.046336	-27.814955	0.960709	-1.128784	-28.161730	0.457230	-1.227399	-27.853544	0.460630	-1.061654	-28.171559	-0.022924	-1.182941	-28.121567	-0.047114	-1.241461	-27.877921	-0.015432	-1.027290	-27.819036	-0.054180	-1.130666
3907	54.267794	00:00:54:19	-27.966488	1.644380	-1.251360	-27.961107	1.638231	-1.094557	-28.104774	1.662960	-1.175910	-27.975395	1.554209	-1.186473	-28.003497	1.557929	-1.165788	-28.119389	1.523355	-1.264319	-27.862094	1.557707	-1.124145	-28.066063	1.445411	-0.921855	-27.967825	0.736925	-1.584813	-27.999402	1.379570	-0.571289	-28.100507	-0.040450	-2.043540	-27.941105	1.376766	-0.587141	-28.088627	-0.045553	-2.069080	-27.957742	1.350472	-0.583496	-28.135870	-0.032465	-2.074523	-28.160163	0.962845	-1.192608	-28.169627	0.982576	-1.256641	-27.816969	0.966872	-1.058608	-27.841412	0.960933	-1.128787	-28.175217	0.443685	-1.248031	-27.840169	0.465568	-1.099107	-28.169863	-0.029828	-1.198370	-28.154179	-0.026659	-1.260817	-27.844303	-0.059383	-1.037276	-27.840568	-0.039793	-1.096385
3908	54.281687	00:00:54:20	-27.960548	1.649491	-1.219241	-27.958124	1.644920	-1.075164	-28.072447	1.644352	-1.176524	-27.978355	1.581388	-1.196632	-27.972539	1.564120	-1.124049	-28.145521	1.548092	-1.258335	-27.857310	1.570318	-1.108875	-28.045588	1.490587	-0.893690	-27.974223	0.751520	-1.598789	-27.974695	1.432089	-0.585548	-28.079598	-0.060586	-2.082079	-27.987219	1.414541	-0.574123	-28.075741	-0.066974	-2.084759	-27.949532	1.389394	-0.598252	-28.089676	-0.051504	-2.082245	-28.163870	0.995972	-1.198165	-28.166907	0.966465	-1.296525	-27.878197	0.987402	-1.077040	-27.806908	0.940458	-1.115319	-28.150698	0.473632	-1.260043	-27.881074	0.427464	-1.108253	-28.189956	-0.055509	-1.213856	-28.132905	-0.041336	-1.258412	-27.864000	-0.063515	-1.037506	-27.836006	-0.097411	-1.116643
3909	54.295581	00:00:54:21	-27.943234	1.661937	-1.199075	-27.990699	1.652384	-1.062002	-28.055636	1.632638	-1.120234	-27.981061	1.567615	-1.183348	-28.018139	1.548707	-1.163116	-28.130990	1.551670	-1.239138	-27.880581	1.581129	-1.134250	-28.061918	1.431380	-0.917460	-27.987542	0.728135	-1.577226	-27.966871	1.355056	-0.578749	-28.111883	-0.059842	-2.067628	-27.938859	1.380341	-0.585847	-28.083677	-0.041168	-2.083124	-27.979804	1.375487	-0.573785	-28.144697	-0.056135	-2.082192	-28.179306	0.969248	-1.199305	-28.155361	0.997209	-1.279611	-27.858326	0.992922	-1.065291	-27.844231	0.960886	-1.122058	-28.191722	0.475306	-1.252414	-27.848259	0.452769	-1.096617	-28.186776	-0.085049	-1.215451	-28.147732	-0.048423	-1.244628	-27.835720	-0.101137	-1.037277	-27.824915	-0.046524	-1.085349
3910	54.309474	00:00:54:22	-27.984446	1.663753	-1.218466	-27.989268	1.654647	-1.119701	-28.065705	1.645313	-1.116979	-27.976727	1.556862	-1.163441	-28.009261	1.548197	-1.172869	-28.112816	1.558255	-1.291895	-27.852384	1.525561	-1.105838	-28.015803	1.470644	-0.902509	-27.971013	0.751910	-1.550384	-27.975638	1.384649	-0.586214	-28.086823	-0.050054	-2.059735	-27.949684	1.383906	-0.566429	-28.073683	-0.059969	-2.058250	-27.966626	1.426916	-0.553614	-28.109839	-0.024449	-2.137588	-28.194327	0.973206	-1.261488	-28.154239	0.968770	-1.294480	-27.847031	0.958303	-1.067369	-27.812948	0.946610	-1.128085	-28.153329	0.442475	-1.195253	-27.841407	0.480084	-1.074054	-28.195994	-0.055834	-1.199994	-28.141363	-0.068741	-1.237982	-27.866362	-0.053849	-1.012110	-27.814074	-0.059671	-1.110402
3911	54.323368	00:00:54:23	-27.963346	1.644461	-1.241156	-27.951096	1.646239	-1.086507	-28.092447	1.647172	-1.142497	-27.987178	1.531266	-1.207211	-28.002424	1.559677	-1.194730	-28.113361	1.539914	-1.257122	-27.895781	1.532950	-1.135323	-28.078369	1.459266	-0.908248	-27.977821	0.759381	-1.593619	-27.946663	1.398954	-0.576804	-28.073454	-0.027414	-2.065144	-27.975219	1.388964	-0.576675	-28.103381	-0.027030	-2.066472	-27.948171	1.371713	-0.584470	-28.075370	-0.049576	-2.059611	-28.153375	0.965090	-1.222303	-28.174136	0.972500	-1.275616	-27.868414	0.965426	-1.080913	-27.839952	0.970633	-1.103556	-28.177519	0.446343	-1.272220	-27.814424	0.444167	-1.053561	-28.162418	-0.075733	-1.219543	-28.169066	-0.049557	-1.268576	-27.875604	-0.061001	-1.042488	-27.820189	-0.071841	-1.127178
3912	54.337261	00:00:54:24	-27.961286	1.671574	-1.249849	-27.963020	1.651868	-1.116703	-28.103039	1.635913	-1.169191	-27.954732	1.544445	-1.184925	-28.034802	1.522281	-1.128898	-28.113913	1.535670	-1.275917	-27.871514	1.531649	-1.100550	-28.031434	1.482095	-0.879648	-28.013855	0.734722	-1.606781	-27.977525	1.359231	-0.599012	-28.095984	-0.049368	-2.052015	-27.946142	1.369577	-0.608208	-28.123451	-0.051851	-2.050767	-27.960602	1.366147	-0.578338	-28.103346	-0.059891	-2.073936	-28.175954	1.004806	-1.253190	-28.132120	0.964115	-1.269795	-27.849499	0.955971	-1.062336	-27.821363	0.940260	-1.112045	-28.171423	0.455119	-1.257475	-27.825856	0.464511	-1.077818	-28.179484	-0.057601	-1.206440	-28.163312	-0.035338	-1.241304	-27.809865	-0.070887	-1.017737	-27.807290	-0.042134	-1.123128
3913	54.351155	00:00:54:25	-27.940252	1.654231	-1.224385	-27.995641	1.618682	-1.132374	-28.098244	1.667014	-1.120365	-27.970057	1.558126	-1.163618	-27.994732	1.539975	-1.193188	-28.129033	1.536584	-1.239130	-27.840615	1.538416	-1.099008	-28.069282	1.464970	-0.889999	-27.994012	0.769179	-1.599979	-27.976074	1.400487	-0.580987	-28.109693	-0.032309	-2.071410	-27.971459	1.376352	-0.568752	-28.097191	-0.072859	-2.056585	-27.941352	1.405307	-0.571013	-28.103522	-0.068702	-2.024094	-28.184997	0.975925	-1.254382	-28.139943	0.943897	-1.265901	-27.845796	0.970661	-1.063676	-27.808656	0.920649	-1.094483	-28.139413	0.472831	-1.227035	-27.822116	0.446715	-1.093215	-28.160603	-0.065303	-1.194393	-28.148420	-0.046966	-1.295071	-27.893459	-0.033703	-1.023665	-27.820943	-0.045383	-1.123419
3914	54.365048	00:00:54:26	-27.952909	1.635279	-1.219427	-27.963827	1.655347	-1.096434	-28.112498	1.610850	-1.152719	-27.990468	1.529368	-1.171820	-28.007979	1.515753	-1.164734	-28.147144	1.546217	-1.267448	-27.881604	1.546912	-1.119499	-28.038145	1.458145	-0.899499	-27.991894	0.722539	-1.600316	-27.974729	1.388386	-0.598864	-28.113845	-0.034382	-2.063441	-27.946824	1.384163	-0.598306	-28.102829	-0.008652	-2.060039	-27.973571	1.407573	-0.565752	-28.090701	-0.001300	-2.032165	-28.177473	0.977386	-1.203626	-28.149421	0.945013	-1.262324	-27.864767	0.970693	-1.073265	-27.831880	0.962190	-1.106981	-28.173528	0.447166	-1.248504	-27.835130	0.441200	-1.105944	-28.173265	-0.061087	-1.261305	-28.170323	-0.062952	-1.273603	-27.869197	-0.030127	-1.049144	-27.820198	-0.081638	-1.077994
3915	54.378941	00:00:54:27	-28.008923	1.631974	-1.233939	-27.966989	1.664936	-1.107973	-28.084367	1.675093	-1.128538	-28.024511	1.561841	-1.192668	-28.022671	1.530685	-1.177070	-28.115360	1.521632	-1.240034	-27.867712	1.554004	-1.115230	-28.048287	1.459393	-0.906700	-27.965142	0.763502	-1.580773	-27.980236	1.393271	-0.592533	-28.081423	-0.043859	-2.075204	-27.954241	1.382507	-0.585488	-28.052167	-0.048271	-2.045128	-27.987574	1.375301	-0.563069	-28.086585	-0.027076	-2.056855	-28.154225	0.956215	-1.227543	-28.154268	0.950021	-1.289925	-27.878187	0.970506	-1.059714	-27.817116	0.952434	-1.104253	-28.152193	0.432894	-1.211947	-27.856251	0.439860	-1.079631	-28.193922	-0.073680	-1.195945	-28.151948	-0.071136	-1.266819	-27.842306	-0.030421	-1.052319	-27.832868	-0.075728	-1.074157
3916	54.392835	00:00:54:28	-27.948562	1.636230	-1.247526	-27.943237	1.642551	-1.108133	-28.071703	1.655949	-1.119531	-27.981549	1.581875	-1.172392	-28.000541	1.553489	-1.156775	-28.143851	1.526264	-1.251035	-27.851268	1.561771	-1.136331	-28.038460	1.448299	-0.905116	-27.984018	0.757579	-1.594136	-27.959238	1.379064	-0.560623	-28.103781	-0.057024	-2.048335	-27.965522	1.388260	-0.561371	-28.084483	-0.073303	-2.075529	-27.988356	1.409536	-0.596001	-28.087540	-0.012928	-2.035438	-28.202983	0.991370	-1.210984	-28.141859	0.926960	-1.277492	-27.881389	0.983308	-1.041375	-27.831510	0.986883	-1.116403	-28.178012	0.422036	-1.222073	-27.847403	0.459255	-1.055093	-28.176045	-0.041257	-1.176814	-28.173494	-0.059631	-1.262353	-27.827651	-0.062459	-1.043117	-27.813330	-0.043355	-1.076738
3917	54.406728	00:00:54:29	-27.950457	1.642818	-1.278439	-27.987668	1.657946	-1.073678	-28.079103	1.649567	-1.130755	-28.003686	1.530901	-1.153998	-27.995902	1.534322	-1.160499	-28.137413	1.556643	-1.247314	-27.862595	1.531395	-1.082668	-28.029549	1.452864	-0.911825	-27.977087	0.741916	-1.600000	-27.923906	1.399799	-0.558840	-28.102016	-0.046827	-2.035339	-27.956262	1.394954	-0.585914	-28.122908	-0.061860	-2.021865	-27.961047	1.397695	-0.589548	-28.105440	-0.005070	-2.079180	-28.151727	0.948601	-1.207112	-28.134937	0.959488	-1.265452	-27.840703	0.986043	-1.065741	-27.834605	0.974595	-1.126125	-28.193252	0.427896	-1.242297	-27.832725	0.506776	-1.046695	-28.183541	-0.068842	-1.205562	-28.154138	-0.067016	-1.255225	-27.858598	-0.089976	-1.032189	-27.819844	-0.055978	-1.096037
3918	54.420622	00:00:54:30	-27.982172	1.646851	-1.220808	-27.966752	1.636803	-1.098043	-28.078069	1.633699	-1.154612	-27.990385	1.552412	-1.186629	-28.009374	1.564985	-1.153824	-28.114591	1.529285	-1.235362	-27.855794	1.545424	-1.138851	-28.036944	1.452947	-0.933728	-27.984927	0.745299	-1.577474	-27.950630	1.391282	-0.604989	-28.057077	-0.064377	-2.068346	-27.943223	1.382050	-0.569682	-28.106096	-0.034616	-2.067404	-28.007582	1.362226	-0.558741	-28.070879	-0.051268	-2.097559	-28.205056	0.949189	-1.180406	-28.138312	0.973041	-1.295121	-27.858592	0.947367	-1.052448	-27.804870	0.955383	-1.147596	-28.143341	0.453161	-1.235277	-27.864522	0.430294	-1.049690	-28.176266	-0.058900	-1.236144	-28.150727	-0.049993	-1.259978	-27.849311	-0.039001	-1.076811	-27.842855	-0.062749	-1.108960
3919	54.434515	00:00:54:31	-27.960130	1.649027	-1.253741	-27.977039	1.634876	-1.099680	-28.102054	1.663011	-1.160372	-28.011493	1.532801	-1.196859	-28.006083	1.551772	-1.197074	-28.158366	1.561856	-1.255916	-27.867987	1.511265	-1.132087	-28.056186	1.464070	-0.922589	-27.989033	0.749681	-1.605115	-27.981754	1.381019	-0.567870	-28.100013	-0.049470	-2.026066	-27.974341	1.367588	-0.576073	-28.100805	-0.066045	-2.069819	-27.976734	1.378465	-0.598899	-28.096337	-0.020916	-2.046723	-28.176769	0.965430	-1.213100	-28.128641	0.957417	-1.259752	-27.843380	0.943348	-1.075157	-27.881475	0.961119	-1.115088	-28.153940	0.432657	-1.273560	-27.820082	0.436700	-1.065877	-28.140812	-0.038055	-1.201788	-28.136012	-0.051342	-1.271946	-27.853692	-0.048799	-1.014476	-27.813991	-0.072367	-1.080204
3920	54.448409	00:00:54:32	-27.945608	1.673792	-1.229824	-28.007610	1.634845	-1.116582	-28.069962	1.672683	-1.157038	-28.027415	1.547402	-1.201818	-27.989351	1.542878	-1.136335	-28.112334	1.554298	-1.221997	-27.878177	1.542168	-1.162660	-28.064294	1.460600	-0.919346	-27.960228	0.733095	-1.582922	-27.969618	1.369974	-0.552042	-28.069983	0.000100	-2.059969	-27.972640	1.389785	-0.583222	-28.103934	-0.058541	-2.096284	-27.944432	1.398461	-0.576897	-28.097196	-0.047992	-2.048683	-28.175679	0.953160	-1.206727	-28.145989	0.971052	-1.305033	-27.858976	0.973635	-1.077303	-27.826467	1.005270	-1.092403	-28.169767	0.437348	-1.265679	-27.840283	0.446912	-1.072590	-28.218885	-0.057471	-1.223216	-28.156494	-0.033958	-1.277274	-27.845114	-0.072191	-1.028452	-27.832522	-0.058756	-1.107569
3921	54.462302	00:00:54:33	-27.994417	1.665436	-1.281394	-27.967759	1.646380	-1.073671	-28.081190	1.643561	-1.161374	-28.022180	1.551679	-1.177905	-27.973512	1.509606	-1.164551	-28.120204	1.563272	-1.286851	-27.876982	1.538358	-1.138727	-28.044916	1.466786	-0.946701	-27.960426	0.759965	-1.607879	-27.952750	1.394325	-0.596550	-28.086709	-0.060084	-2.086006	-27.965925	1.386209	-0.571010	-28.077202	-0.061073	-2.068787	-27.959117	1.327745	-0.576442	-28.107752	-0.054034	-2.046566	-28.182962	0.993583	-1.190192	-28.125591	0.968701	-1.279120	-27.875692	0.966485	-1.062630	-27.819093	0.986298	-1.099321	-28.164579	0.452770	-1.226243	-27.854953	0.448034	-1.103134	-28.183040	-0.082577	-1.225166	-28.135775	-0.055972	-1.274378	-27.835834	-0.036677	-1.040569	-27.826227	-0.061279	-1.106596
3922	54.476196	00:00:54:34	-27.975993	1.635863	-1.245697	-27.968925	1.660124	-1.102751	-28.072452	1.679754	-1.146289	-28.020190	1.546087	-1.194961	-28.000998	1.555085	-1.137339	-28.117294	1.513073	-1.266984	-27.859116	1.568751	-1.131450	-28.056820	1.470481	-0.932993	-27.992060	0.750716	-1.621171	-27.975774	1.425783	-0.560586	-28.093697	-0.032733	-2.070516	-27.963822	1.401549	-0.552494	-28.081577	-0.043335	-2.043741	-27.959695	1.390239	-0.555765	-28.055217	-0.030074	-2.071585	-28.201336	0.976715	-1.191690	-28.157344	0.964114	-1.297026	-27.841735	0.981298	-1.070242	-27.836193	0.930559	-1.106683	-28.155432	0.465044	-1.235201	-27.824705	0.455434	-1.079893	-28.187776	-0.082323	-1.179405	-28.173977	-0.046750	-1.265751	-27.845606	-0.052097	-1.061729	-27.837109	-0.067743	-1.137721
3923	54.490089	00:00:54:35	-27.950057	1.608485	-1.245647	-27.982212	1.670427	-1.086299	-28.067259	1.643963	-1.181042	-27.992971	1.559143	-1.206013	-28.000647	1.563420	-1.154393	-28.126649	1.529983	-1.234785	-27.878748	1.548827	-1.125653	-28.075043	1.468032	-0.915445	-27.980955	0.765300	-1.598478	-27.968991	1.413410	-0.585263	-28.118795	-0.050542	-2.064680	-27.961720	1.381269	-0.565554	-28.074713	-0.019545	-2.079362	-27.958504	1.363747	-0.580849	-28.081720	-0.013199	-2.045770	-28.160583	0.955347	-1.224469	-28.176733	0.961415	-1.263326	-27.888813	0.975457	-1.074626	-27.833167	0.950264	-1.118208	-28.160442	0.456253	-1.263067	-27.843669	0.451757	-1.074241	-28.155795	-0.070931	-1.189015	-28.133394	-0.082845	-1.249452	-27.877918	-0.063758	-1.045815	-27.845194	-0.045513	-1.112580
3924	54.503982	00:00:54:36	-27.984541	1.660984	-1.232164	-27.944452	1.640923	-1.072961	-28.086138	1.638162	-1.133826	-27.948296	1.534675	-1.163923	-28.004891	1.563579	-1.162838	-28.126716	1.549934	-1.262219	-27.860918	1.558160	-1.117295	-28.034787	1.460810	-0.903923	-27.944623	0.711772	-1.594450	-27.940358	1.376016	-0.594585	-28.116541	-0.049813	-2.085508	-27.955592	1.375340	-0.578881	-28.084574	-0.062812	-2.056992	-27.948243	1.385518	-0.611804	-28.082210	-0.037951	-2.095073	-28.151230	0.968929	-1.223847	-28.147576	0.955965	-1.275399	-27.854245	0.981150	-1.080273	-27.838425	0.960998	-1.127412	-28.166442	0.473883	-1.275563	-27.838280	0.467930	-1.088870	-28.189247	-0.056070	-1.211036	-28.175884	-0.039542	-1.274889	-27.861858	-0.052414	-1.023889	-27.831296	-0.081865	-1.079330
3925	54.517876	00:00:54:37	-27.992616	1.670018	-1.241920	-27.969855	1.667451	-1.111611	-28.117511	1.661782	-1.131244	-27.979956	1.557777	-1.157372	-28.013796	1.519126	-1.178806	-28.112577	1.533496	-1.271858	-27.874693	1.551851	-1.095473	-28.063041	1.484365	-0.928218	-27.953395	0.740632	-1.607546	-27.923454	1.366995	-0.534960	-28.062125	-0.072578	-2.072453	-27.947110	1.364608	-0.576199	-28.111726	-0.055094	-2.069987	-27.983571	1.383943	-0.590304	-28.089937	-0.041776	-2.068342	-28.165100	0.982568	-1.233796	-28.161160	0.949217	-1.296713	-27.856115	0.958062	-1.080999	-27.831308	0.963222	-1.122335	-28.171167	0.453770	-1.232024	-27.869519	0.487657	-1.094937	-28.184137	-0.067214	-1.206440	-28.127074	-0.064995	-1.223347	-27.825946	-0.042423	-1.051877	-27.825473	-0.046846	-1.058873
3926	54.531769	00:00:54:38	-27.951895	1.664276	-1.232621	-27.985156	1.689106	-1.121298	-28.093044	1.632886	-1.152739	-28.014168	1.522628	-1.167397	-28.026030	1.529411	-1.172524	-28.112020	1.556204	-1.276276	-27.863037	1.562113	-1.131476	-28.098336	1.450412	-0.909102	-27.950544	0.744872	-1.604127	-27.959244	1.377505	-0.603095	-28.068396	-0.044020	-2.068096	-27.968108	1.378516	-0.615773	-28.083321	-0.048125	-2.052515	-27.935427	1.395506	-0.563977	-28.082683	-0.049560	-2.059937	-28.199605	0.965690	-1.221822	-28.163420	0.945901	-1.298594	-27.847490	0.960266	-1.033949	-27.821670	0.955146	-1.150479	-28.173322	0.459013	-1.236176	-27.845048	0.452795	-1.058260	-28.178352	-0.070447	-1.190100	-28.172974	-0.062445	-1.244289	-27.857740	-0.055958	-1.015979	-27.844972	-0.046055	-1.097900
3927	54.545663	00:00:54:39	-27.969502	1.647076	-1.233121	-27.986473	1.657578	-1.123937	-28.105586	1.654333	-1.165555	-27.974326	1.544016	-1.178874	-28.001543	1.541911	-1.154302	-28.122508	1.508469	-1.251697	-27.861894	1.553712	-1.106503	-28.039929	1.452341	-0.891719	-27.999974	0.755043	-1.562113	-27.963445	1.415856	-0.585704	-28.064678	-0.030540	-2.061169	-27.951773	1.365708	-0.598373	-28.105344	-0.025068	-2.059998	-27.979124	1.366782	-0.590941	-28.109752	-0.081152	-2.034067	-28.181646	0.975818	-1.223400	-28.173359	0.950927	-1.271547	-27.862245	0.980490	-1.082748	-27.871795	0.967676	-1.123246	-28.158012	0.427586	-1.238738	-27.843529	0.422917	-1.081842	-28.208084	-0.066436	-1.201772	-28.137871	-0.037875	-1.264505	-27.887053	-0.070721	-1.015645	-27.853681	-0.081062	-1.092290
3928	54.559556	00:00:54:40	-27.966952	1.643502	-1.250659	-27.979344	1.645738	-1.106701	-28.092829	1.656612	-1.123567	-27.987206	1.561123	-1.163161	-28.000173	1.554182	-1.129478	-28.114175	1.546324	-1.284514	-27.824960	1.560045	-1.120175	-28.069677	1.442098	-0.911283	-27.986057	0.733960	-1.582493	-27.970015	1.382016	-0.576231	-28.089441	-0.047390	-2.069350	-27.947917	1.369927	-0.564592	-28.115505	-0.048146	-2.057339	-27.981639	1.386502	-0.590589	-28.099786	-0.066711	-2.079865	-28.158959	0.996510	-1.225722	-28.148215	0.940941	-1.255567	-27.877254	0.968536	-1.082132	-27.821081	0.972387	-1.119781	-28.156047	0.469154	-1.258199	-27.873431	0.411002	-1.076002	-28.177619	-0.029616	-1.194931	-28.158017	-0.039339	-1.262860	-27.845316	-0.060200	-1.063912	-27.826677	-0.059393	-1.106202
3929	54.573450	00:00:54:41	-27.967165	1.666059	-1.219334	-27.972949	1.659965	-1.109694	-28.076804	1.654079	-1.160384	-27.979303	1.534231	-1.202982	-28.014709	1.535964	-1.130059	-28.152962	1.541771	-1.244355	-27.868357	1.548031	-1.138135	-28.063101	1.478183	-0.906614	-27.967205	0.745701	-1.628014	-27.984958	1.394862	-0.552660	-28.076219	-0.085840	-2.081537	-27.986194	1.379167	-0.587606	-28.081064	-0.048282	-2.093933	-27.969740	1.362118	-0.567982	-28.061420	-0.049467	-2.070900	-28.164375	0.954022	-1.184542	-28.150894	0.962379	-1.271970	-27.850243	0.981135	-1.067351	-27.848278	0.970645	-1.128780	-28.169480	0.447998	-1.259188	-27.839805	0.441841	-1.075207	-28.206964	-0.105387	-1.208794	-28.138774	-0.079063	-1.237063	-27.889070	-0.042850	-1.048112	-27.832673	-0.071523	-1.080901
3930	54.587343	00:00:54:42	-27.962212	1.664483	-1.253139	-27.979169	1.640492	-1.049157	-28.037651	1.663084	-1.143223	-28.005684	1.552361	-1.199837	-28.015914	1.547016	-1.170068	-28.106885	1.560847	-1.268904	-27.847863	1.536546	-1.102967	-28.055508	1.437631	-0.922992	-28.003380	0.763138	-1.589872	-27.939232	1.398522	-0.597055	-28.089244	-0.054950	-2.084336	-27.957520	1.380861	-0.569658	-28.098786	-0.069571	-2.052325	-28.006247	1.381419	-0.566207	-28.115874	-0.044124	-2.054544	-28.186228	0.976265	-1.233575	-28.140359	0.974375	-1.277551	-27.827786	0.977299	-1.050957	-27.839636	0.969714	-1.087009	-28.170633	0.447702	-1.256604	-27.831741	0.463311	-1.071101	-28.180933	-0.048923	-1.198011	-28.165996	-0.030646	-1.251081	-27.876846	-0.072170	-1.076062	-27.838780	-0.060305	-1.102926
3931	54.601237	00:00:54:43	-27.929965	1.650157	-1.221303	-28.006554	1.656930	-1.100348	-28.079902	1.664595	-1.145783	-28.025074	1.509763	-1.209903	-28.010740	1.579824	-1.141761	-28.136995	1.545851	-1.231809	-27.865495	1.536037	-1.124939	-28.026519	1.462879	-0.915104	-27.981982	0.745734	-1.575762	-27.957194	1.404651	-0.599062	-28.098354	-0.002940	-2.064598	-27.956980	1.367248	-0.587085	-28.088183	-0.018619	-2.040824	-27.956077	1.370265	-0.563195	-28.064026	-0.015332	-2.066153	-28.166934	0.964822	-1.250846	-28.138467	0.972538	-1.270515	-27.881550	0.969678	-1.067780	-27.826820	0.943476	-1.145275	-28.175689	0.438179	-1.250014	-27.828472	0.439422	-1.074187	-28.151365	-0.031456	-1.197213	-28.140992	-0.061002	-1.270198	-27.869857	-0.036126	-1.066983	-27.827287	-0.079434	-1.055052
3932	54.615130	00:00:54:44	-27.979472	1.647299	-1.259832	-27.942243	1.662855	-1.100754	-28.106249	1.668639	-1.152264	-27.992345	1.558998	-1.195832	-28.020789	1.543610	-1.119661	-28.096197	1.537155	-1.274393	-27.848800	1.543678	-1.122229	-28.065559	1.488771	-0.929366	-27.968354	0.759557	-1.569789	-27.982571	1.411352	-0.526941	-28.076236	-0.020775	-2.036294	-27.979350	1.420394	-0.588174	-28.113310	-0.026553	-2.079599	-27.946146	1.415316	-0.570794	-28.095591	-0.039090	-2.048960	-28.186482	0.943713	-1.188158	-28.144276	0.975459	-1.291611	-27.838825	0.946370	-1.044329	-27.819120	0.982743	-1.115113	-28.132085	0.474570	-1.270258	-27.834471	0.463441	-1.072623	-28.196451	-0.072512	-1.213113	-28.166576	-0.077557	-1.264448	-27.855769	-0.075789	-1.031922	-27.843053	-0.063581	-1.094407
3933	54.629023	00:00:54:45	-27.968415	1.664211	-1.228315	-27.956480	1.644115	-1.071001	-28.079778	1.687557	-1.147212	-27.974819	1.566881	-1.153827	-28.011564	1.550860	-1.146776	-28.135531	1.544859	-1.287934	-27.873317	1.554227	-1.132405	-28.014927	1.445823	-0.940409	-27.991980	0.751182	-1.587639	-27.985173	1.411830	-0.549956	-28.083704	-0.034598	-2.046742	-27.981983	1.437101	-0.569479	-28.084035	-0.043367	-2.055941	-27.914600	1.390256	-0.587573	-28.107334	-0.036768	-2.061811	-28.199172	0.967602	-1.204473	-28.152252	0.940978	-1.281871	-27.863020	0.943509	-1.061878	-27.831028	0.972213	-1.098045	-28.155472	0.450223	-1.226734	-27.833899	0.450730	-1.090067	-28.177705	-0.071175	-1.193291	-28.151089	-0.064703	-1.253671	-27.875205	-0.064690	-1.046143	-27.835431	-0.072027	-1.080557
3934	54.642917	00:00:54:46	-27.990992	1.625308	-1.251146	-27.991181	1.660989	-1.078067	-28.081017	1.632565	-1.148459	-28.013703	1.557819	-1.173429	-28.013790	1.547012	-1.151033	-28.130602	1.530589	-1.235145	-27.857078	1.578824	-1.121619	-28.054047	1.479689	-0.917168	-27.977327	0.729696	-1.624306	-27.956587	1.401911	-0.586243	-28.092837	-0.047750	-2.062547	-27.985739	1.372378	-0.540042	-28.121971	-0.063134	-2.057309	-27.925445	1.368370	-0.579884	-28.102104	-0.017400	-2.058772	-28.173357	0.944386	-1.231089	-28.155757	0.948459	-1.257324	-27.834831	0.981170	-1.104678	-27.843483	0.951940	-1.118011	-28.174418	0.449526	-1.230421	-27.813962	0.439927	-1.068881	-28.182320	-0.046992	-1.201015	-28.155082	-0.058083	-1.265789	-27.871213	-0.056522	-1.028023	-27.874261	-0.067708	-1.059438
3935	54.656810	00:00:54:47	-27.976712	1.644382	-1.228426	-27.966016	1.663977	-1.088627	-28.075700	1.659141	-1.142919	-27.995468	1.552359	-1.216687	-28.028793	1.564369	-1.185339	-28.125469	1.535730	-1.279204	-27.867244	1.558556	-1.108779	-28.061186	1.484654	-0.915494	-27.938408	0.740824	-1.593172	-27.949825	1.391009	-0.591509	-28.076904	-0.056488	-2.059061	-27.980557	1.370081	-0.578744	-28.081606	-0.075571	-2.065347	-27.960010	1.398842	-0.571377	-28.061965	-0.033046	-2.060017	-28.187029	0.968521	-1.201183	-28.172779	0.953263	-1.271074	-27.850413	1.009832	-1.085932	-27.803179	0.965607	-1.111193	-28.154388	0.453488	-1.252246	-27.834752	0.496632	-1.054426	-28.147043	-0.067447	-1.205647	-28.134234	-0.070272	-1.230919	-27.840948	-0.040522	-1.021677	-27.831621	-0.054999	-1.086252
3936	54.670704	00:00:54:48	-27.982983	1.611488	-1.216918	-27.952118	1.670848	-1.079941	-28.105539	1.679510	-1.147947	-27.963152	1.564327	-1.184695	-27.984756	1.533537	-1.159733	-28.119809	1.555539	-1.272348	-27.849318	1.606590	-1.111631	-28.042945	1.486192	-0.906394	-27.947873	0.731019	-1.600551	-27.962398	1.376139	-0.565397	-28.094620	-0.049443	-2.042815	-27.962370	1.383631	-0.547397	-28.092751	-0.056593	-2.055394	-27.968793	1.404434	-0.579366	-28.088568	-0.055748	-2.081711	-28.179184	0.952378	-1.215969	-28.168899	0.948090	-1.308930	-27.867709	0.966660	-1.045289	-27.822808	0.953802	-1.129604	-28.153152	0.451901	-1.270930	-27.841895	0.442563	-1.087900	-28.165883	-0.049464	-1.195379	-28.145750	-0.063478	-1.240904	-27.860320	-0.056942	-1.052677	-27.796312	-0.090957	-1.106554
3937	54.684597	00:00:54:49	-27.967528	1.642585	-1.263314	-28.000642	1.667461	-1.115796	-28.051413	1.680912	-1.158490	-27.978983	1.531589	-1.204140	-27.973102	1.553597	-1.163887	-28.105231	1.541967	-1.256084	-27.875083	1.551895	-1.142186	-28.037420	1.478235	-0.917148	-27.998256	0.764091	-1.578252	-27.968146	1.358297	-0.589881	-28.062377	-0.037440	-2.064943	-27.969319	1.360396	-0.584945	-28.111783	-0.037482	-2.038539	-27.957242	1.405970	-0.556986	-28.067663	-0.077356	-2.055516	-28.189980	0.975238	-1.226594	-28.138660	0.945272	-1.304656	-27.857854	0.963699	-1.051088	-27.834774	0.966256	-1.110723	-28.175767	0.491910	-1.251966	-27.817025	0.468390	-1.106728	-28.181619	-0.043002	-1.221816	-28.120252	-0.056875	-1.233366	-27.850823	-0.053177	-1.052056	-27.800010	-0.040681	-1.092318
3938	54.698491	00:00:54:50	-27.985852	1.638085	-1.275169	-27.980975	1.674282	-1.083824	-28.101263	1.679768	-1.138451	-28.010848	1.530960	-1.182514	-28.038686	1.579189	-1.151388	-28.150838	1.524772	-1.274117	-27.839814	1.518993	-1.083665	-28.057738	1.473951	-0.903021	-28.005991	0.742970	-1.606648	-27.958830	1.384942	-0.579620	-28.085655	-0.035452	-2.051898	-27.931820	1.376966	-0.573355	-28.065657	-0.066026	-2.075656	-27.973613	1.376364	-0.601467	-28.076683	-0.049415	-2.077596	-28.142129	0.998413	-1.228602	-28.178027	0.954863	-1.283151	-27.867517	0.941182	-1.037751	-27.830675	0.949210	-1.110559	-28.161209	0.446628	-1.219834	-27.850374	0.449499	-1.088745	-28.176992	-0.049688	-1.211213	-28.175219	-0.079757	-1.270113	-27.841794	-0.070677	-1.062018	-27.810043	-0.073714	-1.105478
3939	54.712384	00:00:54:51	-27.985593	1.644386	-1.229873	-27.972326	1.634326	-1.117549	-28.087445	1.651582	-1.146607	-28.003890	1.577288	-1.150453	-28.008546	1.569211	-1.159398	-28.126759	1.578895	-1.261207	-27.891132	1.529332	-1.112080	-28.043671	1.464068	-0.916063	-27.993281	0.750570	-1.627925	-27.949045	1.380936	-0.578949	-28.089685	-0.047093	-2.035687	-27.956661	1.386030	-0.580046	-28.107443	-0.049908	-2.062993	-27.960756	1.385711	-0.601862	-28.116013	-0.029519	-2.009908	-28.206796	0.956730	-1.201075	-28.136936	0.975440	-1.294926	-27.862625	0.985514	-1.070197	-27.853693	0.965950	-1.114694	-28.185028	0.470204	-1.215467	-27.841542	0.449419	-1.095516	-28.171698	-0.059893	-1.199760	-28.127903	-0.070078	-1.268209	-27.841030	-0.067102	-1.017719	-27.851257	-0.069799	-1.115283
3940	54.726278	00:00:54:52	-27.949667	1.681134	-1.262745	-27.974765	1.643339	-1.103477	-28.074627	1.638659	-1.171662	-28.021067	1.517701	-1.179856	-28.018749	1.557251	-1.113912	-28.115304	1.550852	-1.251992	-27.877036	1.521353	-1.139379	-28.022085	1.471796	-0.890119	-27.977164	0.758077	-1.592062	-27.956621	1.370738	-0.591128	-28.109375	-0.039479	-2.053621	-27.954307	1.352532	-0.570770	-28.059551	-0.085274	-2.075285	-27.939910	1.395143	-0.561687	-28.092580	-0.040130	-2.047886	-28.143105	0.962329	-1.224261	-28.139966	0.920654	-1.266194	-27.880663	0.981635	-1.062460	-27.829984	0.958327	-1.153647	-28.172592	0.428222	-1.227083	-27.847582	0.483908	-1.094483	-28.167369	-0.096083	-1.210105	-28.169026	-0.058870	-1.268564	-27.839577	-0.039322	-1.045230	-27.859724	-0.033687	-1.097730
3941	54.740171	00:00:54:53	-27.965264	1.635462	-1.281038	-27.987933	1.642464	-1.088494	-28.061690	1.663476	-1.151879	-28.006362	1.532029	-1.201894	-27.984058	1.556828	-1.135128	-28.115743	1.536412	-1.243299	-27.918312	1.538489	-1.098988	-28.029775	1.434579	-0.930186	-28.000550	0.729584	-1.606707	-27.969606	1.358932	-0.593302	-28.077298	-0.048011	-2.085382	-27.952285	1.383303	-0.593566	-28.134107	-0.030205	-2.077656	-27.971146	1.369772	-0.544588	-28.100285	-0.034676	-2.069179	-28.202210	0.952149	-1.241201	-28.146699	0.966594	-1.264091	-27.850863	0.974050	-1.042506	-27.816627	0.977932	-1.108844	-28.133731	0.455710	-1.219890	-27.835732	0.462507	-1.066355	-28.189435	-0.057659	-1.189354	-28.148191	-0.066822	-1.248880	-27.849301	-0.044388	-1.021868	-27.809386	-0.051522	-1.074516
3942	54.754064	00:00:54:54	-27.991156	1.661579	-1.241626	-28.015735	1.656719	-1.098703	-28.060161	1.671688	-1.179355	-28.016758	1.537222	-1.208642	-28.039296	1.552246	-1.144761	-28.140399	1.541712	-1.250190	-27.856089	1.537046	-1.093383	-28.044216	1.448017	-0.941405	-27.982237	0.771622	-1.580270	-27.956690	1.381398	-0.556168	-28.113772	-0.050420	-2.055461	-27.949257	1.344718	-0.582308	-28.094910	-0.049218	-2.046835	-28.002859	1.377259	-0.584230	-28.110129	-0.067907	-2.067551	-28.180296	0.978380	-1.247345	-28.144148	0.965517	-1.291209	-27.855356	0.941599	-1.064607	-27.823249	0.954677	-1.130478	-28.147821	0.436562	-1.273687	-27.809747	0.460444	-1.103842	-28.170420	-0.008357	-1.203766	-28.147235	-0.052346	-1.237113	-27.851832	-0.040198	-1.033168	-27.832223	-0.041709	-1.078109
3943	54.767958	00:00:54:55	-27.973164	1.662735	-1.228260	-27.987210	1.670023	-1.061920	-28.090863	1.659990	-1.133627	-28.028481	1.541654	-1.188307	-28.030123	1.520060	-1.151433	-28.142316	1.563689	-1.250996	-27.833949	1.540839	-1.139399	-28.045001	1.465832	-0.898317	-28.017178	0.778891	-1.595813	-27.980615	1.352210	-0.582930	-28.067782	-0.040916	-2.038598	-27.975613	1.394150	-0.614502	-28.072385	-0.033650	-2.088084	-27.980647	1.384834	-0.578672	-28.103112	-0.027563	-2.029153	-28.165455	0.968012	-1.210746	-28.130618	0.947210	-1.292185	-27.850869	1.011004	-1.073475	-27.829201	0.969210	-1.115023	-28.159736	0.458986	-1.254087	-27.848346	0.470760	-1.071755	-28.166416	-0.027100	-1.222578	-28.168779	-0.039539	-1.284756	-27.863268	-0.075629	-1.025455	-27.831628	-0.069440	-1.085454
3944	54.781851	00:00:54:56	-27.959713	1.639413	-1.232017	-27.977671	1.666015	-1.099707	-28.075452	1.684529	-1.177083	-28.048117	1.531071	-1.205595	-27.999214	1.550280	-1.175523	-28.114321	1.573982	-1.243441	-27.845012	1.555526	-1.136531	-28.049489	1.449349	-0.907794	-28.014272	0.749920	-1.560121	-27.968410	1.378173	-0.580550	-28.068040	-0.049318	-2.057820	-28.013849	1.396292	-0.578936	-28.077582	-0.040333	-2.075087	-27.967037	1.358232	-0.574607	-28.088859	-0.064928	-2.056515	-28.172077	0.949689	-1.240685	-28.124236	0.995307	-1.291772	-27.827397	0.941507	-1.113003	-27.814273	0.941449	-1.124441	-28.157321	0.404979	-1.276127	-27.865524	0.452528	-1.080770	-28.174933	-0.061429	-1.206090	-28.176773	-0.024065	-1.251858	-27.863532	-0.053314	-1.027004	-27.842223	-0.030305	-1.101897
3945	54.795745	00:00:54:57	-27.966675	1.653547	-1.240721	-27.952523	1.686500	-1.099939	-28.066705	1.665156	-1.136386	-27.990879	1.568129	-1.186440	-28.030615	1.520581	-1.158072	-28.125195	1.543501	-1.233483	-27.864041	1.537810	-1.095532	-28.015585	1.463564	-0.933743	-27.975426	0.745022	-1.594560	-27.971268	1.399939	-0.595048	-28.078965	-0.008591	-2.070554	-27.973248	1.364634	-0.580121	-28.096100	-0.056223	-2.068793	-27.974690	1.420386	-0.562166	-28.084826	-0.083339	-2.079279	-28.207219	0.962350	-1.175244	-28.157113	0.956953	-1.306336	-27.868521	1.009503	-1.050685	-27.813286	0.970949	-1.099252	-28.169421	0.439999	-1.262551	-27.837472	0.442524	-1.097578	-28.177438	-0.067874	-1.207692	-28.134787	-0.060717	-1.265605	-27.863988	-0.053113	-1.035726	-27.836265	-0.074314	-1.104989
3946	54.809638	00:00:54:58	-27.941694	1.676114	-1.250488	-27.970824	1.670595	-1.134620	-28.094698	1.696705	-1.161347	-28.006538	1.537967	-1.200729	-28.035221	1.571379	-1.129313	-28.115872	1.501741	-1.229466	-27.846406	1.520467	-1.121785	-28.045836	1.465185	-0.912250	-27.969540	0.734818	-1.627430	-27.946439	1.371971	-0.560055	-28.103981	-0.067609	-2.034471	-27.977961	1.388424	-0.619523	-28.088627	-0.034879	-2.070022	-27.968015	1.383324	-0.603547	-28.096355	-0.055515	-2.057070	-28.167430	0.959771	-1.246877	-28.178290	0.940709	-1.282238	-27.869565	0.957711	-1.051939	-27.830154	0.963636	-1.109814	-28.151123	0.443870	-1.245874	-27.834315	0.429369	-1.112784	-28.171061	-0.054839	-1.235143	-28.148245	-0.063973	-1.252328	-27.894035	-0.085847	-1.039248	-27.829546	-0.070026	-1.105652
3947	54.823532	00:00:54:59	-27.988518	1.652484	-1.255168	-27.991888	1.647239	-1.097956	-28.069712	1.625031	-1.166089	-27.973282	1.554949	-1.194449	-28.012591	1.556874	-1.143691	-28.125702	1.533582	-1.211294	-27.861305	1.538466	-1.123585	-28.044998	1.483855	-0.931487	-28.013109	0.755210	-1.576728	-27.950323	1.367663	-0.565722	-28.105068	-0.023039	-2.100816	-27.976900	1.386770	-0.570064	-28.069397	-0.049530	-2.040297	-27.962134	1.338143	-0.585947	-28.098281	-0.066229	-2.079742	-28.176088	0.998580	-1.231633	-28.152977	0.960269	-1.252407	-27.876158	0.980806	-1.038605	-27.817119	0.973382	-1.092944	-28.176107	0.442045	-1.216899	-27.844991	0.425514	-1.074514	-28.178326	-0.036639	-1.211527	-28.140936	-0.057342	-1.258151	-27.875089	-0.058062	-1.036514	-27.857608	-0.050103	-1.092376
3948	54.837425	00:00:54:60	-28.011149	1.672170	-1.193517	-27.964732	1.661396	-1.106158	-28.053335	1.654953	-1.158689	-27.986152	1.563528	-1.201699	-28.008900	1.558620	-1.189668	-28.126234	1.529044	-1.223430	-27.887465	1.559246	-1.133988	-28.084128	1.409390	-0.912880	-27.956715	0.730383	-1.599196	-27.951758	1.395650	-0.579489	-28.086843	-0.049486	-2.058453	-27.948973	1.401377	-0.592486	-28.112596	-0.054986	-2.081922	-27.988647	1.390223	-0.554361	-28.074179	-0.050000	-2.061738	-28.177316	0.964695	-1.226298	-28.163504	0.981340	-1.266945	-27.849377	0.953012	-1.049978	-27.842730	0.961470	-1.087925	-28.134872	0.457381	-1.244621	-27.850308	0.436252	-1.089615	-28.153910	-0.025766	-1.156809	-28.153422	-0.069318	-1.256391	-27.854388	-0.074044	-1.023232	-27.810295	-0.040044	-1.092122
3949	54.851319	00:00:54:61	-27.979035	1.661754	-1.241414	-27.964427	1.668306	-1.102734	-28.058482	1.658622	-1.130288	-28.005636	1.548411	-1.181109	-28.038034	1.534579	-1.192761	-28.155115	1.548981	-1.237833	-27.860502	1.560571	-1.122200	-28.035376	1.492480	-0.932116	-27.986280	0.744824	-1.587834	-27.971801	1.401949	-0.586274	-28.083992	-0.040108	-2.064044	-27.991173	1.402032	-0.614191	-28.055776	-0.004409	-2.057550	-27.962078	1.360999	-0.554591	-28.084442	-0.037235	-2.044433	-28.183238	0.971665	-1.266879	-28.138155	0.969522	-1.259715	-27.834832	0.958559	-1.046177	-27.826027	0.946475	-1.101347	-28.181746	0.478255	-1.233299	-27.832817	0.433873	-1.091489	-28.181995	-0.067466	-1.210247	-28.184836	-0.041510	-1.214862	-27.877935	-0.058808	-1.050345	-27.818506	-0.049155	-1.075207
3950	54.865212	00:00:54:62	-27.984650	1.604676	-1.226281	-27.967802	1.656739	-1.112358	-28.077679	1.694217	-1.160552	-28.000898	1.547441	-1.169669	-28.035218	1.535950	-1.155271	-28.119372	1.519648	-1.252494	-27.876647	1.530577	-1.130668	-28.055405	1.466069	-0.896492	-27.961939	0.772557	-1.589786	-27.954011	1.406076	-0.584315	-28.112286	-0.039654	-2.033353	-27.987905	1.392648	-0.567753	-28.073062	-0.031232	-2.064817	-27.973422	1.364463	-0.594293	-28.113973	-0.070008	-2.070763	-28.193000	0.961126	-1.263434	-28.142716	0.958026	-1.308487	-27.879971	1.011430	-1.039286	-27.836470	0.985295	-1.132315	-28.135363	0.440520	-1.253194	-27.850128	0.455318	-1.066089	-28.162681	-0.049754	-1.172235	-28.169301	-0.060586	-1.276366	-27.844894	-0.087000	-1.017504	-27.819496	-0.047885	-1.107107
3951	54.879105	00:00:54:63	-27.990234	1.664198	-1.245875	-28.005344	1.639883	-1.082022	-28.064668	1.653193	-1.114988	-28.008227	1.536845	-1.178117	-28.039870	1.544466	-1.144568	-28.115384	1.582231	-1.229252	-27.860293	1.553489	-1.098832	-28.049638	1.483326	-0.891989	-28.003399	0.768189	-1.585273	-27.976968	1.421461	-0.573348	-28.086175	-0.030014	-2.034467	-27.954320	1.372053	-0.599051	-28.090228	-0.050813	-2.054074	-27.984193	1.384830	-0.547203	-28.078089	-0.049364	-2.077415	-28.172968	0.973383	-1.220867	-28.143980	0.958206	-1.278854	-27.859257	0.993202	-1.033193	-27.862003	0.979005	-1.151225	-28.170132	0.436202	-1.268429	-27.811356	0.458150	-1.076858	-28.166070	-0.078821	-1.187958	-28.147557	-0.045831	-1.240084	-27.853973	-0.066516	-1.048281	-27.852813	-0.058837	-1.087019
3952	54.892999	00:00:54:64	-27.935471	1.624308	-1.233917	-27.984095	1.671436	-1.076436	-28.045136	1.645564	-1.170540	-27.978876	1.532054	-1.210772	-28.004314	1.534207	-1.185900	-28.137464	1.499877	-1.238185	-27.874038	1.547745	-1.123633	-28.042975	1.426156	-0.905963	-27.982804	0.749757	-1.590624	-27.973677	1.392389	-0.572533	-28.095721	-0.043488	-2.086680	-27.968067	1.384312	-0.540865	-28.129356	-0.061700	-2.041622	-27.992864	1.370006	-0.579532	-28.129108	-0.044760	-2.059161	-28.146380	0.957033	-1.208169	-28.135371	0.952291	-1.269164	-27.860656	0.973282	-1.049323	-27.810272	0.932286	-1.109197	-28.157250	0.469702	-1.246409	-27.849026	0.455737	-1.100968	-28.184777	-0.067056	-1.225601	-28.150977	-0.010570	-1.269615	-27.856072	-0.003646	-1.046954	-27.823086	-0.049183	-1.096375
3953	54.906892	00:00:54:65	-27.988637	1.616345	-1.228957	-27.953242	1.684171	-1.063224	-28.053169	1.658758	-1.157092	-27.996595	1.569315	-1.199194	-27.994708	1.538216	-1.141374	-28.123273	1.529646	-1.291189	-27.835688	1.544742	-1.116988	-28.078200	1.445035	-0.903207	-27.965336	0.757581	-1.581105	-27.976417	1.372362	-0.557131	-28.091665	-0.071117	-2.055477	-27.968298	1.382069	-0.571671	-28.094983	-0.048342	-2.061511	-27.976405	1.387217	-0.596443	-28.091920	-0.039380	-2.061228	-28.201538	0.967254	-1.208048	-28.176366	0.966150	-1.322050	-27.817602	0.982181	-1.030564	-27.816745	0.966926	-1.121390	-28.156304	0.450064	-1.216090	-27.829493	0.445452	-1.054310	-28.160391	-0.067583	-1.198820	-28.150662	-0.032155	-1.267633	-27.862494	-0.051594	-1.036405	-27.815556	-0.071655	-1.105837
3954	54.920786	00:00:54:66	-27.993399	1.661249	-1.242582	-28.002727	1.620371	-1.091023	-28.071176	1.680349	-1.149415	-27.996189	1.518948	-1.175588	-28.026413	1.577939	-1.156425	-28.126766	1.515959	-1.244270	-27.855138	1.521933	-1.139649	-28.039002	1.454085	-0.889505	-27.970096	0.734422	-1.593471	-28.004330	1.403285	-0.554556	-28.083247	-0.053250	-2.056683	-27.976923	1.385589	-0.568602	-28.127204	-0.045343	-2.057548	-28.006705	1.360015	-0.595762	-28.117612	-0.058255	-2.070671	-28.192208	1.002472	-1.217535	-28.147631	0.960029	-1.241468	-27.879563	1.000007	-1.040883	-27.830769	0.945163	-1.100090	-28.155721	0.453012	-1.257668	-27.855195	0.473657	-1.046594	-28.165604	-0.037640	-1.193558	-28.168792	-0.056337	-1.237752	-27.859579	-0.049863	-1.028477	-27.831554	-0.065490	-1.092550
3955	54.934679	00:00:54:67	-27.937032	1.650604	-1.230468	-27.993275	1.665711	-1.132503	-28.054213	1.669268	-1.178150	-28.021808	1.536006	-1.136524	-27.995912	1.562533	-1.111729	-28.131296	1.549077	-1.277606	-27.834152	1.528560	-1.098220	-28.054357	1.438642	-0.908183	-27.998698	0.748888	-1.585025	-27.968872	1.406365	-0.568589	-28.081074	-0.054053	-2.058187	-27.960816	1.390637	-0.587927	-28.097027	-0.053390	-2.081226	-27.953494	1.384976	-0.569145	-28.076034	-0.012363	-2.079477	-28.155006	0.932052	-1.223772	-28.144050	0.955280	-1.289078	-27.870909	0.983734	-1.021481	-27.882433	0.929229	-1.106581	-28.146897	0.467541	-1.235293	-27.857973	0.441515	-1.080880	-28.208695	-0.038340	-1.238199	-28.112843	-0.044680	-1.274709	-27.872296	-0.087038	-1.036073	-27.827035	-0.079238	-1.112147
3956	54.948573	00:00:54:68	-27.977618	1.683899	-1.252582	-27.984048	1.644390	-1.076344	-28.050511	1.665276	-1.137118	-27.974291	1.526582	-1.171634	-28.038505	1.539211	-1.158153	-28.119506	1.558523	-1.270787	-27.857593	1.551887	-1.160704	-28.047790	1.463237	-0.892619	-27.968139	0.745561	-1.547479	-27.989805	1.389432	-0.566717	-28.078143	-0.020873	-2.083753	-27.952126	1.374649	-0.578079	-28.094539	-0.013091	-2.089491	-28.005622	1.374599	-0.568893	-28.081326	-0.064952	-2.052989	-28.124250	0.977525	-1.200277	-28.154234	0.978037	-1.294775	-27.841256	0.958874	-1.054102	-27.799811	0.957513	-1.120132	-28.183995	0.432530	-1.232411	-27.839423	0.451699	-1.088934	-28.169283	-0.069312	-1.217629	-28.131776	-0.075401	-1.285181	-27.853261	-0.082812	-1.022437	-27.865972	-0.060669	-1.082997
3957	54.962466	00:00:54:69	-27.979448	1.664086	-1.240313	-28.000553	1.618725	-1.088666	-28.089144	1.633370	-1.163016	-27.999413	1.544767	-1.179736	-27.998912	1.559796	-1.138725	-28.134170	1.579777	-1.250070	-27.856870	1.541457	-1.112296	-28.037239	1.455639	-0.886690	-27.989592	0.766307	-1.579446	-27.972324	1.396220	-0.624834	-28.088627	-0.057257	-2.071883	-27.993784	1.388866	-0.571040	-28.132426	-0.028914	-2.104777	-27.960951	1.396355	-0.570274	-28.115502	-0.033047	-2.062380	-28.157483	0.971132	-1.220182	-28.143348	0.955100	-1.275933	-27.855347	0.971842	-1.053607	-27.819764	0.953423	-1.097434	-28.150690	0.460943	-1.243003	-27.842222	0.464057	-1.089460	-28.151602	-0.033125	-1.201090	-28.116401	-0.061399	-1.225089	-27.868300	-0.064133	-1.044326	-27.828097	-0.067507	-1.074331
3958	54.976360	00:00:54:70	-27.956700	1.636084	-1.268429	-27.970090	1.666545	-1.107668	-28.094940	1.637885	-1.157372	-27.989962	1.539792	-1.187740	-28.034248	1.557658	-1.131449	-28.129692	1.571833	-1.260259	-27.868009	1.533891	-1.089818	-28.032014	1.454400	-0.924816	-27.979954	0.787618	-1.555246	-27.987267	1.374475	-0.558239	-28.108997	-0.044227	-2.045321	-27.967916	1.381886	-0.559240	-28.091660	-0.066621	-2.061489	-27.977848	1.376860	-0.612267	-28.117095	-0.068485	-2.074483	-28.164482	0.975139	-1.224211	-28.145889	0.966187	-1.292061	-27.842725	0.947851	-1.024547	-27.795307	0.982326	-1.129278	-28.145216	0.469911	-1.219724	-27.857314	0.453822	-1.087087	-28.171875	-0.058073	-1.244812	-28.180549	-0.059620	-1.243926	-27.854603	-0.080642	-1.033114	-27.822529	-0.074995	-1.093484
3959	54.990253	00:00:54:71	-27.971699	1.614789	-1.231042	-27.980339	1.641109	-1.081972	-28.078090	1.676438	-1.144861	-27.963980	1.579838	-1.178832	-27.998352	1.541503	-1.165747	-28.132602	1.542358	-1.254505	-27.848609	1.549500	-1.128342	-28.018973	1.447460	-0.892638	-27.994746	0.750817	-1.603758	-27.967972	1.369471	-0.589910	-28.092910	-0.030493	-2.077567	-27.977066	1.380331	-0.599132	-28.099779	-0.055292	-2.083270	-28.000511	1.391527	-0.594695	-28.096856	-0.071523	-2.064249	-28.145651	0.952598	-1.233504	-28.134109	0.973806	-1.311049	-27.835668	0.979059	-1.061850	-27.847205	0.969417	-1.126124	-28.157052	0.446658	-1.241405	-27.853533	0.448183	-1.068082	-28.157710	-0.054738	-1.233457	-28.118556	-0.056044	-1.263908	-27.870098	-0.047934	-1.043137	-27.839119	-0.063536	-1.112705
3960	55.004146	00:00:55:00	-27.963064	1.622080	-1.240598	-27.961511	1.670806	-1.116776	-28.100110	1.645302	-1.154018	-27.984640	1.541670	-1.162484	-28.017803	1.543419	-1.160394	-28.118799	1.524830	-1.236172	-27.855589	1.547942	-1.139415	-28.051799	1.444747	-0.929799	-27.961979	0.750676	-1.589715	-28.009076	1.377343	-0.581670	-28.104105	-0.013371	-2.067362	-27.998563	1.421361	-0.588661	-28.107188	-0.061178	-2.077611	-27.998960	1.364367	-0.566924	-28.105333	-0.074337	-2.088264	-28.210882	0.985502	-1.226345	-28.109544	0.939450	-1.254781	-27.835944	0.968152	-1.074609	-27.824677	0.953471	-1.097584	-28.198176	0.466725	-1.247715	-27.826934	0.448116	-1.069710	-28.164145	-0.044346	-1.206141	-28.175275	-0.062242	-1.272721	-27.861968	-0.054320	-1.055035	-27.860640	-0.061455	-1.066368
3961	55.018040	00:00:55:01	-27.955235	1.685150	-1.225056	-27.972020	1.667403	-1.072619	-28.040006	1.670424	-1.167468	-27.965182	1.551690	-1.205717	-28.012976	1.559303	-1.165835	-28.093151	1.546507	-1.268575	-27.829035	1.557402	-1.111227	-28.032410	1.471311	-0.911716	-27.933884	0.736476	-1.580396	-27.988382	1.397686	-0.599337	-28.104891	-0.043517	-2.060458	-27.996865	1.368668	-0.541783	-28.093260	-0.072034	-2.064389	-27.960590	1.349630	-0.526058	-28.075423	-0.015614	-2.067083	-28.168832	0.980328	-1.226434	-28.158033	0.967075	-1.234136	-27.874858	0.995916	-1.052524	-27.845604	0.964175	-1.127218	-28.148447	0.426036	-1.220115	-27.845204	0.459786	-1.050972	-28.146009	-0.008530	-1.207714	-28.132973	-0.055375	-1.237288	-27.878374	-0.046603	-1.034702	-27.839817	-0.063843	-1.091142
3962	55.031933	00:00:55:02	-27.948108	1.620217	-1.208083	-27.980971	1.648866	-1.120414	-28.100835	1.661375	-1.165868	-27.964638	1.544188	-1.179530	-28.012572	1.563905	-1.165456	-28.110297	1.547015	-1.236464	-27.849578	1.534491	-1.158713	-28.059384	1.477629	-0.894123	-27.988178	0.756434	-1.618698	-27.946620	1.380087	-0.581693	-28.055737	-0.060208	-2.048824	-27.960372	1.373911	-0.558695	-28.089595	-0.044847	-2.063933	-27.982488	1.347015	-0.627719	-28.071742	-0.027699	-2.081523	-28.145140	0.975037	-1.205203	-28.162808	0.943169	-1.268104	-27.877336	0.993330	-1.053404	-27.820429	0.950703	-1.107329	-28.179395	0.468004	-1.252560	-27.841828	0.461877	-1.047382	-28.148245	-0.085821	-1.190171	-28.150042	-0.047612	-1.248289	-27.844869	-0.036562	-1.025450	-27.810899	-0.054161	-1.101182
3963	55.045827	00:00:55:03	-27.964372	1.646741	-1.224546	-28.000022	1.663700	-1.070689	-28.096173	1.657210	-1.123884	-28.010133	1.543093	-1.174364	-28.018168	1.518499	-1.173917	-28.123221	1.553860	-1.227407	-27.853124	1.537262	-1.103772	-28.050368	1.470310	-0.904203	-27.980519	0.762993	-1.588663	-27.975411	1.396760	-0.574036	-28.105935	-0.031990	-2.065056	-28.011744	1.375744	-0.588263	-28.051299	-0.058689	-2.060469	-27.982000	1.376834	-0.551621	-28.090286	-0.054856	-2.062160	-28.173322	0.949549	-1.227942	-28.158951	0.961077	-1.280876	-27.853850	0.925239	-1.041325	-27.842623	0.929322	-1.119795	-28.136459	0.452835	-1.256489	-27.843550	0.451214	-1.055065	-28.192400	-0.054455	-1.199693	-28.135978	-0.033638	-1.267373	-27.883144	-0.031711	-1.042054	-27.818823	-0.074836	-1.092788
3964	55.059720	00:00:55:04	-27.977919	1.638805	-1.238007	-27.975683	1.660138	-1.097306	-28.066756	1.678721	-1.141370	-27.977920	1.534664	-1.176381	-28.044016	1.550134	-1.127456	-28.100158	1.545194	-1.260306	-27.845221	1.532516	-1.115181	-28.079248	1.469676	-0.925134	-27.973136	0.726213	-1.601280	-27.995534	1.361919	-0.577791	-28.078533	-0.065666	-2.076977	-27.978125	1.361481	-0.559431	-28.110969	-0.036429	-2.071106	-27.972562	1.402399	-0.622749	-28.095088	-0.074081	-2.029410	-28.192102	0.964414	-1.233505	-28.144762	0.956125	-1.254612	-27.863415	0.953332	-1.041724	-27.808914	0.954446	-1.136160	-28.165209	0.466995	-1.255591	-27.837256	0.452172	-1.096328	-28.166250	-0.068583	-1.202580	-28.157023	-0.072756	-1.244615	-27.837780	-0.032092	-1.032444	-27.841878	-0.067136	-1.052563
3965	55.073614	00:00:55:05	-27.978041	1.671635	-1.231554	-27.980779	1.654033	-1.081600	-28.072390	1.654185	-1.129441	-27.993797	1.558516	-1.138588	-28.045259	1.532998	-1.187924	-28.107785	1.552115	-1.269460	-27.869866	1.552108	-1.117104	-28.067145	1.477860	-0.927797	-27.987074	0.740365	-1.609773	-28.005882	1.363168	-0.548004	-28.086879	-0.038399	-2.065859	-27.991720	1.400906	-0.576577	-28.091973	-0.022676	-2.092059	-27.937600	1.396167	-0.584939	-28.091848	-0.024978	-2.074179	-28.146685	0.932188	-1.233502	-28.157238	0.988282	-1.248407	-27.853118	0.960094	-1.056845	-27.835991	0.958791	-1.094782	-28.164252	0.439182	-1.221326	-27.836386	0.447203	-1.065284	-28.157699	-0.037510	-1.181112	-28.148570	-0.070995	-1.260935	-27.859437	-0.036082	-1.046441	-27.835984	-0.003475	-1.123513
3966	55.087507	00:00:55:06	-27.976523	1.655905	-1.262653	-27.946321	1.688278	-1.116131	-28.081016	1.691471	-1.151451	-27.980290	1.555020	-1.160218	-28.029467	1.530301	-1.158699	-28.137608	1.539936	-1.224600	-27.889838	1.520644	-1.126691	-28.059105	1.454128	-0.917678	-27.969964	0.748274	-1.596456	-27.989582	1.372713	-0.593789	-28.076038	-0.039815	-2.043640	-27.966068	1.361943	-0.592358	-28.078247	-0.037932	-2.065084	-27.965727	1.381819	-0.571749	-28.096159	-0.066554	-2.039039	-28.159467	0.985693	-1.217942	-28.167112	0.944345	-1.276369	-27.876411	1.003148	-1.041745	-27.828645	0.940977	-1.119751	-28.163667	0.427318	-1.220999	-27.851145	0.455419	-1.094720	-28.163653	-0.084055	-1.181595	-28.140784	-0.088241	-1.291241	-27.879139	-0.055290	-1.014363	-27.848937	-0.031302	-1.101689
3967	55.101401	00:00:55:07	-27.950300	1.666975	-1.248002	-27.963679	1.656982	-1.089357	-28.066318	1.649163	-1.137116	-27.964471	1.550114	-1.202353	-27.999486	1.601475	-1.198352	-28.140091	1.518355	-1.266215	-27.869059	1.556711	-1.102530	-28.054027	1.503151	-0.919054	-27.969671	0.753340	-1.566008	-27.972671	1.404095	-0.596581	-28.078089	-0.055351	-2.065827	-27.953256	1.397532	-0.553254	-28.083553	-0.072289	-2.071206	-27.936226	1.381785	-0.586381	-28.083810	-0.062907	-2.079229	-28.188082	0.969835	-1.234061	-28.158415	0.943246	-1.265290	-27.907526	0.955763	-1.061477	-27.825388	0.942716	-1.097792	-28.148409	0.449128	-1.241068	-27.857154	0.449245	-1.074334	-28.163406	-0.040076	-1.203613	-28.131665	-0.065677	-1.264944	-27.875862	-0.055578	-1.031416	-27.861445	-0.048481	-1.090219
3968	55.115294	00:00:55:08	-27.944978	1.645348	-1.268132	-27.965314	1.658766	-1.114632	-28.051651	1.686440	-1.123129	-27.978151	1.527720	-1.168556	-28.004612	1.573077	-1.113395	-28.123418	1.557074	-1.231414	-27.892108	1.536817	-1.100322	-28.075951	1.473491	-0.906545	-27.990790	0.740893	-1.584526	-27.970943	1.390764	-0.584395	-28.074330	-0.040416	-2.092405	-27.983390	1.391922	-0.563582	-28.121249	-0.051065	-2.053260	-27.973312	1.387012	-0.552321	-28.095681	-0.067109	-2.080417	-28.162241	0.983189	-1.224596	-28.150739	0.999485	-1.249652	-27.884806	0.993576	-1.078714	-27.828614	0.976098	-1.106080	-28.136059	0.463558	-1.250203	-27.843478	0.483817	-1.065988	-28.161715	-0.061569	-1.205289	-28.130793	-0.089900	-1.261531	-27.876855	-0.081219	-1.068974	-27.825357	-0.062359	-1.093218
3969	55.129187	00:00:55:09	-27.983586	1.670340	-1.246666	-27.971677	1.662935	-1.114283	-28.080768	1.657005	-1.135737	-28.039772	1.529018	-1.179124	-28.041176	1.545227	-1.139339	-28.107464	1.520858	-1.239652	-27.891207	1.532527	-1.101114	-28.028953	1.495203	-0.905136	-27.958577	0.765355	-1.575084	-27.988353	1.395879	-0.582489	-28.098514	-0.073291	-2.049753	-27.966766	1.368953	-0.566407	-28.091437	-0.049947	-2.032168	-27.957856	1.345139	-0.565365	-28.100778	-0.037880	-2.076240	-28.168727	0.927479	-1.224851	-28.146037	0.971066	-1.273414	-27.869338	0.972763	-1.014308	-27.828493	0.978620	-1.114111	-28.151368	0.443136	-1.277070	-27.854795	0.442169	-1.084271	-28.179917	-0.031267	-1.197070	-28.142535	-0.088511	-1.257304	-27.866658	-0.072193	-1.055310	-27.816800	-0.034859	-1.090518
3970	55.143081	00:00:55:10	-27.949857	1.638060	-1.234021	-27.986572	1.660001	-1.107547	-28.078177	1.658911	-1.141882	-27.963104	1.530703	-1.194515	-27.993978	1.547502	-1.180771	-28.096717	1.553948	-1.258694	-27.873258	1.545899	-1.102839	-28.072462	1.453500	-0.913948	-27.953257	0.737915	-1.532878	-28.005353	1.382330	-0.583226	-28.092351	-0.050707	-2.056382	-27.976917	1.396313	-0.570471	-28.103943	-0.038033	-2.088488	-27.981340	1.401653	-0.590380	-28.095633	-0.012415	-2.061467	-28.157259	0.953544	-1.237779	-28.149762	0.966510	-1.285469	-27.873842	0.959439	-1.057051	-27.846649	0.975553	-1.118070	-28.161203	0.466516	-1.275205	-27.851467	0.427642	-1.098246	-28.165615	-0.084520	-1.209584	-28.117238	-0.038498	-1.239355	-27.859448	-0.068244	-1.021393	-27.830847	-0.081474	-1.071368
3971	55.156974	00:00:55:11	-27.958061	1.633883	-1.231394	-27.977965	1.671710	-1.095179	-28.099974	1.658444	-1.172809	-27.978004	1.545567	-1.213065	-28.042345	1.552242	-1.147251	-28.146146	1.530601	-1.279516	-27.882347	1.564160	-1.107890	-28.051349	1.473537	-0.928647	-28.013126	0.755554	-1.595676	-27.988019	1.394598	-0.584047	-28.117641	-0.047239	-2.041116	-27.954847	1.372869	-0.574683	-28.136859	-0.057880	-2.054976	-27.946665	1.416221	-0.586646	-28.074685	-0.046065	-2.088625	-28.196190	0.968373	-1.191485	-28.159431	0.958733	-1.273846	-27.869004	0.965633	-1.047242	-27.818664	0.953204	-1.134910	-28.136038	0.462534	-1.257087	-27.860255	0.438032	-1.059835	-28.211995	-0.052564	-1.257567	-28.163302	-0.053667	-1.290357	-27.873601	-0.050187	-1.026834	-27.819992	-0.046439	-1.075278
3972	55.170868	00:00:55:12	-27.988438	1.629726	-1.219053	-27.944763	1.652191	-1.125441	-28.100288	1.636779	-1.135027	-28.009407	1.544751	-1.194702	-27.988834	1.556548	-1.134343	-28.126819	1.551007	-1.265099	-27.846113	1.540736	-1.127930	-28.063880	1.484218	-0.939812	-27.978698	0.769389	-1.615517	-27.966605	1.372768	-0.552646	-28.072206	-0.076850	-2.068605	-27.979748	1.392453	-0.564692	-28.098713	-0.049949	-2.047146	-27.999149	1.412861	-0.573958	-28.113004	-0.032983	-2.092964	-28.191470	0.952907	-1.217228	-28.155976	0.971112	-1.280759	-27.853860	0.952840	-1.063680	-27.839900	0.918640	-1.151749	-28.173038	0.455590	-1.212472	-27.837466	0.448007	-1.080447	-28.156158	-0.065941	-1.207538	-28.166538	-0.067676	-1.252697	-27.870404	-0.084075	-1.034649	-27.848925	-0.074574	-1.072769
3973	55.184761	00:00:55:13	-27.951439	1.646364	-1.251574	-27.940255	1.662576	-1.087571	-28.081029	1.661673	-1.169475	-27.976048	1.535024	-1.181292	-28.004055	1.571633	-1.149967	-28.119652	1.565983	-1.239323	-27.862847	1.549769	-1.095463	-28.063451	1.441766	-0.943500	-27.987600	0.759587	-1.550798	-28.000458	1.364620	-0.570758	-28.073948	-0.052023	-2.036456	-27.977283	1.405012	-0.605069	-28.089811	-0.054549	-2.065774	-27.997049	1.386411	-0.575424	-28.114175	-0.084620	-2.079756	-28.169276	0.959155	-1.231156	-28.143804	0.944125	-1.284416	-27.859114	0.995118	-1.064279	-27.827784	1.004525	-1.127232	-28.170421	0.434622	-1.242884	-27.898161	0.470507	-1.080883	-28.165419	-0.047936	-1.213284	-28.142259	-0.080737	-1.268116	-27.873937	-0.069624	-1.023448	-27.853846	-0.071463	-1.085244
3974	55.198655	00:00:55:14	-27.946933	1.624473	-1.248605	-27.964638	1.669828	-1.088284	-28.050916	1.653327	-1.154683	-27.976255	1.552299	-1.196066	-28.008197	1.531520	-1.144226	-28.108436	1.550913	-1.281182	-27.840043	1.559038	-1.119637	-28.076246	1.495787	-0.911705	-27.966467	0.722320	-1.598164	-27.985511	1.376559	-0.582978	-28.086674	-0.062450	-2.073051	-27.972116	1.371835	-0.572040	-28.077069	-0.041717	-2.088933	-27.953881	1.359249	-0.573053	-28.092980	-0.066693	-2.092550	-28.170601	0.963739	-1.233817	-28.176600	0.965230	-1.273963	-27.870854	0.964377	-1.074369	-27.848516	0.950410	-1.136493	-28.161874	0.486978	-1.261316	-27.859447	0.452420	-1.035307	-28.211892	-0.079282	-1.201773	-28.156982	-0.068565	-1.263949	-27.840477	-0.039522	-1.040741	-27.833401	-0.075317	-1.067623
3975	55.212548	00:00:55:15	-27.959779	1.663012	-1.214057	-27.938918	1.674060	-1.071117	-28.058329	1.652874	-1.164516	-28.013091	1.569028	-1.179630	-28.022961	1.534327	-1.132304	-28.109133	1.583484	-1.273437	-27.860842	1.576771	-1.120643	-28.046308	1.475723	-0.942451	-28.000705	0.753994	-1.563050	-27.980960	1.391150	-0.600446	-28.091718	-0.052298	-2.067240	-27.968900	1.332268	-0.565512	-28.105058	-0.049886	-2.056047	-28.001416	1.388383	-0.582693	-28.106455	-0.035368	-2.059180	-28.160893	0.973397	-1.226663	-28.148839	0.953905	-1.253584	-27.872347	0.964607	-1.067731	-27.848692	0.958814	-1.113843	-28.155596	0.475980	-1.244422	-27.849370	0.451944	-1.064924	-28.125690	-0.052552	-1.204725	-28.122670	-0.049309	-1.265535	-27.843309	-0.070601	-1.037218	-27.821647	-0.073379	-1.114754
3976	55.226442	00:00:55:16	-27.962955	1.634368	-1.255406	-27.970114	1.625206	-1.127336	-28.124222	1.662980	-1.164610	-27.987338	1.555268	-1.193975	-27.993082	1.554120	-1.187160	-28.126150	1.551307	-1.247283	-27.843369	1.541325	-1.106743	-28.062877	1.456120	-0.890988	-27.964607	0.757706	-1.564404	-27.997175	1.390519	-0.612918	-28.111623	-0.040541	-2.085174	-27.975581	1.378567	-0.563809	-28.103163	-0.077418	-2.080551	-27.978080	1.389496	-0.588252	-28.108045	-0.019236	-2.066073	-28.166055	0.994910	-1.239190	-28.172247	0.946547	-1.300471	-27.874489	0.937641	-1.069798	-27.893782	0.951980	-1.099438	-28.098509	0.452910	-1.238323	-27.829398	0.459065	-1.065977	-28.131526	-0.082822	-1.221053	-28.121885	-0.082820	-1.233072	-27.864343	-0.038759	-1.039070	-27.836187	-0.065839	-1.073946
3977	55.240335	00:00:55:17	-27.973840	1.644559	-1.250380	-27.974816	1.693092	-1.114961	-28.077861	1.672502	-1.119839	-27.984294	1.524114	-1.160682	-28.015239	1.544004	-1.131541	-28.120611	1.546642	-1.288652	-27.833844	1.526375	-1.118178	-28.057411	1.449547	-0.910725	-27.970279	0.743473	-1.576126	-27.994970	1.366692	-0.584965	-28.075253	-0.037557	-2.068146	-27.964743	1.372868	-0.562636	-28.108482	-0.042827	-2.048917	-27.964985	1.376195	-0.559573	-28.081320	-0.030414	-2.063587	-28.151122	0.973976	-1.192488	-28.153309	0.923570	-1.306068	-27.871790	0.950745	-1.058474	-27.816818	0.973602	-1.117023	-28.173704	0.486317	-1.214567	-27.844865	0.463177	-1.104624	-28.147896	-0.073402	-1.178332	-28.179269	-0.083969	-1.270979	-27.869847	-0.082029	-1.023232	-27.836488	-0.037363	-1.088862
3978	55.254228	00:00:55:18	-27.953575	1.675728	-1.228787	-27.946965	1.635535	-1.082316	-28.075538	1.662862	-1.127717	-28.002483	1.555199	-1.194859	-28.014526	1.569248	-1.144152	-28.129044	1.554217	-1.290387	-27.877285	1.547079	-1.096113	-28.051596	1.456304	-0.917190	-27.983032	0.732149	-1.555848	-27.988207	1.399046	-0.567089	-28.099906	-0.021682	-2.064145	-27.985885	1.388628	-0.561009	-28.102115	-0.025918	-2.048541	-27.979110	1.406696	-0.584400	-28.106109	-0.035107	-2.049281	-28.198124	0.967082	-1.256737	-28.131551	0.986205	-1.262378	-27.864822	0.983087	-1.046615	-27.809054	0.941794	-1.090441	-28.170882	0.447565	-1.230202	-27.864491	0.429186	-1.073358	-28.173963	-0.067979	-1.222354	-28.157652	-0.028014	-1.254356	-27.854232	-0.033064	-1.025534	-27.822031	-0.078148	-1.056770
3979	55.268122	00:00:55:19	-27.974773	1.657521	-1.223830	-27.982212	1.644035	-1.107617	-28.076321	1.655962	-1.160796	-28.021120	1.553057	-1.182481	-27.998832	1.536377	-1.163124	-28.109982	1.531913	-1.281346	-27.819236	1.536148	-1.134060	-28.039829	1.469886	-0.901657	-27.983951	0.760339	-1.587802	-27.990231	1.386538	-0.577752	-28.072929	-0.047193	-2.077213	-27.972393	1.354525	-0.567901	-28.092165	-0.019513	-2.046472	-27.991611	1.364268	-0.577246	-28.136055	-0.047146	-2.077698	-28.154508	0.990264	-1.219931	-28.146947	0.990852	-1.272161	-27.874087	0.995974	-1.054214	-27.798761	0.975286	-1.089054	-28.124673	0.455862	-1.249871	-27.828243	0.469799	-1.076485	-28.175516	-0.063777	-1.184671	-28.167525	-0.073374	-1.273639	-27.871844	-0.060886	-1.049676	-27.835072	-0.057304	-1.070457
3980	55.282015	00:00:55:20	-27.967957	1.641120	-1.276950	-27.980713	1.664769	-1.079056	-28.078538	1.677995	-1.129886	-27.965130	1.545566	-1.168392	-28.024551	1.563020	-1.165043	-28.142734	1.564922	-1.277271	-27.849744	1.566626	-1.118814	-28.053151	1.445750	-0.896777	-27.953047	0.752764	-1.583589	-27.970342	1.350930	-0.569528	-28.108804	-0.028445	-2.051272	-27.980938	1.389051	-0.566840	-28.117968	-0.026600	-2.081972	-27.959454	1.372663	-0.594865	-28.080434	-0.053421	-2.048830	-28.205397	0.949526	-1.223257	-28.121965	0.985306	-1.257144	-27.855588	0.955546	-1.043995	-27.843003	0.975558	-1.104978	-28.161931	0.472896	-1.252557	-27.851868	0.446036	-1.079670	-28.165359	-0.041564	-1.170267	-28.149765	-0.045219	-1.256136	-27.873328	-0.054216	-1.057427	-27.844082	-0.050030	-1.099868
3981	55.295909	00:00:55:21	-27.991752	1.661191	-1.229795	-27.974612	1.672820	-1.105497	-28.083605	1.673982	-1.136998	-27.986873	1.574225	-1.183312	-28.048191	1.570387	-1.176691	-28.133567	1.530749	-1.233849	-27.868629	1.529649	-1.109475	-28.070086	1.487274	-0.936691	-27.983906	0.747845	-1.583272	-27.990279	1.407495	-0.545904	-28.106670	-0.079375	-2.074543	-27.993251	1.406206	-0.589651	-28.072829	-0.041502	-2.064664	-27.995283	1.403492	-0.590288	-28.098789	-0.078589	-2.065037	-28.179107	0.978369	-1.244575	-28.124010	0.952127	-1.299505	-27.850394	0.966670	-1.058530	-27.835548	0.977671	-1.112300	-28.161406	0.465077	-1.242072	-27.836697	0.433234	-1.064290	-28.141439	-0.067287	-1.226042	-28.164217	-0.078514	-1.251224	-27.854956	-0.043144	-1.039605	-27.831431	-0.049180	-1.073022
3982	55.309802	00:00:55:22	-27.968156	1.681948	-1.255779	-27.990866	1.667169	-1.109352	-28.082007	1.638454	-1.157906	-27.972934	1.528818	-1.174939	-28.026777	1.592151	-1.154965	-28.120730	1.579857	-1.266427	-27.874050	1.531283	-1.107017	-28.066838	1.442500	-0.923960	-27.978038	0.775029	-1.568910	-27.971022	1.350281	-0.590343	-28.094213	-0.060350	-2.051733	-28.000660	1.397760	-0.581433	-28.110315	-0.048848	-2.049053	-27.994605	1.408455	-0.568503	-28.101584	-0.042824	-2.077508	-28.159354	0.981511	-1.221159	-28.147788	0.985062	-1.284765	-27.862968	0.964229	-1.036089	-27.829005	0.965903	-1.120823	-28.160715	0.451439	-1.276631	-27.840370	0.448098	-1.053723	-28.166855	-0.059775	-1.191113	-28.150373	-0.061533	-1.260096	-27.880470	-0.090817	-1.065966	-27.839011	-0.051410	-1.056176
3983	55.323696	00:00:55:23	-27.981451	1.646628	-1.224038	-27.978747	1.642181	-1.114735	-28.058166	1.631123	-1.148068	-28.005055	1.547053	-1.167609	-27.993297	1.530461	-1.169581	-28.126378	1.556963	-1.270939	-27.874642	1.517825	-1.094459	-28.078135	1.447367	-0.920875	-27.953703	0.743351	-1.591422	-27.990132	1.370147	-0.609594	-28.065928	-0.061676	-2.059473	-27.988244	1.377483	-0.531890	-28.118155	-0.071106	-2.060028	-27.987049	1.391538	-0.517580	-28.080709	-0.030129	-2.059974	-28.209892	0.963316	-1.238577	-28.138944	0.960078	-1.284313	-27.845397	0.983274	-1.025931	-27.855806	0.958244	-1.069144	-28.140195	0.458504	-1.264404	-27.858714	0.499138	-1.067748	-28.175055	-0.052582	-1.221676	-28.127667	-0.041023	-1.240908	-27.877312	-0.058480	-1.058410	-27.804902	-0.055739	-1.046415
3984	55.337589	00:00:55:24	-27.941940	1.631637	-1.242936	-27.982086	1.641423	-1.077076	-28.088689	1.646193	-1.137984	-27.996726	1.557549	-1.136743	-27.985874	1.560455	-1.167516	-28.113557	1.552817	-1.243962	-27.880804	1.563155	-1.121143	-28.065280	1.455031	-0.911048	-27.937842	0.786102	-1.585480	-28.006705	1.387729	-0.562254	-28.095671	-0.026045	-2.057166	-27.999341	1.390667	-0.563967	-28.085002	-0.065116	-2.060375	-27.980888	1.387869	-0.577261	-28.092643	-0.050389	-2.074189	-28.160224	0.985261	-1.246785	-28.132455	0.990467	-1.233295	-27.865558	0.989047	-1.021636	-27.821767	0.999774	-1.110027	-28.181062	0.466800	-1.250790	-27.858288	0.465109	-1.056692	-28.184749	-0.055780	-1.192905	-28.159297	-0.054552	-1.272091	-27.865734	-0.055664	-1.044585	-27.828757	-0.038738	-1.070242
3985	55.351483	00:00:55:25	-27.972007	1.647747	-1.201825	-27.946749	1.678092	-1.098050	-28.103506	1.657212	-1.121806	-28.033985	1.566626	-1.177459	-28.041076	1.561209	-1.165122	-28.120490	1.548613	-1.247963	-27.862023	1.536508	-1.082874	-28.052110	1.464478	-0.893612	-27.984696	0.758981	-1.565640	-27.993998	1.395907	-0.584585	-28.127123	-0.089629	-2.033774	-27.982391	1.387186	-0.556438	-28.102871	-0.038546	-2.052508	-27.982112	1.390700	-0.590623	-28.093393	-0.058728	-2.051708	-28.135559	0.931770	-1.229255	-28.140452	0.957513	-1.262401	-27.858718	0.964017	-1.062059	-27.847905	0.985495	-1.121403	-28.143106	0.443659	-1.267012	-27.842867	0.451490	-1.067517	-28.144802	-0.073581	-1.194163	-28.148251	-0.062747	-1.281914	-27.860106	-0.049053	-1.052191	-27.839203	-0.083990	-1.075264
3986	55.365376	00:00:55:26	-27.993817	1.687235	-1.216865	-28.005790	1.674840	-1.094726	-28.060709	1.660892	-1.130634	-28.020725	1.545906	-1.182146	-28.021819	1.545028	-1.150175	-28.088215	1.546682	-1.246634	-27.840797	1.526040	-1.076459	-28.044077	1.460771	-0.912012	-27.959922	0.726186	-1.593932	-27.979110	1.393366	-0.619218	-28.093131	-0.019416	-2.078034	-27.996822	1.375344	-0.603312	-28.084015	-0.055647	-2.066875	-28.006960	1.396229	-0.595163	-28.111332	-0.036107	-2.086565	-28.202613	0.971500	-1.240304	-28.178364	0.944200	-1.281550	-27.879139	0.947806	-1.063451	-27.846871	0.979538	-1.092222	-28.152622	0.450317	-1.234193	-27.861006	0.439587	-1.099612	-28.155439	-0.074509	-1.215993	-28.154312	-0.071292	-1.258565	-27.850608	-0.062300	-1.032619	-27.857488	-0.017781	-1.083473
3987	55.379269	00:00:55:27	-27.952683	1.655309	-1.233985	-27.999217	1.668774	-1.092457	-28.068783	1.658386	-1.178933	-27.988400	1.538599	-1.184557	-27.993427	1.546345	-1.163474	-28.078966	1.560104	-1.273082	-27.875943	1.552969	-1.092471	-28.057274	1.473751	-0.903067	-28.003752	0.739331	-1.616381	-28.005244	1.361544	-0.557434	-28.084645	-0.047994	-2.026837	-27.980995	1.415619	-0.576076	-28.085784	-0.051061	-2.070615	-27.974835	1.382719	-0.544435	-28.091667	-0.033676	-2.036423	-28.145389	0.978267	-1.224050	-28.123194	0.977832	-1.279377	-27.854249	0.943310	-1.049240	-27.851827	0.980346	-1.104329	-28.174207	0.415120	-1.254908	-27.840054	0.482399	-1.057277	-28.198047	-0.069853	-1.227674	-28.137743	-0.041770	-1.269507	-27.839217	-0.054269	-1.047840	-27.822089	-0.040116	-1.068903
3988	55.393163	00:00:55:28	-27.991901	1.658375	-1.228414	-27.982105	1.651235	-1.123918	-28.068770	1.684203	-1.148256	-27.971047	1.564370	-1.205064	-28.008928	1.538936	-1.186564	-28.126555	1.550931	-1.277748	-27.893812	1.568012	-1.106922	-28.066860	1.446084	-0.909591	-27.969868	0.764893	-1.605645	-27.996219	1.386650	-0.530170	-28.109314	-0.017277	-2.054998	-28.002963	1.372973	-0.591093	-28.073460	-0.076682	-2.067835	-27.972677	1.396673	-0.563926	-28.122454	-0.062141	-2.063038	-28.198578	0.988218	-1.245423	-28.140514	0.986163	-1.291628	-27.829696	0.976056	-1.069989	-27.813566	0.956192	-1.085622	-28.109652	0.464104	-1.244891	-27.863332	0.467999	-1.040213	-28.158172	-0.035154	-1.218080	-28.146152	-0.054087	-1.267843	-27.826067	-0.035775	-1.033975	-27.821674	-0.053563	-1.096592
3989	55.407056	00:00:55:29	-27.961972	1.626108	-1.235515	-27.961737	1.655010	-1.096171	-28.089306	1.662556	-1.167535	-28.016355	1.538281	-1.187353	-28.036894	1.496776	-1.173235	-28.105497	1.543135	-1.261960	-27.853174	1.539792	-1.110978	-28.042495	1.491060	-0.905677	-27.971139	0.743096	-1.598885	-27.993211	1.402045	-0.582184	-28.056845	-0.055344	-2.027404	-27.971385	1.365413	-0.571400	-28.111967	-0.041879	-2.049406	-28.038677	1.367868	-0.565370	-28.084744	-0.025098	-2.102244	-28.153425	0.952548	-1.217888	-28.127199	0.942189	-1.273308	-27.874920	0.963601	-1.008742	-27.838843	0.946995	-1.102860	-28.166264	0.427954	-1.242964	-27.854353	0.453588	-1.072486	-28.183402	-0.082331	-1.208327	-28.123241	-0.058910	-1.271861	-27.868550	-0.040099	-1.058829	-27.868219	-0.051807	-1.072212
3990	55.420950	00:00:55:30	-27.935506	1.643635	-1.243278	-27.962742	1.655319	-1.049063	-28.089060	1.640730	-1.149406	-28.006403	1.533189	-1.213814	-28.027873	1.559112	-1.179153	-28.136199	1.573793	-1.244067	-27.884900	1.551597	-1.098983	-28.050429	1.476106	-0.927129	-27.974498	0.780700	-1.639119	-27.990210	1.367493	-0.544570	-28.098612	-0.056553	-2.068431	-28.023570	1.395479	-0.574111	-28.098579	-0.043756	-2.064891	-28.023670	1.385814	-0.562436	-28.091818	-0.042854	-2.053325	-28.164966	0.976645	-1.228802	-28.113619	0.974541	-1.260623	-27.870653	0.945017	-1.064519	-27.841877	0.945453	-1.110582	-28.162681	0.466284	-1.275283	-27.861719	0.439963	-1.057423	-28.177964	-0.051432	-1.193593	-28.163961	-0.047726	-1.264019	-27.869502	-0.056986	-1.022890	-27.822051	-0.074588	-1.067707
3991	55.434843	00:00:55:31	-27.986836	1.653931	-1.242507	-27.951736	1.649132	-1.085788	-28.091954	1.658832	-1.162460	-27.992743	1.506472	-1.184889	-28.016792	1.556639	-1.159863	-28.117538	1.513453	-1.255600	-27.898064	1.525388	-1.093134	-28.054709	1.464086	-0.902750	-27.971011	0.730830	-1.583226	-27.999667	1.408487	-0.577765	-28.097456	-0.045709	-2.052671	-27.966478	1.368219	-0.575578	-28.089973	-0.028005	-2.053912	-27.979433	1.353528	-0.571064	-28.072456	-0.029559	-2.071965	-28.134265	0.986076	-1.244650	-28.128848	0.975168	-1.337532	-27.854897	0.955233	-1.044506	-27.830262	0.977811	-1.090393	-28.195313	0.455951	-1.238146	-27.852705	0.458464	-1.093712	-28.158592	-0.039140	-1.204017	-28.134799	-0.091331	-1.265577	-27.876723	-0.038187	-1.028071	-27.834497	-0.068054	-1.077465
3992	55.448737	00:00:55:32	-27.949107	1.630337	-1.218311	-27.940588	1.688430	-1.087582	-28.053122	1.674051	-1.171769	-27.997309	1.512786	-1.187195	-27.984215	1.516218	-1.173967	-28.129575	1.554062	-1.251938	-27.857432	1.555656	-1.111066	-28.092934	1.450078	-0.910877	-27.972743	0.741338	-1.612217	-28.008947	1.387272	-0.573419	-28.096461	-0.042627	-2.069005	-27.978678	1.411680	-0.568491	-28.089595	-0.055993	-2.057558	-28.006902	1.388621	-0.560057	-28.088867	-0.044822	-2.077095	-28.180118	0.972679	-1.212773	-28.142850	0.965726	-1.258354	-27.876045	0.973649	-1.082709	-27.831756	0.952154	-1.110631	-28.154420	0.476689	-1.272744	-27.865805	0.445924	-1.067456	-28.184612	-0.031635	-1.245114	-28.166017	-0.050613	-1.277173	-27.895033	-0.047985	-1.029923	-27.831007	-0.060978	-1.109329
3993	55.462630	00:00:55:33	-27.970747	1.633425	-1.250983	-27.962606	1.664868	-1.079795	-28.111891	1.653531	-1.162849	-28.002979	1.549482	-1.175328	-28.000078	1.581434	-1.142404	-28.095665	1.512158	-1.253202	-27.851239	1.542435	-1.122512	-28.082651	1.467566	-0.926205	-27.936778	0.740170	-1.608752	-27.975782	1.390388	-0.594199	-28.093315	-0.013577	-2.083085	-27.997304	1.392222	-0.598269	-28.106321	-0.041474	-2.084008	-27.978861	1.363395	-0.593543	-28.058508	-0.003017	-2.032886	-28.188816	0.956063	-1.212975	-28.150053	0.959205	-1.250686	-27.852064	0.978507	-1.030490	-27.828770	0.944190	-1.075940	-28.103455	0.436250	-1.237684	-27.835019	0.415068	-1.054418	-28.173878	-0.036347	-1.223865	-28.118327	-0.082628	-1.268561	-27.901301	-0.053965	-1.017364	-27.868254	-0.022797	-1.102112
3994	55.476524	00:00:55:34	-27.966392	1.631373	-1.255877	-27.977085	1.637680	-1.113478	-28.115460	1.670250	-1.136428	-27.992769	1.542932	-1.197199	-27.997028	1.531476	-1.150979	-28.122490	1.562155	-1.243448	-27.862157	1.558070	-1.125415	-28.067134	1.475299	-0.914993	-27.970809	0.721277	-1.573439	-28.014026	1.370240	-0.611361	-28.087324	-0.030059	-2.053395	-28.034028	1.364836	-0.569903	-28.093211	-0.054469	-2.074629	-27.985328	1.357045	-0.572562	-28.067557	-0.067134	-2.040027	-28.194976	0.961979	-1.226572	-28.146640	0.997513	-1.290204	-27.834816	0.957443	-1.053994	-27.825141	0.989220	-1.122739	-28.143747	0.466452	-1.259256	-27.839635	0.474952	-1.058711	-28.192973	-0.076488	-1.191274	-28.168519	-0.079950	-1.256795	-27.860637	-0.050871	-1.015809	-27.850075	-0.086478	-1.072977
3995	55.490417	00:00:55:35	-27.969440	1.649053	-1.247389	-27.964792	1.637661	-1.130869	-28.072480	1.680105	-1.152313	-27.993887	1.546465	-1.189221	-28.018711	1.517499	-1.144206	-28.116388	1.533712	-1.240409	-27.886055	1.559657	-1.117464	-28.024899	1.465269	-0.901853	-27.944851	0.763873	-1.593873	-27.998666	1.387272	-0.536469	-28.092226	-0.053570	-2.061765	-28.020952	1.371146	-0.573471	-28.097593	-0.053125	-2.050787	-28.001606	1.373474	-0.564527	-28.103434	-0.074537	-2.066897	-28.187345	0.947647	-1.252506	-28.141938	0.973771	-1.271670	-27.874938	0.978096	-1.069352	-27.852916	0.953817	-1.089693	-28.126006	0.471365	-1.236665	-27.856872	0.443721	-1.076942	-28.173896	-0.045625	-1.200497	-28.141275	-0.029237	-1.253351	-27.886850	-0.083022	-1.041993	-27.847153	-0.035404	-1.058740
3996	55.504310	00:00:55:36	-27.981545	1.673718	-1.211461	-27.975146	1.657343	-1.074766	-28.094491	1.631035	-1.121379	-27.990749	1.548660	-1.217401	-28.024119	1.512508	-1.171430	-28.106192	1.544937	-1.275192	-27.862640	1.580105	-1.105178	-28.027448	1.481252	-0.925189	-27.970263	0.752577	-1.573286	-27.982881	1.405233	-0.591487	-28.047820	-0.064623	-2.076774	-27.983093	1.408068	-0.571839	-28.106842	-0.045166	-2.079973	-28.007468	1.362550	-0.550524	-28.102691	-0.054016	-2.059363	-28.193959	0.974335	-1.225825	-28.146467	0.952524	-1.264425	-27.859216	0.961995	-1.065508	-27.808089	0.943459	-1.120153	-28.166829	0.443418	-1.259934	-27.855762	0.468265	-1.085959	-28.148654	-0.041077	-1.219793	-28.154437	-0.067914	-1.297986	-27.860517	-0.055534	-1.014376	-27.845667	-0.091632	-1.080147
3997	55.518204	00:00:55:37	-27.951641	1.669803	-1.229224	-27.973652	1.676804	-1.086242	-28.129593	1.670704	-1.165441	-27.995932	1.526591	-1.165420	-28.023521	1.566867	-1.163388	-28.112595	1.546431	-1.269536	-27.860085	1.535088	-1.118654	-28.065963	1.475133	-0.940253	-27.957256	0.760517	-1.594910	-28.004859	1.427822	-0.538888	-28.075226	-0.056750	-2.062497	-27.997237	1.399567	-0.556906	-28.084230	-0.046648	-2.022791	-28.027418	1.353111	-0.587168	-28.080095	-0.043873	-2.052599	-28.193263	0.991886	-1.261220	-28.137548	0.970066	-1.302100	-27.841764	0.955944	-1.024707	-27.844618	0.983093	-1.082529	-28.172508	0.463971	-1.251490	-27.827843	0.449370	-1.052849	-28.175808	-0.043024	-1.186704	-28.120796	-0.067584	-1.239153	-27.858516	-0.061643	-1.068255	-27.797760	-0.064430	-1.087834
3998	55.532097	00:00:55:38	-27.955074	1.664928	-1.258736	-27.993501	1.648774	-1.067158	-28.052360	1.679743	-1.171175	-27.999466	1.541301	-1.199471	-28.030459	1.543160	-1.117807	-28.138541	1.531914	-1.267689	-27.858385	1.549374	-1.086757	-28.060260	1.471662	-0.933258	-27.972854	0.761224	-1.599348	-28.007720	1.374256	-0.562325	-28.100189	-0.011436	-2.076800	-28.020792	1.372372	-0.601030	-28.096831	-0.052637	-2.074963	-27.994269	1.403415	-0.544843	-28.071963	-0.059676	-2.053532	-28.150174	0.986334	-1.220646	-28.137117	0.948883	-1.282185	-27.847029	0.982527	-1.055070	-27.850812	1.002817	-1.077650	-28.178243	0.463343	-1.223752	-27.880002	0.457548	-1.072126	-28.165879	-0.062366	-1.205598	-28.144318	-0.051685	-1.235855	-27.843471	-0.040572	-1.020725	-27.827245	-0.053587	-1.098089
3999	55.545991	00:00:55:39	-27.957932	1.634778	-1.253724	-27.983604	1.664390	-1.073498	-28.078167	1.662803	-1.166612	-27.997512	1.559653	-1.182485	-28.016346	1.560654	-1.144474	-28.129712	1.512107	-1.247175	-27.860948	1.549582	-1.085081	-28.061625	1.475879	-0.918011	-27.982202	0.726681	-1.586797	-27.999755	1.372730	-0.592356	-28.089094	-0.043266	-2.071745	-28.009202	1.371203	-0.543865	-28.115322	-0.030933	-2.053251	-27.957080	1.395761	-0.630692	-28.047079	-0.027873	-2.047599	-28.169445	0.984950	-1.234985	-28.127437	0.974723	-1.287528	-27.846827	0.951342	-1.050988	-27.829777	0.972315	-1.104166	-28.136593	0.457989	-1.253385	-27.848434	0.431307	-1.061565	-28.142538	-0.046658	-1.194597	-28.129072	-0.065943	-1.285528	-27.857904	-0.034603	-1.009903	-27.877965	-0.072550	-1.082107
4000	55.559884	00:00:55:40	-27.954629	1.647580	-1.218258	-27.981025	1.689732	-1.146696	-28.099203	1.653722	-1.141341	-28.020812	1.542759	-1.174380	-28.024177	1.567103	-1.132923	-28.143151	1.531461	-1.266419	-27.847819	1.558048	-1.121860	-28.075063	1.469834	-0.923788	-27.962834	0.720689	-1.601977	-27.999827	1.353073	-0.579343	-28.046879	-0.051936	-2.068939	-28.010224	1.364876	-0.552534	-28.098089	-0.046191	-2.064186	-27.990691	1.366911	-0.571277	-28.107124	-0.035733	-2.067913	-28.174075	0.988873	-1.200188	-28.179647	0.942998	-1.264459	-27.864411	0.956688	-1.076534	-27.828314	0.946136	-1.114093	-28.184889	0.432661	-1.228744	-27.853341	0.457776	-1.067945	-28.124048	-0.044711	-1.233871	-28.151028	-0.061656	-1.253639	-27.847244	-0.049711	-1.028739	-27.811112	-0.041071	-1.093593
4001	55.573778	00:00:55:41	-28.002081	1.681808	-1.238518	-27.977348	1.656263	-1.088167	-28.090179	1.639718	-1.196547	-27.975342	1.553375	-1.199153	-28.014631	1.539665	-1.118927	-28.116541	1.538283	-1.250898	-27.849013	1.536891	-1.123876	-28.048440	1.459409	-0.894577	-27.988681	0.732244	-1.587304	-27.992521	1.417767	-0.611281	-28.071132	-0.053957	-2.028415	-28.033568	1.386757	-0.588094	-28.085708	-0.047744	-2.092312	-27.978798	1.389517	-0.555722	-28.077521	-0.044709	-2.053650	-28.147996	0.982672	-1.214282	-28.114621	0.942485	-1.273848	-27.858096	0.951854	-1.045095	-27.840266	0.961994	-1.096605	-28.146019	0.451227	-1.252985	-27.860262	0.459687	-1.061064	-28.193256	-0.096797	-1.207314	-28.161108	-0.060462	-1.249203	-27.861761	-0.038530	-1.033602	-27.833264	-0.067272	-1.071765
4002	55.587671	00:00:55:42	-27.964770	1.661577	-1.232399	-27.974608	1.669518	-1.098083	-28.081000	1.673284	-1.149312	-27.991201	1.576301	-1.179402	-28.017824	1.528659	-1.187466	-28.112513	1.521900	-1.263417	-27.848903	1.531063	-1.115626	-28.071318	1.485307	-0.890436	-27.978890	0.763852	-1.587190	-28.017465	1.379759	-0.577400	-28.123579	-0.055099	-2.057843	-28.002649	1.370354	-0.554077	-28.116092	-0.028798	-2.059918	-28.001711	1.392400	-0.543331	-28.066825	-0.034378	-2.075928	-28.163960	0.951054	-1.211882	-28.128739	0.956378	-1.292304	-27.862506	0.962734	-1.049495	-27.808567	0.943616	-1.089509	-28.149497	0.452584	-1.232205	-27.862195	0.441101	-1.070388	-28.173242	-0.048457	-1.252305	-28.150005	-0.034708	-1.282361	-27.856671	-0.057053	-1.010474	-27.855821	-0.040492	-1.078608
4003	55.601565	00:00:55:43	-27.968745	1.607183	-1.246775	-27.975458	1.670189	-1.102190	-28.095257	1.675417	-1.160657	-27.971585	1.535710	-1.193903	-28.001154	1.531221	-1.163974	-28.124971	1.545780	-1.282562	-27.878939	1.534563	-1.111329	-28.034318	1.469541	-0.909798	-27.977550	0.727376	-1.579982	-28.031309	1.405503	-0.572623	-28.078868	-0.018215	-2.048072	-27.993148	1.404027	-0.572621	-28.104854	-0.003408	-2.081310	-28.019042	1.376440	-0.596830	-28.082296	-0.005038	-2.077848	-28.178142	0.980688	-1.222795	-28.138736	0.963513	-1.311683	-27.887015	0.971730	-1.039841	-27.840537	0.973745	-1.110559	-28.155787	0.455795	-1.230380	-27.849855	0.429368	-1.102068	-28.174110	-0.065994	-1.203656	-28.112887	-0.055936	-1.259175	-27.853471	-0.058724	-1.070235	-27.829490	-0.023755	-1.076813
4004	55.615458	00:00:55:44	-27.969808	1.649959	-1.222509	-27.995087	1.665960	-1.104965	-28.082031	1.669334	-1.169131	-27.989944	1.523650	-1.179312	-28.029419	1.551032	-1.173888	-28.123446	1.567643	-1.241232	-27.851081	1.566276	-1.111666	-28.064018	1.453919	-0.915046	-27.989258	0.760464	-1.578090	-28.027323	1.389681	-0.572203	-28.069128	-0.052138	-2.058490	-27.980926	1.376261	-0.599567	-28.099364	-0.030007	-2.097489	-28.005731	1.378937	-0.573463	-28.117753	-0.049559	-2.048881	-28.164415	0.942017	-1.243930	-28.141848	0.983459	-1.266358	-27.859669	0.957620	-1.046062	-27.871449	0.979140	-1.117785	-28.181493	0.476596	-1.251695	-27.853081	0.469645	-1.055669	-28.173255	-0.032017	-1.184387	-28.140584	-0.029096	-1.237284	-27.833112	-0.087294	-1.048302	-27.828664	-0.058283	-1.070990
4005	55.629351	00:00:55:45	-27.957816	1.651008	-1.223902	-27.996676	1.667732	-1.081955	-28.073768	1.651105	-1.111990	-27.964629	1.569180	-1.197333	-27.997846	1.544920	-1.178905	-28.078497	1.543995	-1.289714	-27.824636	1.565076	-1.118139	-28.090123	1.465030	-0.942385	-27.967841	0.745830	-1.613305	-28.019877	1.358326	-0.566132	-28.073723	-0.069586	-2.066140	-28.005925	1.366523	-0.569663	-28.135231	-0.051983	-2.019456	-28.017581	1.367619	-0.577472	-28.084168	-0.046096	-2.036250	-28.213172	0.972170	-1.236865	-28.126088	0.958083	-1.325487	-27.840433	0.942892	-1.059325	-27.847523	0.952422	-1.119427	-28.164072	0.449468	-1.246658	-27.844565	0.452861	-1.041779	-28.180216	-0.092960	-1.240044	-28.135645	-0.057077	-1.274416	-27.861850	-0.060087	-1.021749	-27.851305	-0.019934	-1.069800
4006	55.643245	00:00:55:46	-27.982487	1.598978	-1.245875	-27.972666	1.638257	-1.069338	-28.064897	1.675777	-1.152908	-27.985099	1.519928	-1.192695	-28.027789	1.558425	-1.173094	-28.112118	1.552737	-1.260451	-27.855719	1.563700	-1.110607	-28.083195	1.462986	-0.903658	-27.980079	0.737400	-1.605320	-28.010351	1.416365	-0.563664	-28.088768	-0.044771	-2.100061	-28.022162	1.393155	-0.591952	-28.076820	-0.028456	-2.065995	-27.982783	1.378774	-0.567813	-28.109826	-0.026354	-2.064165	-28.178481	0.961944	-1.221119	-28.153738	0.956863	-1.282885	-27.834129	0.982771	-1.046354	-27.844935	0.962314	-1.125095	-28.171461	0.461892	-1.231308	-27.834094	0.461569	-1.047436	-28.127216	-0.077627	-1.227088	-28.136964	-0.038841	-1.266038	-27.873433	-0.053567	-1.049210	-27.790262	-0.035859	-1.098797
4007	55.657138	00:00:55:47	-27.951552	1.680197	-1.229453	-27.978503	1.658656	-1.114056	-28.086120	1.649241	-1.149615	-28.009633	1.536742	-1.218577	-27.981204	1.534439	-1.172375	-28.107634	1.552479	-1.255249	-27.870100	1.546413	-1.111593	-28.085315	1.486975	-0.909307	-27.982164	0.771091	-1.583798	-28.011323	1.351783	-0.592527	-28.126391	-0.024505	-2.064182	-28.027085	1.389943	-0.560452	-28.089015	-0.043016	-2.058100	-27.984786	1.388053	-0.578863	-28.070266	-0.061588	-2.069171	-28.169231	0.988359	-1.214006	-28.143586	0.947250	-1.295622	-27.868045	0.999308	-1.033206	-27.851286	0.983745	-1.095101	-28.156592	0.468791	-1.237242	-27.869011	0.439908	-1.041038	-28.189435	-0.035296	-1.201559	-28.122620	-0.074747	-1.234185	-27.863525	-0.054002	-1.021376	-27.824957	-0.040492	-1.103916
4008	55.671032	00:00:55:48	-27.962634	1.665386	-1.251354	-27.972210	1.667105	-1.088231	-28.083555	1.673550	-1.153516	-28.008405	1.506833	-1.202325	-28.008645	1.557160	-1.154431	-28.147390	1.511818	-1.271368	-27.857827	1.520753	-1.115570	-28.058290	1.458427	-0.918431	-28.026778	0.767252	-1.585636	-28.008882	1.350145	-0.594336	-28.060591	-0.012613	-2.040926	-28.017001	1.365260	-0.562110	-28.094504	-0.012207	-2.059499	-28.024562	1.393570	-0.553897	-28.103624	-0.073840	-2.078571	-28.169847	0.938875	-1.247123	-28.137738	0.966564	-1.280711	-27.843358	0.978645	-1.063256	-27.792693	0.957951	-1.112139	-28.143122	0.440503	-1.266404	-27.820639	0.460778	-1.073869	-28.141327	-0.049466	-1.219332	-28.167972	-0.051278	-1.247100	-27.858291	-0.034196	-1.032921	-27.841170	-0.064939	-1.077517
4009	55.684925	00:00:55:49	-27.964495	1.664709	-1.235087	-27.991407	1.648204	-1.113473	-28.077904	1.646164	-1.152785	-27.976083	1.530959	-1.177950	-27.999785	1.547321	-1.139605	-28.108669	1.520129	-1.237675	-27.840450	1.543675	-1.106259	-28.070781	1.440353	-0.905673	-27.994822	0.793873	-1.568038	-27.996956	1.384610	-0.550747	-28.068464	-0.047574	-2.037735	-27.982610	1.409556	-0.607633	-28.137109	-0.067754	-2.051663	-28.061504	1.384382	-0.586820	-28.092416	-0.048824	-2.033474	-28.154537	0.978111	-1.233509	-28.109561	0.994911	-1.345576	-27.831151	0.988225	-1.048780	-27.829487	0.986323	-1.101316	-28.176185	0.471276	-1.247854	-27.863229	0.464295	-1.065855	-28.177353	-0.017362	-1.236116	-28.113799	-0.058532	-1.300475	-27.850122	-0.023040	-1.011244	-27.821605	-0.063755	-1.085138
4010	55.698819	00:00:55:50	-27.959020	1.675976	-1.235586	-27.949179	1.656236	-1.100226	-28.100744	1.665634	-1.158641	-28.027698	1.554087	-1.204779	-28.045138	1.533432	-1.156789	-28.115284	1.541721	-1.239406	-27.869222	1.565895	-1.101871	-28.065638	1.446621	-0.923459	-27.995106	0.768757	-1.576242	-28.011466	1.380950	-0.579002	-28.107052	-0.074522	-2.080415	-27.981855	1.388910	-0.581779	-28.085353	-0.021397	-2.046986	-28.014315	1.376162	-0.565083	-28.096550	-0.022911	-2.025773	-28.179269	0.982049	-1.222848	-28.124707	0.950427	-1.284446	-27.863918	0.999290	-1.012562	-27.822877	0.986566	-1.087516	-28.175438	0.473882	-1.237836	-27.842802	0.460320	-1.042842	-28.194900	-0.061057	-1.192337	-28.141225	-0.078338	-1.269002	-27.867991	-0.048205	-1.063710	-27.852591	-0.013899	-1.089728
4011	55.712712	00:00:55:51	-27.945270	1.662279	-1.221568	-27.990404	1.661072	-1.064930	-28.076851	1.646141	-1.161989	-28.022214	1.565011	-1.188287	-28.013197	1.562528	-1.163413	-28.135157	1.503179	-1.267871	-27.861395	1.524738	-1.090815	-28.056335	1.463614	-0.934532	-27.981237	0.721407	-1.593076	-28.014514	1.377755	-0.577511	-28.112903	-0.045933	-2.082910	-28.013733	1.389485	-0.580334	-28.071107	-0.048766	-2.055972	-27.999553	1.385087	-0.568829	-28.095969	-0.059386	-2.111917	-28.201604	0.965479	-1.230834	-28.150496	0.960729	-1.281450	-27.850046	0.944281	-1.048427	-27.815724	0.941778	-1.097101	-28.159863	0.448521	-1.242720	-27.865727	0.417277	-1.062259	-28.151157	-0.075739	-1.162426	-28.128409	-0.064772	-1.240587	-27.872510	-0.040643	-1.041494	-27.858777	-0.072272	-1.080298
4012	55.726606	00:00:55:52	-27.968199	1.642841	-1.240775	-27.988052	1.664716	-1.094044	-28.077802	1.663484	-1.144551	-27.952128	1.552938	-1.181231	-28.013446	1.585729	-1.148752	-28.125853	1.549043	-1.271435	-27.872601	1.522108	-1.114933	-28.051875	1.491594	-0.911032	-27.961220	0.739594	-1.570343	-28.006144	1.391633	-0.604203	-28.073493	-0.054389	-2.063927	-28.005911	1.385986	-0.562774	-28.091307	-0.027535	-2.077969	-28.021526	1.411471	-0.575965	-28.118461	-0.057555	-2.074054	-28.164416	0.957808	-1.281837	-28.143867	0.991407	-1.295561	-27.880229	0.981457	-1.082171	-27.815221	0.933791	-1.113140	-28.150117	0.430230	-1.268981	-27.845303	0.411645	-1.068333	-28.174601	-0.023165	-1.231314	-28.128112	-0.064202	-1.255945	-27.864217	-0.047662	-0.999960	-27.848713	-0.068817	-1.090504
4013	55.740499	00:00:55:53	-27.973736	1.623744	-1.255747	-27.974118	1.639142	-1.075374	-28.091372	1.661502	-1.191133	-28.000375	1.555926	-1.169939	-28.001382	1.552861	-1.170559	-28.138634	1.552656	-1.284572	-27.860651	1.555717	-1.093166	-28.058081	1.499735	-0.917172	-27.998410	0.744393	-1.591127	-28.002971	1.394765	-0.566107	-28.102833	-0.087520	-2.075107	-28.002050	1.419249	-0.581073	-28.074799	-0.054894	-2.085153	-28.022996	1.376042	-0.571172	-28.089213	-0.059669	-2.063334	-28.167336	0.973878	-1.225972	-28.162225	0.965797	-1.264993	-27.840669	0.988237	-1.073069	-27.821109	0.953818	-1.108146	-28.137502	0.468066	-1.272318	-27.859981	0.448181	-1.045782	-28.182358	-0.052793	-1.208228	-28.158057	-0.005672	-1.268196	-27.878835	-0.035958	-1.024186	-27.887275	-0.054338	-1.096147
4014	55.754392	00:00:55:54	-27.945692	1.644457	-1.246886	-27.969761	1.672457	-1.074333	-28.072775	1.632645	-1.147860	-27.977575	1.547703	-1.184525	-28.016617	1.546617	-1.177194	-28.081173	1.544365	-1.255320	-27.861261	1.556099	-1.092159	-28.061668	1.445772	-0.935219	-27.999660	0.789336	-1.574501	-28.010188	1.364732	-0.569799	-28.085679	-0.056704	-2.043763	-28.029237	1.358977	-0.581382	-28.101371	-0.040402	-2.061514	-28.015468	1.389514	-0.585388	-28.105465	-0.061702	-2.070785	-28.129400	0.943821	-1.251820	-28.122497	0.967797	-1.277670	-27.897656	1.002443	-1.040500	-27.815647	0.983806	-1.099318	-28.167170	0.442245	-1.248637	-27.865575	0.417511	-1.048077	-28.211254	-0.058395	-1.191123	-28.175470	-0.035422	-1.261643	-27.911327	-0.082947	-1.018826	-27.823469	-0.060386	-1.134556
4015	55.768286	00:00:55:55	-27.951516	1.683793	-1.243948	-27.995629	1.627098	-1.092691	-28.076069	1.649297	-1.139849	-27.987394	1.579468	-1.184466	-27.998951	1.521582	-1.152124	-28.110387	1.525492	-1.256418	-27.871850	1.531616	-1.121398	-28.092686	1.477689	-0.911880	-27.991130	0.751284	-1.582112	-27.996091	1.365847	-0.568477	-28.083920	-0.069992	-2.061351	-28.021261	1.391585	-0.580331	-28.055021	-0.049077	-2.052223	-28.030466	1.380994	-0.581151	-28.086206	-0.059229	-2.061528	-28.162986	0.991270	-1.235856	-28.132925	0.982786	-1.286315	-27.875832	0.987667	-1.046313	-27.812806	0.975490	-1.084279	-28.144505	0.458717	-1.279591	-27.846009	0.445341	-1.052794	-28.145738	-0.079706	-1.206414	-28.179226	-0.036725	-1.283833	-27.858532	-0.023594	-1.037621	-27.836406	-0.035060	-1.091015
4016	55.782179	00:00:55:56	-27.985058	1.655767	-1.222445	-27.975785	1.651726	-1.094538	-28.066130	1.656067	-1.165502	-27.952157	1.552570	-1.191755	-27.940848	1.551768	-1.160773	-28.148762	1.538340	-1.262055	-27.882084	1.568401	-1.120536	-28.042095	1.499701	-0.952884	-27.982946	0.773588	-1.575837	-27.963126	1.379177	-0.588124	-28.083323	-0.049505	-2.054663	-28.016411	1.377568	-0.541654	-28.070923	-0.033472	-2.055456	-28.017273	1.377580	-0.573407	-28.085853	-0.060376	-2.041095	-28.176710	0.933728	-1.240944	-28.144450	0.968962	-1.314045	-27.841880	0.985659	-1.059523	-27.857644	0.972559	-1.091924	-28.186961	0.449751	-1.250830	-27.861927	0.468129	-1.065209	-28.129807	-0.036456	-1.196225	-28.166800	-0.028940	-1.284662	-27.865109	-0.040274	-1.021719	-27.858014	-0.079880	-1.080441
4017	55.796073	00:00:55:57	-27.962151	1.689221	-1.236400	-27.974240	1.663695	-1.081110	-28.106849	1.646614	-1.196893	-27.980079	1.523278	-1.205087	-28.021340	1.557596	-1.138716	-28.115307	1.535437	-1.251797	-27.858979	1.541995	-1.111698	-28.074316	1.466205	-0.932488	-27.990222	0.704968	-1.566670	-28.017213	1.376131	-0.594363	-28.098083	-0.013167	-2.020764	-28.017256	1.378305	-0.579149	-28.061894	-0.029024	-2.023157	-27.988414	1.386980	-0.606388	-28.050172	-0.068676	-2.116805	-28.147608	0.978056	-1.237134	-28.122728	0.962277	-1.268868	-27.856120	0.951736	-1.035308	-27.823000	0.967806	-1.117555	-28.146744	0.455038	-1.263079	-27.867732	0.452647	-1.094397	-28.154908	-0.065710	-1.264390	-28.155605	-0.053224	-1.280926	-27.879509	-0.033843	-1.031227	-27.839861	-0.098476	-1.090595
4018	55.809966	00:00:55:58	-27.951543	1.661722	-1.213967	-27.972235	1.659178	-1.106246	-28.095526	1.666673	-1.131269	-27.973213	1.545758	-1.146956	-28.009155	1.532847	-1.149310	-28.077444	1.544218	-1.263661	-27.844905	1.553864	-1.133550	-28.070839	1.466481	-0.902878	-28.008655	0.740498	-1.592706	-28.007625	1.393645	-0.594552	-28.093182	-0.060304	-2.090469	-28.037900	1.382260	-0.576551	-28.083230	-0.038694	-2.058911	-28.033968	1.415502	-0.584749	-28.100992	-0.035285	-2.060471	-28.170139	0.992683	-1.215363	-28.148410	0.945997	-1.260935	-27.867154	0.998825	-0.997929	-27.809866	0.973296	-1.091920	-28.187901	0.440706	-1.245232	-27.839268	0.446870	-1.074762	-28.176116	-0.070286	-1.208895	-28.141591	-0.079103	-1.316242	-27.850950	-0.062621	-1.047331	-27.862939	-0.090123	-1.081530
4019	55.823860	00:00:55:59	-27.945682	1.653558	-1.197523	-27.963494	1.656824	-1.119332	-28.078786	1.696252	-1.165702	-27.988517	1.579250	-1.181890	-27.991753	1.528218	-1.162674	-28.098290	1.535319	-1.266595	-27.862992	1.560454	-1.125499	-28.077256	1.461750	-0.936612	-27.984872	0.747007	-1.572446	-28.037381	1.374745	-0.583567	-28.089700	-0.037298	-2.061652	-28.016561	1.356212	-0.582362	-28.097274	-0.049522	-2.053418	-28.024862	1.373899	-0.542838	-28.111709	-0.054019	-2.065901	-28.174173	0.953946	-1.238548	-28.134451	0.979088	-1.287310	-27.894666	0.952220	-1.038513	-27.819495	0.955894	-1.135635	-28.176336	0.454376	-1.241821	-27.859858	0.432692	-1.025397	-28.185041	-0.069902	-1.204299	-28.133293	-0.071193	-1.279534	-27.888966	-0.087753	-1.013303	-27.810781	-0.077418	-1.060977
4020	55.837753	00:00:55:60	-27.938887	1.670649	-1.284032	-28.003348	1.640725	-1.082331	-28.090858	1.614401	-1.171404	-27.994950	1.534044	-1.191521	-28.003545	1.509738	-1.160975	-28.141017	1.531436	-1.268382	-27.872964	1.523075	-1.118991	-28.075119	1.489642	-0.939809	-27.966196	0.763576	-1.586676	-28.012363	1.358868	-0.594183	-28.102590	-0.038366	-2.099520	-28.025937	1.363192	-0.586652	-28.087384	-0.047839	-2.031621	-28.029018	1.376457	-0.541916	-28.068991	-0.051806	-2.057754	-28.144692	0.978401	-1.227681	-28.141805	0.951192	-1.311566	-27.874186	0.965687	-1.088968	-27.801354	0.944042	-1.097344	-28.167401	0.441401	-1.250664	-27.838323	0.435212	-1.064406	-28.205440	-0.068931	-1.205366	-28.128802	-0.045589	-1.267700	-27.825425	-0.084227	-1.058211	-27.840183	-0.085060	-1.065322
4021	55.851647	00:00:55:61	-27.943735	1.668536	-1.236300	-27.998535	1.644817	-1.079650	-28.061329	1.661380	-1.151475	-27.981417	1.546611	-1.185104	-28.012796	1.543619	-1.165089	-28.088173	1.543236	-1.295677	-27.853595	1.524207	-1.123351	-28.075725	1.475145	-0.908528	-27.979935	0.743704	-1.599021	-28.004336	1.379386	-0.570103	-28.072190	-0.055465	-2.062095	-28.010232	1.371589	-0.596379	-28.093583	-0.036389	-2.050154	-28.020350	1.389837	-0.567858	-28.072587	-0.014477	-2.045624	-28.171792	0.966453	-1.283437	-28.108181	0.965248	-1.262493	-27.850485	0.961005	-1.052108	-27.845748	0.980536	-1.096018	-28.149877	0.440824	-1.241726	-27.859043	0.447540	-1.074301	-28.169988	-0.036553	-1.225886	-28.159123	-0.057554	-1.253176	-27.899637	-0.040409	-1.042698	-27.800255	-0.059377	-1.099998
4022	55.865540	00:00:55:62	-27.949141	1.660229	-1.226533	-27.986614	1.662342	-1.074450	-28.093839	1.669981	-1.179251	-27.982967	1.550265	-1.172834	-28.002397	1.563721	-1.147765	-28.131216	1.552943	-1.269548	-27.878000	1.539285	-1.099392	-28.064814	1.433981	-0.905822	-27.945698	0.759420	-1.549628	-28.027951	1.362406	-0.582300	-28.090644	-0.039024	-2.076158	-28.015113	1.371376	-0.609941	-28.089005	-0.051723	-2.041321	-28.001014	1.358782	-0.563462	-28.057630	-0.039278	-2.056678	-28.181886	0.984911	-1.231624	-28.129072	0.959292	-1.317835	-27.879751	0.965799	-1.041634	-27.840210	0.976993	-1.118859	-28.177019	0.447818	-1.236348	-27.832471	0.453438	-1.068114	-28.161942	-0.059439	-1.224242	-28.125777	-0.026223	-1.301105	-27.871661	-0.060703	-1.035404	-27.840965	-0.067893	-1.108590
4023	55.879433	00:00:55:63	-27.997203	1.645107	-1.247913	-27.979841	1.686516	-1.109781	-28.107359	1.670138	-1.156842	-27.985427	1.545531	-1.183013	-28.020664	1.568870	-1.132303	-28.145893	1.546529	-1.255054	-27.858258	1.543572	-1.113512	-28.102810	1.452180	-0.898013	-27.989894	0.740463	-1.562823	-28.016126	1.370424	-0.579299	-28.127503	-0.051408	-2.089782	-28.018488	1.385570	-0.553516	-28.102031	-0.046973	-2.080786	-28.033508	1.393804	-0.555536	-28.100647	-0.007766	-2.047781	-28.171550	0.968548	-1.246492	-28.138271	0.971214	-1.294599	-27.844974	0.944306	-1.032971	-27.833236	0.966023	-1.099798	-28.174302	0.421182	-1.278997	-27.829897	0.457808	-1.106602	-28.152103	-0.074271	-1.244761	-28.135875	-0.059510	-1.266208	-27.883705	-0.039835	-1.048890	-27.858608	-0.059566	-1.073532
4024	55.893327	00:00:55:64	-27.967617	1.669175	-1.226540	-27.973065	1.645627	-1.082786	-28.090023	1.673496	-1.136302	-27.997910	1.517367	-1.181320	-28.018573	1.549166	-1.152493	-28.142274	1.541838	-1.274963	-27.865974	1.566423	-1.100887	-28.088429	1.445002	-0.924933	-27.958605	0.758621	-1.584479	-28.021881	1.405348	-0.570185	-28.089750	-0.059230	-2.081141	-28.026148	1.401854	-0.608013	-28.088136	-0.054492	-2.076517	-28.062561	1.366165	-0.599766	-28.109837	-0.026605	-2.088181	-28.166280	0.964765	-1.251524	-28.163680	0.963130	-1.271837	-27.852162	0.971116	-1.052187	-27.853914	0.948299	-1.076676	-28.129493	0.449446	-1.258218	-27.815302	0.455473	-1.046137	-28.183213	-0.063083	-1.195038	-28.112405	-0.082384	-1.267392	-27.873578	-0.045223	-1.027523	-27.843340	-0.056412	-1.103694
4025	55.907220	00:00:55:65	-27.954261	1.636772	-1.247811	-27.976081	1.666920	-1.082618	-28.107428	1.672217	-1.142135	-27.963600	1.533026	-1.193226	-27.997699	1.551864	-1.165526	-28.141069	1.555065	-1.260697	-27.857441	1.518706	-1.101285	-28.067601	1.439118	-0.909863	-27.975544	0.761608	-1.580930	-27.995380	1.364600	-0.579282	-28.107233	-0.035753	-2.058522	-28.037838	1.366932	-0.559913	-28.096334	-0.037672	-2.090569	-28.001383	1.394570	-0.586978	-28.114323	-0.032953	-2.078546	-28.193127	0.961246	-1.224870	-28.137267	0.963821	-1.307349	-27.871931	0.956703	-1.049699	-27.816246	0.961057	-1.051066	-28.175182	0.470190	-1.240653	-27.864582	0.438943	-1.084756	-28.165316	-0.035159	-1.207501	-28.079529	-0.046250	-1.265617	-27.879270	-0.064513	-1.038494	-27.853038	-0.075528	-1.075361
4026	55.921114	00:00:55:66	-27.956792	1.657017	-1.259260	-27.940797	1.627553	-1.050075	-28.096132	1.612088	-1.151235	-28.001132	1.516239	-1.194609	-28.001199	1.547027	-1.140626	-28.078520	1.523932	-1.248674	-27.855227	1.545937	-1.112987	-28.062292	1.471953	-0.943824	-27.952779	0.729579	-1.598792	-28.020001	1.414581	-0.586052	-28.111827	-0.059065	-2.093653	-28.043795	1.403019	-0.579375	-28.093339	-0.078960	-2.051905	-27.995377	1.362140	-0.578099	-28.091087	-0.032401	-2.082091	-28.163882	0.971984	-1.229726	-28.140552	0.970143	-1.284244	-27.870757	0.977953	-1.039394	-27.834039	0.952193	-1.097437	-28.144121	0.444210	-1.272836	-27.876662	0.465403	-1.087258	-28.169960	-0.054069	-1.263951	-28.116775	-0.084638	-1.272322	-27.860980	-0.075347	-1.020371	-27.877760	-0.063569	-1.088567
4027	55.935007	00:00:55:67	-27.952354	1.672623	-1.232182	-27.987089	1.634340	-1.090151	-28.073895	1.659857	-1.161369	-28.005371	1.517352	-1.215408	-28.022474	1.578876	-1.166121	-28.106719	1.531592	-1.300371	-27.831910	1.533922	-1.125785	-28.088967	1.492252	-0.931127	-27.989716	0.763529	-1.564559	-28.061571	1.374268	-0.593399	-28.101436	-0.037232	-2.086506	-28.008124	1.388588	-0.563644	-28.080595	-0.040863	-2.082833	-27.987952	1.365806	-0.568492	-28.115124	-0.047394	-2.049141	-28.185233	0.990783	-1.235295	-28.121353	0.990193	-1.283429	-27.862375	0.973098	-1.019242	-27.838198	0.978584	-1.092929	-28.145762	0.466861	-1.232831	-27.873467	0.448768	-1.052172	-28.183709	-0.033792	-1.208339	-28.135277	-0.078928	-1.311631	-27.845343	-0.054553	-1.040574	-27.825342	-0.069957	-1.069170
4028	55.948901	00:00:55:68	-27.950099	1.653831	-1.250989	-27.972010	1.651180	-1.097000	-28.113922	1.655249	-1.194166	-27.972484	1.525706	-1.179797	-28.016796	1.548644	-1.161970	-28.122492	1.540303	-1.229293	-27.844330	1.541605	-1.101121	-28.034957	1.441533	-0.945934	-27.995543	0.782511	-1.567664	-28.020486	1.363393	-0.565593	-28.089099	-0.018206	-2.060885	-28.025678	1.371351	-0.559212	-28.060428	-0.068825	-2.071747	-28.042421	1.387893	-0.565042	-28.085161	-0.051152	-2.076200	-28.160650	0.956329	-1.243822	-28.129663	0.979588	-1.275842	-27.892810	0.968435	-1.047060	-27.831845	0.967528	-1.082247	-28.143689	0.478169	-1.249453	-27.884783	0.467715	-1.044670	-28.159223	-0.013974	-1.213702	-28.167526	-0.040225	-1.268740	-27.861057	-0.064744	-1.046168	-27.866471	-0.073247	-1.095462
4029	55.962794	00:00:55:69	-27.957518	1.664593	-1.218751	-27.976885	1.662143	-1.090671	-28.069464	1.673912	-1.124748	-27.991492	1.533528	-1.168716	-28.061189	1.533204	-1.164241	-28.129617	1.538451	-1.282566	-27.878242	1.554290	-1.092201	-28.070423	1.490931	-0.942728	-27.964551	0.767671	-1.577280	-28.026604	1.391193	-0.560486	-28.089198	-0.056720	-2.057716	-28.019032	1.402248	-0.578092	-28.055258	-0.040000	-2.049810	-28.036528	1.392735	-0.563392	-28.084540	-0.037571	-2.048305	-28.180346	0.974376	-1.237477	-28.106637	0.969763	-1.342207	-27.880175	0.954268	-1.051934	-27.865638	0.983006	-1.108768	-28.170367	0.441515	-1.217376	-27.858984	0.455295	-1.094466	-28.207191	-0.042700	-1.234317	-28.141050	-0.053709	-1.289401	-27.883801	-0.050013	-1.033023	-27.823464	-0.076615	-1.077384
4030	55.976688	00:00:55:70	-27.979655	1.637254	-1.242672	-27.976138	1.667953	-1.113185	-28.066912	1.640018	-1.165846	-27.979563	1.533568	-1.199619	-28.039559	1.557116	-1.153073	-28.140617	1.546877	-1.270917	-27.897192	1.564825	-1.098938	-28.049494	1.467267	-0.946980	-27.981264	0.753420	-1.542386	-28.015785	1.394247	-0.570911	-28.089104	-0.029529	-2.043150	-28.025785	1.391453	-0.559714	-28.111262	-0.057712	-2.062067	-28.013764	1.392249	-0.579887	-28.106584	-0.067004	-2.063246	-28.152826	0.977371	-1.264726	-28.117650	0.982702	-1.275031	-27.851775	0.958273	-1.015948	-27.819328	0.955770	-1.116344	-28.131401	0.457810	-1.241340	-27.868580	0.480931	-1.064035	-28.170163	-0.064228	-1.219838	-28.164559	-0.043495	-1.274096	-27.862946	-0.067757	-1.021583	-27.855349	-0.052434	-1.099135
4031	55.990581	00:00:55:71	-27.958301	1.658012	-1.228112	-27.963417	1.651915	-1.096758	-28.070623	1.667583	-1.163297	-27.984901	1.514440	-1.206773	-28.011949	1.557858	-1.152239	-28.081947	1.560166	-1.275337	-27.851406	1.538500	-1.148219	-28.083414	1.443416	-0.904409	-28.013706	0.721453	-1.588427	-28.027085	1.401841	-0.613190	-28.057642	-0.040653	-2.055366	-28.029739	1.420512	-0.581912	-28.106600	-0.031483	-2.076317	-28.027428	1.358322	-0.599521	-28.085387	-0.059263	-2.065006	-28.208869	0.956839	-1.227047	-28.117998	0.958780	-1.303169	-27.896282	0.983491	-1.068710	-27.845344	0.953376	-1.084781	-28.154495	0.480614	-1.251410	-27.864080	0.436782	-1.050398	-28.173114	-0.080533	-1.224966	-28.178960	-0.076847	-1.287330	-27.868907	-0.050469	-1.022338	-27.841230	-0.062308	-1.102493
4032	56.004474	00:00:56:00	-27.984089	1.619297	-1.209532	-27.979150	1.665686	-1.112137	-28.103804	1.654805	-1.142287	-27.971733	1.535756	-1.176999	-28.022229	1.553760	-1.142479	-28.143885	1.542526	-1.291791	-27.903636	1.547957	-1.094202	-28.057245	1.442782	-0.911717	-27.960464	0.736406	-1.600845	-28.014397	1.386104	-0.562895	-28.082082	-0.062952	-2.082248	-28.049774	1.376017	-0.547364	-28.120785	-0.026212	-2.064951	-28.036707	1.360887	-0.571319	-28.106089	-0.059690	-2.050639	-28.180039	0.947507	-1.251156	-28.153854	0.948532	-1.295242	-27.873555	0.960438	-1.042638	-27.844647	0.977225	-1.075648	-28.135487	0.451810	-1.307522	-27.853782	0.497093	-1.093773	-28.158347	-0.053591	-1.195372	-28.156726	-0.044292	-1.269468	-27.887272	-0.068623	-1.033107	-27.869575	-0.062835	-1.090823
4033	56.018368	00:00:56:01	-27.999748	1.639545	-1.202488	-27.983892	1.680403	-1.093727	-28.085326	1.638598	-1.174928	-27.981653	1.547375	-1.190557	-28.010020	1.531833	-1.155323	-28.162560	1.530931	-1.245097	-27.857242	1.563228	-1.126212	-28.074846	1.468216	-0.961629	-27.987113	0.763389	-1.586995	-28.022981	1.420339	-0.576323	-28.114971	-0.062864	-2.059933	-28.019298	1.361108	-0.557085	-28.113113	-0.067891	-2.081056	-28.002085	1.379792	-0.591707	-28.087258	-0.040289	-2.068509	-28.173787	0.951644	-1.251018	-28.128993	0.954138	-1.286088	-27.862416	0.965638	-1.032735	-27.818887	0.974729	-1.099192	-28.169817	0.454609	-1.243869	-27.856976	0.450010	-1.042724	-28.177209	-0.054042	-1.227845	-28.186650	-0.039991	-1.261910	-27.899990	-0.074263	-1.035983	-27.843655	-0.025653	-1.058116
4034	56.032261	00:00:56:02	-27.959463	1.649697	-1.218826	-27.975535	1.667358	-1.139400	-28.076500	1.652280	-1.141439	-28.018604	1.558219	-1.183934	-27.993392	1.540912	-1.153606	-28.110106	1.539429	-1.272945	-27.863274	1.527507	-1.102041	-28.067230	1.476313	-0.921895	-27.977379	0.710748	-1.596350	-28.018556	1.405947	-0.582440	-28.056794	-0.061232	-2.058157	-28.025047	1.348620	-0.577121	-28.092367	-0.058357	-2.044473	-28.010892	1.401161	-0.550816	-28.072856	-0.095448	-2.053670	-28.195569	0.975323	-1.234375	-28.117732	0.995295	-1.324683	-27.891768	1.003443	-1.046909	-27.817053	0.943597	-1.106129	-28.154740	0.420430	-1.244335	-27.853301	0.428749	-1.034833	-28.165558	-0.047153	-1.223877	-28.132982	-0.053048	-1.262873	-27.852226	-0.039001	-1.027420	-27.837552	-0.076251	-1.064826
4035	56.046155	00:00:56:03	-27.968356	1.624588	-1.227001	-27.973434	1.669173	-1.078676	-28.096828	1.674610	-1.150592	-27.967699	1.565770	-1.206657	-28.009073	1.569490	-1.181530	-28.146606	1.547070	-1.245945	-27.886630	1.542085	-1.084619	-28.074954	1.494111	-0.934461	-27.989331	0.745572	-1.606286	-28.017298	1.413482	-0.564741	-28.117300	-0.057396	-2.063980	-28.008758	1.381672	-0.556797	-28.096260	-0.011792	-2.053950	-28.045500	1.367352	-0.567461	-28.095221	-0.059625	-2.060596	-28.184561	0.940854	-1.232306	-28.152614	0.963676	-1.288939	-27.870465	0.979314	-1.023062	-27.836285	0.978834	-1.092304	-28.197070	0.452059	-1.255253	-27.838447	0.412531	-1.080535	-28.192629	-0.060102	-1.207353	-28.159348	-0.051193	-1.280583	-27.868932	-0.063944	-1.015268	-27.833083	-0.093727	-1.091762
4036	56.060048	00:00:56:04	-27.999355	1.673275	-1.223341	-27.975063	1.672443	-1.085442	-28.078323	1.651294	-1.164489	-28.003584	1.563046	-1.180093	-28.024256	1.545775	-1.132935	-28.089552	1.530351	-1.259093	-27.894749	1.531642	-1.093565	-28.060247	1.482789	-0.930886	-27.995209	0.755435	-1.600454	-28.016170	1.417211	-0.570743	-28.094803	-0.021265	-2.100691	-28.041449	1.369384	-0.544171	-28.110509	-0.033853	-2.061825	-28.055648	1.397656	-0.549505	-28.073149	-0.066026	-2.073406	-28.204768	0.968115	-1.250410	-28.152498	0.948776	-1.305644	-27.846836	0.982622	-1.074289	-27.827840	0.980439	-1.114050	-28.154057	0.482506	-1.256402	-27.852772	0.456568	-1.076978	-28.145036	-0.041389	-1.252318	-28.156703	-0.065812	-1.249530	-27.898119	-0.070430	-1.070365	-27.825868	0.008296	-1.075411
4037	56.073942	00:00:56:05	-27.946903	1.627466	-1.244634	-27.960389	1.662376	-1.078314	-28.097645	1.686189	-1.156249	-28.021638	1.535549	-1.224005	-28.027185	1.532892	-1.177907	-28.108127	1.531425	-1.269508	-27.864802	1.546953	-1.117988	-28.080347	1.456038	-0.923179	-27.955066	0.758608	-1.598882	-28.017138	1.399783	-0.566783	-28.106150	-0.068835	-2.068935	-28.009680	1.385800	-0.587887	-28.079223	-0.067404	-2.041160	-28.017140	1.386089	-0.565806	-28.102544	-0.046295	-2.043904	-28.146593	0.989875	-1.251111	-28.118449	0.968604	-1.271778	-27.849980	0.957971	-1.056206	-27.832310	0.968010	-1.086071	-28.138837	0.455552	-1.241508	-27.868285	0.431473	-1.048228	-28.194151	-0.049295	-1.211537	-28.161333	-0.027184	-1.299757	-27.882878	-0.073622	-1.009222	-27.863118	-0.062400	-1.106468
4038	56.087835	00:00:56:06	-27.944809	1.663722	-1.256092	-27.969235	1.654462	-1.145331	-28.091492	1.650899	-1.139005	-27.972557	1.528329	-1.221600	-28.029764	1.560885	-1.156309	-28.143773	1.531574	-1.245281	-27.865178	1.557072	-1.111570	-28.051787	1.501875	-0.920661	-27.986625	0.753866	-1.593197	-28.010895	1.345105	-0.588703	-28.094270	-0.058257	-2.063377	-28.037722	1.380233	-0.560922	-28.115003	-0.047592	-2.091689	-28.031380	1.358426	-0.573060	-28.063713	-0.062333	-2.086330	-28.176231	0.989386	-1.212739	-28.138745	0.994704	-1.303862	-27.881124	0.954128	-1.064335	-27.837468	0.936439	-1.097488	-28.148888	0.456314	-1.296406	-27.864424	0.492834	-1.029155	-28.186842	-0.046532	-1.206663	-28.134847	-0.041561	-1.251109	-27.876705	-0.054208	-1.038070	-27.858562	-0.063210	-1.080909
4039	56.101729	00:00:56:07	-27.947372	1.657945	-1.241601	-27.962003	1.646100	-1.116209	-28.082798	1.645561	-1.152523	-27.966769	1.535865	-1.160543	-28.037158	1.555363	-1.170624	-28.122832	1.544288	-1.279901	-27.852261	1.521451	-1.096703	-28.053374	1.458009	-0.909315	-27.973682	0.735962	-1.589792	-28.030386	1.372783	-0.583247	-28.099037	-0.051859	-2.095246	-28.023096	1.386392	-0.589686	-28.096172	-0.037147	-2.084432	-28.044986	1.348548	-0.585334	-28.069821	-0.039366	-2.039653	-28.171140	0.972631	-1.214818	-28.124694	0.981754	-1.283048	-27.886475	0.957841	-1.030476	-27.848332	0.945413	-1.107925	-28.168809	0.452616	-1.236117	-27.875712	0.426882	-1.066488	-28.153979	-0.068512	-1.256240	-28.110556	-0.001079	-1.247956	-27.888067	-0.045261	-1.037566	-27.834871	-0.033125	-1.057697
4040	56.115622	00:00:56:08	-27.976563	1.643801	-1.248460	-27.995866	1.669258	-1.088859	-28.061453	1.641772	-1.162415	-28.005504	1.542915	-1.200959	-28.006069	1.568760	-1.155448	-28.121842	1.568314	-1.266542	-27.865911	1.555145	-1.094218	-28.086030	1.446190	-0.920322	-28.006242	0.751824	-1.578508	-27.995762	1.351183	-0.571528	-28.110211	-0.058451	-2.084493	-28.012968	1.405067	-0.612587	-28.128939	-0.046445	-2.038874	-28.035353	1.400908	-0.595511	-28.077334	-0.066595	-2.034013	-28.152171	0.960900	-1.251264	-28.113121	0.946610	-1.268514	-27.859727	0.970421	-1.048974	-27.849860	0.971819	-1.102522	-28.163712	0.466467	-1.216596	-27.869099	0.440597	-1.083733	-28.178164	-0.034046	-1.217986	-28.122965	-0.029879	-1.273013	-27.885568	-0.028685	-1.029642	-27.825827	-0.051214	-1.075212
4041	56.129515	00:00:56:09	-27.971937	1.644019	-1.214877	-27.965390	1.644529	-1.076912	-28.064896	1.648573	-1.130602	-28.005569	1.519671	-1.196150	-28.027239	1.538692	-1.199594	-28.108355	1.546566	-1.300925	-27.870688	1.526017	-1.109026	-28.039140	1.490209	-0.912950	-27.965384	0.745236	-1.573223	-28.038770	1.406150	-0.589351	-28.108765	-0.042277	-2.030835	-27.993150	1.375715	-0.571118	-28.140156	-0.053173	-2.038587	-28.005206	1.380291	-0.600504	-28.084981	-0.054291	-2.103608	-28.166766	0.984653	-1.238411	-28.129078	0.926964	-1.316648	-27.861551	1.015124	-1.036699	-27.862562	0.971496	-1.087868	-28.152463	0.447917	-1.241103	-27.850412	0.451019	-1.081759	-28.147879	-0.041439	-1.200797	-28.111210	-0.055720	-1.262105	-27.849475	-0.073712	-1.038158	-27.842458	-0.086686	-1.099957
4042	56.143409	00:00:56:10	-27.941232	1.626091	-1.209804	-27.983465	1.654004	-1.092064	-28.091896	1.649893	-1.152870	-28.000965	1.532050	-1.193594	-28.012756	1.518619	-1.144690	-28.129374	1.546417	-1.262272	-27.867792	1.573068	-1.135206	-28.071886	1.488601	-0.920590	-27.974188	0.726386	-1.586453	-28.042000	1.384195	-0.545743	-28.120155	-0.037243	-2.035408	-28.027170	1.343881	-0.556835	-28.093599	-0.067067	-2.072934	-28.023834	1.396016	-0.559940	-28.087898	-0.025100	-2.063301	-28.136862	0.986993	-1.205112	-28.129750	0.967740	-1.268048	-27.846134	0.993726	-1.054699	-27.843665	0.965339	-1.099447	-28.145440	0.433977	-1.272395	-27.854117	0.442528	-1.080388	-28.124395	-0.063969	-1.235432	-28.130197	-0.083434	-1.283565	-27.850738	-0.069220	-1.039456	-27.847735	-0.055805	-1.108440
4043	56.157302	00:00:56:11	-27.974186	1.681921	-1.247628	-27.994215	1.683553	-1.100434	-28.075777	1.656739	-1.141935	-27.939227	1.528613	-1.175775	-27.991701	1.551007	-1.138469	-28.114326	1.552452	-1.274953	-27.863458	1.542405	-1.127683	-28.060804	1.457857	-0.904115	-27.952577	0.731505	-1.573019	-27.978324	1.406583	-0.562935	-28.104769	-0.067615	-2.057236	-28.025607	1.377066	-0.563319	-28.108879	-0.051779	-2.059717	-28.032554	1.384290	-0.540630	-28.093955	-0.047867	-2.059077	-28.212663	0.971685	-1.220223	-28.144854	0.943386	-1.269289	-27.852503	0.962969	-1.041732	-27.844355	0.952388	-1.082959	-28.182182	0.471458	-1.246733	-27.874117	0.476438	-1.080195	-28.152578	-0.053757	-1.222022	-28.135614	-0.036814	-1.259341	-27.866780	-0.048667	-1.017110	-27.833495	-0.080959	-1.081103
4044	56.171196	00:00:56:12	-27.971546	1.637758	-1.240689	-27.977098	1.641421	-1.088221	-28.067873	1.640973	-1.122247	-28.014967	1.535967	-1.202459	-28.004278	1.530313	-1.149899	-28.132817	1.531583	-1.268933	-27.871057	1.522570	-1.111012	-28.065186	1.466069	-0.916992	-27.987308	0.730109	-1.578242	-28.011753	1.356618	-0.577345	-28.095449	-0.046189	-2.060851	-28.011301	1.395354	-0.571849	-28.093390	-0.055762	-2.069533	-28.025398	1.398626	-0.580734	-28.043367	-0.062260	-2.025690	-28.178672	0.972420	-1.269452	-28.142474	0.974853	-1.304938	-27.911060	0.988527	-1.057698	-27.861945	0.949864	-1.087130	-28.143570	0.475481	-1.271152	-27.878573	0.468127	-1.066330	-28.180630	-0.027838	-1.237405	-28.141499	-0.096414	-1.264407	-27.876008	-0.038817	-1.027152	-27.813111	-0.042064	-1.104318
4045	56.185089	00:00:56:13	-27.960297	1.642080	-1.246954	-27.975235	1.645584	-1.077991	-28.076796	1.653073	-1.191604	-28.002670	1.531940	-1.202377	-28.011864	1.535870	-1.138978	-28.104878	1.556862	-1.281963	-27.837193	1.523956	-1.109172	-28.073759	1.449961	-0.892332	-27.985403	0.740048	-1.577263	-28.022597	1.334392	-0.563787	-28.078420	-0.042420	-2.068311	-28.000083	1.385524	-0.568865	-28.095825	-0.031725	-2.049864	-28.051589	1.370640	-0.589409	-28.084325	-0.061121	-2.044816	-28.177078	0.986014	-1.253605	-28.117764	0.943087	-1.288182	-27.862323	0.963350	-1.058241	-27.855594	0.997511	-1.094576	-28.138042	0.444971	-1.245545	-27.847212	0.438374	-1.088597	-28.187232	-0.061882	-1.207051	-28.159599	-0.080597	-1.248341	-27.856720	-0.076952	-1.019059	-27.848452	-0.049854	-1.043514
4046	56.198983	00:00:56:14	-27.975322	1.635098	-1.226492	-27.958458	1.670320	-1.091814	-28.050472	1.655787	-1.152520	-27.990065	1.543588	-1.180618	-27.990244	1.538201	-1.172915	-28.063179	1.551979	-1.238944	-27.862450	1.547122	-1.107137	-28.059778	1.457936	-0.915829	-27.980357	0.767049	-1.579416	-28.001153	1.392114	-0.570127	-28.093020	-0.044861	-2.062655	-28.024841	1.375093	-0.580694	-28.110875	-0.033128	-2.046923	-28.031153	1.398803	-0.583602	-28.099187	-0.029897	-2.069059	-28.152441	0.946464	-1.225271	-28.134743	0.987271	-1.300023	-27.881712	0.945653	-1.037636	-27.825112	0.967400	-1.128828	-28.133259	0.451881	-1.252185	-27.865981	0.420274	-1.021961	-28.185364	-0.064062	-1.215478	-28.147143	-0.056232	-1.275681	-27.874609	-0.045900	-1.029854	-27.820931	-0.030546	-1.068955
4047	56.212876	00:00:56:15	-27.949121	1.636563	-1.267219	-27.994159	1.685357	-1.087402	-28.089969	1.663909	-1.190812	-27.989973	1.546658	-1.174304	-28.005162	1.539097	-1.177830	-28.107124	1.551156	-1.282709	-27.896219	1.558928	-1.087358	-28.033036	1.449730	-0.949828	-27.991738	0.750483	-1.594777	-28.036150	1.394721	-0.587514	-28.079888	-0.079111	-2.104526	-28.017197	1.411679	-0.565932	-28.103760	-0.070872	-2.093935	-28.029265	1.364727	-0.570256	-28.103295	-0.057435	-2.071753	-28.180190	0.969620	-1.214222	-28.134515	0.977239	-1.296442	-27.869232	0.966398	-1.041763	-27.854268	0.936275	-1.145309	-28.138221	0.477003	-1.246543	-27.859900	0.443842	-1.050174	-28.138423	-0.073830	-1.213624	-28.143412	-0.080866	-1.273684	-27.900719	-0.047344	-0.987525	-27.828629	-0.051947	-1.095408
4048	56.226770	00:00:56:16	-27.970233	1.638006	-1.222916	-27.968461	1.655463	-1.120536	-28.072229	1.647946	-1.159979	-27.987016	1.563880	-1.171801	-28.002751	1.573261	-1.134462	-28.135301	1.553330	-1.254519	-27.863386	1.543399	-1.091351	-28.071330	1.468805	-0.901144	-27.997455	0.738137	-1.562174	-28.029414	1.363813	-0.562588	-28.081413	-0.041251	-2.057452	-28.011273	1.366093	-0.521331	-28.108730	-0.061520	-2.067811	-28.027410	1.366895	-0.576160	-28.105902	-0.047087	-2.086585	-28.155147	0.976815	-1.253786	-28.159572	0.962567	-1.289425	-27.872798	0.955116	-1.047480	-27.827006	0.969962	-1.088701	-28.148207	0.436475	-1.236048	-27.870227	0.407625	-1.074735	-28.143119	-0.051065	-1.210555	-28.157275	-0.041005	-1.268725	-27.874551	-0.093870	-1.005630	-27.796132	-0.082552	-1.074018
4049	56.240663	00:00:56:17	-27.957244	1.650860	-1.215064	-27.998232	1.663213	-1.099823	-28.078971	1.681877	-1.143704	-28.001885	1.557389	-1.181706	-28.003429	1.561795	-1.158331	-28.112256	1.535825	-1.266725	-27.851275	1.546717	-1.097740	-28.068768	1.484719	-0.912653	-27.975159	0.735606	-1.573607	-28.038744	1.404774	-0.575802	-28.065484	-0.072961	-2.123901	-28.014999	1.371703	-0.580071	-28.108940	-0.034022	-2.069178	-28.055425	1.386115	-0.558208	-28.083619	-0.065622	-2.076774	-28.160228	1.012727	-1.227303	-28.133143	0.959491	-1.300574	-27.858277	0.973180	-1.052253	-27.826600	0.957945	-1.105328	-28.144172	0.451275	-1.266271	-27.821305	0.458385	-1.088041	-28.162525	-0.059373	-1.233347	-28.122936	-0.040572	-1.315671	-27.881263	-0.049311	-1.070700	-27.845731	-0.056646	-1.075719
4050	56.254556	00:00:56:18	-27.971414	1.650878	-1.220441	-27.973383	1.686619	-1.072537	-28.065977	1.644514	-1.156124	-27.991082	1.540493	-1.193761	-28.029514	1.538823	-1.111334	-28.102993	1.588084	-1.297391	-27.852594	1.584476	-1.120131	-28.081430	1.449663	-0.901330	-27.989167	0.775414	-1.569621	-28.036067	1.383848	-0.590399	-28.072565	-0.034003	-2.071756	-28.030615	1.395509	-0.565417	-28.114045	-0.046199	-2.046818	-28.019855	1.382116	-0.611696	-28.069269	-0.046375	-2.078605	-28.182523	0.957835	-1.269306	-28.092143	0.969724	-1.269639	-27.839335	0.978004	-1.022466	-27.840268	0.951786	-1.131490	-28.170941	0.461848	-1.258972	-27.862853	0.454405	-1.076546	-28.194113	-0.037772	-1.206179	-28.143266	-0.046641	-1.290583	-27.866409	-0.051043	-1.041423	-27.831232	-0.100386	-1.048574
4051	56.268450	00:00:56:19	-27.981429	1.652727	-1.227006	-28.006633	1.612670	-1.098637	-28.048214	1.653762	-1.120574	-27.986261	1.551317	-1.185406	-28.015069	1.569109	-1.171646	-28.133068	1.555939	-1.291502	-27.869282	1.565856	-1.094232	-28.055847	1.487693	-0.953891	-27.964357	0.763538	-1.574502	-27.994402	1.375268	-0.561655	-28.118290	-0.047320	-2.069211	-28.006483	1.361651	-0.581773	-28.099369	-0.039835	-2.075034	-27.992757	1.364072	-0.554162	-28.093229	-0.047887	-2.045835	-28.166443	0.977070	-1.214237	-28.154231	0.984614	-1.340988	-27.909147	0.974560	-1.053613	-27.864866	0.929312	-1.120826	-28.159620	0.476273	-1.268271	-27.830200	0.490135	-1.073875	-28.153250	-0.077959	-1.240731	-28.153641	-0.075291	-1.276604	-27.892518	-0.050223	-1.025209	-27.854944	-0.060400	-1.073838
4052	56.282343	00:00:56:20	-27.939093	1.678270	-1.253287	-27.955931	1.631966	-1.075386	-28.081468	1.627611	-1.172979	-27.984741	1.520257	-1.168243	-28.001093	1.539197	-1.149477	-28.139186	1.547313	-1.261389	-27.861022	1.528087	-1.105440	-28.066601	1.443677	-0.919222	-27.995416	0.752606	-1.573512	-28.018426	1.362910	-0.568151	-28.084073	-0.042277	-2.074040	-28.024195	1.401387	-0.587397	-28.092972	-0.044708	-2.084914	-28.027955	1.361731	-0.577340	-28.122028	-0.026451	-2.089696	-28.197815	0.967949	-1.233717	-28.156665	0.951337	-1.297677	-27.817043	0.961660	-1.069002	-27.860320	0.956407	-1.103032	-28.141410	0.445407	-1.233939	-27.824421	0.424781	-1.063235	-28.161502	-0.072018	-1.185319	-28.128044	-0.050456	-1.252884	-27.890515	-0.032199	-1.023862	-27.820623	-0.075408	-1.089338
4053	56.296237	00:00:56:21	-27.980787	1.638347	-1.239929	-28.008148	1.645443	-1.099256	-28.077385	1.692433	-1.145375	-27.990215	1.549059	-1.188764	-28.029864	1.559098	-1.178895	-28.088761	1.545969	-1.265772	-27.868954	1.545929	-1.128360	-28.103391	1.446355	-0.943256	-28.007974	0.780330	-1.586996	-28.007154	1.352805	-0.572498	-28.117366	-0.049293	-2.078416	-28.048674	1.387759	-0.553730	-28.064582	-0.042276	-2.067412	-27.999811	1.371953	-0.552596	-28.119089	-0.033984	-2.059608	-28.159645	0.975795	-1.258004	-28.141629	0.984683	-1.262926	-27.828262	0.972637	-1.040811	-27.841925	0.977683	-1.079127	-28.147316	0.460776	-1.266978	-27.855777	0.489545	-1.049522	-28.173612	-0.072147	-1.194940	-28.146884	-0.065189	-1.280394	-27.860363	-0.058921	-1.013107	-27.837439	-0.048880	-1.079363
4054	56.310130	00:00:56:22	-27.964741	1.657128	-1.229671	-27.978069	1.650902	-1.071725	-28.064338	1.651155	-1.191574	-27.984371	1.545541	-1.170858	-28.029349	1.550080	-1.159278	-28.122780	1.528506	-1.293512	-27.887690	1.546418	-1.096041	-28.058863	1.475302	-0.916135	-27.972345	0.743488	-1.588096	-28.018362	1.397975	-0.581717	-28.098653	-0.072524	-2.070015	-28.019298	1.405720	-0.558685	-28.072856	-0.067702	-2.058512	-28.059275	1.372769	-0.555589	-28.066132	-0.016018	-2.059512	-28.171619	0.976766	-1.197301	-28.121690	1.019861	-1.315257	-27.874877	0.967238	-1.065823	-27.832633	0.963116	-1.117487	-28.161906	0.421385	-1.248856	-27.852158	0.480745	-1.085645	-28.151552	-0.058619	-1.238256	-28.145345	-0.057881	-1.267551	-27.872949	-0.071450	-1.029654	-27.846068	-0.060276	-1.089470
4055	56.324024	00:00:56:23	-27.958382	1.645500	-1.223185	-27.950838	1.663234	-1.097911	-28.088776	1.656709	-1.149674	-27.958360	1.563994	-1.184887	-27.992483	1.559208	-1.147103	-28.121016	1.541601	-1.248854	-27.866192	1.564157	-1.113322	-28.071603	1.474064	-0.913561	-27.969356	0.747622	-1.581304	-28.030790	1.405203	-0.619484	-28.110968	-0.063636	-2.054046	-28.045247	1.368596	-0.583352	-28.093129	-0.049133	-2.079867	-28.043553	1.364996	-0.546240	-28.105612	-0.016936	-2.076285	-28.160803	0.960355	-1.219120	-28.144186	0.947878	-1.268009	-27.877695	0.960110	-1.040935	-27.822866	0.964580	-1.074206	-28.172787	0.480051	-1.228056	-27.847632	0.441031	-1.046476	-28.166287	-0.047404	-1.248312	-28.161305	-0.067350	-1.280515	-27.874055	-0.055912	-1.019595	-27.844307	-0.050835	-1.077751
4056	56.337917	00:00:56:24	-27.974353	1.629605	-1.231014	-28.019192	1.659426	-1.098938	-28.064339	1.674380	-1.158137	-27.970983	1.532769	-1.183568	-28.025996	1.526031	-1.151318	-28.104135	1.540752	-1.275092	-27.859529	1.519476	-1.080504	-28.066305	1.449152	-0.952842	-28.019316	0.788618	-1.606108	-28.017643	1.364808	-0.584173	-28.096781	-0.018583	-2.084570	-27.980208	1.379150	-0.573679	-28.110212	-0.039971	-2.071304	-28.040229	1.376601	-0.589281	-28.084398	-0.033142	-2.065106	-28.160364	0.970774	-1.240919	-28.133684	0.965726	-1.286584	-27.853583	0.956970	-1.027596	-27.840507	0.985591	-1.069346	-28.170419	0.460514	-1.236546	-27.856030	0.409652	-1.044868	-28.167254	-0.061794	-1.226560	-28.136333	-0.103028	-1.271495	-27.868172	-0.063125	-1.020236	-27.885376	-0.095265	-1.034230
4057	56.351811	00:00:56:25	-27.992436	1.607818	-1.216394	-27.944684	1.649047	-1.117782	-28.076316	1.622189	-1.134722	-27.980575	1.545541	-1.203189	-28.017592	1.543634	-1.153812	-28.124915	1.541188	-1.263351	-27.848380	1.565208	-1.104142	-28.096402	1.421260	-0.934491	-28.003031	0.748635	-1.572410	-28.047366	1.386005	-0.562155	-28.086658	-0.033984	-2.043120	-28.040329	1.386350	-0.560713	-28.109481	-0.034860	-2.066090	-28.035445	1.366199	-0.565051	-28.083246	-0.043932	-2.050815	-28.184993	0.969296	-1.257108	-28.126693	0.949290	-1.288191	-27.855779	0.964876	-1.058353	-27.841895	0.946991	-1.099741	-28.174867	0.448382	-1.247917	-27.847558	0.447498	-1.038503	-28.159442	-0.056799	-1.228093	-28.133421	-0.057016	-1.266246	-27.863394	-0.052368	-1.046229	-27.806080	-0.011363	-1.066078
4058	56.365704	00:00:56:26	-27.987188	1.625219	-1.239379	-27.981020	1.672871	-1.101658	-28.081154	1.693825	-1.180492	-27.995831	1.518034	-1.191578	-28.003737	1.516354	-1.159228	-28.107497	1.550991	-1.294548	-27.881889	1.537060	-1.102580	-28.075459	1.462597	-0.937502	-27.971417	0.772162	-1.576134	-27.982630	1.377794	-0.583164	-28.132547	-0.062288	-2.054440	-28.011607	1.371826	-0.580791	-28.093891	-0.037134	-2.064502	-28.027528	1.373845	-0.581795	-28.100866	-0.023937	-2.084959	-28.169451	0.982265	-1.224221	-28.162633	0.967428	-1.272336	-27.894050	0.967029	-1.059817	-27.863873	0.954983	-1.097642	-28.150343	0.477496	-1.250221	-27.840982	0.470550	-1.047506	-28.178750	-0.048660	-1.223286	-28.153181	-0.055534	-1.264954	-27.874572	-0.040599	-1.052103	-27.847337	-0.091613	-1.087035
4059	56.379597	00:00:56:27	-27.963223	1.657344	-1.273880	-27.977783	1.646488	-1.096370	-28.072848	1.673316	-1.148334	-27.999827	1.548366	-1.193232	-28.021614	1.518869	-1.159025	-28.129178	1.568354	-1.255436	-27.870680	1.560512	-1.105237	-28.083903	1.466191	-0.951474	-27.985602	0.766348	-1.591191	-28.010852	1.388652	-0.580661	-28.098836	-0.029972	-2.073703	-28.038348	1.379142	-0.554531	-28.094757	-0.061485	-2.068451	-28.007497	1.400603	-0.595388	-28.083350	-0.057655	-2.052536	-28.162545	0.941075	-1.262445	-28.142463	0.957704	-1.271647	-27.876079	0.966234	-1.047940	-27.825407	0.980359	-1.105361	-28.152867	0.448083	-1.259076	-27.833548	0.463330	-1.072749	-28.178676	-0.042834	-1.218663	-28.151434	-0.087428	-1.269923	-27.855189	-0.082675	-1.003631	-27.836603	-0.059309	-1.069710
4060	56.393491	00:00:56:28	-27.969839	1.644870	-1.226612	-27.969695	1.648126	-1.087441	-28.073964	1.657349	-1.147397	-27.996789	1.581787	-1.182118	-28.033378	1.550438	-1.159391	-28.142255	1.554549	-1.262887	-27.860371	1.522242	-1.095433	-28.088695	1.492209	-0.922834	-27.990662	0.726039	-1.588116	-28.018191	1.376275	-0.548502	-28.092150	-0.027876	-2.049047	-28.005005	1.354872	-0.557765	-28.094960	-0.061937	-2.061813	-28.020517	1.369422	-0.600116	-28.127723	-0.031886	-2.055815	-28.171404	0.958850	-1.233395	-28.165815	0.978551	-1.301371	-27.861070	0.984827	-1.079391	-27.832430	0.945039	-1.083684	-28.125706	0.470800	-1.240112	-27.819499	0.457623	-1.110104	-28.155773	-0.041993	-1.220403	-28.128595	-0.066899	-1.239939	-27.841813	-0.034526	-1.061136	-27.850037	-0.064223	-1.071395
4061	56.407384	00:00:56:29	-27.968931	1.669391	-1.237539	-27.999863	1.663138	-1.087087	-28.061085	1.669270	-1.181398	-27.976643	1.554648	-1.229288	-28.010855	1.527683	-1.162518	-28.124331	1.515135	-1.288427	-27.882490	1.530673	-1.129694	-28.080748	1.457497	-0.924345	-27.953023	0.751320	-1.559890	-28.018411	1.381690	-0.611696	-28.074696	-0.056921	-2.066402	-28.016022	1.383361	-0.591796	-28.101437	-0.040863	-2.048767	-28.006405	1.360695	-0.560892	-28.121249	-0.060354	-2.075514	-28.179146	0.985696	-1.219837	-28.164979	0.997311	-1.305771	-27.874052	0.982996	-1.038738	-27.815983	0.961613	-1.088958	-28.172448	0.481663	-1.240973	-27.865837	0.466711	-1.076991	-28.160751	-0.063542	-1.215253	-28.152240	-0.045325	-1.243921	-27.870162	-0.048303	-1.011703	-27.809272	-0.085862	-1.039587
4062	56.421278	00:00:56:30	-27.961157	1.659712	-1.230846	-27.956071	1.653839	-1.088038	-28.093808	1.659644	-1.136639	-27.977318	1.555371	-1.195791	-28.000211	1.513355	-1.152580	-28.130905	1.545938	-1.278169	-27.885745	1.545598	-1.083998	-28.102341	1.470030	-0.932400	-27.963330	0.759334	-1.572182	-28.025608	1.384599	-0.565492	-28.084216	-0.046159	-2.062881	-28.066862	1.401928	-0.557630	-28.083491	-0.042170	-2.075728	-28.024564	1.356347	-0.551531	-28.088101	-0.026482	-2.044969	-28.157562	0.939726	-1.259503	-28.173734	0.960600	-1.283616	-27.851054	0.961777	-1.074489	-27.825681	0.974382	-1.112717	-28.144477	0.453851	-1.288022	-27.852364	0.443668	-1.051403	-28.135882	-0.063491	-1.204416	-28.174988	-0.064601	-1.235707	-27.872790	-0.066305	-1.042973	-27.822039	-0.069476	-1.104763
4063	56.435171	00:00:56:31	-27.938889	1.649476	-1.218726	-28.017279	1.648316	-1.107763	-28.082826	1.674415	-1.163570	-27.984236	1.533585	-1.191263	-28.043191	1.549726	-1.152772	-28.122775	1.547203	-1.245754	-27.887029	1.524109	-1.094914	-28.048855	1.458098	-0.890430	-27.990825	0.728138	-1.570660	-27.995994	1.380776	-0.586082	-28.074726	-0.051843	-2.073545	-28.020714	1.379846	-0.593048	-28.080763	-0.044714	-2.051359	-28.021803	1.397452	-0.570094	-28.067569	-0.046672	-2.018237	-28.148235	0.964783	-1.227943	-28.164399	0.947419	-1.314333	-27.849500	0.981052	-1.055807	-27.852287	0.954053	-1.133915	-28.164287	0.445237	-1.259217	-27.868220	0.460319	-1.044528	-28.165414	-0.066108	-1.244593	-28.120581	-0.089559	-1.280423	-27.855739	-0.043894	-1.037027	-27.818532	-0.078935	-1.084739
4064	56.449065	00:00:56:32	-27.964725	1.650334	-1.249830	-27.963738	1.645044	-1.104406	-28.076703	1.663032	-1.156605	-27.951942	1.524436	-1.152194	-28.044709	1.548116	-1.160199	-28.110925	1.539955	-1.278930	-27.898284	1.571777	-1.087470	-28.046793	1.484423	-0.907646	-27.979265	0.714213	-1.559114	-28.047623	1.393299	-0.556139	-28.083012	-0.054312	-2.060907	-28.000180	1.396866	-0.563104	-28.090893	-0.025997	-2.079879	-28.029575	1.395339	-0.562534	-28.090572	-0.067930	-2.048789	-28.176565	0.991094	-1.261254	-28.145590	0.950113	-1.298714	-27.858214	0.983037	-1.042036	-27.831986	0.950252	-1.103728	-28.159294	0.431196	-1.235162	-27.827932	0.476781	-1.054594	-28.161563	-0.046363	-1.235909	-28.139049	-0.016272	-1.300556	-27.863028	-0.025156	-1.036387	-27.838304	-0.074605	-1.083079
4065	56.462958	00:00:56:33	-27.932311	1.650059	-1.248521	-27.974948	1.649694	-1.081161	-28.100252	1.638070	-1.160312	-27.976697	1.562588	-1.178248	-28.046354	1.529303	-1.147142	-28.129539	1.555146	-1.247106	-27.843505	1.542145	-1.107268	-28.079715	1.450723	-0.909913	-27.985440	0.748932	-1.604937	-28.024197	1.391002	-0.571399	-28.076169	-0.043854	-2.073006	-28.014919	1.387942	-0.578255	-28.076175	-0.043832	-2.073573	-28.049908	1.358453	-0.558522	-28.086206	-0.052195	-2.043349	-28.177083	0.986463	-1.218321	-28.153242	0.959474	-1.281107	-27.859284	1.000763	-1.013462	-27.857757	0.943592	-1.104056	-28.152527	0.452695	-1.241389	-27.848380	0.473031	-1.072357	-28.158974	-0.060674	-1.181842	-28.137897	-0.048301	-1.256663	-27.864168	-0.054337	-1.024574	-27.847391	-0.040543	-1.074060
4066	56.476852	00:00:56:34	-27.952666	1.670421	-1.226938	-27.962692	1.633305	-1.107576	-28.070182	1.651706	-1.172432	-28.006276	1.572322	-1.185063	-28.004806	1.547809	-1.164383	-28.108694	1.556258	-1.266339	-27.892219	1.562400	-1.129036	-28.080918	1.480418	-0.907312	-27.986254	0.767883	-1.596857	-28.022811	1.363597	-0.576020	-28.083887	-0.074781	-2.065067	-28.017196	1.389724	-0.584453	-28.080483	-0.059801	-2.103663	-28.013004	1.410438	-0.589056	-28.113867	-0.030196	-2.052265	-28.145611	0.948845	-1.245571	-28.155198	0.987234	-1.285478	-27.838344	0.968903	-1.029419	-27.868397	0.953361	-1.099334	-28.149829	0.447398	-1.243305	-27.841212	0.465474	-1.055319	-28.153784	-0.066141	-1.210361	-28.143634	-0.048928	-1.266030	-27.853930	-0.074286	-1.042809	-27.843091	-0.039081	-1.083117
4067	56.490745	00:00:56:35	-27.963640	1.670568	-1.230296	-27.991937	1.678840	-1.107281	-28.069479	1.684072	-1.149358	-27.999218	1.540398	-1.181713	-27.982997	1.581248	-1.160379	-28.134372	1.546050	-1.235353	-27.851127	1.551807	-1.114128	-28.075623	1.470135	-0.907224	-27.975413	0.768821	-1.617198	-28.039180	1.413460	-0.578509	-28.096275	-0.033348	-2.070410	-28.035975	1.367632	-0.579688	-28.068638	-0.004400	-2.082481	-28.062280	1.350079	-0.567834	-28.095259	-0.081944	-2.051210	-28.178224	0.971569	-1.239085	-28.157581	0.989211	-1.272588	-27.861161	0.927989	-1.039731	-27.850242	0.954858	-1.085487	-28.138489	0.449064	-1.245798	-27.843073	0.469365	-1.074657	-28.158324	-0.064439	-1.204037	-28.112447	-0.036304	-1.272780	-27.859900	-0.074833	-1.033005	-27.842121	-0.074995	-1.090816
4068	56.504638	00:00:56:36	-27.947523	1.633356	-1.213578	-27.958853	1.669072	-1.101260	-28.098531	1.679720	-1.135095	-28.002759	1.543576	-1.173971	-28.035383	1.544626	-1.121446	-28.111378	1.538630	-1.279034	-27.835389	1.530321	-1.117429	-28.063744	1.446023	-0.895125	-27.976152	0.733901	-1.594067	-28.011929	1.374719	-0.605521	-28.104423	-0.052374	-2.063912	-28.027167	1.403954	-0.570637	-28.105730	-0.017846	-2.043995	-28.027445	1.375577	-0.541580	-28.079409	-0.044893	-2.043137	-28.165442	0.975476	-1.255292	-28.156545	0.962270	-1.321580	-27.890308	0.973869	-1.042875	-27.835683	0.973946	-1.096732	-28.149856	0.446671	-1.224400	-27.858254	0.466576	-1.061098	-28.177892	-0.062949	-1.200703	-28.145282	-0.037563	-1.305758	-27.865957	-0.038749	-1.032761	-27.820755	-0.053250	-1.110727
4069	56.518532	00:00:56:37	-27.966276	1.643911	-1.232670	-27.982959	1.668757	-1.116481	-28.095027	1.670424	-1.163062	-27.995393	1.544165	-1.157896	-28.034863	1.529394	-1.160465	-28.122718	1.561397	-1.248182	-27.855828	1.553031	-1.095031	-28.095041	1.453330	-0.910087	-27.966286	0.739962	-1.598961	-28.009536	1.392576	-0.612438	-28.100240	-0.020091	-2.039202	-28.023606	1.400787	-0.566163	-28.102471	-0.019532	-2.065262	-28.050789	1.387880	-0.572409	-28.087399	-0.052924	-2.054519	-28.191684	0.978986	-1.235892	-28.166664	0.952614	-1.320545	-27.879492	0.949947	-1.043011	-27.840886	0.952351	-1.092322	-28.162666	0.457796	-1.249201	-27.819138	0.481244	-1.048589	-28.203481	-0.047234	-1.238310	-28.175445	-0.070234	-1.252108	-27.894552	-0.032664	-1.010509	-27.847709	-0.065515	-1.086808
4070	56.532425	00:00:56:38	-27.944169	1.661975	-1.246585	-27.973503	1.680589	-1.073172	-28.120843	1.661389	-1.160083	-27.990408	1.559330	-1.160886	-27.993547	1.520697	-1.181436	-28.116117	1.568667	-1.244697	-27.848022	1.575348	-1.113856	-28.055059	1.470023	-0.886994	-27.992116	0.733192	-1.590769	-28.020402	1.359689	-0.564581	-28.075717	-0.047847	-2.055712	-28.008032	1.377222	-0.587070	-28.101208	-0.062280	-2.059120	-28.019619	1.371775	-0.591208	-28.088309	-0.005789	-2.047400	-28.154717	0.989705	-1.245048	-28.116908	0.968325	-1.327260	-27.868844	0.964164	-1.069896	-27.842214	0.955059	-1.122191	-28.164404	0.481615	-1.246478	-27.863505	0.445243	-1.068669	-28.206611	-0.047219	-1.228009	-28.141892	-0.070623	-1.274336	-27.869812	-0.069937	-1.023560	-27.858898	-0.069308	-1.136424
4071	56.546319	00:00:56:39	-27.942376	1.685241	-1.225578	-27.993692	1.666858	-1.083146	-28.113345	1.666349	-1.191258	-27.991152	1.539842	-1.173737	-28.013574	1.584697	-1.156716	-28.118125	1.495420	-1.264568	-27.868167	1.554960	-1.117417	-28.099073	1.481507	-0.939134	-27.972254	0.737122	-1.593073	-28.011669	1.364123	-0.587894	-28.114291	-0.022396	-2.058617	-28.053857	1.380725	-0.567798	-28.098197	-0.040727	-2.089003	-27.989659	1.381693	-0.614584	-28.085296	-0.074380	-2.050268	-28.165763	0.957210	-1.238445	-28.165288	0.945208	-1.308481	-27.880640	0.965520	-1.057278	-27.841544	1.003483	-1.100620	-28.145572	0.467032	-1.237251	-27.849023	0.462373	-1.087635	-28.165262	-0.052618	-1.219423	-28.127448	-0.082597	-1.276577	-27.864925	-0.016243	-1.022943	-27.849517	-0.062435	-1.081992
4072	56.560212	00:00:56:40	-27.947861	1.654069	-1.228660	-28.000007	1.643259	-1.084875	-28.102741	1.660148	-1.187739	-27.985490	1.586073	-1.210532	-28.016025	1.557922	-1.166164	-28.111295	1.530989	-1.264138	-27.867127	1.540834	-1.083331	-28.082692	1.450736	-0.925348	-27.978297	0.775930	-1.585906	-28.010887	1.386198	-0.561498	-28.093727	-0.038665	-2.064941	-28.022834	1.399337	-0.573736	-28.101462	-0.062764	-2.059334	-28.015268	1.391415	-0.574445	-28.079662	-0.064628	-2.062190	-28.149273	0.949158	-1.225503	-28.130591	0.952354	-1.314979	-27.863089	0.980176	-1.061548	-27.814793	0.982847	-1.116677	-28.139760	0.439358	-1.262705	-27.860029	0.443705	-1.069943	-28.176620	-0.074027	-1.238927	-28.148232	-0.074726	-1.275008	-27.879298	-0.031453	-1.009929	-27.827989	-0.099101	-1.077294
4073	56.574106	00:00:56:41	-27.986588	1.643409	-1.233811	-28.007193	1.664349	-1.060068	-28.044712	1.657658	-1.159128	-27.974633	1.557619	-1.187282	-27.986586	1.524611	-1.148734	-28.137893	1.537894	-1.245728	-27.866947	1.531203	-1.106848	-28.078182	1.482277	-0.940785	-27.984812	0.736425	-1.555854	-28.072070	1.385970	-0.571567	-28.102085	-0.051899	-2.040445	-28.032917	1.397922	-0.583411	-28.107402	-0.050912	-2.043104	-28.001680	1.365682	-0.610956	-28.065851	-0.059404	-2.065444	-28.136413	0.952932	-1.240476	-28.127033	0.933261	-1.246861	-27.868249	0.951173	-1.063441	-27.817056	0.964695	-1.101966	-28.173160	0.471701	-1.234341	-27.887882	0.418891	-1.046505	-28.183225	-0.068824	-1.242376	-28.130276	-0.057007	-1.248246	-27.891931	-0.047965	-1.038464	-27.863235	-0.073928	-1.095261
4074	56.587999	00:00:56:42	-27.996834	1.597859	-1.243882	-27.969458	1.662439	-1.067691	-28.069203	1.642453	-1.159400	-27.999622	1.574125	-1.165523	-27.989310	1.560279	-1.141758	-28.150884	1.555435	-1.260375	-27.844565	1.518463	-1.099771	-28.082132	1.446353	-0.927552	-27.971153	0.754888	-1.567240	-28.000223	1.416206	-0.573898	-28.100571	-0.051109	-2.118868	-28.017022	1.371694	-0.574229	-28.105034	-0.011543	-2.034162	-28.012316	1.385645	-0.604430	-28.112920	-0.044640	-2.052725	-28.220609	0.975162	-1.256650	-28.140062	0.922698	-1.276635	-27.857204	0.957341	-1.040985	-27.807209	0.945970	-1.085880	-28.167906	0.446461	-1.251353	-27.845890	0.448288	-1.051658	-28.181472	-0.069227	-1.213711	-28.139005	-0.058316	-1.267476	-27.870230	-0.071932	-1.011306	-27.849096	-0.076160	-1.091674
4075	56.601893	00:00:56:43	-27.959224	1.640974	-1.250260	-27.995663	1.647268	-1.083154	-28.098306	1.652204	-1.128505	-27.993731	1.554996	-1.155320	-27.994931	1.583069	-1.145584	-28.113625	1.527923	-1.263772	-27.853098	1.572530	-1.125091	-28.101435	1.455624	-0.910651	-27.967013	0.736371	-1.578748	-28.008316	1.380642	-0.600359	-28.090262	-0.047620	-2.057089	-28.024949	1.376561	-0.570133	-28.073982	-0.007531	-2.062364	-28.028863	1.366459	-0.570876	-28.128276	-0.045414	-2.062314	-28.162845	0.984912	-1.273302	-28.137413	0.961532	-1.259527	-27.877635	0.976791	-1.052469	-27.850683	0.973402	-1.105026	-28.136413	0.463655	-1.253216	-27.870379	0.452568	-1.072906	-28.148302	-0.062647	-1.251371	-28.141885	-0.045835	-1.253657	-27.861756	-0.064844	-1.040013	-27.807680	-0.057480	-1.091808
4076	56.615786	00:00:56:44	-27.963958	1.665461	-1.214132	-27.997873	1.661578	-1.088484	-28.072702	1.640497	-1.193969	-28.004440	1.583801	-1.171807	-28.003802	1.528507	-1.155801	-28.120753	1.559882	-1.297276	-27.873098	1.571607	-1.149867	-28.080267	1.460299	-0.934502	-27.948712	0.726930	-1.592347	-28.024277	1.378925	-0.557342	-28.065247	-0.055866	-2.066370	-28.027790	1.377054	-0.574884	-28.085120	-0.062958	-2.088565	-28.032056	1.381165	-0.560518	-28.074824	-0.038599	-2.077928	-28.144580	0.962823	-1.225393	-28.133421	0.997210	-1.317923	-27.876966	0.952610	-1.041824	-27.840105	0.943970	-1.120847	-28.126886	0.436165	-1.241001	-27.856284	0.456778	-1.044634	-28.152127	-0.067021	-1.217709	-28.151065	-0.063833	-1.294000	-27.864682	-0.025345	-1.030254	-27.852069	-0.039591	-1.069803
4077	56.629679	00:00:56:45	-27.956770	1.657833	-1.239652	-28.003975	1.663182	-1.092300	-28.079545	1.654220	-1.166768	-27.996706	1.559606	-1.172548	-28.025616	1.548095	-1.104141	-28.124117	1.542599	-1.223422	-27.887479	1.547348	-1.120427	-28.083684	1.459531	-0.916890	-27.970677	0.751816	-1.584395	-28.013022	1.330004	-0.568053	-28.071501	-0.040186	-2.071189	-28.032844	1.386017	-0.575085	-28.083750	-0.055153	-2.034386	-28.050760	1.375765	-0.606883	-28.096977	-0.019474	-2.062908	-28.161210	0.947798	-1.243764	-28.154910	0.939605	-1.310331	-27.880788	0.984265	-1.038984	-27.846790	0.985372	-1.109501	-28.121128	0.443431	-1.227917	-27.846510	0.424902	-1.072274	-28.171320	-0.081556	-1.235449	-28.133704	-0.017170	-1.265806	-27.860969	-0.070906	-1.071146	-27.807870	-0.046154	-1.079930
4078	56.643573	00:00:56:46	-27.970164	1.624434	-1.248911	-27.963965	1.641952	-1.117485	-28.063574	1.629241	-1.188772	-27.989773	1.563822	-1.174702	-28.022343	1.561760	-1.131967	-28.119365	1.518349	-1.269756	-27.856693	1.543913	-1.113903	-28.053410	1.471871	-0.939802	-27.975938	0.731329	-1.575203	-28.019714	1.405983	-0.578007	-28.087067	-0.026880	-2.051391	-28.043419	1.371299	-0.596024	-28.083388	-0.062773	-2.063968	-28.010006	1.395836	-0.577930	-28.109264	-0.029414	-2.058419	-28.137741	0.969151	-1.230627	-28.133549	0.965267	-1.300689	-27.874386	0.970910	-1.061210	-27.842180	0.968465	-1.107222	-28.155079	0.461004	-1.266811	-27.873627	0.467062	-1.049171	-28.197444	-0.052723	-1.228504	-28.133513	-0.026782	-1.306670	-27.870085	-0.057269	-1.029342	-27.828278	-0.046513	-1.063819
4079	56.657466	00:00:56:47	-27.957610	1.677416	-1.210213	-27.971860	1.651725	-1.106969	-28.058889	1.639996	-1.150308	-28.021309	1.536712	-1.163992	-28.013783	1.509824	-1.137935	-28.125403	1.544933	-1.255821	-27.855911	1.550282	-1.133315	-28.067668	1.472322	-0.934249	-27.983849	0.759143	-1.573054	-28.014843	1.384924	-0.607272	-28.073741	-0.047852	-2.042821	-28.042334	1.376243	-0.540064	-28.086259	-0.057338	-2.033312	-28.022144	1.385409	-0.579873	-28.104087	-0.048488	-2.068262	-28.156347	0.976319	-1.243722	-28.126701	0.952347	-1.288473	-27.887068	0.961521	-1.028336	-27.837546	0.955105	-1.073045	-28.162686	0.451261	-1.254018	-27.847686	0.435480	-1.063780	-28.152251	-0.077758	-1.250256	-28.154176	-0.045164	-1.242081	-27.900491	-0.042051	-1.028075	-27.847977	-0.057586	-1.044480
4080	56.671360	00:00:56:48	-27.912615	1.680565	-1.237195	-27.971892	1.676605	-1.104292	-28.073870	1.682120	-1.169098	-28.022109	1.554459	-1.178051	-28.015701	1.560038	-1.156211	-28.109197	1.559986	-1.259399	-27.881063	1.519625	-1.136290	-28.077027	1.469535	-0.917224	-27.941771	0.730588	-1.569157	-28.036351	1.397183	-0.592342	-28.139666	-0.071344	-2.020125	-28.026385	1.382846	-0.552995	-28.080436	-0.045439	-2.054574	-28.020573	1.375685	-0.581962	-28.113097	-0.043519	-2.039325	-28.148504	0.954510	-1.256285	-28.142761	0.959608	-1.277543	-27.847003	0.986523	-1.054219	-27.837790	0.973685	-1.127926	-28.150346	0.445589	-1.255145	-27.857932	0.424817	-1.077931	-28.131218	-0.056981	-1.214858	-28.166480	-0.053285	-1.258908	-27.879477	-0.043331	-1.078623	-27.833837	-0.049389	-1.086152
4081	56.685253	00:00:56:49	-27.969508	1.645567	-1.262391	-27.972300	1.648041	-1.096821	-28.069655	1.663323	-1.177977	-28.014347	1.544709	-1.215281	-28.041945	1.544279	-1.133829	-28.137282	1.533846	-1.309430	-27.859757	1.558480	-1.111227	-28.075232	1.448813	-0.883160	-28.013734	0.784522	-1.614533	-28.016802	1.406669	-0.592220	-28.096151	-0.031262	-2.032638	-28.078779	1.380927	-0.568392	-28.094656	-0.076254	-2.069988	-28.031785	1.383220	-0.566163	-28.086279	-0.029718	-2.056006	-28.156328	0.943799	-1.208237	-28.152313	0.969617	-1.282129	-27.866449	0.973971	-1.067746	-27.820180	0.937885	-1.097439	-28.133496	0.473756	-1.225020	-27.858065	0.471757	-1.053033	-28.189600	-0.061364	-1.194064	-28.164504	-0.071203	-1.260811	-27.869450	-0.055316	-1.027309	-27.837076	-0.061176	-1.052088
4082	56.699147	00:00:56:50	-27.949390	1.643164	-1.229386	-27.999247	1.626260	-1.107613	-28.043013	1.648671	-1.171500	-28.010313	1.533813	-1.206385	-28.020411	1.525249	-1.124706	-28.088983	1.540233	-1.269613	-27.867508	1.529545	-1.137715	-28.040587	1.484030	-0.941293	-27.963991	0.743542	-1.571542	-28.038468	1.406632	-0.564742	-28.073593	-0.062660	-2.070073	-28.038617	1.381987	-0.573125	-28.092568	-0.032394	-2.063996	-28.045724	1.369777	-0.594727	-28.087000	-0.062521	-2.038757	-28.151551	0.966626	-1.251517	-28.163584	0.985780	-1.311941	-27.858445	0.953809	-1.066345	-27.837490	0.969346	-1.108833	-28.130729	0.415508	-1.234750	-27.857237	0.464810	-1.080129	-28.154415	-0.046334	-1.205983	-28.150683	-0.047912	-1.270892	-27.858107	-0.050310	-1.031462	-27.804881	-0.057141	-1.093000
4083	56.713040	00:00:56:51	-27.937222	1.623774	-1.226289	-27.965903	1.672585	-1.083681	-28.075336	1.651116	-1.169201	-28.012669	1.549424	-1.201013	-28.018570	1.536469	-1.155443	-28.099534	1.543443	-1.258400	-27.885941	1.542525	-1.083036	-28.062387	1.444367	-0.890144	-27.950215	0.742499	-1.563825	-28.001313	1.362140	-0.558170	-28.079023	-0.061144	-2.080397	-28.010894	1.368083	-0.589164	-28.078806	-0.056309	-2.069119	-27.987487	1.391558	-0.567764	-28.124190	-0.036556	-2.020467	-28.160067	0.943085	-1.246768	-28.155310	0.978676	-1.269205	-27.852599	0.933984	-1.073528	-27.822153	0.966576	-1.095563	-28.125256	0.453925	-1.293871	-27.876113	0.454740	-1.047317	-28.165497	-0.033429	-1.204357	-28.140982	-0.036299	-1.261324	-27.864053	-0.039495	-1.037596	-27.850885	-0.043497	-1.097156
4084	56.726934	00:00:56:52	-27.965098	1.653112	-1.254353	-27.964830	1.627928	-1.096027	-28.082177	1.660694	-1.154974	-28.001957	1.511314	-1.197550	-28.026372	1.574893	-1.155447	-28.118074	1.502507	-1.262056	-27.885282	1.534967	-1.150326	-28.091510	1.438720	-0.897910	-27.983887	0.757352	-1.582200	-27.995562	1.383929	-0.594651	-28.134380	-0.074865	-2.068766	-27.996717	1.372654	-0.576517	-28.075290	-0.033718	-2.081171	-28.019066	1.367803	-0.603789	-28.091302	-0.049440	-2.061418	-28.181767	0.985471	-1.279836	-28.136940	0.957581	-1.295552	-27.858597	0.938482	-1.051830	-27.837308	0.971805	-1.110379	-28.167758	0.459858	-1.233900	-27.856640	0.462080	-1.053068	-28.181365	-0.010980	-1.213233	-28.118886	-0.057259	-1.261143	-27.854740	-0.069580	-1.044298	-27.850342	-0.030508	-1.074293
4085	56.740827	00:00:56:53	-27.957837	1.630335	-1.240408	-27.993264	1.674797	-1.083465	-28.067872	1.636982	-1.180801	-27.999354	1.556301	-1.179378	-28.038061	1.542240	-1.155020	-28.117885	1.542593	-1.285885	-27.849092	1.538349	-1.123566	-28.067574	1.468066	-0.914792	-27.992999	0.740636	-1.585715	-28.025468	1.382738	-0.570265	-28.113709	-0.041718	-2.105980	-28.016273	1.374955	-0.582917	-28.109615	-0.050127	-2.065572	-28.077031	1.382099	-0.566907	-28.092799	-0.020536	-2.077413	-28.159557	0.960017	-1.230247	-28.121963	0.995780	-1.302525	-27.883466	0.985623	-1.045634	-27.831335	0.979922	-1.114998	-28.135907	0.489804	-1.266978	-27.848197	0.426301	-1.084005	-28.140223	-0.048332	-1.234550	-28.138445	-0.053508	-1.273651	-27.878151	-0.081761	-1.050907	-27.799453	-0.057310	-1.069841
4086	56.754720	00:00:56:54	-27.939539	1.668659	-1.233236	-27.987418	1.672548	-1.079459	-28.099875	1.651391	-1.169585	-27.980518	1.570806	-1.181418	-28.048105	1.530191	-1.164771	-28.125310	1.562376	-1.264931	-27.878001	1.575539	-1.139101	-28.047333	1.481007	-0.922490	-27.982116	0.750059	-1.612043	-28.017619	1.406595	-0.566491	-28.095089	-0.075372	-2.044033	-28.026346	1.383383	-0.593608	-28.087082	-0.059585	-2.032010	-28.049812	1.380273	-0.600959	-28.085020	-0.019140	-2.023682	-28.171759	0.961380	-1.255946	-28.160181	0.970426	-1.298384	-27.847608	0.967801	-1.057203	-27.823240	0.989641	-1.089277	-28.148155	0.465233	-1.242592	-27.869771	0.411341	-1.049056	-28.192527	-0.071509	-1.218635	-28.146484	-0.036946	-1.266016	-27.839755	-0.039291	-1.028101	-27.832912	-0.048493	-1.083561
4087	56.768614	00:00:56:55	-27.968177	1.655517	-1.232240	-27.963781	1.663749	-1.097826	-28.072808	1.661269	-1.137712	-28.002084	1.544933	-1.194201	-28.035959	1.537913	-1.157245	-28.118024	1.552895	-1.235079	-27.879721	1.543083	-1.106198	-28.074649	1.450205	-0.904883	-27.961662	0.756582	-1.553421	-28.001169	1.366509	-0.562862	-28.077941	-0.059470	-2.071563	-28.024716	1.386127	-0.596951	-28.090976	-0.067327	-2.056936	-28.017516	1.406698	-0.559921	-28.091914	-0.039744	-2.076569	-28.168489	0.942481	-1.212373	-28.137434	0.919941	-1.315104	-27.885967	0.961732	-1.031378	-27.817264	0.968499	-1.109180	-28.145410	0.447847	-1.260578	-27.830395	0.458352	-1.089786	-28.184370	-0.057821	-1.250533	-28.176047	-0.027975	-1.281452	-27.836419	-0.076684	-1.026370	-27.821213	-0.029381	-1.096935
4088	56.782507	00:00:56:56	-27.981761	1.646510	-1.244555	-27.936242	1.659138	-1.089204	-28.087091	1.662000	-1.174009	-27.992931	1.563853	-1.189185	-28.015055	1.523325	-1.107733	-28.088938	1.514482	-1.296327	-27.861667	1.544810	-1.121004	-28.079156	1.464292	-0.939427	-27.990408	0.767427	-1.570213	-28.027473	1.382569	-0.584598	-28.104257	-0.033585	-2.056749	-28.004224	1.384776	-0.530919	-28.098305	-0.035253	-2.072720	-28.014535	1.407945	-0.577232	-28.123972	-0.058931	-2.052395	-28.172745	0.914294	-1.271421	-28.148999	0.923168	-1.290128	-27.859105	1.010846	-1.075891	-27.853622	0.944449	-1.104387	-28.168167	0.480340	-1.226890	-27.871661	0.451073	-1.073152	-28.175659	-0.051072	-1.218842	-28.139128	-0.021100	-1.292789	-27.843969	-0.108567	-1.039598	-27.851003	-0.061450	-1.042317
4089	56.796401	00:00:56:57	-27.962022	1.648603	-1.238800	-27.948132	1.661793	-1.070450	-28.072889	1.657673	-1.171207	-28.012763	1.526334	-1.188235	-28.002456	1.530570	-1.177986	-28.106117	1.563788	-1.290528	-27.869491	1.541351	-1.081438	-28.090472	1.439927	-0.939985	-27.976594	0.723654	-1.567893	-28.008433	1.369304	-0.542793	-28.059414	-0.036923	-2.046428	-28.024386	1.391520	-0.572061	-28.085683	-0.042385	-2.066436	-28.018270	1.368326	-0.594971	-28.076135	-0.032306	-2.066060	-28.142045	0.944528	-1.219884	-28.155648	0.963409	-1.269884	-27.881312	1.016208	-1.029146	-27.836182	0.947120	-1.106981	-28.154288	0.438749	-1.265308	-27.841465	0.458891	-1.070018	-28.163937	-0.030965	-1.189915	-28.141557	-0.065768	-1.277493	-27.875495	-0.055544	-1.035093	-27.843616	-0.086468	-1.064246
4090	56.810294	00:00:56:58	-27.958821	1.677041	-1.216056	-27.995436	1.667285	-1.076306	-28.052269	1.627874	-1.172732	-28.000135	1.551352	-1.198750	-28.009976	1.551068	-1.165863	-28.090434	1.529966	-1.272924	-27.867065	1.517530	-1.091432	-28.061024	1.481565	-0.868598	-28.003564	0.741265	-1.578450	-28.014772	1.357582	-0.613758	-28.088328	-0.023379	-2.060002	-28.017060	1.376975	-0.545028	-28.106208	-0.067580	-2.057907	-27.998623	1.389154	-0.589723	-28.074707	-0.054328	-2.082685	-28.162062	0.953194	-1.224636	-28.152053	0.951613	-1.306522	-27.869343	0.996659	-1.070872	-27.875115	0.951697	-1.096843	-28.154327	0.447231	-1.254818	-27.852562	0.445762	-1.085098	-28.191938	-0.048463	-1.215887	-28.157389	-0.031204	-1.277395	-27.878098	-0.045669	-1.004094	-27.850105	-0.076307	-1.067316
4091	56.824188	00:00:56:59	-28.008979	1.651021	-1.236106	-27.991740	1.689905	-1.113755	-28.105221	1.662416	-1.132277	-28.001316	1.552232	-1.209903	-28.019945	1.558803	-1.119096	-28.118859	1.536858	-1.262881	-27.848622	1.513755	-1.119183	-28.086001	1.441778	-0.893075	-27.973095	0.754401	-1.606565	-28.008970	1.396020	-0.561331	-28.091239	-0.058441	-2.055676	-28.053466	1.373822	-0.565048	-28.111439	-0.038958	-2.053697	-28.027856	1.372804	-0.569607	-28.068836	-0.032239	-2.092117	-28.165050	0.966371	-1.277649	-28.135220	0.940481	-1.301533	-27.834978	0.976366	-1.037693	-27.818730	0.959163	-1.119675	-28.161402	0.477828	-1.312314	-27.850202	0.474711	-1.055281	-28.158490	-0.050911	-1.223387	-28.162343	-0.071542	-1.248297	-27.881614	-0.072678	-1.026923	-27.817485	-0.067957	-1.069590
4092	56.838081	00:00:56:60	-27.977464	1.664420	-1.236256	-27.955404	1.658250	-1.084667	-28.075676	1.653849	-1.151174	-27.991162	1.525079	-1.180750	-27.997046	1.527270	-1.164919	-28.100238	1.550469	-1.271535	-27.866467	1.540848	-1.082712	-28.065310	1.470861	-0.949105	-28.000572	0.720942	-1.578442	-28.011003	1.391655	-0.623339	-28.078650	-0.065064	-2.060130	-28.026861	1.412393	-0.567289	-28.073852	-0.042896	-2.044582	-28.012145	1.381898	-0.561085	-28.124083	-0.040089	-2.053306	-28.170287	0.957491	-1.249684	-28.169760	0.988609	-1.298242	-27.871600	0.949772	-1.055044	-27.841997	0.952334	-1.107597	-28.147991	0.459451	-1.287123	-27.834958	0.409571	-1.070758	-28.124826	-0.035302	-1.240809	-28.130149	-0.032111	-1.289286	-27.847642	-0.065957	-1.048664	-27.836332	-0.085015	-1.095322
4093	56.851975	00:00:56:61	-27.983542	1.651770	-1.244119	-27.991964	1.655288	-1.114943	-28.061367	1.651607	-1.190296	-27.978910	1.527298	-1.202902	-28.007533	1.552048	-1.135414	-28.134624	1.564573	-1.277727	-27.899847	1.525500	-1.119274	-28.121467	1.449787	-0.921793	-27.974008	0.731950	-1.597811	-28.023560	1.344700	-0.584464	-28.088125	-0.069645	-2.070391	-28.011525	1.405358	-0.579280	-28.085146	-0.023051	-2.050538	-28.031457	1.393267	-0.591648	-28.065923	-0.048852	-2.026864	-28.196633	0.953861	-1.238004	-28.142778	0.983460	-1.297968	-27.848553	0.954994	-1.047961	-27.860635	0.959800	-1.084410	-28.167026	0.440849	-1.229191	-27.853671	0.469121	-1.067433	-28.180951	-0.090564	-1.214007	-28.155593	-0.030694	-1.263608	-27.855740	-0.051626	-1.049652	-27.818840	-0.095140	-1.063766
4094	56.865868	00:00:56:62	-27.986822	1.646621	-1.236711	-27.964299	1.668386	-1.096151	-28.061025	1.631201	-1.170689	-27.968885	1.572430	-1.203922	-28.033324	1.568343	-1.145548	-28.110825	1.536184	-1.257121	-27.841800	1.588149	-1.083669	-28.086010	1.479121	-0.924028	-27.963447	0.736671	-1.599601	-28.024782	1.364701	-0.568269	-28.101998	-0.052598	-2.048641	-27.996685	1.409659	-0.577487	-28.113673	-0.072122	-2.068445	-28.059600	1.377599	-0.558733	-28.105869	-0.019071	-2.090433	-28.142044	0.987675	-1.256335	-28.136546	0.965423	-1.326154	-27.892249	1.007331	-1.051252	-27.836127	0.960194	-1.099833	-28.153253	0.451044	-1.280299	-27.845194	0.462092	-1.070987	-28.179538	-0.065253	-1.223705	-28.143793	-0.084563	-1.285506	-27.829803	-0.058588	-1.017067	-27.847148	-0.088535	-1.051365
4095	56.879761	00:00:56:63	-27.954675	1.672253	-1.238213	-27.988813	1.654676	-1.100264	-28.091638	1.651821	-1.174654	-27.980804	1.517617	-1.174890	-27.988076	1.551215	-1.156788	-28.090995	1.540420	-1.255084	-27.883985	1.526732	-1.101027	-28.060702	1.406068	-0.915567	-27.980319	0.750247	-1.563170	-28.030003	1.358584	-0.597969	-28.080830	-0.037583	-2.051621	-28.034515	1.397196	-0.599958	-28.100436	-0.043255	-2.041845	-28.017817	1.384558	-0.540245	-28.063316	-0.041807	-2.056217	-28.135285	0.979863	-1.249713	-28.163845	0.945677	-1.306706	-27.864065	0.985381	-1.065877	-27.820024	0.978491	-1.091706	-28.160658	0.446369	-1.266896	-27.846491	0.443823	-1.067493	-28.189469	-0.089926	-1.225731	-28.134557	-0.028014	-1.249978	-27.861865	-0.057777	-1.039840	-27.869990	-0.040759	-1.087401
4096	56.893655	00:00:56:64	-27.964852	1.627415	-1.206288	-27.974643	1.676555	-1.092143	-28.077593	1.691482	-1.150488	-28.003621	1.546103	-1.212176	-28.009281	1.544281	-1.153172	-28.114491	1.544720	-1.277251	-27.855479	1.532017	-1.107159	-28.063165	1.454486	-0.921938	-28.015732	0.744441	-1.567390	-27.990000	1.379546	-0.562434	-28.086979	-0.046321	-2.065451	-28.001321	1.371301	-0.558365	-28.093982	-0.040881	-2.032640	-28.015713	1.408676	-0.579319	-28.075590	-0.042629	-2.048572	-28.184389	0.996726	-1.234576	-28.135937	0.972144	-1.285126	-27.838863	0.978562	-1.089656	-27.821434	0.969912	-1.072948	-28.150248	0.436983	-1.226691	-27.844964	0.478692	-1.097353	-28.196926	-0.055625	-1.210236	-28.120387	-0.051449	-1.261554	-27.906250	-0.056725	-1.021590	-27.850362	-0.057724	-1.079869
4097	56.907548	00:00:56:65	-27.948767	1.656277	-1.220680	-27.954583	1.676713	-1.100619	-28.084507	1.662987	-1.199007	-27.984974	1.519506	-1.191242	-28.026800	1.515543	-1.144100	-28.134555	1.573712	-1.245444	-27.859702	1.533293	-1.101676	-28.094958	1.448246	-0.889363	-28.003647	0.739855	-1.588292	-28.025720	1.396551	-0.604318	-28.090236	-0.053342	-2.034731	-28.004539	1.353360	-0.593694	-28.069355	-0.052653	-2.058888	-28.010367	1.364897	-0.573701	-28.077593	-0.042048	-2.041069	-28.192025	0.988589	-1.247729	-28.131607	1.002133	-1.280074	-27.869697	0.999867	-1.031845	-27.828855	0.988924	-1.079333	-28.145208	0.444032	-1.277958	-27.832576	0.468251	-1.058177	-28.168230	-0.070011	-1.230394	-28.106061	-0.067040	-1.271931	-27.861757	-0.082976	-1.042134	-27.839696	-0.052847	-1.074041
4098	56.921442	00:00:56:66	-27.957419	1.668081	-1.225142	-27.986411	1.646740	-1.079190	-28.075427	1.661570	-1.187046	-28.005151	1.537220	-1.155788	-28.004952	1.550206	-1.134223	-28.109269	1.546763	-1.301285	-27.878369	1.566420	-1.119335	-28.061772	1.465114	-0.911711	-27.977690	0.740951	-1.589073	-27.998216	1.390694	-0.566827	-28.093976	-0.076299	-2.081633	-28.043942	1.390616	-0.582312	-28.080225	-0.033015	-2.059465	-28.036841	1.410749	-0.554296	-28.096035	-0.043236	-2.061378	-28.171789	0.968005	-1.257800	-28.157016	0.959721	-1.288806	-27.887752	0.960496	-1.052128	-27.865220	0.948287	-1.105490	-28.148029	0.469765	-1.260519	-27.846774	0.485498	-1.065079	-28.164044	-0.029417	-1.239016	-28.114397	-0.061568	-1.265397	-27.850579	-0.046897	-1.016203	-27.833924	-0.062646	-1.052054
4099	56.935335	00:00:56:67	-27.949974	1.663391	-1.219156	-27.986940	1.640034	-1.089624	-28.083348	1.647317	-1.122714	-27.981562	1.547529	-1.200485	-28.010506	1.559584	-1.123426	-28.102852	1.561887	-1.270956	-27.855306	1.560200	-1.093754	-28.057866	1.482308	-0.916056	-27.971283	0.751923	-1.566275	-28.040412	1.362766	-0.578699	-28.075913	-0.044707	-2.046318	-28.022116	1.389948	-0.600472	-28.080347	-0.057306	-2.061427	-28.038187	1.359418	-0.549236	-28.096952	-0.024028	-2.092362	-28.158647	0.970618	-1.249574	-28.167477	0.964640	-1.334617	-27.886427	0.946525	-1.015374	-27.857035	0.990723	-1.091737	-28.158791	0.460250	-1.218742	-27.851325	0.449489	-1.071815	-28.171656	-0.061387	-1.222138	-28.176910	-0.046411	-1.252396	-27.877861	-0.061851	-1.028920	-27.820896	-0.070138	-1.088251
4100	56.949229	00:00:56:68	-27.944135	1.697363	-1.240196	-27.966809	1.674878	-1.108323	-28.110327	1.652991	-1.148827	-27.970968	1.567589	-1.171866	-28.034486	1.546490	-1.136059	-28.096401	1.524336	-1.266521	-27.880248	1.550965	-1.096639	-28.074975	1.430849	-0.882504	-27.985386	0.778047	-1.586483	-28.023143	1.379691	-0.587700	-28.102538	-0.052125	-2.074901	-28.006143	1.405860	-0.604572	-28.102734	-0.046809	-2.067879	-28.036329	1.376123	-0.573482	-28.083949	-0.022409	-2.077080	-28.161454	0.970857	-1.249218	-28.137970	0.981050	-1.283461	-27.863249	0.960951	-1.047474	-27.829179	0.967207	-1.099096	-28.153740	0.456471	-1.251436	-27.873388	0.445970	-1.082444	-28.174693	-0.071977	-1.210736	-28.130232	-0.088765	-1.288871	-27.846309	-0.059771	-1.047787	-27.837153	-0.039791	-1.110133
4101	56.963122	00:00:56:69	-27.967935	1.650918	-1.244128	-27.940017	1.646382	-1.111920	-28.053090	1.662030	-1.138327	-27.977220	1.564802	-1.211634	-28.016571	1.548815	-1.133533	-28.117857	1.561852	-1.284558	-27.894941	1.549049	-1.115729	-28.063685	1.456103	-0.927608	-28.006301	0.759772	-1.534570	-28.034347	1.413200	-0.595071	-28.099127	-0.039807	-2.025379	-28.021626	1.396905	-0.567996	-28.076593	-0.056531	-2.063118	-27.997868	1.387113	-0.588699	-28.104581	-0.054786	-2.051960	-28.162686	0.961240	-1.236169	-28.128438	0.953787	-1.302614	-27.847239	0.947816	-1.010776	-27.819227	0.948081	-1.108030	-28.162460	0.452686	-1.271412	-27.831108	0.459667	-1.049976	-28.184766	-0.065289	-1.199745	-28.121681	-0.025271	-1.262639	-27.878134	-0.052166	-1.070708	-27.860676	-0.037001	-1.076129
4102	56.977016	00:00:56:70	-27.986472	1.652060	-1.246346	-28.003258	1.617585	-1.109178	-28.097992	1.640868	-1.145065	-28.019854	1.558028	-1.187570	-27.995895	1.534722	-1.154068	-28.120650	1.528837	-1.253646	-27.854774	1.533911	-1.124913	-28.055538	1.457140	-0.915859	-27.993457	0.759585	-1.536362	-28.026064	1.395299	-0.560782	-28.077198	-0.068485	-2.061647	-28.021912	1.374841	-0.596632	-28.091247	-0.051792	-2.054835	-28.012870	1.352110	-0.606344	-28.094132	-0.031847	-2.057097	-28.205195	0.970476	-1.238116	-28.134984	0.977136	-1.291135	-27.868975	0.960559	-1.065170	-27.851981	1.008555	-1.073506	-28.162773	0.466173	-1.224412	-27.866751	0.451953	-1.059138	-28.140017	-0.063941	-1.170063	-28.142389	-0.070150	-1.277757	-27.913693	-0.069354	-1.036144	-27.845598	-0.041631	-1.081059
4103	56.990909	00:00:56:71	-27.967024	1.666348	-1.231785	-27.982094	1.617948	-1.087618	-28.063800	1.655377	-1.158346	-27.993510	1.510683	-1.176029	-27.990883	1.544559	-1.151126	-28.132007	1.542793	-1.249624	-27.853942	1.571202	-1.095151	-28.055254	1.464023	-0.889726	-27.968305	0.747029	-1.588565	-28.027493	1.377918	-0.587050	-28.094850	-0.063343	-2.062784	-28.026171	1.409826	-0.573762	-28.064759	-0.066343	-2.055845	-28.011594	1.361819	-0.570045	-28.101557	-0.043858	-2.076094	-28.188762	0.961218	-1.273848	-28.177588	0.992611	-1.325813	-27.875218	0.964133	-1.056618	-27.818281	0.984092	-1.092218	-28.169507	0.463454	-1.269108	-27.849183	0.449983	-1.065654	-28.167681	-0.076173	-1.244715	-28.142617	-0.068231	-1.268705	-27.872814	-0.061482	-1.000965	-27.836575	-0.049587	-1.060792
4104	57.004802	00:00:57:00	-27.969742	1.655428	-1.234433	-27.981768	1.670844	-1.113010	-28.126214	1.628317	-1.182223	-27.972458	1.549326	-1.206171	-28.040656	1.559081	-1.148733	-28.118966	1.526647	-1.261336	-27.854553	1.520059	-1.096672	-28.041101	1.459397	-0.951843	-27.976230	0.749197	-1.563791	-28.020509	1.364526	-0.546528	-28.083613	-0.059715	-2.055793	-28.018139	1.366430	-0.576837	-28.089772	-0.042630	-2.033932	-28.036612	1.360289	-0.580747	-28.098815	-0.027673	-2.068761	-28.149284	0.949145	-1.245605	-28.118931	0.984828	-1.285961	-27.873005	0.941971	-1.047614	-27.826119	0.985368	-1.093826	-28.175205	0.453235	-1.261630	-27.861986	0.441274	-1.069537	-28.169227	-0.072652	-1.188257	-28.124796	-0.037393	-1.283429	-27.891067	-0.068174	-0.984869	-27.845244	-0.056515	-1.060276
4105	57.018696	00:00:57:01	-27.967467	1.649741	-1.238008	-27.997670	1.626301	-1.094724	-28.047278	1.687640	-1.151820	-28.008341	1.545643	-1.167372	-28.007047	1.566682	-1.160032	-28.134469	1.579903	-1.248790	-27.843337	1.545999	-1.111871	-28.059797	1.488241	-0.918115	-27.984794	0.779431	-1.579907	-27.996635	1.362694	-0.582594	-28.107156	-0.069288	-2.057571	-28.034869	1.394213	-0.555121	-28.086679	-0.077932	-2.084769	-28.027472	1.373106	-0.566493	-28.114723	-0.040565	-2.073637	-28.203784	0.943745	-1.232422	-28.099566	0.986027	-1.285168	-27.893173	0.945372	-1.069914	-27.832139	0.954111	-1.088420	-28.116256	0.458885	-1.263518	-27.838813	0.453905	-1.048086	-28.175354	-0.061492	-1.215560	-28.139336	-0.075575	-1.317261	-27.873868	-0.057177	-1.035099	-27.836256	-0.056464	-1.094905
4106	57.032589	00:00:57:02	-27.974198	1.627412	-1.244334	-27.982544	1.683381	-1.093251	-28.062660	1.628336	-1.160555	-28.025856	1.545222	-1.179206	-28.027380	1.518922	-1.154383	-28.144141	1.541367	-1.260810	-27.859009	1.514994	-1.089689	-28.059353	1.471775	-0.919115	-27.986227	0.763094	-1.589550	-28.024358	1.382213	-0.578958	-28.097072	-0.069416	-2.054301	-28.055935	1.352739	-0.575795	-28.071134	-0.043630	-2.059503	-28.047684	1.366498	-0.584552	-28.102012	-0.054012	-2.050471	-28.160857	0.970784	-1.251057	-28.134978	0.964277	-1.303857	-27.860687	0.980012	-1.040997	-27.841893	0.974622	-1.083075	-28.160873	0.462310	-1.267375	-27.869245	0.474686	-1.087478	-28.165772	-0.090783	-1.233365	-28.108210	-0.065481	-1.281288	-27.861481	-0.061959	-1.010435	-27.853165	-0.061294	-1.082314
4107	57.046483	00:00:57:03	-27.972814	1.622449	-1.226680	-27.970469	1.648827	-1.103803	-28.087574	1.615762	-1.172856	-27.994608	1.541973	-1.165944	-28.001503	1.553308	-1.148044	-28.120890	1.520623	-1.246061	-27.877936	1.562690	-1.081219	-28.050044	1.459150	-0.950984	-28.029693	0.782482	-1.564363	-28.000057	1.404746	-0.559683	-28.063079	-0.046622	-2.064814	-28.018818	1.379966	-0.577930	-28.077023	-0.049921	-2.033369	-27.985967	1.381507	-0.553049	-28.037631	-0.048887	-2.085549	-28.166755	0.968231	-1.240785	-28.124428	0.968643	-1.276799	-27.884677	0.984358	-1.044744	-27.849620	0.969845	-1.088298	-28.149941	0.467766	-1.264146	-27.833558	0.439583	-1.038990	-28.168082	-0.064137	-1.224958	-28.118703	-0.079218	-1.258122	-27.833001	-0.047498	-0.982727	-27.814764	-0.066986	-1.093199
4108	57.060376	00:00:57:04	-27.972616	1.624116	-1.211205	-27.970628	1.652957	-1.137386	-28.057777	1.660948	-1.153914	-28.006399	1.558593	-1.187996	-28.017620	1.529058	-1.127694	-28.117647	1.564832	-1.242037	-27.822495	1.569560	-1.102848	-28.045384	1.444658	-0.936365	-28.005490	0.711602	-1.563598	-28.012003	1.394429	-0.578432	-28.107685	-0.045951	-2.045793	-28.047471	1.374655	-0.572023	-28.091402	-0.039244	-2.074467	-28.030444	1.396760	-0.555320	-28.106698	-0.026602	-2.056805	-28.178911	0.976229	-1.198807	-28.182393	0.980981	-1.254060	-27.860346	0.949934	-1.084545	-27.856510	0.982453	-1.099058	-28.123936	0.462242	-1.237195	-27.822215	0.438229	-1.095470	-28.177621	-0.023197	-1.220574	-28.148566	-0.062475	-1.257651	-27.888971	-0.028961	-1.005692	-27.823846	-0.042150	-1.061685
4109	57.074270	00:00:57:05	-27.983669	1.616272	-1.259690	-27.974717	1.685901	-1.115194	-28.108406	1.647239	-1.138537	-27.989353	1.583092	-1.230052	-28.054785	1.532274	-1.158854	-28.131750	1.556644	-1.258961	-27.872345	1.533686	-1.087465	-28.084641	1.464010	-0.910617	-27.993500	0.743609	-1.587484	-28.022559	1.386940	-0.548365	-28.119555	-0.063881	-2.048120	-28.014288	1.386688	-0.566242	-28.061078	-0.025534	-2.039004	-27.991865	1.374798	-0.556494	-28.112801	-0.064208	-2.089129	-28.171055	0.952564	-1.235651	-28.145629	0.988300	-1.254922	-27.829135	0.981087	-1.070458	-27.834094	0.971851	-1.104099	-28.135460	0.448897	-1.240082	-27.848998	0.461187	-1.041056	-28.158559	-0.058624	-1.239258	-28.130305	-0.074202	-1.262871	-27.860228	-0.049903	-1.034702	-27.864042	-0.065356	-1.063256
4110	57.088163	00:00:57:06	-27.958307	1.607335	-1.221874	-28.002579	1.686941	-1.097211	-28.089643	1.695180	-1.163260	-28.006186	1.526687	-1.202398	-28.003386	1.550018	-1.137014	-28.122072	1.535924	-1.270651	-27.854708	1.570716	-1.083491	-28.087155	1.453514	-0.943555	-27.958354	0.758551	-1.563706	-28.041901	1.391318	-0.565712	-28.109097	-0.045140	-2.060665	-28.005278	1.391552	-0.556080	-28.074234	-0.020849	-2.020825	-28.021411	1.395698	-0.543719	-28.095535	-0.029085	-2.067315	-28.192147	0.987504	-1.259202	-28.180051	0.952107	-1.289383	-27.861987	0.973137	-1.029804	-27.872129	0.968046	-1.093134	-28.145429	0.454981	-1.263702	-27.864545	0.440295	-1.023044	-28.169952	-0.049924	-1.240267	-28.108629	-0.038973	-1.241470	-27.825694	-0.080376	-1.032688	-27.855765	-0.076698	-1.066252
4111	57.102057	00:00:57:07	-27.952641	1.641682	-1.223314	-27.968201	1.689232	-1.110986	-28.084576	1.639906	-1.155938	-27.996519	1.547132	-1.190288	-28.005175	1.563285	-1.144425	-28.135830	1.544193	-1.243452	-27.875261	1.542309	-1.120081	-28.083699	1.440987	-0.921728	-27.985959	0.749678	-1.537079	-27.993102	1.378036	-0.581537	-28.111106	-0.034428	-2.069055	-28.049320	1.396912	-0.563358	-28.102157	-0.029351	-2.037800	-28.044141	1.348947	-0.570395	-28.079956	-0.053091	-2.060750	-28.163898	0.977165	-1.226823	-28.135062	0.959454	-1.264164	-27.845977	0.940421	-1.030649	-27.841182	0.988904	-1.082145	-28.173281	0.485168	-1.235893	-27.881909	0.447049	-1.043996	-28.183608	-0.074384	-1.235295	-28.136168	-0.059313	-1.269956	-27.865644	-0.041404	-1.021315	-27.824439	-0.068832	-1.074471
4112	57.115950	00:00:57:08	-27.925187	1.658536	-1.212375	-27.962347	1.652344	-1.085119	-28.086073	1.664465	-1.150728	-27.997246	1.541554	-1.174975	-28.042601	1.585516	-1.148654	-28.118285	1.572042	-1.270006	-27.830751	1.528840	-1.085699	-28.050756	1.472474	-0.938758	-27.979280	0.725621	-1.607371	-28.024775	1.407416	-0.563491	-28.089098	-0.045178	-2.070217	-28.018700	1.429959	-0.600449	-28.047405	-0.026987	-2.080855	-28.027985	1.373677	-0.584608	-28.105175	-0.029703	-2.007735	-28.179232	0.954044	-1.217253	-28.099661	0.986119	-1.263660	-27.862334	0.941426	-1.035396	-27.846704	0.977189	-1.101294	-28.189746	0.438473	-1.257900	-27.856659	0.455946	-1.059836	-28.136915	-0.072495	-1.205231	-28.130566	-0.071309	-1.272494	-27.878616	-0.030750	-0.998270	-27.849237	-0.045163	-1.102000
4113	57.129843	00:00:57:09	-27.987306	1.679900	-1.215208	-27.952856	1.655968	-1.097682	-28.034764	1.656316	-1.159766	-27.998836	1.560172	-1.188899	-27.989034	1.523595	-1.123329	-28.108379	1.534372	-1.241191	-27.865240	1.550100	-1.114304	-28.067293	1.459016	-0.956947	-28.017577	0.771790	-1.573050	-27.975363	1.379985	-0.605113	-28.100438	-0.045743	-2.063190	-28.039318	1.386898	-0.580404	-28.125867	-0.057733	-2.088821	-28.007621	1.411121	-0.569750	-28.086371	-0.032860	-2.029140	-28.190331	0.971868	-1.241594	-28.117450	0.947696	-1.259108	-27.885815	1.013621	-1.045100	-27.827120	0.994508	-1.112858	-28.170872	0.464841	-1.298749	-27.837237	0.470303	-1.061184	-28.204112	-0.056965	-1.224198	-28.105498	-0.074530	-1.277697	-27.896448	-0.063998	-1.048371	-27.822987	-0.086536	-1.075215
4114	57.143737	00:00:57:10	-27.938693	1.659299	-1.229592	-27.980073	1.667692	-1.100088	-28.087831	1.675280	-1.184104	-27.977144	1.561913	-1.211800	-28.002860	1.535782	-1.143897	-28.079158	1.550630	-1.267787	-27.899417	1.545275	-1.120524	-28.067160	1.445769	-0.932891	-27.966625	0.743247	-1.604182	-28.050427	1.413311	-0.578556	-28.099496	-0.034631	-2.045715	-28.034126	1.388074	-0.576877	-28.089031	-0.022829	-2.043401	-28.018266	1.404391	-0.565674	-28.099163	-0.048531	-2.062983	-28.187829	0.994908	-1.191691	-28.130268	0.946500	-1.312815	-27.868034	0.951252	-1.072780	-27.832529	0.958887	-1.100155	-28.161004	0.461902	-1.290026	-27.813636	0.451684	-1.038907	-28.166090	-0.076839	-1.222410	-28.146786	-0.038676	-1.245487	-27.893012	-0.038790	-1.031199	-27.842476	-0.063899	-1.098503
4115	57.157630	00:00:57:11	-27.985866	1.640801	-1.223432	-27.976774	1.671571	-1.102421	-28.077854	1.678027	-1.134513	-27.987069	1.539547	-1.206294	-27.996593	1.550622	-1.141556	-28.148637	1.541034	-1.284285	-27.857155	1.541708	-1.073741	-28.046601	1.460893	-0.883144	-27.964465	0.740433	-1.618852	-28.028796	1.387598	-0.594936	-28.091420	-0.040001	-2.076329	-28.022283	1.388574	-0.594480	-28.065949	-0.063764	-2.050948	-28.018474	1.399251	-0.597333	-28.124996	-0.049662	-2.088145	-28.188463	0.990095	-1.265254	-28.140010	0.961169	-1.291399	-27.848817	0.960847	-1.051715	-27.880067	0.965279	-1.076750	-28.142391	0.486760	-1.231175	-27.846804	0.461171	-1.054615	-28.175021	-0.060995	-1.218075	-28.131344	-0.069114	-1.242890	-27.877413	-0.088597	-1.008190	-27.837203	-0.031997	-1.093707
4116	57.171524	00:00:57:12	-27.974808	1.623929	-1.239065	-27.980780	1.673613	-1.078477	-28.111227	1.650263	-1.168819	-27.975403	1.552686	-1.178036	-28.029086	1.496169	-1.167032	-28.124866	1.523943	-1.250060	-27.853750	1.535214	-1.112217	-28.068441	1.477450	-0.920051	-27.962868	0.738142	-1.578829	-28.018186	1.380752	-0.577133	-28.088632	-0.016465	-2.079821	-28.018596	1.371834	-0.580063	-28.075721	-0.042070	-2.068794	-28.028515	1.386352	-0.564696	-28.115254	-0.037282	-2.064690	-28.163270	0.959387	-1.234794	-28.144387	1.019344	-1.270903	-27.865702	0.979255	-0.990393	-27.807300	0.954999	-1.120299	-28.139357	0.436134	-1.271495	-27.862055	0.443089	-1.052326	-28.152415	-0.054980	-1.215822	-28.149285	-0.033363	-1.287949	-27.873892	-0.056440	-1.059767	-27.849170	-0.027469	-1.089200
4117	57.185417	00:00:57:13	-27.983749	1.640397	-1.248963	-27.990885	1.643230	-1.096208	-28.049733	1.649860	-1.131750	-27.998118	1.537551	-1.210881	-28.030865	1.562368	-1.144380	-28.114170	1.532416	-1.241038	-27.882522	1.553522	-1.105514	-28.068877	1.449160	-0.906952	-27.965871	0.755274	-1.566150	-28.028046	1.390758	-0.556384	-28.115482	-0.026307	-2.067109	-28.023479	1.380794	-0.552638	-28.082424	-0.021877	-2.071796	-27.999489	1.349289	-0.556293	-28.114037	-0.041661	-2.060938	-28.195219	0.983610	-1.220771	-28.133683	0.954885	-1.295116	-27.860088	0.995217	-1.068957	-27.833966	0.937115	-1.114957	-28.099606	0.463680	-1.280559	-27.850132	0.466271	-1.057454	-28.175578	-0.064440	-1.224858	-28.131190	-0.061832	-1.281149	-27.837665	-0.084129	-1.071207	-27.837579	-0.053590	-1.078396
4118	57.199311	00:00:57:14	-27.961088	1.649234	-1.261572	-27.946550	1.654473	-1.126461	-28.073198	1.639126	-1.157418	-28.021121	1.512778	-1.177671	-28.002953	1.550721	-1.145477	-28.130203	1.548900	-1.301120	-27.867125	1.528642	-1.125771	-28.061621	1.426545	-0.878696	-27.962155	0.741686	-1.587987	-28.026061	1.360438	-0.595919	-28.102869	-0.070307	-2.033613	-28.015645	1.392431	-0.585309	-28.110253	-0.057650	-2.050693	-28.014287	1.352769	-0.587699	-28.066385	-0.065353	-2.071508	-28.171765	0.979350	-1.239432	-28.140925	0.956226	-1.302330	-27.855587	0.974578	-1.073635	-27.840283	0.983021	-1.087936	-28.130664	0.432769	-1.290428	-27.830169	0.454859	-1.070398	-28.165257	-0.063570	-1.252351	-28.126984	-0.067049	-1.247671	-27.845220	-0.049798	-1.007969	-27.816053	-0.058965	-1.076150
4119	57.213204	00:00:57:15	-27.959430	1.704151	-1.232464	-27.975976	1.665222	-1.100639	-28.066403	1.628957	-1.172099	-28.004526	1.543773	-1.174825	-28.027078	1.553765	-1.135177	-28.132561	1.557465	-1.293235	-27.876959	1.560691	-1.122216	-28.052573	1.450354	-0.910738	-27.986022	0.727087	-1.562374	-28.011621	1.392824	-0.561238	-28.116556	-0.035617	-2.083602	-28.030036	1.383722	-0.567819	-28.112870	-0.060983	-2.068580	-28.011509	1.391455	-0.576485	-28.086893	-0.065085	-2.057107	-28.162511	0.970900	-1.238809	-28.131619	0.976229	-1.272408	-27.867544	0.964701	-1.046011	-27.862792	0.969134	-1.066126	-28.164221	0.467675	-1.256641	-27.833755	0.440765	-1.062078	-28.184404	-0.066859	-1.227913	-28.137254	-0.032744	-1.256137	-27.912572	-0.058255	-1.036731	-27.848937	-0.052513	-1.046424
4120	57.227098	00:00:57:16	-27.972344	1.659882	-1.220499	-27.990307	1.681719	-1.114651	-28.065014	1.654450	-1.178398	-27.982356	1.543391	-1.194492	-28.052344	1.555548	-1.152342	-28.099721	1.538773	-1.252331	-27.870416	1.516480	-1.095361	-28.033796	1.447096	-0.930124	-27.985836	0.739685	-1.565905	-28.021610	1.360395	-0.591821	-28.071990	-0.043391	-2.066160	-28.026594	1.384533	-0.595307	-28.097834	-0.026488	-2.080957	-28.042095	1.388895	-0.565734	-28.091709	-0.045297	-2.068491	-28.164329	0.969477	-1.233572	-28.129248	0.943813	-1.303710	-27.859873	0.953038	-1.053679	-27.791502	0.980422	-1.114654	-28.171186	0.475223	-1.220810	-27.849723	0.452085	-1.045243	-28.184351	-0.049850	-1.215307	-28.146928	-0.065090	-1.241843	-27.875571	-0.069792	-1.045389	-27.816867	-0.050985	-1.111770
4121	57.240991	00:00:57:17	-27.960507	1.646859	-1.223466	-27.978799	1.671702	-1.080746	-28.069374	1.643062	-1.140740	-27.989558	1.548719	-1.199070	-28.025128	1.577257	-1.156223	-28.112376	1.523269	-1.269127	-27.864913	1.572149	-1.127288	-28.073030	1.464940	-0.924767	-27.985742	0.764091	-1.569458	-28.020288	1.412868	-0.593122	-28.064840	-0.031272	-2.077300	-28.022012	1.400218	-0.581309	-28.105364	0.001596	-2.082201	-28.045080	1.393454	-0.593195	-28.098792	-0.052654	-2.083948	-28.161702	0.976686	-1.246813	-28.138349	0.937559	-1.288134	-27.851555	0.955790	-1.029688	-27.812390	0.932552	-1.082463	-28.135796	0.446085	-1.269207	-27.827206	0.479429	-1.083052	-28.160169	-0.058561	-1.232871	-28.138095	-0.055664	-1.269284	-27.864557	-0.093543	-1.010889	-27.859859	-0.068352	-1.074980
4122	57.254884	00:00:57:18	-27.959826	1.657224	-1.230865	-27.964480	1.633534	-1.088644	-28.061186	1.644129	-1.160849	-27.988432	1.564027	-1.159525	-28.002859	1.553273	-1.155658	-28.125758	1.526721	-1.286529	-27.883057	1.546296	-1.086236	-28.096374	1.441993	-0.921650	-27.966179	0.733251	-1.592078	-28.053923	1.409136	-0.570547	-28.092221	-0.040942	-2.069736	-28.035555	1.368848	-0.579371	-28.106096	-0.039565	-2.068551	-28.033759	1.362632	-0.568860	-28.093799	-0.064467	-2.050946	-28.168473	0.930512	-1.256867	-28.106695	0.950989	-1.295223	-27.902414	0.982285	-1.053775	-27.842433	0.940670	-1.116733	-28.187563	0.466455	-1.268767	-27.822464	0.457363	-1.077910	-28.145609	-0.075766	-1.191072	-28.164514	-0.087122	-1.257547	-27.846585	-0.074494	-1.017401	-27.826584	-0.046814	-1.089582
4123	57.268778	00:00:57:19	-27.960218	1.646894	-1.244910	-27.995498	1.651817	-1.143498	-28.108723	1.632726	-1.141715	-27.968829	1.512588	-1.188839	-28.008593	1.536049	-1.195026	-28.142146	1.582180	-1.267694	-27.870667	1.572151	-1.103463	-28.075496	1.439646	-0.908728	-27.966834	0.758250	-1.585561	-28.039132	1.393678	-0.573129	-28.079425	-0.043673	-2.033136	-28.005375	1.376801	-0.547148	-28.086987	-0.069879	-2.061162	-28.037117	1.366129	-0.559908	-28.103280	-0.035474	-2.088337	-28.176103	0.991686	-1.227276	-28.159932	0.973061	-1.279064	-27.854374	0.972614	-1.081799	-27.867801	0.964885	-1.101044	-28.155569	0.431810	-1.249772	-27.844483	0.468013	-1.104457	-28.174716	-0.078789	-1.211753	-28.128985	-0.058071	-1.259015	-27.883104	-0.077693	-1.023801	-27.829417	-0.068038	-1.077747
4124	57.282671	00:00:57:20	-27.962637	1.672684	-1.243170	-27.996184	1.668760	-1.101690	-28.106513	1.671516	-1.161819	-28.002866	1.520588	-1.216360	-28.029082	1.535559	-1.148055	-28.108154	1.585046	-1.300017	-27.880919	1.548875	-1.088675	-28.023819	1.454762	-0.926551	-28.003279	0.771471	-1.586736	-28.046468	1.382420	-0.573208	-28.111887	-0.055677	-2.064050	-27.979901	1.403380	-0.575993	-28.084899	-0.051689	-2.065227	-28.012452	1.368120	-0.574861	-28.104701	-0.044959	-2.068193	-28.170158	0.948754	-1.279052	-28.148270	0.987404	-1.287930	-27.860242	1.002147	-1.057320	-27.849134	0.947553	-1.100833	-28.175968	0.464705	-1.261254	-27.852759	0.447144	-1.038379	-28.172682	-0.068670	-1.210989	-28.127555	-0.037436	-1.310204	-27.872743	-0.031374	-1.019239	-27.846007	-0.061486	-1.087432
4125	57.296565	00:00:57:21	-27.970942	1.647316	-1.231127	-27.985170	1.664967	-1.118269	-28.093018	1.670145	-1.150389	-28.021474	1.527213	-1.168989	-27.998541	1.537170	-1.128773	-28.113393	1.519605	-1.229762	-27.868438	1.534952	-1.115670	-28.067624	1.475081	-0.928754	-27.963832	0.758956	-1.598406	-28.021466	1.428711	-0.566364	-28.106089	-0.053792	-2.063856	-28.008691	1.370145	-0.568989	-28.094183	-0.037591	-2.069806	-28.033716	1.357922	-0.575821	-28.092710	-0.068910	-2.076990	-28.166609	0.965450	-1.238400	-28.139271	0.954036	-1.303168	-27.860102	0.987006	-1.051184	-27.828353	0.940766	-1.127684	-28.156295	0.439728	-1.252049	-27.825634	0.455758	-1.043512	-28.167711	-0.042149	-1.229096	-28.159571	-0.033472	-1.278615	-27.852278	-0.048937	-1.028341	-27.822417	-0.074825	-1.097577
4126	57.310458	00:00:57:22	-27.954979	1.627551	-1.228524	-27.931398	1.628750	-1.110908	-28.104345	1.651545	-1.117545	-27.999239	1.537121	-1.210370	-27.996807	1.551055	-1.195685	-28.096928	1.551201	-1.274174	-27.887554	1.519686	-1.128540	-28.062779	1.462671	-0.920546	-27.953863	0.731298	-1.571482	-27.993295	1.428493	-0.607166	-28.103852	-0.030969	-2.060644	-28.038357	1.402130	-0.580291	-28.098297	-0.041673	-2.040684	-28.008126	1.387987	-0.602595	-28.111266	-0.004812	-2.050980	-28.168503	0.946018	-1.258632	-28.174443	0.972814	-1.278631	-27.842799	0.958185	-1.033613	-27.812824	0.946608	-1.138222	-28.132697	0.432449	-1.290338	-27.853552	0.447994	-1.071411	-28.144087	-0.045827	-1.241856	-28.127350	-0.076643	-1.260001	-27.906151	-0.056079	-1.050397	-27.833590	-0.094160	-1.072716
4127	57.324352	00:00:57:23	-27.971802	1.667039	-1.244737	-27.975986	1.645355	-1.069070	-28.080812	1.656790	-1.157173	-27.998054	1.532200	-1.147415	-28.020786	1.534766	-1.173018	-28.144377	1.541865	-1.235956	-27.862131	1.542833	-1.101658	-28.075873	1.462530	-0.912111	-27.980255	0.783749	-1.578232	-28.033458	1.370979	-0.585841	-28.093413	-0.041993	-2.058134	-28.005762	1.389777	-0.582011	-28.104651	-0.051746	-2.069798	-28.013813	1.364924	-0.563079	-28.113745	-0.066338	-2.090872	-28.169636	0.919966	-1.242002	-28.125613	0.943615	-1.297892	-27.841400	0.952920	-1.067423	-27.841544	0.917345	-1.094127	-28.149795	0.500104	-1.238528	-27.862902	0.435846	-1.063389	-28.177811	-0.050547	-1.235914	-28.131612	-0.047976	-1.236697	-27.865192	-0.042391	-1.026043	-27.848374	-0.030139	-1.068332
4128	57.338245	00:00:57:24	-27.958240	1.687281	-1.216192	-27.970125	1.654925	-1.093870	-28.079314	1.666974	-1.153609	-27.999440	1.534805	-1.194123	-27.995371	1.559619	-1.163663	-28.101850	1.564806	-1.265593	-27.860700	1.559618	-1.110175	-28.081467	1.452894	-0.897075	-27.990163	0.766442	-1.604472	-27.999205	1.409466	-0.610511	-28.093227	-0.066267	-2.050982	-28.011336	1.350028	-0.589176	-28.101833	-0.045636	-2.051146	-28.057249	1.362126	-0.568600	-28.059945	-0.088234	-2.079289	-28.187313	0.955490	-1.245919	-28.147817	0.982004	-1.279852	-27.845282	0.971066	-1.032822	-27.821455	0.950915	-1.093678	-28.179561	0.456121	-1.265129	-27.857347	0.426928	-1.061763	-28.162478	-0.052093	-1.193200	-28.149446	-0.074960	-1.278601	-27.842239	-0.023914	-1.077660	-27.842634	-0.035158	-1.083513
4129	57.352139	00:00:57:25	-27.944758	1.654414	-1.230817	-27.995422	1.673625	-1.083592	-28.077566	1.646385	-1.179538	-27.996599	1.553130	-1.176987	-27.981530	1.562398	-1.146245	-28.106755	1.552714	-1.281403	-27.873757	1.535757	-1.089501	-28.069641	1.499088	-0.920118	-27.969985	0.738563	-1.617402	-28.028076	1.359010	-0.625269	-28.107909	-0.039685	-2.045663	-28.042046	1.365662	-0.600708	-28.108955	-0.051180	-2.066556	-28.019555	1.384520	-0.594408	-28.091628	-0.026918	-2.048817	-28.158797	0.982590	-1.251687	-28.127334	0.954336	-1.272910	-27.910252	0.984781	-1.033516	-27.841900	0.965811	-1.086423	-28.163277	0.493561	-1.246562	-27.853166	0.459138	-1.071032	-28.158542	-0.065048	-1.223790	-28.129746	-0.062711	-1.230693	-27.873998	-0.082580	-1.023649	-27.863777	-0.052995	-1.065830
4130	57.366032	00:00:57:26	-27.977155	1.650227	-1.253508	-27.950259	1.628135	-1.076213	-28.066064	1.658938	-1.173337	-27.981465	1.533477	-1.172377	-28.034203	1.576997	-1.169244	-28.148128	1.557102	-1.246354	-27.858239	1.542002	-1.109924	-28.038329	1.465955	-0.905575	-27.973464	0.740784	-1.562838	-28.033906	1.395007	-0.634016	-28.108063	-0.017353	-2.091754	-28.029727	1.384748	-0.560524	-28.085884	-0.053021	-2.044145	-28.017826	1.403371	-0.613917	-28.090802	-0.049904	-2.072171	-28.186420	0.954147	-1.232771	-28.139686	0.954626	-1.318567	-27.841469	0.998661	-1.046609	-27.843484	0.960506	-1.127783	-28.154521	0.428843	-1.253651	-27.898401	0.439319	-1.026326	-28.171776	-0.070276	-1.190894	-28.147552	-0.030203	-1.258062	-27.895699	-0.025832	-1.008588	-27.818810	-0.063538	-1.038529
4131	57.379925	00:00:57:27	-27.973764	1.653633	-1.251417	-27.974179	1.673485	-1.090504	-28.095348	1.646495	-1.140168	-28.023085	1.555096	-1.193682	-27.978897	1.517799	-1.120530	-28.122310	1.525064	-1.255256	-27.844462	1.533105	-1.083667	-28.044993	1.470402	-0.907335	-28.013980	0.772438	-1.626579	-28.024263	1.347881	-0.584548	-28.058399	-0.043444	-2.076215	-28.043090	1.360290	-0.593056	-28.089078	-0.081333	-2.030581	-28.010664	1.354969	-0.576266	-28.100373	-0.052276	-2.035915	-28.167604	0.966490	-1.242190	-28.143929	0.962221	-1.279508	-27.870560	0.952590	-1.016008	-27.834376	0.973891	-1.101247	-28.152836	0.453822	-1.263385	-27.845049	0.455426	-1.069001	-28.190866	-0.052712	-1.200419	-28.145826	-0.055340	-1.282053	-27.859697	-0.056420	-1.030199	-27.834364	-0.062261	-1.060019
4132	57.393819	00:00:57:28	-27.964619	1.649117	-1.235138	-27.977780	1.679790	-1.091933	-28.105740	1.652753	-1.174098	-27.983996	1.513943	-1.197673	-28.010637	1.579564	-1.164964	-28.115256	1.567746	-1.267910	-27.841929	1.554545	-1.118124	-28.054493	1.442432	-0.922871	-28.013233	0.754739	-1.577885	-28.027825	1.392218	-0.593648	-28.099399	-0.023472	-2.061932	-28.024845	1.400116	-0.564682	-28.074643	-0.056308	-2.047487	-28.007597	1.366358	-0.592034	-28.078296	-0.070268	-2.046209	-28.185343	0.946013	-1.276597	-28.132928	0.984476	-1.280017	-27.922181	0.943020	-1.045255	-27.847505	0.976017	-1.098107	-28.138740	0.425863	-1.263242	-27.852797	0.443403	-1.068464	-28.161375	-0.052859	-1.204623	-28.149189	-0.076713	-1.271964	-27.882813	-0.043094	-1.046489	-27.838556	-0.059306	-1.080958
4133	57.407712	00:00:57:29	-27.974528	1.651187	-1.249443	-27.977898	1.676606	-1.093029	-28.084527	1.663579	-1.144922	-27.984950	1.550628	-1.184116	-28.018465	1.549665	-1.157712	-28.107185	1.525637	-1.300084	-27.861944	1.505673	-1.106418	-28.099911	1.446136	-0.927314	-28.001537	0.743731	-1.557529	-28.049764	1.395081	-0.546825	-28.118262	-0.015868	-2.068178	-28.046235	1.367149	-0.592630	-28.080597	-0.015744	-2.086049	-28.049763	1.365887	-0.557909	-28.086124	-0.051424	-2.068271	-28.179414	0.964136	-1.239460	-28.164049	0.984027	-1.254950	-27.850867	0.985141	-1.064776	-27.864802	0.977796	-1.073326	-28.151965	0.432857	-1.211765	-27.838349	0.482158	-1.060635	-28.154469	-0.059453	-1.217408	-28.126343	-0.042432	-1.282994	-27.879100	-0.049045	-1.041551	-27.836377	-0.022807	-1.098773
4134	57.421606	00:00:57:30	-27.971035	1.677009	-1.263411	-27.994691	1.643563	-1.094091	-28.103337	1.629847	-1.173738	-27.993884	1.543918	-1.188061	-28.023325	1.553643	-1.120439	-28.153756	1.535191	-1.272713	-27.884227	1.545074	-1.108090	-28.083670	1.488808	-0.919368	-28.018044	0.767875	-1.570316	-27.995598	1.395609	-0.554606	-28.123211	-0.037458	-2.059114	-28.020405	1.390940	-0.585303	-28.073726	-0.040240	-2.062800	-28.023288	1.368280	-0.587139	-28.100911	-0.041519	-2.067431	-28.177016	0.984924	-1.240449	-28.126649	0.989731	-1.324935	-27.882457	0.983948	-1.066927	-27.841349	0.959367	-1.093256	-28.176084	0.427152	-1.273502	-27.850120	0.493020	-1.076989	-28.169601	-0.041243	-1.236750	-28.123978	-0.083558	-1.256466	-27.880484	-0.052327	-1.005197	-27.835836	-0.032286	-1.089525
4135	57.435499	00:00:57:31	-27.918769	1.642632	-1.251708	-27.987566	1.642070	-1.082733	-28.106634	1.621222	-1.178702	-27.964844	1.550345	-1.173243	-28.032832	1.561026	-1.188847	-28.129092	1.541831	-1.268740	-27.866570	1.553520	-1.081882	-28.051396	1.449658	-0.942507	-27.989482	0.741753	-1.559443	-28.030007	1.380684	-0.580880	-28.095860	-0.036735	-2.027518	-27.991220	1.369723	-0.584874	-28.076778	-0.060273	-2.064200	-28.006125	1.372057	-0.576907	-28.103210	-0.059227	-2.059965	-28.158286	0.969985	-1.238205	-28.116856	0.963178	-1.308875	-27.883380	0.963213	-1.043686	-27.812847	0.951038	-1.102459	-28.142088	0.437569	-1.257768	-27.890780	0.446007	-1.052081	-28.150532	-0.073879	-1.234581	-28.106768	-0.065483	-1.295138	-27.868997	-0.049265	-1.008345	-27.858861	-0.067525	-1.082450
4136	57.449393	00:00:57:32	-27.961958	1.614733	-1.253600	-27.969642	1.656251	-1.095376	-28.068308	1.637154	-1.179645	-28.017686	1.532568	-1.168702	-28.034099	1.522614	-1.170651	-28.113115	1.523044	-1.265024	-27.853880	1.523652	-1.107511	-28.077391	1.471710	-0.950303	-28.010758	0.771265	-1.609043	-27.995145	1.380939	-0.560465	-28.100085	-0.046778	-2.053245	-28.027862	1.385504	-0.616480	-28.130774	-0.052022	-2.049326	-28.050615	1.380012	-0.551414	-28.115395	-0.065102	-2.022310	-28.156925	0.976833	-1.244217	-28.142607	0.940904	-1.285018	-27.866549	0.969061	-1.048383	-27.850536	0.959123	-1.124828	-28.151740	0.477430	-1.254280	-27.845344	0.459718	-1.028861	-28.178589	-0.060408	-1.207309	-28.151708	-0.056237	-1.253294	-27.895968	-0.051945	-1.022338	-27.860505	-0.047447	-1.058965
4137	57.463286	00:00:57:33	-27.962689	1.662957	-1.237269	-27.978514	1.654930	-1.092001	-28.076281	1.684112	-1.151369	-27.999084	1.534230	-1.175999	-27.998772	1.533889	-1.166896	-28.109974	1.541931	-1.297196	-27.833471	1.515567	-1.121399	-28.102593	1.498465	-0.902724	-27.951483	0.744491	-1.585575	-28.010730	1.381000	-0.566238	-28.095262	-0.101051	-2.050152	-28.017209	1.416842	-0.577751	-28.078181	-0.077958	-2.078487	-28.034630	1.388129	-0.574271	-28.111676	-0.036380	-2.045699	-28.159572	0.951606	-1.271122	-28.164415	1.009848	-1.268202	-27.856541	0.959601	-1.078746	-27.794643	0.943042	-1.091009	-28.152575	0.478056	-1.242908	-27.841401	0.456432	-1.065783	-28.174249	-0.065484	-1.247408	-28.132920	-0.082729	-1.271598	-27.839472	-0.052481	-1.031705	-27.821069	-0.058598	-1.056656
4138	57.477180	00:00:57:34	-27.973529	1.646525	-1.215227	-27.949400	1.640733	-1.105341	-28.084357	1.616822	-1.166150	-27.984384	1.547350	-1.175332	-27.988863	1.560396	-1.152959	-28.128067	1.550581	-1.259551	-27.872277	1.555428	-1.090492	-28.084729	1.461105	-0.933267	-27.972718	0.757834	-1.581099	-28.082468	1.422446	-0.576084	-28.084468	-0.067986	-2.090049	-28.002935	1.398826	-0.581369	-28.099363	-0.039199	-2.071842	-28.050618	1.369029	-0.539268	-28.111442	-0.042548	-2.077565	-28.162120	0.960155	-1.223930	-28.120024	0.946652	-1.280556	-27.877688	0.943035	-1.039222	-27.825661	0.968969	-1.123088	-28.149908	0.475593	-1.243181	-27.859098	0.475131	-1.059571	-28.159918	-0.031829	-1.221977	-28.156772	-0.071467	-1.301986	-27.890186	-0.041728	-1.016033	-27.858674	-0.060958	-1.084063
4139	57.491073	00:00:57:35	-27.969317	1.655621	-1.234707	-27.973025	1.646471	-1.123463	-28.081376	1.651549	-1.147040	-27.987494	1.548647	-1.185631	-28.012240	1.549640	-1.142068	-28.097340	1.555666	-1.268864	-27.869951	1.521540	-1.104223	-28.096564	1.469076	-0.922829	-27.994411	0.771726	-1.575290	-28.020730	1.392280	-0.604382	-28.096174	-0.035896	-2.051883	-27.996353	1.387364	-0.589112	-28.081962	-0.085387	-2.093958	-28.036153	1.376066	-0.561281	-28.075570	-0.020386	-2.091692	-28.146134	0.962666	-1.219511	-28.145891	0.958217	-1.311707	-27.861188	0.992991	-1.033225	-27.828413	0.972048	-1.098668	-28.163534	0.453164	-1.260769	-27.845743	0.445972	-1.090368	-28.124489	-0.071484	-1.225326	-28.141124	-0.052426	-1.270172	-27.867945	-0.077452	-1.056711	-27.831337	-0.035446	-1.072885
4140	57.504966	00:00:57:36	-27.946459	1.623023	-1.231746	-27.968838	1.638588	-1.114170	-28.089979	1.671525	-1.155843	-28.000891	1.541383	-1.230231	-28.021517	1.533881	-1.150592	-28.123590	1.512939	-1.275273	-27.867828	1.549846	-1.096464	-28.077163	1.435695	-0.895026	-28.001657	0.750668	-1.559572	-28.018034	1.354167	-0.584058	-28.094444	-0.028285	-2.071461	-28.000978	1.384043	-0.575246	-28.108524	-0.057917	-2.079558	-28.053078	1.364239	-0.550303	-28.072278	-0.052105	-2.043188	-28.183093	0.956383	-1.264326	-28.124854	0.971647	-1.307959	-27.859646	0.956417	-1.048769	-27.833079	0.978561	-1.100364	-28.178860	0.437310	-1.222119	-27.834939	0.431886	-1.034655	-28.177749	-0.049561	-1.185811	-28.112256	-0.046707	-1.278444	-27.876887	-0.065028	-0.990593	-27.857942	-0.085241	-1.078886
4141	57.518860	00:00:57:37	-27.989283	1.619555	-1.227085	-27.963865	1.661257	-1.089685	-28.089757	1.683585	-1.182668	-27.980362	1.551875	-1.164183	-28.015561	1.557330	-1.138192	-28.098889	1.551349	-1.307566	-27.882191	1.556082	-1.099219	-28.080720	1.463121	-0.930191	-27.963151	0.737817	-1.616316	-28.035565	1.390129	-0.573879	-28.115145	-0.039783	-2.047945	-28.008481	1.366640	-0.573995	-28.086964	-0.054058	-2.105925	-28.037700	1.372424	-0.567506	-28.095351	-0.058781	-2.079886	-28.185622	0.973676	-1.218322	-28.145546	0.945782	-1.287085	-27.884684	0.962757	-1.037401	-27.857782	0.984449	-1.076680	-28.153995	0.437953	-1.254427	-27.844260	0.439543	-1.101114	-28.180332	-0.051168	-1.215167	-28.117032	-0.061602	-1.281354	-27.844248	-0.048072	-1.008207	-27.832579	-0.059161	-1.093807
4142	57.532753	00:00:57:38	-27.957757	1.633393	-1.257119	-27.984330	1.637246	-1.081351	-28.087462	1.684494	-1.188124	-27.974715	1.536798	-1.177497	-28.005916	1.560625	-1.148647	-28.147952	1.535589	-1.290962	-27.856461	1.548511	-1.121493	-28.057662	1.446672	-0.954870	-27.989115	0.768895	-1.593345	-28.030419	1.387181	-0.560377	-28.099865	-0.021751	-2.058991	-28.025855	1.394340	-0.549434	-28.103840	-0.051625	-2.001614	-27.998138	1.392943	-0.550236	-28.083487	-0.081090	-2.033841	-28.156025	0.984679	-1.229544	-28.166464	0.968201	-1.286348	-27.860481	0.974929	-1.056128	-27.847081	0.957217	-1.117608	-28.150073	0.470518	-1.234611	-27.812804	0.463014	-1.066284	-28.138674	-0.025813	-1.206873	-28.153060	-0.087472	-1.268500	-27.866747	-0.014608	-1.060419	-27.852336	-0.077054	-1.055387
4143	57.546647	00:00:57:39	-27.979360	1.635039	-1.255903	-27.939616	1.656329	-1.102700	-28.089317	1.649398	-1.135156	-27.991182	1.552142	-1.187474	-28.002847	1.557691	-1.147793	-28.112023	1.526274	-1.248138	-27.880151	1.528171	-1.131144	-28.064558	1.467066	-0.924681	-27.992772	0.751950	-1.595120	-28.005160	1.383593	-0.553508	-28.093078	0.000532	-2.075504	-28.031869	1.381086	-0.581632	-28.087632	-0.035899	-2.089187	-27.985465	1.363902	-0.572998	-28.127895	-0.018238	-2.067979	-28.174414	0.996108	-1.212072	-28.130196	0.969166	-1.319326	-27.828547	0.959744	-1.036898	-27.815030	0.953666	-1.092878	-28.126761	0.476216	-1.229751	-27.862913	0.493748	-1.047324	-28.177987	-0.033854	-1.208231	-28.138253	-0.078033	-1.246182	-27.874151	-0.059446	-1.025014	-27.848197	-0.055556	-1.094564
4144	57.560540	00:00:57:40	-27.959829	1.658010	-1.198984	-28.013062	1.655054	-1.090527	-28.042243	1.646023	-1.162739	-28.024716	1.534843	-1.176067	-28.013206	1.525996	-1.172879	-28.093382	1.548715	-1.220148	-27.899581	1.549868	-1.141801	-28.107772	1.475093	-0.940320	-27.994012	0.724263	-1.558086	-28.004942	1.370305	-0.594267	-28.095549	-0.069768	-2.067105	-27.987212	1.350944	-0.592264	-28.099947	-0.048894	-2.069945	-28.006124	1.363331	-0.579659	-28.079521	-0.060109	-2.052086	-28.196490	0.958943	-1.243624	-28.142789	0.973761	-1.309056	-27.883975	0.979225	-1.064532	-27.828850	0.970848	-1.101111	-28.153099	0.453564	-1.249446	-27.850922	0.481952	-1.087905	-28.159227	-0.053649	-1.200309	-28.135015	-0.020362	-1.256607	-27.882960	-0.053121	-1.035699	-27.820980	-0.080351	-1.069969
4145	57.574434	00:00:57:41	-27.967358	1.645898	-1.212325	-27.979191	1.693580	-1.122683	-28.093373	1.655726	-1.183421	-27.975956	1.563423	-1.198557	-28.014609	1.550531	-1.144816	-28.107635	1.529980	-1.275522	-27.888657	1.512570	-1.100842	-28.055546	1.480964	-0.931141	-27.996775	0.743613	-1.580614	-28.026100	1.401133	-0.569889	-28.060661	-0.028156	-2.063709	-28.006959	1.414344	-0.564948	-28.124343	0.007556	-2.096863	-28.009850	1.350597	-0.567827	-28.097300	-0.050429	-2.038417	-28.163025	0.986338	-1.260305	-28.107742	0.994979	-1.295762	-27.854449	0.952752	-1.039333	-27.871831	0.938107	-1.107856	-28.123127	0.444015	-1.245131	-27.844188	0.456786	-1.067291	-28.187836	-0.059127	-1.215851	-28.151195	-0.067542	-1.261980	-27.850335	-0.080427	-1.018309	-27.828939	-0.072752	-1.079336
4146	57.588327	00:00:57:42	-27.965283	1.647797	-1.257784	-28.013749	1.638828	-1.069600	-28.099235	1.676575	-1.139985	-27.993741	1.546834	-1.203416	-28.013893	1.532086	-1.171474	-28.096643	1.549288	-1.255815	-27.867030	1.545552	-1.133033	-28.075008	1.482869	-0.913220	-27.965622	0.761333	-1.568346	-28.042034	1.431587	-0.579110	-28.075157	-0.020199	-2.064210	-28.044215	1.385806	-0.579149	-28.112054	-0.032940	-2.083745	-28.039050	1.389508	-0.559957	-28.073203	-0.053955	-2.041322	-28.152828	0.958130	-1.243071	-28.128753	0.956432	-1.294752	-27.862984	0.951801	-1.063767	-27.813559	0.952890	-1.083251	-28.181160	0.491162	-1.227349	-27.850260	0.426052	-1.035247	-28.155078	-0.047005	-1.229287	-28.126785	-0.065736	-1.285658	-27.857619	-0.083065	-1.047030	-27.838137	-0.046173	-1.070426
4147	57.602221	00:00:57:43	-27.948617	1.652585	-1.228590	-27.992166	1.638040	-1.109461	-28.095299	1.686148	-1.163717	-27.983776	1.531379	-1.165184	-28.013010	1.531337	-1.145988	-28.111633	1.555175	-1.217114	-27.858751	1.564308	-1.106492	-28.100108	1.443750	-0.938085	-27.967945	0.735786	-1.573936	-28.012674	1.369194	-0.566825	-28.091390	-0.064772	-2.066663	-28.024086	1.378437	-0.607493	-28.114357	-0.058210	-2.034068	-28.015895	1.372916	-0.591393	-28.095092	-0.037130	-2.054244	-28.175819	0.987243	-1.264382	-28.139486	1.006252	-1.352835	-27.873334	0.985850	-1.039957	-27.829689	0.928165	-1.098878	-28.170713	0.471179	-1.243973	-27.859091	0.454247	-1.071060	-28.176275	-0.066806	-1.216337	-28.134298	-0.026199	-1.276158	-27.879217	-0.030416	-1.040944	-27.852365	-0.063421	-1.086154
4148	57.616114	00:00:57:44	-27.971566	1.644164	-1.239686	-27.985908	1.658386	-1.108656	-28.054210	1.651419	-1.145229	-27.969021	1.555002	-1.193700	-28.018310	1.543407	-1.165437	-28.111276	1.559506	-1.261141	-27.871919	1.529839	-1.099775	-28.088186	1.436381	-0.932561	-27.995633	0.727855	-1.568539	-27.993310	1.378773	-0.560775	-28.086473	-0.032889	-2.064124	-28.016532	1.376056	-0.576422	-28.089082	-0.057792	-2.070803	-28.027772	1.408181	-0.579814	-28.109613	-0.011732	-2.054958	-28.178255	0.963846	-1.235881	-28.137422	0.966054	-1.284376	-27.868172	0.956520	-1.020349	-27.839319	0.991502	-1.112265	-28.150541	0.454936	-1.274239	-27.858223	0.429897	-1.080915	-28.158281	-0.045911	-1.203002	-28.140961	-0.072749	-1.273985	-27.861309	-0.057239	-1.049338	-27.847645	-0.039331	-1.074272
4149	57.630007	00:00:57:45	-27.959774	1.669493	-1.224895	-28.011881	1.692874	-1.111611	-28.060600	1.663492	-1.157227	-27.994412	1.583819	-1.196113	-28.021344	1.529610	-1.137826	-28.114590	1.538397	-1.300043	-27.890157	1.557029	-1.099972	-28.070855	1.449207	-0.906010	-27.964566	0.741609	-1.578243	-28.025276	1.382229	-0.556332	-28.106980	-0.012578	-2.063156	-28.004427	1.367324	-0.592036	-28.122484	-0.043644	-2.077827	-28.050900	1.395211	-0.597483	-28.108828	-0.027733	-2.047535	-28.187756	0.953004	-1.249933	-28.163945	0.952209	-1.270053	-27.900720	0.980111	-1.038651	-27.833035	0.999025	-1.106215	-28.124964	0.446602	-1.274586	-27.842146	0.480442	-1.089249	-28.165612	-0.027676	-1.203201	-28.114738	-0.062177	-1.292409	-27.886436	-0.056193	-1.016881	-27.827122	-0.060484	-1.078951
4150	57.643901	00:00:57:46	-27.997468	1.644524	-1.262098	-27.973525	1.656358	-1.083450	-28.116862	1.643869	-1.132990	-28.015649	1.527476	-1.200397	-28.004903	1.547968	-1.181104	-28.150764	1.564836	-1.263988	-27.886856	1.563650	-1.140533	-28.051287	1.463200	-0.950046	-28.005972	0.735655	-1.549239	-28.020923	1.394835	-0.572383	-28.106112	-0.029220	-2.091566	-28.030329	1.365709	-0.573954	-28.101433	-0.050236	-2.073212	-28.016164	1.357820	-0.610846	-28.103123	-0.048282	-2.040242	-28.224303	0.927975	-1.222687	-28.147493	0.975650	-1.276905	-27.870554	0.979427	-1.029371	-27.843453	0.956029	-1.116870	-28.171778	0.487779	-1.252105	-27.859627	0.428255	-1.106058	-28.180792	-0.059081	-1.181053	-28.154592	-0.083309	-1.263215	-27.857344	-0.050515	-1.006218	-27.823766	-0.028968	-1.090332
4151	57.657794	00:00:57:47	-27.957617	1.643352	-1.230554	-27.972782	1.660683	-1.088635	-28.074565	1.648402	-1.173847	-28.013044	1.550087	-1.187316	-28.029212	1.568276	-1.170590	-28.075644	1.493835	-1.260781	-27.885366	1.537590	-1.100200	-28.049594	1.511107	-0.941906	-27.960752	0.753298	-1.557180	-28.013656	1.374881	-0.577629	-28.090405	-0.073047	-2.060254	-28.054079	1.376941	-0.577095	-28.066422	-0.059111	-2.047176	-27.985273	1.391289	-0.565560	-28.123432	-0.026547	-2.066071	-28.181362	0.950665	-1.247442	-28.124027	0.991846	-1.279680	-27.898923	0.940088	-1.073107	-27.841811	0.960217	-1.083010	-28.177327	0.466595	-1.272245	-27.860032	0.437804	-1.052139	-28.179699	-0.048826	-1.242552	-28.106675	-0.057010	-1.274468	-27.859603	-0.039436	-1.032119	-27.857778	-0.083345	-1.078260
4152	57.671688	00:00:57:48	-27.990038	1.648032	-1.230758	-27.967191	1.646983	-1.091050	-28.104873	1.654795	-1.151504	-28.006393	1.536670	-1.182745	-28.037826	1.562922	-1.164129	-28.102507	1.528355	-1.262832	-27.881829	1.553753	-1.117515	-28.103791	1.485312	-0.947284	-27.975729	0.774741	-1.605834	-28.014738	1.381623	-0.585342	-28.088822	-0.042633	-2.041849	-27.992179	1.362614	-0.587713	-28.075240	-0.020067	-2.024767	-28.023824	1.341610	-0.547746	-28.094552	-0.054665	-2.032697	-28.183418	0.960236	-1.239878	-28.151730	0.964211	-1.288414	-27.838515	0.993307	-1.080134	-27.856540	0.953260	-1.087197	-28.138966	0.434461	-1.253371	-27.847309	0.461363	-1.054808	-28.170636	-0.040424	-1.202839	-28.149101	-0.073731	-1.253013	-27.861363	-0.045053	-1.033537	-27.862907	-0.057184	-1.072517
4153	57.685581	00:00:57:49	-27.959548	1.622938	-1.220699	-27.998557	1.654410	-1.080635	-28.058093	1.686952	-1.183943	-28.041311	1.553764	-1.163836	-27.993186	1.531340	-1.138409	-28.117949	1.548358	-1.240052	-27.870684	1.547572	-1.100509	-28.098605	1.445510	-0.925112	-27.997621	0.750981	-1.606821	-28.049782	1.375769	-0.590842	-28.095077	-0.042972	-2.073641	-28.027617	1.413086	-0.580319	-28.092314	-0.051103	-2.035837	-28.029433	1.387801	-0.560515	-28.056229	-0.061668	-2.052894	-28.157304	0.994083	-1.257670	-28.146473	0.975262	-1.275787	-27.885251	0.973146	-1.044532	-27.843583	0.993419	-1.102368	-28.160151	0.476815	-1.222938	-27.837890	0.406315	-1.043983	-28.150066	-0.092721	-1.238644	-28.137217	-0.095686	-1.279405	-27.885682	-0.056310	-1.045910	-27.845783	-0.087206	-1.073962
4154	57.699475	00:00:57:50	-27.969171	1.630889	-1.238404	-27.979197	1.657549	-1.102644	-28.053935	1.654341	-1.162699	-27.986395	1.529212	-1.178736	-28.028564	1.507178	-1.146589	-28.134108	1.543880	-1.256573	-27.855026	1.553946	-1.138369	-28.042056	1.460434	-0.922435	-28.000264	0.740331	-1.589201	-28.012187	1.374330	-0.553816	-28.073037	-0.046820	-2.069469	-28.006954	1.366007	-0.565947	-28.055904	-0.047548	-2.060682	-28.021515	1.369606	-0.562563	-28.080724	-0.033388	-2.022643	-28.165529	0.970971	-1.205044	-28.137274	0.965896	-1.309362	-27.865207	0.985148	-1.060513	-27.836906	0.961122	-1.109199	-28.204798	0.480688	-1.247848	-27.878743	0.449947	-1.064560	-28.144191	-0.044502	-1.196037	-28.166659	-0.088249	-1.281170	-27.841251	-0.065890	-1.024739	-27.798862	-0.081522	-1.069664
4155	57.713368	00:00:57:51	-27.928703	1.657848	-1.215749	-27.970143	1.631703	-1.096402	-28.073227	1.647677	-1.135511	-28.010473	1.566530	-1.193339	-28.003213	1.533911	-1.128533	-28.130770	1.501354	-1.226912	-27.886130	1.559798	-1.109946	-28.038272	1.468897	-0.944649	-27.986425	0.771213	-1.572975	-27.995454	1.359173	-0.569844	-28.091809	-0.062720	-2.069504	-28.018842	1.410262	-0.547531	-28.089695	-0.050590	-2.080995	-28.061414	1.371319	-0.583449	-28.093373	-0.042142	-2.046824	-28.191314	0.976429	-1.233920	-28.132901	0.953208	-1.285980	-27.862560	0.975941	-1.042625	-27.853395	0.955408	-1.100444	-28.156996	0.460179	-1.258947	-27.871530	0.456033	-1.069308	-28.148833	-0.065968	-1.200195	-28.146644	-0.024832	-1.282200	-27.860596	-0.066175	-1.025954	-27.817641	-0.074426	-1.089975
4156	57.727262	00:00:57:52	-27.963297	1.659358	-1.243015	-27.979840	1.661717	-1.093691	-28.084237	1.640142	-1.173309	-27.959846	1.519793	-1.183184	-28.072596	1.544652	-1.157881	-28.121868	1.581299	-1.259464	-27.848041	1.526877	-1.107102	-28.077457	1.441389	-0.902400	-27.952255	0.759924	-1.586354	-28.051589	1.382918	-0.599881	-28.129055	-0.057839	-2.079792	-28.035636	1.377008	-0.551486	-28.075265	-0.054205	-2.049775	-28.025065	1.408779	-0.594225	-28.060296	-0.014664	-2.069992	-28.156206	0.955282	-1.238757	-28.126331	0.953297	-1.315520	-27.865463	1.000231	-1.032662	-27.842473	0.949935	-1.094286	-28.149011	0.443646	-1.253322	-27.844065	0.440098	-1.093724	-28.179624	-0.037355	-1.199925	-28.114665	-0.031711	-1.242783	-27.882295	-0.020991	-1.054013	-27.839132	-0.081117	-1.075852
4157	57.741155	00:00:57:53	-27.959369	1.668297	-1.232877	-27.978945	1.684312	-1.084215	-28.043280	1.651429	-1.148487	-27.996463	1.558368	-1.178707	-28.026539	1.537359	-1.148909	-28.088612	1.551677	-1.268433	-27.881569	1.560236	-1.076709	-28.096759	1.460422	-0.912115	-27.989575	0.782883	-1.585905	-28.021120	1.432142	-0.559022	-28.082860	-0.035697	-2.072650	-28.046881	1.375765	-0.573812	-28.075771	-0.046481	-2.068154	-28.003059	1.380450	-0.572384	-28.111349	-0.052911	-2.058331	-28.177063	0.944847	-1.226534	-28.146594	0.972950	-1.299608	-27.863748	0.968885	-1.076060	-27.824759	0.958403	-1.110221	-28.143024	0.454046	-1.274221	-27.834605	0.445786	-1.075949	-28.170021	-0.068958	-1.206875	-28.155181	-0.082382	-1.266178	-27.876358	-0.076153	-0.998598	-27.832288	-0.054486	-1.081957
4158	57.755048	00:00:57:54	-27.950851	1.648606	-1.286190	-27.958125	1.678633	-1.080309	-28.112021	1.676669	-1.198200	-27.962061	1.580015	-1.177237	-28.000839	1.564453	-1.147975	-28.124912	1.503661	-1.276341	-27.852664	1.518415	-1.097271	-28.067914	1.495375	-0.946076	-27.994888	0.734481	-1.585914	-28.010759	1.374440	-0.574691	-28.090316	-0.035706	-2.076073	-28.030930	1.338573	-0.585149	-28.095770	-0.041640	-2.066795	-28.008513	1.404855	-0.553171	-28.102962	-0.043273	-2.042191	-28.218173	0.960696	-1.243211	-28.097257	0.938945	-1.275688	-27.873254	0.954624	-1.063731	-27.825138	0.958468	-1.077155	-28.158110	0.441591	-1.242407	-27.836276	0.456174	-1.076920	-28.177548	-0.077926	-1.230872	-28.128919	-0.094007	-1.267251	-27.870815	-0.051046	-1.011648	-27.839731	-0.045816	-1.060027
4159	57.768942	00:00:57:55	-27.975716	1.610924	-1.249680	-27.997604	1.662953	-1.067392	-28.054670	1.662523	-1.176271	-28.026503	1.554529	-1.164608	-28.002015	1.531073	-1.138710	-28.141141	1.514333	-1.272842	-27.868335	1.518624	-1.107973	-28.096180	1.452934	-0.924126	-28.000043	0.789455	-1.559922	-28.043765	1.379382	-0.619964	-28.114821	-0.030034	-2.072645	-28.025956	1.381580	-0.591571	-28.092527	-0.075935	-2.048426	-28.009909	1.393269	-0.592344	-28.097798	-0.037245	-2.062671	-28.172610	0.944920	-1.242637	-28.125749	0.953156	-1.255816	-27.885798	0.965077	-1.031651	-27.844843	0.964982	-1.065672	-28.142455	0.474287	-1.231542	-27.864606	0.447496	-1.045714	-28.175791	-0.062120	-1.231858	-28.125776	-0.043930	-1.299550	-27.852546	-0.053258	-1.039167	-27.813082	-0.091645	-1.072453
4160	57.782835	00:00:57:56	-27.967591	1.665289	-1.249622	-27.989609	1.662569	-1.106079	-28.082409	1.676564	-1.138897	-27.961880	1.545332	-1.190122	-28.003586	1.531864	-1.151881	-28.156416	1.576662	-1.251128	-27.877027	1.532811	-1.079611	-28.099092	1.473220	-0.931154	-27.984517	0.734172	-1.590692	-28.026290	1.399869	-0.560195	-28.104279	-0.042887	-2.079830	-27.997875	1.394355	-0.557956	-28.075995	-0.062616	-2.076171	-28.037562	1.389596	-0.566728	-28.082140	-0.044501	-2.033500	-28.164899	0.941684	-1.237037	-28.154720	0.955698	-1.306674	-27.830434	0.975276	-1.045528	-27.817100	0.932104	-1.115896	-28.167028	0.443987	-1.236758	-27.872424	0.458937	-1.053889	-28.196593	-0.056124	-1.206960	-28.150771	-0.061613	-1.285666	-27.874455	-0.029739	-1.027502	-27.854407	-0.056097	-1.089965
4161	57.796729	00:00:57:57	-27.947401	1.660710	-1.204394	-27.964785	1.647724	-1.095392	-28.086413	1.675148	-1.184609	-27.975415	1.530409	-1.188497	-28.006449	1.565937	-1.178769	-28.103465	1.516984	-1.248369	-27.853978	1.510741	-1.111576	-28.065337	1.471876	-0.921402	-27.969894	0.761811	-1.565288	-28.000966	1.389764	-0.587038	-28.085559	-0.028496	-2.041204	-28.012094	1.383376	-0.573981	-28.069144	-0.024857	-2.069796	-28.007352	1.405071	-0.602450	-28.088361	-0.044578	-2.062876	-28.160926	0.987040	-1.248307	-28.110308	0.960563	-1.317382	-27.883525	0.987881	-1.046744	-27.860236	0.951191	-1.064354	-28.154863	0.460499	-1.233193	-27.820776	0.454232	-1.043236	-28.181949	-0.018576	-1.228765	-28.108026	-0.038618	-1.260686	-27.873965	-0.031168	-1.039497	-27.856581	-0.060713	-1.078497
4162	57.810622	00:00:57:58	-27.939592	1.631885	-1.239942	-27.995366	1.652702	-1.099353	-28.103270	1.668872	-1.150272	-27.977771	1.531224	-1.182527	-28.024523	1.548186	-1.152154	-28.126584	1.510698	-1.269631	-27.873009	1.538222	-1.110897	-28.054562	1.458592	-0.914785	-27.957785	0.746204	-1.577720	-28.019947	1.389810	-0.568281	-28.100523	-0.045402	-2.029479	-28.020968	1.376358	-0.613761	-28.087163	-0.037245	-2.092437	-28.018101	1.384388	-0.569929	-28.079636	-0.049858	-2.088097	-28.163783	0.973671	-1.240820	-28.188038	0.960516	-1.306753	-27.854893	0.947322	-1.047284	-27.864349	0.985517	-1.100884	-28.142982	0.454543	-1.264089	-27.817771	0.445520	-1.071702	-28.157474	-0.085402	-1.229107	-28.111853	-0.072395	-1.294222	-27.871344	-0.055459	-1.040783	-27.822734	-0.002591	-1.092869
4163	57.824516	00:00:57:59	-27.951387	1.653093	-1.217596	-27.994131	1.632678	-1.093865	-28.094060	1.659623	-1.147133	-27.999936	1.503741	-1.171732	-28.000854	1.545958	-1.138527	-28.128686	1.551697	-1.261015	-27.841962	1.524443	-1.084370	-28.051457	1.446717	-0.905605	-27.992581	0.788063	-1.566044	-28.024511	1.381953	-0.577160	-28.105490	-0.050859	-2.052828	-27.989498	1.368985	-0.567722	-28.085925	-0.044685	-2.084937	-28.025864	1.380243	-0.567566	-28.095674	-0.062542	-2.040731	-28.183887	0.964114	-1.210053	-28.155596	0.926383	-1.308372	-27.877243	0.960182	-1.057130	-27.841515	0.935777	-1.108045	-28.145497	0.463496	-1.245813	-27.844390	0.483988	-1.073427	-28.180647	-0.057142	-1.217696	-28.147859	-0.042857	-1.303772	-27.868812	-0.048366	-1.017122	-27.809905	-0.022693	-1.104657
4164	57.838409	00:00:57:60	-27.961421	1.672441	-1.229985	-27.978676	1.655214	-1.110615	-28.094541	1.679086	-1.177347	-27.985530	1.528120	-1.176658	-28.030800	1.540560	-1.178909	-28.103526	1.551126	-1.250188	-27.865120	1.554320	-1.121958	-28.074319	1.452912	-0.905771	-27.970665	0.731596	-1.611888	-28.021533	1.392327	-0.605513	-28.077637	-0.033248	-2.063653	-28.030514	1.388447	-0.596400	-28.073954	-0.028117	-2.087348	-28.007995	1.375934	-0.603203	-28.093676	-0.085135	-2.076709	-28.158704	0.969301	-1.221448	-28.111516	0.924997	-1.299980	-27.866641	0.964176	-1.065267	-27.825346	0.944649	-1.091096	-28.175729	0.459193	-1.256618	-27.868047	0.472375	-1.045502	-28.168559	-0.036916	-1.231609	-28.114657	-0.094490	-1.292021	-27.836855	-0.048212	-1.076898	-27.827779	-0.073032	-1.086101
4165	57.852303	00:00:57:61	-27.951492	1.642933	-1.194890	-27.984527	1.642346	-1.101406	-28.074195	1.653806	-1.141711	-27.997699	1.497642	-1.185216	-27.975144	1.520812	-1.122794	-28.113861	1.516443	-1.256756	-27.839236	1.518398	-1.096846	-28.096683	1.467204	-0.907239	-27.971568	0.727828	-1.561574	-28.006891	1.394115	-0.577280	-28.108945	-0.049945	-2.080678	-27.993234	1.425490	-0.572906	-28.095523	-0.073729	-2.084379	-28.004151	1.381720	-0.586657	-28.097336	-0.021343	-2.072740	-28.149954	0.974958	-1.244285	-28.163064	0.982167	-1.295470	-27.866672	0.976063	-1.051286	-27.818351	0.959041	-1.108856	-28.131864	0.426551	-1.258329	-27.838566	0.463290	-1.078813	-28.149183	-0.065897	-1.237211	-28.140418	-0.060157	-1.272425	-27.865681	-0.101625	-1.042516	-27.868520	-0.064660	-1.084577
4166	57.866196	00:00:57:62	-27.976281	1.645521	-1.183698	-27.984242	1.651433	-1.087947	-28.082780	1.642178	-1.170524	-28.007403	1.556842	-1.157236	-28.028298	1.549070	-1.141539	-28.085410	1.534665	-1.275549	-27.893863	1.547139	-1.105202	-28.062217	1.460113	-0.932381	-27.961393	0.755381	-1.578134	-28.039185	1.389115	-0.563850	-28.076755	-0.029542	-2.072765	-27.987041	1.376889	-0.594882	-28.102507	-0.034532	-2.048213	-28.021971	1.409137	-0.566823	-28.103078	-0.067380	-2.089048	-28.177800	0.978229	-1.247973	-28.104824	0.959887	-1.283376	-27.860341	0.959846	-1.036286	-27.837432	0.983021	-1.105043	-28.141486	0.427662	-1.257649	-27.856421	0.481712	-1.081467	-28.163241	-0.026506	-1.230468	-28.144808	-0.047799	-1.293620	-27.875221	-0.050960	-1.034150	-27.826594	-0.080891	-1.081083
4167	57.880089	00:00:57:63	-27.950187	1.650944	-1.212865	-27.952269	1.653812	-1.117305	-28.096490	1.693989	-1.177481	-28.003740	1.519578	-1.181267	-28.021942	1.541812	-1.195387	-28.116766	1.548141	-1.266745	-27.848109	1.552627	-1.102170	-28.063268	1.458795	-0.940496	-27.961024	0.725908	-1.592813	-28.008573	1.378344	-0.567856	-28.103825	-0.043815	-2.052513	-28.023070	1.404486	-0.563438	-28.069940	-0.052042	-2.087272	-28.015555	1.415837	-0.612419	-28.071765	-0.076687	-2.054382	-28.158783	0.971656	-1.242533	-28.126220	0.982429	-1.281452	-27.853712	0.955309	-1.051258	-27.800716	0.950600	-1.102076	-28.155899	0.420838	-1.262073	-27.821347	0.465372	-1.063792	-28.168005	-0.039122	-1.222058	-28.162756	-0.050891	-1.272684	-27.882915	-0.028481	-1.012074	-27.823224	-0.043392	-1.087444
4168	57.893983	00:00:57:64	-27.975830	1.621732	-1.259260	-27.976739	1.637045	-1.116341	-28.074878	1.672953	-1.155045	-28.012300	1.535593	-1.189897	-28.022622	1.559679	-1.160467	-28.096344	1.539401	-1.254588	-27.852924	1.550121	-1.119217	-28.078263	1.439971	-0.930292	-27.936880	0.748969	-1.595629	-28.003134	1.366812	-0.557212	-28.108437	-0.036251	-2.043447	-28.023223	1.359857	-0.596206	-28.071019	-0.049673	-2.051171	-28.028461	1.399597	-0.567455	-28.100160	-0.031972	-2.068619	-28.146779	0.951482	-1.218001	-28.152348	0.954002	-1.295109	-27.855174	0.985315	-1.030171	-27.826440	0.928428	-1.095872	-28.164339	0.450022	-1.263180	-27.862746	0.437474	-1.075058	-28.167721	-0.052807	-1.202962	-28.136087	-0.037984	-1.288675	-27.901747	-0.040341	-1.024068	-27.829148	-0.062026	-1.099171
4169	57.907876	00:00:57:65	-27.968353	1.640094	-1.235224	-27.982170	1.626104	-1.114437	-28.057821	1.651296	-1.181788	-27.991780	1.548207	-1.182615	-28.005532	1.556472	-1.183069	-28.116121	1.506414	-1.290205	-27.818224	1.541426	-1.105062	-28.031387	1.464698	-0.918855	-28.002301	0.750300	-1.588885	-28.040575	1.369048	-0.592604	-28.130956	-0.053846	-2.061102	-28.024109	1.379257	-0.546777	-28.053470	-0.053683	-2.035913	-28.016932	1.385178	-0.565600	-28.104163	-0.040610	-2.061362	-28.179061	0.974957	-1.235208	-28.125685	0.972110	-1.303070	-27.900842	0.970021	-1.040750	-27.856889	0.975441	-1.105504	-28.159450	0.445994	-1.256391	-27.854231	0.473545	-1.071989	-28.205853	-0.026899	-1.207486	-28.167160	-0.045967	-1.265663	-27.848742	-0.091630	-1.025224	-27.846796	-0.046881	-1.072293
4170	57.921770	00:00:57:66	-27.963654	1.638080	-1.209836	-27.978505	1.647863	-1.100033	-28.083477	1.660563	-1.160749	-27.997945	1.540598	-1.201022	-28.032907	1.540036	-1.149725	-28.122697	1.531541	-1.267258	-27.862998	1.540614	-1.119644	-28.104707	1.420183	-0.917639	-27.995482	0.748978	-1.597235	-28.062944	1.371627	-0.585168	-28.104424	-0.046698	-2.026408	-28.035898	1.395020	-0.573905	-28.101604	-0.047451	-2.075185	-28.027461	1.393492	-0.579073	-28.120182	-0.057353	-2.048688	-28.172970	0.962432	-1.261028	-28.129703	0.964742	-1.295541	-27.903194	0.960617	-1.012015	-27.857224	0.970423	-1.103967	-28.144924	0.451789	-1.219122	-27.849613	0.443659	-1.041547	-28.155032	-0.055789	-1.219188	-28.130477	-0.062788	-1.241382	-27.857356	-0.054829	-1.022035	-27.846315	-0.056128	-1.077493
4171	57.935663	00:00:57:67	-27.992686	1.631244	-1.229942	-27.945200	1.607520	-1.100011	-28.051990	1.653739	-1.154229	-27.988041	1.553247	-1.208950	-27.981386	1.563707	-1.121367	-28.130739	1.542295	-1.249745	-27.837069	1.563085	-1.116166	-28.054305	1.466212	-0.928886	-27.995303	0.755729	-1.546903	-27.992790	1.387303	-0.587844	-28.067180	-0.035160	-2.040186	-28.025482	1.372920	-0.585126	-28.072661	-0.080198	-2.054544	-28.029550	1.368534	-0.587610	-28.104349	-0.036966	-2.082062	-28.158748	0.965284	-1.248092	-28.130429	0.975036	-1.312723	-27.852166	0.937959	-1.031477	-27.844791	0.925918	-1.114968	-28.146218	0.457552	-1.269481	-27.830350	0.464985	-1.072092	-28.188007	-0.031768	-1.220218	-28.115890	-0.077489	-1.262757	-27.864911	-0.058079	-1.009206	-27.832932	-0.041143	-1.083440
4172	57.949557	00:00:57:68	-27.953772	1.669047	-1.248829	-27.960110	1.694507	-1.095970	-28.085795	1.647790	-1.161787	-28.014479	1.571969	-1.178145	-28.038809	1.539701	-1.131000	-28.110829	1.526390	-1.264616	-27.870027	1.557428	-1.119584	-28.047056	1.454401	-0.922345	-27.967987	0.750474	-1.606202	-28.044414	1.379595	-0.591723	-28.104810	-0.040766	-2.048041	-28.008623	1.398417	-0.600017	-28.069057	-0.050845	-2.061932	-27.989008	1.368432	-0.572680	-28.120002	-0.053553	-2.043511	-28.189019	0.974271	-1.206756	-28.136494	0.957929	-1.308729	-27.868072	0.970693	-1.063787	-27.841245	0.965182	-1.080468	-28.164534	0.421796	-1.256290	-27.854583	0.461774	-1.043598	-28.168531	-0.088987	-1.222556	-28.164277	-0.037868	-1.276982	-27.842741	-0.077033	-1.014819	-27.839160	-0.046627	-1.094858
4173	57.963450	00:00:57:69	-27.976707	1.667915	-1.241899	-28.018135	1.662092	-1.109157	-28.069448	1.662775	-1.150298	-28.025925	1.556477	-1.176382	-28.004854	1.517125	-1.175353	-28.146653	1.550143	-1.252953	-27.879979	1.524306	-1.129372	-28.069240	1.459163	-0.913576	-27.981065	0.745916	-1.600014	-27.982728	1.364224	-0.547302	-28.109798	-0.061264	-2.066408	-28.005761	1.384146	-0.559802	-28.104681	-0.060941	-2.031792	-28.008696	1.377035	-0.539652	-28.107594	-0.024962	-2.083265	-28.163606	0.954952	-1.270087	-28.097903	0.956421	-1.312200	-27.855508	0.951325	-1.064825	-27.850622	0.978040	-1.108069	-28.153427	0.440296	-1.235637	-27.805609	0.455351	-1.073610	-28.195276	-0.019942	-1.206439	-28.146300	-0.023501	-1.275557	-27.849991	-0.032340	-1.030513	-27.826455	-0.046440	-1.076049
4174	57.977344	00:00:57:70	-27.937896	1.660795	-1.238166	-27.975429	1.692205	-1.106728	-28.099090	1.631248	-1.157353	-28.010625	1.531874	-1.175779	-28.013580	1.547621	-1.152726	-28.123014	1.579249	-1.253126	-27.878067	1.531912	-1.135808	-28.084998	1.455639	-0.918773	-27.971543	0.729739	-1.572559	-28.010129	1.386857	-0.609815	-28.091009	-0.046190	-2.072908	-28.027135	1.397098	-0.614088	-28.076788	-0.066537	-2.060290	-27.983587	1.380329	-0.582828	-28.076397	-0.064969	-2.060948	-28.147056	0.961885	-1.237829	-28.132677	0.951341	-1.308193	-27.870361	0.950084	-1.040790	-27.842688	0.975680	-1.101278	-28.164627	0.482024	-1.246148	-27.889048	0.446800	-1.082302	-28.158513	-0.064716	-1.243585	-28.138427	-0.053910	-1.274359	-27.880897	-0.027066	-1.034713	-27.868810	-0.035563	-1.081931
4175	57.991237	00:00:57:71	-27.968872	1.624757	-1.254294	-27.954257	1.643170	-1.100885	-28.068751	1.654153	-1.140765	-27.984561	1.577039	-1.172619	-28.030632	1.562914	-1.136212	-28.118262	1.544861	-1.265727	-27.859371	1.556796	-1.113648	-28.074042	1.468300	-0.950560	-27.980338	0.755695	-1.566969	-28.010875	1.391209	-0.571027	-28.098077	-0.043640	-2.047089	-28.019585	1.372009	-0.566634	-28.089897	-0.047299	-2.084245	-28.033011	1.355740	-0.587949	-28.099394	-0.012634	-2.075872	-28.171410	0.976489	-1.264954	-28.129354	0.991105	-1.308231	-27.870752	0.966027	-1.068692	-27.827757	0.977118	-1.103646	-28.139111	0.449902	-1.235608	-27.869968	0.456567	-1.065239	-28.144468	-0.053692	-1.221938	-28.126384	-0.031541	-1.303475	-27.855317	-0.089553	-1.011595	-27.835479	-0.043530	-1.077813
4176	58.005130	00:00:58:00	-27.947501	1.643085	-1.206154	-27.960481	1.653502	-1.100678	-28.101095	1.655689	-1.173935	-27.972100	1.544372	-1.213123	-28.011962	1.576845	-1.149401	-28.126809	1.555799	-1.275433	-27.861574	1.538532	-1.118245	-28.055184	1.441435	-0.909542	-27.962321	0.768871	-1.609014	-28.047724	1.378833	-0.601889	-28.082231	-0.075440	-2.078937	-28.036213	1.409946	-0.592025	-28.083094	-0.060200	-2.051805	-28.024415	1.398541	-0.537714	-28.072381	-0.065481	-2.044175	-28.200380	0.980137	-1.231770	-28.153408	0.976534	-1.294007	-27.862600	0.988359	-1.051093	-27.817608	0.990139	-1.082127	-28.136084	0.454738	-1.284421	-27.870436	0.446121	-1.060804	-28.146456	-0.065795	-1.210659	-28.134438	-0.040151	-1.271327	-27.884022	-0.017153	-1.003471	-27.835929	-0.043656	-1.093702
4177	58.019024	00:00:58:01	-27.964982	1.624452	-1.239049	-27.991496	1.667004	-1.110202	-28.043924	1.615111	-1.194926	-28.003342	1.530851	-1.182978	-27.985084	1.556791	-1.127023	-28.135323	1.550592	-1.246963	-27.876476	1.537804	-1.073144	-28.039142	1.484200	-0.932167	-27.990639	0.765195	-1.590241	-28.006239	1.369128	-0.554752	-28.109685	-0.055440	-2.093622	-28.049561	1.386458	-0.564636	-28.127670	-0.039482	-2.055820	-28.008665	1.388487	-0.574978	-28.108080	-0.055522	-2.068942	-28.171102	0.975896	-1.200519	-28.130369	0.963548	-1.274026	-27.873490	0.982773	-1.040983	-27.806501	0.969028	-1.098217	-28.139358	0.457484	-1.231426	-27.868849	0.477010	-1.038887	-28.170114	-0.029409	-1.225460	-28.150677	-0.092249	-1.297021	-27.856413	-0.030924	-1.005508	-27.791722	-0.081554	-1.108635
4178	58.032917	00:00:58:02	-27.981692	1.695047	-1.249620	-27.970762	1.675122	-1.100342	-28.095837	1.698438	-1.171675	-27.990725	1.528737	-1.183686	-28.001680	1.561057	-1.144702	-28.105134	1.575586	-1.271979	-27.891870	1.533439	-1.094939	-28.050269	1.482410	-0.906301	-27.990429	0.748534	-1.581723	-28.045840	1.373228	-0.551264	-28.092087	-0.001493	-2.062847	-28.042562	1.392948	-0.597575	-28.102265	-0.018955	-2.060865	-28.010726	1.404881	-0.571188	-28.058842	-0.089699	-2.046067	-28.159501	0.976400	-1.198983	-28.099406	0.953770	-1.306391	-27.856629	0.943309	-1.045434	-27.857651	0.955036	-1.097375	-28.125210	0.415282	-1.280450	-27.844833	0.448318	-1.057912	-28.178148	-0.058926	-1.221159	-28.153419	-0.063024	-1.276055	-27.883304	-0.028348	-1.023972	-27.834606	-0.072780	-1.083302
4179	58.046811	00:00:58:03	-27.967219	1.665007	-1.232916	-27.988411	1.662379	-1.102104	-28.093749	1.687868	-1.165569	-27.985869	1.539166	-1.172344	-27.999451	1.566564	-1.130839	-28.151213	1.515927	-1.277772	-27.863719	1.544379	-1.102850	-28.042839	1.450542	-0.919757	-27.944842	0.775354	-1.564074	-28.039579	1.359075	-0.585832	-28.110682	-0.042343	-2.079924	-28.010698	1.377191	-0.570619	-28.075516	-0.052158	-2.068538	-28.038657	1.342830	-0.588421	-28.110974	-0.058535	-2.091680	-28.140254	0.959871	-1.238851	-28.119279	0.959886	-1.324857	-27.878629	0.959199	-1.025360	-27.833936	0.964843	-1.134127	-28.125609	0.429730	-1.264324	-27.869975	0.434809	-1.056876	-28.187786	-0.039959	-1.237843	-28.127433	-0.028959	-1.260241	-27.878005	-0.041708	-1.019602	-27.853305	-0.063423	-1.052321
4180	58.060704	00:00:58:04	-27.973456	1.653899	-1.206846	-27.937554	1.686976	-1.102611	-28.095829	1.641227	-1.171502	-28.019164	1.548723	-1.158674	-27.998014	1.526558	-1.134466	-28.104686	1.537543	-1.260609	-27.859365	1.503192	-1.111248	-28.106400	1.453099	-0.899275	-27.969743	0.748725	-1.574751	-28.012161	1.383227	-0.582042	-28.116425	-0.009178	-2.071674	-28.023454	1.372527	-0.576419	-28.119005	-0.047619	-2.091186	-28.010633	1.377237	-0.593456	-28.097998	-0.040434	-2.061680	-28.184146	0.991174	-1.236166	-28.141949	0.947182	-1.298780	-27.855302	0.971113	-1.030890	-27.839139	0.989217	-1.090678	-28.146645	0.461343	-1.244856	-27.846495	0.453618	-1.045853	-28.171233	-0.063269	-1.219168	-28.175543	-0.097476	-1.276724	-27.904860	-0.054850	-1.046234	-27.812595	-0.073016	-1.087878
4181	58.074598	00:00:58:05	-27.944178	1.673283	-1.245071	-27.976175	1.627786	-1.085209	-28.084658	1.654394	-1.203394	-28.017998	1.523309	-1.151332	-28.004118	1.549577	-1.156310	-28.108100	1.544268	-1.266082	-27.860527	1.569456	-1.089705	-28.087434	1.499549	-0.914917	-28.000825	0.731104	-1.598911	-27.999685	1.375879	-0.572758	-28.066802	-0.034150	-2.080315	-28.045583	1.397860	-0.609676	-28.080046	-0.032880	-2.073390	-27.996875	1.386186	-0.583558	-28.072688	-0.040166	-2.045045	-28.143318	0.968042	-1.260133	-28.135630	0.968418	-1.283443	-27.891313	0.973973	-1.056354	-27.812600	0.984706	-1.104884	-28.157497	0.454376	-1.226177	-27.850336	0.448996	-1.049676	-28.150711	-0.061225	-1.227424	-28.153018	-0.047207	-1.284098	-27.880313	-0.063373	-1.023012	-27.807847	-0.056245	-1.085011
4182	58.088491	00:00:58:06	-27.957959	1.648371	-1.224870	-28.014893	1.641500	-1.084925	-28.079941	1.668952	-1.147228	-28.012975	1.565997	-1.179291	-27.997856	1.549197	-1.122730	-28.102512	1.545412	-1.246680	-27.860819	1.521166	-1.088516	-28.043245	1.468307	-0.929637	-27.984610	0.721872	-1.562004	-27.996495	1.372600	-0.560966	-28.050620	-0.031659	-2.055769	-27.991258	1.376392	-0.612166	-28.083220	-0.055795	-2.078139	-28.022892	1.384338	-0.557403	-28.102375	-0.098100	-2.072774	-28.158512	0.973936	-1.230095	-28.128849	0.967680	-1.270334	-27.887141	0.998675	-1.022196	-27.842995	0.962212	-1.082648	-28.151016	0.448514	-1.240758	-27.858294	0.461946	-1.073851	-28.179864	-0.018907	-1.212507	-28.186649	-0.070464	-1.257176	-27.865474	-0.037010	-0.998387	-27.821381	-0.056600	-1.037406
4183	58.102385	00:00:58:07	-27.958211	1.644234	-1.223779	-27.987975	1.680813	-1.098662	-28.096769	1.647715	-1.168211	-27.963349	1.576992	-1.192035	-28.016603	1.540562	-1.184912	-28.093193	1.565160	-1.267687	-27.867957	1.525614	-1.107591	-28.076041	1.470940	-0.927162	-27.996597	0.731590	-1.588813	-28.041058	1.390709	-0.580282	-28.065897	-0.029153	-2.055387	-28.021597	1.384243	-0.567809	-28.099733	-0.029354	-2.042020	-28.003676	1.387511	-0.593282	-28.066724	-0.042357	-2.046215	-28.169989	0.978219	-1.253655	-28.112818	0.999228	-1.295659	-27.893069	0.961323	-1.017533	-27.837744	0.959683	-1.113928	-28.145950	0.455331	-1.277802	-27.858198	0.460173	-1.067762	-28.163907	-0.028536	-1.203224	-28.134955	-0.037896	-1.256186	-27.906184	-0.079196	-1.043538	-27.863126	-0.069474	-1.123947
4184	58.116278	00:00:58:08	-27.953408	1.668545	-1.208165	-27.992387	1.673742	-1.063547	-28.083240	1.670005	-1.152554	-27.995851	1.532898	-1.182397	-28.028999	1.566855	-1.149821	-28.131380	1.544143	-1.220760	-27.883246	1.539880	-1.102871	-28.064851	1.436655	-0.931063	-27.961381	0.736117	-1.578361	-28.010705	1.388313	-0.586152	-28.066037	-0.059927	-2.088221	-28.046559	1.392851	-0.567901	-28.095936	-0.046383	-2.045879	-28.006441	1.381948	-0.576551	-28.092936	-0.036049	-2.041078	-28.160600	0.989504	-1.240128	-28.146926	0.955863	-1.261560	-27.856777	0.971443	-1.072664	-27.841847	0.982926	-1.110366	-28.143479	0.474990	-1.283414	-27.860749	0.453483	-1.058262	-28.179127	-0.064048	-1.239168	-28.144932	-0.055424	-1.271255	-27.838237	-0.089333	-1.024829	-27.826803	-0.072524	-1.101723
4185	58.130171	00:00:58:09	-27.989315	1.640468	-1.216717	-27.962801	1.647949	-1.099921	-28.058205	1.674100	-1.147531	-27.993742	1.532762	-1.173420	-28.011099	1.568115	-1.160129	-28.142823	1.524719	-1.261490	-27.899085	1.544169	-1.119941	-28.089008	1.463364	-0.906686	-27.973545	0.755217	-1.580145	-28.032486	1.360358	-0.571918	-28.099296	-0.049804	-2.049897	-28.044119	1.379887	-0.552692	-28.138133	-0.025225	-2.073834	-28.000633	1.379621	-0.582524	-28.106083	-0.076977	-2.032663	-28.190374	0.967739	-1.239045	-28.120423	0.975232	-1.283488	-27.898234	0.972280	-1.070942	-27.875347	0.973821	-1.092902	-28.119118	0.458550	-1.272329	-27.878445	0.436128	-1.052697	-28.156394	-0.040673	-1.210030	-28.142943	-0.078936	-1.283591	-27.873955	-0.070082	-1.027495	-27.830407	-0.042720	-1.073451
4186	58.144065	00:00:58:10	-27.962037	1.621206	-1.253553	-27.985308	1.628577	-1.088498	-28.080075	1.660657	-1.171824	-27.989049	1.567553	-1.181770	-28.010219	1.562626	-1.146133	-28.113358	1.509169	-1.248130	-27.864405	1.530918	-1.095410	-28.074062	1.465331	-0.908610	-27.957224	0.757547	-1.579551	-28.018669	1.404580	-0.562730	-28.096921	-0.050642	-2.039549	-28.022393	1.413615	-0.567675	-28.125699	-0.038603	-2.033085	-28.043665	1.432742	-0.555631	-28.113516	-0.054494	-2.055686	-28.153054	0.997476	-1.294324	-28.125851	0.953450	-1.262920	-27.882180	0.980916	-1.040822	-27.821695	0.988305	-1.070531	-28.147608	0.447539	-1.259182	-27.839936	0.450977	-1.035751	-28.151491	-0.054005	-1.189345	-28.105862	-0.054834	-1.300756	-27.892740	-0.068340	-1.024263	-27.837908	-0.042236	-1.066052
4187	58.157958	00:00:58:11	-27.933240	1.646085	-1.238046	-27.970133	1.678888	-1.080921	-28.102886	1.660079	-1.170884	-28.008473	1.542906	-1.169341	-28.028535	1.547743	-1.165877	-28.131261	1.537867	-1.249908	-27.856458	1.517401	-1.092326	-28.097908	1.460506	-0.922997	-27.997234	0.752206	-1.577513	-28.051571	1.409419	-0.580081	-28.101261	-0.005948	-2.028901	-28.065758	1.378899	-0.561092	-28.099235	-0.050642	-2.058615	-28.058667	1.368222	-0.566207	-28.098404	-0.063525	-2.076654	-28.165553	0.972486	-1.239987	-28.144810	0.949626	-1.323746	-27.857534	0.961954	-1.067022	-27.798968	0.962663	-1.115790	-28.138224	0.477100	-1.288281	-27.878595	0.476560	-1.056923	-28.178016	-0.040795	-1.192375	-28.117767	-0.068307	-1.276419	-27.888130	-0.062306	-1.014424	-27.861022	-0.065472	-1.085195
4188	58.171852	00:00:58:12	-27.948989	1.624121	-1.222019	-27.980417	1.644496	-1.108371	-28.065210	1.690043	-1.171815	-27.985143	1.540988	-1.176101	-28.038806	1.524706	-1.163645	-28.120747	1.530915	-1.275646	-27.863150	1.558610	-1.116322	-28.080344	1.488459	-0.891399	-27.960521	0.739770	-1.595274	-28.035342	1.375681	-0.568714	-28.079479	-0.041687	-2.048668	-28.022552	1.349691	-0.567009	-28.107682	-0.040354	-2.081714	-28.050706	1.389026	-0.562157	-28.068793	-0.029982	-2.058988	-28.196480	0.961547	-1.260965	-28.116829	0.997928	-1.267886	-27.887367	0.976726	-1.079493	-27.803133	0.978637	-1.085658	-28.141275	0.421450	-1.248695	-27.849804	0.443505	-1.034306	-28.178552	-0.062147	-1.205796	-28.145488	-0.021769	-1.281505	-27.848569	-0.034657	-1.000705	-27.846168	-0.009382	-1.057199
4189	58.185745	00:00:58:13	-27.960646	1.645742	-1.235890	-28.028071	1.660429	-1.102665	-28.064976	1.653106	-1.162129	-27.994890	1.565176	-1.182541	-27.998030	1.512716	-1.149658	-28.116548	1.523008	-1.267424	-27.855305	1.515167	-1.090856	-28.097211	1.470262	-0.912196	-27.993361	0.764652	-1.585519	-28.022790	1.355560	-0.621659	-28.096726	-0.029002	-2.073655	-28.029455	1.390157	-0.584530	-28.071602	-0.041932	-2.027977	-28.015530	1.376488	-0.582244	-28.083802	-0.079120	-2.065666	-28.159600	0.955638	-1.257431	-28.122992	0.935827	-1.308842	-27.850170	0.972071	-1.036264	-27.874020	0.960496	-1.107689	-28.145533	0.478012	-1.281937	-27.848379	0.455544	-1.054625	-28.158146	-0.047467	-1.220223	-28.132236	-0.052168	-1.308933	-27.856656	-0.048105	-1.052552	-27.822090	-0.060093	-1.084614
4190	58.199639	00:00:58:14	-27.941616	1.631588	-1.247387	-28.002587	1.650553	-1.076001	-28.060956	1.674937	-1.205568	-27.968979	1.548400	-1.165612	-28.009955	1.511657	-1.136982	-28.127086	1.526183	-1.272172	-27.877259	1.545140	-1.121624	-28.071908	1.454487	-0.930582	-27.982037	0.756927	-1.561761	-28.015859	1.366450	-0.601852	-28.102495	-0.051575	-2.096961	-28.011411	1.387469	-0.574674	-28.088220	-0.031302	-2.070010	-28.009077	1.394276	-0.579637	-28.081058	-0.065508	-2.041684	-28.149950	0.985039	-1.236821	-28.138335	0.955831	-1.276396	-27.891255	0.988783	-1.044168	-27.818194	0.953684	-1.105021	-28.155990	0.442887	-1.253614	-27.842108	0.449528	-1.044065	-28.177722	-0.063324	-1.195272	-28.115203	-0.076433	-1.267715	-27.863237	-0.061989	-1.024779	-27.837504	-0.049196	-1.046723
4191	58.213532	00:00:58:15	-27.967566	1.647072	-1.251839	-27.984736	1.652572	-1.107391	-28.097305	1.664311	-1.157416	-27.978472	1.527709	-1.170089	-27.998711	1.539898	-1.155448	-28.128885	1.533734	-1.240439	-27.869253	1.551690	-1.100055	-28.055256	1.465270	-0.914993	-27.961503	0.746954	-1.573787	-28.034646	1.352933	-0.590985	-28.092692	-0.073683	-2.034708	-28.023808	1.398327	-0.553365	-28.084950	-0.047176	-2.078167	-28.023204	1.389210	-0.588590	-28.089876	-0.028206	-2.061161	-28.177765	1.008568	-1.228680	-28.150956	0.963985	-1.274072	-27.879602	0.956638	-1.053592	-27.847134	0.978691	-1.091788	-28.138374	0.470279	-1.270146	-27.852988	0.460189	-1.061886	-28.153137	-0.076085	-1.232201	-28.117470	-0.021830	-1.270009	-27.861499	-0.078709	-0.982731	-27.839183	-0.041444	-1.058430
4192	58.227426	00:00:58:16	-27.936876	1.629385	-1.220029	-27.972596	1.637965	-1.071213	-28.107463	1.639739	-1.157322	-27.985068	1.570234	-1.197665	-28.010762	1.556913	-1.154765	-28.113405	1.556968	-1.261905	-27.883594	1.519330	-1.131737	-28.101652	1.470839	-0.945796	-27.995211	0.740739	-1.612025	-28.049550	1.361909	-0.585583	-28.068367	-0.037329	-2.062683	-28.020603	1.361533	-0.531082	-28.109749	-0.060874	-2.031448	-28.029611	1.388170	-0.569770	-28.088328	-0.049133	-2.060883	-28.156578	0.938094	-1.256071	-28.125474	0.969563	-1.284552	-27.848946	0.970084	-1.048124	-27.834812	0.960385	-1.082573	-28.136795	0.461589	-1.238658	-27.849469	0.459106	-1.052876	-28.173657	-0.031624	-1.207492	-28.136435	-0.078681	-1.237932	-27.876459	-0.022749	-1.016526	-27.834430	-0.042709	-1.076266
4193	58.241319	00:00:58:17	-27.946478	1.674410	-1.257395	-27.969281	1.683367	-1.099996	-28.082587	1.688714	-1.191002	-27.993086	1.514370	-1.156863	-27.988510	1.555877	-1.146343	-28.127079	1.545327	-1.260878	-27.901034	1.532763	-1.111481	-28.055142	1.415777	-0.939308	-27.993283	0.749509	-1.566026	-28.016941	1.392747	-0.562923	-28.090400	-0.019406	-2.045913	-28.037761	1.340806	-0.559952	-28.083994	-0.064803	-2.037938	-28.037164	1.364978	-0.591908	-28.120499	-0.047592	-2.069622	-28.135093	0.985016	-1.247597	-28.154589	0.974692	-1.288315	-27.858622	0.956580	-1.048635	-27.809890	0.966003	-1.084169	-28.172724	0.467023	-1.233314	-27.821968	0.453240	-1.058213	-28.157238	-0.027857	-1.237997	-28.140897	-0.084168	-1.270604	-27.863499	-0.083256	-1.029269	-27.825516	-0.039995	-1.082811
4194	58.255212	00:00:58:18	-27.975669	1.645426	-1.248426	-27.976934	1.669381	-1.079802	-28.080231	1.672940	-1.148420	-28.005634	1.546382	-1.185028	-27.997760	1.522551	-1.135570	-28.097318	1.551342	-1.249088	-27.849096	1.541935	-1.120071	-28.086397	1.446705	-0.943122	-27.964066	0.735202	-1.596961	-28.014092	1.370288	-0.575560	-28.099554	-0.061317	-2.061616	-28.005510	1.369152	-0.553228	-28.092631	-0.045004	-2.073831	-28.017894	1.375665	-0.569481	-28.089834	-0.036591	-2.057489	-28.170192	0.972074	-1.270769	-28.157447	0.964830	-1.323979	-27.867589	0.939091	-1.049121	-27.828916	0.959132	-1.054984	-28.136072	0.481164	-1.236119	-27.850277	0.449602	-1.041846	-28.168875	-0.068059	-1.180408	-28.112966	-0.065173	-1.268873	-27.869384	-0.037649	-1.017128	-27.827733	-0.085512	-1.087279
4195	58.269106	00:00:58:19	-27.981713	1.648731	-1.228459	-28.003049	1.618216	-1.086410	-28.060789	1.649899	-1.147007	-27.991132	1.544862	-1.187846	-28.020909	1.554463	-1.176805	-28.106540	1.526835	-1.288695	-27.888711	1.546430	-1.086900	-28.088529	1.481548	-0.910206	-27.962780	0.765442	-1.607642	-28.020828	1.361413	-0.571189	-28.094585	-0.079185	-2.049724	-28.023266	1.378095	-0.578363	-28.114275	-0.034488	-2.070835	-28.020180	1.357106	-0.583202	-28.094868	-0.001566	-2.051115	-28.182951	0.947553	-1.250283	-28.180334	0.940750	-1.294143	-27.841710	0.956613	-1.050898	-27.837286	0.968483	-1.100317	-28.172195	0.454409	-1.222896	-27.847742	0.457784	-1.036686	-28.168409	-0.051964	-1.209240	-28.130541	-0.063594	-1.244657	-27.871830	-0.058815	-1.026176	-27.823707	-0.043767	-1.060750
4196	58.282999	00:00:58:20	-27.979292	1.632470	-1.228928	-27.973126	1.667399	-1.104339	-28.074247	1.670178	-1.146444	-28.005563	1.562350	-1.171265	-28.013907	1.536228	-1.182543	-28.101885	1.538284	-1.240579	-27.892197	1.538158	-1.112054	-28.087016	1.485920	-0.898443	-27.978887	0.757523	-1.585418	-28.037644	1.354163	-0.583759	-28.080789	-0.038405	-2.037787	-28.036632	1.411566	-0.569832	-28.092761	-0.008712	-2.062340	-28.019174	1.383028	-0.550990	-28.099395	-0.072231	-2.072048	-28.172608	0.952839	-1.210839	-28.143028	0.971602	-1.279392	-27.863088	0.971536	-1.047956	-27.826894	0.954246	-1.114203	-28.179479	0.458234	-1.242108	-27.869419	0.454079	-1.057600	-28.170506	-0.053011	-1.201779	-28.155423	-0.072446	-1.240291	-27.850483	-0.047107	-1.046211	-27.853938	-0.070081	-1.086522
4197	58.296893	00:00:58:21	-27.961407	1.642564	-1.231900	-27.988180	1.657600	-1.100628	-28.098846	1.656399	-1.189600	-27.999805	1.560324	-1.188082	-28.024024	1.554447	-1.149375	-28.099660	1.573624	-1.275566	-27.895336	1.519139	-1.118554	-28.095795	1.437333	-0.912890	-27.962313	0.755936	-1.614230	-28.023192	1.352657	-0.574738	-28.061513	-0.039105	-2.063703	-28.005212	1.351387	-0.581770	-28.071777	-0.040275	-2.027358	-28.050650	1.346618	-0.589496	-28.089646	-0.024753	-2.049195	-28.180512	0.951863	-1.238822	-28.125572	0.993973	-1.327980	-27.831923	0.992829	-1.054630	-27.819684	0.912693	-1.088596	-28.184838	0.442416	-1.259308	-27.842877	0.464482	-1.051876	-28.190800	-0.038439	-1.220832	-28.150040	-0.038534	-1.258436	-27.852580	-0.061806	-1.043019	-27.834877	-0.056147	-1.063052
4198	58.310786	00:00:58:22	-27.941963	1.675150	-1.255107	-27.980807	1.647948	-1.078962	-28.099814	1.649066	-1.141623	-28.015490	1.536095	-1.191679	-28.012792	1.568989	-1.169806	-28.096039	1.516383	-1.221264	-27.865048	1.531123	-1.131245	-28.043169	1.455695	-0.931772	-27.990645	0.777882	-1.588954	-28.017681	1.392474	-0.575449	-28.110120	-0.038882	-2.077530	-28.000108	1.397923	-0.560116	-28.095155	-0.034690	-2.026834	-28.027049	1.418167	-0.581707	-28.097682	-0.050410	-2.081418	-28.142300	0.975143	-1.258006	-28.167324	0.968173	-1.271728	-27.859895	0.964980	-1.044538	-27.838216	0.968410	-1.076116	-28.185648	0.448061	-1.264564	-27.876812	0.507175	-1.086817	-28.168072	-0.027522	-1.212287	-28.149255	-0.060931	-1.258426	-27.861166	-0.072512	-1.023925	-27.854733	-0.026753	-1.062835
4199	58.324680	00:00:58:23	-27.959678	1.659402	-1.232372	-27.970067	1.637059	-1.109346	-28.042691	1.649874	-1.196729	-27.974683	1.544282	-1.177460	-28.007497	1.575080	-1.158925	-28.138652	1.552640	-1.311640	-27.853123	1.569844	-1.085917	-28.076247	1.480531	-0.901449	-27.983253	0.748260	-1.618094	-28.010162	1.380968	-0.592265	-28.117873	-0.038305	-2.071338	-28.038091	1.347485	-0.582078	-28.091933	-0.043637	-2.056774	-28.028819	1.341725	-0.581657	-28.105527	-0.041039	-2.069956	-28.172853	0.965944	-1.235779	-28.147621	0.966272	-1.267143	-27.834170	0.984872	-1.038740	-27.822623	0.969275	-1.101359	-28.167123	0.455012	-1.243941	-27.831031	0.456883	-1.047440	-28.187056	-0.056193	-1.238737	-28.173101	-0.070639	-1.287911	-27.906115	-0.056883	-1.026632	-27.850363	-0.033185	-1.088070
4200	58.338573	00:00:58:24	-27.976087	1.655432	-1.214035	-27.957330	1.674553	-1.094668	-28.071809	1.658921	-1.146948	-27.986479	1.527004	-1.177712	-28.044315	1.529067	-1.124162	-28.116644	1.554004	-1.272673	-27.881102	1.561881	-1.122868	-28.095859	1.437559	-0.938809	-27.988550	0.737141	-1.582408	-28.002222	1.347733	-0.576343	-28.113178	-0.047738	-2.051515	-27.994378	1.377925	-0.531108	-28.098230	-0.044817	-2.071842	-28.002191	1.365352	-0.607176	-28.121801	-0.059191	-2.062842	-28.166689	0.963703	-1.249922	-28.152014	0.986967	-1.289794	-27.867128	0.996910	-1.046142	-27.828306	0.951864	-1.129081	-28.179644	0.452467	-1.255902	-27.883526	0.429762	-1.092042	-28.188595	-0.065633	-1.221683	-28.135712	-0.064226	-1.265011	-27.880163	-0.045367	-0.999125	-27.818701	-0.077212	-1.055786
4201	58.352467	00:00:58:25	-27.976734	1.635374	-1.250883	-27.956486	1.643715	-1.115391	-28.064684	1.664351	-1.170295	-27.969854	1.566281	-1.192268	-28.033589	1.569156	-1.162232	-28.119200	1.523254	-1.236885	-27.863224	1.542506	-1.088919	-28.070865	1.443377	-0.907721	-27.964592	0.753330	-1.568651	-28.005623	1.388733	-0.600805	-28.071412	-0.036740	-2.070362	-28.019504	1.377265	-0.543760	-28.097515	-0.021634	-2.070269	-28.030782	1.338329	-0.565967	-28.091740	-0.031522	-2.060334	-28.160115	0.944415	-1.257873	-28.136525	0.952167	-1.273374	-27.880410	0.978355	-1.075105	-27.853842	0.945695	-1.098361	-28.125992	0.460097	-1.250736	-27.833564	0.458370	-1.059990	-28.174766	-0.038595	-1.256117	-28.158830	-0.063392	-1.263443	-27.890439	-0.030012	-1.020470	-27.812235	-0.055584	-1.097335
4202	58.366360	00:00:58:26	-27.972139	1.658794	-1.242382	-27.938920	1.643292	-1.089686	-28.085945	1.638920	-1.191653	-27.982447	1.530443	-1.188151	-27.997658	1.514014	-1.152477	-28.126675	1.532778	-1.247382	-27.900677	1.521465	-1.091835	-28.046281	1.480045	-0.922956	-27.997227	0.755715	-1.612049	-28.021945	1.391973	-0.540993	-28.091848	-0.035417	-2.035463	-28.028596	1.340396	-0.572469	-28.100614	-0.051900	-2.047320	-28.017845	1.370247	-0.583221	-28.137060	-0.041763	-2.083089	-28.167276	0.965998	-1.265426	-28.136062	0.965784	-1.264958	-27.893565	0.944119	-1.045816	-27.853183	0.968208	-1.097838	-28.169595	0.452884	-1.262836	-27.849111	0.462584	-1.046305	-28.144882	-0.029964	-1.194368	-28.133001	-0.077275	-1.254051	-27.858491	-0.028878	-1.019695	-27.850055	-0.066563	-1.104318
4203	58.380253	00:00:58:27	-27.976121	1.650844	-1.210871	-28.005005	1.643712	-1.117731	-28.091878	1.653049	-1.142307	-28.012790	1.531590	-1.207706	-27.998684	1.549784	-1.139625	-28.116395	1.516606	-1.262111	-27.876000	1.542376	-1.088313	-28.048572	1.484475	-0.900644	-27.977814	0.732305	-1.588610	-28.011452	1.373911	-0.578906	-28.076797	-0.072192	-2.041516	-28.002712	1.356568	-0.566749	-28.076220	-0.060901	-2.053869	-28.025306	1.385857	-0.586872	-28.103610	-0.038406	-2.073158	-28.186563	1.000842	-1.212360	-28.148672	0.962639	-1.309955	-27.880969	0.990475	-1.044571	-27.841450	0.984121	-1.103402	-28.144862	0.441716	-1.269093	-27.847488	0.450952	-1.099913	-28.160172	-0.071542	-1.228757	-28.155417	-0.030825	-1.252156	-27.839993	-0.057639	-1.027177	-27.859393	-0.062529	-1.081473
4204	58.394147	00:00:58:28	-27.970422	1.626828	-1.201858	-27.989711	1.679056	-1.057386	-28.097699	1.681100	-1.186032	-27.996322	1.535813	-1.187331	-28.001150	1.561183	-1.139874	-28.103642	1.568285	-1.253472	-27.887387	1.565423	-1.118459	-28.089419	1.477264	-0.904229	-28.016321	0.713140	-1.594044	-28.029291	1.382760	-0.575004	-28.127574	-0.037506	-2.037358	-28.016136	1.396324	-0.540955	-28.111776	-0.022947	-2.055031	-28.007830	1.362521	-0.584235	-28.092228	-0.053858	-2.043271	-28.174279	0.982029	-1.235296	-28.093192	0.979007	-1.288133	-27.834064	0.935765	-1.057272	-27.853882	0.964963	-1.070097	-28.149021	0.439811	-1.261193	-27.839916	0.446093	-1.059744	-28.162843	-0.035666	-1.216675	-28.144511	-0.087997	-1.277106	-27.908992	-0.074542	-1.011659	-27.824827	-0.071702	-1.088944
4205	58.408040	00:00:58:29	-27.953480	1.663083	-1.235580	-27.993339	1.661452	-1.083478	-28.095572	1.668321	-1.137981	-28.005182	1.536006	-1.210742	-28.024514	1.534841	-1.161383	-28.093387	1.557544	-1.272331	-27.843840	1.522187	-1.101168	-28.060714	1.448240	-0.904862	-27.982585	0.755432	-1.578169	-27.991035	1.363697	-0.572481	-28.095029	-0.037902	-2.065139	-28.061651	1.353800	-0.565863	-28.096803	-0.047588	-2.052158	-28.024971	1.388156	-0.562851	-28.059676	-0.042000	-2.063278	-28.188910	0.976906	-1.210039	-28.117635	0.966635	-1.252605	-27.851379	0.949656	-1.044226	-27.855614	0.979081	-1.068421	-28.188027	0.448098	-1.240263	-27.839665	0.458205	-1.065611	-28.191934	-0.071646	-1.200648	-28.136589	-0.054642	-1.276740	-27.878000	-0.086392	-1.030966	-27.821050	-0.084726	-1.069452
4206	58.421934	00:00:58:30	-27.944768	1.616670	-1.226382	-27.952690	1.650175	-1.062127	-28.066020	1.655067	-1.134268	-27.995472	1.562107	-1.185479	-27.994586	1.522679	-1.146837	-28.094223	1.537711	-1.250575	-27.883988	1.526692	-1.101388	-28.041871	1.478225	-0.914356	-27.998875	0.765848	-1.580956	-27.984632	1.406716	-0.596146	-28.084022	-0.089237	-2.052857	-28.053671	1.380523	-0.573611	-28.065438	-0.065093	-2.053980	-28.021401	1.381381	-0.575411	-28.063296	-0.046138	-2.077794	-28.218509	0.942514	-1.246360	-28.142625	0.944106	-1.304570	-27.893976	0.959975	-1.071744	-27.842791	0.983938	-1.102337	-28.169489	0.423051	-1.261213	-27.839514	0.461277	-1.044759	-28.143685	-0.063102	-1.214757	-28.136281	-0.033518	-1.261166	-27.851787	-0.017676	-0.999316	-27.831135	-0.051739	-1.047168
4207	58.435827	00:00:58:31	-27.956186	1.658150	-1.246928	-27.992165	1.641392	-1.085689	-28.107227	1.671685	-1.141165	-27.965800	1.559883	-1.162585	-27.997050	1.555627	-1.166527	-28.092151	1.519461	-1.260146	-27.861131	1.543688	-1.093391	-28.059401	1.399499	-0.926227	-27.980600	0.753758	-1.566600	-28.008801	1.409061	-0.571146	-28.078669	-0.052186	-2.099673	-28.040844	1.370050	-0.572524	-28.117255	-0.075367	-2.054372	-27.994182	1.398642	-0.554256	-28.075061	-0.057979	-2.108427	-28.172697	0.985277	-1.229974	-28.108258	0.963518	-1.284371	-27.845743	0.961038	-1.072331	-27.848284	0.958625	-1.116854	-28.164947	0.453331	-1.264877	-27.864195	0.438894	-1.068666	-28.144535	-0.060986	-1.233523	-28.150644	-0.023148	-1.282335	-27.890678	-0.044505	-1.044816	-27.841805	-0.050551	-1.052867
4208	58.449721	00:00:58:32	-27.954133	1.640622	-1.256758	-27.962909	1.659981	-1.086554	-28.059104	1.651892	-1.162751	-27.976058	1.536807	-1.216345	-28.022552	1.545989	-1.178786	-28.106883	1.540181	-1.248345	-27.869727	1.549126	-1.071902	-28.062224	1.473413	-0.926365	-27.952301	0.730446	-1.556504	-28.021683	1.400227	-0.557260	-28.091130	-0.049750	-2.030248	-28.004041	1.369986	-0.568847	-28.084770	-0.034355	-2.083687	-28.047082	1.375082	-0.574684	-28.097640	-0.057697	-2.059733	-28.141585	0.964555	-1.256663	-28.140702	0.973952	-1.302213	-27.888803	0.989301	-1.082061	-27.809173	0.965259	-1.100235	-28.160191	0.453943	-1.253776	-27.860498	0.462006	-1.067543	-28.139808	-0.052893	-1.222800	-28.124065	-0.030848	-1.256038	-27.879199	-0.062182	-1.043573	-27.822539	-0.089202	-1.080315
4209	58.463614	00:00:58:33	-27.929153	1.641761	-1.207100	-27.971920	1.665386	-1.106769	-28.058744	1.641352	-1.128951	-28.007095	1.516697	-1.191404	-28.028160	1.553097	-1.152011	-28.102231	1.557125	-1.269254	-27.857987	1.556554	-1.105648	-28.061798	1.447475	-0.930791	-27.965781	0.732509	-1.605814	-28.028204	1.373474	-0.598006	-28.071222	-0.062035	-2.046437	-28.021530	1.378452	-0.552490	-28.074306	-0.051610	-2.050467	-28.030950	1.382184	-0.575560	-28.105690	-0.072205	-2.054583	-28.170168	0.952123	-1.253288	-28.142315	0.978182	-1.307899	-27.842837	0.986042	-1.051834	-27.843411	0.970537	-1.106195	-28.169456	0.447332	-1.268037	-27.864890	0.471581	-1.070838	-28.183339	-0.041411	-1.199816	-28.123209	-0.027441	-1.280160	-27.861829	-0.026356	-1.014997	-27.821531	-0.068826	-1.103649
4210	58.477508	00:00:58:34	-27.936287	1.637573	-1.253712	-27.977033	1.642761	-1.098664	-28.059832	1.682317	-1.168557	-27.990165	1.533535	-1.203938	-28.025362	1.532208	-1.165822	-28.156597	1.570195	-1.271934	-27.864662	1.551954	-1.117867	-28.092117	1.503493	-0.922382	-27.979268	0.745059	-1.547220	-28.023615	1.350899	-0.596231	-28.101386	-0.030876	-2.033799	-28.009130	1.383948	-0.574758	-28.112983	-0.030507	-2.071867	-28.013656	1.370424	-0.589621	-28.075902	-0.052604	-2.063231	-28.137569	0.975183	-1.267414	-28.143367	0.973416	-1.287779	-27.869611	0.979919	-1.023836	-27.842366	0.971705	-1.083903	-28.138868	0.477607	-1.263186	-27.822528	0.476004	-1.082263	-28.161060	-0.055199	-1.226411	-28.130080	-0.075631	-1.270314	-27.871683	-0.069534	-1.044349	-27.847552	-0.062072	-1.076624
4211	58.491401	00:00:58:35	-27.958624	1.658204	-1.218133	-27.979833	1.657141	-1.107595	-28.075971	1.660919	-1.193088	-27.998680	1.571065	-1.190116	-28.019027	1.509422	-1.141421	-28.116498	1.548239	-1.283599	-27.846687	1.525983	-1.118463	-28.049094	1.494377	-0.948019	-27.960047	0.801475	-1.594618	-28.001282	1.383490	-0.557351	-28.111553	-0.052589	-2.063224	-28.034000	1.378612	-0.586242	-28.095390	-0.006241	-2.063442	-28.043303	1.344220	-0.560516	-28.105349	-0.025905	-2.066600	-28.147082	0.968962	-1.219467	-28.128716	0.975555	-1.309605	-27.870344	0.959423	-1.072045	-27.850833	0.964049	-1.090154	-28.168641	0.443449	-1.259913	-27.880381	0.456080	-1.088836	-28.164298	-0.037273	-1.228064	-28.120765	-0.054593	-1.293920	-27.882520	-0.075859	-1.024649	-27.842510	-0.043057	-1.067536
4212	58.505294	00:00:58:36	-27.991363	1.666599	-1.245464	-27.974522	1.638546	-1.097764	-28.061953	1.656415	-1.154840	-27.969362	1.544984	-1.183924	-28.016292	1.556223	-1.161316	-28.136113	1.522304	-1.236906	-27.859987	1.533918	-1.095152	-28.054350	1.476230	-0.891035	-27.983146	0.744434	-1.565970	-28.041228	1.350411	-0.566540	-28.099396	-0.044897	-2.052217	-28.022767	1.386291	-0.585702	-28.031140	-0.059492	-2.063742	-27.996855	1.376987	-0.551409	-28.121666	-0.009056	-2.085083	-28.174185	0.971336	-1.251205	-28.144678	0.977972	-1.272230	-27.894544	0.963326	-1.054144	-27.820615	0.988892	-1.127421	-28.179454	0.445519	-1.240568	-27.846945	0.477287	-1.054585	-28.154433	-0.053486	-1.212231	-28.152287	-0.068095	-1.303862	-27.877654	-0.071670	-1.007198	-27.836220	-0.058750	-1.062393
4213	58.519188	00:00:58:37	-27.934475	1.660507	-1.241487	-28.002066	1.623538	-1.079959	-28.093070	1.670832	-1.161013	-27.964030	1.543552	-1.175436	-27.996687	1.561986	-1.157579	-28.098589	1.545028	-1.269818	-27.873074	1.558570	-1.100082	-28.081084	1.436117	-0.919891	-27.985097	0.728855	-1.612841	-28.018096	1.396337	-0.550172	-28.110483	-0.031695	-2.041309	-28.016244	1.396419	-0.552308	-28.121078	-0.020625	-2.043146	-28.014632	1.369109	-0.584447	-28.080470	-0.061474	-2.037307	-28.147041	0.957666	-1.228584	-28.143334	0.957439	-1.291805	-27.903970	0.980646	-1.035153	-27.826901	0.976233	-1.087845	-28.129399	0.446733	-1.243809	-27.826391	0.428949	-1.039162	-28.138895	-0.064044	-1.219785	-28.125382	-0.047767	-1.265796	-27.911346	-0.043894	-1.011847	-27.853411	-0.061368	-1.082560
4214	58.533081	00:00:58:38	-27.954329	1.647582	-1.249730	-27.985532	1.671162	-1.107482	-28.087154	1.667716	-1.145313	-27.993097	1.560637	-1.175267	-27.991593	1.540805	-1.146846	-28.104585	1.530009	-1.277026	-27.855597	1.555791	-1.102182	-28.097987	1.450780	-0.917122	-27.990781	0.767347	-1.588816	-28.025045	1.391491	-0.601282	-28.093811	-0.051428	-2.044200	-28.045122	1.382475	-0.581821	-28.088485	-0.050933	-2.049468	-28.023246	1.389078	-0.589140	-28.089312	-0.029440	-2.068451	-28.153785	0.964225	-1.207371	-28.132866	0.983577	-1.283243	-27.877872	0.966407	-1.014113	-27.815390	1.025963	-1.082141	-28.155038	0.459654	-1.236909	-27.867868	0.474559	-1.059630	-28.163998	-0.080928	-1.210716	-28.134683	-0.053285	-1.254653	-27.843053	-0.036900	-1.043404	-27.827526	-0.065844	-1.067878
4215	58.546975	00:00:58:39	-27.991863	1.638005	-1.224596	-27.981145	1.661027	-1.099535	-28.057093	1.653065	-1.179338	-27.987913	1.550796	-1.198421	-28.012466	1.544594	-1.148531	-28.129877	1.564098	-1.256688	-27.847385	1.505105	-1.089306	-28.067297	1.490713	-0.937411	-27.984071	0.759109	-1.595474	-27.981936	1.397876	-0.555851	-28.123389	-0.035910	-2.033666	-28.001515	1.392233	-0.548390	-28.066774	-0.026983	-2.070286	-28.031671	1.367375	-0.560473	-28.119009	-0.051147	-2.081840	-28.180853	0.948865	-1.260482	-28.155592	0.972663	-1.297515	-27.883961	0.919488	-1.062741	-27.812381	0.965084	-1.095493	-28.160478	0.464376	-1.241023	-27.856306	0.471583	-1.056485	-28.160007	-0.037157	-1.176363	-28.145171	-0.073717	-1.254869	-27.857029	-0.045911	-1.037514	-27.799804	-0.065506	-1.084002
4216	58.560868	00:00:58:40	-27.970348	1.670019	-1.204954	-27.998492	1.641157	-1.086992	-28.056266	1.628097	-1.156101	-27.952998	1.497097	-1.174135	-27.999855	1.519745	-1.151116	-28.106157	1.539451	-1.273142	-27.841074	1.553780	-1.123895	-28.072857	1.483596	-0.942267	-27.967718	0.731836	-1.566717	-28.003158	1.371929	-0.602131	-28.078027	-0.033943	-2.076637	-28.015690	1.355558	-0.591573	-28.122956	-0.045815	-2.087435	-28.001737	1.365143	-0.580016	-28.090450	-0.057256	-2.039321	-28.185996	0.961379	-1.208864	-28.136310	0.971442	-1.293433	-27.878373	0.977402	-1.056081	-27.846399	0.982592	-1.092280	-28.141592	0.463880	-1.278518	-27.864728	0.457668	-1.034492	-28.184376	-0.027848	-1.258385	-28.142496	-0.067555	-1.246357	-27.872656	-0.050261	-0.999043	-27.839939	-0.053511	-1.056206
4217	58.574762	00:00:58:41	-27.985831	1.654342	-1.245149	-27.976785	1.639564	-1.112426	-28.066024	1.645539	-1.170320	-27.970783	1.516944	-1.198872	-28.029558	1.557332	-1.112973	-28.117347	1.549749	-1.275331	-27.866013	1.536096	-1.126981	-28.079613	1.452705	-0.917414	-27.983979	0.740682	-1.608786	-28.045311	1.359474	-0.570501	-28.093349	-0.077056	-2.035697	-28.010087	1.404862	-0.549655	-28.065273	-0.076550	-2.031920	-28.030338	1.359737	-0.556963	-28.133156	-0.036531	-2.062129	-28.169749	0.958239	-1.238534	-28.137635	0.963137	-1.294448	-27.865713	0.983178	-1.032635	-27.848576	0.972315	-1.106273	-28.131337	0.443108	-1.250654	-27.862638	0.434899	-1.051897	-28.176282	-0.061709	-1.188613	-28.134310	-0.075346	-1.283063	-27.887888	-0.078345	-1.033707	-27.815252	-0.065171	-1.082670
4218	58.588655	00:00:58:42	-27.982324	1.664271	-1.230616	-27.964303	1.629912	-1.102749	-28.066809	1.676576	-1.172805	-27.996964	1.562726	-1.205541	-27.989070	1.548814	-1.152725	-28.101296	1.544361	-1.246941	-27.841029	1.566573	-1.097105	-28.081666	1.429706	-0.901436	-28.004784	0.742780	-1.596051	-28.033551	1.384474	-0.606040	-28.083914	-0.051836	-2.069544	-28.008829	1.397133	-0.582054	-28.113018	-0.082593	-2.047423	-28.037237	1.370374	-0.563718	-28.131877	-0.034432	-2.048451	-28.169542	0.961585	-1.230191	-28.147931	0.997901	-1.307209	-27.887656	0.954252	-1.061030	-27.841883	0.980472	-1.068828	-28.151634	0.464038	-1.311449	-27.827073	0.473917	-1.026832	-28.181635	-0.060267	-1.242335	-28.131346	-0.037337	-1.223696	-27.842954	-0.055395	-0.999314	-27.859158	-0.017497	-1.074961
4219	58.602549	00:00:58:43	-27.997570	1.651772	-1.246968	-27.949930	1.651309	-1.101575	-28.090746	1.681147	-1.169312	-27.985702	1.557226	-1.189458	-28.025513	1.526773	-1.141906	-28.129427	1.515939	-1.291218	-27.866367	1.535713	-1.122838	-28.064265	1.472676	-0.916711	-28.008928	0.747997	-1.572927	-28.048028	1.343160	-0.567372	-28.073401	-0.050120	-2.095326	-28.042090	1.380995	-0.549132	-28.115697	-0.053763	-2.058460	-27.989439	1.380048	-0.548413	-28.121887	-0.067903	-2.075457	-28.206241	0.975949	-1.221949	-28.127410	0.964818	-1.289868	-27.873328	0.954220	-1.066461	-27.833237	0.970439	-1.078994	-28.177323	0.445778	-1.237691	-27.863709	0.446864	-1.056213	-28.172419	-0.067851	-1.194962	-28.120106	-0.017892	-1.259048	-27.876663	-0.060285	-1.006014	-27.834665	-0.068699	-1.078824
4220	58.616442	00:00:58:44	-27.979427	1.667477	-1.205214	-27.948926	1.654154	-1.091164	-28.070676	1.655178	-1.141154	-28.010393	1.536183	-1.164758	-28.028423	1.555520	-1.189142	-28.121187	1.507276	-1.240895	-27.820989	1.534229	-1.096017	-28.078945	1.472372	-0.915918	-27.978245	0.730368	-1.564657	-27.993531	1.385050	-0.550775	-28.058854	-0.040236	-2.059766	-28.067610	1.387892	-0.549604	-28.086048	-0.033298	-2.053220	-28.030414	1.380694	-0.596525	-28.094662	-0.051486	-2.037389	-28.162916	0.986357	-1.220790	-28.139565	0.979283	-1.303393	-27.883745	0.996716	-1.047631	-27.821386	0.984462	-1.102525	-28.195021	0.452546	-1.271149	-27.877798	0.438533	-1.066947	-28.185333	-0.077496	-1.231985	-28.135364	-0.057853	-1.250394	-27.878428	-0.070892	-1.060379	-27.799752	-0.066363	-1.058889
4221	58.630335	00:00:58:45	-27.953968	1.667610	-1.226010	-27.972566	1.661734	-1.082598	-28.063392	1.660614	-1.163712	-27.976824	1.521355	-1.171818	-28.007011	1.563680	-1.142453	-28.140187	1.544238	-1.267284	-27.878868	1.528272	-1.123467	-28.063041	1.476140	-0.917177	-27.998189	0.751080	-1.580257	-28.016872	1.383398	-0.548503	-28.087084	-0.059326	-2.052598	-28.011481	1.377708	-0.597005	-28.095327	-0.052049	-2.053449	-28.001693	1.380000	-0.546695	-28.067433	-0.054172	-2.071426	-28.165889	0.997560	-1.243985	-28.132641	0.988508	-1.269613	-27.860043	0.954965	-1.067801	-27.850159	0.966595	-1.078121	-28.153161	0.481418	-1.235571	-27.838154	0.461746	-1.049463	-28.171323	-0.031580	-1.235396	-28.164683	-0.028382	-1.251538	-27.855095	-0.046487	-1.042354	-27.840933	-0.088342	-1.087546
4222	58.644229	00:00:58:46	-27.967784	1.660233	-1.213815	-27.980182	1.696616	-1.129002	-28.057667	1.650881	-1.169118	-27.976211	1.566260	-1.197891	-28.035212	1.556915	-1.133336	-28.123350	1.555182	-1.278495	-27.861187	1.585370	-1.117367	-28.051349	1.445369	-0.888745	-27.979557	0.753580	-1.576428	-28.034820	1.418387	-0.581233	-28.110593	-0.044113	-2.094494	-28.016255	1.403842	-0.575699	-28.062418	-0.004337	-2.083739	-28.016011	1.404382	-0.543870	-28.121635	-0.064650	-2.069360	-28.160217	0.980985	-1.218523	-28.157019	0.960681	-1.298755	-27.890286	0.965532	-1.051854	-27.865126	0.981303	-1.081221	-28.183943	0.434243	-1.222738	-27.819791	0.447026	-1.085384	-28.149768	-0.033164	-1.186449	-28.153439	-0.072295	-1.259836	-27.840418	-0.060490	-1.006442	-27.847204	-0.032924	-1.065804
4223	58.658122	00:00:58:47	-27.947267	1.631735	-1.251304	-27.986382	1.622732	-1.106703	-28.093118	1.680439	-1.157652	-28.005078	1.551238	-1.160881	-27.990644	1.517653	-1.160204	-28.115642	1.551482	-1.272514	-27.859740	1.501793	-1.116435	-28.048835	1.458817	-0.940742	-27.976072	0.742774	-1.597131	-28.050005	1.378257	-0.594363	-28.079909	-0.058641	-2.047975	-28.031990	1.360581	-0.569875	-28.076465	-0.013233	-2.078121	-28.019886	1.372921	-0.582974	-28.083585	-0.071053	-2.058831	-28.135329	0.968094	-1.268283	-28.122349	0.965485	-1.284277	-27.885998	0.986931	-1.041597	-27.849723	0.964892	-1.086061	-28.146061	0.459318	-1.243724	-27.860632	0.415940	-1.085747	-28.140233	-0.062392	-1.211524	-28.127966	-0.055990	-1.285276	-27.860672	-0.069839	-1.007577	-27.836215	-0.079086	-1.061679
4224	58.672016	00:00:58:48	-27.959364	1.657110	-1.252117	-28.000005	1.625143	-1.105905	-28.107641	1.668476	-1.165634	-28.002184	1.504134	-1.210649	-28.027339	1.537260	-1.144185	-28.112218	1.523010	-1.285248	-27.852016	1.525832	-1.083666	-28.070966	1.446394	-0.930774	-27.950853	0.766259	-1.540176	-28.001547	1.379939	-0.565365	-28.077054	-0.028239	-2.100307	-27.985418	1.399384	-0.607205	-28.102501	-0.041351	-2.079814	-28.009104	1.334764	-0.549517	-28.090444	-0.016348	-2.051212	-28.165174	0.987706	-1.240470	-28.138066	0.970641	-1.288736	-27.862019	0.941891	-1.052191	-27.837726	0.950716	-1.103550	-28.172822	0.486033	-1.242302	-27.847088	0.461490	-1.087752	-28.160491	-0.049512	-1.201424	-28.113105	-0.051699	-1.231223	-27.863490	-0.062359	-1.022419	-27.836437	-0.068759	-1.072066
4225	58.685909	00:00:58:49	-27.965991	1.657096	-1.216408	-27.985777	1.640133	-1.128657	-28.070740	1.667723	-1.173443	-27.968574	1.533006	-1.159734	-28.003430	1.542536	-1.138328	-28.113756	1.540419	-1.231652	-27.899961	1.513384	-1.116010	-28.077819	1.435637	-0.916306	-27.981464	0.755147	-1.601700	-28.046946	1.381672	-0.582232	-28.086616	-0.038555	-2.053997	-28.028767	1.380776	-0.569112	-28.110839	-0.071647	-2.074589	-28.035366	1.364894	-0.579176	-28.107457	-0.048067	-2.052849	-28.179927	0.958902	-1.229536	-28.105530	0.949123	-1.248762	-27.893644	0.940581	-1.070218	-27.850472	0.982385	-1.114668	-28.146440	0.457716	-1.262255	-27.848411	0.474082	-1.056444	-28.169733	-0.042436	-1.218960	-28.140921	-0.046504	-1.241342	-27.861642	-0.027477	-1.019252	-27.853842	-0.053038	-1.064838
4226	58.699803	00:00:58:50	-27.977223	1.653317	-1.256591	-27.995570	1.675365	-1.119144	-28.085446	1.648555	-1.165911	-28.008020	1.519715	-1.202941	-28.045941	1.539674	-1.173881	-28.116213	1.548351	-1.247764	-27.865259	1.545825	-1.115972	-28.046947	1.468630	-0.919167	-27.975927	0.779605	-1.552377	-28.056678	1.386835	-0.563776	-28.088680	-0.054923	-2.057216	-28.002928	1.376222	-0.610853	-28.106664	-0.033196	-2.075494	-28.003065	1.425736	-0.587106	-28.079121	-0.040534	-2.087585	-28.163130	0.966609	-1.238614	-28.160928	0.956548	-1.319578	-27.853808	0.972765	-1.076131	-27.840199	0.973651	-1.100676	-28.132913	0.455582	-1.297756	-27.819895	0.448071	-1.064931	-28.155453	-0.065191	-1.229112	-28.156541	-0.027992	-1.261288	-27.868497	-0.038621	-1.008012	-27.837720	-0.045499	-1.073764
4227	58.713696	00:00:58:51	-28.001328	1.634103	-1.231842	-27.979233	1.629838	-1.082516	-28.095960	1.632999	-1.166502	-27.958726	1.531884	-1.184181	-28.028539	1.549398	-1.138242	-28.146220	1.519191	-1.261311	-27.884770	1.545420	-1.126601	-28.050083	1.482053	-0.918011	-27.977203	0.750442	-1.596833	-28.008422	1.374902	-0.567468	-28.078554	-0.033763	-2.031784	-28.038407	1.381216	-0.567669	-28.119335	-0.070148	-2.029424	-28.014049	1.346736	-0.571699	-28.092447	-0.041136	-2.040331	-28.155007	0.928730	-1.246504	-28.128450	0.952354	-1.297272	-27.886360	0.975973	-1.080213	-27.850769	0.972815	-1.088563	-28.152113	0.465534	-1.271362	-27.842148	0.464695	-1.001771	-28.191580	-0.078349	-1.217681	-28.163371	-0.040626	-1.281093	-27.874650	-0.055696	-1.038239	-27.826774	-0.029509	-1.071742
4228	58.727590	00:00:58:52	-27.974205	1.660020	-1.246004	-27.976269	1.661300	-1.094484	-28.088282	1.625173	-1.154182	-27.979760	1.543301	-1.182464	-28.032605	1.547725	-1.133402	-28.092654	1.551771	-1.275916	-27.879129	1.584282	-1.105356	-28.089780	1.428489	-0.900907	-28.021582	0.788183	-1.585634	-28.061857	1.369309	-0.600532	-28.094811	-0.026415	-2.059291	-28.041853	1.369148	-0.584643	-28.077249	-0.038729	-2.066048	-28.037552	1.374996	-0.596906	-28.091058	-0.056937	-2.063014	-28.153577	0.977582	-1.262872	-28.136055	0.958342	-1.302609	-27.864164	0.974343	-1.044574	-27.848120	0.976439	-1.085875	-28.168640	0.488758	-1.247820	-27.839788	0.438420	-1.070320	-28.190092	-0.020684	-1.209284	-28.120774	-0.061708	-1.272579	-27.858557	-0.054376	-1.012614	-27.852276	-0.083915	-1.057955
4229	58.741483	00:00:58:53	-27.952009	1.610689	-1.224149	-27.985295	1.673527	-1.111925	-28.094715	1.632267	-1.158945	-28.019988	1.552772	-1.172607	-27.992901	1.611577	-1.154112	-28.146607	1.535894	-1.290984	-27.853515	1.543308	-1.111619	-28.085652	1.444713	-0.922012	-27.985490	0.767364	-1.586568	-28.029679	1.372353	-0.559412	-28.088158	-0.047720	-2.048916	-28.044156	1.384504	-0.545696	-28.076880	-0.052100	-2.028770	-28.044117	1.354810	-0.559310	-28.117593	-0.059775	-2.051549	-28.185461	0.968200	-1.245971	-28.156570	0.959117	-1.309332	-27.865710	0.956211	-1.051823	-27.817928	0.935363	-1.111770	-28.125506	0.448899	-1.247464	-27.888374	0.433205	-1.065495	-28.182887	-0.053909	-1.236205	-28.134000	-0.079794	-1.236970	-27.855864	-0.074500	-1.009204	-27.844274	-0.055794	-1.057054
4230	58.755376	00:00:58:54	-27.960139	1.660194	-1.238962	-27.985427	1.651123	-1.094099	-28.066301	1.637080	-1.160692	-27.987258	1.525497	-1.181423	-27.991485	1.551232	-1.174870	-28.129389	1.522050	-1.276224	-27.862779	1.533224	-1.118539	-28.058086	1.483279	-0.935970	-27.994755	0.750483	-1.581828	-28.003385	1.379430	-0.547297	-28.090932	-0.032367	-2.071002	-28.003051	1.395392	-0.569981	-28.084284	-0.031986	-2.088242	-28.020887	1.383067	-0.592497	-28.094079	-0.049090	-2.066391	-28.188399	0.973973	-1.211263	-28.132667	0.967252	-1.314002	-27.863820	1.026351	-1.010182	-27.847295	0.939967	-1.064195	-28.173491	0.453202	-1.264692	-27.844224	0.491354	-1.053504	-28.185148	-0.069249	-1.217481	-28.132751	-0.114193	-1.254291	-27.867727	-0.036828	-1.017561	-27.813969	-0.058898	-1.081321
4231	58.769270	00:00:58:55	-27.973080	1.660722	-1.270961	-27.969956	1.670304	-1.108024	-28.040122	1.649775	-1.142566	-27.977249	1.536178	-1.194765	-28.002364	1.568853	-1.158816	-28.101266	1.537655	-1.271216	-27.858463	1.533207	-1.134331	-28.091807	1.464990	-0.893085	-28.001570	0.753521	-1.583030	-28.044926	1.414495	-0.537671	-28.100879	-0.047971	-2.079891	-28.011916	1.355791	-0.573681	-28.062917	-0.015560	-2.056050	-28.025773	1.413969	-0.574302	-28.118879	-0.065143	-2.064026	-28.188122	0.986511	-1.230565	-28.138095	0.959807	-1.279717	-27.894268	0.954252	-1.085013	-27.810665	0.957626	-1.086609	-28.158166	0.457024	-1.267276	-27.818636	0.437471	-1.044256	-28.149635	-0.042034	-1.210749	-28.151655	-0.073239	-1.278485	-27.862140	-0.101149	-1.051268	-27.814805	-0.061264	-1.047857
4232	58.783163	00:00:58:56	-27.942154	1.640872	-1.240916	-28.001639	1.655748	-1.103389	-28.082050	1.686137	-1.131321	-27.982175	1.555299	-1.198570	-28.028566	1.552635	-1.143761	-28.122165	1.518796	-1.257344	-27.858046	1.514993	-1.121588	-28.065474	1.473937	-0.950632	-27.977517	0.728880	-1.590277	-28.042832	1.369435	-0.576224	-28.087325	-0.042047	-2.048874	-28.022088	1.388069	-0.576968	-28.122181	-0.067906	-2.061276	-27.986986	1.344277	-0.567614	-28.072626	-0.066013	-2.079165	-28.153275	0.950063	-1.222472	-28.130069	0.946423	-1.292233	-27.882922	0.944239	-1.057015	-27.846387	0.962510	-1.074312	-28.150595	0.437182	-1.265742	-27.809485	0.467910	-1.082705	-28.176375	-0.036058	-1.212404	-28.140158	-0.023782	-1.284282	-27.852025	-0.056538	-1.046891	-27.855341	-0.086122	-1.068330
4233	58.797057	00:00:58:57	-27.925119	1.684833	-1.235184	-27.982720	1.666493	-1.077506	-28.089648	1.684480	-1.161854	-27.994662	1.586842	-1.194197	-28.006229	1.553148	-1.152438	-28.104970	1.577936	-1.249695	-27.887480	1.517808	-1.078735	-28.076197	1.491156	-0.902877	-27.959691	0.753814	-1.588413	-28.011989	1.369867	-0.533824	-28.086180	-0.036400	-2.068976	-28.029989	1.379164	-0.588206	-28.104175	-0.057263	-2.064980	-28.003065	1.393452	-0.587735	-28.107350	-0.057256	-2.073832	-28.192886	0.969595	-1.225079	-28.140768	0.958312	-1.280495	-27.885372	0.956283	-1.040007	-27.826868	0.973513	-1.080522	-28.126953	0.413325	-1.259366	-27.843079	0.484745	-1.057009	-28.159042	-0.049075	-1.235150	-28.156119	-0.042718	-1.281455	-27.884208	-0.060782	-1.030062	-27.846789	-0.047302	-1.087023
4234	58.810950	00:00:58:58	-27.939143	1.613082	-1.224254	-27.977954	1.643811	-1.093840	-28.077656	1.691573	-1.144243	-27.996230	1.534286	-1.175219	-28.013975	1.534009	-1.142519	-28.118378	1.534529	-1.287968	-27.852588	1.576373	-1.118979	-28.080842	1.437499	-0.948276	-27.957097	0.728008	-1.601997	-27.977924	1.382244	-0.551949	-28.097132	-0.013823	-2.056233	-28.011893	1.386071	-0.556827	-28.106738	-0.030895	-2.098703	-28.026925	1.376113	-0.573681	-28.076327	-0.050705	-2.056996	-28.144979	0.968762	-1.233410	-28.140372	0.947694	-1.265897	-27.862279	0.981238	-1.056277	-27.828278	0.997299	-1.081858	-28.155720	0.471482	-1.235361	-27.865128	0.469742	-1.072640	-28.177840	-0.070711	-1.208796	-28.142167	-0.070434	-1.276100	-27.863156	-0.075489	-1.029808	-27.855621	-0.049207	-1.062711
4235	58.824844	00:00:58:59	-27.979525	1.644195	-1.220210	-27.973200	1.638508	-1.111665	-28.086197	1.663963	-1.165270	-27.999481	1.529389	-1.213950	-28.023936	1.538704	-1.158224	-28.124306	1.546402	-1.267729	-27.866530	1.530588	-1.102185	-28.098969	1.481425	-0.941371	-27.970614	0.756121	-1.571168	-28.009135	1.395756	-0.569306	-28.103764	-0.030383	-2.066033	-28.031462	1.364423	-0.589595	-28.103033	-0.042951	-2.065785	-28.011657	1.354625	-0.561064	-28.087797	-0.062849	-2.060010	-28.157441	0.983888	-1.214490	-28.117505	0.945901	-1.286536	-27.866668	1.009078	-1.048782	-27.867626	0.959832	-1.098580	-28.157290	0.435815	-1.251523	-27.857650	0.468459	-1.055846	-28.171718	-0.071907	-1.230553	-28.134385	-0.056361	-1.219413	-27.853141	-0.072969	-1.035019	-27.851916	-0.080492	-1.076428
4236	58.838737	00:00:58:60	-27.959569	1.703348	-1.234131	-27.988168	1.669317	-1.084261	-28.121034	1.669065	-1.157516	-28.004163	1.533451	-1.202917	-28.002951	1.533484	-1.185045	-28.106705	1.573254	-1.232657	-27.878812	1.554374	-1.121870	-28.069982	1.466592	-0.915288	-27.971478	0.733475	-1.579633	-27.998907	1.382548	-0.585067	-28.117952	-0.048307	-2.087914	-28.024530	1.365592	-0.563967	-28.091203	-0.048434	-2.073112	-27.995379	1.374477	-0.623110	-28.102256	-0.033984	-2.035371	-28.154214	0.964084	-1.236185	-28.125394	0.908375	-1.293666	-27.871987	0.982406	-1.000871	-27.849845	0.938816	-1.086251	-28.163619	0.447963	-1.258341	-27.871048	0.451999	-1.045657	-28.172591	-0.028912	-1.193365	-28.140553	-0.063213	-1.258294	-27.886222	-0.053782	-1.038347	-27.825241	-0.068352	-1.045810
4237	58.852631	00:00:58:61	-27.978186	1.670205	-1.246846	-28.000798	1.653106	-1.081788	-28.107150	1.670904	-1.155640	-28.000395	1.584976	-1.217309	-28.011785	1.553018	-1.151710	-28.096925	1.538975	-1.271739	-27.864037	1.541481	-1.122492	-28.069884	1.467297	-0.894833	-27.974053	0.790320	-1.589604	-28.018459	1.390827	-0.598342	-28.125976	-0.057640	-2.045487	-28.025980	1.345541	-0.552832	-28.075699	-0.041047	-2.074154	-28.036016	1.368668	-0.563673	-28.122587	-0.014364	-2.101214	-28.178532	0.972915	-1.226420	-28.155792	0.968699	-1.284661	-27.882596	0.974731	-1.028498	-27.855599	0.936077	-1.084569	-28.155178	0.460958	-1.253628	-27.836685	0.458567	-1.068273	-28.183461	-0.085822	-1.218907	-28.144010	-0.057213	-1.259667	-27.876840	-0.068645	-1.024666	-27.821409	-0.067185	-1.083480
4238	58.866524	00:00:58:62	-27.971409	1.641659	-1.215467	-28.008019	1.653709	-1.092581	-28.066235	1.657203	-1.160415	-27.985724	1.490942	-1.206224	-28.007623	1.528711	-1.138878	-28.125359	1.514803	-1.268661	-27.889582	1.516035	-1.129242	-28.042942	1.448895	-0.923284	-27.951561	0.752938	-1.591551	-27.983707	1.370593	-0.573573	-28.104590	-0.050291	-2.045444	-28.026885	1.398531	-0.587120	-28.120527	-0.078039	-2.052008	-28.030672	1.387235	-0.574296	-28.100929	-0.045931	-2.060908	-28.171806	0.974201	-1.251370	-28.091687	0.937718	-1.309541	-27.859959	0.969783	-1.016908	-27.841505	0.943328	-1.078875	-28.130213	0.445148	-1.247612	-27.825923	0.447262	-1.054565	-28.189548	-0.032733	-1.212107	-28.120173	-0.030575	-1.301107	-27.879101	-0.049382	-1.032187	-27.830229	-0.065178	-1.095787
4239	58.880417	00:00:58:63	-27.975922	1.647690	-1.216475	-27.970966	1.701018	-1.082961	-28.069066	1.643528	-1.186175	-28.035383	1.564867	-1.203032	-28.031946	1.537469	-1.137561	-28.117927	1.551298	-1.232535	-27.866817	1.511008	-1.087487	-28.061956	1.460771	-0.900164	-27.987946	0.759404	-1.615306	-28.031192	1.383319	-0.595035	-28.086224	-0.060794	-2.055753	-28.029523	1.402861	-0.613798	-28.105045	-0.035580	-2.046561	-28.030687	1.386380	-0.568058	-28.076931	-0.074445	-2.045929	-28.158213	0.970635	-1.221817	-28.134694	0.930394	-1.311733	-27.846284	0.954783	-1.042982	-27.833800	0.967193	-1.123611	-28.150359	0.457244	-1.235653	-27.886010	0.489104	-1.083392	-28.131245	-0.085322	-1.195732	-28.148386	-0.057680	-1.297613	-27.868503	-0.087484	-0.992206	-27.837156	-0.035560	-1.092185
4240	58.894311	00:00:58:64	-27.972472	1.649127	-1.188994	-27.997345	1.671967	-1.091886	-28.078934	1.713339	-1.150553	-27.967936	1.543932	-1.182458	-27.997242	1.579061	-1.134748	-28.133219	1.556357	-1.271286	-27.889637	1.545143	-1.110043	-28.075401	1.468459	-0.908198	-27.973308	0.752230	-1.579903	-28.001346	1.390673	-0.589034	-28.088427	-0.094767	-2.069710	-28.049199	1.372041	-0.600439	-28.074353	-0.040629	-2.055390	-28.014937	1.378808	-0.569074	-28.120327	-0.037333	-2.055022	-28.167684	0.962172	-1.242011	-28.133911	0.958520	-1.303648	-27.886099	0.936122	-1.042760	-27.820017	1.006054	-1.069206	-28.147950	0.459726	-1.248940	-27.805224	0.436916	-1.076003	-28.188528	-0.039019	-1.220556	-28.110041	-0.058598	-1.270964	-27.880854	-0.022167	-1.023246	-27.832663	-0.067794	-1.090202
4241	58.908204	00:00:58:65	-27.973381	1.676226	-1.221304	-28.003913	1.661379	-1.092645	-28.112991	1.676396	-1.152657	-28.014841	1.543315	-1.191383	-28.009228	1.534098	-1.123577	-28.141172	1.536943	-1.245383	-27.894343	1.532593	-1.097928	-28.055857	1.492102	-0.912920	-27.924997	0.745138	-1.585064	-28.011352	1.375627	-0.570643	-28.096631	-0.073819	-2.072744	-27.986001	1.401717	-0.560824	-28.106870	-0.045844	-2.079116	-28.037078	1.388613	-0.560225	-28.098727	-0.045461	-2.055364	-28.167620	0.941020	-1.269037	-28.139786	0.965759	-1.286013	-27.860269	0.976477	-1.010648	-27.826577	0.994691	-1.102139	-28.164268	0.441955	-1.258793	-27.845384	0.465530	-1.098633	-28.152126	-0.039316	-1.217068	-28.165862	-0.010853	-1.274112	-27.907918	-0.051083	-1.034223	-27.805213	-0.047694	-1.084960
4242	58.922098	00:00:58:66	-27.976188	1.646819	-1.216940	-27.973465	1.665549	-1.098913	-28.056833	1.674776	-1.157201	-27.996498	1.547530	-1.176191	-27.996469	1.513987	-1.155656	-28.110875	1.538592	-1.245696	-27.847274	1.561941	-1.069080	-28.055810	1.464536	-0.905996	-28.000939	0.746279	-1.593059	-28.027853	1.366183	-0.588282	-28.111466	-0.030979	-2.049599	-28.004379	1.382192	-0.588252	-28.086715	-0.047869	-2.052259	-28.012966	1.401905	-0.599096	-28.058755	-0.047063	-2.029625	-28.185527	0.979468	-1.248560	-28.155959	0.962872	-1.304063	-27.856207	0.967749	-1.059429	-27.833137	0.957274	-1.091027	-28.137480	0.462988	-1.293079	-27.854720	0.455089	-1.066861	-28.185863	-0.068045	-1.209780	-28.141821	-0.082050	-1.283000	-27.878926	-0.057400	-1.031503	-27.835402	-0.059368	-1.089205
4243	58.935991	00:00:58:67	-27.973512	1.632376	-1.252906	-27.938067	1.665628	-1.110281	-28.093227	1.647753	-1.143813	-27.955275	1.516360	-1.177888	-28.007112	1.510677	-1.157614	-28.122987	1.524067	-1.278326	-27.874356	1.529313	-1.110996	-28.060228	1.472554	-0.906842	-27.974211	0.788998	-1.602310	-28.025735	1.395290	-0.576308	-28.068063	-0.061946	-2.078309	-28.010110	1.385022	-0.546233	-28.111376	-0.050352	-2.072648	-28.014981	1.427087	-0.585733	-28.113485	-0.039567	-2.084190	-28.150140	0.959859	-1.251782	-28.150655	0.941809	-1.271756	-27.858230	0.969759	-1.059407	-27.843712	0.982498	-1.112804	-28.172007	0.437016	-1.254382	-27.854618	0.427774	-1.025873	-28.158510	-0.054470	-1.205940	-28.143359	-0.082980	-1.254550	-27.847874	-0.064323	-1.028427	-27.816986	-0.026836	-1.077269
4244	58.949885	00:00:58:68	-27.933312	1.647669	-1.213514	-27.961645	1.646846	-1.096262	-28.080443	1.654736	-1.183797	-28.000912	1.543075	-1.191659	-28.029347	1.566308	-1.186531	-28.147637	1.586368	-1.259548	-27.871586	1.558855	-1.108128	-28.085476	1.459902	-0.916494	-27.959246	0.753257	-1.622329	-27.999276	1.387740	-0.582147	-28.094112	-0.026314	-2.079517	-28.056624	1.395710	-0.574043	-28.104024	-0.039936	-2.095828	-28.041212	1.393254	-0.560496	-28.108461	-0.026760	-2.060798	-28.144838	1.004295	-1.253583	-28.139684	0.952514	-1.306577	-27.870719	0.987402	-1.025198	-27.835334	0.960936	-1.113367	-28.175228	0.447763	-1.220824	-27.846965	0.470950	-1.064618	-28.155953	-0.059619	-1.209590	-28.137575	-0.061166	-1.272709	-27.859668	-0.028789	-1.047729	-27.839027	-0.059705	-1.099919
4245	58.963778	00:00:58:69	-28.010950	1.664654	-1.224017	-27.993289	1.634024	-1.092302	-28.094749	1.655923	-1.143190	-28.020218	1.528460	-1.179578	-28.030026	1.552041	-1.163869	-28.123966	1.551786	-1.290636	-27.853767	1.543399	-1.112876	-28.049959	1.484915	-0.926166	-27.984180	0.728365	-1.593170	-27.996294	1.401779	-0.547547	-28.077615	-0.071356	-2.047556	-28.058856	1.383110	-0.594200	-28.103701	-0.041746	-2.069304	-28.014686	1.394547	-0.566032	-28.103507	-0.065088	-2.052190	-28.192104	0.929447	-1.221222	-28.160710	0.971813	-1.293996	-27.880737	0.944089	-1.068930	-27.864946	0.960504	-1.079357	-28.142046	0.442909	-1.264335	-27.869956	0.502299	-1.059604	-28.175870	-0.054733	-1.231671	-28.130218	-0.080901	-1.290830	-27.858155	-0.054308	-1.015886	-27.843381	-0.018977	-1.097782
4246	58.977672	00:00:58:70	-27.978493	1.656811	-1.246341	-27.967412	1.653987	-1.082560	-28.126853	1.675419	-1.159293	-27.976550	1.575293	-1.166945	-28.009246	1.542452	-1.134518	-28.120634	1.531682	-1.283420	-27.883855	1.563004	-1.111362	-28.085884	1.477207	-0.914633	-28.002024	0.760940	-1.573779	-28.034725	1.344024	-0.581473	-28.080929	-0.029585	-2.068833	-28.019543	1.435253	-0.573543	-28.071104	-0.094805	-2.043573	-27.996795	1.381264	-0.550761	-28.101353	-0.050855	-2.051649	-28.199065	1.004139	-1.261564	-28.143013	0.946080	-1.261500	-27.867474	0.983985	-1.061768	-27.846112	0.948057	-1.059092	-28.150163	0.465586	-1.259951	-27.843272	0.461240	-1.070195	-28.195858	-0.057683	-1.206888	-28.133255	-0.019237	-1.243783	-27.867035	-0.047787	-1.033547	-27.823510	-0.031289	-1.096841
4247	58.991565	00:00:58:71	-27.980984	1.658375	-1.266708	-27.985497	1.624597	-1.084900	-28.070028	1.682071	-1.200619	-27.999563	1.561710	-1.211718	-28.025620	1.528330	-1.192824	-28.142832	1.539747	-1.272255	-27.877661	1.541272	-1.111800	-28.049701	1.477337	-0.918437	-27.969139	0.780333	-1.582585	-28.030246	1.356478	-0.590048	-28.126798	-0.038996	-2.028823	-28.004211	1.392727	-0.592315	-28.079195	-0.015342	-2.052457	-28.020897	1.353315	-0.541868	-28.102423	-0.046898	-2.046246	-28.188204	0.967558	-1.255895	-28.153880	0.970291	-1.265316	-27.856208	0.979594	-1.031123	-27.827924	0.987495	-1.100101	-28.161889	0.474557	-1.256526	-27.850053	0.451661	-1.053551	-28.167583	-0.034562	-1.205486	-28.161378	-0.068263	-1.306038	-27.859274	-0.051193	-1.014711	-27.853623	-0.066733	-1.070963
4248	59.005458	00:00:59:00	-27.945757	1.652838	-1.249227	-27.974169	1.664317	-1.086818	-28.100751	1.654811	-1.149752	-27.972262	1.530351	-1.176355	-28.019125	1.542815	-1.159129	-28.101993	1.523179	-1.269077	-27.862688	1.533070	-1.094460	-28.061862	1.458714	-0.930899	-27.989794	0.754040	-1.568724	-28.031108	1.382141	-0.562003	-28.099661	-0.050214	-2.070793	-28.041530	1.372214	-0.601079	-28.094241	-0.021259	-2.086410	-28.056806	1.350989	-0.576506	-28.095233	-0.012096	-2.059539	-28.194091	0.969139	-1.203072	-28.108512	0.976343	-1.266933	-27.882778	0.973692	-1.019293	-27.846184	0.975355	-1.116855	-28.149985	0.467630	-1.271613	-27.855441	0.451002	-1.050463	-28.158195	-0.037241	-1.208378	-28.136138	-0.053545	-1.249178	-27.878914	-0.073581	-1.031624	-27.824496	-0.109626	-1.066917
4249	59.019352	00:00:59:01	-28.010472	1.673011	-1.237262	-27.977781	1.665183	-1.092011	-28.091507	1.653912	-1.142228	-27.976694	1.546836	-1.155813	-28.016196	1.556933	-1.128359	-28.116365	1.554975	-1.273542	-27.863315	1.571143	-1.101591	-28.068046	1.468474	-0.919438	-27.998659	0.746431	-1.595922	-28.002011	1.392329	-0.610496	-28.082871	-0.050476	-2.043500	-28.026600	1.386771	-0.601452	-28.131608	-0.030686	-2.081852	-28.020767	1.380975	-0.585188	-28.097194	-0.057697	-2.051015	-28.178575	0.955724	-1.254716	-28.139364	0.968122	-1.284253	-27.878347	0.943607	-1.031036	-27.850004	0.939206	-1.081223	-28.141187	0.460616	-1.259007	-27.810710	0.441769	-1.085183	-28.165534	-0.056506	-1.247562	-28.128605	-0.028511	-1.275451	-27.889265	-0.054033	-1.019182	-27.826932	-0.047792	-1.065063
4250	59.033245	00:00:59:02	-27.960584	1.630652	-1.218091	-28.009110	1.668363	-1.097755	-28.089820	1.662462	-1.155529	-27.993049	1.526251	-1.187816	-27.988144	1.553281	-1.159650	-28.124749	1.551227	-1.262794	-27.889575	1.526383	-1.104814	-28.100173	1.472328	-0.912697	-28.004488	0.745519	-1.576985	-28.000810	1.377872	-0.589450	-28.102723	-0.043861	-2.079332	-28.030266	1.390473	-0.527861	-28.106619	-0.032399	-2.059115	-28.025660	1.362090	-0.580197	-28.086721	-0.037178	-2.087529	-28.184478	0.966922	-1.239374	-28.162764	0.940940	-1.290286	-27.883391	0.968552	-1.034078	-27.855228	0.961688	-1.123042	-28.124887	0.482526	-1.249589	-27.861048	0.465651	-1.068194	-28.179526	-0.056243	-1.227863	-28.148399	-0.079785	-1.264629	-27.851961	-0.051906	-1.022219	-27.828728	-0.080243	-1.051213
4251	59.047139	00:00:59:03	-27.951811	1.644771	-1.207397	-27.989761	1.666736	-1.093547	-28.079579	1.683660	-1.167247	-28.023344	1.548932	-1.176523	-27.977345	1.539037	-1.135887	-28.147634	1.531506	-1.260636	-27.886409	1.560931	-1.080008	-28.069069	1.459198	-0.918625	-27.970205	0.738075	-1.578716	-28.032650	1.387393	-0.556618	-28.103073	-0.008652	-2.041423	-28.022245	1.367585	-0.606926	-28.082768	-0.063062	-2.096266	-28.028389	1.364769	-0.583625	-28.114460	-0.045290	-2.086503	-28.146574	0.973823	-1.241356	-28.144370	0.978364	-1.270011	-27.865058	0.969234	-1.050239	-27.830674	0.970477	-1.081126	-28.146378	0.447262	-1.247746	-27.852146	0.454190	-1.098160	-28.151504	-0.036441	-1.269787	-28.167886	-0.061014	-1.260882	-27.860967	-0.045843	-1.018332	-27.818436	-0.047317	-1.067168
4252	59.061032	00:00:59:04	-27.979175	1.645003	-1.229798	-28.010477	1.648814	-1.092429	-28.083106	1.640333	-1.168937	-27.997566	1.564777	-1.167219	-28.008011	1.530556	-1.149864	-28.071569	1.538772	-1.273418	-27.859523	1.556875	-1.089390	-28.067941	1.474570	-0.929540	-27.982739	0.761450	-1.600948	-28.014786	1.391104	-0.553932	-28.077768	-0.019602	-2.031884	-28.012094	1.395622	-0.563451	-28.093007	-0.044925	-2.063025	-28.034376	1.387865	-0.569905	-28.101928	-0.037952	-2.049643	-28.200014	0.977548	-1.230397	-28.102389	0.968216	-1.313941	-27.851236	0.947809	-1.058844	-27.832542	0.955826	-1.110889	-28.157993	0.432423	-1.241127	-27.852020	0.458116	-1.083284	-28.178222	-0.046682	-1.226005	-28.126655	-0.079106	-1.248004	-27.862354	-0.046460	-1.028745	-27.854960	-0.056410	-1.074458
4253	59.074926	00:00:59:05	-27.985738	1.659797	-1.235486	-27.954028	1.656605	-1.107977	-28.075562	1.647534	-1.155003	-27.993961	1.545885	-1.139806	-27.997678	1.518716	-1.141508	-28.117440	1.545470	-1.229248	-27.893286	1.572329	-1.107932	-28.094085	1.472560	-0.902933	-27.988481	0.761026	-1.552296	-28.021896	1.406794	-0.581677	-28.088072	-0.060486	-2.058276	-28.016932	1.337359	-0.596941	-28.069836	-0.034769	-2.106653	-27.992890	1.391427	-0.572174	-28.079910	-0.042165	-2.079229	-28.176000	0.972021	-1.219369	-28.122229	1.010820	-1.309574	-27.893764	0.975247	-1.063008	-27.873308	0.952971	-1.096815	-28.151986	0.451418	-1.256117	-27.878694	0.470306	-1.070350	-28.166785	-0.062912	-1.224643	-28.150465	-0.032018	-1.284772	-27.866037	-0.036903	-1.068469	-27.863550	-0.044631	-1.060434
4254	59.088819	00:00:59:06	-27.973741	1.635457	-1.243881	-27.979453	1.670528	-1.114087	-28.077924	1.664286	-1.137127	-27.990188	1.554828	-1.182845	-27.999845	1.557559	-1.141417	-28.128335	1.549654	-1.251179	-27.834135	1.573523	-1.094713	-28.068163	1.467840	-0.933887	-27.984197	0.728141	-1.603484	-27.992485	1.374215	-0.589587	-28.095201	-0.041859	-2.083172	-27.996928	1.375436	-0.597671	-28.076975	-0.080015	-2.065449	-28.027301	1.401722	-0.572986	-28.095211	-0.085246	-2.082122	-28.179171	0.964111	-1.246007	-28.114914	0.948848	-1.306399	-27.875252	0.971918	-1.046551	-27.828433	0.957873	-1.104316	-28.193383	0.475711	-1.251363	-27.843641	0.474271	-1.075698	-28.186780	-0.084349	-1.257140	-28.156562	-0.060765	-1.266325	-27.852020	-0.064063	-1.024207	-27.817082	-0.031567	-1.083617
4255	59.102713	00:00:59:07	-27.976464	1.663838	-1.247694	-27.998617	1.642025	-1.089558	-28.043670	1.651929	-1.151367	-28.012460	1.561996	-1.146999	-28.013429	1.553805	-1.168302	-28.126141	1.534006	-1.268443	-27.876565	1.547125	-1.076174	-28.084474	1.481057	-0.906194	-27.992223	0.769915	-1.621549	-28.011877	1.385066	-0.585058	-28.104230	-0.041015	-2.075435	-28.023903	1.404138	-0.545663	-28.067662	-0.039970	-2.075447	-28.047910	1.401638	-0.566206	-28.092570	-0.042795	-2.048806	-28.172188	1.010067	-1.205445	-28.135944	0.954859	-1.284245	-27.899341	0.969496	-1.073566	-27.856167	0.948963	-1.081642	-28.180682	0.448626	-1.259713	-27.836840	0.435104	-1.080706	-28.168974	-0.039759	-1.220469	-28.113509	-0.056093	-1.299107	-27.864418	-0.037848	-1.018368	-27.860651	-0.067237	-1.107158
4256	59.116606	00:00:59:08	-27.960531	1.630207	-1.220165	-27.955805	1.670204	-1.104873	-28.045182	1.650889	-1.177168	-27.984160	1.536148	-1.206815	-28.018430	1.542002	-1.143829	-28.098151	1.545845	-1.261790	-27.853786	1.529753	-1.106779	-28.067254	1.468398	-0.922833	-27.976898	0.775285	-1.587986	-28.009787	1.393145	-0.580646	-28.109733	-0.021709	-2.029825	-28.005862	1.398736	-0.588854	-28.103613	-0.048034	-2.050720	-28.006540	1.378141	-0.567473	-28.077534	-0.076966	-2.060889	-28.168550	0.979703	-1.224702	-28.128259	0.945288	-1.284856	-27.877630	0.987969	-1.066788	-27.829854	0.973440	-1.148437	-28.153504	0.457139	-1.237273	-27.869224	0.496146	-1.053292	-28.145937	-0.049876	-1.243038	-28.132890	-0.065432	-1.288738	-27.877661	-0.044214	-1.012607	-27.857759	-0.083967	-1.065746
4257	59.130499	00:00:59:09	-27.952433	1.641284	-1.255301	-27.965372	1.679058	-1.087584	-28.091545	1.651818	-1.182200	-28.015439	1.514258	-1.177758	-28.021093	1.534583	-1.136307	-28.156102	1.554998	-1.261565	-27.878774	1.552887	-1.098744	-28.088815	1.453175	-0.874771	-27.973316	0.751163	-1.589525	-28.063168	1.389283	-0.548776	-28.088827	-0.042969	-2.096535	-28.035343	1.397136	-0.598755	-28.105653	-0.040266	-2.076902	-28.010852	1.381992	-0.564569	-28.113473	-0.060225	-2.055585	-28.135939	0.978693	-1.221350	-28.144755	0.954229	-1.273994	-27.869483	0.950387	-1.071060	-27.828550	0.967888	-1.056364	-28.131975	0.435131	-1.250504	-27.893171	0.426432	-1.073721	-28.170985	-0.045831	-1.201618	-28.125911	-0.034194	-1.285694	-27.890883	-0.065808	-1.042373	-27.830513	-0.047202	-1.078152
4258	59.144393	00:00:59:10	-27.966512	1.664666	-1.231830	-28.006853	1.652865	-1.102993	-28.072355	1.706422	-1.163027	-27.983395	1.514472	-1.168402	-28.013181	1.559669	-1.143474	-28.126004	1.568927	-1.264309	-27.847961	1.551999	-1.131544	-28.068199	1.482930	-0.921529	-27.981048	0.757265	-1.595329	-28.009217	1.363425	-0.560053	-28.087912	-0.044242	-2.039178	-28.058716	1.403804	-0.579672	-28.086655	-0.028197	-2.058505	-27.991600	1.415251	-0.565750	-28.098976	-0.060981	-2.057755	-28.172346	0.985694	-1.238074	-28.165109	0.956575	-1.286575	-27.845690	0.968580	-1.075770	-27.841137	0.967429	-1.117936	-28.137458	0.430194	-1.283647	-27.846139	0.460981	-1.016289	-28.145001	-0.045988	-1.210420	-28.134653	-0.062983	-1.277115	-27.869702	-0.034789	-1.018054	-27.835019	-0.075345	-1.116574
4259	59.158286	00:00:59:11	-27.983868	1.652585	-1.225702	-27.970439	1.665351	-1.086145	-28.064796	1.638801	-1.176890	-27.986822	1.532829	-1.174827	-28.037445	1.562552	-1.150309	-28.102580	1.533225	-1.263073	-27.863723	1.572952	-1.085924	-28.099570	1.453480	-0.897436	-27.958414	0.758133	-1.590406	-28.049887	1.378523	-0.554022	-28.108319	-0.051030	-2.050100	-28.019247	1.378761	-0.565681	-28.100217	-0.066025	-2.074825	-28.018139	1.342067	-0.567998	-28.101471	-0.048163	-2.023221	-28.182775	0.954916	-1.253546	-28.142524	0.984512	-1.275590	-27.874037	0.969372	-1.048498	-27.829200	0.952911	-1.085463	-28.137266	0.457929	-1.241588	-27.844375	0.452210	-1.100774	-28.162662	-0.061625	-1.217382	-28.147897	-0.055866	-1.262614	-27.863924	-0.058293	-1.016075	-27.855061	-0.053151	-1.079848
4260	59.172180	00:00:59:12	-27.984062	1.641714	-1.232031	-27.999351	1.648507	-1.114633	-28.077508	1.675488	-1.121858	-27.973631	1.521588	-1.181682	-28.028344	1.561433	-1.167958	-28.121568	1.566093	-1.255398	-27.865693	1.531365	-1.122181	-28.063559	1.452137	-0.944522	-27.983820	0.786468	-1.572404	-28.017233	1.373924	-0.570623	-28.058526	-0.058561	-2.069323	-28.030069	1.381615	-0.589724	-28.082511	-0.058138	-2.075330	-28.030855	1.380286	-0.573523	-28.101286	-0.035741	-2.061337	-28.171091	0.978643	-1.239782	-28.135186	0.955295	-1.280176	-27.865072	0.955732	-1.067643	-27.867942	0.949300	-1.120999	-28.117631	0.465854	-1.213541	-27.846197	0.472946	-1.051975	-28.122752	-0.052845	-1.249380	-28.133666	-0.074652	-1.274490	-27.874649	-0.077754	-1.021803	-27.851812	-0.072184	-1.047226
4261	59.186073	00:00:59:13	-27.939783	1.638489	-1.251161	-27.979929	1.672321	-1.101033	-28.079934	1.640461	-1.143944	-27.988574	1.529020	-1.160046	-28.021811	1.528767	-1.129237	-28.110752	1.500788	-1.272379	-27.874994	1.566490	-1.087556	-28.043341	1.456552	-0.927802	-27.979431	0.762021	-1.575931	-27.985558	1.371604	-0.554324	-28.090813	-0.060945	-2.055441	-28.046665	1.378848	-0.593615	-28.082101	-0.045715	-2.064275	-28.030899	1.394073	-0.575467	-28.071207	-0.050609	-2.073074	-28.149516	0.954678	-1.244044	-28.131094	0.946946	-1.280191	-27.855276	0.974708	-1.049554	-27.820049	0.961661	-1.122248	-28.126093	0.467948	-1.259213	-27.874671	0.472657	-1.043338	-28.130457	-0.026194	-1.216145	-28.103958	-0.057136	-1.261029	-27.897859	-0.045453	-1.014986	-27.855183	-0.031306	-1.048155
4262	59.199967	00:00:59:14	-27.948724	1.666379	-1.248154	-27.970927	1.663557	-1.109299	-28.107099	1.618885	-1.136479	-28.006397	1.519622	-1.183856	-28.013936	1.538861	-1.134734	-28.119449	1.561025	-1.235933	-27.869747	1.545486	-1.075471	-28.081961	1.473970	-0.926989	-27.978352	0.747584	-1.593994	-28.004747	1.372791	-0.561922	-28.088131	-0.018146	-2.056279	-28.011598	1.365679	-0.554644	-28.104197	-0.045053	-2.066099	-28.022012	1.378960	-0.595965	-28.119129	-0.049480	-2.080814	-28.175415	0.976585	-1.235889	-28.143228	0.955945	-1.270912	-27.872228	0.968256	-1.041068	-27.848123	0.940513	-1.089374	-28.127601	0.439887	-1.255228	-27.881217	0.430107	-1.038119	-28.160541	-0.044691	-1.219057	-28.139962	-0.059537	-1.255576	-27.856560	-0.041799	-1.022686	-27.851519	-0.077142	-1.081417
4263	59.213860	00:00:59:15	-27.981068	1.652281	-1.219917	-27.951225	1.667136	-1.100709	-28.077783	1.647552	-1.133120	-28.006250	1.563378	-1.199558	-27.997746	1.535739	-1.174334	-28.130338	1.543979	-1.255465	-27.882934	1.548295	-1.092123	-28.067197	1.478221	-0.934350	-27.945582	0.766327	-1.584272	-28.018760	1.383377	-0.543849	-28.117454	-0.046416	-2.052960	-28.032507	1.365919	-0.592277	-28.104704	-0.034616	-2.038297	-28.045216	1.381536	-0.595708	-28.097401	-0.062683	-2.053811	-28.201278	0.988364	-1.243385	-28.146127	0.951681	-1.303544	-27.864231	0.960069	-1.058047	-27.801409	0.930772	-1.089353	-28.149148	0.450712	-1.240309	-27.860302	0.468609	-1.041806	-28.183573	-0.044790	-1.228235	-28.141333	-0.067349	-1.294061	-27.891374	-0.074963	-1.011588	-27.823500	-0.055764	-1.082385
4264	59.227754	00:00:59:16	-27.973623	1.645850	-1.229834	-27.992506	1.644274	-1.102936	-28.093505	1.668676	-1.159050	-27.993601	1.534778	-1.160377	-28.045369	1.532444	-1.154022	-28.114032	1.539134	-1.254295	-27.889561	1.556375	-1.087096	-28.100918	1.478700	-0.949222	-27.963328	0.751193	-1.566315	-28.032370	1.393510	-0.598296	-28.080263	-0.009002	-2.066252	-28.029706	1.391171	-0.551362	-28.082463	-0.052238	-2.059214	-27.988020	1.395849	-0.572006	-28.098568	-0.009783	-2.051010	-28.144007	0.956644	-1.233466	-28.124614	0.960030	-1.242246	-27.830614	0.992147	-1.035138	-27.850698	0.972492	-1.084987	-28.165822	0.448411	-1.252568	-27.828917	0.429597	-1.039694	-28.183739	-0.051963	-1.236946	-28.120501	-0.064004	-1.242603	-27.849048	-0.040986	-1.019443	-27.839736	-0.046753	-1.063239
4265	59.241647	00:00:59:17	-27.989229	1.643962	-1.205073	-27.985434	1.658764	-1.129604	-28.083787	1.657566	-1.157039	-27.985168	1.573286	-1.192682	-28.032527	1.544977	-1.154057	-28.120119	1.568085	-1.245542	-27.855378	1.503536	-1.097866	-28.065105	1.476956	-0.909389	-27.977523	0.740316	-1.578461	-28.024047	1.394975	-0.551555	-28.106588	-0.052484	-2.050420	-28.029377	1.404258	-0.586954	-28.106819	-0.063686	-2.075449	-27.998109	1.390777	-0.569659	-28.109903	-0.056356	-2.065515	-28.165068	0.975637	-1.227876	-28.137396	0.966566	-1.326893	-27.854163	0.960711	-1.028807	-27.829701	0.975171	-1.090241	-28.153154	0.466890	-1.258517	-27.873335	0.471282	-1.062662	-28.186820	-0.045445	-1.217792	-28.155594	-0.036208	-1.276747	-27.886160	-0.033047	-1.037926	-27.821385	-0.033638	-1.048077
4266	59.255540	00:00:59:18	-27.987714	1.629062	-1.238123	-27.988951	1.681839	-1.086125	-28.088849	1.665631	-1.160017	-28.017300	1.589397	-1.191286	-28.036787	1.516607	-1.157061	-28.123926	1.563933	-1.233184	-27.871389	1.510941	-1.111671	-28.058904	1.457697	-0.901429	-27.945298	0.757297	-1.592870	-28.012268	1.434286	-0.582400	-28.102022	-0.036861	-2.092495	-28.023349	1.389659	-0.581006	-28.097731	-0.048584	-2.049992	-28.008794	1.398408	-0.546799	-28.068434	-0.059309	-2.060828	-28.183225	0.983076	-1.242809	-28.144983	0.994813	-1.301858	-27.870243	0.965010	-1.070087	-27.823838	0.956458	-1.090308	-28.133903	0.450669	-1.234090	-27.860699	0.438521	-1.077844	-28.178252	-0.043405	-1.232879	-28.160831	-0.074119	-1.284837	-27.873880	-0.071039	-1.007208	-27.857044	-0.062878	-1.076344
4267	59.269434	00:00:59:19	-27.944527	1.668870	-1.241502	-27.970283	1.637114	-1.090592	-28.104706	1.649336	-1.183336	-27.990083	1.545038	-1.170302	-28.028335	1.536698	-1.147792	-28.113590	1.550078	-1.241407	-27.878452	1.566630	-1.107583	-28.109323	1.486381	-0.965932	-27.963998	0.771216	-1.556076	-28.034722	1.405944	-0.559098	-28.120006	-0.053296	-2.072654	-28.031967	1.398659	-0.583644	-28.120273	-0.029523	-2.055488	-28.029001	1.365870	-0.577607	-28.075216	-0.070555	-2.068708	-28.169751	0.971793	-1.204712	-28.146139	0.945709	-1.291877	-27.834422	0.959996	-1.044792	-27.845170	0.964295	-1.084177	-28.146034	0.456533	-1.243837	-27.872602	0.449785	-1.078785	-28.160493	-0.048120	-1.210695	-28.156651	-0.082797	-1.266922	-27.872140	-0.084253	-1.025728	-27.861593	-0.030250	-1.030859
4268	59.283327	00:00:59:20	-27.958122	1.651168	-1.219679	-28.000557	1.666307	-1.100200	-28.076987	1.645163	-1.157096	-28.001266	1.524171	-1.194978	-28.003026	1.557674	-1.170865	-28.113023	1.521856	-1.261777	-27.854041	1.540887	-1.089731	-28.080815	1.475192	-0.913511	-27.994838	0.781609	-1.595084	-28.023736	1.388702	-0.558189	-28.097752	-0.046798	-2.092496	-28.055519	1.382142	-0.591815	-28.082976	-0.082729	-2.041708	-28.045018	1.393272	-0.580325	-28.058839	-0.039379	-2.061035	-28.199381	0.960984	-1.253152	-28.135922	0.961276	-1.322571	-27.877384	0.947496	-1.058777	-27.832097	0.994206	-1.055552	-28.132735	0.442592	-1.243860	-27.874329	0.436953	-1.082813	-28.161005	-0.043320	-1.198355	-28.120802	-0.082718	-1.299262	-27.866806	-0.038029	-1.024968	-27.850761	-0.044329	-1.034443
4269	59.297221	00:00:59:21	-27.965086	1.674073	-1.238816	-27.970043	1.662205	-1.111671	-28.028682	1.671045	-1.173133	-27.981424	1.550093	-1.155836	-28.021321	1.578002	-1.173866	-28.109613	1.566297	-1.279328	-27.837410	1.547123	-1.094773	-28.045861	1.460614	-0.938569	-28.010729	0.737990	-1.546332	-28.031452	1.397937	-0.562714	-28.109847	-0.063594	-2.066395	-28.033812	1.374249	-0.574799	-28.117811	-0.084194	-2.023281	-28.013189	1.388865	-0.567483	-28.103851	-0.045409	-2.078094	-28.183677	1.008508	-1.211431	-28.128229	0.955049	-1.265895	-27.866841	0.968883	-1.037052	-27.832397	0.954902	-1.108661	-28.131390	0.434619	-1.276915	-27.870485	0.443016	-1.055636	-28.186882	-0.057943	-1.185417	-28.149133	-0.030027	-1.244846	-27.850643	-0.031352	-1.034679	-27.853195	-0.044324	-1.088635
4270	59.311114	00:00:59:22	-27.974889	1.642318	-1.244327	-27.981998	1.685212	-1.073077	-28.124046	1.656503	-1.180313	-27.996063	1.512488	-1.201300	-28.002712	1.557822	-1.125764	-28.124437	1.550318	-1.273050	-27.899149	1.491328	-1.116777	-28.063649	1.464510	-0.902928	-27.964141	0.745126	-1.600380	-28.037477	1.396093	-0.570176	-28.079718	-0.073798	-2.064776	-27.993451	1.430706	-0.585329	-28.072390	-0.071492	-2.031695	-27.991571	1.383126	-0.547101	-28.104547	-0.039797	-2.066796	-28.153397	0.962003	-1.275915	-28.163013	0.963978	-1.312664	-27.884380	0.928753	-1.080571	-27.854852	0.977031	-1.050939	-28.179371	0.451043	-1.234018	-27.838582	0.476604	-1.086109	-28.165171	-0.035597	-1.220534	-28.108541	-0.067458	-1.289150	-27.846294	-0.050773	-1.045051	-27.836435	-0.075394	-1.071938
4271	59.325008	00:00:59:23	-27.934223	1.635204	-1.243642	-27.983553	1.670449	-1.090219	-28.075683	1.684456	-1.178786	-28.035147	1.542896	-1.183868	-28.045535	1.519356	-1.144179	-28.120335	1.564868	-1.275999	-27.841911	1.566518	-1.148595	-28.080012	1.468367	-0.897499	-27.989536	0.743790	-1.575210	-28.029380	1.373631	-0.558009	-28.094280	-0.016961	-2.071850	-28.018309	1.396743	-0.584761	-28.054749	-0.029520	-2.072615	-28.041583	1.398879	-0.586327	-28.069123	-0.057717	-2.073979	-28.162771	0.968581	-1.231744	-28.112591	0.937984	-1.267852	-27.869762	0.952661	-1.036028	-27.844518	0.944970	-1.107650	-28.154164	0.457385	-1.224162	-27.851516	0.463755	-1.093021	-28.144997	-0.054461	-1.218738	-28.151770	-0.055646	-1.283477	-27.853940	-0.085805	-1.046047	-27.836589	-0.069904	-1.088514
4272	59.338901	00:00:59:24	-27.990231	1.651986	-1.236060	-27.938158	1.652887	-1.109562	-28.084232	1.641677	-1.164213	-27.997682	1.555725	-1.193483	-28.008425	1.554516	-1.151459	-28.086767	1.545716	-1.263944	-27.891996	1.553404	-1.116630	-28.096589	1.473160	-0.889835	-27.924336	0.768182	-1.593209	-28.042930	1.404819	-0.562671	-28.107661	-0.056633	-2.041243	-28.014926	1.400653	-0.573146	-28.073279	-0.054922	-2.049025	-28.017583	1.379381	-0.600964	-28.096904	-0.049489	-2.044083	-28.158053	0.997376	-1.238013	-28.158375	0.946019	-1.269749	-27.817911	0.970231	-1.013434	-27.851313	0.972146	-1.063788	-28.153038	0.430522	-1.277798	-27.863580	0.471692	-1.083224	-28.140117	-0.067454	-1.229275	-28.154957	-0.052249	-1.277718	-27.856435	-0.058626	-1.013210	-27.835904	-0.081185	-1.068783
4273	59.352795	00:00:59:25	-27.986336	1.686071	-1.228142	-27.953811	1.627665	-1.080636	-28.049200	1.656630	-1.159725	-27.989643	1.566092	-1.200970	-28.041267	1.521535	-1.158114	-28.119675	1.526515	-1.260916	-27.865809	1.541004	-1.105183	-28.048359	1.466101	-0.927330	-27.984628	0.778183	-1.552174	-28.017682	1.375080	-0.579761	-28.088981	-0.011363	-2.086607	-28.048542	1.374024	-0.596755	-28.107327	-0.031719	-2.035572	-28.011847	1.383595	-0.566613	-28.074941	-0.079923	-2.072800	-28.175878	0.972141	-1.200784	-28.135025	0.974388	-1.289374	-27.874325	0.997006	-1.015573	-27.799886	0.935220	-1.129436	-28.141737	0.446324	-1.287260	-27.853144	0.442505	-1.029667	-28.178766	-0.053533	-1.230911	-28.137021	-0.076572	-1.310884	-27.892665	-0.064446	-1.028303	-27.836139	-0.064399	-1.072660
4274	59.366688	00:00:59:26	-27.950491	1.653607	-1.235575	-28.015389	1.679125	-1.092090	-28.061122	1.652205	-1.182841	-28.015425	1.541820	-1.181835	-28.035257	1.537581	-1.132233	-28.123189	1.528661	-1.283357	-27.834333	1.537648	-1.062195	-28.099158	1.478343	-0.907509	-27.963580	0.701902	-1.576898	-28.025993	1.397900	-0.546794	-28.107659	-0.021341	-2.042021	-28.018661	1.399261	-0.526289	-28.086843	-0.032789	-2.068780	-28.003700	1.405945	-0.566817	-28.102537	-0.051546	-2.058275	-28.195298	0.975820	-1.210615	-28.182181	0.929471	-1.268579	-27.879726	0.986926	-1.073170	-27.829102	0.971122	-1.121450	-28.159693	0.439580	-1.287254	-27.862748	0.467549	-1.067144	-28.158694	-0.049189	-1.209630	-28.156626	-0.051904	-1.266988	-27.872245	-0.044237	-1.025829	-27.875995	-0.049049	-1.072447
4275	59.380581	00:00:59:27	-27.959733	1.636141	-1.278995	-27.987244	1.643876	-1.113674	-28.050325	1.657867	-1.172790	-27.996107	1.526978	-1.217662	-28.035734	1.521390	-1.169845	-28.102982	1.573809	-1.256268	-27.895304	1.527940	-1.099389	-28.080060	1.458174	-0.916002	-27.978434	0.775078	-1.569129	-28.027661	1.433205	-0.560249	-28.093164	-0.062216	-2.065700	-28.012173	1.437016	-0.573285	-28.111430	-0.036413	-2.088077	-28.005741	1.374415	-0.584359	-28.087991	-0.052702	-2.046453	-28.174233	0.983134	-1.247972	-28.175811	0.942150	-1.271375	-27.850530	0.977993	-1.023683	-27.864130	0.978613	-1.112970	-28.131184	0.491634	-1.272191	-27.854481	0.425219	-1.061589	-28.177584	-0.009306	-1.211353	-28.127160	-0.052928	-1.282986	-27.829039	-0.035323	-1.058036	-27.837809	-0.045603	-1.075237
4276	59.394475	00:00:59:28	-27.939395	1.647789	-1.236966	-27.995232	1.657733	-1.098364	-28.060392	1.679547	-1.166312	-27.996839	1.558482	-1.177407	-28.019422	1.521287	-1.129407	-28.126573	1.541393	-1.267143	-27.866817	1.513363	-1.083440	-28.086321	1.461965	-0.914235	-27.985013	0.749559	-1.593727	-28.011885	1.417798	-0.562426	-28.078695	-0.019653	-2.065861	-27.988409	1.363385	-0.570343	-28.083135	-0.034022	-2.054965	-28.028148	1.404432	-0.537907	-28.060231	-0.053377	-2.051649	-28.190971	0.983347	-1.235557	-28.141464	0.933771	-1.283470	-27.896470	0.973120	-1.043646	-27.854719	0.946865	-1.087714	-28.168927	0.479283	-1.248544	-27.846226	0.433396	-1.085295	-28.209104	-0.074731	-1.223120	-28.134638	-0.046977	-1.265068	-27.865773	-0.057939	-1.067796	-27.844974	-0.065140	-1.104124
4277	59.408368	00:00:59:29	-27.994729	1.647124	-1.240640	-28.000399	1.668503	-1.115817	-28.083021	1.636493	-1.195764	-27.983861	1.529658	-1.169220	-27.999926	1.530203	-1.154540	-28.122474	1.532129	-1.263788	-27.888789	1.550592	-1.103410	-28.082929	1.476184	-0.912015	-27.979037	0.751555	-1.560083	-28.008899	1.402096	-0.563108	-28.090466	-0.030239	-2.089722	-28.054136	1.378919	-0.576375	-28.095643	-0.044281	-2.063619	-28.038793	1.430198	-0.570605	-28.091186	-0.024316	-2.045948	-28.191581	0.975024	-1.239298	-28.132039	0.954876	-1.309710	-27.861231	1.013368	-1.034495	-27.840990	0.947536	-1.098548	-28.170895	0.453867	-1.241624	-27.848572	0.462899	-1.022108	-28.163305	-0.025895	-1.218348	-28.137527	-0.045598	-1.286520	-27.898678	-0.059681	-1.019651	-27.816372	-0.061961	-1.072825
4278	59.422262	00:00:59:30	-27.943372	1.629032	-1.238656	-28.003817	1.629259	-1.103996	-28.077654	1.658911	-1.135709	-28.003321	1.536692	-1.172445	-28.033973	1.540816	-1.128055	-28.104266	1.545756	-1.296203	-27.849580	1.522530	-1.097171	-28.090436	1.497265	-0.916071	-28.003393	0.749035	-1.586404	-28.020072	1.398672	-0.551366	-28.091636	-0.072668	-2.076636	-28.010470	1.395686	-0.585429	-28.118788	-0.058631	-2.082544	-28.014102	1.378328	-0.564478	-28.087839	-0.046057	-2.051566	-28.179539	0.959321	-1.219096	-28.115845	0.983380	-1.291262	-27.914133	0.973055	-1.047365	-27.823462	0.989136	-1.108480	-28.157309	0.490688	-1.214721	-27.833560	0.461562	-1.076645	-28.178216	-0.064127	-1.213688	-28.155323	-0.027756	-1.256853	-27.861918	-0.043927	-1.035342	-27.826634	-0.070651	-1.110368
4279	59.436155	00:00:59:31	-27.944429	1.646671	-1.233297	-27.997641	1.654153	-1.110432	-28.040289	1.664597	-1.172812	-27.966555	1.531360	-1.167985	-27.989966	1.572685	-1.165460	-28.116752	1.533048	-1.262628	-27.832087	1.547803	-1.076119	-28.062623	1.482730	-0.902871	-27.990593	0.731800	-1.549323	-28.007962	1.411416	-0.574822	-28.074945	-0.038934	-2.046320	-28.025577	1.389854	-0.559614	-28.107188	-0.047947	-2.072396	-28.031210	1.418632	-0.589377	-28.086117	-0.045837	-2.051109	-28.189518	0.995531	-1.238212	-28.151195	0.991123	-1.295501	-27.875264	0.990274	-1.062948	-27.833587	0.998742	-1.077639	-28.138907	0.439902	-1.209734	-27.872170	0.429377	-1.064837	-28.195304	-0.038688	-1.229040	-28.102537	-0.060404	-1.237117	-27.873858	-0.032556	-1.005490	-27.833309	-0.070093	-1.094443
4280	59.450049	00:00:59:32	-27.958410	1.644233	-1.245103	-27.975958	1.637321	-1.110340	-28.082247	1.651977	-1.173578	-28.005803	1.541076	-1.171369	-28.021454	1.575019	-1.163334	-28.090712	1.566390	-1.258581	-27.858335	1.543886	-1.080891	-28.080436	1.468362	-0.933937	-27.995399	0.763286	-1.596210	-28.013984	1.393099	-0.567901	-28.109405	-0.051885	-2.078577	-28.010499	1.423709	-0.550264	-28.117970	-0.049632	-2.059499	-28.019903	1.414110	-0.592477	-28.110325	-0.042655	-2.048402	-28.161933	0.967154	-1.263902	-28.139135	0.945840	-1.283391	-27.834301	0.972349	-1.040688	-27.856570	0.966750	-1.082442	-28.177384	0.432390	-1.281720	-27.873088	0.478030	-1.077614	-28.173521	-0.047578	-1.230727	-28.150556	-0.063802	-1.270173	-27.874823	-0.054512	-1.023253	-27.845024	-0.070203	-1.081676
4281	59.463942	00:00:59:33	-27.970344	1.652205	-1.241526	-27.999677	1.627563	-1.108114	-28.101951	1.662490	-1.162551	-28.007182	1.535736	-1.183791	-28.032010	1.524689	-1.159125	-28.107214	1.526791	-1.248719	-27.887136	1.537212	-1.083113	-28.093194	1.497551	-0.919797	-27.968430	0.736172	-1.556609	-28.030214	1.380406	-0.545322	-28.090146	-0.041820	-2.054713	-28.030645	1.424811	-0.569095	-28.107192	-0.069248	-2.075085	-28.011120	1.379758	-0.581233	-28.082337	-0.036754	-2.076512	-28.190297	0.975129	-1.238625	-28.161678	0.973901	-1.246280	-27.861843	0.986371	-1.047475	-27.864198	0.960897	-1.133427	-28.183123	0.441632	-1.243568	-27.838836	0.446457	-1.070932	-28.182654	-0.050711	-1.252448	-28.118376	-0.042502	-1.255580	-27.871971	-0.032390	-1.027611	-27.828270	-0.026979	-1.069683
4282	59.477836	00:00:59:34	-27.982291	1.649086	-1.227049	-27.984618	1.654201	-1.080274	-28.097365	1.660671	-1.180461	-27.959022	1.541633	-1.208244	-27.980209	1.554065	-1.155588	-28.145839	1.539731	-1.286921	-27.867432	1.554658	-1.123894	-28.074813	1.453332	-0.909194	-28.029856	0.743124	-1.581838	-28.017247	1.424866	-0.569457	-28.086934	-0.080578	-2.080865	-28.043768	1.395361	-0.548048	-28.086376	-0.064909	-2.082838	-28.023313	1.377344	-0.549755	-28.087254	-0.048822	-2.051346	-28.167710	0.946320	-1.251689	-28.159503	0.986351	-1.272234	-27.870957	0.977074	-1.031261	-27.860635	0.961731	-1.084782	-28.159514	0.413943	-1.241461	-27.858572	0.473431	-1.061358	-28.157390	-0.039298	-1.219413	-28.160295	-0.075758	-1.270228	-27.848377	-0.060630	-1.047013	-27.847757	-0.068274	-1.055807
4283	59.491729	00:00:59:35	-27.946090	1.619413	-1.266882	-27.977890	1.666539	-1.113625	-28.063552	1.668124	-1.137879	-27.997366	1.547148	-1.189481	-28.030348	1.550295	-1.139939	-28.124198	1.551687	-1.293388	-27.855668	1.537336	-1.093057	-28.050173	1.449615	-0.890295	-27.998390	0.773658	-1.597642	-28.042360	1.423274	-0.569964	-28.053372	-0.058746	-2.069300	-28.005617	1.413362	-0.572015	-28.082284	-0.041939	-2.087876	-28.026017	1.385921	-0.590147	-28.091485	-0.037377	-2.090280	-28.172700	0.940263	-1.217901	-28.164660	0.976642	-1.258828	-27.860876	0.984073	-1.018645	-27.861375	0.954979	-1.089127	-28.141966	0.438239	-1.272250	-27.881572	0.465174	-1.067708	-28.149214	-0.070471	-1.227254	-28.125216	-0.078683	-1.302672	-27.901372	-0.043861	-1.025110	-27.822966	-0.048952	-1.105562
4284	59.505622	00:00:59:36	-27.937487	1.601837	-1.210584	-28.000151	1.670430	-1.115774	-28.076557	1.628475	-1.157082	-27.978094	1.554056	-1.172511	-28.018319	1.537830	-1.159212	-28.126412	1.516299	-1.292113	-27.881591	1.546456	-1.101296	-28.084058	1.492179	-0.874926	-27.967631	0.711477	-1.578561	-28.055095	1.401587	-0.545941	-28.089175	-0.050638	-2.070946	-28.018344	1.406927	-0.606065	-28.108948	-0.110006	-2.051828	-28.023962	1.345432	-0.583862	-28.109045	-0.089689	-2.069226	-28.193813	0.930971	-1.239210	-28.103644	0.945332	-1.264732	-27.850427	0.953700	-1.048153	-27.840337	0.962417	-1.073316	-28.134319	0.450825	-1.277396	-27.852915	0.431503	-1.029821	-28.163722	-0.096816	-1.226308	-28.109349	-0.081454	-1.285997	-27.855651	-0.028572	-1.020207	-27.782429	-0.047052	-1.057232
4285	59.519516	00:00:59:37	-27.954579	1.643946	-1.229210	-27.980519	1.663384	-1.079689	-28.068678	1.657672	-1.157610	-28.019816	1.550437	-1.190411	-28.028407	1.537619	-1.125698	-28.118436	1.528570	-1.271382	-27.895548	1.552996	-1.121768	-28.074299	1.489961	-0.906575	-27.988135	0.744045	-1.559261	-28.028016	1.379397	-0.534409	-28.114788	-0.057212	-2.088390	-28.019805	1.411759	-0.557346	-28.114543	-0.035023	-2.036326	-28.060419	1.385836	-0.570834	-28.104470	-0.048329	-2.074312	-28.172569	0.993061	-1.227282	-28.155553	0.999792	-1.302971	-27.874636	0.984559	-1.087160	-27.815644	0.958139	-1.099622	-28.170537	0.473643	-1.248386	-27.866927	0.423285	-1.082647	-28.175941	-0.042019	-1.195802	-28.126421	-0.057237	-1.269134	-27.849931	-0.065503	-1.043300	-27.868521	-0.054236	-1.054157
4286	59.533409	00:00:59:38	-27.932608	1.600135	-1.218192	-27.976952	1.647996	-1.124308	-28.098664	1.621259	-1.172195	-27.995231	1.536815	-1.214517	-28.015929	1.529248	-1.102662	-28.116296	1.542890	-1.273013	-27.844547	1.569512	-1.075469	-28.078236	1.459150	-0.881316	-27.977131	0.745511	-1.574751	-28.000095	1.385889	-0.551954	-28.085458	-0.051864	-2.061773	-28.046050	1.420645	-0.590604	-28.107593	-0.033058	-2.082207	-28.033403	1.396266	-0.584586	-28.105738	-0.054742	-2.065459	-28.168794	0.976234	-1.209987	-28.151559	0.961048	-1.271696	-27.872810	0.946411	-1.077393	-27.820473	0.949840	-1.087225	-28.163124	0.438340	-1.238868	-27.850640	0.447872	-1.070975	-28.159181	-0.063515	-1.212932	-28.168752	-0.075408	-1.261601	-27.885392	-0.056776	-1.010615	-27.829746	-0.025668	-1.050026
4287	59.547303	00:00:59:39	-27.942805	1.639498	-1.212263	-27.983399	1.642936	-1.087512	-28.079235	1.667755	-1.133421	-28.015583	1.525414	-1.184586	-28.021314	1.536536	-1.141507	-28.122805	1.539495	-1.245635	-27.871101	1.559674	-1.132764	-28.089512	1.451893	-0.920240	-27.979588	0.733232	-1.599842	-28.005541	1.393052	-0.530449	-28.073742	-0.017257	-2.062723	-28.016531	1.403847	-0.547691	-28.092095	-0.043320	-2.078526	-28.045987	1.428825	-0.571521	-28.063246	-0.017651	-2.065504	-28.187528	0.947117	-1.258359	-28.138833	0.975479	-1.274607	-27.869021	0.986493	-1.053851	-27.847242	0.968544	-1.065889	-28.144481	0.453495	-1.266900	-27.837200	0.449240	-1.080011	-28.191049	-0.052464	-1.225377	-28.138685	-0.026001	-1.252512	-27.851948	-0.055140	-1.026270	-27.816689	-0.105546	-1.066720
4288	59.561196	00:00:59:40	-27.963358	1.618464	-1.243442	-27.989643	1.678299	-1.107792	-28.112649	1.641101	-1.169414	-27.975225	1.526715	-1.171075	-28.025774	1.553656	-1.145913	-28.110687	1.521328	-1.279452	-27.862396	1.553448	-1.116043	-28.064666	1.488727	-0.952621	-27.966706	0.764087	-1.580775	-28.031777	1.391092	-0.595312	-28.112074	-0.017697	-2.040403	-28.025204	1.400608	-0.568795	-28.075830	-0.034485	-2.066841	-28.043793	1.393692	-0.580861	-28.125853	-0.047035	-2.055769	-28.151708	0.971059	-1.254482	-28.163215	0.929373	-1.276877	-27.867503	0.973990	-1.038675	-27.828682	0.978218	-1.102619	-28.188196	0.438496	-1.254142	-27.881109	0.419322	-1.052529	-28.165601	-0.066849	-1.216444	-28.146176	-0.045351	-1.242608	-27.866667	-0.023441	-1.041550	-27.820958	-0.082853	-1.085325
4289	59.575090	00:00:59:41	-27.973171	1.634918	-1.221354	-27.982749	1.666787	-1.075733	-28.084874	1.665864	-1.163129	-28.003377	1.572728	-1.176378	-28.001804	1.565958	-1.159938	-28.134432	1.558505	-1.234937	-27.859392	1.539800	-1.084999	-28.057910	1.445756	-0.898346	-27.991145	0.767566	-1.606097	-28.019475	1.421869	-0.559979	-28.061901	-0.052940	-2.088065	-28.020825	1.392409	-0.543438	-28.064195	-0.077092	-2.084603	-28.061554	1.429302	-0.570865	-28.091781	-0.042352	-2.049922	-28.174695	0.960011	-1.251857	-28.162961	0.950771	-1.329666	-27.828134	0.959860	-1.032866	-27.836297	0.970179	-1.081893	-28.148648	0.466834	-1.249545	-27.855359	0.442737	-1.056530	-28.186984	-0.060743	-1.218172	-28.134166	-0.065910	-1.280254	-27.851403	-0.045259	-1.014250	-27.840538	-0.071520	-1.051332
4290	59.588983	00:00:59:42	-27.980919	1.619643	-1.224605	-27.980176	1.618282	-1.090647	-28.103807	1.681448	-1.175610	-28.001891	1.536798	-1.164689	-28.011126	1.536806	-1.121358	-28.119657	1.525019	-1.269648	-27.864190	1.562175	-1.100647	-28.073074	1.484828	-0.934340	-27.956846	0.760927	-1.614209	-28.033731	1.412524	-0.574959	-28.087556	-0.026715	-2.093181	-28.013464	1.425522	-0.550317	-28.076360	-0.022005	-2.097132	-28.019515	1.409962	-0.571111	-28.107829	-0.015646	-2.046302	-28.198451	0.966099	-1.230076	-28.130204	0.927060	-1.308919	-27.899472	0.990266	-1.064085	-27.796973	0.983571	-1.095116	-28.159369	0.466160	-1.229156	-27.862272	0.485577	-1.072783	-28.168343	-0.071986	-1.221690	-28.141879	-0.049453	-1.258671	-27.867260	-0.055980	-1.015278	-27.836450	-0.068215	-1.067760
4291	59.602877	00:00:59:43	-27.968067	1.643164	-1.232042	-27.976043	1.649167	-1.051120	-28.098554	1.673854	-1.146028	-28.010186	1.544479	-1.207765	-28.056196	1.524395	-1.185751	-28.072502	1.558290	-1.237823	-27.850754	1.523040	-1.106620	-28.073984	1.476919	-0.913081	-27.961660	0.716322	-1.582324	-28.014019	1.409130	-0.564162	-28.073805	-0.069146	-2.047560	-28.028404	1.397856	-0.543247	-28.115707	-0.059968	-2.049712	-28.030177	1.415944	-0.560118	-28.049329	-0.037330	-2.064800	-28.174631	0.984196	-1.233193	-28.175619	0.960840	-1.293667	-27.883503	0.997039	-1.072224	-27.803468	0.993596	-1.044262	-28.144870	0.445531	-1.245323	-27.868551	0.453717	-1.064813	-28.151696	-0.029810	-1.208843	-28.157148	-0.013379	-1.256439	-27.901445	-0.080546	-0.999977	-27.856745	-0.054695	-1.075725
4292	59.616770	00:00:59:44	-27.956189	1.629848	-1.259496	-27.984209	1.645159	-1.086559	-28.098255	1.673649	-1.167072	-28.010320	1.537443	-1.181933	-28.030666	1.571294	-1.142940	-28.110210	1.558078	-1.225753	-27.913975	1.540616	-1.124506	-28.077729	1.457248	-0.915195	-27.949541	0.763005	-1.588432	-28.027923	1.427893	-0.591471	-28.077314	-0.044011	-2.082818	-28.045865	1.409832	-0.574456	-28.111167	-0.037305	-2.094811	-28.056196	1.413062	-0.580744	-28.105097	-0.058527	-2.053844	-28.152633	0.960800	-1.236913	-28.149169	0.946779	-1.273812	-27.885773	0.989753	-1.045318	-27.851589	0.955096	-1.082802	-28.178829	0.421772	-1.238289	-27.849201	0.484726	-1.089431	-28.166165	-0.029832	-1.200679	-28.120633	-0.075565	-1.245722	-27.860417	-0.060590	-1.019489	-27.840297	-0.039561	-1.068535
4293	59.630663	00:00:59:45	-27.949388	1.643321	-1.246294	-27.977367	1.676735	-1.112547	-28.077038	1.683001	-1.181398	-27.988044	1.566516	-1.173845	-28.011682	1.517807	-1.153950	-28.099900	1.575560	-1.290948	-27.892651	1.553324	-1.103209	-28.077814	1.494893	-0.906161	-27.987334	0.769044	-1.562044	-28.004296	1.370695	-0.558676	-28.106010	-0.053861	-2.075106	-28.039150	1.426606	-0.562621	-28.083953	-0.023071	-2.054196	-27.988579	1.412647	-0.564981	-28.122329	-0.039555	-2.060449	-28.174986	0.941405	-1.247895	-28.163527	0.961252	-1.292957	-27.854415	0.955763	-1.071433	-27.836802	0.962423	-1.100508	-28.167148	0.453972	-1.258544	-27.847497	0.476524	-1.058461	-28.148843	-0.046868	-1.234832	-28.131758	-0.044593	-1.248467	-27.874038	-0.036065	-1.012636	-27.827538	-0.067766	-1.069453
4294	59.644557	00:00:59:46	-27.994506	1.652655	-1.254687	-27.989301	1.675812	-1.113531	-28.072777	1.659516	-1.173656	-27.981532	1.589743	-1.181232	-28.026552	1.563750	-1.152763	-28.142204	1.558198	-1.287357	-27.879278	1.533389	-1.084400	-28.077492	1.488878	-0.894841	-27.951898	0.747364	-1.583124	-28.050178	1.413405	-0.556792	-28.119065	-0.038585	-2.041860	-28.026139	1.420974	-0.582521	-28.105320	-0.040826	-2.079543	-28.012470	1.403898	-0.535606	-28.082788	-0.031157	-2.053966	-28.149285	0.963279	-1.233420	-28.140087	0.946712	-1.294924	-27.858300	0.966575	-1.014218	-27.841569	0.974894	-1.095552	-28.147242	0.448919	-1.222323	-27.856050	0.427730	-1.074665	-28.164855	-0.032464	-1.218303	-28.138573	-0.058197	-1.240128	-27.862669	-0.023071	-1.005537	-27.852058	-0.043299	-1.087422
4295	59.658450	00:00:59:47	-27.973737	1.595200	-1.251947	-27.958906	1.668820	-1.087782	-28.076731	1.665849	-1.145222	-28.024801	1.516030	-1.175651	-28.005360	1.539202	-1.158866	-28.106361	1.521249	-1.251055	-27.851197	1.538027	-1.095987	-28.096108	1.456904	-0.899090	-28.007155	0.771241	-1.585036	-28.019351	1.428064	-0.567699	-28.079407	-0.040691	-2.073047	-28.011911	1.414225	-0.578251	-28.110067	-0.037366	-2.060438	-28.014870	1.438940	-0.541712	-28.085863	-0.073436	-2.054472	-28.183906	0.964224	-1.227627	-28.149797	0.974129	-1.278073	-27.869232	0.985817	-1.047162	-27.847583	0.935645	-1.095107	-28.162274	0.442777	-1.212991	-27.839757	0.475060	-1.038543	-28.180441	-0.065024	-1.222087	-28.169162	-0.033706	-1.239772	-27.844741	-0.067854	-1.004268	-27.802507	-0.056410	-1.110706
4296	59.672344	00:00:59:48	-27.968689	1.651674	-1.232913	-27.964354	1.668823	-1.118518	-28.114590	1.675871	-1.162902	-28.015695	1.541593	-1.178507	-28.040065	1.538166	-1.176000	-28.117994	1.549752	-1.253162	-27.874329	1.524192	-1.120139	-28.065062	1.456722	-0.898613	-27.994619	0.734774	-1.591639	-28.037439	1.378879	-0.567153	-28.073781	-0.038148	-2.037327	-28.041304	1.428205	-0.582095	-28.104933	-0.038302	-2.082445	-28.022376	1.418516	-0.579941	-28.070566	-0.050327	-2.068989	-28.160442	0.961102	-1.223193	-28.144450	0.978976	-1.318785	-27.886823	0.975540	-1.035384	-27.853479	0.973934	-1.075733	-28.164200	0.451500	-1.250899	-27.890280	0.409677	-1.076927	-28.185698	-0.059229	-1.217396	-28.136864	-0.059082	-1.253929	-27.890858	-0.060164	-1.025289	-27.847740	-0.032893	-1.080767
4297	59.686237	00:00:59:49	-27.954515	1.664734	-1.224238	-27.991264	1.692205	-1.089840	-28.104870	1.685255	-1.167517	-28.014731	1.566283	-1.201767	-28.013816	1.533645	-1.119449	-28.132150	1.529165	-1.248443	-27.854715	1.553585	-1.106874	-28.062403	1.473165	-0.898553	-27.964207	0.762468	-1.554776	-28.028443	1.421180	-0.548255	-28.092162	-0.061592	-2.051229	-28.030678	1.423274	-0.586668	-28.078039	-0.071151	-2.072157	-28.042613	1.421904	-0.596183	-28.111794	-0.038758	-2.042892	-28.181195	0.956212	-1.221404	-28.141256	0.978974	-1.283145	-27.878458	0.998306	-1.043095	-27.845277	0.955749	-1.125948	-28.171453	0.461070	-1.248077	-27.856453	0.450701	-1.060334	-28.162482	-0.058879	-1.225508	-28.158698	-0.050228	-1.266356	-27.876570	-0.035755	-1.014185	-27.864271	-0.029857	-1.054485
4298	59.700131	00:00:59:50	-27.947462	1.628319	-1.255755	-27.959611	1.642800	-1.085520	-28.100630	1.671218	-1.187597	-28.010502	1.576552	-1.173154	-28.034714	1.541880	-1.152368	-28.125117	1.548673	-1.234797	-27.870402	1.527413	-1.093440	-28.082761	1.486226	-0.891541	-27.988858	0.755649	-1.555590	-28.018114	1.410035	-0.553138	-28.128202	-0.050303	-2.031786	-28.047777	1.421606	-0.557141	-28.066832	-0.034213	-2.025971	-28.023363	1.415616	-0.528651	-28.097668	-0.020791	-2.078224	-28.181070	0.974830	-1.192385	-28.133626	0.948680	-1.281872	-27.855111	0.983648	-1.049264	-27.815529	0.976717	-1.096843	-28.144562	0.433979	-1.252648	-27.854793	0.436545	-1.084613	-28.177833	-0.067966	-1.219313	-28.153209	-0.070841	-1.266437	-27.869917	-0.073995	-1.005539	-27.807623	-0.064818	-1.060616
4299	59.714024	00:00:59:51	-27.955480	1.653401	-1.211306	-27.991286	1.717198	-1.115712	-28.086425	1.659986	-1.132013	-28.015700	1.533896	-1.178048	-27.998558	1.561403	-1.138543	-28.140250	1.544146	-1.227135	-27.897184	1.558058	-1.102286	-28.056455	1.497198	-0.908140	-27.967662	0.733495	-1.555384	-28.016492	1.416539	-0.565669	-28.074687	-0.061700	-2.031293	-28.028464	1.421372	-0.536772	-28.111595	-0.054635	-2.062841	-28.014902	1.410664	-0.580599	-28.121619	-0.045101	-2.081280	-28.176800	0.950961	-1.198872	-28.166779	0.985359	-1.261019	-27.868486	0.942428	-1.074461	-27.843053	0.973071	-1.091096	-28.178876	0.431942	-1.256569	-27.863584	0.498353	-1.043037	-28.185685	-0.086102	-1.205128	-28.158322	-0.065305	-1.246036	-27.862108	-0.037729	-1.020366	-27.831866	-0.020137	-1.086278
4300	59.727918	00:00:59:52	-27.948716	1.675574	-1.231423	-27.965200	1.639862	-1.098421	-28.068480	1.661369	-1.162887	-28.010378	1.519533	-1.157075	-28.023530	1.555622	-1.129532	-28.149988	1.538045	-1.228575	-27.849430	1.545681	-1.082835	-28.074254	1.501814	-0.871588	-27.974403	0.751959	-1.578936	-28.011738	1.414522	-0.528113	-28.081318	-0.027353	-2.065309	-28.047432	1.441688	-0.576540	-28.077340	-0.044399	-2.042108	-28.036010	1.418153	-0.584479	-28.077875	-0.050615	-2.092397	-28.148077	0.944800	-1.220653	-28.123637	0.934936	-1.281947	-27.848689	0.963322	-1.037055	-27.851061	0.927646	-1.104086	-28.165215	0.417948	-1.240740	-27.845490	0.443492	-1.042958	-28.170018	-0.042998	-1.232523	-28.168982	-0.078280	-1.241314	-27.865150	-0.052160	-1.017421	-27.871808	-0.085752	-1.043516
4301	59.741811	00:00:59:53	-27.956171	1.621915	-1.265456	-27.961046	1.662976	-1.086310	-28.085434	1.639852	-1.167694	-28.002795	1.523270	-1.205317	-28.017333	1.531095	-1.127931	-28.154515	1.529297	-1.275343	-27.857270	1.526458	-1.063319	-28.054960	1.480008	-0.913861	-27.980877	0.754122	-1.597017	-28.024179	1.399530	-0.589940	-28.091879	-0.030328	-2.047543	-28.051176	1.442896	-0.549224	-28.124107	-0.069234	-2.056277	-28.031555	1.431814	-0.550796	-28.103652	-0.023563	-2.038521	-28.204920	0.997499	-1.256776	-28.131273	0.942812	-1.285126	-27.866886	0.957168	-1.002432	-27.836393	0.958693	-1.081029	-28.150322	0.473057	-1.220327	-27.851716	0.470131	-1.026860	-28.161949	-0.057135	-1.192078	-28.137026	-0.056682	-1.279568	-27.877785	-0.059232	-1.033464	-27.857646	-0.074370	-1.075580
4302	59.755704	00:00:59:54	-27.944775	1.635361	-1.226502	-27.966199	1.657167	-1.076957	-28.075906	1.665218	-1.137552	-27.999812	1.547274	-1.211038	-27.990660	1.570373	-1.140578	-28.137861	1.539445	-1.261636	-27.873905	1.492275	-1.109493	-28.088310	1.463405	-0.939817	-27.976733	0.771827	-1.584350	-28.056965	1.430270	-0.594983	-28.111857	-0.037543	-2.041941	-28.032451	1.406444	-0.569346	-28.099817	-0.049722	-2.045475	-28.062467	1.436192	-0.527088	-28.076000	-0.042076	-2.079105	-28.165483	0.978508	-1.237933	-28.144080	0.937331	-1.249568	-27.889990	0.957211	-1.042329	-27.844014	0.964771	-1.085091	-28.176064	0.451269	-1.274640	-27.849023	0.466836	-1.069210	-28.184826	-0.070689	-1.203093	-28.148702	-0.056072	-1.265327	-27.853549	-0.049616	-1.020480	-27.831346	-0.075246	-1.086591
4303	59.769598	00:00:59:55	-27.993206	1.641867	-1.217329	-27.962055	1.670302	-1.069456	-28.077507	1.641382	-1.183622	-28.009498	1.543165	-1.173427	-27.999737	1.536963	-1.164266	-28.150595	1.535518	-1.275624	-27.860273	1.525133	-1.161372	-28.097777	1.489474	-0.895303	-27.986355	0.772765	-1.618183	-28.039277	1.410672	-0.586409	-28.104557	-0.061792	-2.096325	-28.024521	1.379867	-0.542882	-28.060538	-0.020957	-2.052637	-28.047260	1.393806	-0.573132	-28.105957	-0.010881	-2.062022	-28.185739	0.974620	-1.250671	-28.145815	0.974310	-1.277556	-27.866656	0.992367	-1.079314	-27.816264	0.931178	-1.106443	-28.185674	0.430207	-1.240618	-27.875184	0.442320	-1.072830	-28.166149	-0.054651	-1.182687	-28.158679	-0.042839	-1.277882	-27.899246	-0.028260	-1.025213	-27.824679	-0.003539	-1.078723
4304	59.783491	00:00:59:56	-27.988225	1.632028	-1.222830	-27.973175	1.663215	-1.101567	-28.071269	1.646077	-1.170611	-27.980449	1.552767	-1.178654	-28.023837	1.546933	-1.164977	-28.104971	1.553434	-1.236102	-27.865856	1.558923	-1.106241	-28.075730	1.462838	-0.935012	-28.002681	0.773271	-1.585112	-28.023800	1.410497	-0.568618	-28.102308	-0.045845	-2.050145	-28.052342	1.402609	-0.543213	-28.112152	-0.052196	-2.051843	-28.028664	1.446487	-0.552209	-28.106965	-0.032852	-2.070372	-28.146814	0.989133	-1.209120	-28.156438	0.963067	-1.275955	-27.889569	0.960965	-1.014676	-27.837058	0.948763	-1.070142	-28.170278	0.448409	-1.236183	-27.851433	0.450382	-1.023264	-28.206587	-0.043452	-1.240006	-28.185886	-0.099684	-1.238135	-27.868841	-0.049539	-1.005419	-27.834552	-0.077109	-1.031577
4305	59.797385	00:00:59:57	-27.941828	1.647272	-1.209034	-27.965007	1.640075	-1.091379	-28.076641	1.641963	-1.173275	-27.983733	1.527664	-1.164642	-28.016171	1.524901	-1.167826	-28.135870	1.529360	-1.246424	-27.849125	1.574272	-1.107908	-28.084638	1.475400	-0.905335	-27.967218	0.734987	-1.546938	-28.031074	1.445431	-0.554488	-28.102373	-0.034089	-2.063562	-28.023702	1.415130	-0.560914	-28.087917	-0.036786	-2.070970	-28.000313	1.424309	-0.554330	-28.085165	-0.048160	-2.065000	-28.180339	0.952260	-1.247376	-28.132236	0.964161	-1.268435	-27.892120	0.995884	-1.056350	-27.846315	0.977396	-1.086745	-28.146353	0.454760	-1.278299	-27.846232	0.433635	-1.037427	-28.165433	-0.040629	-1.191159	-28.153874	-0.084988	-1.241010	-27.865062	-0.036050	-1.005129	-27.825969	-0.033319	-1.055717
4306	59.811278	00:00:59:58	-27.987610	1.650085	-1.204867	-27.955796	1.656049	-1.125685	-28.095021	1.651829	-1.163619	-27.976758	1.544242	-1.202864	-28.014557	1.529106	-1.153964	-28.124139	1.555954	-1.235052	-27.873461	1.528824	-1.121881	-28.086836	1.463841	-0.894554	-27.993336	0.736041	-1.570478	-28.009603	1.394080	-0.577770	-28.097906	-0.034377	-2.073235	-27.993020	1.430607	-0.580937	-28.104874	-0.053461	-2.080668	-28.005833	1.465815	-0.549297	-28.081898	-0.056137	-2.030580	-28.157951	0.972430	-1.237094	-28.138756	0.964820	-1.263115	-27.874189	0.948887	-1.024654	-27.832990	0.994579	-1.113527	-28.156202	0.454399	-1.269109	-27.849939	0.455262	-1.025662	-28.164128	-0.007162	-1.219735	-28.138852	-0.016839	-1.264640	-27.859937	-0.052189	-1.008343	-27.816532	-0.067122	-1.087251
4307	59.825172	00:00:59:59	-27.972640	1.660453	-1.285497	-27.963987	1.650610	-1.108473	-28.084869	1.671562	-1.142212	-27.995515	1.532134	-1.172703	-28.014921	1.540207	-1.148051	-28.152662	1.568169	-1.241749	-27.876002	1.524394	-1.125326	-28.070142	1.478194	-0.913935	-27.989108	0.764220	-1.558236	-28.038731	1.384737	-0.562401	-28.071275	-0.079277	-2.051708	-28.064309	1.449867	-0.548223	-28.095528	-0.056754	-2.075671	-28.032082	1.447676	-0.587569	-28.107440	-0.040212	-2.066373	-28.171338	0.958871	-1.209456	-28.129129	0.980308	-1.270184	-27.845950	0.964907	-1.010668	-27.849118	0.937543	-1.087249	-28.157146	0.432732	-1.262348	-27.832703	0.458962	-1.061115	-28.164814	-0.046808	-1.208949	-28.164802	-0.056159	-1.259615	-27.871567	-0.085521	-1.023176	-27.810711	-0.052682	-1.108886
4308	59.839065	00:00:59:60	-27.981494	1.619997	-1.250424	-27.965031	1.688877	-1.123674	-28.112038	1.675884	-1.159294	-27.999007	1.540045	-1.176132	-28.019567	1.553672	-1.114794	-28.122233	1.549907	-1.261461	-27.870663	1.531450	-1.074721	-28.055337	1.527346	-0.885240	-27.955747	0.768069	-1.570672	-28.024342	1.420000	-0.555233	-28.121084	-0.037063	-2.044569	-28.001909	1.417198	-0.563102	-28.106490	-0.074218	-2.053453	-28.047946	1.417865	-0.570522	-28.085403	-0.038902	-2.069446	-28.177761	0.988237	-1.234005	-28.158801	0.934376	-1.307405	-27.889969	0.964362	-1.024339	-27.804872	0.961571	-1.079234	-28.171515	0.445159	-1.244467	-27.876952	0.469635	-1.054424	-28.141801	-0.037704	-1.230876	-28.155594	-0.099102	-1.253382	-27.886678	-0.048663	-1.020598	-27.837896	-0.070618	-1.085057
4309	59.852959	00:00:59:61	-27.969799	1.641390	-1.196028	-27.960831	1.655005	-1.097469	-28.098662	1.662748	-1.130174	-28.005881	1.553114	-1.166337	-27.989832	1.569239	-1.148183	-28.116280	1.536942	-1.252787	-27.896215	1.550906	-1.079507	-28.070106	1.498968	-0.904218	-27.995905	0.760776	-1.569634	-28.040392	1.394886	-0.568606	-28.102538	-0.060317	-2.086201	-28.080094	1.440960	-0.550642	-28.069377	-0.037068	-2.025105	-28.037058	1.452754	-0.550503	-28.095073	-0.036622	-2.056960	-28.178371	0.970356	-1.225156	-28.153503	0.982081	-1.295533	-27.865881	0.989697	-1.006901	-27.843478	0.946960	-1.111841	-28.143121	0.452672	-1.223456	-27.842216	0.445840	-1.044601	-28.199532	-0.061614	-1.226454	-28.164979	-0.064431	-1.269461	-27.862026	-0.048774	-1.024050	-27.839321	-0.067159	-1.043310
4310	59.866852	00:00:59:62	-27.934428	1.629632	-1.239377	-27.944590	1.659272	-1.103288	-28.077383	1.675977	-1.168304	-27.999219	1.514479	-1.189891	-28.023591	1.535055	-1.144033	-28.120093	1.535219	-1.244957	-27.874990	1.539427	-1.094829	-28.050358	1.488283	-0.910806	-27.971974	0.776157	-1.573922	-28.009819	1.430265	-0.544305	-28.084701	-0.051160	-2.070531	-28.054932	1.425922	-0.524479	-28.093674	-0.055523	-2.055803	-28.054263	1.433244	-0.598362	-28.102119	-0.055220	-2.082471	-28.190626	0.987925	-1.268601	-28.143694	0.972233	-1.319937	-27.858499	0.948555	-1.058640	-27.854071	0.973591	-1.080073	-28.158727	0.468284	-1.259916	-27.862746	0.449229	-1.071002	-28.174457	-0.045464	-1.216769	-28.139360	-0.091701	-1.260844	-27.877290	-0.068618	-1.018545	-27.847174	-0.051214	-1.084492
4311	59.880745	00:00:59:63	-27.932021	1.655937	-1.229568	-27.971888	1.686229	-1.121065	-28.065277	1.676848	-1.173471	-28.007584	1.536835	-1.181414	-28.036705	1.575238	-1.150046	-28.116068	1.540911	-1.262166	-27.878973	1.547064	-1.094980	-28.055492	1.491090	-0.917596	-27.952066	0.745779	-1.567744	-28.052982	1.438638	-0.539300	-28.114183	-0.072207	-2.058170	-28.046748	1.441420	-0.550433	-28.088685	-0.047997	-2.049534	-28.049663	1.435964	-0.585973	-28.066900	-0.054796	-2.063945	-28.175429	0.934341	-1.224672	-28.136081	0.966156	-1.307153	-27.880599	0.940267	-1.046375	-27.811261	0.939827	-1.110296	-28.137399	0.437178	-1.242036	-27.823143	0.464878	-1.049640	-28.193934	-0.059725	-1.206372	-28.146649	-0.023431	-1.243314	-27.904180	-0.016719	-1.022886	-27.850645	-0.055686	-1.095255
4312	59.894639	00:00:59:64	-27.989352	1.649159	-1.246033	-27.976150	1.667108	-1.096868	-28.060484	1.652766	-1.175792	-28.017518	1.560004	-1.188128	-28.027661	1.564187	-1.131580	-28.130623	1.502777	-1.254404	-27.891461	1.562421	-1.118925	-28.115324	1.500136	-0.911625	-27.968741	0.744218	-1.574302	-28.030275	1.437401	-0.555653	-28.104491	-0.020375	-2.030980	-28.045802	1.421544	-0.569123	-28.119511	-0.063630	-2.065774	-28.053785	1.413312	-0.578716	-28.079784	-0.062223	-2.027280	-28.186036	1.004587	-1.225103	-28.143913	0.932067	-1.306281	-27.876712	0.974127	-1.057193	-27.837443	0.988938	-1.078186	-28.159680	0.457740	-1.229806	-27.880135	0.430072	-1.064742	-28.140530	-0.063797	-1.231093	-28.120492	-0.063519	-1.257304	-27.851763	-0.052688	-1.009276	-27.842986	-0.013729	-1.062246
4313	59.908532	00:00:59:65	-27.990998	1.644301	-1.219290	-27.983526	1.638931	-1.086393	-28.094365	1.658824	-1.130024	-27.992606	1.551240	-1.169777	-28.011276	1.551995	-1.150398	-28.154829	1.556500	-1.264904	-27.866538	1.544090	-1.104097	-28.085633	1.473716	-0.935875	-28.000230	0.759306	-1.581800	-28.040284	1.442146	-0.536300	-28.088595	-0.024420	-2.053052	-28.018998	1.405403	-0.577284	-28.114439	-0.048663	-2.070939	-28.031809	1.428561	-0.558656	-28.088618	-0.022136	-2.056886	-28.157077	0.929528	-1.235704	-28.149722	0.950140	-1.278445	-27.891422	0.996352	-1.024216	-27.820889	0.950591	-1.083049	-28.170625	0.427952	-1.241932	-27.876987	0.449868	-1.022839	-28.169242	-0.062737	-1.214939	-28.145040	-0.064387	-1.263453	-27.865905	-0.069921	-1.029714	-27.833778	-0.063067	-1.081134
4314	59.922426	00:00:59:66	-27.979324	1.644120	-1.229542	-28.001111	1.638762	-1.078498	-28.074851	1.670741	-1.183204	-28.013359	1.553541	-1.167421	-28.021936	1.548183	-1.160595	-28.133906	1.532682	-1.249645	-27.861481	1.538531	-1.091825	-28.068142	1.487906	-0.911978	-27.985596	0.752308	-1.580656	-28.011453	1.408032	-0.584675	-28.080369	-0.082674	-2.087613	-28.024372	1.434251	-0.561752	-28.095897	-0.071333	-2.087344	-28.022524	1.411025	-0.542605	-28.094270	-0.076270	-2.094139	-28.163536	0.976227	-1.246457	-28.127301	0.963179	-1.278729	-27.865456	0.982814	-1.036251	-27.847593	0.949950	-1.097994	-28.195341	0.457639	-1.216680	-27.857433	0.460103	-1.063310	-28.181828	-0.027124	-1.169040	-28.148679	-0.049490	-1.243977	-27.875743	-0.046604	-0.994079	-27.838935	-0.041645	-1.102758
4315	59.936319	00:00:59:67	-27.957687	1.641386	-1.257349	-28.001055	1.643580	-1.070444	-28.075535	1.657825	-1.173695	-27.965031	1.536741	-1.173500	-27.992550	1.562879	-1.136905	-28.138930	1.549172	-1.245043	-27.863569	1.536883	-1.111633	-28.090261	1.488492	-0.875824	-27.994870	0.764480	-1.581332	-28.032894	1.409116	-0.570465	-28.102670	-0.048261	-2.067456	-28.033790	1.458967	-0.544278	-28.087411	0.000602	-2.022232	-28.024667	1.420227	-0.558318	-28.089842	-0.038500	-2.028213	-28.179200	0.984849	-1.223440	-28.181514	0.966729	-1.287570	-27.858217	0.962832	-1.029008	-27.883696	0.983503	-1.093835	-28.153012	0.437759	-1.247318	-27.855923	0.476264	-1.067550	-28.169103	-0.044628	-1.205186	-28.156875	-0.027783	-1.291233	-27.869961	-0.053881	-1.006038	-27.845717	-0.034802	-1.060301
4316	59.950213	00:00:59:68	-27.964836	1.637704	-1.224841	-27.973418	1.677501	-1.127690	-28.055285	1.688954	-1.146370	-28.016134	1.542341	-1.168580	-27.987409	1.533975	-1.157575	-28.115180	1.505099	-1.266184	-27.869365	1.523965	-1.096305	-28.061443	1.460991	-0.929409	-27.985866	0.743221	-1.584280	-28.019582	1.426661	-0.578719	-28.057650	-0.063624	-2.072859	-28.004928	1.427996	-0.547957	-28.102037	-0.032767	-2.058522	-27.992893	1.407826	-0.545819	-28.102203	-0.034049	-2.077515	-28.151290	0.986117	-1.253296	-28.149277	0.929163	-1.293110	-27.881745	0.988601	-1.053726	-27.838585	0.958882	-1.080117	-28.156312	0.465371	-1.219259	-27.848492	0.484493	-1.071943	-28.178978	-0.037647	-1.235015	-28.127761	-0.048640	-1.268535	-27.876412	-0.098534	-1.017051	-27.862487	-0.084161	-1.048914
4317	59.964106	00:00:59:69	-27.948621	1.656600	-1.228977	-28.014220	1.664206	-1.083042	-28.061059	1.654180	-1.170330	-28.008695	1.544092	-1.190765	-28.020085	1.583909	-1.120041	-28.091743	1.525082	-1.258173	-27.851844	1.552479	-1.090384	-28.058524	1.438476	-0.895080	-27.974131	0.771250	-1.597442	-28.013457	1.426769	-0.559947	-28.107584	-0.053469	-2.054951	-28.045297	1.453056	-0.555077	-28.072225	-0.025563	-2.028026	-28.027610	1.428326	-0.549109	-28.092517	0.001768	-2.081784	-28.179243	0.979106	-1.241348	-28.154117	0.952191	-1.270168	-27.895133	0.976187	-1.023411	-27.829602	0.973251	-1.096188	-28.161603	0.438535	-1.255552	-27.870148	0.484387	-1.039985	-28.170727	-0.065921	-1.203680	-28.114108	-0.099043	-1.263600	-27.883945	-0.041814	-1.053523	-27.851194	-0.077484	-1.086965
4318	59.978000	00:00:59:70	-27.948560	1.663617	-1.221561	-27.976444	1.661868	-1.106260	-28.087434	1.666324	-1.161325	-28.003212	1.535260	-1.160858	-28.018684	1.542602	-1.143744	-28.109467	1.556483	-1.284905	-27.880074	1.543439	-1.103744	-28.077229	1.489431	-0.885874	-27.996107	0.734068	-1.556812	-28.071243	1.419315	-0.568365	-28.109578	-0.054312	-2.051043	-28.029628	1.444921	-0.560777	-28.096436	-0.030322	-2.029320	-28.046184	1.430982	-0.569504	-28.113953	-0.013704	-2.056854	-28.175227	0.993473	-1.241658	-28.140989	0.991617	-1.271840	-27.865578	0.958179	-1.047746	-27.832561	0.975264	-1.079987	-28.148668	0.426349	-1.273451	-27.878454	0.447812	-1.074947	-28.195947	-0.051734	-1.199985	-28.157504	-0.052888	-1.241229	-27.856528	-0.046904	-1.016164	-27.854212	-0.039650	-1.076812
4319	59.991893	00:00:59:71	-27.944175	1.691063	-1.223634	-27.960203	1.631371	-1.089171	-28.064524	1.655038	-1.151428	-27.971296	1.531889	-1.175105	-28.033519	1.550440	-1.154468	-28.116753	1.526973	-1.255602	-27.870227	1.546069	-1.094526	-28.102831	1.474809	-0.920252	-28.002793	0.740454	-1.583809	-28.030029	1.406389	-0.557314	-28.103503	-0.061141	-2.048112	-28.055916	1.433137	-0.556125	-28.125684	-0.067655	-2.088646	-28.031125	1.427230	-0.559481	-28.077173	-0.039778	-2.080852	-28.173403	0.987309	-1.247626	-28.132863	0.950029	-1.268704	-27.879794	0.967456	-1.057144	-27.832906	1.002991	-1.091040	-28.153779	0.473355	-1.218333	-27.836146	0.436969	-1.044100	-28.150070	-0.073715	-1.189437	-28.152041	-0.053584	-1.248591	-27.854898	-0.057193	-1.026563	-27.827505	-0.048431	-1.031254
4320	60.005786	00:01:00:00	-27.933874	1.622294	-1.247780	-27.982599	1.613647	-1.117080	-28.098607	1.640907	-1.123900	-28.007317	1.555223	-1.178030	-28.034918	1.539209	-1.130335	-28.119880	1.583731	-1.232949	-27.848864	1.527254	-1.098991	-28.094919	1.468455	-0.906461	-27.955456	0.765047	-1.579746	-28.030584	1.424528	-0.555782	-28.091833	-0.023083	-2.052942	-28.055276	1.428306	-0.557643	-28.116247	-0.063359	-2.061591	-28.031396	1.417158	-0.557783	-28.095394	-0.045809	-2.050980	-28.164135	1.002411	-1.230207	-28.155227	0.927381	-1.274041	-27.887509	0.937293	-1.054515	-27.837585	0.982260	-1.081577	-28.141609	0.428477	-1.212373	-27.842423	0.478150	-1.045864	-28.180817	-0.066623	-1.260446	-28.139734	-0.063748	-1.250952	-27.873554	-0.045588	-1.033371	-27.814877	-0.041918	-1.060485
4321	60.019680	00:01:00:01	-27.957335	1.656875	-1.254803	-27.987963	1.637118	-1.104380	-28.052088	1.668850	-1.149352	-27.989455	1.540505	-1.188684	-28.009328	1.545735	-1.132288	-28.095775	1.551082	-1.234606	-27.864232	1.539576	-1.061675	-28.068126	1.526755	-0.914921	-27.986075	0.748205	-1.578970	-28.054305	1.439972	-0.540599	-28.084979	-0.039404	-2.075869	-28.047682	1.425171	-0.573309	-28.112479	-0.069447	-2.054042	-28.041527	1.429355	-0.581670	-28.107425	-0.066789	-2.108512	-28.169660	0.978393	-1.211675	-28.145216	0.972943	-1.276108	-27.873384	0.967313	-1.035162	-27.835662	0.965070	-1.089164	-28.160619	0.456314	-1.239951	-27.847936	0.431980	-1.065237	-28.168041	-0.067430	-1.182505	-28.158591	-0.057136	-1.273948	-27.873515	-0.085664	-1.018734	-27.857034	-0.101796	-1.100280
4322	60.033573	00:01:00:02	-27.941356	1.659049	-1.203315	-27.983603	1.662196	-1.134897	-28.075815	1.656685	-1.161597	-27.978032	1.540009	-1.160291	-28.039533	1.546983	-1.124743	-28.109423	1.529877	-1.234133	-27.895968	1.543310	-1.111981	-28.091195	1.490910	-0.911559	-27.969265	0.756582	-1.602373	-28.009282	1.447460	-0.539496	-28.091625	-0.055081	-2.083263	-28.035021	1.428665	-0.557863	-28.104576	-0.042090	-2.060026	-28.051480	1.447314	-0.582168	-28.102328	-0.051346	-2.064889	-28.198954	0.976919	-1.238913	-28.133472	0.968069	-1.288496	-27.898861	0.980222	-1.038670	-27.856494	0.969863	-1.110065	-28.153424	0.428193	-1.228991	-27.847925	0.482728	-1.092826	-28.181715	-0.055401	-1.203296	-28.145514	-0.081596	-1.246808	-27.878535	-0.066527	-1.046132	-27.825128	-0.022723	-1.044587
4323	60.047467	00:01:00:03	-27.939721	1.639308	-1.214882	-27.969509	1.684793	-1.089733	-28.097498	1.624961	-1.158336	-28.019080	1.583014	-1.194095	-28.007511	1.560713	-1.146111	-28.122171	1.517294	-1.267980	-27.887791	1.490922	-1.075317	-28.097495	1.463956	-0.877528	-27.976963	0.720444	-1.560438	-28.035652	1.436293	-0.549353	-28.082510	-0.081075	-2.035205	-28.036764	1.438758	-0.568424	-28.115829	-0.057051	-2.066931	-28.042616	1.460748	-0.559054	-28.108608	-0.062594	-2.071131	-28.178675	0.945015	-1.245302	-28.148836	0.936428	-1.289727	-27.889019	0.952072	-1.084175	-27.843597	0.962112	-1.102746	-28.174720	0.438305	-1.253198	-27.858083	0.452703	-1.051563	-28.150881	-0.045773	-1.196708	-28.142433	-0.014718	-1.247806	-27.895563	-0.053432	-1.010518	-27.861923	-0.078289	-1.079068
4324	60.061360	00:01:00:04	-27.934839	1.654793	-1.225092	-27.988453	1.649076	-1.113769	-28.077974	1.644324	-1.134146	-27.976211	1.560880	-1.180570	-28.079208	1.540182	-1.145533	-28.088790	1.571384	-1.272897	-27.869878	1.537151	-1.070073	-28.043501	1.468095	-0.913690	-27.990140	0.733649	-1.580451	-28.038448	1.410458	-0.526696	-28.098777	-0.055842	-2.079392	-28.012721	1.441140	-0.567408	-28.104054	-0.060704	-2.074109	-28.053560	1.457297	-0.529410	-28.105785	-0.006554	-2.072193	-28.149603	0.948383	-1.235340	-28.144733	0.962644	-1.284888	-27.850957	0.972962	-1.065738	-27.878350	0.966805	-1.108138	-28.164272	0.464021	-1.253628	-27.832126	0.443803	-1.048443	-28.171890	-0.045719	-1.234135	-28.165842	-0.065036	-1.260266	-27.844517	-0.046009	-1.050467	-27.833899	-0.085748	-1.088497
4325	60.075254	00:01:00:05	-27.980657	1.628468	-1.246181	-27.962043	1.659198	-1.118376	-28.072333	1.660700	-1.167001	-27.990444	1.520520	-1.165970	-28.020097	1.526835	-1.106001	-28.113205	1.573260	-1.280537	-27.888214	1.547402	-1.121372	-28.084657	1.471305	-0.914891	-28.028668	0.715361	-1.607961	-28.030843	1.418202	-0.549310	-28.076231	-0.019993	-2.081132	-28.038631	1.432129	-0.563036	-28.130832	-0.039775	-2.042191	-28.032861	1.425868	-0.579692	-28.107691	-0.082992	-2.044346	-28.201616	0.961316	-1.192246	-28.134108	0.965529	-1.265127	-27.880161	0.981739	-1.025548	-27.825670	0.979912	-1.075137	-28.180667	0.462433	-1.234624	-27.806953	0.478396	-1.026332	-28.182561	-0.058395	-1.245612	-28.139778	-0.082283	-1.260552	-27.866313	-0.046362	-1.015952	-27.851087	-0.042789	-1.072652
4326	60.089147	00:01:00:06	-27.975155	1.657546	-1.239043	-27.953819	1.674058	-1.108905	-28.128468	1.688376	-1.163058	-28.009565	1.540643	-1.171907	-27.994629	1.537480	-1.142227	-28.121050	1.528265	-1.275810	-27.894649	1.520060	-1.101129	-28.063561	1.520570	-0.935036	-27.983318	0.762848	-1.559448	-28.013132	1.397714	-0.558151	-28.084540	-0.043238	-2.021450	-28.050938	1.417023	-0.533848	-28.058212	-0.074833	-2.052770	-28.021440	1.443423	-0.560541	-28.081120	-0.081747	-2.053175	-28.149802	0.970912	-1.232521	-28.149044	0.967430	-1.270618	-27.891567	0.990136	-1.045928	-27.832127	0.936402	-1.103117	-28.165153	0.422777	-1.236843	-27.854691	0.439194	-1.069256	-28.160083	-0.035217	-1.192524	-28.144785	-0.056507	-1.273302	-27.860783	-0.047769	-1.000801	-27.863775	-0.049317	-1.067276
4327	60.103041	00:01:00:07	-27.943549	1.632603	-1.213905	-27.981052	1.677097	-1.086357	-28.067816	1.667079	-1.156915	-27.984954	1.545936	-1.203795	-27.982125	1.551489	-1.135641	-28.106624	1.521686	-1.260815	-27.839763	1.555032	-1.127099	-28.089038	1.477319	-0.909374	-27.965584	0.754884	-1.572598	-28.051453	1.425001	-0.535896	-28.096727	-0.074390	-2.106430	-28.004692	1.464035	-0.600656	-28.117385	-0.038686	-2.076553	-28.022675	1.452521	-0.567468	-28.096388	-0.044943	-2.082142	-28.166593	0.977357	-1.237024	-28.106340	0.971364	-1.295814	-27.871918	0.974402	-1.049738	-27.843459	0.936245	-1.111757	-28.158132	0.491155	-1.228551	-27.877905	0.465403	-1.057222	-28.188274	-0.074760	-1.246436	-28.163690	-0.074083	-1.251187	-27.872740	-0.046575	-1.008408	-27.829694	-0.062689	-1.084707
4328	60.116934	00:01:00:08	-27.941908	1.635993	-1.246247	-27.972619	1.669939	-1.086655	-28.074992	1.660864	-1.151694	-27.977606	1.536775	-1.210248	-28.024198	1.562158	-1.137591	-28.152722	1.547154	-1.225940	-27.863349	1.557821	-1.106597	-28.075564	1.505815	-0.915777	-27.997245	0.768574	-1.588431	-28.036126	1.461522	-0.577383	-28.075047	-0.037164	-2.083535	-28.035161	1.424920	-0.590588	-28.084865	-0.043010	-2.075472	-28.012214	1.438773	-0.552673	-28.114586	-0.024795	-2.073136	-28.202452	0.952184	-1.245443	-28.127780	0.980476	-1.290462	-27.868181	0.952655	-1.010578	-27.813032	0.971088	-1.080585	-28.143420	0.441858	-1.266319	-27.874929	0.419610	-1.064187	-28.173118	-0.035596	-1.172727	-28.168982	-0.049048	-1.253108	-27.862607	-0.065914	-1.037219	-27.830279	-0.051471	-1.063926
4329	60.130827	00:01:00:09	-27.986594	1.633701	-1.224555	-27.951120	1.666666	-1.082940	-28.077767	1.633167	-1.145402	-27.978765	1.551079	-1.194490	-28.019734	1.568688	-1.150661	-28.131892	1.549663	-1.246373	-27.879493	1.560493	-1.115289	-28.069265	1.503723	-0.894757	-27.992603	0.730143	-1.584356	-27.994137	1.437191	-0.537131	-28.113681	-0.043151	-2.042616	-28.014096	1.447388	-0.549676	-28.096136	-0.040009	-2.064208	-28.057562	1.415586	-0.563189	-28.102100	-0.029632	-2.069786	-28.179171	0.975891	-1.239287	-28.127147	0.952955	-1.298821	-27.852985	0.988527	-1.041846	-27.889467	0.968269	-1.112429	-28.158472	0.472682	-1.274676	-27.854888	0.457641	-1.054599	-28.190176	-0.047888	-1.193304	-28.147197	-0.087639	-1.299809	-27.864326	-0.057092	-1.007927	-27.837195	-0.076442	-1.055495
4330	60.144721	00:01:00:10	-27.939439	1.644938	-1.225579	-27.955811	1.668332	-1.098839	-28.067923	1.651523	-1.156682	-27.974373	1.546930	-1.169217	-28.036960	1.547123	-1.164337	-28.128261	1.554434	-1.241353	-27.887439	1.547098	-1.087171	-28.070063	1.467634	-0.888986	-27.946246	0.718460	-1.565904	-28.026139	1.438996	-0.555506	-28.093944	-0.031784	-2.062194	-28.027173	1.400740	-0.505257	-28.091355	-0.039346	-2.083103	-28.060324	1.422962	-0.536485	-28.114702	-0.035351	-2.055890	-28.172304	0.959333	-1.243607	-28.135178	0.985692	-1.271676	-27.886393	0.982709	-1.049896	-27.829520	0.962985	-1.089264	-28.193794	0.439578	-1.233380	-27.885567	0.476509	-1.052988	-28.164603	-0.087677	-1.215885	-28.108420	-0.054189	-1.263206	-27.889366	-0.078346	-1.016247	-27.856217	-0.044705	-1.041380
4331	60.158614	00:01:00:11	-27.950351	1.670040	-1.252516	-27.960666	1.656367	-1.111304	-28.147450	1.650794	-1.144064	-27.992311	1.526529	-1.166002	-28.027566	1.543795	-1.124679	-28.133896	1.555133	-1.270714	-27.870042	1.534447	-1.065810	-28.059588	1.477276	-0.904367	-27.980647	0.770983	-1.600706	-28.022228	1.435582	-0.586172	-28.068832	-0.082697	-2.062695	-28.019788	1.433553	-0.557685	-28.101098	-0.018915	-2.040954	-28.072697	1.464378	-0.558328	-28.101753	-0.029797	-2.040985	-28.205233	0.972154	-1.244569	-28.105664	0.958994	-1.267475	-27.842445	0.972613	-1.015513	-27.842660	0.994149	-1.076653	-28.152660	0.454715	-1.237281	-27.865783	0.447259	-1.068259	-28.170171	-0.069801	-1.186839	-28.115144	-0.034345	-1.247417	-27.865445	-0.071481	-1.018026	-27.844244	-0.093571	-1.072849
4332	60.172508	00:01:00:12	-27.959845	1.661394	-1.225271	-27.992505	1.655275	-1.116398	-28.073720	1.663539	-1.175102	-27.999022	1.526755	-1.184705	-28.043237	1.540714	-1.146122	-28.114927	1.530422	-1.246617	-27.871718	1.538166	-1.082578	-28.072218	1.460420	-0.910492	-28.007551	0.754192	-1.589760	-28.061673	1.432626	-0.571949	-28.091426	-0.013685	-2.068769	-28.003033	1.461338	-0.542720	-28.095777	-0.023976	-2.072461	-28.061933	1.450496	-0.573803	-28.097364	-0.087805	-2.062754	-28.161185	0.985998	-1.216978	-28.152423	0.983616	-1.299427	-27.870815	0.964373	-1.036678	-27.829241	0.977016	-1.093571	-28.155144	0.422411	-1.233762	-27.880288	0.461933	-1.053020	-28.167866	-0.059542	-1.205900	-28.160301	-0.034856	-1.233338	-27.858141	-0.038062	-1.016669	-27.865131	-0.041793	-1.096741
4333	60.186401	00:01:00:13	-27.959455	1.634304	-1.245365	-27.975277	1.670257	-1.130110	-28.099454	1.668089	-1.135833	-27.977817	1.555072	-1.170279	-28.034878	1.537035	-1.118926	-28.113918	1.505588	-1.277649	-27.857213	1.551538	-1.123641	-28.104363	1.498307	-0.942953	-27.979576	0.786008	-1.555074	-28.013458	1.429254	-0.541985	-28.109573	-0.048459	-2.058411	-28.057172	1.403204	-0.552042	-28.080362	-0.019014	-2.055031	-28.057990	1.424158	-0.533912	-28.115293	-0.043861	-2.062179	-28.149381	0.988255	-1.224762	-28.142911	0.958786	-1.292301	-27.870466	0.991701	-1.057184	-27.808525	0.971523	-1.094596	-28.169860	0.464049	-1.228426	-27.861020	0.432626	-1.017747	-28.168787	-0.045543	-1.186463	-28.151618	-0.129438	-1.267389	-27.867730	-0.066606	-0.979445	-27.831481	-0.065132	-1.074961
4334	60.200295	00:01:00:14	-27.957920	1.655997	-1.233322	-27.974947	1.647713	-1.098923	-28.079275	1.665357	-1.154172	-27.986459	1.539489	-1.166150	-27.993342	1.539415	-1.126598	-28.114852	1.554643	-1.247603	-27.832091	1.515638	-1.091978	-28.075242	1.449209	-0.909063	-27.986815	0.723055	-1.579913	-28.033575	1.416818	-0.526495	-28.086005	-0.044001	-2.058782	-28.038421	1.404404	-0.526537	-28.098444	-0.089844	-2.070509	-28.035744	1.453472	-0.543731	-28.105044	0.018229	-2.038113	-28.173408	0.975458	-1.222540	-28.120867	0.972608	-1.269271	-27.874349	0.964248	-1.049601	-27.844833	0.961554	-1.119851	-28.188029	0.487175	-1.239504	-27.820188	0.463763	-1.053173	-28.186594	-0.048046	-1.176011	-28.139884	-0.046049	-1.237791	-27.857201	-0.086760	-0.991248	-27.856380	-0.069665	-1.072910
4335	60.214188	00:01:00:15	-27.953605	1.629122	-1.224276	-27.981886	1.674534	-1.071567	-28.085952	1.633019	-1.163008	-27.986260	1.517175	-1.169904	-28.007786	1.531381	-1.158219	-28.122661	1.531146	-1.274734	-27.870567	1.545071	-1.113226	-28.057376	1.495095	-0.902134	-27.962024	0.717252	-1.580278	-28.047227	1.447379	-0.558268	-28.098583	-0.069799	-2.056557	-28.009967	1.404822	-0.557353	-28.108269	-0.057816	-2.028400	-28.026263	1.443560	-0.586605	-28.086727	-0.057551	-2.047660	-28.192703	0.984837	-1.253273	-28.185010	0.930431	-1.282250	-27.876738	0.986903	-1.037269	-27.846904	0.958461	-1.095167	-28.159742	0.455483	-1.256949	-27.866444	0.439841	-1.061819	-28.174008	-0.087304	-1.200517	-28.124535	-0.051968	-1.285648	-27.873615	-0.023631	-1.024600	-27.840805	-0.055640	-1.066070
4336	60.228082	00:01:00:16	-27.946470	1.671644	-1.227318	-27.963814	1.676613	-1.074938	-28.080498	1.657471	-1.141578	-28.002627	1.539516	-1.183352	-27.986856	1.560853	-1.133919	-28.095058	1.549366	-1.236506	-27.856681	1.553577	-1.107978	-28.090388	1.474725	-0.880862	-27.999040	0.751546	-1.596421	-28.030125	1.429259	-0.587111	-28.088867	-0.018002	-2.048585	-28.021327	1.452869	-0.566364	-28.109528	-0.041860	-2.064325	-28.035042	1.444517	-0.570556	-28.107355	-0.038954	-2.088211	-28.148064	0.992709	-1.231528	-28.192785	0.928888	-1.264478	-27.861759	0.970769	-1.056159	-27.847397	0.986865	-1.107179	-28.140616	0.457959	-1.231632	-27.870923	0.421205	-1.048851	-28.169461	-0.034675	-1.215427	-28.188654	-0.069469	-1.272867	-27.882537	-0.046242	-0.991941	-27.847452	-0.079638	-1.065131
4337	60.241975	00:01:00:17	-27.948444	1.646216	-1.252488	-27.957328	1.684167	-1.143376	-28.088401	1.667944	-1.161551	-27.976394	1.547270	-1.172380	-28.011059	1.557328	-1.143679	-28.129243	1.539420	-1.262082	-27.884893	1.563488	-1.111545	-28.079451	1.484791	-0.913555	-27.967463	0.754679	-1.605998	-28.037155	1.446273	-0.570853	-28.101471	-0.043340	-2.057355	-28.009556	1.414339	-0.551353	-28.101174	-0.035628	-2.066155	-28.021877	1.437056	-0.562581	-28.086828	-0.037771	-2.075689	-28.205636	0.981083	-1.250637	-28.136386	0.979051	-1.288032	-27.882337	0.988696	-1.030136	-27.814490	0.937413	-1.094877	-28.174145	0.445697	-1.259988	-27.843269	0.419136	-1.066515	-28.206961	-0.055809	-1.222254	-28.160035	-0.085766	-1.242973	-27.859913	-0.072171	-1.019762	-27.847011	-0.101905	-1.095732
4338	60.255868	00:01:00:18	-27.946738	1.656001	-1.232224	-27.966964	1.704406	-1.058569	-28.089500	1.655372	-1.144974	-28.032697	1.537646	-1.163671	-28.000342	1.551466	-1.144012	-28.121843	1.575827	-1.209394	-27.868618	1.560564	-1.111212	-28.068223	1.478991	-0.915350	-27.991610	0.770663	-1.584707	-28.039228	1.438820	-0.552818	-28.076396	-0.036208	-2.017693	-28.021439	1.451727	-0.537402	-28.072140	-0.032616	-2.057147	-28.016369	1.469669	-0.571334	-28.102970	-0.047362	-2.068438	-28.188852	0.944107	-1.226604	-28.141596	0.940447	-1.289303	-27.887034	1.006481	-1.075900	-27.816760	0.947930	-1.079622	-28.184427	0.442617	-1.240185	-27.823083	0.438533	-1.062303	-28.189883	-0.067851	-1.215171	-28.137319	-0.065034	-1.250937	-27.869083	-0.047514	-0.985634	-27.867244	-0.051247	-1.068547
4339	60.269762	00:01:00:19	-27.937502	1.664413	-1.206897	-27.965752	1.643542	-1.097969	-28.071237	1.665736	-1.138516	-27.943148	1.544118	-1.151457	-28.006717	1.539646	-1.124912	-28.097744	1.526003	-1.250047	-27.856763	1.541343	-1.102453	-28.072733	1.468662	-0.862555	-27.981262	0.745874	-1.564614	-28.040728	1.451151	-0.548626	-28.127778	-0.038288	-2.056939	-28.038913	1.430853	-0.564735	-28.107631	-0.023375	-2.053540	-28.034094	1.415240	-0.534701	-28.065651	-0.025671	-2.054266	-28.169003	0.960822	-1.246072	-28.157343	0.940799	-1.269505	-27.877659	0.973870	-1.024505	-27.858848	0.967522	-1.102788	-28.143956	0.463509	-1.267338	-27.868142	0.480004	-1.071131	-28.183877	-0.045936	-1.173910	-28.164401	-0.072960	-1.278394	-27.843892	-0.055191	-1.039005	-27.858224	-0.061105	-1.051496
4340	60.283655	00:01:00:20	-27.963715	1.649690	-1.252544	-27.975804	1.634861	-1.121091	-28.078969	1.650467	-1.175440	-28.012597	1.563043	-1.203531	-28.014009	1.555148	-1.149778	-28.141580	1.535098	-1.247536	-27.867978	1.573057	-1.118235	-28.086370	1.509102	-0.926960	-27.981404	0.727457	-1.565357	-28.041561	1.454468	-0.586814	-28.125653	-0.088512	-2.058132	-28.055583	1.427800	-0.555648	-28.117828	-0.061124	-2.094423	-28.039713	1.446095	-0.564401	-28.100711	-0.055560	-2.039918	-28.181360	1.005422	-1.277954	-28.139984	0.994026	-1.272286	-27.878569	0.984824	-1.046562	-27.874815	0.961215	-1.082361	-28.150707	0.459750	-1.247202	-27.871820	0.461081	-1.057264	-28.185852	-0.071239	-1.196920	-28.168674	-0.035935	-1.237929	-27.851773	-0.020304	-1.032436	-27.837945	-0.092799	-1.059000
4341	60.297549	00:01:00:21	-27.971137	1.683808	-1.218226	-27.978550	1.661438	-1.129786	-28.062416	1.679626	-1.151898	-28.007476	1.519776	-1.193384	-28.002137	1.568177	-1.156029	-28.105592	1.553472	-1.246525	-27.890289	1.541430	-1.098802	-28.098719	1.491423	-0.912015	-28.005331	0.715999	-1.568892	-28.008678	1.433214	-0.537656	-28.052566	-0.089091	-2.050859	-28.023572	1.425598	-0.549340	-28.074542	-0.024606	-2.077715	-28.035978	1.433043	-0.540693	-28.106262	-0.047697	-2.089351	-28.194334	0.988313	-1.230709	-28.117249	0.956642	-1.325281	-27.854846	0.980008	-1.035267	-27.841214	0.947206	-1.125528	-28.170331	0.470457	-1.212611	-27.833112	0.458684	-1.068947	-28.155520	-0.054481	-1.211409	-28.129155	-0.046518	-1.271078	-27.863077	-0.072604	-1.031167	-27.852923	-0.046793	-1.060301
4342	60.311442	00:01:00:22	-27.945435	1.650013	-1.207769	-27.984935	1.633946	-1.076949	-28.070257	1.645754	-1.179693	-27.986471	1.525616	-1.166995	-28.006197	1.537051	-1.133877	-28.129016	1.520937	-1.280942	-27.850150	1.506110	-1.087072	-28.077217	1.497520	-0.899845	-27.996825	0.756604	-1.575971	-28.032401	1.406447	-0.537532	-28.096812	-0.027676	-2.050609	-28.042598	1.445182	-0.572877	-28.093190	-0.056769	-2.051119	-28.005510	1.441015	-0.542704	-28.091639	-0.058878	-2.070157	-28.166808	0.971943	-1.231269	-28.105446	0.956860	-1.252852	-27.908053	0.973082	-1.000066	-27.831721	0.963209	-1.107749	-28.170011	0.453016	-1.237243	-27.864477	0.457935	-1.063127	-28.143540	-0.049454	-1.213237	-28.164624	-0.068827	-1.253753	-27.875439	-0.055691	-1.015291	-27.826159	-0.047233	-1.103414
4343	60.325336	00:01:00:23	-27.960116	1.637632	-1.229189	-27.968898	1.665564	-1.113412	-28.101104	1.678250	-1.157628	-27.974906	1.553977	-1.156698	-28.001330	1.554525	-1.154540	-28.133720	1.531483	-1.276714	-27.910118	1.546603	-1.090507	-28.073368	1.480955	-0.906453	-27.969922	0.750824	-1.589679	-28.033318	1.439931	-0.551160	-28.112338	-0.047041	-2.044506	-28.045845	1.440388	-0.565025	-28.086579	-0.021825	-2.059559	-28.017476	1.434502	-0.562877	-28.091199	-0.037723	-2.076789	-28.205162	0.964818	-1.201384	-28.137798	0.949793	-1.277170	-27.849866	0.967889	-1.021971	-27.848368	0.963176	-1.121237	-28.153730	0.439149	-1.278024	-27.864215	0.441892	-1.049235	-28.185886	-0.043667	-1.223278	-28.165813	-0.058285	-1.251650	-27.865696	-0.057320	-1.008733	-27.808747	-0.056178	-1.074689
4344	60.339229	00:01:00:24	-27.963413	1.659288	-1.221075	-28.004595	1.656108	-1.113009	-28.047636	1.655852	-1.164058	-27.988425	1.536228	-1.171408	-28.009005	1.538459	-1.145301	-28.115405	1.550376	-1.251479	-27.898021	1.540970	-1.086863	-28.063527	1.498044	-0.886037	-27.991871	0.745123	-1.574790	-28.028134	1.443484	-0.564697	-28.124237	-0.050499	-2.054314	-28.044062	1.474062	-0.551871	-28.099443	-0.025854	-2.065751	-28.018097	1.455911	-0.532546	-28.113637	-0.041735	-2.045333	-28.135787	0.981053	-1.251181	-28.162705	0.948593	-1.259544	-27.878834	0.983903	-1.053321	-27.814383	0.958580	-1.083438	-28.140758	0.454822	-1.250429	-27.876732	0.449128	-1.055809	-28.168505	-0.064040	-1.228268	-28.155310	-0.050550	-1.256925	-27.885586	-0.063290	-1.048636	-27.877248	-0.069411	-1.092549
4345	60.353123	00:01:00:25	-27.986040	1.649379	-1.193753	-27.990775	1.662862	-1.067472	-28.055022	1.641852	-1.146047	-27.989161	1.518147	-1.183451	-28.018943	1.557361	-1.139302	-28.086221	1.561030	-1.285365	-27.885231	1.530305	-1.068215	-28.063117	1.481329	-0.897966	-27.982671	0.753653	-1.570003	-28.045814	1.426718	-0.546441	-28.070535	-0.057596	-2.065630	-28.040941	1.428408	-0.550584	-28.090793	-0.046815	-2.065734	-28.026559	1.453215	-0.564111	-28.091826	-0.075200	-2.067929	-28.156944	0.978380	-1.197633	-28.140430	0.952744	-1.251288	-27.874698	0.960315	-1.040744	-27.867075	0.968692	-1.047375	-28.190118	0.480069	-1.228001	-27.880339	0.468295	-1.062557	-28.194393	-0.057037	-1.203565	-28.151231	-0.074792	-1.253607	-27.841736	-0.067428	-1.036154	-27.856809	-0.063267	-1.066926
4346	60.367016	00:01:00:26	-27.966401	1.636196	-1.231723	-27.942214	1.664962	-1.092159	-28.103707	1.658257	-1.157191	-27.998942	1.544417	-1.179600	-28.010619	1.529556	-1.155643	-28.101364	1.547220	-1.241642	-27.877073	1.541001	-1.119607	-28.077493	1.502897	-0.901946	-27.987377	0.729650	-1.578985	-28.028226	1.456169	-0.531153	-28.124323	-0.060631	-2.054767	-28.012378	1.444149	-0.558886	-28.107376	-0.069995	-2.039254	-28.032104	1.420065	-0.552240	-28.091248	-0.012484	-2.071149	-28.180817	0.952283	-1.235537	-28.132133	0.967085	-1.306107	-27.861502	0.967334	-1.037541	-27.837213	0.952933	-1.087612	-28.158482	0.426020	-1.269403	-27.818916	0.479151	-1.034730	-28.187399	-0.052806	-1.210969	-28.136232	-0.083768	-1.274732	-27.875173	-0.062383	-1.013290	-27.839778	-0.045927	-1.077390
4347	60.380909	00:01:00:27	-27.969111	1.650589	-1.234890	-27.965109	1.665501	-1.122190	-28.048867	1.695535	-1.132438	-27.990184	1.523824	-1.176449	-28.024280	1.534195	-1.154329	-28.129374	1.535407	-1.239289	-27.881525	1.525318	-1.098629	-28.064770	1.489014	-0.910415	-27.992050	0.754463	-1.615523	-28.050540	1.430388	-0.548057	-28.093549	-0.003342	-2.059478	-28.015037	1.435608	-0.561863	-28.102696	-0.042009	-2.054213	-28.037132	1.423746	-0.567151	-28.082011	-0.028854	-2.094061	-28.156421	0.987350	-1.246878	-28.159107	0.973079	-1.257016	-27.838540	0.961479	-1.019779	-27.863054	0.987883	-1.106297	-28.165365	0.438046	-1.237953	-27.876903	0.451512	-1.081916	-28.167961	-0.072880	-1.216955	-28.163436	-0.049737	-1.261438	-27.881194	-0.035384	-1.014594	-27.848580	-0.064864	-1.058929
4348	60.394803	00:01:00:28	-27.979244	1.648461	-1.245769	-27.976460	1.654000	-1.090579	-28.056484	1.666437	-1.165629	-27.994458	1.572052	-1.189117	-27.998278	1.540721	-1.137964	-28.089783	1.547028	-1.214083	-27.875027	1.553153	-1.107904	-28.093463	1.485963	-0.895139	-27.976475	0.745881	-1.565937	-27.992629	1.429207	-0.537025	-28.063560	-0.019607	-2.061972	-28.047241	1.435373	-0.585499	-28.083271	-0.030914	-2.043907	-28.052370	1.422302	-0.580660	-28.079713	-0.022546	-2.080957	-28.163824	0.945529	-1.209717	-28.132442	0.966076	-1.252036	-27.876305	0.979074	-1.057404	-27.856082	0.948746	-1.072437	-28.150723	0.444776	-1.217563	-27.840795	0.462160	-1.049105	-28.188633	-0.032732	-1.184017	-28.141019	-0.069485	-1.250821	-27.881549	-0.049526	-1.022056	-27.827259	-0.055170	-1.085442
4349	60.408696	00:01:00:29	-27.965386	1.641121	-1.249509	-27.946331	1.683325	-1.111317	-28.084060	1.665704	-1.158119	-27.976892	1.570357	-1.161446	-28.024185	1.556143	-1.137282	-28.144549	1.564913	-1.216128	-27.887576	1.568333	-1.113238	-28.083072	1.495250	-0.905237	-27.956865	0.762561	-1.576215	-28.020237	1.448954	-0.554959	-28.054291	-0.054608	-2.091539	-28.035794	1.441848	-0.556397	-28.134737	-0.052146	-2.042853	-28.036355	1.447786	-0.549019	-28.108863	-0.079860	-2.062509	-28.174241	0.962922	-1.246653	-28.120978	0.966272	-1.282295	-27.877892	0.957953	-1.023839	-27.848301	0.979553	-1.091045	-28.165560	0.469828	-1.234129	-27.863246	0.439092	-1.041928	-28.178435	-0.050316	-1.195985	-28.178645	-0.069235	-1.253240	-27.848234	-0.036269	-0.982923	-27.840886	-0.094006	-1.046241
4350	60.422590	00:01:00:30	-27.964591	1.636237	-1.231104	-27.963477	1.688991	-1.090549	-28.074370	1.666139	-1.145320	-27.988763	1.531440	-1.173711	-28.028873	1.548495	-1.140060	-28.128416	1.524483	-1.257813	-27.883685	1.556741	-1.084978	-28.077098	1.489294	-0.893123	-27.988170	0.757568	-1.576633	-28.036533	1.447994	-0.527057	-28.122266	-0.053075	-2.060498	-28.028160	1.454763	-0.569941	-28.067800	-0.030557	-2.077648	-28.048062	1.424352	-0.566480	-28.087715	-0.028046	-2.053559	-28.180129	0.966802	-1.241397	-28.156445	0.941684	-1.281554	-27.838850	0.969218	-1.038662	-27.852667	0.965558	-1.104152	-28.148959	0.482289	-1.263010	-27.861560	0.459130	-1.074622	-28.170493	-0.078790	-1.200036	-28.135940	-0.075635	-1.247626	-27.869786	-0.057752	-1.000066	-27.843738	-0.029080	-1.039171
4351	60.436483	00:01:00:31	-27.964612	1.607513	-1.233722	-28.006322	1.686542	-1.106350	-28.081722	1.694607	-1.145217	-28.012685	1.553150	-1.196565	-28.060477	1.536451	-1.114119	-28.131194	1.546978	-1.265135	-27.860630	1.518336	-1.113275	-28.068312	1.472713	-0.876213	-27.978604	0.761771	-1.627335	-28.039674	1.455359	-0.577421	-28.109618	-0.057692	-2.077793	-28.041394	1.421980	-0.556914	-28.082441	-0.029269	-2.060456	-28.034316	1.438720	-0.538295	-28.101245	-0.026357	-2.062331	-28.170242	0.960022	-1.227465	-28.170073	0.967512	-1.284324	-27.881881	0.957977	-1.012868	-27.843576	0.942985	-1.088875	-28.168099	0.498215	-1.224009	-27.856930	0.473306	-1.079804	-28.189292	-0.067193	-1.194320	-28.118158	-0.039667	-1.276460	-27.890195	-0.068571	-1.042705	-27.834884	-0.084244	-1.044378
4352	60.450377	00:01:00:32	-27.947662	1.663886	-1.260893	-27.990517	1.632196	-1.111361	-28.073015	1.677903	-1.173299	-27.973453	1.543530	-1.117412	-28.039620	1.571721	-1.140024	-28.135713	1.531642	-1.262209	-27.835553	1.529838	-1.085125	-28.072917	1.470414	-0.851201	-27.997953	0.747521	-1.611357	-28.037004	1.432330	-0.539211	-28.108634	-0.029334	-2.071383	-28.032385	1.407231	-0.562626	-28.073446	-0.060594	-2.054755	-28.027443	1.427678	-0.580650	-28.106975	-0.050498	-2.095394	-28.171900	0.997100	-1.207005	-28.143682	0.954495	-1.278483	-27.892997	0.942283	-1.076361	-27.866575	0.941035	-1.087382	-28.174667	0.469311	-1.229867	-27.826059	0.442839	-1.048542	-28.161457	-0.051368	-1.204562	-28.144517	-0.094011	-1.275369	-27.907836	-0.044969	-1.018287	-27.846377	-0.055722	-1.064397
4353	60.464270	00:01:00:33	-27.949702	1.653933	-1.200557	-27.947389	1.689352	-1.072909	-28.083222	1.650365	-1.124875	-28.015558	1.536094	-1.170756	-28.008794	1.570709	-1.159509	-28.130548	1.507067	-1.233715	-27.838292	1.532676	-1.101186	-28.060519	1.462267	-0.928293	-27.978134	0.744079	-1.569128	-28.035493	1.428804	-0.557526	-28.083548	-0.050019	-2.043686	-28.038481	1.426656	-0.569668	-28.078432	-0.097899	-2.062030	-28.076999	1.448962	-0.543812	-28.114363	-0.031369	-2.087241	-28.159945	0.959024	-1.258395	-28.105947	0.995217	-1.267255	-27.869600	0.960541	-1.048790	-27.830198	0.976933	-1.108155	-28.184678	0.485803	-1.282155	-27.881122	0.454593	-1.053496	-28.204603	-0.041803	-1.246170	-28.153084	-0.034703	-1.269448	-27.845092	-0.033395	-1.019612	-27.834565	-0.080721	-1.081291
4354	60.478164	00:01:00:34	-27.961845	1.642494	-1.213985	-27.962439	1.642905	-1.063335	-28.103428	1.684324	-1.162991	-28.001784	1.545967	-1.143777	-28.021303	1.549735	-1.122896	-28.131721	1.562555	-1.242895	-27.872719	1.574274	-1.120318	-28.101499	1.509618	-0.900862	-27.994996	0.741214	-1.572190	-28.035488	1.432723	-0.554461	-28.093925	-0.004386	-2.059936	-28.016297	1.419089	-0.569834	-28.085882	-0.021710	-2.044100	-28.006252	1.418752	-0.588755	-28.094901	-0.040473	-2.050388	-28.179517	0.981966	-1.233321	-28.156826	0.944227	-1.274141	-27.876056	0.983839	-1.024767	-27.837344	1.015163	-1.117807	-28.158241	0.446528	-1.241621	-27.871973	0.442791	-1.051054	-28.159276	-0.031809	-1.202431	-28.154934	-0.103515	-1.261546	-27.832669	-0.067398	-1.013547	-27.832005	-0.082683	-1.074390
4355	60.492057	00:01:00:35	-27.996008	1.622026	-1.214239	-27.983840	1.682080	-1.107517	-28.071571	1.662182	-1.154438	-27.995757	1.553135	-1.205584	-27.984681	1.565813	-1.156888	-28.109330	1.519750	-1.265594	-27.871713	1.507217	-1.111319	-28.089460	1.449254	-0.879824	-27.975986	0.732132	-1.566950	-28.001740	1.443842	-0.545551	-28.103215	-0.056207	-2.089030	-28.015334	1.422170	-0.569676	-28.088653	-0.043623	-2.053081	-28.046125	1.450847	-0.574674	-28.095001	-0.035542	-2.100674	-28.168833	0.966861	-1.240972	-28.176446	0.939183	-1.286301	-27.884684	0.940392	-1.079809	-27.849634	0.983167	-1.099849	-28.161923	0.464015	-1.244892	-27.809448	0.438737	-1.096069	-28.180716	-0.045301	-1.172597	-28.136287	-0.086605	-1.244555	-27.883243	-0.056832	-1.021850	-27.856818	-0.062755	-1.073295
4356	60.505950	00:01:00:36	-27.973820	1.640066	-1.222895	-28.011106	1.606500	-1.084986	-28.090554	1.641210	-1.175353	-27.972085	1.563170	-1.201472	-27.998481	1.582129	-1.134914	-28.112738	1.530873	-1.269717	-27.867051	1.561155	-1.097215	-28.079309	1.473761	-0.906553	-27.979654	0.754914	-1.555225	-28.009619	1.429500	-0.563473	-28.067434	-0.039756	-2.049936	-28.046551	1.432745	-0.535653	-28.085092	-0.047579	-2.055231	-28.028679	1.459604	-0.553005	-28.091161	-0.061891	-2.052058	-28.180473	0.974829	-1.208928	-28.141141	0.979192	-1.280380	-27.853685	0.942475	-1.057378	-27.831176	0.957048	-1.096856	-28.141214	0.417507	-1.261395	-27.863018	0.455459	-1.062687	-28.162541	-0.092207	-1.197138	-28.159150	-0.081394	-1.263763	-27.894915	-0.052088	-1.011130	-27.856111	-0.073406	-1.083836
4357	60.519844	00:01:00:37	-28.005278	1.660736	-1.247770	-27.964244	1.676569	-1.110609	-28.053097	1.625617	-1.153928	-27.983554	1.534097	-1.172866	-28.026333	1.549944	-1.139116	-28.104845	1.550243	-1.269039	-27.889257	1.547048	-1.074627	-28.064317	1.490702	-0.907395	-27.978262	0.772857	-1.572883	-28.082295	1.441091	-0.563505	-28.086818	-0.056787	-2.061679	-28.036019	1.487673	-0.553746	-28.069998	-0.032233	-2.062780	-28.037607	1.442752	-0.568075	-28.114711	-0.024222	-2.068264	-28.193407	0.981948	-1.225957	-28.144004	0.966182	-1.251032	-27.878990	0.987113	-1.033219	-27.837579	0.973004	-1.120626	-28.158316	0.435072	-1.242647	-27.858312	0.442701	-1.063701	-28.159993	-0.030437	-1.244779	-28.147647	-0.063190	-1.266576	-27.853831	-0.040720	-1.014703	-27.846147	-0.039456	-1.086161
4358	60.533737	00:01:00:38	-28.001003	1.635909	-1.264416	-27.957304	1.697994	-1.095503	-28.067613	1.675143	-1.169637	-27.994051	1.543650	-1.137560	-28.031802	1.548037	-1.136318	-28.112701	1.537741	-1.270796	-27.886855	1.533158	-1.105434	-28.099232	1.511984	-0.921280	-27.991077	0.731535	-1.563829	-28.020445	1.424788	-0.587367	-28.116383	-0.037225	-2.070834	-28.009235	1.456542	-0.551832	-28.101034	-0.079287	-2.069504	-28.037739	1.421637	-0.574721	-28.092671	-0.062228	-2.038797	-28.194364	0.968677	-1.234658	-28.150436	0.976445	-1.287778	-27.852163	0.991140	-1.017106	-27.862353	0.946171	-1.088883	-28.156285	0.444436	-1.257932	-27.850018	0.426152	-1.065652	-28.202544	-0.058934	-1.247981	-28.137005	-0.075335	-1.260008	-27.874652	-0.079637	-1.011254	-27.862618	-0.072801	-1.099476
4359	60.547631	00:01:00:39	-27.957145	1.646776	-1.221265	-27.953065	1.663437	-1.088623	-28.086214	1.658267	-1.150501	-28.017142	1.548645	-1.187574	-28.014089	1.563060	-1.179317	-28.131531	1.573790	-1.242889	-27.892858	1.490648	-1.090183	-28.097206	1.526101	-0.903482	-27.955777	0.752647	-1.582292	-28.049169	1.413524	-0.551797	-28.080097	-0.024348	-2.057459	-28.025841	1.420027	-0.537407	-28.081107	-0.055462	-2.035634	-28.029995	1.419812	-0.584380	-28.097205	-0.017082	-2.060385	-28.175512	0.982624	-1.213340	-28.142348	0.973348	-1.272123	-27.861962	0.996905	-1.060465	-27.859994	0.993919	-1.066224	-28.157071	0.474773	-1.271100	-27.848369	0.435689	-1.085711	-28.186432	-0.076143	-1.187437	-28.164570	-0.055310	-1.269503	-27.881443	-0.051402	-1.022358	-27.807438	-0.062356	-1.082021
4360	60.561524	00:01:00:40	-27.976686	1.652807	-1.225445	-27.968415	1.652676	-1.100602	-28.055682	1.641586	-1.137742	-27.999128	1.571138	-1.187740	-28.008227	1.513683	-1.157406	-28.091479	1.558472	-1.264537	-27.842333	1.539429	-1.091283	-28.095230	1.503693	-0.886735	-27.942123	0.720671	-1.589642	-28.031164	1.445011	-0.541866	-28.095310	-0.056971	-2.065870	-28.039164	1.457106	-0.564052	-28.098130	-0.029931	-2.093029	-28.035726	1.407562	-0.590374	-28.147168	-0.060549	-2.042180	-28.145348	0.951941	-1.195292	-28.130342	0.983911	-1.277255	-27.872114	0.967660	-1.041724	-27.826073	0.960149	-1.104317	-28.168619	0.462983	-1.262906	-27.877201	0.458977	-1.045549	-28.178831	-0.044872	-1.220872	-28.157588	-0.076245	-1.259286	-27.881087	-0.025642	-1.003528	-27.827366	-0.071939	-1.065646
4361	60.575418	00:01:00:41	-27.970926	1.621779	-1.240503	-27.986660	1.690236	-1.119131	-28.076692	1.669028	-1.145881	-28.033875	1.551567	-1.185922	-28.027157	1.545712	-1.127813	-28.132000	1.516688	-1.261284	-27.858250	1.527494	-1.078123	-28.114291	1.481868	-0.894845	-27.980360	0.726279	-1.590558	-28.041681	1.419697	-0.556918	-28.082927	-0.001563	-2.097803	-28.016750	1.446944	-0.551991	-28.085407	-0.029431	-2.060599	-28.042646	1.431305	-0.556680	-28.069743	-0.044316	-2.058649	-28.181294	0.964118	-1.240849	-28.176725	0.967554	-1.295089	-27.866086	1.001571	-1.031432	-27.844291	0.955926	-1.088944	-28.162335	0.447418	-1.261613	-27.856087	0.423406	-1.026283	-28.191128	-0.043516	-1.208187	-28.151018	-0.102123	-1.256405	-27.873482	-0.078275	-1.023321	-27.844775	-0.061646	-1.077444
4362	60.589311	00:01:00:42	-27.944814	1.632799	-1.213672	-27.969998	1.667746	-1.121975	-28.122744	1.641038	-1.174214	-28.012088	1.545570	-1.165587	-28.032483	1.561335	-1.162641	-28.154269	1.531610	-1.269167	-27.858215	1.570087	-1.109710	-28.088154	1.495090	-0.896906	-27.986216	0.763616	-1.583166	-28.074396	1.425209	-0.535673	-28.079191	-0.021225	-2.049553	-28.033867	1.428444	-0.548593	-28.099174	-0.067891	-2.083352	-28.050296	1.444447	-0.520566	-28.089068	-0.038163	-2.065623	-28.176312	0.954601	-1.225279	-28.186262	0.963247	-1.300731	-27.870757	0.985819	-1.050651	-27.825456	0.937529	-1.095544	-28.182591	0.448387	-1.256499	-27.850355	0.461737	-1.041069	-28.160879	-0.059051	-1.205856	-28.128307	-0.042328	-1.273083	-27.884616	-0.066984	-1.049534	-27.835275	-0.084605	-1.090280
4363	60.603205	00:01:00:43	-27.987544	1.629571	-1.251416	-27.969836	1.663158	-1.066144	-28.073623	1.664848	-1.136953	-27.985942	1.567990	-1.182494	-28.012161	1.560870	-1.159251	-28.145055	1.527918	-1.241054	-27.884025	1.541664	-1.095326	-28.076836	1.486783	-0.906829	-27.973977	0.729912	-1.585470	-28.031712	1.420335	-0.542646	-28.087886	-0.056296	-2.102187	-28.043559	1.446696	-0.535630	-28.119198	-0.040944	-2.062159	-28.008193	1.432473	-0.555835	-28.099825	-0.025938	-2.034689	-28.178278	0.956373	-1.191944	-28.124037	0.982276	-1.292250	-27.844836	0.962077	-1.046467	-27.840910	0.984239	-1.063745	-28.174362	0.477012	-1.229964	-27.867437	0.475324	-1.079519	-28.180423	-0.072434	-1.222731	-28.171968	-0.054720	-1.281187	-27.854665	-0.063282	-1.029609	-27.836893	-0.055478	-1.072595
4364	60.617098	00:01:00:44	-27.989031	1.644662	-1.218958	-28.008420	1.655818	-1.107628	-28.102937	1.658853	-1.142032	-27.997832	1.510904	-1.177591	-27.993912	1.527299	-1.156319	-28.127195	1.542788	-1.286160	-27.869003	1.560329	-1.123324	-28.087820	1.486455	-0.882912	-27.963070	0.761613	-1.587925	-28.044536	1.416022	-0.563929	-28.071560	-0.061742	-2.052914	-28.008744	1.404730	-0.558850	-28.084128	-0.022929	-2.045254	-28.039129	1.437966	-0.545952	-28.091194	-0.025213	-2.071448	-28.176427	0.996735	-1.264091	-28.152070	0.943763	-1.298577	-27.868641	0.964430	-1.035643	-27.816763	0.993737	-1.105011	-28.151230	0.471333	-1.243379	-27.826322	0.449056	-1.085470	-28.171990	-0.072984	-1.177375	-28.166340	-0.064583	-1.262618	-27.874020	-0.036763	-1.027578	-27.827229	-0.100927	-1.068802
4365	60.630991	00:01:00:45	-27.983269	1.651301	-1.232380	-27.982600	1.693433	-1.122398	-28.097896	1.654803	-1.159503	-28.012252	1.524366	-1.190318	-28.016540	1.549897	-1.114123	-28.132043	1.545739	-1.224438	-27.851000	1.538153	-1.072123	-28.062148	1.474289	-0.896302	-27.983639	0.767251	-1.546251	-28.061536	1.422205	-0.534857	-28.081579	-0.067093	-2.063091	-28.028707	1.458252	-0.570960	-28.087864	-0.059823	-2.049218	-28.048426	1.451986	-0.553995	-28.115586	-0.041534	-2.079017	-28.159517	0.963481	-1.233873	-28.118294	0.982362	-1.298639	-27.861290	0.941507	-1.052027	-27.847546	0.969110	-1.079640	-28.145911	0.482621	-1.239992	-27.866432	0.488638	-1.061421	-28.182898	-0.058197	-1.208429	-28.155878	-0.085533	-1.229010	-27.880431	-0.057165	-0.968427	-27.835772	-0.071997	-1.113362
4366	60.644885	00:01:00:46	-27.992371	1.631390	-1.270869	-27.962969	1.655213	-1.076019	-28.071601	1.662853	-1.168962	-27.998543	1.526141	-1.196673	-28.061027	1.551060	-1.142181	-28.127010	1.557908	-1.266621	-27.868360	1.497232	-1.127762	-28.062973	1.444901	-0.891590	-27.981059	0.780403	-1.587621	-28.056844	1.446417	-0.574561	-28.113502	-0.050558	-2.030974	-28.067008	1.420701	-0.577626	-28.074482	-0.041330	-2.019648	-28.034056	1.427033	-0.537703	-28.113930	-0.032688	-2.089492	-28.134613	0.989140	-1.276445	-28.149890	0.982539	-1.277169	-27.889430	0.967141	-1.013585	-27.826592	0.976652	-1.080967	-28.197923	0.454654	-1.238217	-27.857248	0.437283	-1.073211	-28.184175	-0.057720	-1.210694	-28.101661	-0.099091	-1.285198	-27.839266	-0.080130	-1.020139	-27.812403	-0.042675	-1.072198
4367	60.658778	00:01:00:47	-27.993088	1.645885	-1.252261	-27.963655	1.647157	-1.091619	-28.117015	1.679687	-1.174325	-28.003474	1.539971	-1.161996	-28.009231	1.553661	-1.128834	-28.122676	1.540484	-1.255119	-27.840524	1.523601	-1.073407	-28.091459	1.451717	-0.872513	-27.986985	0.746200	-1.569487	-28.013837	1.419174	-0.554466	-28.095233	-0.049400	-2.062435	-28.039929	1.431495	-0.560923	-28.080114	-0.052799	-2.059634	-28.041215	1.436582	-0.561934	-28.123295	-0.013598	-2.076209	-28.175599	0.979580	-1.238096	-28.154202	0.988034	-1.281790	-27.851751	0.971352	-1.033422	-27.810007	0.939813	-1.093275	-28.173884	0.470843	-1.268061	-27.832867	0.460512	-1.069938	-28.156576	-0.055143	-1.228143	-28.124264	-0.065593	-1.262685	-27.845358	-0.037234	-1.014186	-27.844126	-0.081538	-1.067140
4368	60.672672	00:01:00:48	-27.959369	1.625127	-1.223499	-28.026855	1.646220	-1.084000	-28.067581	1.669814	-1.127369	-28.015357	1.544328	-1.167947	-28.033782	1.539017	-1.137775	-28.106967	1.550602	-1.225543	-27.882568	1.525820	-1.092556	-28.096847	1.479443	-0.873906	-28.021485	0.745893	-1.591108	-28.046414	1.422486	-0.561333	-28.118235	-0.050884	-2.055287	-28.035749	1.436556	-0.535190	-28.068170	-0.021982	-2.081737	-28.032366	1.466343	-0.554534	-28.063453	-0.028421	-2.089995	-28.170692	0.974192	-1.240909	-28.163549	0.984837	-1.255791	-27.900981	0.998506	-1.047653	-27.804929	0.936889	-1.104540	-28.164685	0.477630	-1.252963	-27.857260	0.438063	-1.075235	-28.190185	-0.054435	-1.219575	-28.144747	-0.068644	-1.259933	-27.848757	-0.049905	-1.034354	-27.852964	-0.068437	-1.045696
4369	60.686565	00:01:00:49	-27.940778	1.647305	-1.244117	-27.981427	1.689453	-1.097751	-28.074525	1.662028	-1.154699	-27.978553	1.538783	-1.184313	-28.045733	1.554267	-1.121154	-28.091670	1.552534	-1.257169	-27.868688	1.532718	-1.121581	-28.073476	1.498601	-0.913033	-27.966843	0.737847	-1.559259	-28.023238	1.415088	-0.598137	-28.077417	-0.027763	-2.046387	-28.008491	1.425233	-0.570864	-28.086439	-0.066242	-2.050355	-28.025955	1.416040	-0.562749	-28.115694	-0.030753	-2.064916	-28.196871	0.994543	-1.218974	-28.160634	0.952174	-1.272215	-27.842878	0.982005	-1.056242	-27.849292	0.953087	-1.054686	-28.181821	0.414849	-1.241966	-27.897288	0.469888	-1.049245	-28.182323	-0.033181	-1.187491	-28.124022	-0.050985	-1.277710	-27.896883	-0.048386	-1.041777	-27.832981	-0.053081	-1.097790
4370	60.700459	00:01:00:50	-27.979692	1.641478	-1.240370	-27.957724	1.695347	-1.100112	-28.086179	1.678555	-1.157514	-28.004222	1.523239	-1.160248	-28.022821	1.576351	-1.114797	-28.114653	1.515045	-1.248350	-27.873484	1.508530	-1.110740	-28.091348	1.494895	-0.895968	-27.995749	0.736456	-1.549558	-28.057475	1.411411	-0.564750	-28.092182	-0.044507	-2.082541	-28.022291	1.435780	-0.554575	-28.088987	-0.041303	-2.047277	-28.035343	1.443595	-0.564424	-28.100764	-0.029887	-2.043717	-28.171739	0.963123	-1.228033	-28.137957	0.972540	-1.278431	-27.870928	0.982280	-1.077890	-27.849291	0.962677	-1.107822	-28.180720	0.454828	-1.239552	-27.850062	0.426904	-1.060606	-28.170092	-0.034443	-1.197094	-28.131624	-0.065312	-1.268624	-27.867021	-0.052897	-1.010930	-27.849205	-0.067932	-1.061931
4371	60.714352	00:01:00:51	-27.928817	1.628957	-1.235932	-28.001112	1.666412	-1.106746	-28.041498	1.678622	-1.141230	-28.028569	1.559304	-1.187442	-28.030693	1.545237	-1.159485	-28.099463	1.560283	-1.240810	-27.886830	1.535636	-1.077578	-28.108955	1.496530	-0.885344	-27.970483	0.752599	-1.543473	-28.057564	1.433239	-0.583597	-28.085850	-0.044174	-2.098562	-28.064034	1.460271	-0.568356	-28.128269	-0.071445	-2.098092	-28.043131	1.443524	-0.557774	-28.092566	-0.043428	-2.027732	-28.198916	0.991487	-1.189862	-28.133445	0.965134	-1.280286	-27.854655	0.939131	-1.050057	-27.830678	0.944180	-1.093114	-28.159362	0.463584	-1.239486	-27.872966	0.481515	-1.055974	-28.154799	-0.031628	-1.207066	-28.123506	-0.053014	-1.275345	-27.881502	-0.036519	-1.002341	-27.850208	-0.053763	-1.080965
4372	60.728246	00:01:00:52	-27.961639	1.630331	-1.223849	-27.957403	1.660215	-1.096649	-28.085405	1.641235	-1.146629	-27.992245	1.557406	-1.185231	-28.019399	1.571191	-1.134338	-28.152889	1.556332	-1.264692	-27.863526	1.554410	-1.130615	-28.073510	1.485842	-0.928605	-27.967469	0.737795	-1.555547	-28.058774	1.453751	-0.545905	-28.108982	-0.019623	-2.087141	-28.029159	1.451590	-0.566684	-28.102409	-0.050914	-2.021831	-28.026182	1.446487	-0.552142	-28.093055	-0.042639	-2.066879	-28.194248	0.934809	-1.192358	-28.146924	0.959222	-1.288150	-27.845636	0.992149	-1.030166	-27.841906	0.939508	-1.087679	-28.158972	0.418809	-1.231554	-27.848842	0.459283	-1.069350	-28.188197	-0.032795	-1.229457	-28.140715	-0.038708	-1.244387	-27.873862	-0.030138	-1.032751	-27.815553	-0.046250	-1.040901
4373	60.742139	00:01:00:53	-27.957530	1.613961	-1.252757	-28.000190	1.656083	-1.126494	-28.078564	1.657043	-1.169657	-27.973024	1.551970	-1.148608	-27.999566	1.533383	-1.192397	-28.126119	1.530955	-1.260700	-27.890342	1.502018	-1.095214	-28.094269	1.525960	-0.898360	-27.960301	0.722952	-1.625244	-28.013235	1.436585	-0.553058	-28.093961	-0.095668	-2.062286	-28.026396	1.414960	-0.521064	-28.093506	-0.051341	-2.063182	-28.046007	1.447393	-0.535511	-28.095824	-0.026559	-2.042255	-28.178800	0.958201	-1.223226	-28.148861	0.950273	-1.256402	-27.880798	0.999503	-1.030617	-27.848223	0.952331	-1.102591	-28.158233	0.463638	-1.246638	-27.875898	0.463594	-1.079134	-28.182812	-0.040430	-1.237741	-28.144037	-0.017155	-1.230268	-27.879270	-0.031748	-1.026293	-27.873715	-0.036938	-1.086084
4374	60.756032	00:01:00:54	-27.931260	1.650597	-1.202702	-27.972955	1.686669	-1.099198	-28.100322	1.675346	-1.144024	-28.003374	1.546267	-1.133260	-28.010104	1.537376	-1.102375	-28.126943	1.558102	-1.270784	-27.872781	1.509455	-1.080786	-28.069133	1.494448	-0.885167	-27.984375	0.738393	-1.578273	-28.047073	1.432621	-0.543786	-28.092261	-0.031882	-2.073950	-28.046933	1.470324	-0.598382	-28.100328	-0.052174	-2.055016	-28.001234	1.424921	-0.564159	-28.086660	-0.042420	-2.063093	-28.171895	0.966607	-1.212146	-28.135810	0.980922	-1.295123	-27.887566	0.945306	-1.035202	-27.827873	0.978502	-1.079344	-28.166309	0.458805	-1.222547	-27.882295	0.454010	-1.035757	-28.160226	-0.024144	-1.194996	-28.129339	-0.036553	-1.296665	-27.848579	-0.050702	-1.017488	-27.837597	-0.030457	-1.065631
4375	60.769926	00:01:00:55	-27.992681	1.631980	-1.223764	-27.967294	1.652834	-1.129070	-28.105562	1.678079	-1.126934	-28.018477	1.541013	-1.171097	-28.031370	1.588279	-1.125837	-28.120942	1.520779	-1.274167	-27.874642	1.522862	-1.095015	-28.081496	1.489476	-0.907926	-27.969763	0.735159	-1.586675	-28.009861	1.445579	-0.570157	-28.091016	-0.035749	-2.069048	-28.047819	1.447185	-0.517526	-28.096699	-0.078360	-2.049657	-28.070456	1.452479	-0.553885	-28.057945	-0.032909	-2.073905	-28.171360	0.981323	-1.223433	-28.103222	0.978173	-1.247939	-27.849901	0.987466	-1.039171	-27.857448	0.955690	-1.085174	-28.187121	0.459259	-1.233439	-27.860423	0.455640	-1.039993	-28.173135	-0.058616	-1.224158	-28.136049	-0.056046	-1.291860	-27.888175	-0.071155	-1.035491	-27.820476	-0.035630	-1.077881
4376	60.783819	00:01:00:56	-27.942632	1.643276	-1.231196	-28.007752	1.643591	-1.077139	-28.096471	1.667694	-1.164753	-27.981798	1.534243	-1.181359	-28.032066	1.549701	-1.140612	-28.107925	1.510554	-1.262105	-27.870182	1.549720	-1.131780	-28.100735	1.485840	-0.926379	-28.008083	0.791361	-1.553153	-28.035670	1.423320	-0.567715	-28.103965	-0.064042	-2.079719	-28.044328	1.425407	-0.565598	-28.132491	-0.015020	-2.056435	-28.042174	1.454538	-0.556810	-28.074496	-0.052556	-2.070033	-28.182715	0.970503	-1.234206	-28.164651	0.956970	-1.283543	-27.876102	0.956854	-1.067918	-27.850724	0.966576	-1.079687	-28.169408	0.459929	-1.241599	-27.888388	0.440699	-1.073030	-28.137956	-0.056519	-1.189274	-28.144431	-0.038690	-1.281013	-27.858228	-0.081558	-1.012966	-27.821732	-0.075207	-1.074525
4377	60.797713	00:01:00:57	-27.939231	1.649192	-1.217548	-27.949380	1.672261	-1.043669	-28.079301	1.681191	-1.157237	-27.969583	1.546307	-1.172330	-28.039995	1.580345	-1.152340	-28.093605	1.551414	-1.265959	-27.877322	1.535978	-1.108948	-28.057992	1.484737	-0.921620	-27.988363	0.770471	-1.578819	-28.074580	1.432161	-0.532622	-28.122967	-0.072177	-2.098883	-28.006042	1.417974	-0.571788	-28.105358	-0.023456	-2.099929	-28.052960	1.434505	-0.551264	-28.090052	-0.043137	-2.047733	-28.173859	0.937439	-1.220145	-28.141273	0.958655	-1.270855	-27.897003	1.002310	-1.017228	-27.844674	0.952266	-1.088240	-28.144484	0.452187	-1.249576	-27.891714	0.479791	-1.048504	-28.169642	-0.057328	-1.220629	-28.163952	-0.061852	-1.257931	-27.868046	-0.069016	-1.016753	-27.853222	-0.060012	-1.062799
4378	60.811606	00:01:00:58	-27.978041	1.663441	-1.201735	-27.980193	1.692394	-1.104490	-28.072979	1.651656	-1.171777	-28.000412	1.539920	-1.175227	-28.023634	1.547992	-1.146652	-28.128872	1.526427	-1.259932	-27.886082	1.555302	-1.094761	-28.074925	1.467156	-0.888188	-27.988474	0.773179	-1.588636	-28.005256	1.444566	-0.565916	-28.106525	-0.060062	-2.070114	-28.031375	1.450319	-0.559115	-28.099404	-0.047418	-2.081153	-28.009772	1.430272	-0.556558	-28.104831	-0.031215	-2.056940	-28.157353	0.990871	-1.224493	-28.131282	0.986483	-1.298309	-27.896944	0.980821	-1.024866	-27.821569	0.946303	-1.081165	-28.176523	0.437840	-1.221591	-27.872238	0.452595	-1.065412	-28.188518	-0.054532	-1.202547	-28.139401	-0.073324	-1.288760	-27.862699	-0.050501	-1.001225	-27.838744	-0.047906	-1.106460
4379	60.825500	00:01:00:59	-27.979681	1.659535	-1.225406	-27.953030	1.649737	-1.086595	-28.116863	1.664816	-1.148176	-27.983905	1.536412	-1.164018	-28.023225	1.567376	-1.150144	-28.148214	1.524105	-1.280545	-27.854711	1.524069	-1.085727	-28.082548	1.483867	-0.871997	-27.994951	0.758272	-1.576092	-28.030683	1.407457	-0.561486	-28.089167	-0.060970	-2.059860	-28.027811	1.440488	-0.574060	-28.067362	-0.010217	-2.061899	-28.053021	1.441801	-0.547977	-28.094665	-0.028643	-2.083099	-28.201200	0.952942	-1.273289	-28.148265	0.976523	-1.271469	-27.865633	0.942737	-1.074251	-27.858070	0.942796	-1.101845	-28.156407	0.465237	-1.223497	-27.811129	0.444312	-1.049654	-28.173948	-0.056699	-1.218840	-28.140837	-0.082736	-1.266440	-27.887504	-0.033412	-1.020270	-27.848762	-0.042119	-1.089422
4380	60.839393	00:01:00:60	-27.943320	1.630992	-1.225245	-27.980798	1.611812	-1.087237	-28.089979	1.653162	-1.146276	-28.040610	1.557742	-1.166203	-28.059886	1.530128	-1.172540	-28.129579	1.542657	-1.246631	-27.876895	1.542062	-1.114305	-28.066695	1.485679	-0.894995	-27.971916	0.759458	-1.582675	-28.002389	1.411916	-0.578013	-28.102425	-0.046083	-2.057603	-28.058788	1.419517	-0.603877	-28.071833	-0.039463	-2.049032	-28.025431	1.422295	-0.545280	-28.115216	-0.024751	-2.054948	-28.156291	0.940246	-1.211805	-28.143702	0.982297	-1.274473	-27.834706	0.991246	-1.038800	-27.835260	0.955033	-1.098012	-28.156293	0.468361	-1.275724	-27.823061	0.482090	-1.067043	-28.143600	-0.026022	-1.201218	-28.123507	-0.053029	-1.264226	-27.866888	-0.062385	-1.042903	-27.847033	-0.066599	-1.073470
4381	60.853287	00:01:00:61	-27.932154	1.635061	-1.226401	-27.982678	1.642718	-1.099878	-28.074980	1.677376	-1.174544	-28.005095	1.555810	-1.184263	-28.034160	1.563723	-1.149824	-28.136812	1.521200	-1.242304	-27.862512	1.522081	-1.071988	-28.030143	1.475944	-0.907769	-27.993848	0.777602	-1.587353	-28.024527	1.423583	-0.550574	-28.087985	-0.067900	-2.079545	-28.027984	1.423243	-0.572664	-28.088042	-0.079603	-2.054180	-28.005953	1.448099	-0.531242	-28.083768	-0.050458	-2.095291	-28.163634	0.958063	-1.210069	-28.137734	0.971062	-1.286368	-27.884720	1.014753	-1.048941	-27.849469	0.986605	-1.064197	-28.169419	0.444103	-1.237777	-27.861129	0.479334	-1.051640	-28.170291	-0.053162	-1.223241	-28.136489	-0.059421	-1.290984	-27.862728	-0.050389	-1.030426	-27.827380	-0.076133	-1.047569
4382	60.867180	00:01:00:62	-27.983707	1.664457	-1.256844	-28.007065	1.660789	-1.073161	-28.047901	1.640330	-1.151904	-28.007427	1.559044	-1.185300	-28.004029	1.560406	-1.143791	-28.106552	1.539747	-1.253103	-27.863856	1.577866	-1.133082	-28.053895	1.506089	-0.895374	-28.022237	0.751271	-1.581770	-28.047706	1.428119	-0.532517	-28.114794	-0.063985	-2.047467	-28.029993	1.433922	-0.560655	-28.093276	-0.041915	-2.071752	-28.027742	1.469280	-0.550371	-28.098756	-0.021742	-2.074565	-28.204087	0.954646	-1.234512	-28.137628	0.974590	-1.252424	-27.886788	0.968356	-1.028292	-27.801977	0.956459	-1.081900	-28.146239	0.476026	-1.240346	-27.857171	0.420311	-1.062795	-28.177318	-0.050112	-1.193979	-28.153222	-0.063299	-1.269668	-27.871585	-0.042712	-0.984441	-27.835060	-0.055451	-1.067169
4383	60.881073	00:01:00:63	-27.948252	1.661184	-1.180759	-27.957765	1.672403	-1.093259	-28.109169	1.679864	-1.148603	-28.009005	1.531964	-1.200695	-28.014505	1.549409	-1.159418	-28.125123	1.568483	-1.271507	-27.883716	1.539849	-1.083324	-28.085222	1.504402	-0.911019	-27.964888	0.741043	-1.583605	-28.073522	1.449885	-0.566161	-28.095535	-0.064990	-2.066770	-28.028868	1.458528	-0.518935	-28.096925	-0.032196	-2.062639	-28.020489	1.430829	-0.541421	-28.059572	-0.027691	-2.035760	-28.155373	0.971259	-1.208193	-28.140785	0.932159	-1.276730	-27.878514	0.990305	-1.058846	-27.849963	0.935265	-1.077395	-28.164514	0.431905	-1.220662	-27.853177	0.433560	-1.040815	-28.188475	-0.039297	-1.218179	-28.125136	-0.056431	-1.254180	-27.873682	-0.054384	-1.005416	-27.855204	-0.061095	-1.053822
4384	60.894967	00:01:00:64	-27.966882	1.608006	-1.241562	-27.953416	1.678428	-1.073704	-28.081616	1.659964	-1.166205	-28.008114	1.556095	-1.152309	-28.045205	1.534699	-1.170443	-28.130261	1.565670	-1.276324	-27.898280	1.542183	-1.055968	-28.104384	1.491031	-0.915103	-27.968227	0.737641	-1.567720	-28.044512	1.424638	-0.548323	-28.069874	-0.055691	-2.090576	-28.026838	1.463957	-0.562020	-28.114056	-0.023846	-2.087704	-28.034777	1.415298	-0.549774	-28.087276	-0.018178	-2.058518	-28.145639	0.965580	-1.226387	-28.105670	0.970352	-1.255616	-27.886998	0.969327	-1.036052	-27.798234	0.957239	-1.105653	-28.131310	0.465428	-1.259111	-27.844651	0.421655	-1.054083	-28.206593	-0.068748	-1.204413	-28.123326	-0.070857	-1.284198	-27.869170	-0.068995	-0.999479	-27.849881	-0.047262	-1.069939
4385	60.908860	00:01:00:65	-27.956200	1.628391	-1.245370	-27.976233	1.677660	-1.100952	-28.098845	1.685555	-1.182505	-27.959817	1.564643	-1.144040	-28.023725	1.548738	-1.139065	-28.118133	1.538402	-1.262874	-27.860129	1.536230	-1.087510	-28.054908	1.521764	-0.904918	-27.980632	0.748749	-1.560270	-28.037728	1.431684	-0.564938	-28.088034	-0.007681	-2.073810	-28.023326	1.439555	-0.578776	-28.110929	-0.062098	-2.056449	-28.077579	1.410664	-0.563607	-28.106811	-0.023035	-2.096418	-28.182450	0.974404	-1.227320	-28.156486	0.982330	-1.249098	-27.862868	0.980451	-1.048518	-27.838397	0.950099	-1.095518	-28.157175	0.436546	-1.228022	-27.889193	0.488471	-1.050215	-28.195268	-0.062726	-1.238855	-28.136045	-0.042619	-1.289420	-27.882208	-0.047610	-1.032356	-27.852113	-0.039093	-1.080741
4386	60.922754	00:01:00:66	-27.985101	1.651605	-1.233579	-27.989638	1.667607	-1.126729	-28.088261	1.636607	-1.159187	-27.978833	1.574915	-1.154807	-28.032591	1.561149	-1.153460	-28.121009	1.542699	-1.274980	-27.885249	1.495766	-1.088190	-28.056098	1.461435	-0.898405	-27.979443	0.766918	-1.563239	-28.036853	1.455645	-0.554346	-28.067036	-0.023359	-2.065414	-28.040295	1.420187	-0.564264	-28.076494	-0.033391	-2.068855	-28.030238	1.454152	-0.550071	-28.069906	-0.034992	-2.065890	-28.172885	0.979624	-1.221679	-28.141820	0.966588	-1.273525	-27.874293	0.970314	-1.059172	-27.850144	0.933386	-1.096700	-28.165407	0.438668	-1.243435	-27.845381	0.408838	-1.053985	-28.182828	-0.072544	-1.206761	-28.148321	-0.058352	-1.291950	-27.874228	-0.047529	-1.038483	-27.847934	-0.037702	-1.083656
4387	60.936647	00:01:00:67	-27.964652	1.658482	-1.241819	-27.958114	1.695495	-1.133000	-28.075792	1.673636	-1.159079	-28.017567	1.519194	-1.155351	-27.995224	1.585675	-1.128789	-28.128520	1.555656	-1.266247	-27.878184	1.537528	-1.110268	-28.062462	1.479267	-0.898755	-27.975395	0.777173	-1.565136	-28.038700	1.433069	-0.529008	-28.097650	-0.039783	-2.077158	-28.027630	1.422254	-0.571073	-28.098785	-0.038124	-2.061746	-28.002485	1.419656	-0.581443	-28.105654	-0.034584	-2.063305	-28.191110	0.972448	-1.219294	-28.138549	0.980167	-1.286290	-27.910767	0.984572	-1.028532	-27.839930	0.972167	-1.114492	-28.120705	0.471462	-1.226441	-27.829540	0.448558	-1.070932	-28.207939	-0.043782	-1.230256	-28.161401	-0.055928	-1.249011	-27.868241	-0.064337	-1.046151	-27.833895	-0.103162	-1.085462
4388	60.950541	00:01:00:68	-27.973168	1.670789	-1.224066	-27.962099	1.652296	-1.106389	-28.060369	1.667968	-1.168591	-28.021331	1.539551	-1.169523	-27.998487	1.565115	-1.126243	-28.117399	1.547010	-1.249435	-27.849643	1.518134	-1.097188	-28.080358	1.472282	-0.900046	-28.002322	0.760400	-1.610368	-28.033594	1.409279	-0.581382	-28.079415	-0.054514	-2.065451	-28.055958	1.440252	-0.578459	-28.068807	-0.050638	-2.070950	-28.003279	1.426574	-0.577267	-28.075258	-0.028440	-2.050802	-28.194132	0.996767	-1.213712	-28.162756	0.945879	-1.291929	-27.857461	0.976547	-1.048638	-27.867999	0.963101	-1.105179	-28.152693	0.443032	-1.247057	-27.867047	0.456293	-1.026433	-28.182402	-0.050649	-1.207579	-28.136703	-0.051865	-1.255851	-27.890314	-0.093524	-1.041065	-27.826622	-0.057539	-1.043431
4389	60.964434	00:01:00:69	-27.965347	1.631577	-1.231547	-27.937130	1.668548	-1.097979	-28.101247	1.681928	-1.121742	-28.000517	1.532228	-1.177744	-28.015789	1.579715	-1.125160	-28.118852	1.547739	-1.281415	-27.888943	1.563850	-1.100660	-28.087101	1.471825	-0.900885	-27.984979	0.750348	-1.534803	-28.045445	1.430710	-0.561199	-28.073340	-0.039443	-2.078609	-28.054416	1.413388	-0.557777	-28.089873	-0.036810	-2.050643	-28.043242	1.407369	-0.588111	-28.091223	-0.045872	-2.075770	-28.179562	0.953512	-1.219380	-28.143164	0.980587	-1.292257	-27.871014	0.988713	-1.058223	-27.853009	0.956976	-1.071446	-28.125441	0.439071	-1.219102	-27.852296	0.422372	-1.048022	-28.166084	-0.053077	-1.174821	-28.147555	-0.030816	-1.274660	-27.833978	-0.032880	-1.045463	-27.858992	-0.043866	-1.068766
4390	60.978328	00:01:00:70	-27.958193	1.635599	-1.255670	-27.988899	1.653203	-1.100146	-28.103759	1.654555	-1.163307	-28.007982	1.556197	-1.186672	-28.006162	1.543992	-1.124510	-28.160968	1.521960	-1.252499	-27.875203	1.539937	-1.084371	-28.084462	1.506070	-0.919010	-27.971989	0.747984	-1.588524	-28.051583	1.421785	-0.558440	-28.070310	-0.048937	-2.072417	-28.019761	1.428448	-0.559946	-28.099458	-0.066875	-2.075923	-28.031896	1.434944	-0.544699	-28.089544	-0.027582	-2.036174	-28.147149	0.961813	-1.199613	-28.185117	0.984763	-1.270836	-27.880792	0.971336	-1.026230	-27.824316	0.961486	-1.067754	-28.151663	0.459340	-1.250578	-27.797895	0.438904	-1.043743	-28.148919	-0.078360	-1.209183	-28.152993	-0.056712	-1.271729	-27.869453	-0.052491	-1.006819	-27.823330	-0.032493	-1.061372
4391	60.992221	00:01:00:71	-27.967735	1.618070	-1.204981	-27.963839	1.674988	-1.102777	-28.079484	1.647215	-1.152536	-27.970502	1.554223	-1.206700	-27.995231	1.549529	-1.136284	-28.130084	1.527877	-1.285934	-27.851487	1.518245	-1.093898	-28.048518	1.506288	-0.908953	-27.980702	0.697305	-1.570988	-28.032838	1.449384	-0.580077	-28.106297	-0.012595	-2.045718	-28.021675	1.420419	-0.545993	-28.088727	-0.039639	-2.062982	-28.050817	1.432126	-0.539410	-28.097695	-0.046297	-2.061095	-28.164783	0.977837	-1.229383	-28.149959	0.952950	-1.279689	-27.920359	0.968676	-1.071074	-27.843519	0.940054	-1.103083	-28.137431	0.458982	-1.266143	-27.833327	0.453284	-1.074031	-28.179038	-0.014961	-1.212229	-28.133080	-0.081900	-1.269010	-27.860921	-0.052138	-1.004519	-27.831804	-0.069035	-1.039314
4392	61.006114	00:01:01:00	-27.952380	1.654116	-1.220833	-28.011912	1.672295	-1.088110	-28.092067	1.658512	-1.173641	-28.006517	1.554990	-1.182661	-28.045881	1.555567	-1.094141	-28.131407	1.534040	-1.258712	-27.872991	1.518284	-1.097759	-28.096827	1.496648	-0.893199	-27.973911	0.754915	-1.561984	-28.033010	1.435474	-0.574916	-28.063578	-0.031162	-2.091450	-28.024162	1.429362	-0.556424	-28.100029	-0.042585	-2.045644	-28.053651	1.436286	-0.549720	-28.118306	-0.014013	-2.077457	-28.201191	0.977415	-1.231235	-28.134523	0.945745	-1.299446	-27.928687	0.943356	-1.065608	-27.843996	0.977932	-1.095649	-28.184713	0.465452	-1.244732	-27.848118	0.478491	-1.056363	-28.168187	-0.037410	-1.176107	-28.160419	-0.032172	-1.274725	-27.853621	-0.065036	-1.031234	-27.839105	-0.074354	-1.063636
4393	61.020008	00:01:01:01	-27.961713	1.636407	-1.215094	-27.969971	1.676194	-1.117671	-28.089773	1.626094	-1.176968	-27.956883	1.538323	-1.177285	-28.039689	1.559095	-1.156669	-28.089406	1.545194	-1.248521	-27.887868	1.542142	-1.076359	-28.105751	1.481899	-0.899127	-27.989184	0.739919	-1.593600	-28.045140	1.454137	-0.549505	-28.087838	-0.059894	-2.036400	-28.042765	1.436296	-0.578599	-28.092943	-0.033763	-2.021866	-28.058674	1.428576	-0.541868	-28.065952	-0.017771	-2.067078	-28.178131	0.957418	-1.221381	-28.123700	0.983093	-1.298290	-27.884073	0.969130	-1.069032	-27.806219	0.951099	-1.062753	-28.142355	0.459643	-1.240986	-27.849063	0.488132	-1.039630	-28.210824	-0.052705	-1.197235	-28.158948	-0.070910	-1.251946	-27.849372	-0.052020	-1.040460	-27.838281	-0.061506	-1.072047
4394	61.033901	00:01:01:02	-27.987408	1.628800	-1.262333	-27.985760	1.676051	-1.085462	-28.092865	1.666721	-1.148872	-27.980610	1.563865	-1.193228	-28.013811	1.541765	-1.131784	-28.122159	1.513463	-1.263155	-27.874706	1.540366	-1.110760	-28.109585	1.501300	-0.897624	-27.987917	0.754569	-1.569176	-28.010270	1.446754	-0.542094	-28.088267	-0.076630	-2.079004	-28.028935	1.436099	-0.568554	-28.104738	-0.002921	-2.055756	-28.013904	1.426992	-0.539414	-28.104340	-0.055819	-2.028171	-28.166942	0.963666	-1.233707	-28.124898	0.976839	-1.261385	-27.873648	0.971591	-1.056884	-27.847377	0.964063	-1.075048	-28.168110	0.472760	-1.236648	-27.866554	0.448388	-1.032630	-28.170194	-0.065867	-1.228535	-28.155512	-0.060089	-1.239001	-27.879283	-0.040639	-1.032244	-27.834642	-0.031056	-1.068087
4395	61.047795	00:01:01:03	-27.948083	1.635274	-1.245265	-27.975663	1.629279	-1.108934	-28.074137	1.641933	-1.152027	-27.986284	1.571936	-1.154872	-28.011341	1.557122	-1.163250	-28.122586	1.535629	-1.265920	-27.867428	1.546843	-1.141237	-28.071726	1.496268	-0.919999	-27.993226	0.738996	-1.588167	-28.062163	1.425265	-0.575006	-28.101746	-0.067506	-2.064713	-28.010564	1.414203	-0.581253	-28.126800	-0.052262	-2.078446	-28.011692	1.440152	-0.572553	-28.117953	-0.054776	-2.043347	-28.150538	0.945854	-1.200096	-28.143622	0.966934	-1.268532	-27.872051	0.980315	-1.001535	-27.851323	0.979014	-1.100162	-28.169723	0.426687	-1.244764	-27.862677	0.489732	-1.043851	-28.180897	-0.058015	-1.221539	-28.141778	-0.085138	-1.272732	-27.877662	-0.036367	-0.996068	-27.872102	-0.056764	-1.095587
4396	61.061688	00:01:01:04	-27.952472	1.664920	-1.223193	-27.981387	1.651211	-1.072631	-28.062289	1.656775	-1.155853	-28.009621	1.566258	-1.177154	-28.010771	1.531049	-1.127974	-28.107624	1.579839	-1.253349	-27.889496	1.544039	-1.080588	-28.089260	1.488440	-0.888702	-27.991680	0.746439	-1.555752	-28.018770	1.439713	-0.569913	-28.114107	-0.059554	-2.056631	-28.042428	1.429510	-0.550614	-28.117673	-0.014335	-2.065108	-28.049496	1.452822	-0.573617	-28.082180	-0.062435	-2.090914	-28.176070	0.972909	-1.221352	-28.151149	0.948545	-1.293430	-27.867154	0.970700	-1.049408	-27.847019	0.948187	-1.122716	-28.177017	0.470304	-1.257363	-27.870952	0.447845	-1.024253	-28.164512	-0.063193	-1.208485	-28.115098	-0.047709	-1.263588	-27.878071	-0.061637	-1.036983	-27.830201	-0.058467	-1.055114
4397	61.075582	00:01:01:05	-27.976007	1.657883	-1.215929	-27.994109	1.679674	-1.064191	-28.060131	1.637298	-1.161655	-28.005862	1.534047	-1.180213	-28.017144	1.567613	-1.142176	-28.124181	1.548133	-1.250053	-27.887069	1.551658	-1.071942	-28.090175	1.488188	-0.926303	-27.982615	0.755584	-1.593720	-28.023284	1.402630	-0.558216	-28.076371	-0.014519	-2.066505	-28.035487	1.439935	-0.548111	-28.122133	-0.045977	-2.050984	-28.008278	1.447182	-0.559636	-28.122119	0.006792	-2.062278	-28.175740	0.985048	-1.222933	-28.145900	0.976282	-1.275110	-27.908437	0.986787	-1.034906	-27.870943	0.965067	-1.108073	-28.148194	0.405824	-1.257741	-27.850165	0.475966	-1.085479	-28.161329	-0.056863	-1.217596	-28.130848	-0.068328	-1.236710	-27.869401	-0.024171	-1.030310	-27.849572	-0.065450	-1.092952
4398	61.089475	00:01:01:06	-27.954082	1.630020	-1.209590	-28.003556	1.670256	-1.092693	-28.064734	1.651429	-1.192102	-28.012417	1.547627	-1.204729	-27.998752	1.533173	-1.154173	-28.151371	1.555111	-1.263585	-27.895583	1.546894	-1.113359	-28.059745	1.512663	-0.897460	-28.016787	0.714613	-1.614663	-28.015084	1.436506	-0.584087	-28.097899	-0.080503	-2.071624	-28.014587	1.453651	-0.577175	-28.111660	-0.019335	-2.060306	-28.021157	1.463450	-0.530283	-28.065643	-0.031056	-2.042316	-28.183200	0.959364	-1.225896	-28.150047	0.936407	-1.283424	-27.868441	0.954637	-1.072669	-27.851040	0.964313	-1.090625	-28.180095	0.462018	-1.229924	-27.862137	0.450709	-1.073690	-28.173419	-0.092055	-1.203809	-28.195563	-0.060343	-1.261997	-27.866420	-0.041564	-1.012591	-27.840049	-0.067249	-1.084206
4399	61.103369	00:01:01:07	-27.961002	1.661521	-1.242019	-28.000930	1.639774	-1.077566	-28.050999	1.688945	-1.172166	-28.037005	1.549224	-1.142556	-28.021712	1.573333	-1.136746	-28.100037	1.558860	-1.236983	-27.857484	1.516056	-1.085541	-28.074895	1.457295	-0.902953	-27.957657	0.774995	-1.591297	-28.022630	1.417648	-0.542334	-28.113495	-0.019888	-2.046128	-28.055035	1.439370	-0.561093	-28.092703	-0.085909	-2.070115	-28.029157	1.442510	-0.554036	-28.104836	-0.036479	-2.085106	-28.177620	0.983421	-1.257040	-28.142367	0.912572	-1.259964	-27.875631	0.979213	-1.044466	-27.827785	0.963720	-1.080736	-28.102676	0.477373	-1.248276	-27.866837	0.453326	-1.016366	-28.186495	-0.032181	-1.213701	-28.130575	-0.041959	-1.261050	-27.880343	-0.080957	-1.011816	-27.828518	-0.063909	-1.079755
4400	61.117262	00:01:01:08	-27.943900	1.626110	-1.250269	-27.958339	1.686052	-1.094581	-28.095533	1.672341	-1.156178	-28.007035	1.510143	-1.154087	-28.032839	1.542859	-1.150823	-28.111288	1.576050	-1.257159	-27.859821	1.541595	-1.070263	-28.111242	1.507310	-0.874900	-27.983208	0.753712	-1.584191	-28.029640	1.413630	-0.546476	-28.088564	-0.063575	-2.058006	-28.058126	1.474886	-0.543661	-28.090843	-0.047455	-2.061033	-28.003807	1.449086	-0.569734	-28.107702	-0.032228	-2.084930	-28.170770	0.958435	-1.224204	-28.161433	0.995047	-1.285367	-27.865607	0.978945	-1.020324	-27.854238	0.915059	-1.092724	-28.127480	0.421649	-1.252804	-27.858124	0.467766	-1.031004	-28.166590	-0.043524	-1.215796	-28.134187	-0.052139	-1.246893	-27.891303	-0.066999	-1.030187	-27.867338	-0.058958	-1.080470
4401	61.131155	00:01:01:09	-28.003503	1.637016	-1.232676	-27.984345	1.656866	-1.113096	-28.056087	1.659616	-1.162021	-27.989351	1.556577	-1.167924	-28.018307	1.543103	-1.160273	-28.140321	1.533575	-1.236859	-27.872251	1.552132	-1.073082	-28.079022	1.505241	-0.893939	-28.013918	0.768558	-1.583867	-28.035625	1.438928	-0.554198	-28.082828	-0.067343	-2.067100	-28.033034	1.424387	-0.588756	-28.078251	-0.047867	-2.028068	-28.039005	1.418318	-0.543503	-28.085747	-0.058607	-2.082167	-28.178854	0.978941	-1.229625	-28.163695	0.929530	-1.271488	-27.880775	0.920953	-1.033038	-27.850058	0.959048	-1.063116	-28.137234	0.453316	-1.237766	-27.848720	0.472579	-1.064255	-28.161830	-0.064432	-1.193405	-28.132261	-0.088910	-1.278664	-27.855525	-0.055627	-0.987106	-27.825480	-0.073164	-1.096164
4402	61.145049	00:01:01:10	-27.988722	1.671420	-1.231783	-27.962776	1.674049	-1.107251	-28.063352	1.647578	-1.153212	-27.982148	1.521008	-1.149538	-28.051668	1.540819	-1.161279	-28.117954	1.548495	-1.226070	-27.851879	1.555564	-1.121563	-28.090511	1.480737	-0.920402	-27.984957	0.737658	-1.586797	-28.044052	1.431142	-0.561767	-28.132901	-0.037331	-2.065636	-28.015650	1.433111	-0.553877	-28.108176	-0.072035	-2.077335	-28.037749	1.429484	-0.556576	-28.098160	-0.044626	-2.058543	-28.159854	0.987238	-1.246934	-28.147324	0.945550	-1.275801	-27.889019	0.975777	-1.053433	-27.845288	0.948318	-1.100219	-28.128257	0.459266	-1.224081	-27.824622	0.441879	-1.058851	-28.212355	-0.021153	-1.184538	-28.100968	-0.083604	-1.220109	-27.874668	-0.043545	-1.000179	-27.837026	-0.048359	-1.078932
4403	61.158942	00:01:01:11	-27.996056	1.646752	-1.232830	-27.975201	1.681513	-1.103565	-28.088788	1.674562	-1.165922	-28.010289	1.543335	-1.176582	-28.040595	1.557384	-1.147102	-28.125910	1.537389	-1.234473	-27.855954	1.540591	-1.060353	-28.106149	1.462217	-0.900614	-27.957984	0.726583	-1.590410	-28.033396	1.460819	-0.537187	-28.078898	-0.062202	-2.075564	-28.040597	1.423788	-0.569819	-28.103350	-0.067860	-2.031687	-28.046366	1.461538	-0.580922	-28.102351	-0.025638	-2.057367	-28.166995	0.989244	-1.253961	-28.132136	0.976146	-1.316622	-27.857421	0.942010	-1.052243	-27.831407	0.953874	-1.084356	-28.134424	0.473452	-1.233641	-27.883969	0.479554	-1.056684	-28.179952	-0.057080	-1.198641	-28.145405	-0.054602	-1.279573	-27.885163	-0.101838	-1.007483	-27.823429	-0.076371	-1.051920
4404	61.172836	00:01:01:12	-27.955448	1.628159	-1.249113	-27.954135	1.670511	-1.135408	-28.068247	1.673853	-1.152915	-27.991531	1.517776	-1.168985	-28.023915	1.551334	-1.104834	-28.119085	1.545835	-1.252626	-27.850415	1.528213	-1.107107	-28.111716	1.477943	-0.913968	-28.002374	0.722889	-1.569243	-28.048429	1.445287	-0.577939	-28.085882	-0.042422	-2.052365	-28.033140	1.408144	-0.558125	-28.099302	-0.078266	-2.041187	-28.060266	1.438059	-0.561676	-28.082512	-0.063844	-2.046053	-28.161245	0.977112	-1.234492	-28.113393	0.978520	-1.272645	-27.856476	0.991421	-1.076897	-27.866702	0.944465	-1.067392	-28.180268	0.469900	-1.235461	-27.859183	0.458024	-1.087639	-28.201346	-0.060047	-1.216137	-28.141261	-0.073123	-1.244113	-27.885376	-0.085648	-1.044211	-27.798639	-0.069339	-1.076105
4405	61.186729	00:01:01:13	-27.956942	1.623375	-1.233445	-27.969876	1.659052	-1.108580	-28.109361	1.636871	-1.154460	-27.978822	1.546641	-1.171013	-27.981119	1.555859	-1.136942	-28.146839	1.579226	-1.242212	-27.871910	1.516104	-1.097950	-28.090239	1.479671	-0.898321	-27.982985	0.725714	-1.592108	-27.999220	1.442966	-0.559837	-28.109854	-0.043977	-2.044416	-28.026458	1.429264	-0.557338	-28.102796	-0.025978	-2.062487	-28.046757	1.429713	-0.566158	-28.108419	-0.068982	-2.061175	-28.157755	0.957247	-1.213217	-28.151661	0.947016	-1.277273	-27.888447	0.973100	-1.024239	-27.860629	0.957604	-1.096898	-28.157473	0.463712	-1.254755	-27.869219	0.480153	-1.062895	-28.179580	-0.061945	-1.220705	-28.168549	-0.078671	-1.253629	-27.883305	-0.061565	-1.021794	-27.854357	-0.072585	-1.063895
4406	61.200623	00:01:01:14	-27.984448	1.652217	-1.245044	-27.930429	1.677824	-1.094795	-28.088634	1.665099	-1.192800	-27.995652	1.565192	-1.179660	-28.017902	1.537546	-1.149416	-28.104201	1.527795	-1.258610	-27.862065	1.539572	-1.059832	-28.076958	1.510471	-0.890678	-27.998422	0.717602	-1.614701	-28.027787	1.422481	-0.574407	-28.093171	-0.052663	-2.065325	-28.049034	1.421494	-0.558742	-28.096328	-0.042722	-2.050231	-28.040929	1.435973	-0.553691	-28.052483	-0.046494	-2.054161	-28.169738	0.949382	-1.231260	-28.148204	0.943345	-1.259200	-27.849220	0.986637	-1.052853	-27.831451	0.971503	-1.098360	-28.174072	0.444563	-1.275211	-27.880186	0.450706	-1.057426	-28.184443	-0.058284	-1.226653	-28.149123	-0.086322	-1.261486	-27.876078	-0.045788	-1.018934	-27.845590	-0.066238	-1.076748
4407	61.214516	00:01:01:15	-27.953916	1.637273	-1.231715	-27.965045	1.660260	-1.079789	-28.119009	1.662172	-1.144031	-27.962631	1.550470	-1.211715	-28.035591	1.553623	-1.149054	-28.167631	1.492905	-1.248271	-27.844504	1.522142	-1.093935	-28.066066	1.485114	-0.894542	-28.005036	0.737412	-1.556237	-28.017433	1.432915	-0.549798	-28.085692	-0.057037	-2.071110	-28.033580	1.431974	-0.529481	-28.074598	-0.024605	-2.065797	-28.046053	1.421265	-0.564702	-28.050718	-0.037745	-2.068880	-28.159200	0.971897	-1.243027	-28.138298	0.961744	-1.292140	-27.867838	0.988720	-1.012195	-27.808142	0.976807	-1.085650	-28.175982	0.471505	-1.252389	-27.878546	0.454038	-1.050972	-28.181760	-0.048863	-1.164437	-28.191609	-0.077531	-1.242442	-27.850055	-0.048222	-1.006780	-27.846668	-0.030207	-1.059892
4408	61.228410	00:01:01:16	-27.963676	1.628381	-1.252783	-27.978561	1.647164	-1.105401	-28.080790	1.670346	-1.157532	-27.987210	1.528650	-1.152073	-28.010005	1.544037	-1.103402	-28.141004	1.541710	-1.250492	-27.891666	1.543145	-1.089749	-28.094682	1.493414	-0.877065	-27.973098	0.724571	-1.578400	-28.043015	1.439980	-0.554603	-28.112798	-0.057048	-2.090401	-28.063226	1.429727	-0.556727	-28.089982	-0.052346	-2.079712	-28.028225	1.432076	-0.557836	-28.082481	-0.040511	-2.047427	-28.177768	0.982273	-1.236680	-28.155313	0.977193	-1.276247	-27.905332	0.985929	-1.036188	-27.839968	0.941193	-1.071299	-28.171678	0.466377	-1.248555	-27.850315	0.450702	-1.064150	-28.156416	-0.061928	-1.204361	-28.142615	-0.037894	-1.241362	-27.858268	-0.065311	-1.030187	-27.819438	-0.075220	-1.060042
4409	61.242303	00:01:01:17	-27.957850	1.663077	-1.226036	-27.969761	1.686172	-1.085595	-28.073344	1.630511	-1.156141	-27.999071	1.557426	-1.138538	-28.010652	1.539259	-1.139109	-28.129589	1.542024	-1.282732	-27.869301	1.554218	-1.063847	-28.081703	1.508008	-0.883402	-27.965463	0.735221	-1.602277	-28.002615	1.440920	-0.523794	-28.080026	-0.032946	-2.039675	-28.046826	1.426804	-0.563460	-28.140696	-0.059603	-2.062382	-28.059379	1.433233	-0.574051	-28.087146	-0.016916	-2.050018	-28.124227	0.972860	-1.183601	-28.111840	0.953566	-1.273737	-27.880461	0.973795	-1.041198	-27.830130	0.981803	-1.115390	-28.160401	0.473894	-1.244971	-27.849537	0.474370	-1.048722	-28.156677	-0.059764	-1.214971	-28.148629	-0.069123	-1.242699	-27.876895	-0.072027	-1.012101	-27.839812	-0.037854	-1.081948
4410	61.256196	00:01:01:18	-27.976658	1.636452	-1.245945	-27.961433	1.673841	-1.092142	-28.063695	1.646451	-1.166326	-27.978132	1.528837	-1.164767	-28.018400	1.555243	-1.119856	-28.141284	1.538275	-1.245056	-27.876314	1.570655	-1.110916	-28.095240	1.477840	-0.902105	-28.001868	0.753263	-1.613841	-28.057839	1.426358	-0.509064	-28.091685	-0.041328	-2.045705	-28.048860	1.442081	-0.563599	-28.087954	-0.064819	-2.057422	-28.029185	1.407717	-0.539458	-28.111933	-0.056863	-2.074893	-28.143867	0.962105	-1.255737	-28.120018	0.937322	-1.299367	-27.861187	0.994021	-1.029165	-27.853209	0.945409	-1.102407	-28.149232	0.439635	-1.227425	-27.893159	0.474412	-1.056377	-28.155935	-0.039731	-1.206296	-28.150701	-0.045764	-1.282840	-27.862932	-0.037452	-1.039115	-27.869068	-0.059117	-1.043266
4411	61.270090	00:01:01:19	-27.987676	1.641277	-1.220849	-27.942284	1.666869	-1.126695	-28.061162	1.662055	-1.138634	-28.009799	1.518829	-1.184633	-28.022398	1.544147	-1.138805	-28.096827	1.523815	-1.251738	-27.874424	1.541530	-1.106195	-28.070667	1.449720	-0.915007	-27.965462	0.755560	-1.562111	-28.064639	1.427222	-0.530661	-28.095435	-0.037165	-2.046543	-28.027820	1.433619	-0.549252	-28.080889	-0.027997	-2.062584	-28.043447	1.400951	-0.562245	-28.101015	-0.011016	-2.089402	-28.199394	1.004111	-1.234608	-28.112564	0.962654	-1.261565	-27.893448	0.975686	-1.038647	-27.825923	0.977547	-1.076826	-28.130997	0.436956	-1.240463	-27.866664	0.461847	-1.039022	-28.167920	-0.069299	-1.217008	-28.181550	-0.054287	-1.247338	-27.890484	-0.048483	-1.034837	-27.860868	-0.066350	-1.072825
4412	61.283983	00:01:01:20	-27.991463	1.621876	-1.220106	-27.961472	1.670332	-1.125061	-28.067587	1.675695	-1.185167	-27.995955	1.551327	-1.182059	-28.010941	1.543013	-1.132507	-28.077567	1.544038	-1.304900	-27.881303	1.534526	-1.092112	-28.064722	1.503368	-0.919544	-27.968148	0.783951	-1.612021	-28.042368	1.440523	-0.567803	-28.090159	-0.056792	-2.070976	-28.029133	1.422279	-0.538659	-28.119867	-0.027962	-2.098415	-28.041503	1.422269	-0.563069	-28.095133	-0.022778	-2.041820	-28.180187	0.944113	-1.199956	-28.167138	0.953566	-1.296938	-27.886593	1.016992	-1.031561	-27.846269	0.950863	-1.084099	-28.156257	0.446246	-1.248567	-27.869720	0.444086	-1.044475	-28.147951	-0.041930	-1.232535	-28.157077	-0.044652	-1.244575	-27.870085	-0.044387	-1.027160	-27.850076	-0.062245	-1.059086
4413	61.297877	00:01:01:21	-27.933031	1.644461	-1.215991	-27.962019	1.647595	-1.060491	-28.078753	1.665992	-1.164396	-27.959713	1.548243	-1.182744	-28.036469	1.533659	-1.149574	-28.117137	1.527568	-1.253281	-27.824415	1.540184	-1.081384	-28.057259	1.497789	-0.915757	-27.962563	0.770474	-1.624041	-28.031544	1.444463	-0.552560	-28.065110	-0.049035	-2.011842	-28.030914	1.451877	-0.553314	-28.082355	-0.037960	-2.062889	-28.013224	1.436260	-0.577186	-28.060746	-0.037396	-2.048606	-28.179577	0.974450	-1.269862	-28.139845	0.970015	-1.275248	-27.855744	0.953679	-1.081464	-27.855381	0.926844	-1.115210	-28.141177	0.445452	-1.226496	-27.853836	0.460328	-1.059395	-28.210154	-0.049359	-1.209143	-28.119983	-0.055818	-1.255956	-27.901037	-0.052318	-0.988727	-27.838762	-0.057861	-1.076409
4414	61.311770	00:01:01:22	-27.983116	1.636700	-1.237013	-27.976335	1.676724	-1.106800	-28.061480	1.676284	-1.186322	-27.978768	1.571893	-1.127838	-27.997601	1.539067	-1.133793	-28.090788	1.542834	-1.251164	-27.849195	1.551072	-1.091125	-28.070361	1.500093	-0.876251	-28.024377	0.729231	-1.598745	-28.045890	1.437064	-0.567289	-28.095190	-0.054077	-2.072437	-28.037346	1.428687	-0.560267	-28.086994	-0.054736	-2.075682	-28.042492	1.424227	-0.571477	-28.093267	-0.059593	-2.072429	-28.163465	0.965886	-1.239808	-28.122979	0.971839	-1.269484	-27.866113	0.953335	-1.047390	-27.861131	0.944615	-1.106235	-28.166827	0.455410	-1.223921	-27.847782	0.457225	-1.047003	-28.189424	-0.061247	-1.182118	-28.165517	-0.058394	-1.295136	-27.897200	-0.052149	-1.030014	-27.858325	-0.062366	-1.097525
4415	61.325664	00:01:01:23	-27.975608	1.673935	-1.236404	-27.978372	1.699895	-1.113389	-28.114226	1.658720	-1.151065	-28.001659	1.538379	-1.171857	-28.041183	1.573334	-1.137410	-28.149265	1.542921	-1.261032	-27.829205	1.518072	-1.134543	-28.064476	1.468782	-0.920547	-27.989783	0.770922	-1.586268	-28.017800	1.432661	-0.575627	-28.084119	-0.068162	-2.053997	-28.037071	1.444730	-0.581090	-28.099437	-0.066280	-2.039289	-28.041939	1.440505	-0.543929	-28.109757	-0.044126	-2.083307	-28.190862	0.979193	-1.207301	-28.154060	0.958055	-1.292452	-27.844137	0.966189	-1.039669	-27.823376	0.974056	-1.099530	-28.171378	0.453635	-1.244974	-27.831075	0.460281	-1.055209	-28.167094	-0.015951	-1.235512	-28.163921	-0.070847	-1.248479	-27.868323	-0.041098	-1.034661	-27.826839	-0.042538	-1.056659
4416	61.339557	00:01:01:24	-27.964537	1.669479	-1.244097	-27.995287	1.628840	-1.101441	-28.101649	1.642264	-1.169341	-28.014122	1.552959	-1.193615	-27.990750	1.565491	-1.137168	-28.120480	1.528122	-1.249371	-27.871789	1.550651	-1.088953	-28.076084	1.513551	-0.895035	-27.969121	0.746971	-1.569160	-28.021856	1.432236	-0.551398	-28.104522	-0.040265	-2.085657	-28.047608	1.432660	-0.565334	-28.071240	-0.060581	-2.062992	-28.013721	1.459718	-0.549920	-28.093360	-0.048487	-2.062729	-28.176736	0.988647	-1.217836	-28.136956	0.983626	-1.295101	-27.854709	0.968674	-1.017831	-27.840821	0.986268	-1.093874	-28.130048	0.462939	-1.227854	-27.846319	0.469420	-1.074293	-28.190069	-0.051736	-1.205462	-28.144073	-0.072917	-1.244813	-27.875963	-0.077863	-0.990790	-27.827350	-0.049969	-1.054305
4417	61.353451	00:01:01:25	-27.966318	1.661789	-1.222171	-27.981749	1.654087	-1.090637	-28.084234	1.664828	-1.159554	-27.984101	1.554316	-1.175193	-28.032423	1.572188	-1.149977	-28.134771	1.569185	-1.264818	-27.883053	1.524623	-1.092223	-28.069227	1.474624	-0.912643	-27.983984	0.739672	-1.598001	-28.045397	1.433854	-0.554966	-28.126371	-0.011123	-2.025106	-28.024839	1.462497	-0.569173	-28.099079	-0.067773	-2.069490	-28.046262	1.429520	-0.554093	-28.098992	-0.041065	-2.108203	-28.219159	0.967394	-1.237043	-28.147094	0.948982	-1.246946	-27.903543	0.975935	-1.052402	-27.826637	0.973256	-1.073510	-28.181411	0.442994	-1.281526	-27.841753	0.452603	-1.073327	-28.194740	-0.049021	-1.234744	-28.145653	-0.055599	-1.255433	-27.883185	-0.030726	-1.021648	-27.840540	-0.080984	-1.059547
4418	61.367344	00:01:01:26	-27.956884	1.636519	-1.227426	-27.934889	1.648680	-1.112442	-28.080991	1.680240	-1.155504	-27.994582	1.580224	-1.190595	-28.026355	1.556938	-1.134354	-28.132239	1.557571	-1.238091	-27.886628	1.530942	-1.120935	-28.066869	1.484859	-0.898307	-28.003504	0.745261	-1.597247	-28.044025	1.432270	-0.571175	-28.096416	-0.054625	-2.047054	-28.022699	1.442294	-0.564236	-28.144548	-0.035083	-2.064520	-28.016044	1.414693	-0.546684	-28.097315	-0.061150	-2.059288	-28.168715	0.993801	-1.209833	-28.134601	0.946921	-1.311432	-27.879897	0.984334	-1.020193	-27.822608	0.972711	-1.070793	-28.190661	0.466025	-1.266435	-27.844007	0.443133	-1.067380	-28.179488	-0.040291	-1.174699	-28.147452	-0.061372	-1.273491	-27.859321	-0.021921	-1.025436	-27.824567	-0.068955	-1.094673
4419	61.381237	00:01:01:27	-27.982600	1.636196	-1.212811	-28.014193	1.653934	-1.096214	-28.066166	1.637187	-1.143922	-27.997691	1.592264	-1.164764	-28.052231	1.512727	-1.154047	-28.123892	1.534809	-1.241070	-27.853129	1.536399	-1.115736	-28.088317	1.495237	-0.903749	-27.964704	0.742739	-1.555601	-28.041024	1.418129	-0.562666	-28.067889	-0.043113	-2.053266	-28.032510	1.430633	-0.577393	-28.100680	-0.044498	-2.066453	-28.005909	1.435541	-0.549071	-28.096318	-0.046567	-2.052628	-28.194074	0.958095	-1.234642	-28.135494	0.952404	-1.288933	-27.885139	0.952360	-1.033608	-27.845557	0.935920	-1.087729	-28.153115	0.470044	-1.231537	-27.825622	0.442709	-1.050359	-28.190441	-0.034255	-1.216245	-28.174204	-0.045975	-1.294339	-27.869206	-0.072003	-1.011529	-27.875112	-0.070123	-1.060558
4420	61.395131	00:01:01:28	-27.996785	1.683818	-1.228248	-27.980913	1.663747	-1.089266	-28.091602	1.660546	-1.171875	-28.025147	1.533593	-1.182990	-27.999354	1.552296	-1.126461	-28.094417	1.523010	-1.224726	-27.890816	1.543171	-1.086150	-28.062493	1.532284	-0.907076	-27.971970	0.765896	-1.601825	-28.027836	1.442494	-0.549302	-28.101083	-0.032879	-2.063823	-28.024054	1.429439	-0.543166	-28.101922	-0.044358	-2.078988	-28.035613	1.458900	-0.572359	-28.064019	-0.032365	-2.086438	-28.162760	0.992281	-1.205265	-28.156676	0.951499	-1.261132	-27.896110	0.944946	-1.042038	-27.820448	0.958253	-1.089711	-28.177632	0.455184	-1.260997	-27.853298	0.428784	-1.062246	-28.173171	-0.053148	-1.195588	-28.142804	-0.074819	-1.254556	-27.883577	-0.056368	-1.013403	-27.828150	-0.064045	-1.069873
4421	61.409024	00:01:01:29	-27.986488	1.592371	-1.226920	-28.017941	1.671445	-1.071005	-28.096488	1.635251	-1.138334	-28.005899	1.535896	-1.183178	-27.995953	1.546431	-1.142687	-28.132968	1.546874	-1.255877	-27.875110	1.536470	-1.091843	-28.097416	1.500862	-0.880681	-27.962610	0.745522	-1.613490	-28.038853	1.452799	-0.557750	-28.095181	-0.041497	-2.065213	-27.979173	1.444658	-0.549146	-28.094825	-0.047078	-2.067318	-28.036639	1.424437	-0.551112	-28.117828	-0.061728	-2.049868	-28.158947	0.979599	-1.239656	-28.151767	0.947028	-1.277987	-27.867301	0.991756	-1.064549	-27.814578	0.978114	-1.088687	-28.182451	0.443015	-1.235255	-27.842786	0.453887	-1.047018	-28.229810	-0.015688	-1.217344	-28.136681	-0.074598	-1.242340	-27.856244	-0.068208	-1.026527	-27.829457	-0.046477	-1.084703
4422	61.422918	00:01:01:30	-27.970083	1.628422	-1.262091	-27.951029	1.678245	-1.097223	-28.085463	1.665024	-1.170708	-27.971295	1.563292	-1.151665	-28.036071	1.583025	-1.162087	-28.138837	1.567101	-1.216754	-27.878049	1.534523	-1.059426	-28.095534	1.521414	-0.900896	-27.993489	0.779396	-1.577865	-28.025867	1.437163	-0.543115	-28.093994	-0.036684	-2.076765	-28.038617	1.414624	-0.526696	-28.075250	-0.041070	-2.069963	-28.031151	1.406993	-0.550471	-28.072168	-0.065595	-2.040178	-28.158017	0.941969	-1.237885	-28.137361	0.981634	-1.312934	-27.878212	0.986666	-1.050120	-27.796875	0.971203	-1.106855	-28.165755	0.463310	-1.245713	-27.886403	0.460689	-1.051316	-28.192170	-0.058300	-1.203734	-28.202549	-0.063273	-1.281083	-27.854272	-0.063691	-0.987378	-27.839358	-0.065255	-1.046624
4423	61.436811	00:01:01:31	-27.990473	1.637423	-1.207716	-27.975049	1.664092	-1.105540	-28.064374	1.679581	-1.154891	-28.017752	1.545551	-1.157612	-28.023240	1.531942	-1.135907	-28.128695	1.535308	-1.263283	-27.878699	1.522729	-1.086320	-28.056424	1.492047	-0.893765	-28.009564	0.762691	-1.600642	-28.021098	1.471776	-0.566854	-28.047591	-0.050374	-2.043771	-28.039875	1.418144	-0.582160	-28.111841	-0.074626	-2.074662	-28.051904	1.457775	-0.541458	-28.087257	-0.078101	-2.065949	-28.164166	0.937649	-1.194165	-28.166375	0.957607	-1.312146	-27.878678	0.997620	-1.028485	-27.879760	0.975215	-1.066267	-28.154422	0.448280	-1.234288	-27.869405	0.433591	-1.020296	-28.156527	-0.041112	-1.204247	-28.152616	-0.085858	-1.275694	-27.883316	-0.062483	-1.037794	-27.843389	-0.024227	-1.088846
4424	61.450705	00:01:01:32	-27.936641	1.668471	-1.226054	-27.990315	1.667864	-1.077666	-28.090945	1.665938	-1.162622	-27.966994	1.545179	-1.165398	-28.008181	1.551251	-1.129009	-28.141203	1.530253	-1.244626	-27.877914	1.529143	-1.101531	-28.081839	1.472569	-0.896899	-27.970292	0.731734	-1.604995	-28.038165	1.421732	-0.557484	-28.097027	-0.022746	-2.070934	-28.009193	1.390964	-0.560812	-28.102164	-0.054051	-2.060031	-28.028367	1.468542	-0.550075	-28.114178	-0.022681	-2.050955	-28.184581	0.956840	-1.219236	-28.127248	0.998191	-1.254607	-27.900444	0.984797	-1.028907	-27.849032	0.946217	-1.075210	-28.137714	0.430582	-1.223697	-27.845300	0.480347	-1.008805	-28.153311	-0.032614	-1.191409	-28.133805	-0.072626	-1.270545	-27.868550	-0.047483	-1.016268	-27.849787	-0.059988	-1.092251
4425	61.464598	00:01:01:33	-27.981164	1.681629	-1.218091	-27.961823	1.691220	-1.081206	-28.050125	1.634351	-1.161638	-27.975881	1.546318	-1.205563	-28.011400	1.548409	-1.135583	-28.140032	1.533744	-1.274745	-27.872355	1.549695	-1.100881	-28.084122	1.520857	-0.906114	-27.992948	0.727241	-1.570029	-28.008287	1.398623	-0.547224	-28.077114	-0.063579	-2.062452	-28.032662	1.432231	-0.554661	-28.075054	-0.054346	-2.052613	-28.039441	1.453211	-0.558795	-28.099507	-0.040462	-2.051148	-28.153502	0.965333	-1.198657	-28.141848	1.026294	-1.294904	-27.870952	0.963006	-1.035907	-27.827842	0.923006	-1.077588	-28.158045	0.418201	-1.252620	-27.845332	0.452059	-1.065310	-28.217620	-0.069707	-1.225857	-28.155244	-0.045122	-1.269240	-27.877443	-0.051112	-1.030776	-27.825090	-0.051449	-1.087851
4426	61.478492	00:01:01:34	-27.983484	1.627102	-1.238740	-27.973997	1.671145	-1.119055	-28.071393	1.664640	-1.123959	-27.975952	1.553339	-1.200374	-28.016500	1.521785	-1.127064	-28.174083	1.532972	-1.258061	-27.869698	1.541650	-1.073524	-28.081249	1.516799	-0.889214	-27.985609	0.745509	-1.589635	-28.049016	1.448689	-0.520843	-28.086591	-0.056623	-2.048791	-28.015916	1.431030	-0.544071	-28.095416	-0.048977	-2.081038	-28.033528	1.422436	-0.556851	-28.073223	-0.034083	-2.078446	-28.184908	0.968032	-1.243710	-28.142690	0.999240	-1.254123	-27.859079	0.956800	-1.045782	-27.822646	0.992771	-1.099624	-28.178624	0.471136	-1.213256	-27.864418	0.438900	-1.039347	-28.158516	-0.076926	-1.195504	-28.148125	-0.085793	-1.301119	-27.869856	-0.057140	-1.007144	-27.837492	-0.058680	-1.061883
4427	61.492385	00:01:01:35	-27.987789	1.630839	-1.252897	-27.995275	1.667740	-1.090614	-28.090154	1.654193	-1.144550	-27.984634	1.525916	-1.198080	-28.016004	1.564202	-1.163216	-28.156568	1.583272	-1.241230	-27.859477	1.534180	-1.070954	-28.051543	1.469660	-0.882989	-27.961960	0.778047	-1.573013	-28.042841	1.432508	-0.550903	-28.093932	-0.048548	-2.074054	-28.037384	1.452282	-0.552447	-28.087249	-0.024373	-2.049041	-28.018782	1.447508	-0.560411	-28.102032	-0.042788	-2.034580	-28.128776	0.949149	-1.220518	-28.126767	0.978247	-1.281798	-27.852080	0.967392	-1.043818	-27.834178	0.949982	-1.090587	-28.167677	0.464675	-1.231895	-27.837950	0.454039	-1.072125	-28.202860	-0.080157	-1.216109	-28.149929	-0.079991	-1.267146	-27.882737	-0.036980	-1.025185	-27.812931	-0.055347	-1.049403
4428	61.506278	00:01:01:36	-27.954154	1.652335	-1.214983	-28.007952	1.660675	-1.085110	-28.088691	1.668572	-1.130588	-28.035325	1.524166	-1.179309	-28.040906	1.557810	-1.142227	-28.132725	1.545570	-1.266945	-27.877584	1.510415	-1.124740	-28.082238	1.500539	-0.912850	-28.012476	0.751731	-1.567976	-28.023446	1.437640	-0.544734	-28.082082	-0.034119	-2.050736	-28.020598	1.458068	-0.559972	-28.066872	-0.056782	-2.032770	-28.032784	1.442963	-0.570423	-28.111271	-0.047405	-2.092486	-28.154287	0.949374	-1.225054	-28.154363	0.948386	-1.314039	-27.869102	0.962932	-1.030671	-27.843853	0.957981	-1.114802	-28.176692	0.487412	-1.234983	-27.848535	0.455358	-1.093737	-28.160706	-0.071285	-1.202722	-28.137344	-0.087944	-1.272836	-27.875632	-0.065041	-1.027949	-27.847649	-0.078142	-1.075681
4429	61.520172	00:01:01:37	-27.943043	1.628928	-1.237001	-27.963925	1.630457	-1.095001	-28.069630	1.655275	-1.133984	-28.000070	1.529139	-1.132872	-28.020078	1.531490	-1.138323	-28.116343	1.569424	-1.251337	-27.885626	1.559499	-1.093582	-28.091005	1.489843	-0.879830	-27.988179	0.750453	-1.563711	-28.012503	1.457887	-0.528998	-28.080168	-0.040831	-2.057621	-28.029392	1.402694	-0.513271	-28.072049	-0.051881	-2.059559	-28.038319	1.419393	-0.559371	-28.099880	-0.060368	-2.064998	-28.182542	0.974764	-1.225195	-28.138580	0.943923	-1.297263	-27.898101	0.983676	-1.076942	-27.855193	0.936754	-1.071647	-28.176632	0.438159	-1.238694	-27.861373	0.488977	-1.077619	-28.204479	-0.041165	-1.249996	-28.142583	-0.052859	-1.264709	-27.875538	-0.077041	-1.024587	-27.819486	-0.033309	-1.082581
4430	61.534065	00:01:01:38	-27.972599	1.644711	-1.209250	-27.980495	1.660122	-1.083024	-28.091115	1.677478	-1.148227	-28.000618	1.563482	-1.180035	-28.013247	1.548115	-1.158543	-28.126914	1.551576	-1.278964	-27.856987	1.550339	-1.104386	-28.087585	1.494740	-0.896838	-27.959752	0.783195	-1.582305	-28.035925	1.449149	-0.545512	-28.106587	-0.034702	-2.031516	-28.053522	1.431931	-0.570895	-28.063080	-0.078025	-2.067909	-28.021156	1.416963	-0.563866	-28.079815	-0.039916	-2.076306	-28.177298	0.970648	-1.212207	-28.131955	0.973239	-1.276752	-27.873357	0.957772	-1.029944	-27.836729	0.960587	-1.089690	-28.170161	0.449270	-1.259321	-27.862555	0.461803	-1.042661	-28.198877	-0.030513	-1.183543	-28.166603	-0.058135	-1.273732	-27.857856	-0.082346	-1.015153	-27.851171	-0.044161	-1.077350
4431	61.547959	00:01:01:39	-27.964337	1.639259	-1.241244	-27.947917	1.662372	-1.114491	-28.094850	1.634969	-1.164531	-28.051311	1.540042	-1.163683	-28.011813	1.541448	-1.165403	-28.147468	1.554327	-1.280052	-27.865527	1.556145	-1.093142	-28.086988	1.460504	-0.890401	-28.001947	0.778127	-1.573836	-28.038293	1.439295	-0.553238	-28.061790	-0.063298	-2.057545	-28.073007	1.433466	-0.575924	-28.094824	-0.061410	-2.049522	-28.047128	1.427876	-0.560793	-28.064649	-0.046091	-2.092203	-28.157766	0.984721	-1.242284	-28.110648	0.964704	-1.287265	-27.828387	0.970055	-1.041455	-27.781049	0.974234	-1.076016	-28.130546	0.441332	-1.230373	-27.863222	0.466510	-1.036067	-28.199293	-0.024901	-1.242459	-28.129173	-0.045762	-1.266266	-27.902231	-0.044053	-1.007983	-27.852543	-0.031575	-1.076321
4432	61.561852	00:01:01:40	-27.953033	1.625710	-1.202253	-27.991711	1.665073	-1.063736	-28.065540	1.647340	-1.170452	-27.998065	1.532230	-1.170491	-28.043463	1.566898	-1.161941	-28.124343	1.573766	-1.250614	-27.878225	1.525347	-1.111240	-28.077711	1.480028	-0.873290	-28.026785	0.750309	-1.575648	-28.035814	1.423179	-0.586386	-28.078846	-0.047655	-2.048405	-28.019686	1.433671	-0.557518	-28.066808	-0.055035	-2.100951	-28.077149	1.428929	-0.554763	-28.092864	-0.079118	-2.077993	-28.176358	0.953712	-1.211053	-28.126307	0.992375	-1.278139	-27.893161	0.967722	-1.052966	-27.844951	0.987534	-1.095167	-28.131911	0.448836	-1.234808	-27.867475	0.461582	-1.096288	-28.172678	-0.078231	-1.213778	-28.140189	-0.039574	-1.249644	-27.854515	-0.020912	-1.025094	-27.832530	-0.070204	-1.086699
4433	61.575746	00:01:01:41	-27.979281	1.617195	-1.196790	-27.984212	1.646090	-1.105112	-28.084580	1.669634	-1.148085	-27.969416	1.552030	-1.189398	-28.028301	1.532633	-1.144598	-28.130146	1.563914	-1.263329	-27.865076	1.551557	-1.107161	-28.079540	1.464195	-0.870585	-27.994323	0.752691	-1.599107	-27.998164	1.452660	-0.544289	-28.070079	-0.059071	-2.055575	-28.012801	1.441644	-0.544924	-28.076400	-0.029537	-2.045878	-28.016978	1.471421	-0.544820	-28.080435	-0.041016	-2.054493	-28.150337	0.958240	-1.227297	-28.122081	0.961924	-1.278296	-27.877181	0.977638	-1.045479	-27.800783	0.974383	-1.084096	-28.143632	0.483537	-1.234759	-27.878121	0.444226	-1.060219	-28.155607	-0.099071	-1.240217	-28.145170	-0.087044	-1.260153	-27.883521	-0.080146	-1.009888	-27.872168	-0.068472	-1.056130
4434	61.589639	00:01:01:42	-27.980207	1.640754	-1.241888	-27.997444	1.688970	-1.104298	-28.095027	1.645956	-1.162269	-27.987830	1.546857	-1.186462	-28.014523	1.538745	-1.127753	-28.126407	1.548819	-1.248986	-27.855343	1.532569	-1.100867	-28.094831	1.488427	-0.878176	-27.989301	0.748648	-1.595947	-28.022419	1.417071	-0.541808	-28.094272	-0.035560	-2.046774	-28.043111	1.424421	-0.542244	-28.096166	-0.026752	-2.052264	-28.029321	1.416325	-0.563731	-28.106616	-0.051775	-2.078904	-28.171855	0.967531	-1.231886	-28.149075	0.953709	-1.293196	-27.887436	0.955903	-1.065921	-27.854886	0.957877	-1.101103	-28.142843	0.476202	-1.248592	-27.839830	0.468185	-1.079421	-28.176848	-0.070027	-1.214365	-28.142831	-0.093982	-1.272629	-27.860156	-0.046026	-1.012213	-27.867173	-0.100560	-1.057523
4435	61.603533	00:01:01:43	-27.953943	1.623431	-1.229483	-27.988990	1.642089	-1.105215	-28.073458	1.658272	-1.150466	-27.984424	1.543107	-1.168768	-28.031104	1.560857	-1.141933	-28.099274	1.529425	-1.258884	-27.872044	1.565122	-1.110866	-28.073796	1.502191	-0.920604	-27.978846	0.751963	-1.594193	-28.052563	1.441496	-0.558350	-28.082031	-0.048934	-2.047184	-28.022780	1.446371	-0.547792	-28.107783	-0.016301	-2.041438	-28.041468	1.424132	-0.602367	-28.123817	-0.047181	-2.074637	-28.178881	0.961030	-1.253596	-28.157023	0.987471	-1.288132	-27.881796	0.962847	-1.033763	-27.861589	0.970389	-1.079122	-28.158782	0.448678	-1.262687	-27.849077	0.475083	-1.059608	-28.177684	-0.036828	-1.178064	-28.164905	-0.028182	-1.249713	-27.875615	-0.036002	-0.985212	-27.828740	-0.052888	-1.094051
4436	61.617426	00:01:01:44	-27.964411	1.648802	-1.258623	-27.984139	1.670185	-1.089021	-28.070137	1.685748	-1.189394	-27.972776	1.510774	-1.158193	-28.022345	1.538088	-1.152865	-28.126453	1.566066	-1.236015	-27.874273	1.548029	-1.084070	-28.068933	1.490311	-0.900423	-27.956867	0.747741	-1.575883	-28.043820	1.426958	-0.526506	-28.075510	-0.046483	-2.071378	-28.013549	1.415390	-0.585441	-28.109961	-0.047867	-2.039681	-28.037543	1.449069	-0.581539	-28.116613	-0.045014	-2.048758	-28.177593	0.958066	-1.225316	-28.151482	0.925499	-1.264376	-27.844420	0.949589	-1.054983	-27.852374	0.978220	-1.071812	-28.157564	0.449706	-1.230468	-27.846866	0.471702	-1.046471	-28.182783	-0.073393	-1.205051	-28.137545	-0.079676	-1.246251	-27.855902	-0.047307	-0.998836	-27.843784	-0.076427	-1.073559
4437	61.631319	00:01:01:45	-27.941670	1.668415	-1.237025	-27.991861	1.643725	-1.089335	-28.050075	1.684258	-1.182542	-28.000958	1.531292	-1.169487	-28.021935	1.560070	-1.133407	-28.121050	1.515260	-1.241479	-27.851460	1.559055	-1.105311	-28.056539	1.482687	-0.925259	-27.984258	0.725300	-1.556949	-28.028530	1.457687	-0.552354	-28.071629	-0.087545	-2.042286	-28.033344	1.455912	-0.537669	-28.091456	-0.042845	-2.090052	-28.058966	1.415754	-0.565564	-28.064901	-0.066820	-2.054046	-28.178702	0.979428	-1.226784	-28.161240	0.977274	-1.273968	-27.891564	0.956735	-1.033100	-27.847848	0.978155	-1.099929	-28.144408	0.438999	-1.208708	-27.851904	0.461676	-1.038912	-28.161176	-0.054603	-1.226102	-28.160509	-0.070724	-1.274206	-27.882444	-0.054692	-1.045897	-27.865262	-0.032929	-1.039028
4438	61.645213	00:01:01:46	-27.994009	1.683046	-1.217676	-27.980037	1.662432	-1.098345	-28.091138	1.661543	-1.144062	-28.002577	1.552214	-1.147927	-28.017505	1.549512	-1.165643	-28.126029	1.544548	-1.282187	-27.897616	1.543097	-1.071747	-28.085747	1.496639	-0.868804	-27.974073	0.740146	-1.571911	-28.014188	1.444123	-0.580296	-28.104368	-0.051610	-2.082415	-28.046848	1.430067	-0.565894	-28.086502	-0.073486	-2.045867	-28.014047	1.445938	-0.582882	-28.112392	-0.018988	-2.085677	-28.149670	0.996862	-1.219447	-28.150482	0.949621	-1.287493	-27.872319	0.950837	-1.049409	-27.858296	1.002135	-1.080797	-28.142881	0.464929	-1.221288	-27.848729	0.454446	-1.052938	-28.160118	-0.034528	-1.209631	-28.152030	-0.071617	-1.275655	-27.880174	-0.040145	-1.012913	-27.867552	-0.065157	-1.080239
4439	61.659106	00:01:01:47	-27.971243	1.624661	-1.249577	-27.981907	1.686413	-1.071031	-28.076505	1.647968	-1.177638	-28.042435	1.526992	-1.182631	-28.015669	1.552569	-1.132000	-28.131623	1.541044	-1.255805	-27.880149	1.559861	-1.115713	-28.066260	1.485367	-0.914078	-27.965302	0.732953	-1.588486	-28.032807	1.440615	-0.535271	-28.118823	-0.054848	-2.058341	-28.028520	1.422834	-0.520645	-28.091335	-0.045338	-2.038429	-28.027963	1.443901	-0.559312	-28.089545	-0.057847	-2.048525	-28.171661	0.950892	-1.220328	-28.124672	0.948828	-1.276781	-27.856698	0.961728	-1.040218	-27.860107	0.952748	-1.098221	-28.190660	0.465281	-1.270541	-27.889584	0.470863	-1.051079	-28.181468	-0.050518	-1.197185	-28.159849	-0.048268	-1.247553	-27.900555	-0.075342	-1.056701	-27.836610	-0.043098	-1.057215
4440	61.673000	00:01:01:48	-27.997323	1.638855	-1.250593	-27.957786	1.670051	-1.113414	-28.091972	1.657160	-1.145670	-28.004082	1.547321	-1.212866	-28.064252	1.563325	-1.113236	-28.097703	1.522538	-1.223450	-27.845124	1.555118	-1.126292	-28.052064	1.503871	-0.898502	-27.967107	0.739293	-1.563655	-28.085101	1.413436	-0.530635	-28.080892	-0.042857	-2.044970	-28.008871	1.449533	-0.536011	-28.085135	-0.010186	-2.087161	-28.040268	1.411997	-0.556862	-28.092623	-0.026870	-2.055774	-28.188597	0.970671	-1.221927	-28.162492	0.944141	-1.289995	-27.876608	0.962245	-1.066696	-27.869601	0.984415	-1.058872	-28.174392	0.458246	-1.256129	-27.862030	0.464584	-1.066904	-28.154616	-0.039758	-1.196345	-28.146601	-0.087752	-1.272728	-27.876242	-0.044180	-1.004356	-27.858427	-0.073576	-1.059691
4441	61.686893	00:01:01:49	-27.947089	1.629665	-1.249604	-27.991074	1.641877	-1.093593	-28.073105	1.658671	-1.164737	-27.969520	1.552134	-1.190872	-28.036584	1.505714	-1.157089	-28.098416	1.556911	-1.255792	-27.877187	1.533633	-1.110641	-28.096250	1.500883	-0.910043	-27.979298	0.759312	-1.581419	-28.044492	1.405980	-0.565908	-28.097424	-0.035918	-2.064612	-28.057898	1.424403	-0.527793	-28.099516	-0.042907	-2.063645	-28.030724	1.450018	-0.539732	-28.089422	-0.058010	-2.054041	-28.178484	0.979015	-1.236607	-28.128540	0.929694	-1.292772	-27.856649	0.979235	-1.054308	-27.852710	0.973832	-1.081353	-28.135065	0.455548	-1.252700	-27.844441	0.491869	-1.051927	-28.167832	-0.069030	-1.210505	-28.144190	-0.084266	-1.271786	-27.883635	-0.083557	-0.998232	-27.826370	-0.068006	-1.065301
4442	61.700787	00:01:01:50	-27.935594	1.631707	-1.244252	-27.989370	1.653832	-1.117078	-28.069998	1.655264	-1.150993	-28.014183	1.518494	-1.141763	-28.033259	1.536332	-1.129386	-28.121529	1.555482	-1.224047	-27.906593	1.552733	-1.055813	-28.060686	1.480472	-0.905403	-27.979146	0.726176	-1.584905	-28.025373	1.438245	-0.558268	-28.077729	-0.039448	-2.090530	-28.046323	1.452595	-0.528727	-28.053269	-0.063818	-2.059105	-28.041016	1.443595	-0.558335	-28.093233	-0.024253	-2.027879	-28.162483	0.978476	-1.187859	-28.141389	0.995752	-1.257258	-27.901236	0.955145	-1.038672	-27.826164	0.977256	-1.113612	-28.168302	0.441221	-1.264434	-27.826189	0.471974	-1.019781	-28.158735	-0.027824	-1.185566	-28.168465	-0.066455	-1.243471	-27.856142	-0.021348	-0.990009	-27.839583	-0.075488	-1.089289
4443	61.714680	00:01:01:51	-27.971497	1.644988	-1.258534	-27.981229	1.678420	-1.051061	-28.084867	1.666065	-1.182384	-27.954209	1.538151	-1.167447	-28.024781	1.561810	-1.188825	-28.097464	1.538752	-1.261561	-27.863864	1.542899	-1.120250	-28.095829	1.502839	-0.926618	-27.963140	0.747325	-1.570445	-28.030122	1.417752	-0.567722	-28.111185	-0.036196	-2.048207	-28.023428	1.415828	-0.561678	-28.097605	-0.068468	-2.075921	-28.030265	1.434430	-0.513526	-28.085575	-0.027253	-2.082330	-28.171994	0.977074	-1.216326	-28.165255	1.001609	-1.305271	-27.869660	0.945813	-1.043936	-27.839469	0.994242	-1.105601	-28.163154	0.458820	-1.259088	-27.884437	0.458737	-1.048807	-28.201105	-0.067459	-1.186624	-28.122173	-0.078470	-1.248084	-27.889149	-0.057843	-1.005273	-27.835895	-0.064907	-1.081347
4444	61.728574	00:01:01:52	-27.952631	1.649845	-1.230947	-27.997815	1.638236	-1.073352	-28.082272	1.682203	-1.136378	-28.006609	1.558802	-1.183216	-28.039245	1.577771	-1.125786	-28.116405	1.551621	-1.264283	-27.874168	1.558158	-1.084847	-28.094643	1.534852	-0.887989	-27.984194	0.757492	-1.577563	-28.050994	1.438637	-0.561203	-28.076762	-0.080171	-2.071581	-28.046927	1.410056	-0.557425	-28.105631	-0.037290	-2.075400	-28.027210	1.455980	-0.545008	-28.079440	-0.060917	-2.062591	-28.157703	0.969090	-1.232762	-28.142654	0.942405	-1.245329	-27.871217	0.936910	-1.040367	-27.847327	0.967809	-1.095954	-28.131712	0.449684	-1.263019	-27.845512	0.438653	-1.065033	-28.153357	-0.071225	-1.184405	-28.151203	-0.064635	-1.249445	-27.904385	-0.040019	-0.993767	-27.861506	-0.060004	-1.033692
4445	61.742467	00:01:01:53	-27.948784	1.604041	-1.239013	-27.964496	1.658925	-1.095861	-28.050684	1.642862	-1.162892	-27.981565	1.552157	-1.170409	-28.020992	1.570009	-1.123783	-28.115151	1.559478	-1.263840	-27.875747	1.523270	-1.098500	-28.058095	1.467011	-0.904454	-28.001024	0.764841	-1.584483	-28.054855	1.426767	-0.551099	-28.104832	-0.005410	-2.061830	-28.025536	1.457754	-0.543467	-28.098545	-0.037964	-2.064400	-28.028534	1.436329	-0.547377	-28.056837	-0.057940	-2.067146	-28.192109	0.984403	-1.230510	-28.130654	0.979007	-1.317435	-27.889721	0.973803	-1.008928	-27.838143	0.976038	-1.098727	-28.173188	0.444115	-1.245072	-27.833737	0.455131	-1.087867	-28.177115	-0.031253	-1.231985	-28.109107	-0.077588	-1.251329	-27.867918	-0.069933	-1.027918	-27.841032	-0.063476	-1.062431
4446	61.756360	00:01:01:54	-27.959505	1.633010	-1.229011	-27.976930	1.678885	-1.077798	-28.096738	1.662716	-1.153104	-27.970696	1.549756	-1.185824	-28.032999	1.549467	-1.133586	-28.133774	1.520376	-1.229497	-27.866016	1.531187	-1.081339	-28.053966	1.494347	-0.909298	-27.974614	0.746853	-1.572375	-28.031229	1.419853	-0.564666	-28.103544	-0.025528	-2.029417	-28.046294	1.452002	-0.578144	-28.122133	-0.032046	-2.074708	-28.072308	1.418666	-0.568103	-28.115386	-0.012516	-2.077569	-28.177718	0.977307	-1.232763	-28.162837	0.955874	-1.279478	-27.842076	0.974439	-1.063786	-27.858194	0.963338	-1.070727	-28.156219	0.470485	-1.219597	-27.855684	0.469364	-1.058667	-28.183461	-0.021047	-1.188407	-28.131244	-0.049251	-1.263977	-27.867517	-0.025550	-1.046863	-27.803309	-0.054781	-1.090994
4447	61.770254	00:01:01:55	-27.931866	1.675568	-1.237365	-27.962147	1.691469	-1.100679	-28.074283	1.639996	-1.166631	-28.022051	1.521096	-1.190354	-28.053983	1.527934	-1.136254	-28.118379	1.566221	-1.256209	-27.840500	1.541960	-1.087462	-28.119420	1.497952	-0.917785	-27.966297	0.739842	-1.608760	-28.061618	1.439492	-0.549412	-28.103393	-0.049725	-2.072090	-28.047796	1.415091	-0.549535	-28.100429	-0.067815	-2.068972	-28.053986	1.437026	-0.552979	-28.080025	-0.059348	-2.056951	-28.147588	0.976856	-1.221322	-28.169948	0.944526	-1.254379	-27.869152	0.963374	-1.035361	-27.824827	0.967827	-1.075129	-28.143850	0.435530	-1.283142	-27.883723	0.467438	-1.015394	-28.168723	-0.058579	-1.207535	-28.118533	-0.047805	-1.244732	-27.887739	-0.043877	-0.998803	-27.865687	-0.095608	-1.086957
4448	61.784147	00:01:01:56	-27.927672	1.642344	-1.209098	-27.988031	1.663006	-1.100808	-28.061823	1.663407	-1.154932	-27.989072	1.513164	-1.156386	-28.043646	1.536463	-1.163349	-28.103840	1.524986	-1.225886	-27.854138	1.549980	-1.117916	-28.074059	1.476392	-0.883020	-27.966200	0.747766	-1.579875	-28.012963	1.447220	-0.548832	-28.125471	-0.009555	-2.074896	-28.050445	1.443746	-0.559669	-28.101173	-0.044372	-2.042280	-28.036755	1.446890	-0.540816	-28.093192	-0.054523	-2.042296	-28.191502	0.971416	-1.243431	-28.170072	0.974099	-1.284001	-27.861478	0.973699	-1.007723	-27.806689	1.016189	-1.073842	-28.138797	0.463822	-1.252336	-27.841210	0.441242	-1.058396	-28.166677	-0.038889	-1.232036	-28.161115	-0.049770	-1.289005	-27.863988	-0.042951	-0.991115	-27.851007	-0.046121	-1.097885
4449	61.798041	00:01:01:57	-27.961967	1.646826	-1.250587	-27.960546	1.678994	-1.127405	-28.095698	1.626426	-1.170648	-27.998989	1.524829	-1.166529	-28.014018	1.568404	-1.153503	-28.130593	1.537406	-1.261652	-27.866267	1.589443	-1.051882	-28.074868	1.505187	-0.885515	-27.944477	0.765857	-1.570119	-28.027255	1.441396	-0.557362	-28.123713	-0.022937	-2.084784	-28.035887	1.404157	-0.586676	-28.085176	-0.057778	-2.061619	-27.990668	1.425938	-0.541626	-28.084604	-0.036743	-2.071527	-28.203477	0.958481	-1.208758	-28.136376	0.977460	-1.310656	-27.851676	0.998370	-1.034321	-27.861750	0.951760	-1.044497	-28.180041	0.457303	-1.242538	-27.819290	0.472668	-1.060184	-28.173100	-0.071575	-1.208246	-28.176695	-0.070396	-1.273101	-27.881292	-0.041343	-1.032178	-27.843365	-0.057050	-1.065112
4450	61.811934	00:01:01:58	-27.974684	1.638066	-1.219460	-27.984481	1.665765	-1.109732	-28.090258	1.647831	-1.150219	-27.993813	1.554560	-1.168261	-28.022632	1.546148	-1.149569	-28.095319	1.535786	-1.247593	-27.873527	1.553056	-1.071618	-28.064960	1.492632	-0.899851	-27.988551	0.742475	-1.568414	-28.014975	1.437272	-0.560245	-28.097013	-0.064976	-2.081693	-28.021831	1.446984	-0.574283	-28.095399	-0.064193	-2.093442	-28.023934	1.431333	-0.529308	-28.093452	-0.057357	-2.061734	-28.168126	0.980469	-1.223610	-28.139526	1.007978	-1.266824	-27.850583	0.971687	-1.033472	-27.878627	0.944760	-1.076288	-28.158820	0.446647	-1.221908	-27.849618	0.462685	-1.038028	-28.149439	-0.026838	-1.192101	-28.168377	-0.083032	-1.256736	-27.849221	-0.050613	-1.011724	-27.844638	-0.067281	-1.067684
4451	61.825828	00:01:01:59	-27.958853	1.647089	-1.233543	-28.010286	1.683401	-1.111018	-28.049857	1.656423	-1.156848	-27.996051	1.580563	-1.187154	-27.999938	1.567852	-1.127498	-28.114694	1.557279	-1.269965	-27.850517	1.565040	-1.109277	-28.092053	1.464839	-0.900315	-28.004355	0.756113	-1.594096	-28.029780	1.448486	-0.525929	-28.090388	-0.054533	-2.014811	-28.041437	1.438847	-0.576528	-28.087162	-0.021813	-2.057692	-28.052719	1.412980	-0.541335	-28.109202	-0.055194	-2.033926	-28.165674	0.964645	-1.220529	-28.121644	0.984540	-1.282065	-27.877019	0.977162	-1.045109	-27.852992	0.957757	-1.082852	-28.172767	0.476192	-1.234703	-27.846176	0.462668	-1.069779	-28.175242	-0.055824	-1.206411	-28.153334	-0.043217	-1.287238	-27.865455	-0.040060	-1.032078	-27.822737	-0.080524	-1.099747
4452	61.839721	00:01:01:60	-27.937576	1.670993	-1.262241	-27.953783	1.674044	-1.090122	-28.080501	1.673629	-1.183006	-27.997862	1.498016	-1.171113	-28.056741	1.557796	-1.143141	-28.112649	1.554141	-1.262260	-27.864693	1.502737	-1.121602	-28.104827	1.476484	-0.905249	-27.982916	0.728810	-1.581691	-28.032855	1.459331	-0.535165	-28.064944	-0.077787	-2.046941	-28.052732	1.435740	-0.560234	-28.119663	-0.016536	-2.080459	-28.025475	1.429199	-0.559120	-28.097343	-0.031139	-2.039725	-28.168222	0.993082	-1.254534	-28.146678	0.968209	-1.296232	-27.876414	0.932024	-1.063479	-27.829897	0.946113	-1.099504	-28.135769	0.451211	-1.254858	-27.908277	0.455906	-1.049440	-28.152560	-0.041380	-1.195978	-28.150167	-0.080163	-1.233223	-27.846039	-0.063960	-1.072763	-27.851604	-0.081387	-1.038936
4453	61.853615	00:01:01:61	-27.957791	1.645269	-1.245316	-27.978762	1.653613	-1.105892	-28.077342	1.666871	-1.180574	-27.993318	1.551662	-1.193017	-28.047618	1.546797	-1.140143	-28.151789	1.529317	-1.244667	-27.897622	1.544138	-1.107522	-28.082657	1.498843	-0.910573	-27.998333	0.763489	-1.596185	-28.031447	1.406605	-0.540435	-28.056868	-0.044430	-2.097885	-28.026851	1.413001	-0.545200	-28.081768	-0.048101	-2.056060	-28.027512	1.428112	-0.500342	-28.135631	-0.037166	-2.058381	-28.162200	0.937377	-1.230920	-28.138442	0.978838	-1.286974	-27.892684	0.992486	-1.053062	-27.850095	0.955233	-1.101692	-28.147694	0.449642	-1.254151	-27.856656	0.409235	-1.059477	-28.190292	-0.043989	-1.223799	-28.167470	-0.055758	-1.249056	-27.842395	-0.081596	-1.037468	-27.817064	-0.074194	-1.063362
4454	61.867508	00:01:01:62	-27.944752	1.628225	-1.234150	-27.968230	1.663885	-1.104178	-28.127723	1.668437	-1.145414	-27.970092	1.556083	-1.182205	-28.033410	1.554225	-1.134776	-28.100668	1.531894	-1.232355	-27.864499	1.516736	-1.122165	-28.063195	1.489016	-0.911757	-27.997663	0.722056	-1.620917	-28.005880	1.406949	-0.572401	-28.100263	-0.059467	-2.046350	-28.027555	1.456650	-0.564296	-28.069143	-0.068961	-2.069068	-28.047442	1.392065	-0.562681	-28.115310	-0.037756	-2.051854	-28.204531	0.971541	-1.232352	-28.160548	0.930491	-1.262631	-27.882086	0.967868	-1.048392	-27.854487	0.994093	-1.085261	-28.160696	0.442999	-1.223843	-27.874664	0.458231	-1.058255	-28.208475	-0.060791	-1.214694	-28.109399	-0.045303	-1.237052	-27.907862	-0.046320	-1.018807	-27.853537	-0.086760	-1.081905
4455	61.881401	00:01:01:63	-27.931533	1.650799	-1.235674	-27.997757	1.664646	-1.091012	-28.065490	1.668089	-1.126617	-28.018113	1.563343	-1.188572	-28.040231	1.523728	-1.127870	-28.124127	1.515853	-1.252818	-27.898456	1.544714	-1.089361	-28.089815	1.494726	-0.898928	-27.975184	0.748031	-1.583792	-28.036047	1.414649	-0.554507	-28.103998	-0.048330	-2.078345	-28.065889	1.450907	-0.541322	-28.099320	-0.029733	-2.083148	-28.023673	1.402345	-0.551267	-28.096210	-0.056004	-2.087539	-28.171407	0.964139	-1.222920	-28.149711	0.990944	-1.302089	-27.870262	0.984207	-1.052072	-27.821687	0.954667	-1.105277	-28.118273	0.478514	-1.242912	-27.842786	0.475731	-1.051090	-28.169809	-0.092134	-1.217754	-28.150166	-0.059760	-1.274179	-27.851432	-0.025130	-1.016918	-27.805292	-0.077107	-1.083915
4456	61.895295	00:01:01:64	-27.956555	1.636888	-1.213290	-27.988694	1.674714	-1.094231	-28.044016	1.643764	-1.155216	-28.008017	1.545391	-1.175294	-28.010609	1.526096	-1.134171	-28.110904	1.566607	-1.249569	-27.873209	1.545765	-1.097452	-28.071223	1.498483	-0.910082	-27.995606	0.738189	-1.599313	-28.032385	1.469085	-0.552333	-28.064324	-0.064555	-2.064338	-28.036120	1.453860	-0.560877	-28.053894	-0.035407	-2.060057	-28.053256	1.429083	-0.563682	-28.075394	-0.045709	-2.048129	-28.182383	0.977070	-1.241845	-28.166298	0.952838	-1.258423	-27.878994	0.989636	-1.020106	-27.850236	0.971491	-1.087165	-28.103413	0.464407	-1.219155	-27.859460	0.453743	-1.074398	-28.182437	-0.052893	-1.202312	-28.141100	-0.059859	-1.251700	-27.853306	-0.066605	-1.032478	-27.861150	-0.046080	-1.065056
4457	61.909188	00:01:01:65	-27.977637	1.609745	-1.230071	-27.976855	1.663579	-1.110266	-28.090749	1.616457	-1.159040	-27.998325	1.571479	-1.174161	-28.009447	1.529065	-1.150729	-28.116252	1.558613	-1.248068	-27.880555	1.538491	-1.078331	-28.086393	1.505458	-0.930337	-27.998668	0.727651	-1.557636	-28.067877	1.433194	-0.557111	-28.072148	-0.026325	-2.041960	-28.012900	1.406391	-0.540640	-28.086709	-0.053483	-2.058031	-28.044550	1.429391	-0.541847	-28.095679	-0.046510	-2.058110	-28.169562	0.984070	-1.222903	-28.132132	0.958707	-1.287853	-27.873656	0.945039	-1.017856	-27.863150	0.946084	-1.100839	-28.163906	0.429014	-1.241227	-27.891621	0.462860	-1.034691	-28.208605	-0.043175	-1.206113	-28.146730	-0.075035	-1.272155	-27.867856	-0.065835	-1.017165	-27.831322	-0.048188	-1.054905
4458	61.923082	00:01:01:66	-27.949535	1.665984	-1.254988	-28.011266	1.635059	-1.067520	-28.092203	1.651734	-1.152857	-28.022224	1.544540	-1.177186	-28.029882	1.535067	-1.109884	-28.119243	1.557320	-1.225542	-27.880719	1.536705	-1.094931	-28.120890	1.491209	-0.898563	-28.003610	0.768983	-1.606044	-28.062211	1.435265	-0.584950	-28.055999	-0.037013	-2.053419	-28.044554	1.464969	-0.541112	-28.097095	-0.026511	-2.049960	-28.028391	1.422495	-0.570311	-28.122522	-0.049561	-2.061815	-28.183886	0.949976	-1.230698	-28.157063	0.980058	-1.281803	-27.859044	0.993851	-1.030347	-27.874402	0.968503	-1.081744	-28.186117	0.460297	-1.249259	-27.854310	0.465471	-1.040502	-28.153639	-0.070108	-1.182444	-28.149933	-0.045031	-1.273984	-27.879845	-0.103937	-1.052679	-27.844415	-0.071539	-1.079877
4459	61.936975	00:01:01:67	-27.971192	1.633241	-1.232738	-27.995226	1.699446	-1.071603	-28.079252	1.647371	-1.158056	-28.011966	1.553418	-1.206734	-28.053232	1.572674	-1.165613	-28.141347	1.538457	-1.229875	-27.870143	1.555698	-1.075994	-28.090891	1.493037	-0.891915	-27.965055	0.752603	-1.587535	-28.034440	1.416874	-0.544542	-28.097811	-0.028878	-2.065770	-28.027357	1.435431	-0.537626	-28.091909	-0.044872	-2.054163	-28.031417	1.432132	-0.517000	-28.090608	-0.069271	-2.052763	-28.180321	0.968170	-1.218788	-28.137233	0.961056	-1.278442	-27.857638	0.946424	-1.043274	-27.833875	0.963018	-1.095568	-28.174062	0.444965	-1.258399	-27.833217	0.470411	-1.067270	-28.147418	-0.050509	-1.229015	-28.134505	-0.047836	-1.248911	-27.890212	-0.046155	-1.051802	-27.815244	-0.048161	-1.083153
4460	61.950869	00:01:01:68	-27.941868	1.657163	-1.220649	-27.980091	1.672831	-1.086942	-28.066786	1.638945	-1.170936	-28.005934	1.559406	-1.164995	-28.038927	1.581938	-1.146349	-28.121802	1.540836	-1.229829	-27.907299	1.508191	-1.115613	-28.079605	1.495144	-0.901294	-27.985985	0.737660	-1.547269	-28.017445	1.426886	-0.543165	-28.101440	-0.014629	-2.073769	-28.012881	1.431625	-0.575883	-28.093562	-0.053851	-2.054964	-28.008142	1.436671	-0.538875	-28.089544	-0.049021	-2.036975	-28.160358	1.009392	-1.245040	-28.148055	0.935686	-1.282865	-27.895920	0.970939	-1.028870	-27.811906	0.967438	-1.075704	-28.159016	0.474666	-1.279915	-27.814869	0.454252	-1.037640	-28.155426	-0.018324	-1.182244	-28.157007	-0.051687	-1.231439	-27.859054	-0.087459	-1.025414	-27.863210	-0.055102	-1.047107
4461	61.964762	00:01:01:69	-27.953599	1.630377	-1.225366	-27.965893	1.676381	-1.068951	-28.095263	1.700257	-1.162652	-28.015519	1.542744	-1.156193	-28.032364	1.533362	-1.153589	-28.140345	1.537375	-1.245089	-27.860807	1.556378	-1.108994	-28.089034	1.502351	-0.911755	-27.998995	0.737991	-1.585324	-28.025999	1.429677	-0.569170	-28.082931	-0.038239	-2.045974	-28.012938	1.438667	-0.581814	-28.092637	-0.041667	-2.063287	-28.008540	1.447696	-0.557623	-28.093281	-0.076076	-2.060952	-28.147076	0.956765	-1.233833	-28.108658	0.974755	-1.271047	-27.914734	0.983376	-1.039760	-27.802940	0.971342	-1.090007	-28.162400	0.431874	-1.234874	-27.861043	0.445125	-1.069279	-28.187743	-0.055943	-1.213821	-28.140299	-0.066837	-1.237090	-27.865074	-0.087487	-1.014188	-27.848747	-0.078848	-1.041699
4462	61.978656	00:01:01:70	-27.959701	1.626236	-1.242720	-27.969635	1.663462	-1.084393	-28.059194	1.645694	-1.149013	-27.993191	1.514066	-1.186866	-28.038302	1.561122	-1.112526	-28.156778	1.553914	-1.287385	-27.880187	1.555366	-1.082654	-28.072838	1.487087	-0.876395	-27.970785	0.739197	-1.568895	-28.016783	1.429217	-0.532372	-28.139632	-0.039534	-2.066483	-28.050010	1.447685	-0.539081	-28.113323	-0.069699	-2.071322	-28.020915	1.422545	-0.562976	-28.075491	-0.053155	-2.088039	-28.150194	0.966761	-1.261514	-28.150830	0.967488	-1.279174	-27.854489	0.952254	-1.037448	-27.837252	0.944444	-1.084626	-28.155773	0.433913	-1.241464	-27.858974	0.467730	-1.060456	-28.158509	-0.052466	-1.199377	-28.113535	-0.048171	-1.263922	-27.880404	-0.063678	-0.997953	-27.844038	-0.045137	-1.055656
4463	61.992549	00:01:01:71	-27.961275	1.641754	-1.215798	-27.980375	1.630761	-1.122037	-28.066216	1.685878	-1.156003	-27.989305	1.532504	-1.142128	-28.020500	1.562191	-1.181276	-28.130372	1.529014	-1.247468	-27.895570	1.550288	-1.131283	-28.075963	1.511066	-0.895427	-27.997455	0.755159	-1.553000	-28.072710	1.421457	-0.545490	-28.112100	-0.036119	-2.068419	-28.058214	1.460190	-0.539544	-28.079629	-0.063744	-2.098661	-28.064183	1.459332	-0.544896	-28.104209	-0.044331	-2.068496	-28.187098	0.987591	-1.246209	-28.117237	0.972637	-1.329900	-27.880775	0.986536	-1.024397	-27.858543	0.962790	-1.056991	-28.158396	0.428431	-1.270017	-27.846761	0.456049	-1.080934	-28.162077	-0.048964	-1.206222	-28.138440	-0.041062	-1.247281	-27.882355	-0.062386	-1.022414	-27.832650	-0.044158	-1.069003
4464	62.006442	00:01:02:00	-27.944788	1.623771	-1.230522	-27.992004	1.653683	-1.108977	-28.076302	1.622739	-1.129757	-28.011956	1.565128	-1.223518	-28.005400	1.525686	-1.119046	-28.122406	1.575705	-1.248458	-27.852415	1.556467	-1.090891	-28.100917	1.492260	-0.897483	-27.981942	0.733694	-1.587749	-28.032866	1.420255	-0.563794	-28.099793	-0.054876	-2.030885	-28.016758	1.443827	-0.557804	-28.080880	-0.068606	-2.068325	-28.049881	1.444685	-0.561955	-28.080422	-0.040263	-2.049047	-28.164279	0.976151	-1.217213	-28.138265	0.962290	-1.274682	-27.875018	0.990432	-1.030751	-27.853997	0.931393	-1.066767	-28.174101	0.437650	-1.261215	-27.833378	0.465244	-1.035836	-28.169064	-0.066472	-1.203152	-28.136816	-0.056608	-1.247807	-27.899896	-0.079833	-1.033069	-27.832660	-0.046173	-1.070014
4465	62.020336	00:01:02:01	-27.956042	1.619359	-1.243152	-27.958285	1.679538	-1.083380	-28.079941	1.638367	-1.158627	-28.004260	1.543987	-1.158851	-28.051274	1.546496	-1.136155	-28.122332	1.527151	-1.287387	-27.885123	1.549965	-1.113989	-28.087685	1.505206	-0.899008	-27.994577	0.765890	-1.564680	-28.022016	1.431129	-0.538773	-28.109486	-0.063998	-2.073893	-28.020084	1.430402	-0.534008	-28.109945	-0.063055	-2.042270	-28.051497	1.462173	-0.547784	-28.092005	-0.031706	-2.047196	-28.165435	0.967065	-1.242092	-28.157046	0.944428	-1.282926	-27.904218	0.981859	-1.054568	-27.855698	0.955388	-1.123566	-28.159591	0.476320	-1.240347	-27.873309	0.441772	-1.061516	-28.205183	-0.059046	-1.214253	-28.134986	-0.058205	-1.289611	-27.849509	-0.092345	-1.038663	-27.866539	-0.037229	-1.082225
4466	62.034229	00:01:02:02	-27.939352	1.617534	-1.244664	-27.956609	1.682054	-1.098235	-28.078075	1.674725	-1.173256	-27.990540	1.534008	-1.183231	-27.989109	1.541966	-1.167217	-28.108710	1.549574	-1.252448	-27.871949	1.538277	-1.057264	-28.070259	1.486229	-0.893167	-27.997194	0.767894	-1.597455	-28.020957	1.429256	-0.563491	-28.092900	-0.053043	-2.046401	-28.061253	1.460757	-0.563721	-28.085913	-0.058365	-2.063717	-28.048745	1.409311	-0.580697	-28.079415	-0.037313	-2.078342	-28.195088	0.964747	-1.207351	-28.157053	0.993511	-1.291372	-27.884338	0.983595	-1.026914	-27.880785	0.966197	-1.059970	-28.133910	0.473898	-1.239924	-27.844019	0.462309	-1.045922	-28.191736	-0.044117	-1.203318	-28.165409	-0.065932	-1.271325	-27.851270	-0.055842	-1.004476	-27.796690	-0.072381	-1.064389
4467	62.048123	00:01:02:03	-27.960778	1.648372	-1.228863	-27.978132	1.673316	-1.093871	-28.061497	1.652970	-1.174898	-28.022915	1.522375	-1.157900	-28.001026	1.549680	-1.138044	-28.132786	1.557310	-1.279364	-27.847319	1.566990	-1.104072	-28.087055	1.497709	-0.912035	-27.994159	0.759290	-1.582487	-28.047483	1.428561	-0.598181	-28.123272	-0.018228	-2.089443	-28.028528	1.475165	-0.541468	-28.088129	-0.029738	-2.071679	-28.054676	1.441539	-0.540355	-28.095081	-0.035656	-2.081315	-28.158989	0.958466	-1.218128	-28.137184	0.964816	-1.299790	-27.866446	0.961785	-1.047514	-27.817349	0.957761	-1.100660	-28.157621	0.455682	-1.246670	-27.857592	0.439135	-1.078242	-28.176889	-0.049665	-1.199838	-28.172099	-0.051582	-1.271432	-27.857144	-0.036375	-1.024680	-27.842021	-0.059149	-1.042762
4468	62.062016	00:01:02:04	-27.992352	1.643429	-1.244869	-27.963465	1.643407	-1.107264	-28.065420	1.708891	-1.159813	-28.037069	1.538102	-1.163402	-28.043371	1.551024	-1.151958	-28.129391	1.551321	-1.213171	-27.888440	1.575592	-1.103834	-28.101658	1.502419	-0.920925	-27.962334	0.731338	-1.597838	-28.051594	1.433677	-0.529872	-28.079857	-0.052592	-2.080467	-28.062698	1.428521	-0.542912	-28.108026	-0.055874	-2.068217	-28.043557	1.447724	-0.561286	-28.090976	-0.048411	-2.065505	-28.176123	0.978013	-1.197752	-28.113472	0.960872	-1.285698	-27.904348	1.004397	-1.051819	-27.841643	0.945266	-1.073237	-28.135067	0.455567	-1.217402	-27.850140	0.457139	-1.052896	-28.144507	-0.067367	-1.217690	-28.153857	-0.072999	-1.271955	-27.881035	-0.057306	-1.033127	-27.838384	-0.071818	-1.048552
4469	62.075910	00:01:02:05	-27.945161	1.644986	-1.247586	-27.963587	1.677747	-1.087243	-28.083348	1.665245	-1.191832	-27.990159	1.564000	-1.208926	-28.011851	1.523828	-1.125182	-28.130574	1.544513	-1.255755	-27.867058	1.521690	-1.108113	-28.081478	1.501397	-0.914270	-27.980455	0.754171	-1.574251	-28.016320	1.442188	-0.524719	-28.121506	-0.037939	-2.049953	-28.023187	1.444695	-0.551779	-28.130817	-0.040014	-2.051121	-28.050975	1.439678	-0.555575	-28.099535	-0.031126	-2.070587	-28.164544	0.975309	-1.255705	-28.139363	0.961478	-1.273694	-27.876027	0.976383	-1.054541	-27.855458	0.961013	-1.051745	-28.178028	0.442009	-1.231575	-27.867381	0.445289	-1.064389	-28.160225	-0.037066	-1.216333	-28.126106	-0.068800	-1.256077	-27.877642	-0.050284	-0.982429	-27.850836	-0.084856	-1.069749
4470	62.089803	00:01:02:06	-27.962906	1.660132	-1.241537	-27.957127	1.662077	-1.085000	-28.093792	1.680677	-1.157273	-28.013040	1.492486	-1.182872	-28.030520	1.548122	-1.186644	-28.112088	1.543780	-1.226963	-27.883795	1.537831	-1.087591	-28.071107	1.494099	-0.919266	-28.006294	0.737412	-1.612571	-28.050377	1.409907	-0.512891	-28.096194	-0.079574	-2.076429	-28.029037	1.430508	-0.587365	-28.070672	-0.048483	-2.049578	-28.055421	1.431799	-0.566604	-28.110803	-0.042526	-2.046769	-28.177362	0.963502	-1.230942	-28.159844	0.968811	-1.263991	-27.854768	1.010230	-1.037925	-27.892089	0.975230	-1.108561	-28.153610	0.442483	-1.241233	-27.847041	0.468736	-1.063403	-28.154405	-0.069813	-1.225456	-28.127066	-0.028365	-1.258918	-27.876802	-0.038442	-1.017225	-27.817098	-0.036066	-1.091503
4471	62.103697	00:01:02:07	-27.969923	1.639548	-1.207678	-27.983837	1.696252	-1.098192	-28.087577	1.653050	-1.166920	-28.021067	1.550274	-1.171487	-28.041711	1.548657	-1.132338	-28.115647	1.554536	-1.232340	-27.881875	1.530612	-1.095560	-28.075464	1.496851	-0.891824	-27.992448	0.756848	-1.573921	-28.043334	1.445061	-0.573995	-28.063232	-0.043541	-2.093591	-28.054870	1.423566	-0.541375	-28.099218	-0.045708	-2.071663	-28.056936	1.442476	-0.548217	-28.085522	-0.052729	-2.050153	-28.172404	0.962131	-1.243559	-28.119035	0.975995	-1.257000	-27.848349	0.986184	-1.021976	-27.805535	0.974124	-1.088586	-28.158276	0.504876	-1.241013	-27.850256	0.435856	-1.062065	-28.158821	-0.061716	-1.206213	-28.168159	-0.062963	-1.284410	-27.881134	-0.013967	-1.017164	-27.852445	-0.061651	-1.043115
4472	62.117590	00:01:02:08	-27.962966	1.643784	-1.228994	-27.968762	1.703012	-1.087997	-28.066971	1.675243	-1.151090	-28.020719	1.540157	-1.139495	-28.033518	1.559889	-1.148924	-28.149276	1.579212	-1.274556	-27.899953	1.513041	-1.118482	-28.089124	1.495665	-0.942529	-27.950906	0.784272	-1.568989	-28.030343	1.419641	-0.546253	-28.071457	-0.026847	-2.046022	-28.005252	1.412885	-0.524313	-28.108297	-0.047030	-2.049784	-28.044185	1.449585	-0.559107	-28.080920	-0.053402	-2.065795	-28.191498	0.981974	-1.248655	-28.142781	0.974655	-1.267038	-27.884502	0.980521	-1.051954	-27.842515	0.966683	-1.117912	-28.130417	0.466589	-1.255075	-27.862878	0.469638	-1.047973	-28.185095	-0.066434	-1.174718	-28.137610	-0.062597	-1.282630	-27.848390	-0.026754	-0.984016	-27.873268	-0.049276	-1.072191
4473	62.131483	00:01:02:09	-27.954158	1.617389	-1.241230	-27.971929	1.641646	-1.103281	-28.076079	1.652156	-1.137584	-27.979564	1.576185	-1.186461	-28.044086	1.533280	-1.146460	-28.103318	1.534241	-1.232802	-27.897693	1.542851	-1.065708	-28.078848	1.486905	-0.894744	-27.997509	0.751598	-1.592545	-28.018643	1.438503	-0.553135	-28.093165	-0.058521	-2.077000	-28.069767	1.408650	-0.554208	-28.066911	-0.025904	-2.066044	-28.029731	1.449917	-0.542610	-28.087560	-0.018464	-2.048513	-28.162240	0.966724	-1.226914	-28.143262	0.947298	-1.293139	-27.898641	0.977280	-1.013203	-27.845493	0.959862	-1.116376	-28.158981	0.410524	-1.247317	-27.864885	0.448255	-1.053309	-28.168728	-0.037351	-1.184070	-28.143406	-0.005932	-1.275381	-27.867133	-0.049612	-0.996520	-27.813141	-0.056593	-1.049666
4474	62.145377	00:01:02:10	-27.944881	1.630990	-1.235615	-28.001088	1.664112	-1.072789	-28.073365	1.665053	-1.138419	-27.962843	1.565248	-1.175878	-28.049530	1.572807	-1.165794	-28.102321	1.553465	-1.248754	-27.872502	1.542851	-1.096959	-28.088703	1.476217	-0.937035	-28.011531	0.755363	-1.614527	-28.017879	1.421791	-0.557275	-28.079693	-0.055003	-2.065975	-28.044299	1.433686	-0.561836	-28.088854	-0.037139	-2.093239	-28.010949	1.438571	-0.557125	-28.061590	-0.045658	-2.079054	-28.158164	0.960559	-1.217909	-28.164791	0.974115	-1.264694	-27.854248	0.998989	-1.003306	-27.820498	0.955546	-1.090300	-28.178379	0.464284	-1.225591	-27.859412	0.441950	-1.055068	-28.195212	-0.076320	-1.256578	-28.140071	-0.043824	-1.277583	-27.864399	-0.043641	-0.989122	-27.863160	-0.050455	-1.092387
4475	62.159270	00:01:02:11	-27.997707	1.642522	-1.238234	-27.989690	1.662925	-1.083749	-28.094092	1.670908	-1.162959	-27.991624	1.555798	-1.173061	-28.058295	1.550700	-1.127681	-28.133649	1.536492	-1.285742	-27.871287	1.551502	-1.099247	-28.078739	1.513498	-0.910682	-27.975685	0.767503	-1.564633	-28.027502	1.450170	-0.559009	-28.069335	-0.032717	-2.077436	-28.025475	1.439225	-0.525789	-28.110568	-0.042610	-2.076391	-28.026398	1.419204	-0.551153	-28.109754	-0.064321	-2.057202	-28.146757	0.989456	-1.236977	-28.160451	0.973418	-1.258081	-27.907083	0.966401	-1.055285	-27.878521	0.996743	-1.121841	-28.170475	0.442938	-1.259284	-27.835972	0.436265	-1.032378	-28.167456	-0.104820	-1.198727	-28.117508	-0.080220	-1.259103	-27.874694	-0.071109	-1.017122	-27.865563	-0.037264	-1.039508
4476	62.173164	00:01:02:12	-27.978369	1.646246	-1.243943	-27.998023	1.671670	-1.091053	-28.086392	1.700503	-1.140273	-27.993528	1.547243	-1.182484	-28.018568	1.539445	-1.142716	-28.090389	1.546420	-1.196037	-27.879497	1.554424	-1.077833	-28.080966	1.491819	-0.917082	-27.978632	0.758640	-1.581334	-28.015889	1.444075	-0.556170	-28.096907	-0.015956	-2.067696	-28.030735	1.433576	-0.543024	-28.126222	-0.027168	-2.063711	-28.040285	1.460810	-0.519925	-28.117028	-0.029401	-2.054451	-28.231041	0.986837	-1.224805	-28.149068	0.948280	-1.276423	-27.879598	0.951538	-1.053985	-27.851028	0.963532	-1.051763	-28.180421	0.478024	-1.236158	-27.851380	0.430589	-1.044512	-28.173492	-0.022381	-1.213574	-28.136781	-0.068655	-1.241549	-27.863502	-0.053150	-1.032575	-27.860930	-0.062488	-1.044592
4477	62.187057	00:01:02:13	-27.989685	1.642725	-1.232581	-27.977199	1.662249	-1.088735	-28.109398	1.675251	-1.165091	-28.013504	1.546139	-1.183567	-28.032100	1.565110	-1.154271	-28.121185	1.516622	-1.252461	-27.882615	1.548616	-1.075135	-28.066435	1.497569	-0.882354	-27.991784	0.722378	-1.615646	-28.024207	1.453955	-0.539201	-28.097127	-0.045004	-2.059673	-28.024654	1.410789	-0.547291	-28.106768	-0.034682	-2.053125	-28.053523	1.443706	-0.554854	-28.097368	-0.045441	-2.032886	-28.165449	0.966808	-1.240156	-28.151488	0.960577	-1.281126	-27.872605	0.974159	-0.997588	-27.806144	0.930770	-1.116040	-28.160853	0.451101	-1.256178	-27.819444	0.454403	-1.059884	-28.181134	-0.085133	-1.215008	-28.137687	-0.056442	-1.275481	-27.913439	-0.036260	-1.057982	-27.880142	-0.068632	-1.097210
4478	62.200951	00:01:02:14	-27.954197	1.609260	-1.221474	-27.995254	1.671689	-1.119136	-28.073097	1.694159	-1.137610	-28.003901	1.551510	-1.174362	-28.010628	1.553004	-1.154617	-28.128693	1.540257	-1.276068	-27.898020	1.521465	-1.079886	-28.049942	1.486158	-0.886002	-27.978863	0.778931	-1.565545	-28.015053	1.404097	-0.515190	-28.110986	-0.069357	-2.074123	-28.063898	1.447082	-0.529011	-28.106443	-0.034123	-2.067649	-28.018493	1.448498	-0.547888	-28.093241	-0.045389	-2.080045	-28.151203	0.985391	-1.242802	-28.169666	0.963151	-1.261873	-27.879289	0.958375	-1.038608	-27.830990	0.952564	-1.085125	-28.164167	0.462991	-1.247250	-27.867348	0.464604	-1.062416	-28.184047	-0.053544	-1.180351	-28.116458	-0.068874	-1.273299	-27.854069	-0.066560	-1.019500	-27.834320	-0.072105	-1.089463
4479	62.214844	00:01:02:15	-27.980179	1.639990	-1.238275	-27.977348	1.668401	-1.108021	-28.103403	1.670882	-1.152587	-27.975577	1.530277	-1.197390	-28.017073	1.538333	-1.134960	-28.102105	1.528100	-1.264170	-27.874040	1.566314	-1.094565	-28.066301	1.510827	-0.938582	-27.991489	0.739221	-1.549851	-28.035973	1.414220	-0.556917	-28.110279	-0.115576	-2.074690	-28.038682	1.435150	-0.554397	-28.110165	-0.051281	-2.045590	-28.062367	1.450183	-0.526080	-28.119401	-0.061407	-2.059799	-28.161984	0.954789	-1.227752	-28.149383	0.976377	-1.277994	-27.890148	0.969355	-1.036275	-27.843526	0.952967	-1.060767	-28.142582	0.458359	-1.239903	-27.865937	0.465742	-1.044391	-28.153601	-0.040675	-1.188113	-28.143260	-0.048238	-1.263608	-27.865801	-0.052896	-1.052771	-27.811261	-0.049273	-1.057374
4480	62.228738	00:01:02:16	-27.973508	1.659634	-1.222072	-27.977018	1.659993	-1.097257	-28.060124	1.635588	-1.180075	-27.982485	1.534066	-1.158823	-28.027400	1.551390	-1.162416	-28.135515	1.539466	-1.238813	-27.866300	1.537120	-1.119318	-28.073237	1.492861	-0.935783	-27.973693	0.723287	-1.606535	-28.008048	1.429374	-0.584574	-28.095209	-0.033629	-2.063850	-28.046474	1.414449	-0.541778	-28.105670	-0.019312	-2.073473	-28.036978	1.464188	-0.534882	-28.087928	-0.038637	-2.090057	-28.157623	0.955712	-1.206385	-28.165793	0.970215	-1.284131	-27.889944	0.957079	-1.041703	-27.845728	0.979838	-1.086772	-28.186914	0.451458	-1.230369	-27.862389	0.475317	-1.058641	-28.159529	-0.071367	-1.183933	-28.136179	-0.054718	-1.247245	-27.862913	-0.061796	-1.036975	-27.832296	-0.073068	-1.070505
4481	62.242631	00:01:02:17	-27.955348	1.645561	-1.220776	-27.979630	1.648460	-1.083408	-28.078841	1.673269	-1.170730	-28.000547	1.530620	-1.199245	-28.017433	1.518276	-1.147806	-28.114407	1.513535	-1.263742	-27.833151	1.546748	-1.100670	-28.076661	1.467639	-0.905545	-28.016302	0.768024	-1.579117	-28.037807	1.431262	-0.565889	-28.068757	-0.065120	-2.024219	-28.063768	1.450880	-0.571905	-28.075683	-0.046852	-2.056229	-28.042304	1.460514	-0.575328	-28.075611	-0.036908	-2.067221	-28.174219	0.965520	-1.241566	-28.141413	0.949166	-1.294670	-27.843745	0.955158	-1.078860	-27.850361	0.954760	-1.087001	-28.142067	0.455551	-1.201918	-27.865445	0.443786	-1.067052	-28.182256	-0.048580	-1.214671	-28.092250	-0.069149	-1.268988	-27.862277	-0.072807	-1.036755	-27.833138	-0.087175	-1.089429
4482	62.256524	00:01:02:18	-27.993224	1.674664	-1.207159	-27.991357	1.681500	-1.099536	-28.063633	1.656810	-1.183432	-27.997659	1.537317	-1.197646	-28.060927	1.557021	-1.152136	-28.114914	1.528562	-1.239146	-27.885676	1.570995	-1.099587	-28.061291	1.473343	-0.903229	-27.989417	0.749010	-1.600583	-28.052433	1.479998	-0.538083	-28.118923	-0.043759	-2.084139	-27.992863	1.451052	-0.578392	-28.100354	-0.022894	-2.055928	-28.034976	1.440709	-0.553305	-28.086825	-0.067899	-2.046088	-28.154042	0.969314	-1.223322	-28.133506	0.981289	-1.291518	-27.842604	0.961246	-1.039839	-27.846588	0.969955	-1.117088	-28.157384	0.449087	-1.268498	-27.868978	0.466267	-1.051124	-28.172220	-0.039595	-1.222055	-28.151568	-0.050947	-1.225453	-27.878223	-0.054343	-1.021034	-27.861317	-0.062647	-1.054199
4483	62.270418	00:01:02:19	-27.942950	1.673333	-1.231390	-27.974613	1.690010	-1.103754	-28.092199	1.677517	-1.170530	-27.984947	1.520234	-1.157715	-28.020545	1.526752	-1.125124	-28.097851	1.549815	-1.292986	-27.868947	1.567745	-1.112816	-28.088594	1.471804	-0.900320	-27.978423	0.768946	-1.544905	-28.035393	1.411222	-0.546929	-28.111365	-0.075881	-2.061532	-28.030298	1.443699	-0.561653	-28.102536	-0.043710	-2.062949	-28.033219	1.464756	-0.552076	-28.064484	-0.070388	-2.051340	-28.160359	0.979998	-1.228999	-28.108706	0.957562	-1.292605	-27.866676	0.979811	-0.993452	-27.844527	0.964249	-1.099301	-28.149081	0.445190	-1.255631	-27.866052	0.460860	-1.062964	-28.188440	-0.025660	-1.191315	-28.155781	-0.082760	-1.254685	-27.860993	-0.018636	-0.969305	-27.841163	-0.056002	-1.058093
4484	62.284311	00:01:02:20	-27.964311	1.617485	-1.207572	-27.957548	1.655278	-1.086821	-28.067005	1.631019	-1.154743	-28.004252	1.546913	-1.205181	-28.021455	1.520176	-1.147308	-28.138519	1.543924	-1.289840	-27.853102	1.549702	-1.114954	-28.050206	1.482064	-0.895905	-27.990457	0.748045	-1.558824	-28.030624	1.441988	-0.545124	-28.084723	-0.059923	-2.058573	-28.039789	1.415895	-0.547169	-28.102450	-0.038365	-2.072572	-28.073753	1.420194	-0.511574	-28.118944	-0.040311	-2.024449	-28.176934	0.977837	-1.227612	-28.160406	0.970004	-1.305180	-27.854480	0.961346	-1.009752	-27.833574	0.952616	-1.083064	-28.155825	0.429423	-1.244670	-27.830836	0.449839	-1.059253	-28.170526	-0.034994	-1.187559	-28.151961	-0.026809	-1.262883	-27.898396	-0.039994	-1.014430	-27.855035	-0.056526	-1.065163
4485	62.298205	00:01:02:21	-27.956945	1.681422	-1.197305	-27.952155	1.637125	-1.090899	-28.087090	1.646796	-1.128940	-27.966328	1.587509	-1.206254	-28.019782	1.542298	-1.143304	-28.108145	1.539619	-1.250952	-27.861337	1.565544	-1.108872	-28.085574	1.511129	-0.888117	-27.965442	0.757860	-1.557622	-28.061564	1.426058	-0.532384	-28.090522	-0.049490	-2.072448	-28.016848	1.417269	-0.560440	-28.097288	-0.043598	-2.064789	-28.020088	1.435784	-0.537439	-28.095605	-0.053971	-2.058752	-28.181599	0.960545	-1.231914	-28.171992	0.981599	-1.268714	-27.861332	0.963166	-1.032061	-27.857060	0.951829	-1.095329	-28.147552	0.467703	-1.254841	-27.887162	0.446438	-1.091484	-28.180432	-0.048837	-1.174587	-28.105813	-0.060009	-1.265395	-27.871611	-0.064008	-1.023578	-27.855604	-0.029930	-1.092399
4486	62.312098	00:01:02:22	-27.960517	1.627685	-1.252156	-27.962800	1.629187	-1.101379	-28.077362	1.649507	-1.200946	-27.981579	1.516632	-1.174109	-28.025608	1.515179	-1.127443	-28.126629	1.534600	-1.256193	-27.875095	1.527570	-1.111798	-28.080550	1.512184	-0.900434	-27.950406	0.733134	-1.596215	-28.037051	1.458383	-0.544132	-28.079280	-0.037994	-2.038649	-28.023963	1.455502	-0.550411	-28.081129	-0.058356	-2.075920	-28.011302	1.441266	-0.554254	-28.092424	-0.040364	-2.046481	-28.154472	0.946754	-1.192552	-28.136199	0.970079	-1.283289	-27.858012	0.954019	-1.049817	-27.826373	0.956926	-1.088421	-28.174289	0.473259	-1.251863	-27.873312	0.450472	-1.041829	-28.181992	-0.027031	-1.204813	-28.145621	-0.016518	-1.248383	-27.839471	-0.060677	-1.033797	-27.836439	-0.073303	-1.049174
4487	62.325992	00:01:02:23	-27.958267	1.602074	-1.226940	-27.991506	1.677759	-1.091732	-28.097008	1.663573	-1.144475	-28.004089	1.537165	-1.199621	-28.001607	1.521581	-1.176867	-28.106254	1.543563	-1.266180	-27.857996	1.528094	-1.080523	-28.087727	1.468801	-0.919361	-27.998775	0.732510	-1.576686	-28.052049	1.437982	-0.559174	-28.099165	-0.000992	-2.058369	-28.039065	1.410751	-0.560045	-28.080930	-0.013576	-2.093418	-28.041913	1.407306	-0.544959	-28.110763	-0.030093	-2.063105	-28.195819	0.957327	-1.281679	-28.132076	0.929109	-1.294441	-27.847646	0.955279	-1.017743	-27.838248	0.959666	-1.091808	-28.160310	0.451944	-1.235352	-27.869323	0.449022	-1.073269	-28.189977	-0.052368	-1.209848	-28.164670	-0.044754	-1.264251	-27.846297	-0.059387	-1.022518	-27.838676	-0.062763	-1.047403
4488	62.339885	00:01:02:24	-27.955798	1.606055	-1.266516	-27.958685	1.642500	-1.099456	-28.063312	1.628567	-1.171215	-28.005321	1.514427	-1.162594	-28.032929	1.560548	-1.133566	-28.109283	1.578906	-1.282051	-27.886625	1.539652	-1.125079	-28.081555	1.455085	-0.913059	-27.995338	0.738404	-1.589432	-28.038837	1.420249	-0.595682	-28.089838	-0.054326	-2.039232	-28.017759	1.447716	-0.537589	-28.085680	-0.017686	-2.083356	-28.041018	1.440767	-0.560569	-28.079189	-0.014315	-2.078201	-28.158222	0.941796	-1.198277	-28.137263	0.976713	-1.286960	-27.856943	0.980421	-1.059833	-27.843897	0.963126	-1.098786	-28.168853	0.450955	-1.261273	-27.852969	0.457564	-1.061449	-28.164008	-0.037219	-1.237339	-28.095877	-0.066390	-1.254812	-27.851915	-0.075475	-1.012157	-27.856656	-0.039335	-1.067572
4489	62.353779	00:01:02:25	-27.956420	1.658092	-1.242579	-27.997820	1.694244	-1.069210	-28.069123	1.650405	-1.205771	-27.994366	1.556298	-1.205118	-28.013108	1.569825	-1.136952	-28.115533	1.560583	-1.209500	-27.902020	1.522261	-1.109031	-28.080776	1.466554	-0.904093	-28.015774	0.729012	-1.584519	-28.019924	1.430791	-0.574956	-28.116538	-0.050579	-2.053728	-27.995895	1.452657	-0.567915	-28.088638	-0.029785	-2.060766	-28.014223	1.404975	-0.550857	-28.103577	-0.036367	-2.067152	-28.210578	0.978789	-1.241406	-28.140675	0.975135	-1.265361	-27.894023	0.969665	-1.037786	-27.844698	0.943481	-1.052843	-28.160097	0.485027	-1.252731	-27.865181	0.482653	-1.053677	-28.160362	-0.051980	-1.207448	-28.140833	-0.066269	-1.249278	-27.856984	-0.048627	-0.998403	-27.808627	-0.021167	-1.089759
4490	62.367672	00:01:02:26	-27.956198	1.628239	-1.226980	-27.987381	1.677965	-1.087131	-28.067934	1.667010	-1.164392	-27.990958	1.563263	-1.171517	-28.031215	1.562289	-1.151243	-28.110714	1.555234	-1.232787	-27.855474	1.536530	-1.103931	-28.098799	1.477705	-0.909851	-27.988201	0.751868	-1.559064	-28.021669	1.471709	-0.585112	-28.081484	-0.034131	-2.072663	-28.040330	1.440734	-0.566835	-28.087832	-0.040613	-2.047361	-28.037445	1.412617	-0.560299	-28.089564	-0.064774	-2.072296	-28.177900	0.979393	-1.228727	-28.151556	0.971639	-1.269608	-27.853005	0.954534	-1.048077	-27.830392	0.954414	-1.059065	-28.161427	0.481501	-1.246778	-27.858527	0.457721	-1.047093	-28.179470	-0.046757	-1.234127	-28.120097	-0.059926	-1.230666	-27.850043	-0.057789	-1.039313	-27.858196	-0.075901	-1.083479
4491	62.381565	00:01:02:27	-27.947232	1.651167	-1.231248	-27.985434	1.651462	-1.110863	-28.075090	1.652909	-1.148207	-28.028728	1.541336	-1.184799	-28.033662	1.539711	-1.121344	-28.116796	1.523263	-1.227425	-27.867163	1.537808	-1.108622	-28.068406	1.490568	-0.881698	-28.011391	0.737643	-1.569076	-28.077807	1.452142	-0.551996	-28.089046	-0.033060	-2.042500	-28.020000	1.418824	-0.564032	-28.121898	-0.033423	-2.070070	-28.059970	1.434347	-0.562824	-28.107005	-0.048781	-2.068980	-28.190542	0.986618	-1.242027	-28.166917	0.961581	-1.300539	-27.884522	0.963655	-1.021062	-27.809150	0.937382	-1.073985	-28.191202	0.448782	-1.308170	-27.849160	0.458683	-1.050812	-28.182498	-0.060724	-1.178429	-28.173402	-0.072419	-1.298454	-27.882573	-0.065004	-1.032292	-27.841674	-0.069456	-1.063744
4492	62.395459	00:01:02:28	-27.962775	1.647914	-1.236872	-27.986072	1.699850	-1.103801	-28.098106	1.658233	-1.153830	-28.009847	1.518784	-1.145905	-28.029442	1.531259	-1.136742	-28.147491	1.562159	-1.275396	-27.889724	1.518332	-1.117038	-28.068311	1.483086	-0.931597	-27.986900	0.724700	-1.584849	-28.015505	1.463330	-0.561660	-28.067895	-0.007803	-2.063896	-28.039053	1.426782	-0.573039	-28.068829	-0.050527	-2.061767	-28.019997	1.441147	-0.572888	-28.095625	-0.018933	-2.046003	-28.189931	0.957815	-1.245616	-28.113503	0.956171	-1.264976	-27.877112	0.968762	-1.023887	-27.835795	0.979078	-1.091364	-28.145604	0.439225	-1.238457	-27.865543	0.456298	-1.070223	-28.204477	-0.030970	-1.194240	-28.163652	-0.057959	-1.268078	-27.872056	-0.061181	-1.038031	-27.829588	-0.074494	-1.049461
4493	62.409352	00:01:02:29	-27.976084	1.622119	-1.229999	-27.959110	1.662701	-1.148267	-28.083492	1.688900	-1.170484	-28.016007	1.537804	-1.175408	-28.040264	1.544865	-1.148496	-28.127575	1.555532	-1.263704	-27.862232	1.528854	-1.111768	-28.114329	1.475668	-0.894658	-27.995898	0.765768	-1.571490	-28.013085	1.412605	-0.547156	-28.103699	-0.038963	-2.034353	-28.053427	1.458211	-0.558664	-28.137987	-0.051217	-2.085879	-28.042474	1.429041	-0.557450	-28.105597	-0.052938	-2.098153	-28.163804	0.957507	-1.239517	-28.164111	0.985074	-1.293558	-27.902591	0.956598	-1.020789	-27.842279	0.941716	-1.072012	-28.172711	0.475691	-1.288112	-27.862781	0.483025	-1.066054	-28.136494	-0.067617	-1.183661	-28.117771	-0.070982	-1.247919	-27.854263	-0.065585	-1.008577	-27.822733	-0.054230	-1.078319
4494	62.423246	00:01:02:30	-27.994002	1.666574	-1.247682	-27.948376	1.644880	-1.091725	-28.079215	1.657225	-1.144893	-27.993619	1.563224	-1.144734	-28.022428	1.527621	-1.159934	-28.102430	1.561830	-1.278466	-27.851423	1.511058	-1.101856	-28.087783	1.496347	-0.938276	-27.981961	0.762411	-1.584792	-28.020750	1.444543	-0.584725	-28.094642	-0.050766	-2.037079	-28.033556	1.435715	-0.559478	-28.095952	-0.028228	-2.082081	-28.049598	1.424409	-0.565913	-28.105369	-0.045354	-2.063361	-28.182489	0.966775	-1.236594	-28.132797	0.958800	-1.294061	-27.875857	0.937768	-1.010971	-27.842488	0.936131	-1.082717	-28.158423	0.437681	-1.251002	-27.863854	0.447697	-1.042206	-28.167906	-0.055971	-1.207980	-28.136969	-0.051949	-1.256432	-27.871431	-0.017141	-1.010949	-27.816243	-0.109143	-1.071931
4495	62.437139	00:01:02:31	-27.941625	1.649963	-1.236347	-27.972789	1.658633	-1.102782	-28.089072	1.636842	-1.173189	-27.994553	1.556070	-1.188844	-27.992891	1.559429	-1.143020	-28.093051	1.551541	-1.260209	-27.862746	1.533393	-1.073218	-28.080810	1.503835	-0.902878	-27.971896	0.712394	-1.559182	-28.013985	1.418074	-0.528749	-28.100348	-0.009493	-2.059999	-28.059183	1.432728	-0.553946	-28.100538	-0.049778	-2.072771	-28.023803	1.431683	-0.561680	-28.095983	-0.056960	-2.068154	-28.167919	0.957963	-1.238575	-28.120291	0.966140	-1.284143	-27.858712	0.980268	-1.037206	-27.849951	0.963062	-1.076455	-28.144656	0.448567	-1.247018	-27.862384	0.456998	-1.060181	-28.155804	-0.059537	-1.210891	-28.131813	-0.048010	-1.256724	-27.837377	-0.034192	-1.043391	-27.872867	-0.072229	-1.050653
4496	62.451033	00:01:02:32	-27.980766	1.644291	-1.242815	-27.972499	1.676726	-1.103099	-28.090944	1.643829	-1.136106	-28.002289	1.525287	-1.194068	-28.017414	1.543415	-1.127198	-28.126660	1.542291	-1.258649	-27.873297	1.528481	-1.090198	-28.089560	1.507525	-0.897419	-27.964578	0.750423	-1.587549	-28.035364	1.446733	-0.561007	-28.092001	-0.090065	-2.035953	-28.020407	1.435277	-0.559241	-28.111574	-0.067921	-2.059863	-28.038431	1.454802	-0.526079	-28.085445	-0.027643	-2.083037	-28.186410	0.985331	-1.245160	-28.146817	0.946951	-1.266520	-27.887505	0.956621	-1.034661	-27.852594	0.928531	-1.065003	-28.152469	0.464105	-1.240354	-27.860598	0.430466	-1.052282	-28.161563	-0.069740	-1.242821	-28.133811	-0.077149	-1.262644	-27.890483	-0.084457	-1.039090	-27.852406	-0.063750	-1.073198
4497	62.464926	00:01:02:33	-27.933938	1.637801	-1.228238	-27.970957	1.676680	-1.123462	-28.079349	1.644077	-1.136819	-28.002421	1.537765	-1.190470	-28.025333	1.565962	-1.165138	-28.116672	1.543674	-1.233474	-27.863001	1.534349	-1.086217	-28.081093	1.467021	-0.899434	-28.001558	0.763010	-1.590432	-28.026149	1.438671	-0.528530	-28.079983	-0.019231	-2.065568	-28.008692	1.457959	-0.555204	-28.076618	-0.057703	-2.065882	-27.997022	1.424300	-0.554415	-28.117550	-0.039212	-2.090164	-28.198452	0.936934	-1.210068	-28.148513	0.946569	-1.278491	-27.833831	0.966065	-1.046903	-27.840920	0.961391	-1.113138	-28.170646	0.455416	-1.260661	-27.859822	0.468504	-1.055910	-28.201695	-0.030286	-1.202130	-28.137308	-0.075292	-1.246867	-27.891522	-0.030732	-0.994654	-27.847061	-0.041883	-1.077219
4498	62.478820	00:01:02:34	-27.968436	1.655740	-1.250264	-27.969594	1.668743	-1.100006	-28.061394	1.657657	-1.169288	-27.998256	1.529026	-1.156762	-28.042327	1.549726	-1.114058	-28.128308	1.513907	-1.259407	-27.855816	1.530262	-1.137361	-28.061850	1.476269	-0.913227	-27.996954	0.735278	-1.559770	-28.025437	1.433500	-0.558345	-28.103266	-0.063946	-2.074632	-28.043028	1.458748	-0.560425	-28.084946	-0.015013	-2.059593	-28.039820	1.451764	-0.564335	-28.055771	-0.052159	-2.053390	-28.176877	0.970019	-1.231823	-28.136628	0.952886	-1.269644	-27.847235	0.983488	-1.019736	-27.846129	0.964614	-1.094853	-28.175776	0.448735	-1.237215	-27.839814	0.445677	-1.040761	-28.154400	-0.060548	-1.204665	-28.156306	-0.042807	-1.269243	-27.870961	-0.066261	-1.033675	-27.873865	-0.058310	-1.087431
4499	62.492713	00:01:02:35	-27.946607	1.641930	-1.256132	-27.985859	1.662698	-1.133942	-28.077782	1.700410	-1.175505	-28.025342	1.574171	-1.166492	-28.027314	1.543106	-1.154008	-28.142540	1.529291	-1.317194	-27.880402	1.505550	-1.085018	-28.077047	1.486488	-0.917564	-27.987124	0.754046	-1.590171	-28.045203	1.413502	-0.577830	-28.093286	-0.029685	-2.039515	-28.036666	1.443052	-0.570301	-28.086304	-0.041759	-2.089410	-28.059266	1.402337	-0.563636	-28.090197	-0.026951	-2.060426	-28.189577	0.970654	-1.238174	-28.151477	0.969266	-1.292505	-27.868459	0.963688	-1.042371	-27.843282	0.971332	-1.085237	-28.198083	0.458350	-1.218319	-27.848229	0.480762	-1.087648	-28.154846	-0.048882	-1.182363	-28.154190	-0.047554	-1.242836	-27.851674	-0.043220	-1.059068	-27.849569	-0.073909	-1.069995
4500	62.506606	00:01:02:36	-27.910795	1.649762	-1.258972	-27.934102	1.663639	-1.090756	-28.071325	1.644094	-1.196808	-27.968847	1.529870	-1.176105	-28.004848	1.586949	-1.162157	-28.130414	1.546242	-1.264998	-27.869631	1.570471	-1.142221	-28.059423	1.488638	-0.868758	-27.981330	0.756080	-1.586719	-28.039928	1.443243	-0.539452	-28.107845	-0.044190	-2.028012	-28.052276	1.448942	-0.555032	-28.065117	-0.036847	-2.036793	-28.043350	1.420306	-0.554492	-28.118703	-0.047519	-2.077311	-28.199224	0.967813	-1.231185	-28.152483	0.950551	-1.286728	-27.851960	0.978159	-1.051177	-27.839177	0.937416	-1.104628	-28.181276	0.447721	-1.246705	-27.880602	0.421259	-1.067246	-28.152805	-0.072404	-1.217301	-28.160458	-0.077333	-1.307566	-27.875722	-0.056309	-1.027936	-27.854036	-0.043879	-1.045619
4501	62.520500	00:01:02:37	-27.931432	1.684437	-1.256492	-27.995475	1.637607	-1.091323	-28.072480	1.647447	-1.142889	-28.013341	1.530106	-1.197988	-28.015444	1.531015	-1.121508	-28.060918	1.549267	-1.259691	-27.859674	1.548793	-1.096432	-28.064830	1.485773	-0.875299	-27.980388	0.747917	-1.562736	-28.047292	1.439840	-0.585422	-28.090174	-0.051780	-2.047117	-28.028743	1.473215	-0.580711	-28.082514	-0.039993	-2.054078	-28.026271	1.448679	-0.570784	-28.051324	-0.025663	-2.096985	-28.208065	0.979149	-1.207451	-28.124264	0.953108	-1.259240	-27.853633	0.951014	-0.999951	-27.872680	0.967886	-1.096342	-28.161318	0.449648	-1.257249	-27.845837	0.455430	-1.065370	-28.160677	-0.075625	-1.237927	-28.134114	-0.060786	-1.255490	-27.860005	-0.053121	-0.995916	-27.861623	-0.082378	-1.083437
4502	62.534393	00:01:02:38	-27.971165	1.637812	-1.252642	-27.956249	1.665929	-1.104481	-28.063840	1.707847	-1.142676	-28.001351	1.562840	-1.186025	-28.002865	1.560267	-1.123760	-28.141375	1.546664	-1.269209	-27.895190	1.562562	-1.129402	-28.105880	1.499458	-0.922599	-28.009662	0.756911	-1.582428	-28.018392	1.449452	-0.571367	-28.107630	-0.039150	-2.051958	-28.066504	1.422961	-0.553775	-28.074337	-0.020591	-2.058353	-28.067245	1.412577	-0.527018	-28.096418	-0.064227	-2.113238	-28.177555	0.999285	-1.222875	-28.145013	0.959881	-1.294324	-27.867804	0.980281	-1.024392	-27.859774	0.962530	-1.092553	-28.167427	0.470934	-1.265438	-27.843824	0.443076	-1.034152	-28.152624	-0.050948	-1.223267	-28.148726	-0.062899	-1.273614	-27.879550	-0.011745	-1.023048	-27.822744	-0.062534	-1.074392
4503	62.548287	00:01:02:39	-27.964015	1.673566	-1.251805	-28.000096	1.636258	-1.089343	-28.103153	1.666757	-1.165443	-28.019743	1.494477	-1.189313	-28.026854	1.549278	-1.144183	-28.122064	1.540855	-1.220325	-27.877699	1.536846	-1.112724	-28.087370	1.490308	-0.939888	-27.952439	0.759809	-1.580047	-28.033634	1.408015	-0.545243	-28.108643	-0.074104	-2.091308	-28.023481	1.420080	-0.565834	-28.063176	-0.045349	-2.056895	-28.002595	1.454065	-0.585292	-28.083677	-0.024386	-2.074829	-28.202222	0.960768	-1.241795	-28.136492	0.959820	-1.262871	-27.881755	0.943527	-1.008754	-27.815821	0.965943	-1.105761	-28.162444	0.446316	-1.230412	-27.866246	0.450617	-1.053344	-28.140960	-0.057872	-1.193976	-28.155087	-0.068378	-1.241620	-27.874142	-0.058606	-1.011069	-27.825119	-0.106323	-1.074841
4504	62.562180	00:01:02:40	-27.981029	1.645348	-1.255772	-27.967473	1.680665	-1.102071	-28.055255	1.642633	-1.132581	-27.975064	1.523160	-1.215533	-28.022595	1.529946	-1.135887	-28.138082	1.572802	-1.255905	-27.884775	1.545328	-1.097540	-28.049643	1.539147	-0.935279	-27.956409	0.754797	-1.587103	-28.046022	1.429430	-0.530874	-28.104601	-0.073408	-2.041501	-28.026055	1.437007	-0.528689	-28.102960	-0.057388	-2.050949	-28.015653	1.457621	-0.572854	-28.063238	-0.050462	-2.079799	-28.156689	0.974795	-1.235639	-28.138017	0.970353	-1.274546	-27.868407	0.956714	-1.038203	-27.846405	0.933462	-1.093086	-28.156039	0.469813	-1.290763	-27.853675	0.466744	-1.059230	-28.200547	-0.036850	-1.219894	-28.147995	-0.056678	-1.227819	-27.874229	-0.072969	-1.025279	-27.830092	-0.078779	-1.064697
4505	62.576074	00:01:02:41	-27.953065	1.655752	-1.226007	-27.954984	1.645931	-1.105064	-28.080084	1.639548	-1.150791	-27.999617	1.536731	-1.163322	-27.999519	1.526387	-1.121762	-28.110727	1.555760	-1.261576	-27.874647	1.530038	-1.078365	-28.079178	1.504561	-0.883956	-27.986418	0.755311	-1.565157	-28.011186	1.477988	-0.546256	-28.096658	-0.033276	-2.034586	-28.034587	1.447988	-0.536779	-28.098544	-0.043919	-2.052368	-28.039363	1.449400	-0.545951	-28.096582	-0.033146	-2.029264	-28.163412	0.963663	-1.219764	-28.149222	0.981880	-1.282728	-27.859027	0.997837	-1.019352	-27.853158	0.970163	-1.075564	-28.180031	0.440043	-1.237103	-27.842979	0.447597	-1.065630	-28.158080	-0.058708	-1.202153	-28.142543	-0.084859	-1.250699	-27.879714	-0.078744	-1.034433	-27.823990	-0.067605	-1.061017
4506	62.589967	00:01:02:42	-27.995718	1.609241	-1.256108	-27.960405	1.660877	-1.108002	-28.085348	1.673641	-1.165323	-27.970248	1.535479	-1.162723	-28.022057	1.541919	-1.123964	-28.133247	1.524186	-1.246580	-27.874878	1.529066	-1.079602	-28.059004	1.481302	-0.901136	-27.976811	0.773810	-1.544774	-28.039432	1.449245	-0.555218	-28.087253	-0.073416	-2.057878	-27.983265	1.423581	-0.533261	-28.096307	-0.055087	-2.064972	-28.016382	1.413498	-0.528211	-28.083505	-0.032869	-2.059322	-28.190407	0.951953	-1.232060	-28.158188	0.960268	-1.255980	-27.885903	0.980092	-1.046290	-27.856688	0.959760	-1.095974	-28.162303	0.452593	-1.226948	-27.854243	0.463346	-1.055380	-28.169079	-0.049410	-1.228601	-28.153797	-0.065671	-1.269049	-27.879298	-0.016074	-0.985193	-27.827376	-0.051020	-1.065935
4507	62.603861	00:01:02:43	-27.976161	1.625348	-1.236013	-28.025532	1.668161	-1.101595	-28.076619	1.651077	-1.156428	-28.003747	1.580775	-1.188029	-28.019144	1.572341	-1.138528	-28.148888	1.516881	-1.276119	-27.855573	1.558862	-1.131433	-28.110615	1.490724	-0.903278	-27.942191	0.728473	-1.564982	-28.007763	1.430706	-0.533969	-28.098767	-0.072252	-2.092522	-28.022025	1.432674	-0.531504	-28.067714	-0.066550	-2.053984	-28.016799	1.441430	-0.571375	-28.078153	-0.059143	-2.061522	-28.166438	1.010007	-1.251535	-28.149530	0.974250	-1.272586	-27.854663	0.954274	-1.028977	-27.816045	0.939698	-1.084195	-28.163668	0.473303	-1.237390	-27.872883	0.461430	-1.065077	-28.164501	-0.028408	-1.192741	-28.136700	-0.092156	-1.285327	-27.874482	-0.065791	-1.040638	-27.825159	-0.071211	-1.055680
4508	62.617754	00:01:02:44	-27.948338	1.667409	-1.219896	-27.974422	1.671796	-1.087004	-28.090261	1.658737	-1.125277	-28.006299	1.556529	-1.151143	-28.032820	1.568925	-1.166257	-28.114480	1.527507	-1.230368	-27.883939	1.572097	-1.109058	-28.074401	1.486152	-0.912257	-28.032662	0.768725	-1.579715	-28.060391	1.427910	-0.566135	-28.116231	-0.052227	-2.065952	-28.040671	1.423433	-0.549463	-28.056308	-0.037860	-2.050851	-28.069548	1.451134	-0.552269	-28.094358	-0.009302	-2.040021	-28.178976	0.960431	-1.217005	-28.140234	0.960398	-1.275921	-27.895194	0.964909	-1.056311	-27.838296	0.975301	-1.088210	-28.137547	0.425473	-1.232398	-27.841926	0.479032	-1.071566	-28.183705	-0.053472	-1.223151	-28.164456	-0.041684	-1.250747	-27.858650	-0.059297	-1.026203	-27.815315	-0.060892	-1.049392
4509	62.631647	00:01:02:45	-27.939909	1.637355	-1.239518	-27.989578	1.667077	-1.088363	-28.073749	1.660446	-1.152477	-28.027788	1.543523	-1.163970	-28.024324	1.519395	-1.138048	-28.123019	1.526461	-1.235933	-27.872627	1.520421	-1.090636	-28.102517	1.478469	-0.897783	-27.999943	0.771195	-1.569285	-28.037586	1.408435	-0.579716	-28.090752	-0.069392	-2.070477	-28.024479	1.430758	-0.545587	-28.081989	-0.033115	-2.080334	-28.026722	1.430101	-0.568228	-28.091328	-0.022960	-2.072774	-28.200100	0.945472	-1.228159	-28.158444	0.949882	-1.260016	-27.854714	0.975361	-1.014138	-27.865319	0.952413	-1.079926	-28.138714	0.419047	-1.233485	-27.847003	0.444737	-1.036685	-28.171029	-0.058005	-1.225619	-28.137225	-0.073617	-1.279279	-27.846380	-0.083700	-1.026672	-27.820017	-0.064657	-1.047377
4510	62.645541	00:01:02:46	-27.978075	1.663728	-1.250018	-27.958427	1.659111	-1.079700	-28.073004	1.695374	-1.174368	-27.995230	1.574238	-1.176411	-28.020295	1.534754	-1.163060	-28.120149	1.526351	-1.244293	-27.876979	1.546107	-1.096079	-28.064303	1.520012	-0.891606	-27.974936	0.773043	-1.572432	-28.034966	1.426488	-0.531147	-28.087093	-0.049889	-2.090928	-28.010782	1.425827	-0.580644	-28.093905	-0.055007	-2.065415	-28.028315	1.428338	-0.543144	-28.109500	-0.052677	-2.035192	-28.153576	0.967618	-1.211516	-28.147330	0.941014	-1.304517	-27.904032	0.976655	-1.018740	-27.885428	0.944013	-1.122593	-28.166410	0.472267	-1.240126	-27.840112	0.426262	-1.076238	-28.167299	-0.071190	-1.250655	-28.117339	-0.052608	-1.244848	-27.895319	-0.023863	-1.040112	-27.833505	-0.046698	-1.060909
4511	62.659434	00:01:02:47	-27.965511	1.635832	-1.225559	-27.953003	1.664997	-1.094172	-28.063408	1.703673	-1.171243	-28.008118	1.524107	-1.200365	-28.053491	1.570184	-1.142952	-28.140390	1.552753	-1.264085	-27.876897	1.542895	-1.126051	-28.047291	1.467741	-0.898326	-28.003354	0.734726	-1.565215	-28.008919	1.426905	-0.541244	-28.089128	-0.042723	-2.063823	-28.040645	1.447723	-0.539600	-28.115863	-0.057179	-2.103778	-28.050284	1.445884	-0.561155	-28.080694	-0.056205	-2.067661	-28.184831	0.962731	-1.230895	-28.159630	0.955898	-1.237078	-27.866908	0.986705	-1.033274	-27.839647	0.988435	-1.100014	-28.152436	0.456180	-1.278436	-27.887581	0.466567	-1.051007	-28.159601	-0.041111	-1.217376	-28.153342	-0.057199	-1.254197	-27.871885	-0.060078	-1.010509	-27.838779	-0.077705	-1.051510
4512	62.673328	00:01:02:48	-27.952795	1.636906	-1.229844	-27.977482	1.680787	-1.094651	-28.085854	1.678225	-1.170275	-27.980323	1.537904	-1.183709	-28.024648	1.530143	-1.155894	-28.133109	1.557485	-1.259767	-27.859630	1.551296	-1.073475	-28.071593	1.475647	-0.895776	-27.973171	0.762401	-1.565378	-28.032423	1.404181	-0.541887	-28.069039	-0.049656	-2.083449	-28.027805	1.410590	-0.559950	-28.078789	-0.084038	-2.059981	-28.031867	1.439876	-0.572726	-28.091701	-0.051087	-2.089748	-28.217047	0.983605	-1.242312	-28.145115	0.911690	-1.287133	-27.858974	0.989421	-1.061538	-27.824484	0.968608	-1.098763	-28.172458	0.441507	-1.253855	-27.863873	0.464771	-1.071918	-28.193437	-0.057369	-1.195344	-28.161263	-0.055785	-1.282639	-27.871297	-0.064379	-1.009986	-27.849029	-0.061480	-1.075636
4513	62.687221	00:01:02:49	-27.975506	1.623572	-1.236440	-27.946202	1.625999	-1.100442	-28.107769	1.687665	-1.170820	-27.943330	1.547973	-1.189957	-28.043939	1.534221	-1.123745	-28.141408	1.540430	-1.232347	-27.885016	1.530283	-1.089097	-28.093400	1.519370	-0.925695	-27.998577	0.754506	-1.584854	-28.046606	1.402738	-0.573394	-28.097431	-0.043300	-2.068153	-28.019399	1.441593	-0.549884	-28.085468	-0.053534	-2.070515	-28.053371	1.407047	-0.568195	-28.077604	-0.066305	-2.098995	-28.167873	0.947258	-1.217094	-28.129001	0.959156	-1.266232	-27.864134	0.965317	-1.025335	-27.835852	0.965118	-1.089846	-28.161518	0.433125	-1.229155	-27.902163	0.438750	-1.062372	-28.194117	-0.051380	-1.200479	-28.135200	-0.050392	-1.260880	-27.866652	-0.032005	-1.013227	-27.835750	-0.044434	-1.069278
4514	62.701115	00:01:02:50	-27.952898	1.675220	-1.219735	-28.009496	1.675809	-1.126446	-28.097520	1.686832	-1.188051	-28.001955	1.524952	-1.204238	-28.047837	1.524117	-1.138272	-28.139573	1.503980	-1.266690	-27.877071	1.544841	-1.075088	-28.062077	1.467322	-0.881830	-28.004705	0.745595	-1.552583	-28.029171	1.431949	-0.553088	-28.088204	-0.067626	-2.078348	-28.010325	1.447549	-0.558773	-28.091091	-0.032979	-2.082791	-28.021913	1.426559	-0.520237	-28.083529	-0.062485	-2.042910	-28.161984	0.986609	-1.208912	-28.146647	0.962933	-1.269488	-27.856234	0.974068	-1.037505	-27.832316	0.945490	-1.100092	-28.131456	0.469260	-1.258991	-27.850343	0.478796	-1.057604	-28.203177	-0.050668	-1.207889	-28.132169	-0.061578	-1.230711	-27.864718	-0.017644	-1.011035	-27.874915	-0.044179	-1.075669
4515	62.715008	00:01:02:51	-27.967461	1.661118	-1.204955	-27.966671	1.658691	-1.112017	-28.059527	1.652657	-1.157004	-27.984333	1.540087	-1.208535	-28.030798	1.557114	-1.171714	-28.099819	1.561121	-1.266003	-27.893578	1.543097	-1.117665	-28.078128	1.496305	-0.911675	-27.980881	0.733998	-1.576522	-28.025633	1.434322	-0.553621	-28.109174	-0.061770	-2.092388	-28.083923	1.421915	-0.579702	-28.136729	-0.058135	-2.054724	-28.032044	1.439687	-0.552437	-28.111876	-0.025573	-2.056712	-28.193410	0.955549	-1.216533	-28.167925	0.980419	-1.263308	-27.897133	0.957461	-1.037479	-27.851841	0.966093	-1.095773	-28.153769	0.431577	-1.240276	-27.846794	0.474755	-1.097909	-28.162268	-0.055634	-1.217754	-28.137151	-0.054502	-1.213760	-27.881766	-0.069307	-1.036946	-27.854335	-0.043308	-1.085528
4516	62.728902	00:01:02:52	-28.000487	1.659684	-1.209214	-27.969203	1.665243	-1.127592	-28.095970	1.676460	-1.183354	-27.955390	1.519668	-1.177603	-28.013942	1.560267	-1.154010	-28.174301	1.547648	-1.287347	-27.862098	1.539808	-1.084700	-28.045747	1.489508	-0.928679	-27.945542	0.751060	-1.562453	-28.002624	1.420670	-0.563025	-28.080516	-0.030174	-2.074734	-28.056309	1.457392	-0.554141	-28.140826	-0.046756	-2.090080	-28.042461	1.442915	-0.530942	-28.111343	-0.036125	-2.045834	-28.172056	0.975416	-1.228105	-28.139335	0.963758	-1.274801	-27.857751	0.942643	-1.061305	-27.828113	0.967687	-1.076903	-28.165387	0.453629	-1.287300	-27.842125	0.424190	-1.051896	-28.183564	-0.048176	-1.228304	-28.159855	-0.039494	-1.258010	-27.876490	-0.039102	-1.002379	-27.866863	-0.066944	-1.081598
4517	62.742795	00:01:02:53	-27.927653	1.642626	-1.216172	-27.955570	1.669437	-1.079339	-28.096422	1.691132	-1.192861	-28.006436	1.536060	-1.153414	-28.023730	1.556574	-1.104098	-28.107798	1.537352	-1.238563	-27.861968	1.546611	-1.101851	-28.085790	1.470353	-0.899155	-27.955647	0.760020	-1.586420	-28.054336	1.442713	-0.567779	-28.118548	-0.077335	-2.068003	-28.011214	1.377954	-0.528886	-28.096870	-0.039652	-2.012797	-28.025687	1.433782	-0.579764	-28.095596	-0.039689	-2.051749	-28.161766	0.980020	-1.200014	-28.132523	0.964723	-1.262642	-27.851862	0.965424	-1.094409	-27.863335	0.985191	-1.063608	-28.168789	0.452459	-1.255399	-27.863435	0.434505	-1.035831	-28.174249	-0.042464	-1.218302	-28.139579	-0.042676	-1.275789	-27.883918	-0.051835	-1.013617	-27.862194	-0.042044	-1.030881
4518	62.756688	00:01:02:54	-27.970326	1.623015	-1.251533	-28.002513	1.680863	-1.087368	-28.073486	1.643262	-1.161123	-28.032609	1.534084	-1.186732	-28.021095	1.566248	-1.128727	-28.097049	1.543617	-1.272424	-27.890378	1.540206	-1.102536	-28.081507	1.507345	-0.909278	-28.006045	0.724318	-1.589674	-28.041893	1.468812	-0.533303	-28.094168	-0.060163	-2.072899	-28.034341	1.430605	-0.525848	-28.090836	-0.031495	-2.043122	-28.014590	1.430545	-0.588038	-28.091611	-0.038249	-2.057056	-28.182011	0.979898	-1.208885	-28.140249	0.962409	-1.278932	-27.871107	0.928739	-1.029264	-27.859397	0.943165	-1.104167	-28.183270	0.479542	-1.252917	-27.851605	0.477971	-1.047559	-28.153467	-0.030126	-1.202844	-28.131633	-0.050684	-1.265691	-27.902416	-0.048886	-1.023120	-27.842196	-0.059529	-1.071507
4519	62.770582	00:01:02:55	-27.954322	1.651183	-1.219510	-27.984659	1.662811	-1.094027	-28.095522	1.645660	-1.151053	-27.978177	1.507541	-1.186753	-28.018577	1.544310	-1.128710	-28.130701	1.528423	-1.241257	-27.863789	1.545773	-1.119891	-28.076317	1.494563	-0.919195	-27.993038	0.776169	-1.571954	-28.025361	1.431995	-0.551573	-28.118742	-0.024348	-2.070219	-28.032876	1.441775	-0.565846	-28.088140	-0.053659	-2.071231	-28.036183	1.447384	-0.559588	-28.089467	-0.047532	-2.073021	-28.171045	0.977140	-1.270264	-28.202576	0.940606	-1.251223	-27.877586	0.982603	-1.020442	-27.801770	0.966739	-1.107441	-28.135107	0.432064	-1.236744	-27.859088	0.466910	-1.043859	-28.175660	-0.047870	-1.220379	-28.164454	-0.030292	-1.251557	-27.866738	-0.030125	-1.056430	-27.840705	-0.029590	-1.054606
4520	62.784475	00:01:02:56	-27.961311	1.633047	-1.246206	-28.005882	1.664635	-1.092579	-28.074773	1.665601	-1.168166	-28.029801	1.545275	-1.158020	-28.004844	1.523809	-1.148438	-28.101557	1.577241	-1.257018	-27.906891	1.539282	-1.068089	-28.087281	1.472530	-0.867726	-27.979986	0.740306	-1.586711	-28.049505	1.429795	-0.561040	-28.065829	-0.052905	-2.067988	-28.070452	1.448220	-0.564349	-28.096401	-0.057793	-2.077661	-28.045703	1.458242	-0.549096	-28.061023	-0.036450	-2.055530	-28.152428	0.971830	-1.197100	-28.155093	0.958071	-1.286232	-27.886854	0.957814	-1.046640	-27.881429	0.987171	-1.103665	-28.178966	0.448601	-1.221671	-27.832229	0.437818	-1.046363	-28.159730	-0.040788	-1.220957	-28.125319	-0.041331	-1.253105	-27.864182	-0.052463	-1.033613	-27.844664	-0.064427	-1.108022
4521	62.798369	00:01:02:57	-27.973972	1.620848	-1.248467	-27.987557	1.668133	-1.082646	-28.070830	1.651814	-1.144240	-28.023050	1.547474	-1.154503	-27.991878	1.552133	-1.178162	-28.131849	1.541946	-1.249477	-27.862851	1.510899	-1.102835	-28.088919	1.479728	-0.905581	-28.010514	0.752528	-1.570158	-28.033881	1.438739	-0.586606	-28.092418	-0.033189	-2.067232	-28.000137	1.457800	-0.537322	-28.116009	-0.052258	-2.037108	-27.998499	1.438463	-0.539596	-28.086026	-0.015552	-2.051134	-28.174002	0.982844	-1.244852	-28.138837	0.964252	-1.293299	-27.836921	0.975811	-1.049300	-27.831755	0.962467	-1.080926	-28.156222	0.477136	-1.217967	-27.867034	0.461586	-1.059868	-28.152351	-0.055826	-1.186226	-28.162745	-0.059733	-1.273729	-27.839640	-0.030325	-0.972626	-27.848317	-0.074196	-1.043308
4522	62.812262	00:01:02:58	-27.968298	1.628810	-1.233096	-27.963839	1.643134	-1.082732	-28.043819	1.658058	-1.149123	-28.016385	1.524693	-1.196283	-27.995979	1.555141	-1.142837	-28.139709	1.518147	-1.283760	-27.877530	1.549942	-1.092857	-28.077451	1.476077	-0.926929	-27.968422	0.748492	-1.571223	-28.048868	1.431993	-0.562007	-28.074355	-0.074112	-2.070447	-28.052091	1.427745	-0.577563	-28.093581	-0.063318	-2.083377	-28.035155	1.421460	-0.572758	-28.081875	-0.041374	-2.069822	-28.195038	0.983811	-1.216994	-28.150512	0.936915	-1.252058	-27.867717	0.985377	-1.036049	-27.849424	0.969103	-1.068398	-28.166724	0.464889	-1.273318	-27.889985	0.450981	-1.080850	-28.203687	-0.060953	-1.229271	-28.154026	-0.071191	-1.245219	-27.892820	-0.054046	-1.022161	-27.859494	-0.047802	-1.080340
4523	62.826156	00:01:02:59	-27.962750	1.643904	-1.230748	-27.982952	1.685242	-1.129512	-28.074726	1.641336	-1.150708	-27.998337	1.542783	-1.166124	-27.999512	1.542521	-1.164570	-28.125767	1.561853	-1.229938	-27.869120	1.520592	-1.106203	-28.073597	1.488618	-0.922483	-27.987330	0.726146	-1.558768	-28.014885	1.444819	-0.548009	-28.109823	-0.056487	-2.080739	-28.031512	1.432407	-0.529237	-28.129552	-0.048914	-2.085916	-28.020653	1.448126	-0.541645	-28.105536	-0.080495	-2.078747	-28.158001	0.986067	-1.246576	-28.150816	1.003545	-1.317521	-27.891528	0.993442	-1.041823	-27.790171	0.946293	-1.098844	-28.132646	0.453422	-1.229216	-27.898268	0.443252	-1.047888	-28.134229	-0.068018	-1.186381	-28.156180	-0.066838	-1.241280	-27.861661	-0.069585	-1.023172	-27.850712	-0.059095	-1.039099
4524	62.840049	00:01:02:60	-27.957946	1.646226	-1.229933	-27.978704	1.648964	-1.116586	-28.117556	1.702774	-1.162951	-27.991699	1.547895	-1.180210	-28.024705	1.552578	-1.143111	-28.128363	1.530414	-1.231635	-27.854641	1.567335	-1.086577	-28.095009	1.495490	-0.892280	-28.009824	0.747024	-1.548180	-28.013565	1.463473	-0.568361	-28.083750	-0.070291	-2.086367	-28.010309	1.416767	-0.546300	-28.099572	-0.080855	-2.043896	-28.037725	1.454507	-0.553054	-28.075505	-0.051261	-2.050076	-28.160897	0.943000	-1.240699	-28.154760	0.955260	-1.289225	-27.867752	0.954251	-1.015882	-27.866708	0.960330	-1.083401	-28.153562	0.461710	-1.246400	-27.820264	0.485718	-1.086503	-28.185192	-0.056950	-1.218858	-28.116637	-0.062057	-1.265109	-27.867242	-0.052673	-1.033762	-27.855760	-0.058688	-1.056793
4525	62.853943	00:01:02:61	-27.953374	1.666660	-1.245076	-28.007726	1.663326	-1.057454	-28.075557	1.642901	-1.133929	-28.002649	1.547942	-1.152803	-28.027545	1.537810	-1.117899	-28.117673	1.561231	-1.238337	-27.839824	1.545335	-1.108541	-28.083659	1.487953	-0.906607	-27.990588	0.746476	-1.571400	-28.048876	1.447636	-0.555359	-28.099972	-0.032145	-2.025029	-28.000777	1.429312	-0.530808	-28.118298	-0.062877	-2.045236	-28.018046	1.433559	-0.540758	-28.076527	-0.037582	-2.049987	-28.182539	0.985895	-1.226825	-28.130721	0.950714	-1.252127	-27.845777	0.982734	-1.008680	-27.825604	0.955583	-1.079697	-28.175357	0.467325	-1.234070	-27.864518	0.479534	-1.018703	-28.182395	-0.030298	-1.233794	-28.145852	-0.072062	-1.266884	-27.831934	-0.047895	-1.031735	-27.841012	-0.077122	-1.084103
4526	62.867836	00:01:02:62	-27.979460	1.629984	-1.216769	-27.968727	1.679943	-1.119648	-28.070461	1.684547	-1.151720	-27.999685	1.518763	-1.181570	-28.002847	1.551482	-1.138260	-28.095496	1.550699	-1.223186	-27.910089	1.557765	-1.118538	-28.096204	1.488869	-0.895029	-27.991701	0.784491	-1.590958	-28.045893	1.430506	-0.553668	-28.103907	-0.020406	-2.029701	-28.042836	1.430689	-0.560987	-28.089871	-0.036619	-2.075606	-28.014428	1.454675	-0.563167	-28.120344	-0.051870	-2.068495	-28.143544	0.976703	-1.233070	-28.118054	0.970848	-1.293134	-27.863249	0.974080	-1.034866	-27.841398	1.002203	-1.096583	-28.159969	0.449312	-1.237895	-27.851818	0.475511	-1.034376	-28.187946	-0.053230	-1.214188	-28.129526	-0.053467	-1.265818	-27.861294	-0.045221	-1.021752	-27.835280	-0.063790	-1.061100
4527	62.881729	00:01:02:63	-27.937134	1.644075	-1.249029	-27.984912	1.679800	-1.102135	-28.089599	1.674645	-1.145477	-28.029069	1.558132	-1.184931	-28.037067	1.542188	-1.130312	-28.150282	1.508937	-1.246435	-27.860925	1.554617	-1.119794	-28.048949	1.484735	-0.902616	-27.978284	0.765737	-1.596801	-28.022684	1.438851	-0.550613	-28.108709	-0.064847	-2.073856	-28.035882	1.455658	-0.523073	-28.096101	-0.063329	-2.027981	-28.008411	1.411516	-0.589055	-28.064495	-0.039049	-2.025758	-28.189146	0.956730	-1.226714	-28.139604	0.932842	-1.275762	-27.887149	0.974036	-1.002847	-27.836858	0.950777	-1.109149	-28.149500	0.474125	-1.269581	-27.841973	0.415778	-1.062908	-28.187615	-0.038144	-1.225333	-28.134641	-0.057899	-1.262422	-27.837009	-0.038510	-1.020375	-27.826817	-0.072515	-1.059226
4528	62.895623	00:01:02:64	-27.958522	1.643521	-1.240363	-27.971998	1.675805	-1.109066	-28.119286	1.685075	-1.149208	-27.995805	1.532153	-1.174283	-28.005200	1.523742	-1.156981	-28.129397	1.550383	-1.246815	-27.875974	1.555714	-1.091410	-28.066996	1.486556	-0.908104	-27.962502	0.739278	-1.575463	-28.065824	1.453087	-0.580362	-28.084568	-0.051710	-2.050042	-28.033534	1.434888	-0.546859	-28.088142	-0.030244	-2.071928	-28.027723	1.454578	-0.549919	-28.094749	-0.035678	-2.057070	-28.185220	0.965358	-1.247421	-28.112451	0.981355	-1.285697	-27.870355	0.974734	-1.040865	-27.842289	0.957990	-1.116353	-28.116443	0.469903	-1.267267	-27.897231	0.438899	-1.082576	-28.176796	-0.070160	-1.201251	-28.151572	-0.078548	-1.269547	-27.877774	-0.037585	-1.019199	-27.833836	-0.070800	-1.078367
4529	62.909516	00:01:02:65	-27.968441	1.642188	-1.243100	-27.941531	1.664747	-1.103354	-28.070298	1.659549	-1.167851	-28.010045	1.520668	-1.180153	-28.013095	1.534754	-1.151198	-28.129839	1.540335	-1.252228	-27.879178	1.540008	-1.127317	-28.059557	1.473514	-0.898175	-27.969570	0.749150	-1.588718	-28.020297	1.444868	-0.547615	-28.101998	-0.027121	-2.027776	-28.069393	1.433241	-0.566915	-28.120618	-0.007384	-2.060765	-28.055893	1.419771	-0.550868	-28.064091	-0.054065	-2.065675	-28.181143	0.963660	-1.209577	-28.116542	0.981650	-1.301902	-27.873179	0.972483	-1.013604	-27.849255	0.933996	-1.074855	-28.128511	0.434251	-1.253674	-27.881809	0.456215	-1.036113	-28.148703	-0.070940	-1.221533	-28.143436	-0.066804	-1.249428	-27.855927	-0.023897	-1.022676	-27.839992	-0.053153	-1.085692
4530	62.923410	00:01:02:66	-27.962223	1.622827	-1.252091	-27.984205	1.683452	-1.133622	-28.084889	1.651658	-1.147462	-28.022791	1.539984	-1.152069	-28.046904	1.535989	-1.161932	-28.125048	1.554386	-1.265604	-27.854284	1.513538	-1.085055	-28.061688	1.486521	-0.905773	-27.993684	0.748510	-1.587733	-28.028276	1.439279	-0.552884	-28.082656	-0.054576	-2.027432	-28.009571	1.445063	-0.525763	-28.097584	-0.038008	-2.071336	-28.047390	1.412098	-0.561139	-28.081874	-0.010452	-2.063159	-28.165395	0.965504	-1.211081	-28.176221	0.977294	-1.298833	-27.888150	0.977205	-1.033033	-27.826067	0.955584	-1.101766	-28.097854	0.460170	-1.260736	-27.854778	0.449750	-1.041521	-28.135527	-0.074669	-1.229844	-28.129070	-0.057513	-1.273568	-27.855449	-0.095287	-1.028255	-27.824294	-0.044851	-1.062005
4531	62.937303	00:01:02:67	-27.957833	1.643411	-1.217209	-27.969330	1.626627	-1.063259	-28.067957	1.643020	-1.169733	-27.991841	1.541318	-1.151383	-28.022191	1.524057	-1.129614	-28.121549	1.548231	-1.243340	-27.882342	1.563586	-1.083145	-28.063768	1.489986	-0.923033	-27.978193	0.752305	-1.611575	-28.030366	1.430636	-0.549213	-28.091293	-0.046705	-2.087816	-28.020955	1.430090	-0.553303	-28.090933	-0.043484	-2.083153	-28.036826	1.425145	-0.564189	-28.072199	-0.023095	-2.057548	-28.184182	1.012115	-1.200130	-28.127682	0.990001	-1.293141	-27.849095	0.971468	-1.037082	-27.856373	0.958530	-1.106185	-28.177042	0.444288	-1.230138	-27.879912	0.458691	-1.079866	-28.170047	-0.021294	-1.182512	-28.159348	-0.070642	-1.276121	-27.863437	-0.083073	-1.041114	-27.840594	-0.078365	-1.051811
4532	62.951197	00:01:02:68	-27.955801	1.647481	-1.231259	-27.967204	1.638983	-1.109472	-28.090676	1.673836	-1.169260	-28.006079	1.548275	-1.209387	-28.033953	1.567999	-1.160610	-28.149587	1.527144	-1.269705	-27.877635	1.547430	-1.106587	-28.094983	1.497966	-0.899750	-27.999573	0.739098	-1.572116	-28.009611	1.434465	-0.566623	-28.104282	-0.041403	-2.079759	-28.044592	1.451902	-0.572939	-28.124865	-0.066374	-2.024729	-28.038502	1.397332	-0.539713	-28.100801	-0.036963	-2.077574	-28.173784	0.985295	-1.220996	-28.134246	0.963657	-1.272267	-27.874425	0.958443	-1.070854	-27.829417	0.961023	-1.061758	-28.152267	0.462032	-1.244804	-27.891070	0.466743	-1.073019	-28.171780	-0.081489	-1.189492	-28.174321	-0.024364	-1.250515	-27.848815	-0.049872	-1.004200	-27.883577	-0.055687	-1.066344
4533	62.965090	00:01:02:69	-27.946867	1.589625	-1.221271	-28.010128	1.676320	-1.078578	-28.070410	1.666857	-1.161376	-28.029141	1.516344	-1.164221	-28.032071	1.528426	-1.137146	-28.112535	1.530851	-1.291356	-27.848204	1.548389	-1.045994	-28.052183	1.468003	-0.897184	-27.968452	0.770093	-1.586622	-28.031505	1.414172	-0.560022	-28.113391	-0.033147	-2.077035	-28.043125	1.423931	-0.551455	-28.108026	-0.036770	-2.082184	-28.024529	1.446600	-0.558826	-28.095468	-0.036319	-2.038072	-28.165752	0.982937	-1.198902	-28.162249	0.981031	-1.258433	-27.867345	0.991927	-1.066982	-27.844519	0.961157	-1.071938	-28.137469	0.467541	-1.229518	-27.829151	0.460568	-1.036446	-28.185401	-0.049238	-1.214686	-28.143686	-0.056338	-1.274132	-27.882416	-0.062334	-1.025335	-27.858279	-0.043286	-1.073653
4534	62.978984	00:01:02:70	-27.945765	1.661172	-1.232548	-27.979291	1.669701	-1.105854	-28.076224	1.662259	-1.150364	-28.000090	1.564141	-1.197335	-28.039936	1.517766	-1.119393	-28.098730	1.537697	-1.256623	-27.899202	1.529729	-1.055227	-28.086827	1.504917	-0.907708	-28.023990	0.768990	-1.562858	-28.035988	1.432284	-0.548823	-28.085363	-0.061526	-2.082244	-28.042887	1.422016	-0.561240	-28.089021	-0.065634	-2.071826	-28.042988	1.451283	-0.556848	-28.071290	-0.035174	-2.083146	-28.173719	0.979294	-1.223309	-28.149133	0.960408	-1.300556	-27.913433	0.955877	-1.060181	-27.841029	0.943840	-1.075936	-28.151381	0.417406	-1.231289	-27.875780	0.431136	-1.074565	-28.179136	-0.043688	-1.229583	-28.137544	-0.071475	-1.302001	-27.883787	-0.045168	-1.040133	-27.834571	-0.076502	-1.050069
4535	62.992877	00:01:02:71	-27.954724	1.638481	-1.241816	-27.970825	1.637621	-1.069945	-28.090703	1.645330	-1.167789	-28.011329	1.538600	-1.169396	-28.056189	1.545170	-1.150237	-28.146879	1.509826	-1.262570	-27.906751	1.556758	-1.096134	-28.100792	1.488711	-0.939896	-27.983578	0.745536	-1.616778	-28.020055	1.413522	-0.557331	-28.105930	-0.045214	-2.036477	-28.067951	1.440942	-0.572302	-28.112816	-0.035692	-2.061341	-28.029177	1.445049	-0.550213	-28.086909	-0.060625	-2.044448	-28.158858	0.991263	-1.235367	-28.161892	0.967216	-1.281715	-27.900954	0.981862	-1.061283	-27.842930	0.977212	-1.112892	-28.168131	0.455725	-1.257982	-27.879093	0.434650	-1.053569	-28.186676	-0.048245	-1.220152	-28.134913	-0.031735	-1.268528	-27.910835	-0.045089	-0.998772	-27.846769	-0.069418	-1.080645
4536	63.006770	00:01:03:00	-27.949536	1.633000	-1.221437	-27.964836	1.673301	-1.109507	-28.061264	1.664480	-1.191007	-27.992914	1.542771	-1.208465	-28.034113	1.575157	-1.100211	-28.082700	1.542299	-1.241329	-27.866342	1.564808	-1.107472	-28.077723	1.459378	-0.943226	-27.989581	0.733663	-1.549737	-28.044134	1.427868	-0.555811	-28.084412	-0.061676	-2.076711	-28.046579	1.439338	-0.563880	-28.108830	-0.045194	-2.044709	-28.039097	1.452672	-0.578706	-28.089792	-0.024181	-2.049901	-28.167152	0.984639	-1.234596	-28.168828	0.969206	-1.272189	-27.883540	0.963691	-1.034330	-27.882552	0.949997	-1.109435	-28.157414	0.444474	-1.234967	-27.916259	0.473849	-1.053750	-28.161146	-0.068317	-1.185707	-28.128254	-0.041586	-1.260552	-27.901716	-0.053990	-0.996301	-27.854148	-0.036069	-1.067438
4537	63.020664	00:01:03:01	-27.955348	1.641470	-1.227610	-27.970475	1.688229	-1.095385	-28.068585	1.645120	-1.160074	-27.990804	1.545053	-1.186447	-27.992799	1.527932	-1.156695	-28.139362	1.541733	-1.266730	-27.859124	1.555580	-1.101524	-28.076751	1.512112	-0.903143	-27.974533	0.766216	-1.602560	-28.009791	1.454951	-0.570962	-28.101103	-0.013369	-2.058713	-28.058256	1.418011	-0.580003	-28.121329	-0.031592	-2.052389	-28.016097	1.460993	-0.564123	-28.108718	-0.055014	-2.099317	-28.163230	0.989022	-1.225131	-28.129241	0.978124	-1.262317	-27.873099	0.959877	-1.050723	-27.850744	0.944656	-1.092807	-28.170723	0.435621	-1.254727	-27.839120	0.426498	-1.062885	-28.225327	-0.052517	-1.231306	-28.132955	-0.062974	-1.252440	-27.903514	-0.070007	-1.039977	-27.828734	-0.077304	-1.086684
4538	63.034557	00:01:03:02	-27.966794	1.635237	-1.217499	-27.993655	1.651424	-1.091161	-28.069035	1.651776	-1.169530	-28.001916	1.515479	-1.167844	-28.017153	1.513126	-1.134716	-28.121465	1.529219	-1.238234	-27.884609	1.541560	-1.116217	-28.061944	1.497242	-0.890763	-27.974225	0.778154	-1.562993	-28.039557	1.428572	-0.550578	-28.099475	-0.018877	-2.076201	-28.045500	1.403327	-0.544550	-28.063074	-0.062056	-2.051408	-28.039813	1.430148	-0.559815	-28.097361	-0.047062	-2.021851	-28.192245	0.969086	-1.240788	-28.132395	0.949378	-1.252685	-27.881892	0.975136	-1.066475	-27.834731	0.977619	-1.069653	-28.148869	0.451617	-1.209637	-27.862836	0.443847	-1.064230	-28.202219	-0.066886	-1.196719	-28.143765	-0.060100	-1.280869	-27.863673	-0.064374	-1.042163	-27.842981	-0.045778	-1.073843
4539	63.048451	00:01:03:03	-27.952087	1.680923	-1.237680	-27.974924	1.662320	-1.077025	-28.089651	1.676950	-1.204233	-28.010580	1.560039	-1.185181	-28.034116	1.551944	-1.130087	-28.090857	1.571656	-1.244231	-27.867152	1.561461	-1.069665	-28.066000	1.495315	-0.893540	-27.992376	0.777739	-1.586667	-28.041275	1.438541	-0.561504	-28.119620	-0.055821	-2.081071	-28.038145	1.455819	-0.532642	-28.056936	-0.045166	-2.083781	-28.018402	1.416017	-0.550435	-28.110596	-0.045524	-2.043390	-28.175103	0.990609	-1.238264	-28.139320	0.947965	-1.293656	-27.883772	0.979744	-1.073037	-27.810451	0.976694	-1.096323	-28.154168	0.438041	-1.239408	-27.872312	0.455816	-1.035617	-28.210600	-0.072258	-1.192293	-28.147957	-0.061006	-1.252477	-27.859340	-0.038754	-1.046454	-27.864081	-0.081203	-1.080198
4540	63.062344	00:01:03:04	-27.965001	1.649020	-1.247911	-27.990923	1.651984	-1.105874	-28.072013	1.646568	-1.191474	-27.988361	1.535441	-1.127012	-27.998659	1.558298	-1.139604	-28.123469	1.534388	-1.257091	-27.851973	1.552465	-1.072816	-28.076986	1.483122	-0.895388	-28.012154	0.763178	-1.574178	-28.039460	1.424897	-0.557192	-28.102765	-0.068328	-2.057182	-28.020544	1.461482	-0.556553	-28.110740	-0.039128	-2.093652	-28.047431	1.426753	-0.542222	-28.097721	-0.017165	-2.095065	-28.163780	0.979782	-1.227547	-28.138797	0.961932	-1.296042	-27.847564	0.975135	-1.024505	-27.872010	0.957607	-1.096997	-28.168492	0.483186	-1.267365	-27.863830	0.470441	-1.080208	-28.198827	-0.082083	-1.196136	-28.155337	-0.069985	-1.245663	-27.843661	-0.056221	-1.035245	-27.833630	-0.080513	-1.091709
4541	63.076238	00:01:03:05	-27.971624	1.648462	-1.204609	-28.010066	1.672103	-1.098038	-28.102865	1.649706	-1.164823	-27.984580	1.552294	-1.168802	-28.000578	1.540062	-1.131617	-28.133174	1.550642	-1.263918	-27.882914	1.519277	-1.077572	-28.082369	1.486169	-0.920139	-27.982307	0.773315	-1.578467	-28.013454	1.451811	-0.548689	-28.072615	-0.052114	-2.044659	-28.047123	1.446762	-0.582481	-28.075065	-0.061518	-2.074774	-28.042574	1.443143	-0.547279	-28.100815	-0.070973	-2.059572	-28.174588	0.966633	-1.218098	-28.122214	0.946227	-1.243639	-27.877687	0.964340	-1.027375	-27.845445	0.949060	-1.070891	-28.146923	0.458884	-1.251635	-27.852567	0.432817	-1.061070	-28.171535	-0.038783	-1.223886	-28.136864	-0.038056	-1.256228	-27.886725	-0.051252	-0.998046	-27.830068	-0.047216	-1.049222
4542	63.090131	00:01:03:06	-27.964428	1.651236	-1.264979	-27.982781	1.638527	-1.114193	-28.089917	1.670182	-1.158123	-27.975010	1.515718	-1.167883	-27.986002	1.548112	-1.112792	-28.165861	1.547237	-1.245095	-27.894511	1.598437	-1.100584	-28.089529	1.480806	-0.923714	-28.003774	0.747425	-1.573425	-28.021116	1.429711	-0.575696	-28.101973	-0.042557	-2.081796	-28.045612	1.425041	-0.578625	-28.081753	0.001506	-2.071122	-28.048966	1.454840	-0.581362	-28.082706	-0.030973	-2.056328	-28.154560	0.973188	-1.202286	-28.137565	0.976219	-1.269321	-27.856649	0.968483	-1.047702	-27.875192	0.982870	-1.075100	-28.160309	0.468321	-1.244637	-27.867632	0.454339	-1.038319	-28.175856	-0.070624	-1.210847	-28.153296	-0.090817	-1.285289	-27.888412	-0.076867	-0.983472	-27.857904	-0.043661	-1.071996
4543	63.104025	00:01:03:07	-27.971089	1.657046	-1.240334	-27.983059	1.706891	-1.104820	-28.083147	1.641839	-1.177607	-28.013334	1.587068	-1.166239	-27.997603	1.535213	-1.149263	-28.141676	1.528334	-1.275860	-27.882728	1.533502	-1.097142	-28.050469	1.480100	-0.911017	-27.986854	0.774125	-1.572488	-28.074494	1.444426	-0.581068	-28.066799	-0.018344	-2.070098	-28.027872	1.451270	-0.558130	-28.081747	-0.038007	-2.086381	-28.043989	1.421959	-0.552192	-28.101516	-0.033076	-2.046010	-28.182531	0.974612	-1.274639	-28.122786	0.996255	-1.272399	-27.883837	0.974175	-1.036728	-27.865042	0.956365	-1.100528	-28.211627	0.462539	-1.214952	-27.842250	0.436060	-1.051107	-28.211687	-0.059961	-1.208349	-28.131536	-0.057457	-1.269543	-27.865208	-0.061104	-1.062741	-27.824796	-0.099853	-1.082183
4544	63.117918	00:01:03:08	-27.975228	1.666372	-1.246591	-27.989866	1.662217	-1.101243	-28.086833	1.648766	-1.154444	-27.994341	1.532713	-1.172353	-27.981532	1.558940	-1.152496	-28.121324	1.556422	-1.243410	-27.870142	1.560684	-1.115863	-28.074924	1.491828	-0.902973	-27.965877	0.766159	-1.578481	-28.055901	1.425209	-0.591110	-28.094961	-0.072681	-2.086034	-28.052016	1.406130	-0.556353	-28.103443	-0.073447	-2.056398	-28.018010	1.434807	-0.569324	-28.086398	-0.045561	-2.060986	-28.170339	0.963548	-1.203920	-28.162894	0.986652	-1.269369	-27.883850	0.983736	-1.041806	-27.856356	0.967593	-1.096332	-28.153433	0.458236	-1.264227	-27.862017	0.478956	-1.046325	-28.179865	-0.042659	-1.180461	-28.152980	-0.056760	-1.270448	-27.888359	-0.117578	-1.027497	-27.815345	-0.035203	-1.089621
4545	63.131811	00:01:03:09	-27.932612	1.633155	-1.216833	-27.989141	1.656448	-1.083947	-28.054127	1.652069	-1.151246	-27.997901	1.512758	-1.181990	-28.011132	1.506605	-1.138803	-28.116736	1.533816	-1.239245	-27.863217	1.558990	-1.110797	-28.103288	1.485216	-0.922907	-27.992369	0.747451	-1.579075	-28.025108	1.429735	-0.556556	-28.080971	-0.014621	-2.050423	-28.018703	1.417921	-0.593954	-28.076380	-0.042132	-2.080036	-28.037978	1.436297	-0.524664	-28.116514	-0.076635	-2.090188	-28.189821	0.945214	-1.256529	-28.106024	0.970614	-1.262874	-27.880886	0.946175	-1.036732	-27.864193	0.951003	-1.066178	-28.152304	0.452814	-1.244194	-27.868186	0.488061	-1.063360	-28.157653	-0.026379	-1.181743	-28.135548	-0.061338	-1.255801	-27.872585	-0.073317	-1.026283	-27.829319	-0.048374	-1.079530
4546	63.145705	00:01:03:10	-27.972817	1.652024	-1.220584	-27.977803	1.659432	-1.103385	-28.069403	1.664144	-1.140914	-28.026701	1.517897	-1.159895	-28.013903	1.550395	-1.107328	-28.161485	1.543735	-1.243754	-27.854427	1.554681	-1.077984	-28.057347	1.504112	-0.885899	-27.959011	0.757849	-1.580954	-28.015971	1.418586	-0.578293	-28.078636	-0.070071	-2.076217	-28.037424	1.424854	-0.556381	-28.072808	-0.081932	-2.067393	-28.035438	1.456438	-0.583847	-28.084370	-0.041668	-2.087694	-28.158615	0.965546	-1.225799	-28.136074	0.989710	-1.277767	-27.880378	0.971248	-1.043533	-27.811759	1.004078	-1.084367	-28.160756	0.456259	-1.243336	-27.861663	0.436894	-1.092255	-28.158641	-0.073513	-1.225769	-28.147493	-0.042775	-1.290268	-27.880366	-0.079817	-1.019220	-27.838252	-0.062670	-1.052571
4547	63.159598	00:01:03:11	-27.979099	1.644874	-1.245720	-27.993194	1.666084	-1.094090	-28.082609	1.650589	-1.171077	-27.991970	1.548605	-1.171237	-28.028936	1.573278	-1.135664	-28.141843	1.557194	-1.248487	-27.890512	1.529674	-1.063716	-28.091087	1.473353	-0.908295	-28.003375	0.746445	-1.582574	-28.017014	1.456994	-0.544141	-28.091524	-0.033853	-2.050962	-28.025615	1.466307	-0.558425	-28.108988	-0.042368	-2.064286	-28.055177	1.446580	-0.537671	-28.088925	-0.027756	-2.045803	-28.169876	0.984991	-1.196544	-28.091531	0.957945	-1.267060	-27.868564	0.944340	-1.032830	-27.843545	0.949328	-1.109895	-28.166541	0.448165	-1.263465	-27.870203	0.480589	-1.032453	-28.167454	-0.064714	-1.228377	-28.133011	-0.077286	-1.247311	-27.861393	-0.051623	-1.011523	-27.836120	-0.056497	-1.059354
4548	63.173492	00:01:03:12	-27.934443	1.662697	-1.228390	-27.964543	1.651682	-1.119391	-28.070820	1.675905	-1.154494	-27.964550	1.559148	-1.169315	-28.041323	1.553666	-1.160625	-28.138034	1.553042	-1.227825	-27.884968	1.510423	-1.071300	-28.073341	1.452701	-0.913735	-27.983226	0.710072	-1.567819	-28.051992	1.423287	-0.533155	-28.116290	-0.033508	-2.057286	-28.014746	1.427281	-0.546836	-28.099608	-0.017447	-2.041169	-28.028882	1.460322	-0.547462	-28.086877	-0.057830	-2.041841	-28.188797	0.980084	-1.240972	-28.136182	0.967256	-1.295255	-27.863540	0.960204	-1.035756	-27.855543	0.934656	-1.111405	-28.159986	0.463352	-1.253758	-27.843400	0.435398	-1.056195	-28.151296	-0.026011	-1.203034	-28.136653	-0.068847	-1.260161	-27.878681	-0.035706	-1.020884	-27.839210	-0.067267	-1.078401
4549	63.187385	00:01:03:13	-27.957559	1.642156	-1.240781	-27.971316	1.630084	-1.109606	-28.104415	1.668436	-1.150515	-28.021829	1.522232	-1.168759	-28.017045	1.558292	-1.134465	-28.100451	1.538210	-1.277232	-27.874242	1.549650	-1.085361	-28.066467	1.451105	-0.938765	-27.997346	0.737853	-1.567049	-28.003482	1.425857	-0.552745	-28.114553	-0.049905	-2.057562	-28.025411	1.416136	-0.559766	-28.086034	-0.063421	-2.076894	-28.030711	1.416480	-0.554914	-28.068797	-0.037045	-2.071283	-28.174593	0.970239	-1.220910	-28.136989	0.952435	-1.272782	-27.831150	0.954785	-1.038107	-27.857219	0.949987	-1.054633	-28.143531	0.459636	-1.221796	-27.848383	0.435747	-1.046010	-28.160930	-0.027633	-1.187240	-28.162697	-0.053122	-1.238429	-27.865414	-0.058582	-1.000633	-27.845741	-0.039618	-1.064164
4550	63.201279	00:01:03:14	-27.959619	1.620644	-1.241961	-28.001800	1.664669	-1.106408	-28.067665	1.679044	-1.146538	-28.022592	1.576245	-1.189274	-28.050197	1.541420	-1.111101	-28.147032	1.542002	-1.258118	-27.910837	1.572760	-1.038301	-28.064182	1.481661	-0.895130	-27.970719	0.734714	-1.554648	-28.028320	1.449562	-0.544890	-28.104553	-0.027355	-2.049707	-28.004751	1.429527	-0.558694	-28.094249	-0.044372	-2.098321	-28.045066	1.436206	-0.564206	-28.104691	-0.007553	-2.095291	-28.190773	0.981018	-1.200348	-28.158832	0.952146	-1.288962	-27.861340	0.968525	-1.069785	-27.817403	0.960177	-1.107846	-28.198123	0.472501	-1.235674	-27.856199	0.455766	-1.021554	-28.201488	-0.052022	-1.223384	-28.146176	-0.070757	-1.257982	-27.855216	-0.049229	-0.982145	-27.821657	-0.086287	-1.072398
4551	63.215172	00:01:03:15	-27.987402	1.625942	-1.231151	-28.000592	1.683947	-1.078727	-28.073609	1.649697	-1.130365	-28.004448	1.551070	-1.168671	-27.994039	1.518778	-1.142064	-28.107174	1.554589	-1.270781	-27.861850	1.508029	-1.097161	-28.064436	1.481355	-0.865643	-27.980842	0.724864	-1.600802	-28.006279	1.435703	-0.573634	-28.101690	-0.027237	-2.057354	-28.023788	1.428697	-0.559931	-28.105626	-0.041829	-2.054931	-28.029029	1.425134	-0.538018	-28.099779	-0.054732	-2.062241	-28.163518	0.976721	-1.239263	-28.124757	0.960604	-1.278279	-27.872488	0.980262	-1.058868	-27.810905	0.932530	-1.101292	-28.195611	0.472972	-1.266712	-27.860846	0.466883	-1.067050	-28.188290	-0.019433	-1.225756	-28.131471	-0.089605	-1.242324	-27.865088	-0.044875	-1.038792	-27.889278	-0.050778	-1.060324
4552	63.229066	00:01:03:16	-27.945085	1.681662	-1.245269	-27.985506	1.662724	-1.075648	-28.093142	1.666942	-1.147578	-27.982780	1.539898	-1.148516	-28.022294	1.569206	-1.151588	-28.181409	1.558743	-1.261102	-27.894284	1.553162	-1.077821	-28.072770	1.493321	-0.937945	-27.955033	0.737987	-1.564877	-28.000610	1.454223	-0.556737	-28.106113	-0.035696	-2.060103	-28.022129	1.436512	-0.541485	-28.105365	-0.038975	-2.036052	-28.024838	1.432355	-0.543116	-28.074627	-0.077866	-2.041650	-28.192074	0.912543	-1.253800	-28.127090	0.960061	-1.243741	-27.881652	0.994949	-1.019429	-27.822087	0.958769	-1.089647	-28.168602	0.436100	-1.259386	-27.858286	0.447702	-1.049902	-28.187003	-0.080415	-1.206409	-28.143281	-0.077533	-1.220872	-27.891418	-0.050931	-1.004741	-27.841578	-0.034860	-1.060868
4553	63.242959	00:01:03:17	-27.974432	1.637880	-1.216816	-27.962176	1.644206	-1.096590	-28.088545	1.684722	-1.154297	-27.999242	1.563876	-1.191597	-27.987068	1.517587	-1.129009	-28.129310	1.523908	-1.278971	-27.849759	1.556396	-1.099770	-28.049510	1.515727	-0.901840	-27.924962	0.738808	-1.540805	-28.027299	1.471070	-0.589709	-28.126425	-0.062787	-2.017947	-27.992446	1.439979	-0.603866	-28.119629	-0.083134	-2.053870	-28.040769	1.433483	-0.546186	-28.097983	-0.042588	-2.040690	-28.155662	0.991980	-1.241942	-28.148706	0.985650	-1.282238	-27.887920	0.935002	-1.031367	-27.861339	0.918859	-1.059597	-28.140842	0.427131	-1.252443	-27.869574	0.445736	-1.078258	-28.167953	-0.000033	-1.227453	-28.132623	-0.054893	-1.248921	-27.874834	-0.043771	-1.043507	-27.836019	-0.077877	-1.081488
4554	63.256852	00:01:03:18	-27.956937	1.648012	-1.221883	-27.987694	1.685695	-1.084370	-28.079149	1.639817	-1.161247	-27.994872	1.549314	-1.149406	-28.035487	1.550165	-1.106033	-28.129674	1.521636	-1.249462	-27.843818	1.543334	-1.099428	-28.076120	1.503194	-0.891954	-28.004844	0.741452	-1.561027	-28.014239	1.433645	-0.571684	-28.111203	-0.075051	-2.029632	-28.050407	1.444663	-0.567538	-28.076303	-0.025711	-2.052627	-27.999079	1.449269	-0.571716	-28.080358	-0.048946	-2.094907	-28.185117	0.958293	-1.210897	-28.144676	0.958540	-1.281230	-27.862739	0.987452	-1.034606	-27.837034	0.957224	-1.094013	-28.199214	0.486548	-1.187566	-27.869746	0.455206	-1.023460	-28.167570	-0.037161	-1.198016	-28.106607	-0.065267	-1.240182	-27.877823	-0.045291	-1.076533	-27.833602	-0.051640	-1.074807
4555	63.270746	00:01:03:19	-27.954066	1.659233	-1.226656	-27.962106	1.668677	-1.097929	-28.101258	1.650157	-1.154881	-27.996626	1.505007	-1.157184	-28.006828	1.578690	-1.126286	-28.128044	1.510515	-1.241950	-27.878568	1.536146	-1.107357	-28.066898	1.478367	-0.895935	-27.981911	0.753064	-1.597960	-28.069631	1.423701	-0.576457	-28.084317	-0.074980	-2.084229	-28.043364	1.439724	-0.544512	-28.114609	-0.074907	-2.063886	-28.030713	1.450364	-0.558642	-28.087985	-0.039988	-2.079939	-28.193893	0.964966	-1.194658	-28.162105	0.964905	-1.310915	-27.880828	0.964285	-1.047211	-27.806220	0.967625	-1.088998	-28.164282	0.463905	-1.250712	-27.837629	0.474397	-1.046202	-28.150755	-0.043621	-1.202166	-28.135358	-0.092988	-1.286334	-27.874524	-0.065285	-1.025258	-27.839508	-0.068488	-1.095882
4556	63.284639	00:01:03:20	-27.985702	1.662258	-1.230839	-27.984266	1.679563	-1.107735	-28.092516	1.663685	-1.165051	-27.992245	1.564336	-1.188723	-28.029574	1.557099	-1.139859	-28.095060	1.546310	-1.249088	-27.856628	1.522313	-1.086163	-28.048099	1.510100	-0.901444	-28.009438	0.755689	-1.546935	-28.063257	1.433172	-0.545773	-28.101134	-0.043367	-2.072132	-28.019072	1.427887	-0.575029	-28.091623	-0.041171	-2.098463	-28.026622	1.436251	-0.517883	-28.076303	-0.033815	-2.083132	-28.146421	0.962833	-1.239993	-28.135358	0.965265	-1.254301	-27.852092	0.980510	-1.067388	-27.823272	0.955313	-1.070092	-28.151693	0.460320	-1.250995	-27.846335	0.461185	-1.037963	-28.185055	-0.051695	-1.236025	-28.127483	-0.045418	-1.239548	-27.850712	-0.046846	-1.023092	-27.836311	-0.049238	-1.069268
4557	63.298533	00:01:03:21	-27.983287	1.642758	-1.221843	-27.985317	1.666099	-1.109963	-28.082674	1.644148	-1.146077	-27.989685	1.513116	-1.189633	-28.025087	1.544058	-1.154111	-28.127028	1.559302	-1.231877	-27.854271	1.569997	-1.075812	-28.062988	1.478622	-0.890011	-27.984528	0.753175	-1.539770	-28.062554	1.427225	-0.551745	-28.095414	-0.021920	-2.077090	-28.048574	1.450942	-0.555267	-28.107187	-0.045627	-2.077615	-28.038710	1.449499	-0.516735	-28.070372	-0.036963	-2.063465	-28.163809	0.981355	-1.226243	-28.155511	0.936104	-1.275121	-27.888703	0.978346	-1.004605	-27.861354	0.975439	-1.109969	-28.144403	0.461571	-1.250202	-27.870498	0.471011	-1.071296	-28.194023	-0.047880	-1.212086	-28.140437	-0.057387	-1.265130	-27.871252	-0.062277	-0.999117	-27.806435	-0.069974	-1.055728
4558	63.312426	00:01:03:22	-27.966795	1.644154	-1.239282	-27.981883	1.636845	-1.123734	-28.080687	1.712068	-1.169390	-27.993956	1.511226	-1.158849	-28.023574	1.524179	-1.143101	-28.119962	1.550732	-1.260483	-27.861987	1.525885	-1.126756	-28.059810	1.492999	-0.922511	-27.971395	0.745543	-1.595129	-28.033567	1.427662	-0.550003	-28.065573	-0.053036	-2.063485	-28.047916	1.428456	-0.544842	-28.092361	-0.038224	-2.065366	-28.026730	1.410401	-0.552907	-28.107277	-0.007956	-2.048795	-28.173916	0.969982	-1.214163	-28.155112	0.969423	-1.283474	-27.886158	0.989426	-1.062514	-27.844906	1.007893	-1.075622	-28.169913	0.452864	-1.256410	-27.862507	0.453344	-1.054645	-28.165000	-0.057241	-1.192554	-28.163833	-0.089884	-1.266564	-27.910446	-0.042867	-1.000908	-27.828086	-0.059153	-1.059637
4559	63.326320	00:01:03:23	-27.975111	1.662109	-1.225351	-27.967847	1.646988	-1.094457	-28.090841	1.681876	-1.170977	-27.996830	1.556554	-1.182434	-28.017505	1.546740	-1.162624	-28.125397	1.525516	-1.251094	-27.859454	1.509909	-1.085425	-28.054701	1.504641	-0.898360	-27.965630	0.730600	-1.574396	-28.019066	1.461413	-0.555268	-28.083815	-0.033082	-2.047980	-28.023744	1.435744	-0.577200	-28.059416	-0.018455	-2.045713	-28.011938	1.445262	-0.570002	-28.093024	-0.049476	-2.089327	-28.174181	0.996017	-1.285312	-28.162774	0.954235	-1.254529	-27.875513	0.977541	-1.024826	-27.864642	0.967484	-1.074675	-28.155521	0.447462	-1.256638	-27.898629	0.454804	-1.061116	-28.136280	-0.027721	-1.229252	-28.136903	-0.075797	-1.256477	-27.854816	-0.012983	-1.015638	-27.821067	-0.055290	-1.058858
4560	63.340213	00:01:03:24	-27.933879	1.651463	-1.229584	-27.981473	1.684651	-1.112005	-28.071951	1.642740	-1.142470	-27.995017	1.559299	-1.174463	-28.020830	1.553439	-1.154243	-28.129519	1.547238	-1.239547	-27.880536	1.538488	-1.086933	-28.059606	1.473243	-0.902895	-28.015981	0.794295	-1.569339	-28.009508	1.438661	-0.574587	-28.091038	-0.041046	-2.049291	-28.034135	1.454337	-0.592301	-28.135443	-0.048383	-2.085499	-28.034840	1.446013	-0.566561	-28.117933	-0.035954	-2.075544	-28.185795	0.950572	-1.204734	-28.139629	0.960780	-1.288475	-27.896537	0.963932	-1.021706	-27.851517	0.964662	-1.102940	-28.126228	0.421897	-1.260303	-27.853967	0.445064	-1.053359	-28.186627	-0.039332	-1.204818	-28.146412	-0.049061	-1.253330	-27.853000	-0.061402	-1.007497	-27.830188	-0.072360	-1.051977
4561	63.354107	00:01:03:25	-27.969972	1.615776	-1.230005	-27.980670	1.666432	-1.095902	-28.061959	1.681433	-1.142480	-27.999448	1.536650	-1.181823	-28.009468	1.565499	-1.140739	-28.147472	1.515033	-1.225873	-27.889219	1.559474	-1.105025	-28.086501	1.477689	-0.917039	-27.994528	0.732488	-1.573717	-28.035992	1.459315	-0.569314	-28.100309	-0.031493	-2.036697	-28.044179	1.415784	-0.549727	-28.084734	-0.015812	-2.073639	-28.058954	1.447857	-0.572044	-28.110343	-0.062819	-2.031901	-28.191743	0.939060	-1.235758	-28.150065	0.942454	-1.296078	-27.887857	0.964478	-1.052771	-27.839340	0.974493	-1.072787	-28.164362	0.429626	-1.239460	-27.854659	0.448341	-1.065923	-28.158263	-0.029009	-1.215188	-28.176231	-0.041903	-1.228973	-27.877680	-0.077727	-0.983988	-27.838128	-0.067373	-1.053891
4562	63.368000	00:01:03:26	-27.959516	1.630153	-1.200939	-27.959667	1.656733	-1.124820	-28.098878	1.667550	-1.183893	-28.022675	1.534822	-1.131416	-27.990711	1.582137	-1.152183	-28.129565	1.583306	-1.233011	-27.882263	1.526381	-1.114472	-28.090456	1.465089	-0.910890	-27.993940	0.750697	-1.595311	-28.016206	1.431805	-0.518546	-28.080798	-0.026085	-2.073003	-28.064600	1.443240	-0.506884	-28.104504	-0.032308	-2.056445	-28.030153	1.450487	-0.524874	-28.089594	0.004140	-2.060917	-28.169105	0.989706	-1.238649	-28.140957	0.928734	-1.259187	-27.878306	0.958817	-1.045162	-27.880024	0.962247	-1.105707	-28.150158	0.493219	-1.211496	-27.857406	0.453553	-1.053570	-28.211521	-0.055294	-1.228099	-28.125700	-0.040232	-1.277033	-27.850905	-0.060187	-1.012163	-27.817042	-0.062688	-1.060526
4563	63.381893	00:01:03:27	-27.964088	1.633544	-1.220947	-27.989861	1.654185	-1.123816	-28.060250	1.636580	-1.138648	-27.986956	1.536818	-1.195577	-28.014197	1.543313	-1.138115	-28.091395	1.554632	-1.278204	-27.872086	1.522530	-1.085384	-28.068676	1.489995	-0.893340	-27.991332	0.742327	-1.582374	-28.031853	1.431220	-0.553302	-28.093819	-0.028507	-2.054062	-28.042848	1.440934	-0.542650	-28.106095	-0.024414	-2.058081	-28.024795	1.441849	-0.548983	-28.085888	-0.041951	-2.065425	-28.186210	0.963953	-1.221230	-28.153730	0.963118	-1.271455	-27.879064	0.980624	-1.003757	-27.827628	0.945660	-1.097171	-28.187826	0.442501	-1.234393	-27.849348	0.471113	-1.034203	-28.169293	-0.044917	-1.217399	-28.143719	-0.060164	-1.255556	-27.869771	-0.053831	-1.031632	-27.842004	-0.069376	-1.056438
4564	63.395787	00:01:03:28	-27.953140	1.624522	-1.240478	-28.001843	1.665396	-1.126516	-28.069272	1.665437	-1.148403	-27.959338	1.564307	-1.172326	-28.006737	1.549964	-1.143476	-28.117752	1.549343	-1.231284	-27.867247	1.533374	-1.083509	-28.096807	1.481237	-0.894073	-27.986420	0.744745	-1.571362	-28.026909	1.455042	-0.538644	-28.124151	-0.056388	-2.053744	-28.056213	1.443797	-0.503015	-28.107191	-0.035268	-2.057739	-28.022888	1.430036	-0.565844	-28.065087	-0.052600	-2.076185	-28.147058	0.968646	-1.196525	-28.137085	0.976784	-1.285732	-27.879719	0.974096	-1.024904	-27.849586	0.941175	-1.073062	-28.133850	0.465091	-1.247295	-27.845053	0.456442	-1.089915	-28.191827	-0.095606	-1.237341	-28.129213	-0.072715	-1.243966	-27.859027	-0.063322	-1.004782	-27.856012	-0.060960	-1.067501
4565	63.409680	00:01:03:29	-27.960397	1.636001	-1.226556	-27.971241	1.688901	-1.076799	-28.089523	1.662189	-1.134681	-28.028279	1.531792	-1.189870	-28.033042	1.542588	-1.152868	-28.111790	1.537208	-1.269421	-27.911531	1.554864	-1.093741	-28.080802	1.466198	-0.903731	-27.962769	0.700456	-1.561503	-28.049955	1.442853	-0.587288	-28.102030	-0.031313	-2.021421	-28.049773	1.415900	-0.544060	-28.089009	-0.038608	-2.103393	-28.055668	1.449482	-0.535211	-28.099576	-0.031335	-2.057101	-28.202068	0.963302	-1.250767	-28.132314	0.946765	-1.272664	-27.876121	0.985173	-1.034176	-27.855791	0.968809	-1.114995	-28.144348	0.471191	-1.216516	-27.865841	0.467603	-1.081183	-28.157549	-0.041442	-1.212156	-28.120352	-0.060347	-1.266645	-27.871184	-0.061039	-1.014248	-27.837536	-0.074610	-1.074939
4566	63.423574	00:01:03:30	-27.982078	1.619368	-1.217052	-27.978565	1.696139	-1.095081	-28.080741	1.632114	-1.178766	-28.008538	1.549915	-1.162538	-28.034325	1.546191	-1.110766	-28.125596	1.521676	-1.297030	-27.894438	1.537018	-1.126860	-28.111691	1.497869	-0.923996	-27.999449	0.774380	-1.600718	-28.034926	1.389175	-0.538176	-28.120065	-0.052684	-2.062104	-28.056710	1.433330	-0.592510	-28.095759	-0.047772	-2.066292	-28.010119	1.446721	-0.554372	-28.086773	-0.064066	-2.059973	-28.182886	0.965363	-1.228699	-28.138921	0.940346	-1.249741	-27.871779	1.004151	-1.039472	-27.827584	0.957710	-1.129928	-28.144370	0.433589	-1.270496	-27.832020	0.462397	-1.050925	-28.180159	-0.033657	-1.200202	-28.126717	-0.049949	-1.251985	-27.886652	-0.078983	-1.000768	-27.857323	-0.053066	-1.096282
4567	63.437467	00:01:03:31	-27.961396	1.627305	-1.202705	-28.000324	1.658948	-1.107368	-28.096781	1.688996	-1.130768	-28.039057	1.539310	-1.189671	-28.010670	1.588098	-1.126728	-28.128607	1.570279	-1.238378	-27.892825	1.523453	-1.084751	-28.080537	1.496088	-0.873622	-27.970232	0.735934	-1.560419	-28.030873	1.399041	-0.552125	-28.104446	-0.049670	-2.057462	-28.018776	1.436062	-0.551340	-28.070452	-0.065737	-2.045125	-28.061293	1.425375	-0.556590	-28.093433	-0.052035	-2.086842	-28.170356	0.976408	-1.226576	-28.152475	0.950324	-1.269075	-27.875917	0.991595	-1.045283	-27.855769	0.917932	-1.109472	-28.143836	0.442291	-1.237143	-27.865920	0.441289	-1.071734	-28.190305	-0.043184	-1.200941	-28.139820	-0.055848	-1.283027	-27.871302	-0.036878	-1.013978	-27.831903	-0.067327	-1.088356
4568	63.451361	00:01:03:32	-27.976438	1.657590	-1.234611	-27.993417	1.671651	-1.106611	-28.105860	1.669561	-1.178262	-28.007281	1.523692	-1.189271	-28.029433	1.523629	-1.160594	-28.126274	1.564354	-1.282153	-27.858137	1.549258	-1.089761	-28.101300	1.465967	-0.912512	-27.983588	0.758270	-1.579815	-28.030167	1.428859	-0.535707	-28.076329	-0.027952	-2.061813	-28.053241	1.429695	-0.568897	-28.117571	-0.036305	-2.042928	-28.042542	1.434498	-0.569077	-28.092188	-0.036007	-2.056316	-28.181196	0.966237	-1.238410	-28.120667	0.952693	-1.262511	-27.860864	0.955199	-1.035590	-27.799413	0.959645	-1.089804	-28.146453	0.435277	-1.269930	-27.839590	0.437443	-1.040233	-28.164923	-0.031074	-1.215299	-28.184119	-0.032375	-1.258353	-27.884601	-0.064790	-1.026260	-27.832112	-0.063668	-1.066363
4569	63.465254	00:01:03:33	-27.983995	1.614823	-1.229076	-27.977811	1.702204	-1.078369	-28.075703	1.654067	-1.165920	-28.029002	1.530656	-1.203428	-28.003191	1.577803	-1.113979	-28.138572	1.552453	-1.246578	-27.890080	1.533876	-1.083967	-28.093603	1.487008	-0.910846	-27.942333	0.738470	-1.563444	-28.011829	1.433559	-0.563609	-28.088961	-0.064355	-2.037065	-28.069750	1.435673	-0.570971	-28.109465	-0.055585	-2.063369	-28.048670	1.385511	-0.561096	-28.091590	-0.053649	-2.047251	-28.183280	0.977621	-1.233056	-28.130737	0.979290	-1.293636	-27.885661	1.000115	-1.067744	-27.837001	0.977008	-1.125138	-28.177146	0.461579	-1.258221	-27.868553	0.464869	-1.050607	-28.195672	-0.050481	-1.230159	-28.132936	-0.050565	-1.275702	-27.866096	-0.024114	-1.004835	-27.862951	-0.089736	-1.072171
4570	63.479148	00:01:03:34	-27.935542	1.618878	-1.222487	-27.969237	1.676775	-1.096638	-28.102004	1.686203	-1.128355	-27.956545	1.551703	-1.187802	-28.012925	1.543394	-1.125294	-28.098013	1.511848	-1.251316	-27.897357	1.524026	-1.102729	-28.066656	1.496437	-0.896686	-27.968917	0.785882	-1.579780	-28.031516	1.403123	-0.581961	-28.081286	-0.056963	-2.054364	-28.081448	1.410574	-0.549336	-28.103701	-0.040209	-2.034600	-28.037235	1.414453	-0.566852	-28.096841	-0.086936	-2.035436	-28.200660	0.959576	-1.218848	-28.156820	0.957182	-1.283880	-27.877041	0.992469	-1.022549	-27.840785	0.973753	-1.094463	-28.160696	0.472280	-1.232029	-27.864226	0.479013	-1.061344	-28.209010	-0.072350	-1.186766	-28.135186	-0.047341	-1.277413	-27.870947	-0.052466	-1.028100	-27.831920	-0.049409	-1.066063
4571	63.493041	00:01:03:35	-27.967125	1.595647	-1.207087	-27.975126	1.679992	-1.081284	-28.093643	1.668377	-1.184927	-27.973340	1.542735	-1.177811	-28.040700	1.551383	-1.132021	-28.118130	1.544632	-1.211685	-27.875477	1.539845	-1.106282	-28.090707	1.479389	-0.899433	-28.001321	0.763862	-1.577533	-28.020736	1.434601	-0.562267	-28.099880	-0.077546	-2.060707	-28.023302	1.434330	-0.527775	-28.073675	-0.063847	-2.041254	-28.029666	1.437504	-0.560979	-28.077950	-0.011523	-2.032478	-28.145254	0.982393	-1.202239	-28.134861	0.944178	-1.282561	-27.874271	0.972949	-0.979526	-27.860695	0.954126	-1.094798	-28.161985	0.474236	-1.232432	-27.842208	0.455306	-1.078631	-28.182433	-0.051647	-1.213383	-28.121083	-0.036884	-1.254931	-27.884079	-0.047128	-1.034445	-27.818290	-0.073010	-1.075271
4572	63.506934	00:01:03:36	-27.962416	1.646337	-1.243598	-27.980564	1.654634	-1.079171	-28.092082	1.687361	-1.165390	-28.028080	1.519729	-1.163186	-28.031975	1.531392	-1.158495	-28.112402	1.558023	-1.251321	-27.855831	1.526828	-1.084144	-28.072835	1.463390	-0.886212	-28.004820	0.739731	-1.573721	-27.995220	1.468531	-0.555219	-28.089796	-0.065185	-2.082658	-28.023905	1.430608	-0.577588	-28.068974	-0.021265	-2.060701	-28.046395	1.419524	-0.570178	-28.089587	-0.029022	-2.066812	-28.165451	0.959111	-1.215873	-28.121671	0.966055	-1.308353	-27.857123	0.978035	-1.055108	-27.832319	0.978637	-1.077531	-28.160104	0.460111	-1.228771	-27.897080	0.484731	-1.058214	-28.197416	-0.043589	-1.186694	-28.150861	-0.063962	-1.278777	-27.839402	-0.057811	-1.029378	-27.827584	-0.056348	-1.106488
4573	63.520828	00:01:03:37	-27.921237	1.645386	-1.235925	-27.994469	1.674788	-1.094493	-28.064433	1.656331	-1.144597	-28.009506	1.488499	-1.153697	-27.993315	1.538449	-1.159483	-28.101553	1.552923	-1.264110	-27.858396	1.535202	-1.095152	-28.076060	1.478201	-0.917511	-27.987842	0.730713	-1.592850	-28.067400	1.463929	-0.573257	-28.073391	-0.042006	-2.056834	-28.001470	1.434344	-0.570097	-28.051367	-0.024324	-2.071976	-28.029378	1.419808	-0.527277	-28.092175	-0.035242	-2.077780	-28.171726	0.974050	-1.266916	-28.171275	0.929836	-1.267230	-27.871409	1.003423	-1.029147	-27.854397	0.995152	-1.070736	-28.162535	0.484725	-1.237236	-27.858728	0.451872	-1.077509	-28.174407	-0.046127	-1.244695	-28.122775	-0.056738	-1.252027	-27.902889	-0.084856	-1.026460	-27.836641	-0.057455	-1.031945
4574	63.534721	00:01:03:38	-27.956977	1.648464	-1.233302	-28.022743	1.627772	-1.060133	-28.079649	1.686463	-1.169879	-28.000584	1.559657	-1.168823	-27.997593	1.519135	-1.106244	-28.114116	1.555901	-1.251590	-27.890224	1.561344	-1.084421	-28.077931	1.490266	-0.889327	-27.991234	0.759318	-1.619298	-28.057036	1.439823	-0.543943	-28.105134	-0.030741	-2.055130	-28.026417	1.471655	-0.558952	-28.087234	-0.080930	-2.045410	-28.054735	1.458261	-0.576781	-28.080372	-0.052799	-2.058812	-28.162748	0.961712	-1.223793	-28.145926	0.975481	-1.254853	-27.886472	0.938065	-1.053984	-27.854983	0.945429	-1.094735	-28.158992	0.432544	-1.251406	-27.831131	0.459976	-1.029932	-28.168205	-0.055978	-1.227166	-28.145382	-0.061549	-1.231552	-27.871844	-0.030905	-1.002028	-27.856392	-0.066492	-1.059483
4575	63.548615	00:01:03:39	-27.947718	1.649721	-1.257185	-27.992096	1.659449	-1.085604	-28.078275	1.640296	-1.162299	-27.982890	1.515448	-1.172322	-28.042555	1.542802	-1.114601	-28.134679	1.531737	-1.302103	-27.881440	1.547297	-1.097713	-28.062320	1.487286	-0.918073	-27.964575	0.748010	-1.581277	-28.036638	1.435458	-0.551981	-28.075156	-0.046465	-2.072956	-28.045296	1.455531	-0.538159	-28.083313	-0.082165	-2.041017	-28.054077	1.419791	-0.548412	-28.085051	-0.077170	-2.037351	-28.194114	0.971301	-1.220094	-28.148498	0.954269	-1.257866	-27.876322	0.984983	-1.032883	-27.837899	0.955257	-1.073360	-28.176938	0.447492	-1.275510	-27.876114	0.444648	-1.055912	-28.156798	-0.068466	-1.168961	-28.142207	-0.085377	-1.251249	-27.897527	-0.051941	-1.024036	-27.846749	-0.088242	-1.063519
4576	63.562508	00:01:03:40	-27.957240	1.631535	-1.223227	-27.987967	1.654158	-1.109268	-28.106594	1.630385	-1.138216	-27.990098	1.537540	-1.164715	-27.979258	1.535234	-1.110968	-28.147358	1.534026	-1.296466	-27.846475	1.519056	-1.090951	-28.076888	1.485776	-0.889944	-27.981102	0.707274	-1.555773	-28.041190	1.449488	-0.512685	-28.109694	-0.039433	-2.098484	-28.016839	1.426211	-0.547453	-28.081639	-0.057723	-2.051611	-28.036007	1.466122	-0.582337	-28.130597	-0.039232	-2.051508	-28.172329	0.938261	-1.238205	-28.140901	0.963886	-1.286385	-27.864712	0.967095	-1.043061	-27.851080	0.972150	-1.077193	-28.146939	0.440258	-1.211167	-27.847009	0.445639	-1.055923	-28.140529	-0.068132	-1.203348	-28.176039	-0.059128	-1.262042	-27.918088	-0.042583	-1.028295	-27.853171	-0.032069	-1.039973
4577	63.576402	00:01:03:41	-27.962383	1.655902	-1.238964	-27.985912	1.658922	-1.072039	-28.090063	1.667810	-1.175626	-28.004299	1.551969	-1.154703	-28.013678	1.572447	-1.108610	-28.146768	1.531282	-1.256182	-27.895682	1.517068	-1.131231	-28.115691	1.500678	-0.916306	-27.966661	0.727549	-1.593911	-27.997937	1.426348	-0.566928	-28.113629	-0.047831	-2.076061	-28.038015	1.453738	-0.570110	-28.081234	-0.052325	-2.060957	-28.060359	1.430123	-0.515643	-28.081944	-0.038777	-2.075604	-28.190017	0.979826	-1.239667	-28.135089	0.967260	-1.278166	-27.891974	0.966913	-1.059352	-27.838305	0.966023	-1.103078	-28.190630	0.466951	-1.254049	-27.875823	0.468123	-1.069587	-28.144797	-0.044655	-1.194569	-28.155962	-0.069228	-1.244840	-27.847884	-0.040736	-1.044653	-27.864823	-0.051504	-1.068199
4578	63.590295	00:01:03:42	-27.953890	1.655318	-1.248321	-27.976208	1.670082	-1.107252	-28.087627	1.678728	-1.151619	-27.991608	1.555340	-1.163173	-28.034853	1.550003	-1.109397	-28.107271	1.558706	-1.251166	-27.859984	1.533636	-1.088696	-28.030826	1.502533	-0.881516	-27.982187	0.753204	-1.566470	-28.033715	1.427660	-0.547026	-28.073404	-0.040787	-2.040684	-28.024602	1.434935	-0.565605	-28.110703	-0.034075	-2.068394	-28.041999	1.424932	-0.573450	-28.085234	-0.068438	-2.073031	-28.163538	0.975245	-1.216481	-28.164688	0.946916	-1.306572	-27.882664	0.977970	-1.036538	-27.841149	0.941077	-1.083981	-28.149592	0.432182	-1.244304	-27.869870	0.439738	-1.083095	-28.174049	-0.043115	-1.207555	-28.177223	-0.056179	-1.263353	-27.884462	-0.053672	-1.017501	-27.862801	-0.058115	-1.054808
4579	63.604189	00:01:03:43	-27.955854	1.657651	-1.234187	-27.989571	1.646265	-1.086453	-28.061473	1.674418	-1.181222	-27.991905	1.534335	-1.175458	-28.036087	1.577511	-1.148428	-28.125606	1.528805	-1.279369	-27.844090	1.526354	-1.090473	-28.058440	1.484073	-0.906105	-27.984088	0.729696	-1.595250	-28.038633	1.431613	-0.530135	-28.093764	-0.048480	-2.050384	-28.051071	1.438189	-0.556636	-28.058226	-0.062508	-2.043949	-28.040303	1.448022	-0.556661	-28.091901	-0.030839	-2.038989	-28.186974	0.975841	-1.222509	-28.144249	0.974015	-1.280630	-27.890407	0.981424	-1.040592	-27.836730	0.964705	-1.099963	-28.165377	0.478772	-1.268348	-27.856419	0.436830	-1.057596	-28.175556	-0.058501	-1.211681	-28.179512	-0.053047	-1.291148	-27.907255	-0.062173	-1.019396	-27.834097	-0.072505	-1.094644
4580	63.618082	00:01:03:44	-27.933686	1.629331	-1.237020	-27.986315	1.683759	-1.067038	-28.081710	1.682962	-1.153568	-28.019857	1.551252	-1.170413	-28.010093	1.554664	-1.142303	-28.155583	1.533721	-1.249287	-27.860937	1.556972	-1.091773	-28.068387	1.509867	-0.915829	-27.977470	0.756715	-1.546209	-28.014029	1.472932	-0.567964	-28.072900	-0.055452	-2.090665	-28.015444	1.433211	-0.530794	-28.097707	-0.038924	-2.036132	-28.015516	1.453633	-0.528307	-28.121399	-0.046412	-2.071841	-28.201045	0.972348	-1.224852	-28.139352	0.940440	-1.266995	-27.870900	1.000794	-1.049565	-27.831095	0.944590	-1.093584	-28.160668	0.452193	-1.228414	-27.867695	0.456110	-1.080485	-28.198852	-0.067935	-1.212994	-28.153286	-0.065744	-1.265425	-27.892051	-0.016051	-0.999924	-27.842152	-0.071848	-1.064312
4581	63.631975	00:01:03:45	-28.001407	1.625949	-1.225508	-27.991229	1.653035	-1.081073	-28.072565	1.647014	-1.162270	-28.010453	1.544114	-1.193211	-28.042953	1.530796	-1.127429	-28.106411	1.566050	-1.261598	-27.849935	1.548890	-1.090794	-28.059140	1.489502	-0.897069	-27.986544	0.765305	-1.608054	-28.053074	1.450892	-0.567344	-28.073102	-0.051992	-2.056301	-28.039607	1.425489	-0.545079	-28.074984	-0.051475	-2.038461	-28.023550	1.432040	-0.555187	-28.112438	-0.043250	-2.049208	-28.193008	0.977841	-1.212158	-28.133029	0.947260	-1.310801	-27.862993	0.984284	-1.039872	-27.849059	0.925930	-1.108464	-28.165965	0.431568	-1.275685	-27.863000	0.456435	-1.061590	-28.150722	-0.048155	-1.196192	-28.125825	-0.046782	-1.257797	-27.861861	-0.054664	-1.017958	-27.867203	-0.064760	-1.067465
4582	63.645869	00:01:03:46	-27.937252	1.623614	-1.254071	-27.966051	1.672278	-1.079229	-28.071664	1.689920	-1.172887	-27.977861	1.547394	-1.170638	-28.018781	1.554694	-1.139543	-28.107445	1.530858	-1.244078	-27.892090	1.541128	-1.099042	-28.071414	1.488821	-0.916263	-27.992753	0.718141	-1.563648	-28.019326	1.428463	-0.559496	-28.098667	-0.032867	-2.079218	-28.040402	1.458593	-0.518426	-28.117578	-0.046632	-2.045043	-28.022200	1.435199	-0.550547	-28.089267	-0.050385	-2.054630	-28.176553	0.936584	-1.229433	-28.142966	0.969212	-1.286279	-27.891208	0.994647	-1.024536	-27.851053	0.948551	-1.091262	-28.162588	0.427922	-1.236753	-27.858246	0.465852	-1.057308	-28.174322	-0.062598	-1.190986	-28.117542	-0.059367	-1.258833	-27.863239	-0.034297	-1.003111	-27.846910	-0.055600	-1.064778
4583	63.659762	00:01:03:47	-27.989125	1.637223	-1.215381	-28.022931	1.655827	-1.129613	-28.102120	1.693191	-1.175814	-28.002606	1.531510	-1.153278	-28.010088	1.531634	-1.136873	-28.107137	1.560565	-1.286881	-27.877874	1.535462	-1.067178	-28.077971	1.511493	-0.888383	-27.986475	0.736322	-1.580456	-28.039710	1.443825	-0.560855	-28.087863	-0.065007	-2.091175	-28.045646	1.425456	-0.572753	-28.115290	-0.037476	-2.062264	-28.029048	1.418551	-0.556327	-28.079998	-0.080366	-2.068539	-28.178070	0.991448	-1.210103	-28.116726	0.983434	-1.268688	-27.892943	0.939292	-1.041322	-27.854371	0.956739	-1.106217	-28.131416	0.427719	-1.232952	-27.864476	0.474811	-1.079031	-28.140180	-0.040930	-1.219506	-28.132232	-0.070948	-1.271694	-27.894477	-0.042329	-1.001031	-27.822926	-0.040216	-1.041361
4584	63.673656	00:01:03:48	-27.939125	1.667184	-1.229569	-27.987170	1.645419	-1.098265	-28.077082	1.620347	-1.161664	-28.019826	1.553903	-1.169521	-28.018037	1.583200	-1.142597	-28.117984	1.516595	-1.242981	-27.872003	1.559411	-1.091784	-28.122273	1.498574	-0.870207	-28.011899	0.736416	-1.595566	-28.032544	1.458760	-0.539199	-28.076029	-0.036278	-2.049950	-28.048361	1.450666	-0.592040	-28.117263	-0.070922	-2.067328	-28.065949	1.453459	-0.567629	-28.081460	-0.038356	-2.059383	-28.186719	0.975299	-1.223433	-28.147392	0.970265	-1.308708	-27.854028	0.976046	-1.050726	-27.856540	0.957804	-1.084196	-28.175756	0.453697	-1.258814	-27.847288	0.484234	-1.045524	-28.205319	-0.062361	-1.199272	-28.117953	-0.047531	-1.264824	-27.846726	-0.028271	-0.998499	-27.887601	-0.057761	-1.061011
4585	63.687549	00:01:03:49	-27.951170	1.639928	-1.244727	-27.969872	1.674579	-1.083144	-28.050557	1.649366	-1.157195	-27.979124	1.571094	-1.171819	-28.035266	1.552179	-1.164670	-28.112300	1.588535	-1.262520	-27.864810	1.560180	-1.122734	-28.043719	1.454447	-0.894716	-27.989029	0.773089	-1.551171	-28.048945	1.440760	-0.553698	-28.084702	-0.045565	-2.051802	-28.056999	1.449730	-0.560901	-28.091540	-0.025554	-2.048072	-28.047766	1.412273	-0.570839	-28.073734	-0.076522	-2.077708	-28.175885	0.955426	-1.206959	-28.146405	0.963116	-1.295436	-27.872444	0.956647	-1.055465	-27.854341	0.970409	-1.101200	-28.167747	0.465675	-1.229991	-27.880287	0.450614	-1.066051	-28.168493	-0.080315	-1.225956	-28.157347	-0.042669	-1.271213	-27.909449	-0.038430	-1.024559	-27.842747	-0.059347	-1.068506
4586	63.701443	00:01:03:50	-27.961247	1.638943	-1.223239	-28.002684	1.676427	-1.085862	-28.096059	1.631013	-1.145341	-27.986110	1.530230	-1.166865	-28.017732	1.560658	-1.137422	-28.093593	1.526889	-1.254370	-27.891602	1.551427	-1.085408	-28.084734	1.497450	-0.906902	-27.964651	0.743608	-1.587030	-28.025507	1.463811	-0.548674	-28.069453	-0.050001	-2.070667	-28.047479	1.443884	-0.543986	-28.092785	-0.040927	-2.056122	-28.034903	1.405620	-0.519733	-28.078416	-0.057502	-2.095280	-28.159293	0.959186	-1.252319	-28.126685	0.951496	-1.294451	-27.833430	0.969032	-1.027884	-27.850582	0.952660	-1.071548	-28.149745	0.475838	-1.250333	-27.878679	0.488188	-1.058944	-28.132137	-0.074848	-1.208477	-28.161288	-0.034508	-1.225821	-27.858194	-0.096734	-1.023847	-27.857491	-0.065627	-1.057612
4587	63.715336	00:01:03:51	-27.949411	1.660615	-1.238839	-27.970018	1.652324	-1.082383	-28.096143	1.637325	-1.133135	-27.976129	1.551897	-1.169778	-28.011359	1.575945	-1.161545	-28.127505	1.538032	-1.244061	-27.900175	1.564648	-1.124547	-28.085145	1.487805	-0.918716	-28.007485	0.747592	-1.590411	-28.029799	1.411671	-0.558023	-28.098229	-0.025601	-2.027665	-28.011408	1.447757	-0.543916	-28.109798	-0.042232	-2.068902	-28.025415	1.473956	-0.559189	-28.091361	-0.042908	-2.082877	-28.179144	0.960932	-1.229086	-28.145750	0.941148	-1.302006	-27.904818	0.970504	-1.023490	-27.830176	0.986797	-1.070234	-28.180815	0.475560	-1.241426	-27.853265	0.465079	-1.034132	-28.213266	-0.053455	-1.183699	-28.104810	-0.043639	-1.274776	-27.869230	-0.055406	-0.997447	-27.822655	-0.081268	-1.064807
4588	63.729230	00:01:03:52	-27.966469	1.620759	-1.239463	-27.953409	1.662127	-1.081157	-28.089160	1.636600	-1.156234	-27.969391	1.528459	-1.162083	-28.031889	1.540178	-1.136371	-28.129265	1.535767	-1.222822	-27.853845	1.533588	-1.089853	-28.090449	1.460909	-0.928637	-27.975868	0.729637	-1.582669	-28.044166	1.449201	-0.567156	-28.088404	-0.055013	-2.049643	-28.061931	1.424636	-0.563002	-28.083222	-0.035823	-2.061395	-28.025090	1.426058	-0.546375	-28.126877	-0.043464	-2.087866	-28.190021	0.964688	-1.232494	-28.150730	0.961747	-1.282882	-27.898333	0.990058	-1.009946	-27.872157	0.983821	-1.106688	-28.146982	0.469870	-1.244481	-27.835048	0.472754	-1.055129	-28.171528	-0.052323	-1.175811	-28.146802	-0.046746	-1.234613	-27.866434	-0.044392	-1.006591	-27.895148	-0.045945	-1.085502
4589	63.743123	00:01:03:53	-27.954416	1.654617	-1.222142	-27.986566	1.686097	-1.096855	-28.073072	1.654025	-1.160625	-28.014000	1.551749	-1.171911	-28.031394	1.586249	-1.124229	-28.098009	1.582795	-1.251376	-27.885440	1.577741	-1.098201	-28.073619	1.466077	-0.901893	-27.980645	0.710740	-1.562240	-28.039792	1.453804	-0.521383	-28.104644	-0.034009	-2.045133	-28.021203	1.414016	-0.568298	-28.084964	-0.038287	-2.083445	-28.031980	1.442154	-0.550224	-28.103859	-0.052761	-2.068244	-28.188174	0.967589	-1.226176	-28.177180	0.968674	-1.265605	-27.865853	0.997081	-1.061925	-27.849914	0.974426	-1.062475	-28.153832	0.464071	-1.234790	-27.862448	0.474170	-1.050710	-28.149524	-0.019779	-1.225299	-28.183337	-0.067050	-1.256903	-27.874335	-0.045975	-1.017220	-27.807317	-0.056440	-1.071372
4590	63.757016	00:01:03:54	-27.951002	1.645825	-1.227272	-27.992722	1.660785	-1.127873	-28.094211	1.657009	-1.165264	-28.032521	1.551417	-1.200410	-28.001747	1.551971	-1.160597	-28.119405	1.557154	-1.258242	-27.852609	1.558201	-1.107012	-28.073425	1.457451	-0.898604	-27.997912	0.755369	-1.591446	-28.015808	1.420041	-0.545635	-28.100068	-0.054178	-2.084560	-28.030282	1.452711	-0.540084	-28.109642	-0.041378	-2.048922	-28.030868	1.430784	-0.521887	-28.084720	-0.063999	-2.084069	-28.164080	0.964769	-1.210894	-28.140912	0.942179	-1.282002	-27.883905	0.951260	-1.050958	-27.867832	0.953462	-1.080831	-28.142585	0.439411	-1.245122	-27.863546	0.447309	-1.049500	-28.161184	-0.034419	-1.183463	-28.146095	-0.046087	-1.247902	-27.866026	-0.039551	-1.053606	-27.877491	-0.057726	-1.082713
4591	63.770910	00:01:03:55	-27.987751	1.652858	-1.286255	-27.998313	1.658541	-1.090046	-28.081252	1.678334	-1.152821	-27.973482	1.521832	-1.160816	-27.993193	1.521696	-1.144864	-28.079814	1.536243	-1.257574	-27.882932	1.517450	-1.101835	-28.035560	1.515119	-0.893954	-27.981073	0.739673	-1.563872	-28.036543	1.424483	-0.578402	-28.093194	-0.050772	-2.063588	-28.039332	1.410243	-0.541734	-28.102658	-0.046090	-2.060941	-28.054774	1.448050	-0.574645	-28.073418	-0.060947	-2.065678	-28.210001	0.978487	-1.207042	-28.133076	0.969548	-1.251282	-27.871487	0.984658	-1.053292	-27.822680	0.967144	-1.088047	-28.143175	0.463676	-1.245953	-27.857067	0.420808	-1.059980	-28.189244	-0.027493	-1.217841	-28.182142	-0.070613	-1.273951	-27.863264	-0.049542	-1.020134	-27.824464	-0.081726	-1.058975
4592	63.784803	00:01:03:56	-27.961771	1.643649	-1.243778	-27.977777	1.662148	-1.102836	-28.073468	1.658082	-1.159441	-27.959122	1.556884	-1.189534	-28.018364	1.580873	-1.158068	-28.138228	1.558511	-1.253173	-27.880501	1.553536	-1.085391	-28.045408	1.489822	-0.914706	-27.970373	0.718942	-1.587363	-28.066526	1.433043	-0.520608	-28.085743	-0.049522	-2.056467	-28.060173	1.434567	-0.507275	-28.092568	-0.046811	-2.051098	-28.064764	1.441939	-0.565771	-28.097607	-0.067718	-2.057049	-28.148589	0.993948	-1.234000	-28.168126	0.953729	-1.273818	-27.885592	0.992179	-1.022664	-27.840237	0.996781	-1.088561	-28.193092	0.446041	-1.232941	-27.840760	0.425214	-1.069126	-28.196555	-0.062169	-1.226499	-28.166880	-0.086531	-1.258004	-27.855555	-0.070135	-0.999640	-27.847652	-0.071346	-1.063962
4593	63.798697	00:01:03:57	-27.965146	1.649939	-1.235983	-27.965722	1.668419	-1.055384	-28.082428	1.659158	-1.171381	-28.000311	1.559109	-1.184834	-28.026551	1.569392	-1.169444	-28.145971	1.541062	-1.239430	-27.859574	1.526720	-1.077394	-28.081983	1.467571	-0.898188	-27.969815	0.744782	-1.575961	-28.019781	1.446895	-0.553656	-28.106154	-0.069236	-2.065165	-28.031673	1.432579	-0.522303	-28.092870	-0.020173	-2.046340	-28.055601	1.414319	-0.542296	-28.064035	-0.038397	-2.055700	-28.170291	0.978505	-1.233286	-28.138943	0.925532	-1.272261	-27.916555	0.998336	-1.079886	-27.871557	0.945429	-1.105461	-28.191290	0.466066	-1.236306	-27.825812	0.471214	-1.031813	-28.198324	-0.052028	-1.212113	-28.137866	-0.037960	-1.261415	-27.867266	-0.030418	-1.019936	-27.830529	-0.067965	-1.080047
4594	63.812590	00:01:03:58	-27.960062	1.641241	-1.222181	-27.996826	1.684548	-1.096198	-28.103871	1.632313	-1.149227	-27.988291	1.533043	-1.186321	-28.021279	1.539470	-1.163796	-28.129162	1.550040	-1.257407	-27.878005	1.560492	-1.076039	-28.102486	1.487292	-0.904797	-27.980707	0.742113	-1.580492	-28.028714	1.454280	-0.554767	-28.097654	-0.061585	-2.085846	-28.039369	1.452828	-0.567376	-28.104740	-0.037870	-2.047861	-28.047376	1.450599	-0.561177	-28.125991	-0.060603	-2.061511	-28.183522	0.992042	-1.223372	-28.123204	0.950985	-1.291846	-27.874804	0.999151	-1.054714	-27.865570	0.972272	-1.097761	-28.178338	0.422432	-1.241108	-27.846947	0.462122	-1.068656	-28.192353	-0.042743	-1.216706	-28.147514	-0.049227	-1.246588	-27.878223	-0.053369	-1.005876	-27.834071	-0.100648	-1.051316
4595	63.826484	00:01:03:59	-27.969782	1.650722	-1.252465	-27.961457	1.683118	-1.067561	-28.100219	1.644772	-1.190091	-28.009664	1.566119	-1.181124	-28.012308	1.516607	-1.117704	-28.129632	1.560953	-1.248819	-27.863995	1.569879	-1.089198	-28.076796	1.467204	-0.875028	-27.975151	0.762092	-1.579604	-28.041259	1.426985	-0.555341	-28.093009	-0.014746	-2.048051	-28.044789	1.434524	-0.547220	-28.108882	-0.049336	-2.070312	-28.042475	1.455227	-0.565243	-28.102233	-0.035120	-2.064621	-28.117819	0.985868	-1.211577	-28.144583	0.941024	-1.310084	-27.904346	0.942376	-1.039101	-27.843768	0.981478	-1.091346	-28.160559	0.447154	-1.243090	-27.864260	0.456222	-1.043734	-28.162228	-0.032798	-1.195647	-28.144832	-0.048930	-1.305400	-27.879682	-0.048453	-1.043191	-27.856778	-0.078160	-1.039195
4596	63.840377	00:01:03:60	-27.953398	1.629795	-1.243330	-27.972352	1.662361	-1.062699	-28.086552	1.656192	-1.185991	-27.982197	1.560913	-1.174955	-28.007746	1.558126	-1.158256	-28.115587	1.527208	-1.255635	-27.840998	1.536610	-1.086436	-28.098028	1.477313	-0.892466	-27.951875	0.784754	-1.579283	-28.016453	1.426998	-0.564870	-28.088374	-0.062761	-2.071697	-28.044707	1.432221	-0.558709	-28.107349	-0.037250	-2.064788	-28.016201	1.436558	-0.552992	-28.088131	-0.062768	-2.077832	-28.165933	0.963688	-1.233554	-28.154751	0.937575	-1.287096	-27.889451	0.953388	-1.061951	-27.843239	0.950392	-1.086727	-28.146650	0.455744	-1.280355	-27.859731	0.448092	-1.050986	-28.189505	-0.032096	-1.182185	-28.132138	-0.059329	-1.249693	-27.873434	-0.037822	-1.033472	-27.832888	-0.056521	-1.077125
4597	63.854271	00:01:03:61	-27.933378	1.637112	-1.219457	-27.968018	1.659724	-1.061385	-28.076468	1.643541	-1.175335	-27.993309	1.535975	-1.175543	-28.012153	1.514720	-1.131583	-28.140287	1.546108	-1.278312	-27.872606	1.546349	-1.105797	-28.094983	1.504833	-0.901505	-27.962265	0.730280	-1.594175	-28.027612	1.396740	-0.576090	-28.120641	-0.048493	-2.018073	-28.021958	1.459277	-0.559577	-28.126824	-0.030412	-2.080895	-28.077210	1.420834	-0.543771	-28.120131	-0.061005	-2.017416	-28.177910	0.968310	-1.195722	-28.161041	1.000848	-1.294812	-27.870339	0.988432	-1.036215	-27.840108	0.956206	-1.082486	-28.157145	0.482310	-1.263675	-27.861812	0.459568	-1.057495	-28.177586	-0.072989	-1.234777	-28.137739	-0.067433	-1.239314	-27.866698	-0.048578	-1.018808	-27.834882	-0.078885	-1.082251
4598	63.868164	00:01:03:62	-27.957947	1.640275	-1.231620	-27.977023	1.633933	-1.094637	-28.069819	1.648308	-1.143389	-27.985886	1.537955	-1.196015	-28.007362	1.530136	-1.145717	-28.146858	1.591857	-1.252873	-27.864255	1.573659	-1.077432	-28.072287	1.477287	-0.893599	-27.993964	0.761563	-1.580022	-28.032510	1.433213	-0.562084	-28.090691	-0.084221	-2.053352	-28.048154	1.433038	-0.576180	-28.087360	-0.056891	-2.048836	-28.040096	1.439429	-0.551172	-28.089656	-0.043225	-2.024987	-28.186400	0.958412	-1.204907	-28.129760	0.962947	-1.251739	-27.874592	0.971612	-1.052526	-27.831205	0.975172	-1.079042	-28.152755	0.461002	-1.262869	-27.870691	0.442771	-1.048166	-28.173205	-0.046955	-1.216581	-28.164383	-0.061838	-1.232268	-27.859484	-0.038258	-0.999873	-27.822816	-0.035127	-1.062674
4599	63.882057	00:01:03:63	-27.945894	1.625781	-1.211114	-27.997810	1.694728	-1.073514	-28.088124	1.652405	-1.176592	-28.012019	1.519515	-1.179970	-28.036225	1.568648	-1.131065	-28.098165	1.561849	-1.221429	-27.868947	1.514271	-1.097702	-28.098463	1.458179	-0.906053	-27.951934	0.737259	-1.613253	-28.060114	1.435491	-0.569809	-28.101498	-0.037278	-2.030346	-28.036574	1.427858	-0.553217	-28.119042	-0.051525	-2.040430	-28.023992	1.459450	-0.556864	-28.111112	-0.019600	-2.038427	-28.180890	0.968906	-1.209700	-28.151739	0.941992	-1.272360	-27.881373	0.971059	-1.061165	-27.834291	0.955092	-1.093914	-28.152611	0.438957	-1.243445	-27.878101	0.475450	-1.066633	-28.143826	-0.063123	-1.176276	-28.119573	-0.065230	-1.260835	-27.905906	-0.034730	-1.038524	-27.858854	-0.056171	-1.060116
4600	63.895951	00:01:03:64	-27.962388	1.636202	-1.205206	-27.990349	1.677760	-1.128875	-28.080875	1.652657	-1.148599	-28.007666	1.506189	-1.171445	-28.009101	1.557680	-1.126788	-28.146148	1.542818	-1.246331	-27.859588	1.537234	-1.083752	-28.099794	1.507844	-0.888235	-27.956411	0.723773	-1.584886	-28.051840	1.428202	-0.541804	-28.106685	-0.053320	-2.055657	-28.045072	1.472194	-0.564999	-28.091827	-0.057386	-2.059423	-28.025064	1.428940	-0.562633	-28.025562	-0.031602	-2.054498	-28.151203	0.973802	-1.228530	-28.133963	0.994946	-1.292366	-27.869086	0.966783	-1.017670	-27.839871	0.978249	-1.100286	-28.137849	0.463927	-1.267231	-27.855165	0.445096	-1.045337	-28.161335	-0.043960	-1.197850	-28.152886	-0.052465	-1.290304	-27.889294	-0.041141	-1.016579	-27.835680	-0.115729	-1.040994
4601	63.909844	00:01:03:65	-27.943502	1.648135	-1.247563	-27.989894	1.656207	-1.100805	-28.061884	1.649153	-1.174743	-28.012960	1.565497	-1.185032	-28.031143	1.554070	-1.131014	-28.117862	1.558162	-1.247939	-27.859006	1.507242	-1.109527	-28.085776	1.518176	-0.909103	-27.979642	0.738128	-1.593256	-28.053683	1.440789	-0.560848	-28.112362	-0.061832	-2.058497	-28.015650	1.444270	-0.536986	-28.102542	-0.034309	-2.050724	-28.003746	1.436560	-0.541226	-28.103097	-0.043924	-2.066811	-28.176885	0.959070	-1.233372	-28.162570	0.941302	-1.238775	-27.863490	0.985355	-1.010503	-27.832320	0.954246	-1.087832	-28.156767	0.477862	-1.228661	-27.849613	0.481238	-1.053946	-28.186293	-0.063439	-1.211092	-28.160152	-0.087201	-1.288025	-27.877797	-0.043532	-1.009151	-27.860131	-0.066095	-1.090038
4602	63.923738	00:01:03:66	-27.978579	1.644902	-1.235018	-27.964481	1.681291	-1.115153	-28.074177	1.676908	-1.160214	-27.996573	1.513655	-1.142425	-27.997911	1.530076	-1.128819	-28.118334	1.550177	-1.274364	-27.878809	1.523077	-1.092246	-28.081299	1.486036	-0.870614	-28.012737	0.750032	-1.562664	-28.084433	1.459965	-0.547502	-28.083286	-0.029537	-2.043499	-28.044319	1.459249	-0.563936	-28.079931	-0.048299	-2.084485	-28.040621	1.463352	-0.559188	-28.094876	-0.025945	-2.072527	-28.194836	0.956074	-1.179696	-28.142716	0.967191	-1.297711	-27.864409	1.013121	-1.061299	-27.819533	0.964899	-1.084758	-28.154344	0.465868	-1.259149	-27.871934	0.455789	-1.061767	-28.201196	-0.045809	-1.203222	-28.162180	-0.092464	-1.257031	-27.855290	-0.033940	-1.012273	-27.832932	-0.057766	-1.050419
4603	63.937631	00:01:03:67	-27.966104	1.677227	-1.236352	-27.990669	1.671143	-1.088894	-28.085479	1.707298	-1.141730	-28.017583	1.561780	-1.168434	-28.069165	1.574513	-1.133906	-28.114251	1.557897	-1.247413	-27.857168	1.524143	-1.089083	-28.082334	1.493102	-0.890259	-27.960149	0.722245	-1.559269	-28.017934	1.464165	-0.547612	-28.110026	-0.045516	-2.088470	-28.015896	1.431590	-0.557302	-28.072083	-0.047347	-2.071621	-28.010847	1.445307	-0.588284	-28.064481	-0.040355	-2.028984	-28.160643	0.955038	-1.256406	-28.137207	0.964543	-1.286569	-27.850996	0.965590	-1.013696	-27.832481	0.964375	-1.058708	-28.175261	0.480113	-1.243682	-27.826238	0.456556	-1.071136	-28.184987	-0.064972	-1.215367	-28.151139	-0.047744	-1.239983	-27.872337	-0.056884	-1.014342	-27.869160	-0.065230	-1.081081
4604	63.951525	00:01:03:68	-27.948587	1.632668	-1.222319	-27.963314	1.684719	-1.067600	-28.080312	1.680974	-1.151727	-27.992261	1.553382	-1.154981	-28.004757	1.560723	-1.131000	-28.127248	1.521685	-1.266421	-27.879587	1.544887	-1.121364	-28.050322	1.503771	-0.911047	-27.971480	0.774459	-1.570230	-28.058723	1.430486	-0.518893	-28.112713	-0.053519	-2.025967	-28.015115	1.413122	-0.559624	-28.135229	-0.043659	-2.096334	-28.020462	1.449469	-0.562468	-28.120861	-0.056488	-2.059918	-28.160678	0.966444	-1.224239	-28.143072	0.969567	-1.265401	-27.885051	0.971984	-1.062947	-27.847827	0.934242	-1.113098	-28.174703	0.501564	-1.242568	-27.894910	0.444889	-1.055459	-28.166926	-0.069327	-1.212148	-28.151617	-0.103116	-1.249662	-27.876034	-0.069120	-1.028925	-27.821610	-0.049974	-1.071675
4605	63.965418	00:01:03:69	-27.968114	1.631729	-1.228279	-27.984962	1.670732	-1.125110	-28.058519	1.700754	-1.171944	-27.977988	1.549492	-1.167678	-28.024558	1.545199	-1.174502	-28.120044	1.550610	-1.248938	-27.893464	1.549322	-1.085997	-28.053092	1.497586	-0.906390	-27.950394	0.783792	-1.575119	-28.019466	1.434795	-0.560568	-28.063062	-0.030642	-2.056599	-28.053015	1.458539	-0.581483	-28.136272	-0.072142	-2.041210	-28.029027	1.441937	-0.537369	-28.106936	-0.050143	-2.097614	-28.145245	0.966834	-1.220543	-28.167621	0.980557	-1.269742	-27.861617	0.993007	-1.066748	-27.818988	0.972243	-1.078692	-28.146191	0.470117	-1.216725	-27.866816	0.480351	-1.031957	-28.175241	-0.052452	-1.232025	-28.147117	-0.053151	-1.244067	-27.857874	-0.066439	-0.992938	-27.840432	-0.065527	-1.090436
4606	63.979312	00:01:03:70	-27.948170	1.669538	-1.223146	-27.978025	1.673998	-1.089114	-28.070701	1.663922	-1.176496	-27.978177	1.550230	-1.174417	-28.021498	1.546554	-1.177941	-28.153686	1.559186	-1.256285	-27.853829	1.522924	-1.126406	-28.072049	1.504912	-0.943626	-27.995355	0.724647	-1.593671	-28.018476	1.413217	-0.532359	-28.084647	-0.035371	-2.079102	-28.012277	1.444437	-0.545855	-28.082022	-0.062308	-2.078857	-28.037112	1.414849	-0.545006	-28.111324	-0.033096	-2.067566	-28.165113	0.965663	-1.215999	-28.151136	0.956461	-1.273808	-27.899696	0.922095	-1.035682	-27.862892	0.940361	-1.111277	-28.143121	0.435225	-1.244033	-27.867570	0.448714	-1.094394	-28.152123	-0.067239	-1.195257	-28.144149	-0.071934	-1.271377	-27.878336	-0.068861	-1.004191	-27.825681	-0.056638	-1.082833
4607	63.993205	00:01:03:71	-27.951854	1.650452	-1.229644	-27.952764	1.673081	-1.091574	-28.096246	1.664026	-1.156498	-27.994618	1.546684	-1.179653	-28.017986	1.548399	-1.176873	-28.125019	1.544232	-1.257447	-27.878364	1.533463	-1.066510	-28.063497	1.514596	-0.892722	-27.979820	0.708272	-1.606751	-28.046547	1.436854	-0.534757	-28.111022	-0.025991	-2.059635	-28.040134	1.433374	-0.553775	-28.061188	-0.026750	-2.054361	-28.038025	1.417148	-0.543706	-28.124381	-0.044757	-2.060533	-28.179810	0.971443	-1.230869	-28.131879	0.971021	-1.269881	-27.888805	0.966608	-1.032950	-27.834216	0.967351	-1.108931	-28.177537	0.446086	-1.223171	-27.830901	0.460426	-1.029730	-28.191354	-0.067674	-1.188727	-28.141807	-0.068881	-1.277182	-27.861712	-0.059130	-1.031852	-27.822335	-0.068725	-1.083230
4608	64.007098	00:01:04:00	-27.958890	1.626726	-1.241036	-27.955725	1.644372	-1.125457	-28.095505	1.690216	-1.155411	-27.999434	1.542699	-1.190075	-28.002504	1.562581	-1.113733	-28.111765	1.556053	-1.289607	-27.909947	1.536222	-1.116887	-28.072743	1.496193	-0.878287	-27.977274	0.781801	-1.555519	-28.027340	1.408749	-0.558503	-28.110123	-0.055141	-2.048189	-28.045172	1.434273	-0.563526	-28.069791	-0.026790	-2.026027	-28.051810	1.442244	-0.558482	-28.101897	-0.039870	-2.055761	-28.201357	0.989077	-1.227689	-28.144907	0.952661	-1.308053	-27.890148	0.975530	-1.021560	-27.862253	0.960968	-1.075207	-28.165799	0.500567	-1.249527	-27.841115	0.424298	-1.035240	-28.190208	-0.015846	-1.194264	-28.130003	-0.055334	-1.254319	-27.850910	-0.020129	-1.041345	-27.875256	-0.059618	-1.101742
4609	64.020992	00:01:04:01	-27.982941	1.661276	-1.227684	-27.983683	1.642047	-1.086198	-28.064908	1.638713	-1.169084	-28.009665	1.532143	-1.148591	-27.995489	1.568176	-1.193466	-28.120331	1.535714	-1.261189	-27.884773	1.551324	-1.131494	-28.080952	1.483112	-0.898660	-27.958888	0.743766	-1.584075	-28.017435	1.455312	-0.577886	-28.091862	-0.028151	-2.076404	-28.046770	1.437550	-0.547613	-28.070602	-0.059291	-2.043775	-28.056906	1.463270	-0.520151	-28.099792	-0.066466	-2.079336	-28.150099	0.946140	-1.239512	-28.135590	0.959161	-1.290080	-27.905507	0.984501	-1.020973	-27.866330	0.942441	-1.091187	-28.150299	0.459141	-1.249722	-27.879027	0.445627	-1.066827	-28.172523	-0.051893	-1.194312	-28.159767	-0.069442	-1.274635	-27.865061	-0.038063	-1.010444	-27.811078	-0.045700	-1.061208
4610	64.034885	00:01:04:02	-27.995100	1.651711	-1.224349	-28.007606	1.623385	-1.072454	-28.093206	1.696462	-1.154360	-27.996064	1.534331	-1.161323	-28.002676	1.569846	-1.146652	-28.138964	1.540434	-1.248748	-27.888214	1.511598	-1.093899	-28.056085	1.484325	-0.938788	-27.986754	0.753572	-1.617746	-28.032448	1.413283	-0.557714	-28.079105	-0.042195	-2.062864	-28.029855	1.446380	-0.535474	-28.091367	-0.050103	-2.035218	-28.031374	1.453311	-0.523568	-28.115694	-0.033904	-2.070528	-28.180127	0.976877	-1.212329	-28.120988	0.983953	-1.261313	-27.875096	0.974578	-1.018823	-27.837454	0.964106	-1.094659	-28.174930	0.426978	-1.238159	-27.856969	0.453307	-1.053813	-28.181831	-0.066879	-1.206232	-28.146885	-0.059960	-1.267362	-27.869006	-0.085104	-1.012442	-27.844774	-0.068145	-1.090598
4611	64.048779	00:01:04:03	-27.948529	1.603973	-1.229556	-27.974817	1.676822	-1.072258	-28.088408	1.664165	-1.172390	-27.990513	1.562761	-1.177407	-28.003236	1.526151	-1.158967	-28.118444	1.542750	-1.251703	-27.879305	1.569404	-1.092797	-28.096492	1.477915	-0.889525	-27.988631	0.746297	-1.577491	-28.053893	1.441093	-0.546217	-28.077418	-0.032799	-2.059337	-28.029136	1.443552	-0.566061	-28.109441	-0.025520	-2.067990	-28.030067	1.449235	-0.580778	-28.105788	-0.070152	-2.079988	-28.144369	0.955516	-1.217274	-28.158425	0.979823	-1.289408	-27.893984	0.963990	-1.035818	-27.809483	0.953610	-1.080902	-28.162257	0.414896	-1.216531	-27.852125	0.432342	-1.032922	-28.179577	-0.048387	-1.213172	-28.154478	-0.055489	-1.256668	-27.914936	-0.044291	-1.001035	-27.856232	-0.050277	-1.085265
4612	64.062672	00:01:04:04	-27.973631	1.650157	-1.238050	-27.976081	1.687462	-1.099897	-28.100146	1.667546	-1.161741	-27.988354	1.549642	-1.180849	-28.027021	1.570365	-1.113321	-28.135774	1.540177	-1.264619	-27.899677	1.562063	-1.133502	-28.093518	1.497486	-0.890556	-27.992432	0.770587	-1.554912	-28.052752	1.393942	-0.554129	-28.091691	-0.065056	-2.059649	-28.018728	1.438461	-0.526846	-28.084281	-0.025273	-2.066580	-28.041341	1.470573	-0.527851	-28.106346	-0.049342	-2.060479	-28.172347	0.969139	-1.240093	-28.148707	0.971652	-1.262144	-27.889836	0.972265	-1.052056	-27.828836	0.955330	-1.086912	-28.160774	0.458186	-1.248290	-27.851823	0.484049	-1.058425	-28.168228	-0.057518	-1.224588	-28.139984	-0.082426	-1.292746	-27.870352	-0.063291	-1.018671	-27.824485	-0.068797	-1.084129
4613	64.076566	00:01:04:05	-27.981787	1.624592	-1.275027	-27.995130	1.646339	-1.090029	-28.086907	1.645769	-1.124848	-28.010897	1.540625	-1.177339	-28.033800	1.566437	-1.125110	-28.097117	1.540161	-1.211552	-27.852368	1.548179	-1.086762	-28.087667	1.506231	-0.901762	-27.996612	0.753664	-1.583675	-28.036681	1.474449	-0.561847	-28.087336	-0.063554	-2.063135	-28.020223	1.451351	-0.558796	-28.093351	-0.040787	-2.077804	-28.054440	1.428462	-0.557240	-28.066984	-0.036854	-2.083953	-28.157826	0.974186	-1.198361	-28.174835	0.947607	-1.268480	-27.888069	0.965355	-1.055753	-27.844790	0.965286	-1.112513	-28.191090	0.484383	-1.213745	-27.839782	0.471268	-1.026223	-28.187912	-0.067711	-1.171698	-28.144800	-0.052303	-1.237038	-27.865020	-0.071774	-1.034361	-27.829531	-0.082711	-1.082498
4614	64.090459	00:01:04:06	-27.945543	1.633615	-1.251431	-27.944070	1.641260	-1.103860	-28.077178	1.668164	-1.169345	-28.048187	1.537139	-1.215600	-28.036029	1.562545	-1.141751	-28.151605	1.586492	-1.263394	-27.874325	1.556780	-1.084478	-28.049308	1.500516	-0.922023	-27.992635	0.755719	-1.565751	-28.037372	1.427950	-0.547402	-28.078631	-0.050010	-2.052511	-28.055579	1.423735	-0.579205	-28.087364	-0.050389	-2.054485	-28.024052	1.436912	-0.547541	-28.068223	-0.045639	-2.051879	-28.161316	0.987671	-1.196258	-28.147999	0.962383	-1.298843	-27.892247	0.981046	-1.053432	-27.860149	0.970874	-1.119618	-28.159664	0.447632	-1.250729	-27.866194	0.439953	-1.020086	-28.159222	-0.041659	-1.200770	-28.174239	-0.047617	-1.244383	-27.831631	-0.057978	-1.012462	-27.857646	-0.052306	-1.076093
4615	64.104353	00:01:04:07	-27.966140	1.625828	-1.238985	-27.965648	1.658411	-1.060232	-28.075741	1.659251	-1.173490	-28.021142	1.547025	-1.124788	-28.027370	1.546440	-1.157499	-28.122085	1.547744	-1.284944	-27.835070	1.553472	-1.114886	-28.045627	1.475417	-0.896419	-27.942880	0.762721	-1.553579	-28.030415	1.425706	-0.553454	-28.094964	-0.049786	-2.076736	-28.015675	1.433474	-0.571918	-28.122135	-0.077998	-2.046989	-27.984056	1.466202	-0.580977	-28.105902	-0.053384	-2.064000	-28.163743	0.982860	-1.253719	-28.130733	0.974304	-1.260197	-27.898996	0.989843	-1.039886	-27.823742	0.967339	-1.085662	-28.130197	0.454437	-1.228756	-27.865089	0.478815	-1.058327	-28.199910	-0.068962	-1.234594	-28.166954	-0.058438	-1.243919	-27.875831	-0.057211	-1.019233	-27.853044	-0.028061	-1.049305
4616	64.118246	00:01:04:08	-27.970664	1.650262	-1.222245	-27.954950	1.680192	-1.115734	-28.091187	1.660211	-1.191041	-28.007312	1.538448	-1.155512	-28.011333	1.554463	-1.163724	-28.097122	1.571375	-1.264821	-27.883307	1.555459	-1.082209	-28.074812	1.489095	-0.916259	-27.996086	0.780888	-1.574403	-28.035920	1.441762	-0.537122	-28.084545	-0.051608	-2.084333	-28.053172	1.446798	-0.549097	-28.083739	-0.055729	-2.071142	-28.032654	1.444145	-0.550615	-28.072149	-0.043362	-2.079390	-28.171775	1.003118	-1.226489	-28.127295	0.982178	-1.255485	-27.894096	0.955293	-1.045712	-27.840930	0.956866	-1.059500	-28.162971	0.491752	-1.262303	-27.872387	0.461621	-1.058307	-28.180530	-0.019973	-1.178473	-28.146271	-0.014667	-1.254275	-27.884875	-0.056181	-1.035052	-27.822119	-0.059127	-1.083123
4617	64.132139	00:01:04:09	-27.954429	1.636619	-1.231474	-27.976412	1.659153	-1.055931	-28.086134	1.686089	-1.170656	-28.000627	1.525626	-1.182565	-27.998881	1.534417	-1.142223	-28.159845	1.534619	-1.227310	-27.868693	1.536705	-1.092180	-28.064699	1.477144	-0.916989	-27.980316	0.734075	-1.575796	-28.021839	1.415683	-0.530462	-28.087549	-0.033362	-2.046662	-28.044182	1.434936	-0.543248	-28.081712	-0.035024	-2.059665	-28.014421	1.449014	-0.587043	-28.083826	-0.020211	-2.087602	-28.185856	0.972996	-1.241613	-28.170743	0.992439	-1.287619	-27.832712	0.970473	-1.023875	-27.870734	0.969702	-1.071995	-28.130546	0.448712	-1.267928	-27.862164	0.480687	-1.045733	-28.188286	-0.075704	-1.237796	-28.129723	-0.070228	-1.291511	-27.884048	-0.052025	-1.009886	-27.819972	-0.073158	-1.086199
4618	64.146033	00:01:04:10	-27.944202	1.657145	-1.248867	-28.027375	1.659917	-1.095095	-28.061814	1.654958	-1.139217	-28.039260	1.523942	-1.159843	-28.019230	1.555769	-1.199983	-28.117322	1.536072	-1.258665	-27.849716	1.529802	-1.074003	-28.063577	1.491895	-0.916471	-27.954189	0.729308	-1.577725	-28.028042	1.446344	-0.552100	-28.106756	-0.045086	-2.095396	-28.032817	1.467420	-0.548347	-28.084954	-0.045615	-2.104714	-28.038548	1.449149	-0.532408	-28.061356	-0.021297	-2.042967	-28.182544	0.979672	-1.208902	-28.120734	0.973712	-1.305072	-27.885082	0.972984	-1.040145	-27.853770	0.951595	-1.111560	-28.144844	0.456047	-1.223947	-27.847330	0.472145	-1.082761	-28.154939	-0.047016	-1.177418	-28.162310	-0.056725	-1.294080	-27.874554	-0.053757	-1.005229	-27.869152	-0.092217	-1.053096
4619	64.159926	00:01:04:11	-27.962832	1.656400	-1.248000	-27.956090	1.662508	-1.068942	-28.088028	1.671685	-1.177895	-28.031535	1.552222	-1.169163	-27.990831	1.545524	-1.150023	-28.098183	1.559317	-1.270526	-27.853590	1.542173	-1.086142	-28.090026	1.482307	-0.921524	-27.966759	0.723367	-1.590483	-28.071015	1.446318	-0.570807	-28.085495	-0.029647	-2.045003	-28.041227	1.436046	-0.559432	-28.074738	-0.047023	-2.071424	-28.027945	1.460958	-0.554977	-28.078159	-0.012751	-2.033841	-28.191150	0.954167	-1.232035	-28.147672	0.945403	-1.281439	-27.873932	0.976982	-1.047868	-27.839190	0.996366	-1.092743	-28.188297	0.482334	-1.239831	-27.867824	0.444574	-1.059707	-28.196973	-0.050387	-1.216496	-28.149634	-0.034374	-1.266133	-27.859425	-0.070768	-1.014061	-27.827089	-0.072661	-1.090310
4620	64.173820	00:01:04:12	-27.919819	1.624787	-1.226875	-27.958696	1.657410	-1.109156	-28.107805	1.652294	-1.142172	-28.001365	1.512860	-1.158445	-28.001311	1.534150	-1.149349	-28.122001	1.557352	-1.242402	-27.878706	1.557730	-1.071732	-28.075828	1.523959	-0.891474	-27.970223	0.766157	-1.546472	-28.040355	1.427156	-0.543849	-28.113468	-0.057950	-2.065360	-28.040100	1.441842	-0.544653	-28.093680	-0.018155	-2.051715	-28.032769	1.444429	-0.547657	-28.094866	-0.080778	-2.044726	-28.192920	0.972293	-1.211915	-28.138562	0.975583	-1.310776	-27.873905	0.962485	-1.029655	-27.858638	0.974617	-1.123324	-28.171680	0.462700	-1.270538	-27.854495	0.454233	-1.034838	-28.197497	-0.081306	-1.187838	-28.120787	-0.084496	-1.261159	-27.884117	-0.064287	-1.017426	-27.800874	-0.067699	-1.068100
4621	64.187713	00:01:04:13	-27.974879	1.623286	-1.233443	-27.998223	1.677062	-1.093908	-28.085387	1.649851	-1.149553	-28.020264	1.558897	-1.192855	-28.015111	1.569159	-1.152691	-28.097144	1.540769	-1.273442	-27.886849	1.527457	-1.079799	-28.050451	1.483408	-0.891141	-27.961948	0.720932	-1.566437	-28.036680	1.425805	-0.554800	-28.107020	-0.032500	-2.053622	-28.036790	1.417845	-0.556300	-28.102378	-0.074095	-2.056845	-28.045106	1.479328	-0.547103	-28.090599	-0.046597	-2.084315	-28.213612	0.971970	-1.222097	-28.138202	0.930981	-1.272590	-27.846829	0.946402	-1.021791	-27.816738	0.952086	-1.067863	-28.126232	0.447566	-1.250620	-27.870845	0.487677	-1.068424	-28.176057	-0.035434	-1.210691	-28.168428	-0.058748	-1.213680	-27.903801	-0.062976	-0.999099	-27.867918	-0.067938	-1.072748
4622	64.201607	00:01:04:14	-27.975803	1.614418	-1.253080	-27.981674	1.651088	-1.088349	-28.083213	1.666909	-1.135464	-27.981776	1.527542	-1.155418	-28.024490	1.559460	-1.123376	-28.093320	1.552553	-1.237352	-27.864234	1.545970	-1.068477	-28.053020	1.490233	-0.920361	-27.978914	0.756014	-1.572063	-28.004268	1.403569	-0.522109	-28.111135	-0.063204	-2.059826	-28.028457	1.423659	-0.537104	-28.087805	-0.045949	-2.061942	-28.020011	1.433349	-0.559177	-28.090276	-0.045327	-2.062173	-28.158936	0.994521	-1.234236	-28.127990	0.976770	-1.259436	-27.845565	0.960260	-1.069049	-27.819413	0.967048	-1.082592	-28.183036	0.476806	-1.263642	-27.847953	0.455509	-1.081180	-28.176732	-0.032187	-1.208608	-28.127793	-0.068267	-1.266530	-27.853945	-0.068245	-1.036945	-27.854838	-0.052060	-1.073871
4623	64.215500	00:01:04:15	-27.982356	1.648795	-1.242840	-27.985826	1.658346	-1.083647	-28.063103	1.688774	-1.168989	-28.044762	1.523582	-1.167033	-28.018460	1.557021	-1.125241	-28.136086	1.560324	-1.298009	-27.878756	1.533884	-1.132071	-28.094805	1.481448	-0.909910	-27.963903	0.733882	-1.577863	-28.069206	1.413667	-0.541768	-28.094676	-0.016048	-2.064387	-28.026044	1.419930	-0.572774	-28.085400	-0.066240	-2.072670	-28.032063	1.410402	-0.542569	-28.072346	-0.055685	-2.041589	-28.177343	0.987203	-1.241776	-28.127421	0.944018	-1.277158	-27.844012	0.953514	-1.056847	-27.868079	0.956340	-1.073467	-28.128311	0.482709	-1.250137	-27.861702	0.442189	-1.072628	-28.157680	-0.040602	-1.237436	-28.177901	-0.043889	-1.245561	-27.866492	-0.050382	-1.023536	-27.864239	-0.053032	-1.086220
4624	64.229394	00:01:04:16	-27.975232	1.644217	-1.209980	-27.983212	1.674653	-1.078765	-28.066099	1.643271	-1.151424	-27.970466	1.562372	-1.154882	-28.008207	1.537346	-1.146324	-28.112066	1.532458	-1.287892	-27.864978	1.522804	-1.065169	-28.060764	1.499445	-0.889628	-28.019188	0.727032	-1.586879	-28.025562	1.435854	-0.546101	-28.067858	-0.061459	-2.067307	-28.036937	1.460307	-0.541285	-28.096985	-0.042589	-2.074819	-28.038069	1.462704	-0.546580	-28.078887	-0.045943	-2.070893	-28.173891	0.989648	-1.254993	-28.147355	0.969971	-1.268989	-27.861382	0.958378	-1.015986	-27.817046	0.971920	-1.088944	-28.153509	0.425993	-1.265846	-27.834407	0.461851	-1.068711	-28.144724	-0.071448	-1.210913	-28.135109	-0.035921	-1.259429	-27.891177	-0.043102	-1.023776	-27.833206	-0.067476	-1.106196
4625	64.243287	00:01:04:17	-27.964846	1.663356	-1.255935	-27.980869	1.660410	-1.133581	-28.066772	1.679999	-1.165096	-28.031330	1.541301	-1.151671	-28.022037	1.577976	-1.152757	-28.156514	1.511038	-1.228281	-27.866448	1.543336	-1.119099	-28.087428	1.483404	-0.905701	-27.948985	0.752650	-1.570207	-28.029302	1.421186	-0.546487	-28.107166	-0.075114	-2.075584	-28.028927	1.444049	-0.575205	-28.092690	-0.030158	-2.063323	-28.074397	1.423930	-0.595894	-28.095797	-0.030897	-2.062671	-28.211400	0.955800	-1.250920	-28.128701	0.983139	-1.278622	-27.853409	0.961896	-1.029998	-27.851092	0.928629	-1.071060	-28.134915	0.470036	-1.247660	-27.866082	0.455373	-1.035006	-28.147217	-0.052899	-1.196290	-28.143347	-0.066966	-1.260240	-27.881757	-0.032828	-1.011905	-27.852017	-0.076526	-1.056894
4626	64.257180	00:01:04:18	-27.961848	1.642785	-1.228212	-28.001805	1.652261	-1.109645	-28.064280	1.680846	-1.164019	-27.979619	1.571147	-1.201550	-28.028119	1.539003	-1.119018	-28.140242	1.509743	-1.260711	-27.822555	1.540235	-1.099750	-28.079816	1.487429	-0.916715	-28.007991	0.739155	-1.574571	-28.015117	1.434479	-0.549484	-28.068284	-0.057160	-2.088041	-28.063539	1.441605	-0.552205	-28.081758	-0.050179	-2.084006	-28.036697	1.404273	-0.568489	-28.101268	-0.061452	-2.056543	-28.164629	0.955521	-1.207580	-28.146337	0.946789	-1.253178	-27.875804	0.984795	-1.035848	-27.853659	0.952770	-1.070774	-28.155874	0.460022	-1.239274	-27.863425	0.483732	-1.023690	-28.196580	-0.010281	-1.191946	-28.137653	-0.044807	-1.286646	-27.903560	-0.096279	-1.018327	-27.828762	-0.064852	-1.060734
4627	64.271074	00:01:04:19	-27.983808	1.643308	-1.219927	-28.002415	1.634328	-1.086338	-28.071937	1.665054	-1.170169	-28.012590	1.538983	-1.198476	-27.996909	1.538474	-1.143321	-28.120955	1.531820	-1.254903	-27.895755	1.549363	-1.096959	-28.088058	1.499782	-0.920765	-27.956996	0.743576	-1.566834	-27.997894	1.417816	-0.543867	-28.090234	-0.116613	-2.040441	-28.039748	1.428967	-0.535353	-28.095437	-0.042830	-2.065849	-28.025536	1.409835	-0.550352	-28.094388	-0.058489	-2.087020	-28.162345	0.984404	-1.206612	-28.136478	0.928846	-1.256773	-27.860549	0.935687	-1.038778	-27.833656	0.950944	-1.095911	-28.140138	0.435841	-1.245780	-27.857362	0.464527	-1.077214	-28.218322	-0.027279	-1.186533	-28.161805	-0.042315	-1.277298	-27.859476	-0.043454	-1.054443	-27.843541	-0.077439	-1.067801
4628	64.284967	00:01:04:20	-27.976135	1.634761	-1.224685	-27.970325	1.655533	-1.105913	-28.084458	1.674476	-1.148712	-27.990078	1.548570	-1.172937	-28.026626	1.535772	-1.149179	-28.170528	1.545298	-1.288623	-27.878261	1.512863	-1.137968	-28.091322	1.480754	-0.912928	-27.953180	0.779592	-1.605391	-28.026583	1.416379	-0.559199	-28.072719	-0.022755	-2.064703	-28.050228	1.475568	-0.549656	-28.121140	-0.054735	-2.078310	-28.032469	1.432850	-0.534736	-28.094572	-0.062093	-2.064566	-28.197283	0.954116	-1.235556	-28.131803	0.971339	-1.255567	-27.859325	0.968417	-1.035977	-27.808913	0.949743	-1.106105	-28.172026	0.415767	-1.253318	-27.845194	0.438959	-1.076234	-28.177608	-0.032272	-1.205167	-28.114904	-0.030907	-1.253668	-27.874695	-0.044064	-1.006241	-27.860837	-0.074892	-1.095646
4629	64.298861	00:01:04:21	-27.965390	1.640583	-1.236291	-27.967195	1.646643	-1.088576	-28.102853	1.663621	-1.187242	-28.001035	1.526715	-1.204081	-28.023305	1.564197	-1.105255	-28.170593	1.554519	-1.243750	-27.856737	1.550624	-1.086111	-28.095896	1.495163	-0.890928	-27.988495	0.735290	-1.558584	-28.040564	1.458359	-0.549403	-28.112457	-0.033529	-2.070852	-28.017857	1.367833	-0.582130	-28.089521	-0.063966	-2.083540	-28.037817	1.425838	-0.556930	-28.096530	-0.045576	-2.086635	-28.203681	0.944497	-1.235337	-28.143105	0.976117	-1.303923	-27.873906	0.981003	-1.056312	-27.830457	0.951559	-1.087340	-28.162783	0.455555	-1.247157	-27.868479	0.481376	-1.044242	-28.177545	-0.055818	-1.172056	-28.147534	-0.052164	-1.225085	-27.868410	-0.103708	-0.987763	-27.838640	-0.061957	-1.079566
4630	64.312754	00:01:04:22	-27.969051	1.661787	-1.225646	-27.981212	1.635377	-1.112273	-28.060435	1.683437	-1.160758	-28.024539	1.545687	-1.175808	-28.008176	1.570255	-1.129660	-28.140392	1.577022	-1.283357	-27.891093	1.534254	-1.109571	-28.102645	1.471284	-0.902119	-27.984802	0.737796	-1.573385	-28.037101	1.435045	-0.525613	-28.082273	-0.048768	-2.086863	-28.014066	1.435162	-0.583956	-28.104163	-0.071240	-2.078253	-28.025018	1.410696	-0.556414	-28.127216	-0.024257	-2.023052	-28.182072	0.991661	-1.236633	-28.181529	0.960362	-1.269370	-27.878148	0.977060	-1.042391	-27.837289	0.954037	-1.072306	-28.154424	0.434968	-1.210863	-27.860182	0.460503	-1.040084	-28.161908	-0.041281	-1.202648	-28.134691	-0.047630	-1.239953	-27.884620	-0.044492	-1.022270	-27.873088	-0.072272	-1.099944
4631	64.326648	00:01:04:23	-27.985529	1.627891	-1.226257	-27.978767	1.665307	-1.121956	-28.101447	1.683830	-1.169196	-27.995415	1.559943	-1.176330	-28.032783	1.572920	-1.161150	-28.112660	1.555892	-1.219485	-27.868547	1.546225	-1.091846	-28.079705	1.492947	-0.924781	-27.981390	0.720553	-1.577288	-28.045855	1.443707	-0.560761	-28.109438	-0.060761	-2.078349	-28.037013	1.437731	-0.572621	-28.092100	-0.046231	-2.032744	-28.004128	1.428781	-0.561964	-28.091283	-0.074889	-2.070774	-28.186403	0.974606	-1.205670	-28.136073	0.988641	-1.287230	-27.881788	0.994856	-1.064534	-27.842044	0.960754	-1.069165	-28.184750	0.449029	-1.279629	-27.850070	0.460502	-1.021415	-28.144323	-0.049286	-1.181780	-28.146161	-0.058706	-1.260862	-27.885356	-0.056946	-1.008793	-27.838717	-0.029799	-1.056969
4632	64.340541	00:01:04:24	-27.969374	1.642168	-1.233982	-27.980852	1.637891	-1.105666	-28.080004	1.652849	-1.129517	-27.997288	1.527576	-1.179628	-28.009701	1.562358	-1.142774	-28.129734	1.532200	-1.294871	-27.879132	1.518661	-1.099057	-28.062077	1.489016	-0.923080	-27.980613	0.756262	-1.559283	-28.050037	1.415071	-0.579737	-28.096963	-0.044989	-2.064998	-28.051456	1.430767	-0.556375	-28.113243	-0.018901	-2.037385	-28.044149	1.440836	-0.548809	-28.100273	-0.049322	-2.057272	-28.161531	0.980915	-1.236717	-28.150224	0.957303	-1.264060	-27.904440	0.964363	-1.024828	-27.827544	0.953781	-1.072376	-28.146296	0.483955	-1.231641	-27.885875	0.445433	-1.067307	-28.128852	-0.074011	-1.234313	-28.128117	-0.053541	-1.299579	-27.888452	-0.036135	-1.002289	-27.851315	-0.073143	-1.064853
4633	64.354435	00:01:04:25	-27.952751	1.644104	-1.246088	-27.996581	1.628825	-1.104839	-28.058437	1.665215	-1.157209	-28.005330	1.552171	-1.175237	-28.024909	1.542248	-1.136179	-28.119379	1.524377	-1.211412	-27.858885	1.523817	-1.113736	-28.090482	1.478698	-0.923726	-27.982839	0.730922	-1.561341	-28.037749	1.453001	-0.557917	-28.096807	-0.026755	-2.045686	-28.043235	1.440018	-0.540259	-28.094635	-0.061072	-2.035614	-28.014726	1.407851	-0.578881	-28.089116	-0.048431	-2.032325	-28.168915	0.953406	-1.238677	-28.140384	0.933631	-1.280937	-27.847744	0.959056	-1.032492	-27.821947	0.949644	-1.097796	-28.179086	0.447251	-1.264809	-27.868587	0.491364	-1.043616	-28.166360	-0.045692	-1.186051	-28.137499	-0.064165	-1.219883	-27.859177	-0.034700	-1.019882	-27.849585	-0.040997	-1.066390
4634	64.368328	00:01:04:26	-27.965457	1.625160	-1.240343	-27.970092	1.678231	-1.093353	-28.076551	1.676164	-1.172675	-28.007942	1.534325	-1.196314	-28.025109	1.567233	-1.123764	-28.122818	1.535724	-1.262434	-27.854566	1.521046	-1.087889	-28.062426	1.466635	-0.882371	-27.954197	0.734890	-1.549468	-27.993700	1.442852	-0.557607	-28.102162	-0.069602	-2.058294	-28.033539	1.415308	-0.543983	-28.107761	-0.042644	-2.061947	-28.016265	1.438035	-0.546510	-28.100089	-0.052649	-2.089057	-28.189667	0.998698	-1.244614	-28.147374	0.955549	-1.286456	-27.877096	0.968806	-1.069366	-27.843634	0.943048	-1.107867	-28.154836	0.481338	-1.193195	-27.841330	0.459990	-1.030967	-28.176153	-0.043259	-1.204668	-28.132615	-0.037806	-1.263874	-27.869902	-0.044292	-1.022411	-27.813732	-0.090684	-1.049578
4635	64.382221	00:01:04:27	-27.947827	1.638809	-1.212222	-27.972638	1.654390	-1.098913	-28.084979	1.646654	-1.156619	-28.010437	1.526847	-1.172376	-28.006568	1.585838	-1.147574	-28.117763	1.549234	-1.254395	-27.910790	1.529910	-1.096763	-28.064795	1.466088	-0.895478	-28.031543	0.756947	-1.589807	-28.051685	1.435863	-0.540643	-28.076175	-0.042068	-2.043763	-28.043084	1.404165	-0.579520	-28.079959	-0.009983	-2.078531	-28.058300	1.436405	-0.549268	-28.124030	-0.045729	-2.040221	-28.188792	0.952597	-1.197312	-28.142294	0.977385	-1.304098	-27.872727	0.991263	-1.038378	-27.855237	0.969710	-1.066090	-28.143101	0.471112	-1.250038	-27.845606	0.426997	-1.029827	-28.179251	-0.068101	-1.228207	-28.137480	-0.064913	-1.261988	-27.888062	-0.031659	-1.036882	-27.862987	-0.052453	-1.063458
4636	64.396115	00:01:04:28	-27.962698	1.645780	-1.221451	-27.964538	1.664081	-1.110234	-28.061531	1.635098	-1.155284	-28.041661	1.579735	-1.142761	-28.018082	1.532175	-1.167313	-28.092349	1.508662	-1.278031	-27.892785	1.525853	-1.100392	-28.091908	1.512733	-0.864380	-27.973302	0.755891	-1.568405	-28.024448	1.448183	-0.591965	-28.076878	-0.047069	-2.077529	-28.033130	1.412290	-0.547384	-28.114870	-0.039332	-2.099519	-28.058225	1.413297	-0.542782	-28.058971	-0.037466	-2.054311	-28.191969	0.937532	-1.221218	-28.159742	0.954516	-1.309484	-27.837466	0.975984	-1.054530	-27.879241	0.975628	-1.090280	-28.166391	0.454785	-1.244186	-27.829510	0.453055	-1.040824	-28.158534	-0.070390	-1.189775	-28.144134	-0.048085	-1.263690	-27.862980	-0.069304	-1.024567	-27.830318	-0.057444	-1.081756
4637	64.410008	00:01:04:29	-27.961111	1.636482	-1.248527	-27.981678	1.673450	-1.123117	-28.063095	1.667808	-1.163829	-28.006506	1.525409	-1.183813	-28.022037	1.513051	-1.135916	-28.125858	1.549652	-1.278847	-27.866722	1.532803	-1.094911	-28.082497	1.459463	-0.910835	-28.004430	0.742477	-1.586961	-28.066490	1.433635	-0.531929	-28.118750	-0.008320	-2.016432	-28.021963	1.441888	-0.554142	-28.118609	-0.048268	-2.066941	-28.033418	1.430383	-0.566165	-28.123149	-0.023660	-2.051722	-28.169045	1.021322	-1.203498	-28.105664	0.996648	-1.244522	-27.858226	0.966154	-1.036755	-27.823987	0.955138	-1.076724	-28.187392	0.458019	-1.248454	-27.868453	0.434218	-1.062927	-28.174722	-0.070937	-1.237748	-28.137649	-0.084728	-1.251116	-27.846895	-0.072572	-1.029790	-27.790796	-0.076021	-1.063056
4638	64.423902	00:01:04:30	-27.952725	1.639236	-1.255763	-27.981404	1.619907	-1.084263	-28.054911	1.630506	-1.133877	-27.993671	1.546812	-1.164607	-28.024239	1.520095	-1.122942	-28.134379	1.538781	-1.226825	-27.858834	1.534046	-1.100540	-28.107311	1.463269	-0.896326	-27.981938	0.761822	-1.566658	-28.039301	1.427432	-0.553434	-28.086403	-0.024386	-2.082404	-28.031601	1.439864	-0.549592	-28.113929	-0.043000	-2.063209	-28.005269	1.423651	-0.566105	-28.074932	-0.026368	-2.078114	-28.199807	0.964266	-1.235074	-28.142613	0.996383	-1.249526	-27.882921	0.952444	-1.053240	-27.832971	0.920497	-1.111926	-28.155497	0.439071	-1.232856	-27.908845	0.427371	-1.035225	-28.159277	-0.035215	-1.218772	-28.191447	-0.075170	-1.282247	-27.863832	-0.049472	-1.018152	-27.836529	-0.027202	-1.038766
4639	64.437795	00:01:04:31	-27.926495	1.644952	-1.221528	-27.981780	1.661257	-1.117589	-28.069741	1.678395	-1.183092	-27.982307	1.529911	-1.179188	-28.020647	1.535206	-1.154859	-28.124713	1.521250	-1.267617	-27.857158	1.551278	-1.105435	-28.067291	1.479758	-0.900596	-28.008057	0.719109	-1.580164	-28.039031	1.424579	-0.561536	-28.093796	-0.050881	-2.072627	-28.028154	1.442614	-0.546571	-28.079509	-0.038375	-2.040716	-28.019400	1.449123	-0.549522	-28.082754	-0.050066	-2.053739	-28.174816	0.973519	-1.230175	-28.154494	0.964966	-1.284972	-27.892629	0.972689	-1.067267	-27.847955	0.953972	-1.083812	-28.190917	0.437910	-1.221921	-27.863029	0.470931	-1.044612	-28.166850	-0.048508	-1.211794	-28.123960	-0.028023	-1.270525	-27.842559	-0.042976	-1.004219	-27.864228	-0.060346	-1.084837
4640	64.451689	00:01:04:32	-27.954556	1.650510	-1.229287	-28.001875	1.646830	-1.108215	-28.101502	1.669353	-1.151949	-27.980898	1.516937	-1.197272	-28.027869	1.566363	-1.134025	-28.122394	1.527036	-1.221136	-27.858802	1.526387	-1.090678	-28.073753	1.488124	-0.926652	-28.002961	0.767869	-1.562108	-28.012505	1.424529	-0.548336	-28.081362	-0.062985	-2.061330	-28.042198	1.451735	-0.516860	-28.102642	-0.050034	-2.083174	-28.026287	1.440588	-0.569120	-28.091782	-0.040823	-2.066870	-28.197222	0.971878	-1.222328	-28.143896	0.956096	-1.269273	-27.874044	0.977274	-1.041992	-27.840664	0.972690	-1.085724	-28.132647	0.449353	-1.281242	-27.857925	0.447274	-1.044984	-28.168679	-0.045981	-1.211896	-28.136514	-0.087110	-1.268447	-27.865839	-0.069292	-1.022653	-27.850586	-0.051251	-1.097570
4641	64.465582	00:01:04:33	-27.961447	1.655543	-1.207367	-27.988802	1.671512	-1.109272	-28.095482	1.657835	-1.186497	-28.027819	1.554202	-1.164722	-28.007254	1.556821	-1.143994	-28.128923	1.526183	-1.270029	-27.902976	1.551332	-1.075533	-28.066325	1.480033	-0.932687	-27.979194	0.789065	-1.565029	-28.032245	1.425018	-0.556608	-28.091006	-0.073695	-2.109802	-28.062648	1.455514	-0.546825	-28.111359	-0.064136	-2.072113	-28.028217	1.433200	-0.587109	-28.116161	-0.038169	-2.036229	-28.150452	0.959630	-1.233406	-28.148243	0.977021	-1.286614	-27.828802	0.959168	-1.029691	-27.813478	0.965701	-1.090740	-28.172179	0.425368	-1.237036	-27.858433	0.494405	-1.020750	-28.185722	-0.063106	-1.226248	-28.135636	-0.103975	-1.244661	-27.916156	-0.061112	-1.024830	-27.849618	-0.034486	-1.073027
4642	64.479476	00:01:04:34	-27.968912	1.623398	-1.216188	-27.960226	1.676973	-1.114773	-28.081828	1.652078	-1.157359	-27.981173	1.536097	-1.182226	-28.012867	1.517170	-1.122125	-28.138152	1.518626	-1.275611	-27.862217	1.532570	-1.119130	-28.070649	1.476887	-0.905084	-28.006560	0.729832	-1.580646	-28.019209	1.428485	-0.574592	-28.106485	-0.034330	-2.079574	-28.035449	1.425476	-0.563945	-28.060144	-0.042579	-2.074750	-28.044380	1.450423	-0.575957	-28.135224	-0.070215	-2.080628	-28.179510	0.942788	-1.191298	-28.154017	0.976128	-1.272831	-27.839799	0.991126	-1.060919	-27.838660	0.949265	-1.082777	-28.163006	0.485829	-1.201841	-27.856819	0.455708	-1.056320	-28.175695	-0.075920	-1.218275	-28.129208	-0.053036	-1.256794	-27.857983	-0.051857	-1.036330	-27.850977	-0.067017	-1.075760
4643	64.493369	00:01:04:35	-27.961460	1.647003	-1.234153	-27.983543	1.673524	-1.053498	-28.098474	1.663808	-1.167624	-27.991507	1.550143	-1.156930	-28.028020	1.525491	-1.121839	-28.095722	1.562632	-1.253053	-27.852125	1.554041	-1.112665	-28.071733	1.462550	-0.919620	-28.022199	0.762012	-1.581526	-28.038034	1.441803	-0.560720	-28.095005	-0.074419	-2.055218	-28.034348	1.451037	-0.568980	-28.072628	-0.044979	-2.087157	-28.037336	1.445018	-0.540709	-28.092613	-0.077017	-2.060912	-28.155424	0.986002	-1.216818	-28.150168	0.973868	-1.298164	-27.871187	0.987306	-1.017643	-27.827319	0.977194	-1.098559	-28.138686	0.454177	-1.252852	-27.872954	0.461792	-1.049499	-28.179039	-0.037313	-1.203157	-28.142947	-0.052074	-1.266957	-27.865662	-0.038972	-1.005273	-27.812585	-0.072391	-1.075049
4644	64.507262	00:01:04:36	-27.951604	1.629792	-1.218252	-27.976665	1.676812	-1.111210	-28.077676	1.640402	-1.149731	-28.012676	1.519600	-1.150080	-28.011368	1.578971	-1.111013	-28.099849	1.556320	-1.220560	-27.859141	1.518621	-1.099369	-28.069667	1.469113	-0.905141	-27.985723	0.757165	-1.563607	-28.053830	1.412835	-0.506232	-28.066660	-0.028795	-2.043370	-28.070684	1.428469	-0.540080	-28.082462	-0.041240	-2.053358	-28.035597	1.432573	-0.551649	-28.079688	-0.015875	-2.053112	-28.160152	0.978354	-1.240854	-28.130406	1.006829	-1.267895	-27.885459	0.967238	-1.004669	-27.838879	0.949882	-1.066380	-28.144064	0.471676	-1.235615	-27.854845	0.440669	-1.055657	-28.163651	-0.087198	-1.190073	-28.152493	-0.064569	-1.286821	-27.900911	-0.062537	-1.013444	-27.869531	-0.046065	-1.084638
4645	64.521156	00:01:04:37	-27.952360	1.626341	-1.200679	-28.003486	1.670327	-1.086670	-28.080478	1.661602	-1.179779	-27.998902	1.551179	-1.180561	-27.995543	1.550012	-1.120681	-28.127972	1.547855	-1.272501	-27.911166	1.517825	-1.113994	-28.106413	1.481684	-0.922630	-27.964751	0.751730	-1.591206	-28.039403	1.447672	-0.562414	-28.149741	-0.046925	-2.054974	-28.028595	1.421036	-0.557262	-28.079488	-0.049348	-2.050735	-28.030717	1.427052	-0.555033	-28.087556	-0.057946	-2.057086	-28.176618	0.933470	-1.233431	-28.149968	0.967375	-1.272034	-27.877265	0.962635	-1.071114	-27.845609	0.968694	-1.021605	-28.165823	0.459896	-1.278547	-27.848241	0.479171	-1.055861	-28.164649	-0.078746	-1.195080	-28.138223	-0.080311	-1.253163	-27.891806	-0.043980	-1.013972	-27.858564	-0.073066	-1.052198
4646	64.535049	00:01:04:38	-27.921520	1.655777	-1.227862	-27.957112	1.689806	-1.101665	-28.103020	1.682630	-1.153158	-27.983548	1.554829	-1.163202	-28.028616	1.557890	-1.138523	-28.128262	1.527674	-1.251216	-27.902449	1.553141	-1.058862	-28.109146	1.499444	-0.869389	-28.007157	0.746854	-1.568256	-28.000175	1.428692	-0.569101	-28.072954	-0.041744	-2.074333	-28.069202	1.440766	-0.550599	-28.112593	-0.057023	-2.038024	-28.057979	1.438425	-0.575063	-28.090264	-0.060245	-2.078455	-28.198040	0.949406	-1.208611	-28.143312	0.958704	-1.269617	-27.881420	0.969148	-1.070819	-27.857224	0.964847	-1.096414	-28.138149	0.406307	-1.235746	-27.877069	0.433563	-1.046259	-28.160287	-0.076905	-1.229760	-28.147843	-0.035356	-1.240056	-27.882431	-0.040955	-1.035837	-27.840909	-0.059463	-1.100720
4647	64.548943	00:01:04:39	-27.949716	1.638633	-1.221078	-27.966585	1.639174	-1.100260	-28.081676	1.658586	-1.159364	-27.982451	1.557805	-1.162503	-28.005577	1.555151	-1.138704	-28.116816	1.562476	-1.260158	-27.888040	1.527906	-1.095356	-28.071346	1.495148	-0.890027	-28.003263	0.767090	-1.532272	-27.997598	1.458137	-0.549078	-28.074241	-0.065457	-2.018537	-28.054704	1.413481	-0.580296	-28.125211	-0.002617	-2.068438	-28.051712	1.426287	-0.571635	-28.089197	-0.049156	-2.066039	-28.187798	0.978753	-1.253534	-28.152277	0.977220	-1.271633	-27.851559	0.955860	-1.082041	-27.850824	0.955604	-1.082361	-28.151501	0.471482	-1.242771	-27.877523	0.468315	-1.066288	-28.195323	-0.086588	-1.190516	-28.148155	-0.052039	-1.220195	-27.929253	-0.040025	-1.011513	-27.835049	-0.021498	-1.065938
4648	64.562836	00:01:04:40	-27.932092	1.662988	-1.259058	-27.978305	1.688827	-1.083387	-28.069433	1.661910	-1.147366	-27.999469	1.593221	-1.174629	-28.013220	1.529841	-1.161276	-28.139038	1.532578	-1.251012	-27.887322	1.547968	-1.105367	-28.113805	1.480265	-0.924690	-27.982994	0.759549	-1.587551	-28.058027	1.433040	-0.566250	-28.097421	-0.033678	-2.083788	-28.042959	1.445286	-0.535321	-28.108987	-0.051949	-2.055833	-28.039570	1.452383	-0.539809	-28.108469	-0.041339	-2.069215	-28.190579	0.990486	-1.234214	-28.160828	0.957933	-1.274672	-27.865985	0.958061	-1.031815	-27.848232	0.989824	-1.088654	-28.134342	0.478577	-1.235942	-27.838266	0.476422	-1.043172	-28.177828	-0.036510	-1.204858	-28.140203	-0.051969	-1.275628	-27.859860	-0.032842	-1.000641	-27.857845	-0.052386	-1.076218
4649	64.576730	00:01:04:41	-27.970511	1.683349	-1.248164	-27.941480	1.657708	-1.094829	-28.078994	1.680450	-1.172881	-27.973312	1.573141	-1.139346	-27.994860	1.555095	-1.137156	-28.091531	1.547279	-1.248648	-27.843653	1.517025	-1.092215	-28.089130	1.469861	-0.904220	-27.995684	0.734211	-1.561238	-28.041263	1.452527	-0.564652	-28.068792	-0.074187	-2.079970	-28.020957	1.436713	-0.547342	-28.087780	-0.033189	-2.068678	-28.032537	1.447642	-0.547404	-28.074461	-0.046275	-2.045043	-28.167802	0.962977	-1.247110	-28.194355	0.979790	-1.295157	-27.875852	0.966335	-1.061298	-27.831129	0.964126	-1.081823	-28.162004	0.481593	-1.230392	-27.841325	0.471219	-1.013602	-28.204017	-0.065861	-1.219368	-28.128436	-0.040646	-1.240960	-27.873968	-0.055376	-1.009767	-27.820819	-0.032803	-1.045548
4650	64.590623	00:01:04:42	-27.944222	1.610937	-1.237149	-27.948260	1.659000	-1.072697	-28.095835	1.625036	-1.128212	-27.994396	1.523621	-1.179119	-28.014423	1.551540	-1.141692	-28.133681	1.576809	-1.271517	-27.848711	1.523428	-1.091593	-28.067119	1.481287	-0.903447	-27.957864	0.775828	-1.564232	-28.030128	1.439134	-0.543563	-28.105415	-0.040294	-2.056157	-28.016244	1.434860	-0.553175	-28.110325	-0.065577	-2.075184	-28.037984	1.409454	-0.543528	-28.092779	-0.046414	-2.086275	-28.197085	0.965897	-1.231514	-28.136939	0.976482	-1.314750	-27.871652	0.982764	-1.054582	-27.850103	0.945249	-1.087621	-28.166437	0.449432	-1.256786	-27.881971	0.462168	-1.072266	-28.173669	-0.067599	-1.202395	-28.140565	-0.042956	-1.266905	-27.842974	-0.047266	-1.028549	-27.826667	-0.065295	-1.043854
4651	64.604517	00:01:04:43	-27.948208	1.630078	-1.236712	-27.991421	1.653076	-1.099821	-28.058314	1.672951	-1.166662	-28.020317	1.563521	-1.192166	-28.000541	1.561114	-1.140811	-28.142842	1.560326	-1.251704	-27.895536	1.528963	-1.082689	-28.048218	1.497814	-0.886740	-28.008804	0.768072	-1.565904	-28.027347	1.444521	-0.598966	-28.118179	-0.037006	-2.079596	-28.023053	1.443767	-0.590454	-28.076373	-0.029074	-2.017247	-27.996131	1.459430	-0.520382	-28.111064	-0.042203	-2.077615	-28.170323	0.981128	-1.220573	-28.165421	0.951560	-1.269952	-27.864452	0.963234	-1.027125	-27.799221	0.965846	-1.110968	-28.174681	0.442451	-1.254019	-27.874704	0.438668	-1.048043	-28.180391	-0.010224	-1.210542	-28.127652	-0.059681	-1.254711	-27.884196	-0.049030	-1.027439	-27.850071	-0.060428	-1.075705
4652	64.618410	00:01:04:44	-27.955158	1.611065	-1.252509	-27.974595	1.660622	-1.064967	-28.080580	1.671769	-1.164296	-27.971511	1.550503	-1.180276	-28.030698	1.579726	-1.126967	-28.158911	1.540843	-1.221483	-27.858216	1.537232	-1.116210	-28.075986	1.505268	-0.911822	-27.965138	0.738014	-1.564026	-28.018760	1.424695	-0.547892	-28.089349	-0.065423	-2.080670	-28.044213	1.458473	-0.571978	-28.076029	-0.057674	-2.073970	-28.021636	1.398324	-0.576851	-28.107836	-0.026559	-2.094777	-28.175011	0.951728	-1.219781	-28.159605	0.963483	-1.268606	-27.858872	1.010806	-1.072762	-27.834043	0.979048	-1.133602	-28.201457	0.439261	-1.224474	-27.857075	0.463806	-1.048075	-28.160121	-0.022815	-1.204029	-28.146560	-0.031310	-1.211076	-27.896535	-0.056996	-1.006460	-27.829364	-0.066714	-1.067485
4653	64.632303	00:01:04:45	-27.957580	1.639789	-1.246394	-27.981254	1.665354	-1.090100	-28.068286	1.685301	-1.194367	-27.989231	1.535479	-1.194669	-28.037502	1.533435	-1.143813	-28.129443	1.525261	-1.264910	-27.862710	1.550795	-1.115981	-28.080585	1.467944	-0.900759	-27.984304	0.731716	-1.584031	-28.065403	1.432123	-0.590962	-28.083715	-0.041187	-2.095733	-28.038885	1.444600	-0.563178	-28.090466	-0.095205	-2.027127	-28.063447	1.443528	-0.564774	-28.100260	-0.072707	-2.046655	-28.180875	0.970439	-1.240977	-28.152102	0.962654	-1.287971	-27.865584	0.991834	-1.000366	-27.830917	0.991543	-1.069155	-28.131400	0.498926	-1.230629	-27.864763	0.448337	-1.052029	-28.185361	-0.084501	-1.225447	-28.157799	-0.060560	-1.276537	-27.857774	-0.058449	-0.967105	-27.862816	-0.065792	-1.094723
4654	64.646197	00:01:04:46	-27.966405	1.648275	-1.186296	-27.968589	1.649008	-1.098955	-28.067499	1.680866	-1.157272	-28.002987	1.536146	-1.199995	-28.043782	1.521734	-1.135144	-28.137171	1.566129	-1.275560	-27.894074	1.536327	-1.071805	-28.079444	1.455793	-0.931438	-27.977173	0.726687	-1.596310	-28.027681	1.435707	-0.534535	-28.083645	-0.048429	-2.082417	-28.013591	1.409634	-0.553241	-28.074861	-0.071180	-2.064593	-28.065967	1.419346	-0.541223	-28.084308	-0.066139	-2.081230	-28.198007	1.013399	-1.209361	-28.148900	0.973989	-1.264392	-27.884145	0.981727	-1.034863	-27.839315	0.954608	-1.086339	-28.164282	0.489507	-1.216868	-27.868579	0.454482	-1.071208	-28.170564	-0.091994	-1.223797	-28.148509	-0.070846	-1.245772	-27.857791	-0.059301	-1.009786	-27.834796	-0.059727	-1.097326
4655	64.660090	00:01:04:47	-27.989210	1.629013	-1.191743	-27.959872	1.645369	-1.098405	-28.068504	1.691860	-1.177139	-28.009121	1.541710	-1.183090	-28.022828	1.552901	-1.125871	-28.095419	1.498252	-1.242660	-27.865976	1.513117	-1.104897	-28.061266	1.513405	-0.905646	-27.990126	0.749405	-1.603121	-28.071730	1.383276	-0.533628	-28.113021	-0.080004	-2.046012	-28.051076	1.464212	-0.547598	-28.093942	-0.073003	-2.055416	-28.021111	1.436291	-0.543483	-28.075049	-0.051482	-2.073500	-28.174589	0.932679	-1.212874	-28.145966	0.972579	-1.289884	-27.871393	0.951500	-1.048193	-27.858230	0.972769	-1.083276	-28.171871	0.486295	-1.248204	-27.851475	0.440874	-1.059361	-28.183093	-0.063804	-1.210525	-28.117156	-0.083532	-1.259277	-27.862187	-0.057745	-1.008567	-27.787364	-0.062134	-1.064301
4656	64.673984	00:01:04:48	-27.923194	1.638931	-1.232498	-27.961397	1.652382	-1.123806	-28.097871	1.640820	-1.138847	-27.991582	1.535395	-1.168644	-27.987407	1.580021	-1.153251	-28.121224	1.538476	-1.254113	-27.855741	1.559418	-1.074874	-28.104743	1.484160	-0.921413	-27.972045	0.751065	-1.600974	-28.017078	1.415719	-0.569886	-28.066875	-0.033319	-2.048951	-27.986539	1.436944	-0.563827	-28.123158	-0.056207	-2.081222	-28.063366	1.431587	-0.581369	-28.067179	-0.024980	-2.067877	-28.166421	0.978703	-1.211542	-28.123139	0.956608	-1.257454	-27.864415	0.978278	-1.029558	-27.826469	0.970002	-1.089285	-28.151051	0.462088	-1.253776	-27.881099	0.488449	-1.047524	-28.171244	-0.030413	-1.243965	-28.144342	-0.042393	-1.266918	-27.863618	-0.064322	-1.009652	-27.822984	-0.065706	-1.069178
4657	64.687877	00:01:04:49	-27.936609	1.658775	-1.232308	-27.945283	1.693634	-1.093645	-28.078068	1.674300	-1.162665	-28.032112	1.539572	-1.196210	-28.009078	1.544765	-1.138977	-28.124147	1.547786	-1.293883	-27.839236	1.534673	-1.094721	-28.082800	1.485831	-0.884946	-28.026928	0.776739	-1.575599	-28.036250	1.415061	-0.552773	-28.113096	-0.057182	-2.041723	-28.022269	1.434848	-0.524871	-28.106478	-0.044536	-2.059973	-28.066697	1.454075	-0.561462	-28.096654	-0.045558	-2.056189	-28.171692	0.991838	-1.225479	-28.109105	0.972868	-1.274073	-27.881493	0.951684	-1.020627	-27.839730	0.939436	-1.095660	-28.196413	0.428281	-1.218959	-27.891731	0.437040	-1.045990	-28.151522	-0.037588	-1.213168	-28.134575	-0.048638	-1.229411	-27.907732	-0.037442	-1.009719	-27.857582	-0.060087	-1.056261
4658	64.701771	00:01:04:50	-27.961390	1.653824	-1.260536	-27.995287	1.647136	-1.102041	-28.060519	1.631248	-1.176959	-27.996290	1.539061	-1.190045	-28.010320	1.522421	-1.129395	-28.110772	1.515848	-1.267706	-27.858076	1.538377	-1.086705	-28.076426	1.532636	-0.902622	-27.980093	0.724741	-1.569207	-28.040319	1.439275	-0.568783	-28.101114	-0.015779	-2.006958	-28.038078	1.424682	-0.520250	-28.122050	-0.028330	-2.071000	-28.013599	1.431454	-0.521717	-28.112969	-0.046964	-2.068810	-28.177188	0.959579	-1.223427	-28.099316	0.988499	-1.290209	-27.890218	0.961159	-1.025862	-27.834348	0.942440	-1.088717	-28.145912	0.440489	-1.249405	-27.874221	0.426071	-1.066611	-28.164485	-0.067931	-1.210126	-28.138727	-0.064232	-1.258223	-27.875823	-0.034723	-1.010702	-27.846736	-0.051973	-1.032046
4659	64.715664	00:01:04:51	-27.993172	1.641391	-1.246953	-27.982058	1.691907	-1.081865	-28.099855	1.670210	-1.149182	-28.020328	1.534195	-1.179683	-28.021112	1.555313	-1.159787	-28.139709	1.550774	-1.246047	-27.863665	1.570093	-1.088233	-28.087139	1.488397	-0.917527	-27.993607	0.756402	-1.571902	-28.018633	1.454538	-0.556008	-28.088717	-0.055395	-2.078809	-28.098927	1.404928	-0.561567	-28.091195	-0.048289	-2.072026	-28.025154	1.452320	-0.556079	-28.120206	-0.053268	-2.069308	-28.173467	0.971349	-1.241868	-28.120390	0.973180	-1.282749	-27.867914	0.952433	-1.044745	-27.837689	0.983903	-1.058678	-28.175075	0.465156	-1.250349	-27.847605	0.467942	-1.058229	-28.174344	-0.042016	-1.204612	-28.100889	-0.066289	-1.235249	-27.875848	-0.051627	-1.006198	-27.838849	-0.069931	-1.051448
4660	64.729558	00:01:04:52	-27.976860	1.640693	-1.231442	-27.999906	1.679286	-1.082795	-28.067479	1.667818	-1.153918	-27.991233	1.533675	-1.177607	-28.022159	1.551229	-1.154880	-28.119548	1.567971	-1.266617	-27.834615	1.544853	-1.063139	-28.079666	1.485291	-0.859531	-27.976347	0.735747	-1.589897	-28.053787	1.415516	-0.546328	-28.104607	-0.025254	-2.052785	-28.034118	1.429101	-0.542859	-28.103677	-0.033425	-2.050574	-27.986765	1.435663	-0.568921	-28.090770	-0.030705	-2.053545	-28.161622	0.954298	-1.216811	-28.160891	0.934823	-1.293653	-27.901988	0.938872	-1.038151	-27.821866	0.945003	-1.108147	-28.181154	0.472251	-1.223835	-27.861556	0.461891	-1.074327	-28.198073	-0.049214	-1.211676	-28.147421	-0.090289	-1.274605	-27.891419	-0.039149	-1.020458	-27.843468	-0.067607	-1.059322
4661	64.743451	00:01:04:53	-27.988026	1.635773	-1.253073	-27.962073	1.651482	-1.103955	-28.079797	1.663512	-1.156859	-27.974875	1.546197	-1.171585	-28.026076	1.554654	-1.139070	-28.138100	1.532651	-1.259036	-27.876220	1.529269	-1.119593	-28.079835	1.484492	-0.921416	-27.970394	0.735052	-1.594691	-28.035041	1.444629	-0.534941	-28.104276	-0.058518	-2.044162	-28.049361	1.458985	-0.554726	-28.106521	-0.073132	-2.065573	-28.010674	1.396913	-0.544336	-28.081884	-0.040183	-2.029976	-28.163863	0.991082	-1.213466	-28.127972	0.964057	-1.285595	-27.857403	0.961846	-1.066845	-27.809226	0.959479	-1.074245	-28.161172	0.465418	-1.201828	-27.864413	0.438114	-1.027409	-28.180983	-0.057004	-1.220902	-28.155734	-0.067771	-1.245096	-27.879271	-0.038646	-1.012106	-27.834690	-0.088208	-1.054233
4662	64.757344	00:01:04:54	-27.950971	1.623309	-1.235059	-27.998564	1.704160	-1.047301	-28.078628	1.632532	-1.183989	-28.015284	1.520457	-1.191862	-28.033003	1.560641	-1.155977	-28.122986	1.561027	-1.274180	-27.866743	1.544301	-1.103398	-28.066768	1.468454	-0.919596	-28.004725	0.741121	-1.594120	-28.041932	1.459931	-0.552743	-28.127104	-0.068665	-2.052301	-28.027690	1.453532	-0.573338	-28.083129	-0.056852	-2.057277	-28.032767	1.466496	-0.560454	-28.108523	-0.064535	-2.034377	-28.166021	0.954303	-1.223274	-28.107784	0.957017	-1.258985	-27.846201	0.938722	-1.056515	-27.825257	0.949548	-1.071561	-28.159959	0.463899	-1.226526	-27.854689	0.438280	-1.053756	-28.167295	-0.056167	-1.192340	-28.154878	-0.108732	-1.268369	-27.891376	-0.070780	-1.016469	-27.833878	-0.066521	-1.074296
4663	64.771238	00:01:04:55	-27.951631	1.652812	-1.239846	-27.978277	1.656269	-1.093086	-28.092952	1.666350	-1.141372	-28.019873	1.513415	-1.153102	-28.016928	1.522471	-1.154141	-28.122791	1.534989	-1.240670	-27.872120	1.581667	-1.113781	-28.067240	1.508511	-0.888801	-27.975744	0.750070	-1.565876	-28.039358	1.471999	-0.547186	-28.092007	-0.054835	-2.069633	-28.045294	1.434935	-0.574446	-28.074676	-0.041196	-2.085625	-27.983169	1.471920	-0.567977	-28.092202	-0.053874	-2.049375	-28.189774	0.939174	-1.212672	-28.129069	0.972577	-1.269010	-27.870010	0.985223	-1.041327	-27.853852	0.952889	-1.072522	-28.153428	0.453318	-1.262566	-27.840855	0.449700	-1.051021	-28.144181	-0.077339	-1.211119	-28.156221	-0.067029	-1.291017	-27.868062	-0.056212	-1.013925	-27.816543	-0.069598	-1.082541
4664	64.785131	00:01:04:56	-27.945258	1.646919	-1.226734	-27.964587	1.643969	-1.047762	-28.070792	1.646362	-1.133185	-27.992461	1.564542	-1.199736	-28.031352	1.538143	-1.154596	-28.113374	1.532706	-1.225924	-27.871418	1.550903	-1.073582	-28.078835	1.464568	-0.908896	-27.977511	0.754955	-1.564887	-28.012144	1.425813	-0.559528	-28.099763	-0.024506	-2.059294	-28.010845	1.436626	-0.542423	-28.110509	-0.031644	-2.015307	-28.019615	1.422557	-0.556213	-28.090513	-0.059236	-2.098701	-28.183045	0.943376	-1.244207	-28.152744	0.988744	-1.302899	-27.887054	0.958621	-1.035085	-27.831555	0.929484	-1.094795	-28.175699	0.474004	-1.226512	-27.855795	0.493250	-1.058653	-28.166392	-0.039922	-1.197734	-28.155815	-0.098249	-1.233612	-27.882712	-0.061118	-1.011426	-27.853834	-0.076997	-1.064218
4665	64.799025	00:01:04:57	-27.938002	1.641664	-1.209461	-27.955651	1.637795	-1.100331	-28.101640	1.665395	-1.167648	-28.005729	1.523775	-1.160249	-28.025343	1.547467	-1.173205	-28.130303	1.558334	-1.253289	-27.911605	1.536319	-1.094464	-28.106671	1.471929	-0.896902	-27.964340	0.756299	-1.628059	-28.032650	1.413437	-0.534052	-28.078348	-0.037429	-2.055121	-28.017756	1.426142	-0.556670	-28.099260	-0.055822	-2.086263	-28.026006	1.466432	-0.565178	-28.088071	-0.053463	-2.057423	-28.197790	0.984906	-1.213398	-28.175503	0.953529	-1.289584	-27.896306	0.978651	-1.008177	-27.851525	0.983951	-1.084302	-28.162610	0.486556	-1.236485	-27.860852	0.413665	-1.049146	-28.169260	-0.075646	-1.171670	-28.173389	-0.037661	-1.263067	-27.845580	-0.056235	-1.010876	-27.846048	-0.036364	-1.042193
4666	64.812918	00:01:04:58	-27.943379	1.630831	-1.232408	-27.982957	1.637848	-1.079271	-28.096976	1.674125	-1.153804	-27.984184	1.519761	-1.192782	-28.020493	1.526757	-1.170212	-28.132017	1.553860	-1.294890	-27.887193	1.525137	-1.105479	-28.063692	1.483466	-0.893066	-28.014366	0.725272	-1.539659	-28.014604	1.422774	-0.571264	-28.062995	-0.067296	-2.066151	-28.064939	1.430404	-0.529917	-28.102389	-0.041263	-2.062494	-28.033170	1.458745	-0.536694	-28.121156	-0.019782	-2.071256	-28.122661	0.966287	-1.223254	-28.140813	0.935017	-1.250973	-27.891207	0.962273	-1.026808	-27.832007	0.954587	-1.061135	-28.173619	0.430441	-1.256205	-27.869596	0.487887	-1.084796	-28.160594	-0.018962	-1.209476	-28.169788	-0.053979	-1.245776	-27.876124	-0.036482	-1.014844	-27.846115	-0.045292	-1.060872
4667	64.826812	00:01:04:59	-27.968361	1.662323	-1.214019	-27.952772	1.644341	-1.097310	-28.063196	1.672532	-1.167987	-28.007426	1.555233	-1.184049	-28.016552	1.552212	-1.153962	-28.118053	1.566049	-1.261808	-27.879368	1.540329	-1.084006	-28.107340	1.469321	-0.904987	-27.958771	0.769404	-1.601410	-28.007755	1.424466	-0.575042	-28.088067	-0.050512	-2.075257	-28.029205	1.386286	-0.547661	-28.072087	-0.057359	-2.038722	-27.996760	1.437822	-0.541052	-28.117559	-0.047208	-2.026503	-28.191615	0.978175	-1.224200	-28.160817	0.953759	-1.277138	-27.865446	0.941096	-1.037719	-27.861522	0.979542	-1.083373	-28.148679	0.476699	-1.252326	-27.862243	0.455735	-1.038649	-28.178845	-0.053530	-1.199926	-28.142536	-0.076036	-1.270097	-27.902440	-0.069664	-1.020626	-27.820585	-0.087038	-1.082098
4668	64.840705	00:01:04:60	-27.968719	1.635100	-1.263239	-28.005831	1.678823	-1.093251	-28.075779	1.652631	-1.173327	-28.008912	1.564841	-1.173101	-27.983902	1.550043	-1.141949	-28.137750	1.501467	-1.263894	-27.834658	1.545780	-1.097477	-28.093279	1.519232	-0.917264	-27.974682	0.717980	-1.594962	-27.995702	1.465313	-0.568687	-28.113168	-0.031566	-2.043239	-28.040758	1.444553	-0.575660	-28.104761	-0.040277	-2.049054	-28.024129	1.426637	-0.550198	-28.086658	-0.051715	-2.054913	-28.184540	0.976908	-1.246317	-28.146882	0.980224	-1.287717	-27.851950	0.956506	-1.062595	-27.839468	0.948168	-1.090242	-28.156238	0.456466	-1.199199	-27.858287	0.427480	-1.070832	-28.172942	-0.054617	-1.214957	-28.165328	-0.049803	-1.262673	-27.868630	-0.037511	-1.002281	-27.838244	-0.066916	-1.060747
4669	64.854599	00:01:04:61	-27.952043	1.623616	-1.213170	-27.968164	1.665818	-1.096663	-28.076788	1.689811	-1.175160	-28.008103	1.553491	-1.162936	-28.036331	1.545433	-1.153225	-28.111003	1.526912	-1.246953	-27.872827	1.526803	-1.099701	-28.087564	1.462120	-0.933487	-27.979119	0.757675	-1.580853	-28.010578	1.418885	-0.538174	-28.091703	-0.082401	-2.054755	-28.000870	1.463574	-0.579180	-28.122565	-0.047777	-2.095566	-28.042722	1.435675	-0.568440	-28.083316	-0.048280	-2.033357	-28.178168	0.957363	-1.213381	-28.131422	0.952390	-1.261952	-27.852319	0.990032	-1.028634	-27.856858	0.967858	-1.076738	-28.180259	0.456613	-1.243288	-27.865161	0.471425	-1.059544	-28.202457	-0.035650	-1.202330	-28.127338	-0.056551	-1.293865	-27.863488	-0.062034	-1.038095	-27.826119	-0.060849	-1.061893
4670	64.868492	00:01:04:62	-27.964768	1.640903	-1.230503	-27.948816	1.657702	-1.129157	-28.071588	1.665251	-1.179336	-27.965758	1.545793	-1.163961	-28.017952	1.574910	-1.150606	-28.101389	1.529601	-1.237554	-27.846968	1.525925	-1.075513	-28.060969	1.498637	-0.897680	-27.977454	0.768208	-1.604355	-28.021849	1.421007	-0.554106	-28.090846	-0.048225	-2.041756	-27.986211	1.414613	-0.518591	-28.097647	-0.041765	-2.051883	-28.019392	1.417742	-0.528810	-28.104080	-0.074250	-2.071843	-28.154065	0.945716	-1.267623	-28.150401	0.943215	-1.264884	-27.855370	0.935985	-1.029822	-27.842458	0.973382	-1.098932	-28.135293	0.477573	-1.269539	-27.853167	0.437204	-1.062505	-28.164587	-0.049975	-1.201790	-28.117188	-0.064511	-1.290551	-27.890322	-0.035700	-1.019553	-27.866812	-0.079250	-1.044262
4671	64.882385	00:01:04:63	-27.930171	1.659606	-1.245624	-27.970967	1.660978	-1.116001	-28.069734	1.683080	-1.154127	-27.998084	1.539620	-1.193242	-28.030544	1.543945	-1.127983	-28.112534	1.531032	-1.258734	-27.876250	1.521793	-1.084608	-28.082502	1.464843	-0.904733	-27.994084	0.754914	-1.588019	-28.000814	1.436823	-0.539948	-28.092336	-0.071581	-2.087387	-28.076654	1.418069	-0.548679	-28.111225	-0.067435	-2.077529	-28.013319	1.431532	-0.551906	-28.089367	-0.065413	-2.058537	-28.158145	0.948922	-1.229608	-28.171546	0.972811	-1.269858	-27.854949	0.968953	-1.062123	-27.828326	0.966674	-1.104380	-28.159188	0.443844	-1.246946	-27.856607	0.473790	-1.047506	-28.167181	-0.049466	-1.224534	-28.127046	-0.077538	-1.269409	-27.873777	-0.032100	-1.046577	-27.843576	-0.023944	-1.076920
4672	64.896279	00:01:04:64	-27.929760	1.634482	-1.210268	-27.994385	1.660879	-1.124477	-28.101162	1.646972	-1.174256	-27.994680	1.526789	-1.172088	-28.032268	1.555553	-1.158796	-28.146641	1.510738	-1.269275	-27.845729	1.551146	-1.075268	-28.094535	1.528153	-0.897422	-27.964133	0.771305	-1.597338	-28.022863	1.442351	-0.545642	-28.079587	-0.054405	-2.081654	-28.037420	1.435066	-0.569654	-28.069402	-0.057486	-2.088709	-28.007221	1.408667	-0.551478	-28.081857	-0.034523	-2.070706	-28.163249	0.953219	-1.243498	-28.163302	0.929827	-1.311469	-27.891346	0.938659	-1.031663	-27.854421	0.987921	-1.093731	-28.166155	0.461948	-1.256935	-27.847831	0.430116	-1.057623	-28.147566	-0.085343	-1.240779	-28.145184	-0.008178	-1.252376	-27.872751	-0.058280	-1.012958	-27.840089	-0.052125	-1.093477
4673	64.910172	00:01:04:65	-27.961543	1.658794	-1.246059	-27.976976	1.632651	-1.091960	-28.114342	1.666107	-1.176233	-27.986439	1.551760	-1.179502	-28.030532	1.551586	-1.141323	-28.147903	1.528248	-1.263114	-27.871368	1.545567	-1.104854	-28.039633	1.459353	-0.917374	-27.959751	0.766049	-1.596330	-28.062802	1.431294	-0.564168	-28.087336	-0.060313	-2.063762	-28.042371	1.402009	-0.566606	-28.074968	-0.060476	-2.081068	-28.062266	1.412450	-0.550119	-28.106231	-0.042487	-2.049476	-28.138720	0.997749	-1.221345	-28.161548	0.979316	-1.268023	-27.912989	0.965375	-1.045529	-27.809933	0.932237	-1.122612	-28.170941	0.466216	-1.245381	-27.888756	0.469435	-1.040017	-28.200265	-0.051470	-1.192873	-28.174740	-0.056267	-1.257972	-27.858049	-0.054106	-1.026788	-27.828858	-0.071879	-1.062817
4674	64.924066	00:01:04:66	-27.961684	1.630440	-1.223444	-27.959408	1.658210	-1.089939	-28.076136	1.661984	-1.149073	-27.981878	1.520292	-1.216782	-28.023540	1.579818	-1.141707	-28.134255	1.570361	-1.231907	-27.851393	1.547487	-1.110121	-28.077337	1.499504	-0.921863	-27.993861	0.781039	-1.599811	-28.057287	1.448511	-0.559516	-28.082538	-0.082919	-2.052067	-28.055481	1.418105	-0.548104	-28.107442	-0.036477	-2.037206	-28.014980	1.425790	-0.570179	-28.098793	-0.023906	-2.075529	-28.219719	1.002166	-1.211501	-28.139337	0.997869	-1.301335	-27.864038	0.961104	-1.029456	-27.836740	0.947568	-1.075506	-28.166527	0.444748	-1.235765	-27.851263	0.442252	-1.078867	-28.158317	-0.022705	-1.216026	-28.156568	-0.066128	-1.240796	-27.864466	-0.077696	-1.013664	-27.844123	-0.077309	-1.075047
4675	64.937959	00:01:04:67	-27.976640	1.623825	-1.210442	-28.004082	1.644043	-1.101697	-28.107173	1.640582	-1.154984	-27.979468	1.541695	-1.176107	-28.003895	1.526632	-1.126692	-28.091160	1.541678	-1.236871	-27.867270	1.516424	-1.099841	-28.096601	1.473054	-0.905426	-28.005047	0.758968	-1.568062	-28.020685	1.440515	-0.567024	-28.082177	-0.055519	-2.043662	-28.046544	1.435500	-0.571545	-28.107762	-0.047810	-2.055296	-28.023570	1.446608	-0.521640	-28.084271	-0.053593	-2.021100	-28.139186	0.961672	-1.243809	-28.135919	0.956460	-1.269525	-27.900835	0.984575	-1.050038	-27.813185	0.950413	-1.091961	-28.144170	0.475182	-1.220420	-27.881571	0.441367	-1.079769	-28.168866	-0.060220	-1.213531	-28.162996	-0.064909	-1.257588	-27.852370	-0.042070	-1.025547	-27.839436	-0.026974	-1.051194
4676	64.951853	00:01:04:68	-27.961436	1.622124	-1.237412	-27.922137	1.655180	-1.087266	-28.082066	1.653041	-1.182028	-27.983299	1.542589	-1.175523	-28.043026	1.532838	-1.135022	-28.130686	1.573794	-1.277696	-27.890561	1.530861	-1.123538	-28.087339	1.513636	-0.887203	-27.974852	0.748844	-1.563349	-28.044603	1.424848	-0.528519	-28.104091	-0.058100	-2.091775	-28.024482	1.451242	-0.533500	-28.139783	-0.038248	-2.089480	-28.024775	1.448888	-0.555409	-28.126544	-0.059922	-2.072520	-28.184483	0.983112	-1.215824	-28.130140	0.933211	-1.288552	-27.858670	0.974242	-1.063248	-27.864514	0.983654	-1.101100	-28.181269	0.490988	-1.239029	-27.888243	0.460801	-1.061339	-28.202856	-0.046276	-1.222962	-28.147911	-0.075544	-1.262776	-27.882958	-0.074553	-1.029469	-27.841655	-0.095713	-1.059340
4677	64.965746	00:01:04:69	-27.962786	1.617497	-1.232150	-27.994322	1.684508	-1.113182	-28.065633	1.698926	-1.209255	-28.001510	1.546738	-1.194560	-28.026637	1.531681	-1.116676	-28.122437	1.545287	-1.276196	-27.860449	1.530073	-1.129423	-28.055763	1.498545	-0.893490	-27.979610	0.767991	-1.569744	-28.045761	1.431691	-0.545726	-28.097337	-0.030430	-2.092797	-28.024642	1.445276	-0.566706	-28.101728	-0.034322	-2.062142	-28.034246	1.450011	-0.539314	-28.117469	-0.038002	-2.063471	-28.164008	0.993283	-1.253589	-28.123439	0.933362	-1.294442	-27.872357	0.975786	-0.988257	-27.827448	0.922871	-1.095676	-28.179233	0.433196	-1.250782	-27.877423	0.457644	-1.035510	-28.177499	-0.076763	-1.195542	-28.145936	-0.040070	-1.273007	-27.874616	-0.062672	-1.027107	-27.834464	-0.109529	-1.073835
4678	64.979639	00:01:04:70	-27.954906	1.671332	-1.213689	-27.978433	1.629966	-1.090501	-28.057276	1.669231	-1.172674	-28.011045	1.554633	-1.198094	-28.001596	1.561682	-1.149231	-28.110291	1.567717	-1.231122	-27.891891	1.540027	-1.066767	-28.108740	1.500525	-0.917652	-27.993027	0.784697	-1.579529	-28.029503	1.430137	-0.580179	-28.081965	-0.009370	-2.035716	-28.046299	1.437455	-0.574203	-28.081579	-0.065487	-2.059526	-28.038390	1.394529	-0.568488	-28.108767	-0.046967	-2.062369	-28.175374	0.979733	-1.230178	-28.122026	0.996405	-1.299074	-27.881248	0.982121	-1.020176	-27.861038	0.984135	-1.111954	-28.165882	0.464079	-1.263637	-27.862303	0.456756	-1.062586	-28.188933	-0.084896	-1.219640	-28.123086	-0.068454	-1.274567	-27.864974	-0.052566	-1.014030	-27.850921	-0.082720	-1.073768
4679	64.993533	00:01:04:71	-27.939848	1.648571	-1.241034	-27.992716	1.661191	-1.076991	-28.085742	1.679051	-1.152614	-28.013279	1.551169	-1.186148	-28.031627	1.537125	-1.163124	-28.112138	1.554807	-1.271758	-27.871354	1.559365	-1.107109	-28.095323	1.489112	-0.899545	-28.007771	0.708469	-1.596947	-28.038228	1.401039	-0.560568	-28.100454	-0.063636	-2.061575	-28.043481	1.440003	-0.537852	-28.134539	-0.052187	-2.044644	-28.024088	1.420053	-0.570689	-28.100861	-0.040569	-2.058732	-28.173290	0.976412	-1.231328	-28.158285	0.964433	-1.299468	-27.896272	0.993425	-1.031782	-27.842815	0.986134	-1.060531	-28.143858	0.422945	-1.237429	-27.855221	0.442532	-1.055695	-28.196491	-0.040196	-1.196034	-28.151886	-0.062849	-1.265789	-27.841619	-0.022288	-1.015304	-27.849293	-0.058284	-1.059600
4680	65.007426	00:01:05:00	-27.983866	1.633721	-1.230855	-27.994638	1.641418	-1.105002	-28.115049	1.671826	-1.152589	-28.008801	1.555411	-1.165955	-27.992258	1.544610	-1.108815	-28.133221	1.535703	-1.291016	-27.886070	1.547771	-1.088496	-28.093196	1.501270	-0.927719	-27.969703	0.735944	-1.569171	-28.051711	1.442388	-0.568775	-28.139336	-0.049381	-2.065405	-28.036863	1.439395	-0.573840	-28.101161	-0.019814	-2.073858	-28.016889	1.403468	-0.554963	-28.087528	-0.046389	-2.062996	-28.165601	0.958828	-1.204616	-28.126725	0.981225	-1.297718	-27.876734	0.949910	-1.006853	-27.871211	0.952613	-1.078604	-28.154353	0.487248	-1.239971	-27.931782	0.442189	-1.044048	-28.154249	-0.069464	-1.208914	-28.105940	-0.040836	-1.254036	-27.894112	-0.041427	-1.022456	-27.854566	-0.074876	-1.081622
4681	65.021320	00:01:05:01	-27.941514	1.649540	-1.235236	-27.968586	1.669186	-1.100362	-28.052261	1.664733	-1.169237	-27.988039	1.528705	-1.199461	-28.008679	1.514307	-1.144411	-28.146639	1.496820	-1.264191	-27.833106	1.546928	-1.104241	-28.082388	1.490481	-0.892768	-27.964845	0.724685	-1.575947	-28.041564	1.432075	-0.580899	-28.124985	-0.033404	-2.058690	-28.050921	1.428123	-0.556482	-28.050423	-0.062901	-2.074688	-28.026533	1.451859	-0.581683	-28.073804	-0.055433	-2.095264	-28.169873	0.993145	-1.246770	-28.144219	0.952869	-1.251878	-27.869723	0.975964	-1.045415	-27.837315	0.947879	-1.126705	-28.136244	0.433630	-1.227425	-27.844995	0.442539	-1.073738	-28.148603	-0.043141	-1.229932	-28.157589	-0.042119	-1.262017	-27.881753	-0.056209	-1.016557	-27.812007	-0.086873	-1.070246
4682	65.035213	00:01:05:02	-27.984614	1.648097	-1.231322	-27.962435	1.635971	-1.100704	-28.070576	1.634675	-1.158799	-28.007635	1.563603	-1.183015	-28.022307	1.531749	-1.141957	-28.151716	1.539912	-1.267234	-27.866442	1.516979	-1.123700	-28.067743	1.500395	-0.880271	-27.981548	0.770147	-1.574113	-28.078682	1.406012	-0.568578	-28.088478	-0.015715	-2.080602	-28.056375	1.416860	-0.556604	-28.064227	-0.054587	-2.055996	-28.051120	1.484051	-0.553845	-28.078294	-0.049866	-2.059810	-28.154451	0.958185	-1.237050	-28.124888	0.956179	-1.295917	-27.877177	0.984350	-1.076900	-27.853566	0.970881	-1.073988	-28.153562	0.452390	-1.244417	-27.874932	0.456531	-1.032637	-28.173812	-0.030077	-1.218602	-28.126026	-0.074830	-1.269945	-27.891964	-0.043895	-1.009267	-27.853956	-0.082844	-1.096199
4683	65.049107	00:01:05:03	-27.935729	1.660022	-1.242199	-27.975964	1.682317	-1.103944	-28.073570	1.649771	-1.174307	-28.022626	1.510278	-1.159963	-28.022091	1.530570	-1.145862	-28.123880	1.549261	-1.244589	-27.869407	1.538700	-1.102946	-28.095605	1.451607	-0.897743	-27.976094	0.733872	-1.550662	-28.034931	1.419247	-0.540977	-28.083413	-0.041648	-2.077025	-28.054660	1.436411	-0.561539	-28.097329	-0.043801	-2.037501	-28.021926	1.443124	-0.558414	-28.095647	-0.006916	-2.052107	-28.174159	0.974294	-1.237268	-28.162674	0.966179	-1.278845	-27.863867	0.974049	-1.031876	-27.828081	0.967759	-1.099174	-28.149052	0.451547	-1.208935	-27.821534	0.463023	-1.030360	-28.198734	-0.040320	-1.204740	-28.148070	-0.053978	-1.268348	-27.892672	-0.032446	-1.020718	-27.830568	-0.073090	-1.078790
4684	65.063000	00:01:05:04	-27.975582	1.650437	-1.208173	-27.963096	1.648899	-1.054046	-28.091318	1.668506	-1.155209	-28.017771	1.561164	-1.184211	-28.012051	1.564159	-1.123588	-28.120324	1.544019	-1.259405	-27.845959	1.529705	-1.111113	-28.100675	1.478571	-0.920346	-27.968453	0.746826	-1.572527	-28.030748	1.427962	-0.571450	-28.057709	-0.037645	-2.062646	-28.055218	1.429161	-0.543272	-28.095497	-0.061459	-2.045580	-28.020417	1.427279	-0.573451	-28.038029	-0.076453	-2.079521	-28.164313	0.971258	-1.227346	-28.164171	0.961873	-1.251994	-27.865548	0.958069	-1.029883	-27.874169	0.953452	-1.095529	-28.163312	0.487523	-1.230374	-27.868470	0.449553	-1.053412	-28.148029	-0.061804	-1.214930	-28.146015	-0.073364	-1.241134	-27.851819	-0.021341	-1.047019	-27.816993	-0.039112	-1.086362
4685	65.076894	00:01:05:05	-27.961235	1.630042	-1.231958	-27.958003	1.697131	-1.084893	-28.091659	1.692182	-1.163795	-28.004093	1.570132	-1.173835	-28.029541	1.498971	-1.135838	-28.100175	1.518572	-1.242867	-27.883430	1.549144	-1.090366	-28.111247	1.446611	-0.909328	-27.995513	0.754857	-1.596309	-28.013517	1.455808	-0.538999	-28.089077	-0.072510	-2.073302	-28.023407	1.432051	-0.566958	-28.106069	-0.055726	-2.051334	-28.040344	1.422595	-0.520625	-28.106336	-0.040541	-2.071436	-28.180779	0.981229	-1.246205	-28.118750	0.971452	-1.255840	-27.894097	0.950164	-1.048544	-27.858413	0.957354	-1.103543	-28.165113	0.440014	-1.235628	-27.832338	0.479383	-1.059749	-28.161211	-0.028191	-1.237193	-28.131147	-0.037969	-1.253353	-27.892857	-0.065416	-1.024597	-27.833256	-0.073053	-1.104371
4686	65.090787	00:01:05:06	-27.927419	1.636128	-1.205919	-27.991115	1.685760	-1.084486	-28.097856	1.685847	-1.170146	-28.002758	1.526231	-1.145446	-28.017889	1.549142	-1.115988	-28.128420	1.571893	-1.255802	-27.857035	1.522659	-1.057927	-28.091286	1.489968	-0.888545	-27.979797	0.746394	-1.573749	-28.038436	1.453473	-0.541342	-28.093964	-0.046802	-2.036239	-28.045003	1.420210	-0.519994	-28.087103	-0.051784	-2.032244	-28.068209	1.401469	-0.544396	-28.081358	-0.039303	-2.045402	-28.185164	0.993493	-1.207430	-28.132395	0.958838	-1.314423	-27.879143	0.995721	-1.015830	-27.829424	0.969954	-1.080388	-28.142925	0.447175	-1.247345	-27.886993	0.483196	-1.066645	-28.162880	-0.015556	-1.229834	-28.150659	-0.079821	-1.273865	-27.882337	-0.084797	-1.024415	-27.835958	-0.038375	-1.082455
4687	65.104680	00:01:05:07	-27.957395	1.672516	-1.204176	-27.940480	1.676246	-1.092666	-28.077791	1.650138	-1.180567	-27.999730	1.527179	-1.192678	-28.025188	1.547071	-1.122367	-28.136119	1.530785	-1.247158	-27.859612	1.535296	-1.088911	-28.086928	1.494152	-0.896571	-27.975677	0.715006	-1.599788	-28.006361	1.441587	-0.572795	-28.078896	-0.062890	-2.045919	-28.031855	1.423093	-0.546324	-28.104839	-0.079472	-2.064026	-28.043098	1.455047	-0.561667	-28.122843	-0.041866	-2.062534	-28.195242	0.964727	-1.204687	-28.161979	0.959129	-1.275173	-27.873024	0.985512	-1.041717	-27.808010	0.962874	-1.101320	-28.161862	0.490413	-1.243119	-27.849017	0.447797	-1.038336	-28.222349	-0.056349	-1.211771	-28.177697	-0.083766	-1.271752	-27.834611	-0.051916	-1.020901	-27.818893	-0.065166	-1.072226
4688	65.118574	00:01:05:08	-27.947808	1.651219	-1.221261	-27.980019	1.666111	-1.088421	-28.063591	1.662313	-1.136168	-27.976834	1.579973	-1.150802	-28.034840	1.591815	-1.102139	-28.099119	1.541891	-1.244829	-27.851410	1.520199	-1.116240	-28.058550	1.507014	-0.886731	-27.973805	0.758513	-1.608832	-28.037578	1.465530	-0.572353	-28.064022	-0.034356	-2.067530	-28.060269	1.427715	-0.534975	-28.094402	-0.040075	-2.072755	-28.034317	1.446257	-0.556020	-28.088013	-0.023662	-2.031307	-28.191813	0.947508	-1.194438	-28.143265	0.955025	-1.289458	-27.846044	0.937318	-1.035274	-27.835795	0.969432	-1.102914	-28.142871	0.448280	-1.257574	-27.845718	0.469759	-1.045729	-28.195358	-0.034417	-1.217282	-28.150101	-0.057419	-1.260824	-27.887688	-0.039036	-1.028894	-27.847940	-0.057252	-1.066906
4689	65.132467	00:01:05:09	-27.959390	1.645755	-1.217736	-28.010649	1.638774	-1.085213	-28.120891	1.675572	-1.163909	-27.992471	1.545924	-1.164734	-28.050188	1.554473	-1.147699	-28.128889	1.558349	-1.272052	-27.890211	1.558719	-1.118178	-28.047184	1.456080	-0.888487	-27.960130	0.784439	-1.587395	-27.998372	1.446180	-0.559501	-28.117412	-0.018064	-2.087654	-28.027048	1.433107	-0.559453	-28.099144	-0.065056	-2.103296	-28.026211	1.446840	-0.551920	-28.074416	-0.009005	-2.049213	-28.183243	0.976529	-1.239720	-28.133822	0.949524	-1.268626	-27.881962	0.985597	-1.027766	-27.856303	0.968623	-1.069133	-28.168185	0.455559	-1.256203	-27.831543	0.458085	-1.042086	-28.188367	-0.029237	-1.203715	-28.127630	-0.057547	-1.252347	-27.848668	-0.060265	-1.015296	-27.831717	-0.054194	-1.066451
4690	65.146361	00:01:05:10	-27.959875	1.642876	-1.250515	-27.965370	1.673655	-1.098281	-28.081413	1.700999	-1.169829	-27.991301	1.538816	-1.173120	-28.010316	1.535053	-1.137396	-28.131218	1.549853	-1.268153	-27.889658	1.531814	-1.090161	-28.078186	1.486330	-0.887824	-27.990644	0.755927	-1.564226	-28.055355	1.412308	-0.544211	-28.083520	-0.070783	-2.056120	-28.037701	1.427160	-0.578478	-28.085874	-0.068150	-2.083681	-28.045656	1.420263	-0.569695	-28.108804	-0.070761	-2.069313	-28.173499	0.951374	-1.252389	-28.111559	0.988624	-1.247607	-27.881891	0.967852	-1.050634	-27.855362	0.962434	-1.077822	-28.162134	0.458255	-1.231885	-27.839050	0.463313	-1.076861	-28.177855	-0.043601	-1.222752	-28.134597	-0.036283	-1.294832	-27.896572	-0.065391	-1.042385	-27.808558	-0.065807	-1.055426
4691	65.160254	00:01:05:11	-27.952133	1.658403	-1.230414	-27.987535	1.695222	-1.121570	-28.083262	1.642578	-1.126920	-28.016916	1.512164	-1.172231	-28.031221	1.554477	-1.126837	-28.122810	1.550816	-1.263417	-27.850661	1.545220	-1.073709	-28.079644	1.495141	-0.916891	-27.980682	0.752441	-1.583539	-28.048173	1.430993	-0.577545	-28.096064	-0.048799	-2.069107	-28.023736	1.429591	-0.569218	-28.082679	-0.045931	-2.048353	-28.024723	1.431773	-0.544025	-28.081957	-0.041894	-2.029534	-28.166515	0.971135	-1.246118	-28.158244	0.948812	-1.266413	-27.861988	0.961947	-1.042421	-27.836844	0.957756	-1.061829	-28.153068	0.440409	-1.234778	-27.858419	0.462374	-1.054723	-28.193553	-0.031667	-1.220002	-28.152721	-0.057758	-1.240036	-27.841060	-0.046689	-1.004213	-27.825887	-0.065988	-1.070960
4692	65.174148	00:01:05:12	-27.997273	1.642943	-1.202053	-27.975014	1.652414	-1.113943	-28.060247	1.677302	-1.165052	-27.998292	1.566646	-1.174375	-28.058761	1.548735	-1.128546	-28.090139	1.577381	-1.254813	-27.873469	1.548169	-1.083420	-28.072008	1.489922	-0.922235	-27.977243	0.744006	-1.570386	-28.024075	1.410432	-0.545214	-28.101908	-0.016519	-2.054395	-28.017592	1.423036	-0.534014	-28.086869	-0.030207	-2.067773	-28.034302	1.435558	-0.550392	-28.062853	-0.073148	-2.067402	-28.190102	0.982424	-1.236773	-28.127552	0.961329	-1.284496	-27.874826	0.943838	-1.061368	-27.860805	0.974199	-1.082357	-28.143610	0.454833	-1.206218	-27.840469	0.431637	-1.076623	-28.185603	-0.062225	-1.184288	-28.156609	-0.083520	-1.251220	-27.870728	-0.028327	-1.012452	-27.835266	-0.035576	-1.024508
4693	65.188041	00:01:05:13	-27.961271	1.632664	-1.278383	-27.986458	1.670261	-1.104955	-28.062087	1.685739	-1.150986	-28.005579	1.562148	-1.184711	-28.014033	1.577922	-1.136634	-28.145140	1.561087	-1.277631	-27.862543	1.540300	-1.091094	-28.089846	1.509796	-0.907559	-27.987752	0.760664	-1.572128	-28.031078	1.451506	-0.555850	-28.091954	-0.066572	-2.047959	-28.020379	1.414293	-0.540173	-28.080606	-0.025514	-2.071076	-28.021044	1.435995	-0.549899	-28.091158	-0.058628	-2.092108	-28.173644	0.971360	-1.227935	-28.142189	0.968836	-1.257230	-27.851182	0.963154	-1.014190	-27.807409	0.971739	-1.107149	-28.183593	0.454334	-1.238819	-27.837561	0.474937	-1.035023	-28.186341	-0.021113	-1.196349	-28.117918	-0.055595	-1.260763	-27.900570	-0.038815	-1.042015	-27.861408	-0.078736	-1.039428
4694	65.201935	00:01:05:14	-27.969418	1.626869	-1.217286	-27.971529	1.645222	-1.073823	-28.097856	1.662152	-1.158445	-27.982033	1.572302	-1.165039	-28.015500	1.546721	-1.119570	-28.134891	1.510419	-1.254461	-27.878378	1.565304	-1.084251	-28.067789	1.491242	-0.882087	-27.975986	0.755068	-1.608453	-28.058711	1.429691	-0.530045	-28.112283	-0.040404	-2.072908	-28.028608	1.439437	-0.556053	-28.088366	-0.062245	-2.080072	-28.029451	1.451032	-0.589010	-28.125577	-0.035691	-2.053300	-28.164552	0.974278	-1.231876	-28.141129	0.941415	-1.276748	-27.848770	0.978859	-1.036987	-27.850853	0.955543	-1.073379	-28.141941	0.426076	-1.235602	-27.841529	0.437116	-1.034803	-28.179425	-0.053003	-1.201735	-28.136132	-0.037467	-1.254808	-27.860074	-0.039820	-1.014555	-27.817031	-0.079370	-1.017109
4695	65.215828	00:01:05:15	-27.958978	1.657669	-1.243504	-27.979259	1.675353	-1.101473	-28.086135	1.651481	-1.152910	-28.002257	1.563282	-1.165886	-28.002232	1.535385	-1.113163	-28.127191	1.547942	-1.230863	-27.853505	1.555867	-1.114313	-28.091651	1.515842	-0.904849	-28.006530	0.719760	-1.549947	-28.041350	1.465799	-0.560111	-28.112512	-0.049038	-2.073044	-28.020931	1.401651	-0.535666	-28.081206	-0.044903	-2.064589	-28.044000	1.403786	-0.561748	-28.109592	-0.033086	-2.080510	-28.183131	0.966217	-1.241283	-28.135288	0.945890	-1.292236	-27.879778	0.993249	-1.024648	-27.833303	0.973853	-1.098579	-28.152759	0.441532	-1.249259	-27.879146	0.443381	-1.054642	-28.180219	-0.044391	-1.217418	-28.144018	-0.093621	-1.235388	-27.876717	-0.045705	-1.037081	-27.858431	-0.052266	-1.071221
4696	65.229721	00:01:05:16	-27.949364	1.637851	-1.223542	-27.976926	1.666250	-1.102862	-28.086265	1.669703	-1.146569	-28.002760	1.525386	-1.175418	-27.998004	1.539103	-1.098692	-28.102869	1.535465	-1.258741	-27.876017	1.533215	-1.085048	-28.062459	1.482650	-0.943704	-27.985878	0.756821	-1.581270	-28.023262	1.400101	-0.538000	-28.068798	-0.055999	-2.070948	-28.043468	1.425756	-0.568300	-28.089365	-0.050040	-2.073300	-28.054477	1.423280	-0.537868	-28.095566	-0.061746	-2.038417	-28.174215	0.936277	-1.210787	-28.145620	0.938865	-1.276967	-27.881053	0.958338	-1.021015	-27.853893	0.985522	-1.071379	-28.174483	0.455585	-1.248085	-27.873190	0.482173	-1.041682	-28.160605	-0.055167	-1.219719	-28.162777	-0.060683	-1.267515	-27.865001	-0.035680	-1.030883	-27.851378	-0.075724	-1.078999
4697	65.243615	00:01:05:17	-27.949466	1.627732	-1.214978	-27.954690	1.656301	-1.084178	-28.099328	1.656908	-1.143678	-28.003585	1.557350	-1.162500	-27.987204	1.576030	-1.144456	-28.115611	1.539191	-1.228960	-27.878010	1.502622	-1.118514	-28.079928	1.478422	-0.947968	-27.991740	0.756312	-1.557735	-28.048623	1.430318	-0.557914	-28.064812	-0.065877	-2.073638	-28.042561	1.446069	-0.561150	-28.096035	-0.027666	-2.066239	-28.000769	1.441676	-0.533729	-28.071725	-0.046610	-2.063316	-28.201125	0.979859	-1.238263	-28.144786	0.973331	-1.293205	-27.884976	0.970292	-1.053062	-27.825559	0.997363	-1.107826	-28.188126	0.476947	-1.233822	-27.846824	0.464771	-1.028651	-28.160214	-0.053952	-1.239413	-28.151019	-0.054216	-1.257826	-27.894179	-0.058187	-1.035743	-27.818385	-0.081876	-1.042067
4698	65.257508	00:01:05:18	-27.945377	1.663098	-1.247848	-27.966807	1.705373	-1.103588	-28.068328	1.688058	-1.133264	-28.003183	1.555502	-1.167398	-28.036226	1.530310	-1.164563	-28.144791	1.520172	-1.285317	-27.882220	1.509363	-1.104765	-28.078287	1.486213	-0.894948	-27.972518	0.745005	-1.589301	-28.016043	1.455748	-0.590936	-28.091018	-0.059279	-2.090514	-28.068041	1.448639	-0.557237	-28.080629	-0.070558	-2.080503	-28.015552	1.434991	-0.571856	-28.080354	-0.040557	-2.072054	-28.152555	0.972591	-1.245935	-28.125424	0.982778	-1.299373	-27.893800	0.974010	-1.041795	-27.823887	0.962944	-1.104969	-28.172258	0.437803	-1.241122	-27.871639	0.445856	-1.048674	-28.174681	-0.065295	-1.213250	-28.143916	-0.064209	-1.266351	-27.852511	-0.040878	-1.007565	-27.858044	-0.057226	-1.059347
4699	65.271402	00:01:05:19	-27.971581	1.639366	-1.254673	-27.984635	1.641495	-1.089949	-28.064936	1.663315	-1.159481	-28.019049	1.545291	-1.181857	-28.018488	1.577576	-1.147379	-28.133264	1.499986	-1.285742	-27.874680	1.534601	-1.098073	-28.036034	1.497669	-0.903597	-27.976547	0.757521	-1.596690	-28.043020	1.459310	-0.571569	-28.104300	-0.022457	-2.071959	-28.000632	1.429501	-0.555347	-28.088771	-0.065703	-2.045437	-28.042875	1.427864	-0.563917	-28.129829	-0.023817	-2.032595	-28.167612	0.945509	-1.243365	-28.172527	0.953581	-1.271191	-27.857661	0.976479	-1.023551	-27.819744	0.952408	-1.072139	-28.202430	0.434074	-1.243822	-27.852978	0.473814	-1.042002	-28.157497	-0.060466	-1.230685	-28.136592	-0.045190	-1.255766	-27.898302	-0.050480	-1.033209	-27.861077	-0.059485	-1.051269
4700	65.285295	00:01:05:20	-27.984089	1.626385	-1.221356	-27.969115	1.668406	-1.085940	-28.084217	1.638252	-1.134523	-28.012491	1.564025	-1.184351	-28.029181	1.554585	-1.160682	-28.139888	1.536678	-1.257531	-27.851202	1.563936	-1.117684	-28.091961	1.517380	-0.911860	-27.965161	0.747594	-1.579960	-27.985050	1.452587	-0.556535	-28.101041	-0.013123	-2.071284	-28.006921	1.451427	-0.554911	-28.093194	-0.077972	-2.046643	-28.021908	1.424426	-0.536021	-28.060452	-0.059984	-2.059981	-28.192694	0.990882	-1.260266	-28.139055	0.984037	-1.280846	-27.872343	0.977329	-1.046061	-27.854767	0.950014	-1.064093	-28.160563	0.462205	-1.240366	-27.852689	0.456937	-1.046322	-28.160046	-0.077044	-1.258119	-28.145278	-0.068606	-1.270958	-27.856877	-0.061686	-1.007460	-27.861806	-0.049122	-1.066625
4701	65.299189	00:01:05:21	-27.946180	1.612866	-1.222735	-27.974967	1.669280	-1.093940	-28.058710	1.684651	-1.157867	-28.001869	1.547534	-1.163278	-28.073970	1.534755	-1.142492	-28.121189	1.550591	-1.267397	-27.880493	1.543988	-1.095722	-28.087528	1.502590	-0.898412	-27.980216	0.748855	-1.573475	-28.021733	1.432158	-0.561265	-28.093735	-0.017060	-2.068267	-28.010003	1.410493	-0.549324	-28.070605	-0.066442	-2.049114	-28.005057	1.440667	-0.570158	-28.070665	-0.049166	-2.065600	-28.169191	0.978969	-1.241760	-28.143018	0.967735	-1.299286	-27.845311	0.976462	-1.063092	-27.862764	0.993281	-1.063144	-28.152843	0.468859	-1.236258	-27.877952	0.455757	-1.046916	-28.181173	-0.032642	-1.219385	-28.143414	-0.063621	-1.254342	-27.891156	-0.056087	-1.014773	-27.848855	-0.086577	-1.070818
4702	65.313082	00:01:05:22	-27.952314	1.639598	-1.249222	-27.983897	1.672681	-1.076132	-28.095809	1.663127	-1.178424	-28.038613	1.561860	-1.183577	-28.027181	1.514215	-1.140080	-28.158770	1.531882	-1.247170	-27.878819	1.552630	-1.102938	-28.066069	1.478734	-0.909671	-27.987595	0.708761	-1.575266	-28.053809	1.444361	-0.571923	-28.070123	-0.040501	-2.064660	-28.030494	1.448779	-0.544461	-28.141291	-0.057046	-2.074897	-28.048003	1.461441	-0.559548	-28.082153	-0.056471	-2.082555	-28.174988	0.968254	-1.225523	-28.141861	0.955623	-1.290046	-27.831054	0.951951	-1.035793	-27.822761	0.949385	-1.100905	-28.163526	0.462588	-1.259510	-27.853688	0.451888	-1.055331	-28.164790	-0.054192	-1.219406	-28.147065	-0.037577	-1.243684	-27.876384	-0.066403	-1.002252	-27.842205	-0.049999	-1.059861
4703	65.326976	00:01:05:23	-27.965027	1.644507	-1.220842	-27.943687	1.664046	-1.085310	-28.084096	1.670673	-1.173634	-28.041677	1.536367	-1.165316	-28.016419	1.544939	-1.138446	-28.121660	1.535422	-1.262028	-27.872933	1.532290	-1.109674	-28.072810	1.480411	-0.903545	-27.971637	0.741514	-1.589093	-28.043310	1.423819	-0.544594	-28.084654	-0.029484	-2.097606	-28.060383	1.431674	-0.548574	-28.091515	-0.051259	-2.059049	-28.064506	1.430964	-0.541079	-28.120949	-0.063668	-2.079410	-28.146002	0.987024	-1.216014	-28.176981	0.948477	-1.259830	-27.878162	0.955532	-1.035831	-27.836333	0.990491	-1.080365	-28.131827	0.429342	-1.261331	-27.836347	0.479139	-1.044444	-28.161725	-0.086878	-1.211151	-28.150043	-0.060522	-1.247980	-27.875634	-0.047223	-1.009821	-27.847895	-0.065120	-1.098114
4704	65.340869	00:01:05:24	-27.933527	1.698436	-1.218128	-27.978100	1.657209	-1.108355	-28.094215	1.674273	-1.157135	-28.035640	1.551154	-1.189408	-28.014920	1.543573	-1.141529	-28.129318	1.565948	-1.278717	-27.845579	1.532190	-1.132739	-28.070939	1.487159	-0.880123	-27.988733	0.784021	-1.580403	-28.053900	1.443360	-0.573472	-28.125359	-0.046301	-2.065842	-28.053582	1.415848	-0.551106	-28.107797	-0.043496	-2.031508	-28.040556	1.442855	-0.587330	-28.075236	-0.037791	-2.035211	-28.177798	0.981574	-1.253415	-28.156808	0.945201	-1.264865	-27.856702	0.983063	-1.036812	-27.824259	0.953337	-1.058714	-28.131029	0.446569	-1.231950	-27.840111	0.489655	-1.045082	-28.186689	-0.033082	-1.169377	-28.166638	-0.057407	-1.247619	-27.884816	-0.067985	-1.023757	-27.831736	-0.056636	-1.035237
4705	65.354762	00:01:05:25	-27.953070	1.659416	-1.237862	-27.987360	1.667299	-1.103033	-28.058467	1.669513	-1.174523	-28.021415	1.548862	-1.182271	-28.001503	1.537101	-1.155152	-28.094240	1.538815	-1.255651	-27.860676	1.549299	-1.106722	-28.071427	1.481577	-0.901354	-27.962205	0.756389	-1.554669	-28.058744	1.440684	-0.524248	-28.097897	-0.047523	-2.064697	-28.064856	1.425431	-0.556395	-28.079631	-0.069771	-2.060793	-28.039184	1.438709	-0.556059	-28.086928	-0.035345	-2.062509	-28.147897	0.966492	-1.233712	-28.133978	0.954796	-1.270982	-27.817719	1.003483	-1.053987	-27.851201	0.968733	-1.082648	-28.167638	0.449813	-1.243777	-27.872849	0.467483	-1.045969	-28.171256	-0.059364	-1.185888	-28.145220	-0.029131	-1.258522	-27.892684	-0.017455	-1.030323	-27.832948	-0.083186	-1.080520
4706	65.368656	00:01:05:26	-27.971103	1.622254	-1.224861	-27.988182	1.669312	-1.066173	-28.095464	1.691230	-1.161617	-27.949961	1.535919	-1.157210	-28.023790	1.561447	-1.150375	-28.135010	1.545075	-1.250698	-27.857785	1.559652	-1.098902	-28.057090	1.477202	-0.915855	-27.966723	0.769149	-1.593139	-28.020562	1.400053	-0.563268	-28.099466	-0.034019	-2.026564	-28.027471	1.460563	-0.551298	-28.098196	-0.065218	-2.096566	-28.047924	1.435973	-0.520221	-28.115139	-0.038317	-2.080160	-28.168885	0.996102	-1.202468	-28.126584	0.976028	-1.281698	-27.867016	0.978252	-1.010121	-27.878610	0.984398	-1.116774	-28.159594	0.452833	-1.274108	-27.833279	0.461205	-1.047514	-28.151372	-0.081506	-1.218165	-28.179897	-0.064326	-1.268949	-27.879172	-0.073223	-1.036490	-27.853705	-0.051817	-1.054648
4707	65.382549	00:01:05:27	-27.961844	1.655033	-1.219724	-27.967104	1.675765	-1.091528	-28.056978	1.664652	-1.191371	-28.014284	1.549375	-1.168531	-28.005826	1.534333	-1.140167	-28.126568	1.544475	-1.237577	-27.876765	1.533044	-1.124960	-28.089000	1.482813	-0.893600	-28.001195	0.777046	-1.577251	-28.068445	1.448145	-0.551025	-28.077514	-0.061936	-2.067992	-27.988260	1.391346	-0.542426	-28.070367	-0.031827	-2.045734	-28.063755	1.415805	-0.568722	-28.064153	-0.079972	-2.069395	-28.180261	0.991611	-1.180448	-28.170766	0.953267	-1.282042	-27.903901	0.982950	-1.045776	-27.854077	0.925987	-1.084356	-28.162805	0.472625	-1.234631	-27.828453	0.460472	-1.041413	-28.171919	-0.083409	-1.208461	-28.149097	-0.073131	-1.268008	-27.876012	-0.058172	-1.006364	-27.828557	-0.060657	-1.069143
4708	65.396443	00:01:05:28	-27.964292	1.661657	-1.255907	-27.968744	1.641058	-1.076578	-28.084475	1.657020	-1.133682	-27.989633	1.555544	-1.189838	-28.023022	1.564353	-1.152940	-28.122744	1.517037	-1.216387	-27.885600	1.565975	-1.075923	-28.079623	1.499113	-0.922990	-27.984590	0.746561	-1.593264	-28.051190	1.431344	-0.534274	-28.061680	-0.023415	-2.060533	-28.038371	1.429026	-0.532077	-28.090060	-0.019247	-2.082660	-28.057009	1.407539	-0.549226	-28.094750	-0.055906	-2.048763	-28.167792	0.948596	-1.208061	-28.162484	0.965276	-1.298527	-27.888353	1.009451	-1.036533	-27.826042	0.963718	-1.113583	-28.167412	0.444579	-1.238434	-27.885074	0.451697	-1.049665	-28.190211	-0.059903	-1.200402	-28.160582	-0.059005	-1.264337	-27.874468	-0.061012	-1.036506	-27.837402	-0.104156	-1.068412
4709	65.410336	00:01:05:29	-27.936686	1.665425	-1.227883	-27.970008	1.680766	-1.097466	-28.072032	1.672109	-1.149290	-27.989163	1.507369	-1.164428	-28.028178	1.560767	-1.143270	-28.121002	1.526461	-1.233714	-27.882354	1.537430	-1.115298	-28.102583	1.498282	-0.919248	-27.985427	0.727652	-1.579528	-28.010569	1.422338	-0.563188	-28.113225	-0.058482	-2.084497	-28.027076	1.417403	-0.582894	-28.081240	-0.073786	-2.020963	-28.049053	1.429363	-0.550565	-28.064446	-0.073839	-2.033397	-28.141026	0.954900	-1.226383	-28.097861	0.973995	-1.296288	-27.872024	0.983957	-1.017216	-27.834191	0.939885	-1.067724	-28.171197	0.445353	-1.235865	-27.825935	0.439937	-1.067167	-28.194303	-0.059941	-1.184271	-28.142314	-0.080078	-1.285864	-27.886552	-0.072984	-1.006603	-27.837710	-0.079773	-1.055313
4710	65.424230	00:01:05:30	-27.991514	1.650143	-1.223424	-27.980008	1.666279	-1.111544	-28.103059	1.646912	-1.158839	-28.015509	1.557409	-1.197035	-28.006649	1.524121	-1.150430	-28.108572	1.535580	-1.264816	-27.886989	1.507294	-1.091804	-28.061598	1.456273	-0.916543	-27.990593	0.740493	-1.583167	-28.021665	1.425807	-0.545596	-28.098120	-0.046481	-2.101608	-28.050892	1.432638	-0.563730	-28.086493	-0.086574	-2.059287	-28.012290	1.427541	-0.552827	-28.115874	-0.017313	-2.065270	-28.176706	0.980613	-1.237642	-28.133749	0.935880	-1.270083	-27.899368	0.966133	-1.038008	-27.847629	0.979345	-1.101585	-28.141568	0.459183	-1.247552	-27.869885	0.442447	-1.068191	-28.151110	-0.035791	-1.198497	-28.138384	-0.085390	-1.279798	-27.895498	-0.046362	-1.013165	-27.871387	-0.029415	-1.065502
4711	65.438123	00:01:05:31	-27.980897	1.646401	-1.258020	-28.012886	1.680610	-1.063252	-28.064143	1.656366	-1.153308	-28.018738	1.520974	-1.141533	-28.029727	1.545303	-1.114010	-28.111053	1.531345	-1.268611	-27.864718	1.517185	-1.086243	-28.070477	1.473090	-0.895419	-27.977712	0.723987	-1.578327	-28.031224	1.416623	-0.546256	-28.116768	-0.059021	-2.064690	-28.037883	1.391542	-0.543282	-28.089511	-0.045767	-2.030609	-28.061613	1.447496	-0.552396	-28.066979	-0.021909	-2.077560	-28.184798	0.959646	-1.244919	-28.142070	0.957431	-1.296181	-27.860419	0.974429	-1.062496	-27.841102	0.945552	-1.103522	-28.158759	0.434210	-1.223301	-27.858548	0.484507	-1.038866	-28.150412	-0.039772	-1.215845	-28.100745	-0.069054	-1.232448	-27.879472	-0.054284	-1.014524	-27.831911	-0.056960	-1.046601
4712	65.452017	00:01:05:32	-27.999073	1.623193	-1.195786	-27.965972	1.655666	-1.090677	-28.084334	1.672729	-1.144389	-27.980705	1.528290	-1.173143	-28.033792	1.526385	-1.166118	-28.123831	1.558327	-1.247699	-27.879466	1.577344	-1.094700	-28.071807	1.501525	-0.897891	-27.960034	0.731014	-1.574523	-28.037216	1.409923	-0.529394	-28.119931	-0.017139	-2.046001	-28.047022	1.432732	-0.543451	-28.093375	-0.041736	-2.085375	-28.036389	1.410334	-0.582589	-28.103990	-0.045212	-2.099041	-28.199737	0.954379	-1.253592	-28.106275	0.982822	-1.311880	-27.880475	0.962775	-1.018211	-27.836224	0.937960	-1.090828	-28.129714	0.481263	-1.253561	-27.861518	0.429014	-1.049650	-28.178849	-0.076397	-1.198534	-28.180745	-0.076617	-1.234920	-27.860875	-0.072707	-1.022567	-27.853718	-0.092502	-1.089232
4713	65.465910	00:01:05:33	-27.950619	1.640477	-1.252342	-28.026674	1.650495	-1.105682	-28.092079	1.629202	-1.150052	-28.015030	1.540564	-1.167499	-28.016671	1.546617	-1.147050	-28.137118	1.528772	-1.205090	-27.854679	1.516527	-1.114912	-28.084505	1.494112	-0.891657	-28.005861	0.746542	-1.596268	-28.023714	1.435691	-0.547240	-28.093996	-0.073990	-2.067637	-28.011542	1.431204	-0.575069	-28.107596	-0.028376	-2.015012	-28.050869	1.428692	-0.559887	-28.060366	-0.035644	-2.042812	-28.187786	0.967832	-1.216983	-28.126099	0.962281	-1.294235	-27.882428	0.971258	-1.053874	-27.845264	0.968557	-1.071383	-28.152988	0.458891	-1.222467	-27.882797	0.472412	-1.049492	-28.195338	-0.054362	-1.224806	-28.139684	-0.054061	-1.251958	-27.867482	-0.064868	-1.025344	-27.827089	-0.060929	-1.052681
4714	65.479803	00:01:05:34	-27.972588	1.632395	-1.244811	-27.961357	1.645417	-1.108079	-28.088610	1.654111	-1.130189	-28.001958	1.550772	-1.198659	-28.065458	1.551612	-1.132335	-28.145711	1.526807	-1.282550	-27.888966	1.531049	-1.114102	-28.077086	1.439770	-0.927895	-27.962022	0.764171	-1.588334	-28.009949	1.464207	-0.547390	-28.098038	-0.031296	-2.090141	-27.985821	1.426550	-0.554363	-28.106279	-0.037568	-2.038861	-28.038947	1.448998	-0.577481	-28.096322	-0.020446	-2.063126	-28.173204	0.980850	-1.232838	-28.131969	0.988555	-1.258100	-27.883783	0.946408	-1.060685	-27.835437	0.996450	-1.091355	-28.181960	0.453085	-1.247894	-27.875847	0.460135	-1.074028	-28.160093	-0.042857	-1.210385	-28.106800	-0.059839	-1.295886	-27.883626	-0.015968	-1.018136	-27.852425	-0.057643	-1.083312
4715	65.493697	00:01:05:35	-27.969034	1.644335	-1.251218	-27.992852	1.678028	-1.086611	-28.074037	1.642999	-1.157890	-27.988249	1.513418	-1.199598	-28.041366	1.560253	-1.137960	-28.120073	1.538020	-1.285972	-27.881093	1.523392	-1.115476	-28.108461	1.450468	-0.899355	-27.989052	0.744889	-1.566618	-28.063857	1.435343	-0.560926	-28.085001	-0.041862	-2.057743	-28.078866	1.403343	-0.559135	-28.084548	-0.054329	-2.080299	-28.036629	1.419440	-0.553480	-28.080423	-0.059777	-2.085565	-28.159830	0.967198	-1.225566	-28.171775	0.952858	-1.313645	-27.860327	0.966987	-1.024073	-27.859480	0.956900	-1.082711	-28.164255	0.463561	-1.257879	-27.866812	0.505300	-1.041238	-28.171361	-0.029593	-1.201140	-28.135224	-0.057878	-1.282024	-27.861025	-0.067112	-1.025221	-27.846807	-0.046781	-1.074787
4716	65.507590	00:01:05:36	-27.980733	1.650775	-1.257469	-28.024449	1.653100	-1.073726	-28.094581	1.671656	-1.166501	-27.986344	1.556706	-1.138302	-28.024173	1.545425	-1.119788	-28.113315	1.528002	-1.234581	-27.886581	1.540930	-1.121635	-28.088250	1.446015	-0.927412	-27.977065	0.757108	-1.575280	-28.047660	1.426077	-0.554680	-28.092189	-0.051693	-2.033039	-28.053312	1.406358	-0.561448	-28.106490	-0.048329	-2.089583	-28.021404	1.425495	-0.529498	-28.073715	-0.038564	-2.061594	-28.202047	0.986024	-1.202016	-28.139093	0.975857	-1.255286	-27.867015	0.986589	-1.062062	-27.816074	0.949323	-1.086584	-28.131379	0.465142	-1.229063	-27.840787	0.448127	-1.027252	-28.150988	-0.021422	-1.199640	-28.139864	-0.083143	-1.271274	-27.857003	-0.026461	-1.019161	-27.860132	-0.066960	-1.096733
4717	65.521484	00:01:05:37	-27.963892	1.635976	-1.207210	-27.971906	1.652066	-1.086049	-28.118789	1.637310	-1.139988	-28.011091	1.541727	-1.153330	-28.021068	1.574867	-1.172487	-28.154021	1.516152	-1.272596	-27.873667	1.533234	-1.052555	-28.096458	1.535104	-0.929725	-27.971548	0.749758	-1.570232	-28.016391	1.453795	-0.525283	-28.115270	-0.040269	-2.071491	-28.007484	1.420975	-0.540162	-28.065897	-0.034932	-2.046927	-28.030514	1.406412	-0.570250	-28.098769	-0.044545	-2.071593	-28.208037	0.989299	-1.258779	-28.147656	0.949617	-1.293751	-27.867346	0.985592	-1.059913	-27.809625	0.981856	-1.051225	-28.136854	0.426556	-1.248016	-27.833981	0.451994	-1.054183	-28.151913	-0.047386	-1.209709	-28.122651	-0.060230	-1.270998	-27.861810	-0.049514	-1.019565	-27.832813	-0.067145	-1.037661
4718	65.535377	00:01:05:38	-27.973062	1.640703	-1.247944	-27.961683	1.662270	-1.119517	-28.099617	1.637694	-1.142812	-28.014983	1.535918	-1.197931	-28.001258	1.590727	-1.182047	-28.092814	1.536077	-1.255747	-27.872384	1.518619	-1.101195	-28.097250	1.471899	-0.929546	-27.964569	0.777202	-1.585083	-28.006642	1.434402	-0.587461	-28.102268	-0.062003	-2.045082	-28.007696	1.462032	-0.534820	-28.077289	-0.048099	-2.054524	-28.020603	1.424133	-0.550177	-28.091252	-0.029700	-2.072119	-28.186064	0.987894	-1.243193	-28.166534	0.964620	-1.269874	-27.846094	0.980911	-1.049617	-27.850975	0.950308	-1.074516	-28.169911	0.443630	-1.275447	-27.854362	0.436310	-1.033304	-28.197122	-0.046954	-1.199102	-28.171413	-0.066187	-1.259918	-27.860113	-0.024065	-1.048685	-27.857565	-0.052430	-1.087116
4719	65.549271	00:01:05:39	-27.942656	1.643353	-1.255534	-27.999463	1.633973	-1.145340	-28.090799	1.634349	-1.159797	-27.975550	1.556958	-1.192553	-28.031010	1.557733	-1.143516	-28.132504	1.562208	-1.252216	-27.858703	1.545731	-1.082799	-28.067964	1.466584	-0.923727	-27.983643	0.732887	-1.578523	-28.002349	1.449977	-0.546785	-28.107810	-0.027139	-2.059524	-28.050481	1.410388	-0.509469	-28.121837	-0.038530	-2.068979	-28.049723	1.437024	-0.575556	-28.096461	-0.041357	-2.106767	-28.166677	0.978099	-1.234053	-28.160612	0.970608	-1.278742	-27.870360	0.944133	-1.059979	-27.849695	0.972713	-1.089617	-28.165729	0.415033	-1.263789	-27.852385	0.447551	-1.027720	-28.189700	-0.036155	-1.230700	-28.161234	-0.048075	-1.267837	-27.888858	-0.047587	-1.002409	-27.829162	-0.061800	-1.066397
4720	65.563164	00:01:05:40	-27.930687	1.613122	-1.223854	-27.962999	1.687016	-1.108559	-28.082762	1.658230	-1.179258	-28.010182	1.556048	-1.179453	-28.019377	1.513761	-1.142595	-28.123354	1.537723	-1.249032	-27.843807	1.530557	-1.084881	-28.077108	1.507794	-0.912624	-27.970878	0.778930	-1.567668	-28.006017	1.429585	-0.553003	-28.101880	-0.054604	-2.068603	-28.033737	1.455018	-0.542654	-28.115612	-0.048669	-2.071692	-28.065478	1.454038	-0.543251	-28.050716	-0.046487	-2.043848	-28.154861	0.968187	-1.203706	-28.109554	0.967348	-1.266501	-27.885910	0.939154	-1.030391	-27.829362	0.935276	-1.088112	-28.138284	0.495268	-1.242431	-27.867289	0.477082	-1.051229	-28.177217	-0.069396	-1.206858	-28.138665	-0.072670	-1.236920	-27.874128	-0.057939	-1.044437	-27.848459	-0.036580	-1.059425
4721	65.577058	00:01:05:41	-27.959717	1.659076	-1.269083	-28.003630	1.646394	-1.076995	-28.070283	1.644234	-1.169875	-27.970228	1.516903	-1.184370	-28.004923	1.540250	-1.137226	-28.092424	1.533201	-1.249380	-27.867081	1.527288	-1.122670	-28.088631	1.484255	-0.930610	-27.981842	0.780739	-1.549853	-28.027378	1.438240	-0.563562	-28.069955	-0.062043	-2.105239	-28.002466	1.448490	-0.563443	-28.112683	-0.045271	-2.053447	-28.040646	1.421912	-0.563073	-28.075135	-0.055099	-2.085500	-28.188685	0.980663	-1.216432	-28.131023	0.977873	-1.267253	-27.871029	0.994856	-1.037963	-27.842144	0.971832	-1.071428	-28.155945	0.450294	-1.260283	-27.857363	0.469056	-1.092304	-28.166595	-0.040728	-1.212328	-28.151576	-0.055521	-1.275940	-27.888704	-0.047057	-1.040310	-27.845247	-0.083542	-1.064631
4722	65.590951	00:01:05:42	-27.950745	1.663594	-1.232941	-27.960213	1.679102	-1.100804	-28.058992	1.673952	-1.154733	-27.972956	1.543218	-1.169500	-28.032948	1.547117	-1.127514	-28.147669	1.545741	-1.296744	-27.836411	1.547984	-1.091110	-28.070069	1.501749	-0.935417	-27.995845	0.774824	-1.580873	-28.053122	1.436588	-0.563394	-28.075824	-0.042655	-2.033086	-28.011056	1.441793	-0.543709	-28.093360	-0.029646	-2.047427	-28.056950	1.448340	-0.560088	-28.094024	-0.035259	-2.053522	-28.181540	0.978247	-1.213945	-28.129281	0.960934	-1.287627	-27.865677	0.959296	-1.020219	-27.853540	0.959734	-1.085602	-28.180321	0.432421	-1.241315	-27.827451	0.477603	-1.067588	-28.128576	-0.067193	-1.213087	-28.155334	-0.059214	-1.280646	-27.857513	-0.063383	-1.008247	-27.851205	-0.070623	-1.085798
4723	65.604844	00:01:05:43	-27.954655	1.652793	-1.204765	-27.966231	1.662316	-1.106618	-28.102841	1.645809	-1.162921	-27.999585	1.528711	-1.186478	-27.984766	1.532314	-1.142821	-28.124459	1.583059	-1.276282	-27.866789	1.533640	-1.089384	-28.098926	1.487123	-0.895908	-27.947522	0.767333	-1.594237	-28.041119	1.450553	-0.562025	-28.070239	-0.057225	-2.041499	-28.022985	1.463927	-0.565060	-28.084666	-0.090980	-2.056774	-28.033639	1.449613	-0.549917	-28.106118	-0.072825	-2.062799	-28.176109	0.963506	-1.251807	-28.144486	0.951323	-1.269427	-27.872033	0.956698	-1.025985	-27.827297	0.956379	-1.083910	-28.152716	0.453367	-1.260764	-27.878199	0.431542	-1.069822	-28.175302	-0.051249	-1.228554	-28.127139	-0.045114	-1.280637	-27.865174	-0.056083	-0.981979	-27.825992	-0.044945	-1.076966
4724	65.618738	00:01:05:44	-27.951018	1.630252	-1.253124	-27.989690	1.649311	-1.108563	-28.102913	1.674471	-1.162473	-27.991905	1.545803	-1.161377	-28.022690	1.578301	-1.131260	-28.136650	1.530015	-1.236855	-27.836451	1.543368	-1.106990	-28.078677	1.495255	-0.904636	-27.972286	0.752537	-1.566855	-28.023764	1.448032	-0.528782	-28.085695	-0.063539	-2.075023	-28.003799	1.407087	-0.559827	-28.094039	-0.035162	-2.032303	-28.056560	1.441442	-0.552486	-28.086012	-0.066266	-2.058255	-28.203904	0.972317	-1.241468	-28.163418	0.943512	-1.287209	-27.902670	0.951723	-1.029457	-27.826084	0.977857	-1.095469	-28.147091	0.436121	-1.217988	-27.865746	0.462857	-1.076512	-28.176372	-0.007402	-1.244663	-28.140115	-0.046595	-1.244080	-27.882845	-0.049723	-1.028886	-27.866014	-0.060271	-1.088002
4725	65.632631	00:01:05:45	-27.982813	1.658342	-1.251458	-27.968753	1.673973	-1.099888	-28.082227	1.676828	-1.141917	-28.017336	1.519842	-1.159064	-28.029361	1.570707	-1.147587	-28.156754	1.546118	-1.268672	-27.874790	1.549546	-1.097951	-28.058213	1.482695	-0.905895	-27.976066	0.725838	-1.589629	-28.057935	1.389265	-0.562614	-28.113053	-0.032249	-2.043519	-28.051576	1.428676	-0.589196	-28.071024	-0.043652	-2.072998	-28.043284	1.465081	-0.548095	-28.112632	-0.006009	-2.062429	-28.207909	0.971914	-1.237664	-28.134619	0.983635	-1.290993	-27.888504	0.985256	-1.057306	-27.846191	0.944798	-1.102277	-28.185470	0.455007	-1.222964	-27.843332	0.487357	-1.045010	-28.195441	-0.053335	-1.219987	-28.134478	-0.050695	-1.255815	-27.884672	-0.039221	-1.007490	-27.808829	-0.058177	-1.058423
4726	65.646525	00:01:05:46	-27.957339	1.648336	-1.246384	-27.967915	1.627740	-1.081498	-28.091001	1.683893	-1.163105	-28.020010	1.551243	-1.155377	-28.041475	1.537118	-1.146315	-28.118864	1.556848	-1.214219	-27.883798	1.511427	-1.094707	-28.075950	1.484280	-0.937070	-27.991491	0.759501	-1.579947	-28.069789	1.405258	-0.530781	-28.075441	-0.041221	-2.069264	-28.045302	1.466876	-0.583890	-28.079500	-0.051296	-2.072005	-28.030348	1.439206	-0.539776	-28.065325	-0.062598	-2.068212	-28.194142	0.974519	-1.231130	-28.160745	0.963389	-1.304443	-27.856181	0.976560	-1.041561	-27.841484	0.964480	-1.074026	-28.159452	0.446491	-1.268042	-27.859108	0.445248	-1.043464	-28.155232	-0.067071	-1.209665	-28.160699	-0.078561	-1.276745	-27.853999	-0.037182	-0.998759	-27.835939	-0.060473	-1.051808
4727	65.660418	00:01:05:47	-27.967974	1.629633	-1.234425	-27.968445	1.625087	-1.076008	-28.065592	1.683423	-1.167832	-27.994943	1.519417	-1.189879	-28.005856	1.516135	-1.145087	-28.127509	1.557228	-1.239365	-27.912813	1.559388	-1.114924	-28.098825	1.505690	-0.874126	-28.001518	0.742790	-1.568896	-28.032434	1.457502	-0.550976	-28.098059	-0.023419	-2.092944	-28.050098	1.440883	-0.567655	-28.119850	-0.039841	-2.075110	-28.035254	1.430651	-0.549193	-28.104927	-0.068825	-2.070615	-28.153406	0.972501	-1.196537	-28.156494	0.934856	-1.284191	-27.906743	0.948303	-1.009938	-27.862292	0.944183	-1.084152	-28.181513	0.461622	-1.219578	-27.908163	0.467585	-1.016839	-28.195900	-0.071755	-1.208247	-28.167567	-0.067403	-1.223928	-27.852154	-0.043668	-1.057491	-27.833894	-0.065638	-1.061123
4728	65.674312	00:01:05:48	-27.962403	1.657702	-1.257249	-27.968566	1.672820	-1.100832	-28.081285	1.687689	-1.162797	-27.993843	1.557184	-1.201429	-28.052656	1.537508	-1.103946	-28.131392	1.545031	-1.252625	-27.896746	1.562928	-1.118855	-28.089114	1.471083	-0.921656	-27.958094	0.730142	-1.590881	-27.979698	1.422695	-0.565638	-28.071499	-0.060741	-2.036637	-28.055339	1.464273	-0.558326	-28.117301	-0.067863	-2.083026	-28.054794	1.457936	-0.592391	-28.101378	-0.059389	-2.064906	-28.181567	0.995084	-1.253135	-28.132983	0.960337	-1.270083	-27.855823	0.969862	-1.008671	-27.834640	0.918730	-1.072314	-28.162655	0.497684	-1.223252	-27.829286	0.440519	-1.077945	-28.157979	-0.032998	-1.170676	-28.130934	-0.101519	-1.247595	-27.841721	-0.059883	-1.031816	-27.832704	-0.066788	-1.073763
4729	65.688205	00:01:05:49	-27.936625	1.644852	-1.240757	-27.977132	1.674137	-1.091581	-28.078785	1.645718	-1.156523	-28.016012	1.553286	-1.221541	-27.976911	1.525417	-1.164998	-28.144727	1.562980	-1.256455	-27.869756	1.568419	-1.105727	-28.092457	1.474272	-0.898254	-27.995439	0.730265	-1.544447	-28.056309	1.421310	-0.560321	-28.107504	-0.021913	-2.055311	-28.033327	1.429626	-0.545797	-28.078288	-0.047024	-2.069680	-28.039571	1.409854	-0.556979	-28.115042	-0.047356	-2.078517	-28.179007	0.945652	-1.227225	-28.108709	0.944620	-1.275679	-27.864699	0.949816	-1.021543	-27.865346	0.953839	-1.088192	-28.173921	0.448006	-1.248282	-27.869495	0.448646	-1.019411	-28.211566	-0.049043	-1.192332	-28.165619	-0.070935	-1.249595	-27.866166	-0.058018	-1.001092	-27.824149	-0.068360	-1.084165
4730	65.702099	00:01:05:50	-27.950613	1.642123	-1.276512	-27.976091	1.670782	-1.104053	-28.088567	1.657531	-1.148944	-28.006168	1.526316	-1.199985	-28.008173	1.541329	-1.179596	-28.121924	1.532868	-1.292123	-27.876419	1.557188	-1.120363	-28.078075	1.495728	-0.906197	-27.987274	0.772006	-1.569492	-28.049115	1.420799	-0.566043	-28.100348	-0.064190	-2.066447	-28.001187	1.445420	-0.546117	-28.122888	-0.042200	-2.026348	-28.031515	1.459889	-0.565974	-28.089914	-0.062175	-2.120527	-28.189537	1.008818	-1.246559	-28.142070	0.954070	-1.300431	-27.857159	0.993532	-1.050870	-27.863882	0.977215	-1.080685	-28.142865	0.459221	-1.263497	-27.842800	0.483079	-1.060328	-28.194648	-0.072182	-1.224627	-28.152192	-0.072003	-1.289167	-27.845422	-0.063299	-1.024476	-27.837482	-0.055583	-1.088413
4731	65.715992	00:01:05:51	-27.962594	1.659742	-1.234980	-27.964415	1.672079	-1.085369	-28.065340	1.671762	-1.173220	-28.008140	1.541583	-1.141905	-28.015361	1.560550	-1.123627	-28.124062	1.521254	-1.237103	-27.865572	1.539934	-1.080941	-28.067893	1.498810	-0.932665	-28.012957	0.761125	-1.563190	-28.045426	1.428466	-0.560059	-28.101920	-0.064282	-2.076024	-28.046041	1.456557	-0.521486	-28.098629	-0.050632	-2.077499	-28.017932	1.439867	-0.549760	-28.070999	-0.057417	-2.050644	-28.165443	0.974904	-1.225029	-28.151728	0.966296	-1.282327	-27.874616	0.964533	-1.032210	-27.835359	0.963781	-1.113163	-28.193905	0.435517	-1.270559	-27.859939	0.466347	-1.048727	-28.167282	-0.043935	-1.189570	-28.127503	-0.089169	-1.247245	-27.873225	-0.035695	-1.046210	-27.848777	-0.070175	-1.058432
4732	65.729885	00:01:05:52	-27.955940	1.652318	-1.268630	-27.981986	1.641600	-1.082972	-28.074247	1.649082	-1.139540	-27.969836	1.508076	-1.168055	-28.029076	1.543434	-1.130018	-28.134192	1.566565	-1.256135	-27.890291	1.547023	-1.103023	-28.076465	1.465194	-0.896954	-28.002008	0.730978	-1.547026	-28.051460	1.436652	-0.533215	-28.094900	-0.043392	-2.096891	-28.038607	1.418897	-0.563999	-28.063362	-0.029802	-2.054884	-28.006402	1.446025	-0.548393	-28.110048	-0.048389	-2.081881	-28.150644	0.992383	-1.219708	-28.129578	0.976144	-1.285281	-27.880559	0.958136	-1.028980	-27.845079	0.980742	-1.080452	-28.159130	0.485206	-1.252369	-27.866181	0.436560	-1.048033	-28.205056	-0.066581	-1.225733	-28.170010	-0.050503	-1.262704	-27.878650	-0.052299	-1.020037	-27.835030	-0.058112	-1.054083
4733	65.743779	00:01:05:53	-27.946243	1.654649	-1.222019	-27.954089	1.633570	-1.085400	-28.103192	1.686884	-1.163459	-28.005350	1.541097	-1.180376	-27.986220	1.526101	-1.122874	-28.117485	1.542892	-1.256491	-27.881940	1.562651	-1.079268	-28.084920	1.480712	-0.890272	-27.951520	0.739587	-1.568676	-28.046274	1.475120	-0.566996	-28.104653	-0.011579	-2.093286	-28.035726	1.432344	-0.557594	-28.069612	-0.030809	-2.055427	-28.007324	1.452365	-0.543079	-28.096882	-0.003365	-2.040515	-28.164614	0.985548	-1.233479	-28.159560	0.978615	-1.296957	-27.871874	0.975298	-1.014104	-27.857139	0.958597	-1.096764	-28.169471	0.449689	-1.234802	-27.862378	0.485740	-1.064963	-28.165552	-0.057811	-1.201784	-28.149438	-0.071542	-1.265160	-27.895675	-0.040779	-1.025105	-27.849495	-0.087616	-1.082389
4734	65.757672	00:01:05:54	-27.984511	1.663141	-1.217969	-27.986034	1.674702	-1.105908	-28.071955	1.661873	-1.144171	-28.025356	1.557416	-1.169686	-27.979354	1.550516	-1.109795	-28.135554	1.542120	-1.264099	-27.845327	1.506734	-1.075122	-28.091154	1.490630	-0.896462	-28.014086	0.736830	-1.578932	-28.019233	1.434666	-0.527708	-28.114411	-0.066422	-2.076801	-28.052826	1.416563	-0.540130	-28.072838	-0.055719	-2.040127	-28.012934	1.425552	-0.575804	-28.089329	-0.040224	-2.058838	-28.158963	0.971373	-1.229357	-28.189215	0.926972	-1.314827	-27.874452	0.984059	-1.044784	-27.820805	0.968394	-1.086071	-28.164074	0.459520	-1.254182	-27.858475	0.436719	-1.046802	-28.182312	-0.020754	-1.188103	-28.145729	-0.060839	-1.284152	-27.880521	-0.054764	-1.015111	-27.837407	-0.063243	-1.074614
4735	65.771566	00:01:05:55	-27.960047	1.637349	-1.217195	-27.980732	1.653632	-1.106657	-28.107695	1.661895	-1.153172	-27.984252	1.537032	-1.186076	-28.059131	1.563793	-1.120287	-28.128214	1.506659	-1.229808	-27.855794	1.515079	-1.098048	-28.068011	1.522389	-0.922113	-27.970796	0.773730	-1.587787	-28.061713	1.411538	-0.538908	-28.079368	-0.051383	-2.058575	-28.051439	1.452857	-0.571029	-28.104554	-0.052122	-2.059210	-28.011793	1.424815	-0.535460	-28.086620	-0.022315	-2.085670	-28.159142	0.946313	-1.235412	-28.136154	0.948412	-1.267507	-27.886330	0.974448	-1.057283	-27.839056	0.978809	-1.096934	-28.132365	0.446810	-1.256780	-27.842994	0.477440	-1.087268	-28.170499	-0.062284	-1.217336	-28.143473	-0.051018	-1.291712	-27.902302	-0.027742	-1.032417	-27.840991	-0.070137	-1.113334
4736	65.785459	00:01:05:56	-27.965009	1.645375	-1.252328	-27.947050	1.649527	-1.114741	-28.065920	1.680352	-1.104057	-28.006736	1.548178	-1.199719	-28.009853	1.564414	-1.173710	-28.068735	1.561076	-1.240950	-27.876862	1.541361	-1.074928	-28.083269	1.464822	-0.923001	-28.009726	0.763552	-1.576030	-28.026637	1.428089	-0.555700	-28.082935	-0.075848	-2.076744	-28.061047	1.410634	-0.607520	-28.103528	-0.060946	-2.019248	-28.035259	1.423420	-0.560766	-28.118868	-0.037511	-2.081946	-28.175778	0.965618	-1.206890	-28.134941	0.972643	-1.297453	-27.864293	0.952137	-1.021125	-27.857471	0.977273	-1.100451	-28.167826	0.440284	-1.247975	-27.862956	0.440657	-1.071554	-28.182667	-0.063208	-1.215981	-28.137796	-0.059314	-1.244328	-27.869872	-0.074308	-1.011988	-27.866825	-0.037943	-1.081986
4737	65.799353	00:01:05:57	-28.015476	1.670870	-1.219167	-27.981411	1.672888	-1.084728	-28.051993	1.671795	-1.134448	-27.991242	1.532754	-1.183634	-28.033604	1.572107	-1.163184	-28.125974	1.563541	-1.246501	-27.860052	1.525185	-1.089395	-28.071786	1.494283	-0.931029	-28.011274	0.754433	-1.589288	-28.010019	1.401144	-0.548578	-28.059057	-0.017044	-2.100397	-28.038145	1.426478	-0.559065	-28.108687	-0.025969	-2.073108	-28.020047	1.425641	-0.561925	-28.105610	-0.067971	-2.069128	-28.185429	0.968374	-1.221916	-28.139178	0.987962	-1.285270	-27.857149	0.933590	-1.052673	-27.827620	0.946857	-1.143158	-28.166908	0.450380	-1.257680	-27.870392	0.464819	-1.020652	-28.234674	-0.046991	-1.196181	-28.154850	-0.066837	-1.237137	-27.901300	-0.075583	-1.027444	-27.809338	-0.047559	-1.058529
4738	65.813246	00:01:05:58	-27.959212	1.632996	-1.249134	-27.994992	1.672874	-1.102392	-28.051085	1.675196	-1.142623	-27.984029	1.545219	-1.181188	-28.018701	1.528996	-1.120235	-28.147664	1.540722	-1.245792	-27.840004	1.513693	-1.099267	-28.052801	1.486272	-0.920891	-27.976067	0.729752	-1.586893	-28.053818	1.478705	-0.562874	-28.089526	-0.064118	-2.078030	-28.018236	1.439560	-0.540707	-28.122262	-0.045223	-2.052192	-28.018164	1.405581	-0.541879	-28.077310	-0.051583	-2.043094	-28.173346	0.947656	-1.219190	-28.142081	0.991523	-1.289658	-27.874137	0.970501	-1.035529	-27.864338	0.969301	-1.095981	-28.187815	0.457835	-1.267041	-27.852328	0.466230	-1.053266	-28.185136	-0.053518	-1.196259	-28.128935	-0.032576	-1.278828	-27.869181	-0.037241	-1.027776	-27.827024	-0.050018	-1.050257
4739	65.827140	00:01:05:59	-27.953124	1.654741	-1.224842	-27.967945	1.666864	-1.097648	-28.091486	1.654716	-1.147472	-27.990970	1.575417	-1.183629	-28.015570	1.551069	-1.133736	-28.105713	1.539671	-1.260439	-27.885266	1.523745	-1.092831	-28.079107	1.488209	-0.912046	-27.969793	0.752551	-1.570012	-28.027556	1.461098	-0.584110	-28.065298	-0.028192	-2.070330	-28.057898	1.457529	-0.576171	-28.104414	-0.022283	-2.056861	-28.040878	1.433936	-0.593818	-28.111154	-0.048880	-2.051207	-28.178543	0.976303	-1.245988	-28.146999	0.956249	-1.261888	-27.855848	0.964343	-1.045386	-27.821522	0.963149	-1.090155	-28.160491	0.461768	-1.248226	-27.827806	0.465905	-1.047449	-28.144240	-0.048883	-1.218314	-28.161216	-0.055000	-1.243546	-27.890762	-0.028314	-1.036826	-27.869594	-0.078432	-1.081396
4740	65.841033	00:01:05:60	-27.970961	1.648432	-1.197974	-27.959034	1.670505	-1.096041	-28.097058	1.660013	-1.150568	-27.985251	1.533240	-1.181515	-28.011967	1.540041	-1.138423	-28.126865	1.512323	-1.258580	-27.852701	1.546895	-1.120965	-28.104324	1.475880	-0.915585	-27.972887	0.720113	-1.585284	-28.067267	1.436178	-0.579003	-28.093991	-0.050018	-2.062636	-28.044998	1.419342	-0.541808	-28.100055	-0.043835	-2.053106	-28.020119	1.431295	-0.549611	-28.067750	-0.025187	-2.063520	-28.196835	0.986091	-1.211190	-28.137687	0.969769	-1.283149	-27.865569	0.982822	-1.060966	-27.837826	0.975222	-1.109936	-28.156532	0.463850	-1.244371	-27.825235	0.494773	-1.044738	-28.166817	-0.071335	-1.222567	-28.131084	-0.086723	-1.278024	-27.861739	-0.056912	-1.027153	-27.835402	-0.076796	-1.096286
4741	65.854926	00:01:05:61	-27.959861	1.615787	-1.249706	-27.990033	1.658970	-1.091466	-28.073786	1.696069	-1.155110	-27.974133	1.546538	-1.177157	-28.014650	1.570125	-1.184763	-28.120928	1.525957	-1.292375	-27.892717	1.540903	-1.107552	-28.115480	1.512544	-0.909933	-27.993750	0.755858	-1.589981	-28.011530	1.445007	-0.576991	-28.095016	-0.040427	-2.072861	-28.028176	1.431931	-0.538735	-28.082455	-0.062469	-2.071738	-28.000257	1.442458	-0.580854	-28.111136	-0.074071	-2.088195	-28.191284	0.984121	-1.238153	-28.138871	0.942051	-1.272345	-27.885973	0.975701	-1.066198	-27.853567	0.940968	-1.114280	-28.162564	0.470593	-1.284356	-27.826749	0.486846	-1.067248	-28.163951	-0.056683	-1.232469	-28.131117	-0.061329	-1.266611	-27.874384	-0.070126	-1.024053	-27.852687	-0.061403	-1.055901
4742	65.868820	00:01:05:62	-27.972875	1.643353	-1.216756	-27.960867	1.642084	-1.109109	-28.095056	1.667034	-1.185997	-27.981359	1.532561	-1.156150	-27.978101	1.584389	-1.114457	-28.116986	1.561599	-1.265483	-27.856604	1.566885	-1.098624	-28.095636	1.472552	-0.924174	-27.981772	0.725266	-1.576754	-28.043723	1.425395	-0.589749	-28.111054	-0.043712	-2.070261	-28.041497	1.409648	-0.569707	-28.103529	-0.043171	-2.061195	-28.048231	1.421473	-0.538591	-28.096137	-0.030405	-2.066746	-28.195557	1.010451	-1.227313	-28.102736	0.947758	-1.290679	-27.863586	0.972361	-1.055586	-27.842327	0.949980	-1.098136	-28.196383	0.478693	-1.251203	-27.850933	0.440128	-1.031778	-28.175233	-0.074725	-1.221423	-28.141129	-0.044884	-1.274102	-27.822215	-0.031087	-1.017803	-27.841497	-0.098493	-1.068414
4743	65.882713	00:01:05:63	-27.975421	1.660767	-1.218490	-27.964523	1.681916	-1.114391	-28.086057	1.650732	-1.146482	-27.969386	1.528620	-1.173641	-27.988432	1.539717	-1.144918	-28.106514	1.520684	-1.257611	-27.884027	1.576717	-1.101522	-28.072754	1.478334	-0.888372	-27.999240	0.740358	-1.578732	-28.050990	1.446508	-0.555299	-28.079382	-0.035256	-2.053435	-28.027170	1.447690	-0.532279	-28.068344	-0.062704	-2.030864	-28.031292	1.440854	-0.544516	-28.115188	-0.050871	-2.078620	-28.171781	0.975998	-1.238047	-28.163156	0.955745	-1.296653	-27.855085	0.981652	-1.047735	-27.861199	0.932849	-1.080084	-28.187577	0.477177	-1.224195	-27.855788	0.470508	-1.070171	-28.164872	-0.080079	-1.213420	-28.147701	-0.070130	-1.281303	-27.846890	-0.061224	-1.019948	-27.854960	-0.041863	-1.053444
4744	65.896607	00:01:05:64	-27.966268	1.643840	-1.217684	-27.990959	1.668610	-1.079597	-28.080350	1.686136	-1.182343	-27.976371	1.508996	-1.165991	-28.022892	1.542486	-1.169757	-28.139923	1.573644	-1.254380	-27.850916	1.557001	-1.095203	-28.082296	1.491251	-0.916904	-28.004977	0.740283	-1.586735	-28.042256	1.428299	-0.551421	-28.078691	-0.032347	-2.072004	-28.031289	1.435896	-0.566684	-28.100125	-0.052339	-2.066660	-28.052101	1.472452	-0.539780	-28.099272	-0.063012	-2.081311	-28.161954	0.979111	-1.251203	-28.132147	0.978678	-1.290857	-27.882608	0.944217	-1.023928	-27.857643	0.982046	-1.071700	-28.143279	0.461345	-1.258085	-27.846132	0.434619	-1.025342	-28.194448	-0.056895	-1.219467	-28.167107	-0.058080	-1.280322	-27.853225	-0.043802	-1.007762	-27.822781	-0.043748	-1.061587
4745	65.910500	00:01:05:65	-27.936249	1.628332	-1.228810	-27.987290	1.650478	-1.062727	-28.042539	1.678305	-1.188836	-27.989285	1.515193	-1.176688	-28.036541	1.552024	-1.141537	-28.071214	1.567775	-1.272561	-27.888113	1.550012	-1.116059	-28.081196	1.502047	-0.904184	-27.986593	0.743560	-1.567857	-28.066038	1.435383	-0.567523	-28.098043	-0.081931	-2.055915	-28.009481	1.439075	-0.542771	-28.117496	-0.057435	-2.096430	-28.031545	1.449482	-0.564535	-28.096489	-0.052249	-2.058629	-28.158903	0.957551	-1.231063	-28.130731	0.930589	-1.260494	-27.858858	0.998262	-1.037887	-27.841663	0.971776	-1.104204	-28.182808	0.460037	-1.232742	-27.857384	0.453974	-1.045713	-28.187562	-0.065620	-1.195744	-28.151700	-0.052611	-1.239339	-27.852018	-0.054875	-0.985920	-27.852108	-0.068458	-1.065341
4746	65.924394	00:01:05:66	-27.968542	1.635940	-1.226715	-27.948173	1.655918	-1.097474	-28.061774	1.636868	-1.157695	-28.014052	1.574439	-1.215763	-28.019021	1.578840	-1.133699	-28.133361	1.538343	-1.247480	-27.828570	1.529091	-1.097437	-28.083618	1.486633	-0.912658	-27.971479	0.748314	-1.584317	-28.041254	1.462252	-0.559916	-28.078583	-0.046027	-2.066920	-28.037062	1.450493	-0.564570	-28.094375	-0.063492	-2.046193	-27.996106	1.446030	-0.517759	-28.098461	-0.025017	-2.059738	-28.174672	0.966262	-1.227220	-28.134929	0.938405	-1.277002	-27.879509	0.996953	-1.036509	-27.823052	0.959956	-1.056683	-28.161262	0.464289	-1.216871	-27.886469	0.432549	-1.039451	-28.190649	-0.045070	-1.193391	-28.170563	-0.047283	-1.240229	-27.862369	-0.064985	-0.974765	-27.837098	-0.036520	-1.084017
4747	65.938287	00:01:05:67	-27.961099	1.636124	-1.221186	-27.971581	1.614630	-1.078414	-28.080536	1.670334	-1.122268	-27.980149	1.552533	-1.165644	-28.048361	1.531862	-1.130948	-28.135528	1.530321	-1.268808	-27.879991	1.549178	-1.096355	-28.100614	1.472854	-0.898409	-27.984483	0.722340	-1.565124	-28.069283	1.475861	-0.537041	-28.074264	-0.040182	-2.081686	-28.038892	1.423794	-0.544270	-28.103113	-0.039339	-2.053906	-28.016962	1.412689	-0.550100	-28.078402	-0.026500	-2.072839	-28.165294	0.978632	-1.194259	-28.148504	1.019227	-1.267674	-27.910858	0.972235	-1.046385	-27.855020	0.963337	-1.112294	-28.173396	0.471265	-1.254332	-27.863308	0.454440	-1.053793	-28.147829	-0.066812	-1.190903	-28.158404	-0.045540	-1.269371	-27.881807	-0.048567	-1.010838	-27.814231	-0.060947	-1.070622
4748	65.952181	00:01:05:68	-27.991465	1.639719	-1.264956	-27.980854	1.649916	-1.096257	-28.088841	1.643509	-1.131698	-27.975042	1.573487	-1.172162	-28.000195	1.523089	-1.165371	-28.138854	1.554398	-1.256821	-27.876657	1.547478	-1.102983	-28.107925	1.483527	-0.930927	-28.002750	0.753434	-1.580358	-28.058019	1.454868	-0.532149	-28.057810	-0.047354	-2.077710	-28.009936	1.415313	-0.589588	-28.114727	-0.022970	-2.057721	-28.023657	1.453388	-0.530472	-28.111348	-0.058030	-2.072160	-28.156748	0.932407	-1.206356	-28.157238	0.950881	-1.272425	-27.899013	0.960160	-1.029330	-27.841012	0.975766	-1.092689	-28.142492	0.468796	-1.239408	-27.857144	0.467467	-1.066465	-28.187181	-0.017668	-1.222304	-28.171295	-0.050633	-1.263825	-27.872570	-0.045152	-1.024472	-27.845600	-0.054343	-1.049483
4749	65.966074	00:01:05:69	-27.958279	1.675410	-1.205926	-27.968425	1.643085	-1.106096	-28.066802	1.652018	-1.162720	-28.013360	1.526095	-1.150669	-27.983255	1.547786	-1.153081	-28.128206	1.536989	-1.241162	-27.880696	1.557948	-1.099899	-28.099191	1.522554	-0.892956	-28.005672	0.739634	-1.570230	-28.046940	1.444015	-0.576282	-28.104859	-0.058029	-2.052033	-28.043557	1.459735	-0.550173	-28.114684	-0.042683	-2.045919	-28.041779	1.407944	-0.567719	-28.090371	-0.055670	-2.056000	-28.207923	0.991749	-1.235805	-28.176123	0.987979	-1.259210	-27.869527	0.977241	-1.083193	-27.842829	0.958875	-1.092553	-28.202090	0.441892	-1.255536	-27.858986	0.433720	-1.058247	-28.171424	-0.071175	-1.220922	-28.148712	-0.085840	-1.278280	-27.867342	-0.044693	-1.019317	-27.837118	-0.038104	-1.073206
4750	65.979967	00:01:05:70	-27.950145	1.661291	-1.197675	-27.962454	1.667624	-1.119899	-28.068721	1.623576	-1.162873	-28.017489	1.539197	-1.184570	-28.016124	1.556953	-1.133174	-28.145763	1.564101	-1.255704	-27.887740	1.556717	-1.129477	-28.045977	1.481883	-0.906678	-27.969224	0.731712	-1.608928	-28.046440	1.415978	-0.558077	-28.104627	-0.031990	-2.074970	-28.054623	1.476089	-0.562586	-28.101326	-0.062170	-2.060979	-28.048439	1.461197	-0.557459	-28.104372	-0.059661	-2.084536	-28.163434	0.958353	-1.217182	-28.150326	0.974770	-1.283111	-27.882678	1.016237	-1.022010	-27.839704	0.947851	-1.070259	-28.172313	0.470938	-1.249942	-27.856626	0.448633	-1.069544	-28.175452	-0.041471	-1.218208	-28.145155	-0.060900	-1.270808	-27.912862	-0.053366	-0.989214	-27.849755	-0.084367	-1.080430
4751	65.993861	00:01:05:71	-27.970605	1.632079	-1.249575	-27.980009	1.666852	-1.080839	-28.079095	1.648549	-1.156204	-27.985050	1.542600	-1.152333	-28.059351	1.556196	-1.139871	-28.142665	1.538495	-1.275052	-27.866978	1.561686	-1.081285	-28.080776	1.495193	-0.899648	-27.989828	0.733076	-1.543371	-28.017910	1.416125	-0.561625	-28.116372	-0.058352	-2.066599	-28.063100	1.430030	-0.553767	-28.129854	-0.026995	-2.055290	-28.045414	1.408929	-0.554461	-28.104491	-0.036816	-2.057279	-28.169611	0.937873	-1.222691	-28.134520	0.946521	-1.281475	-27.864338	0.986438	-1.084782	-27.823763	0.977107	-1.118027	-28.145777	0.459584	-1.259170	-27.868378	0.443629	-1.052374	-28.182315	-0.040465	-1.223620	-28.142482	-0.062672	-1.256295	-27.852024	-0.044410	-1.031635	-27.850781	-0.060254	-1.064654
4752	66.007754	00:01:06:00	-27.947061	1.618478	-1.246072	-27.975930	1.684255	-1.087069	-28.046562	1.680517	-1.171196	-28.006677	1.552021	-1.162061	-28.006342	1.547339	-1.133325	-28.164962	1.554044	-1.258402	-27.888922	1.533627	-1.050071	-28.112430	1.491825	-0.876645	-27.965598	0.726910	-1.559185	-28.043245	1.457802	-0.524871	-28.092694	-0.071121	-2.061747	-28.029417	1.445963	-0.536972	-28.092593	-0.028071	-2.080034	-28.068395	1.424408	-0.579591	-28.073138	-0.050642	-2.022246	-28.176152	0.992360	-1.241868	-28.127478	0.960257	-1.267078	-27.882133	0.953044	-1.028588	-27.857839	0.959660	-1.100438	-28.136778	0.432665	-1.229684	-27.864651	0.478169	-1.049210	-28.181011	-0.065302	-1.173182	-28.176564	-0.057934	-1.236116	-27.882030	-0.056352	-1.030339	-27.846028	-0.068363	-1.063633
4753	66.021648	00:01:06:01	-27.935191	1.642677	-1.232458	-27.975617	1.661516	-1.127634	-28.081585	1.657427	-1.188564	-28.041711	1.546694	-1.186371	-28.028644	1.516876	-1.143862	-28.119706	1.497338	-1.233450	-27.847973	1.535649	-1.124811	-28.079940	1.503007	-0.911402	-28.003704	0.751611	-1.583048	-28.067522	1.460935	-0.550794	-28.092477	-0.028839	-2.027698	-28.034690	1.407644	-0.587673	-28.081966	-0.062751	-2.072341	-27.998321	1.421919	-0.539782	-28.072331	-0.028611	-2.091683	-28.187345	0.980833	-1.218116	-28.133435	0.974451	-1.269217	-27.865850	0.953993	-1.052368	-27.823068	0.971720	-1.078765	-28.151239	0.457491	-1.225161	-27.828459	0.493957	-1.073143	-28.173810	-0.054555	-1.207421	-28.134136	-0.067644	-1.224935	-27.869637	-0.061204	-1.022749	-27.873456	-0.051818	-1.061016
4754	66.035541	00:01:06:02	-27.928583	1.654107	-1.213113	-27.970209	1.636013	-1.140273	-28.056562	1.665105	-1.153637	-27.995718	1.529061	-1.173870	-28.041505	1.538975	-1.138617	-28.099418	1.556525	-1.240312	-27.857056	1.542019	-1.133242	-28.112820	1.503709	-0.903429	-27.980791	0.720840	-1.579639	-28.060569	1.426505	-0.560988	-28.081580	-0.045837	-2.082399	-28.036675	1.457886	-0.550347	-28.098370	-0.059600	-2.095404	-28.004490	1.425049	-0.545590	-28.118056	-0.040933	-2.049324	-28.162566	0.943040	-1.206257	-28.190236	0.936780	-1.268170	-27.882154	0.987391	-1.037517	-27.806503	0.937922	-1.095133	-28.171117	0.447119	-1.247558	-27.868420	0.485043	-1.074958	-28.165974	-0.044535	-1.208074	-28.138899	-0.036691	-1.274262	-27.890866	-0.025215	-1.007855	-27.865242	-0.061830	-1.084558
4755	66.049435	00:01:06:03	-27.957683	1.657258	-1.221923	-27.984977	1.694720	-1.060931	-28.105393	1.629685	-1.148798	-27.992038	1.568933	-1.201353	-28.016798	1.513541	-1.156821	-28.137544	1.567173	-1.245612	-27.877831	1.548011	-1.112115	-28.065114	1.464798	-0.935730	-27.998240	0.741154	-1.611921	-28.038492	1.430528	-0.536584	-28.112528	-0.049779	-2.088699	-27.992445	1.407341	-0.563649	-28.093259	-0.051648	-2.076401	-28.035926	1.446313	-0.504357	-28.087405	-0.041315	-2.074940	-28.174809	0.998298	-1.255230	-28.148018	0.968532	-1.276236	-27.847735	1.018857	-1.034375	-27.817778	0.958558	-1.100840	-28.179727	0.478377	-1.244887	-27.870809	0.413732	-1.012824	-28.131952	-0.048272	-1.198436	-28.156013	-0.039755	-1.258408	-27.867284	-0.057720	-1.024452	-27.825161	-0.074322	-1.075898
4756	66.063328	00:01:06:04	-27.957797	1.645302	-1.250785	-27.971012	1.640522	-1.096631	-28.088406	1.700208	-1.147928	-28.012712	1.563799	-1.196988	-28.019200	1.565334	-1.162864	-28.097823	1.545305	-1.242222	-27.855019	1.560035	-1.098801	-28.082618	1.502983	-0.902042	-27.986047	0.760666	-1.584531	-28.020828	1.468526	-0.555355	-28.100800	-0.080680	-2.060646	-28.041547	1.424786	-0.535420	-28.085355	-0.046425	-2.055931	-28.022339	1.419798	-0.544595	-28.111113	-0.007302	-2.051711	-28.200644	0.947709	-1.186642	-28.160236	0.989706	-1.284044	-27.872785	0.960133	-1.036926	-27.868084	0.963830	-1.104628	-28.145850	0.459952	-1.218500	-27.881780	0.428232	-1.071709	-28.178616	-0.048604	-1.239313	-28.145979	-0.044012	-1.243349	-27.850645	-0.028370	-0.981389	-27.827990	-0.036719	-1.057318
4757	66.077222	00:01:06:05	-27.959891	1.635465	-1.263206	-27.973612	1.655725	-1.084194	-28.069191	1.691053	-1.146252	-28.016424	1.551534	-1.169062	-27.973768	1.532492	-1.159874	-28.114189	1.543695	-1.245106	-27.863828	1.557330	-1.100035	-28.090219	1.500089	-0.915616	-27.984842	0.731278	-1.626767	-28.068063	1.426179	-0.563960	-28.098110	-0.044370	-2.039852	-28.042627	1.424413	-0.507661	-28.098785	-0.058553	-2.057983	-28.045773	1.434383	-0.521221	-28.094242	-0.047554	-2.060560	-28.189358	0.992692	-1.184041	-28.163936	0.950448	-1.286374	-27.858159	0.977907	-1.037149	-27.854353	0.941998	-1.099071	-28.146282	0.456928	-1.262477	-27.849953	0.440308	-1.045748	-28.169884	-0.089366	-1.218581	-28.126592	-0.034374	-1.297621	-27.854960	-0.045315	-1.044252	-27.858397	-0.070532	-1.057252
4758	66.091115	00:01:06:06	-27.962378	1.627664	-1.219696	-27.943055	1.673130	-1.083140	-28.045923	1.663198	-1.164418	-28.011403	1.544788	-1.171658	-28.048828	1.561991	-1.145791	-28.123332	1.530061	-1.240218	-27.863914	1.529559	-1.094614	-28.097022	1.499605	-0.937429	-27.986454	0.756365	-1.588504	-28.032229	1.439389	-0.546964	-28.074601	-0.049501	-2.081230	-28.033598	1.435185	-0.548094	-28.083128	-0.058971	-2.047814	-28.004971	1.446819	-0.535819	-28.106120	-0.037649	-2.077202	-28.156391	0.975723	-1.200541	-28.159488	0.949214	-1.341222	-27.859476	0.982985	-1.038316	-27.820418	0.981105	-1.072890	-28.164338	0.424563	-1.225415	-27.811792	0.443441	-1.059717	-28.167305	-0.065864	-1.181589	-28.105923	-0.055130	-1.249881	-27.870936	-0.066788	-1.061895	-27.826293	-0.037093	-1.056097
4759	66.105008	00:01:06:07	-27.973423	1.605664	-1.233257	-27.946619	1.653980	-1.102092	-28.072419	1.629995	-1.133649	-27.966956	1.561801	-1.192727	-28.045745	1.565031	-1.170403	-28.125033	1.574268	-1.266233	-27.894392	1.568217	-1.083034	-28.074992	1.504059	-0.916123	-27.991316	0.758792	-1.570042	-28.014604	1.413817	-0.532893	-28.104574	-0.063781	-2.050091	-28.017837	1.470748	-0.529949	-28.103294	-0.034178	-2.052899	-28.028224	1.414139	-0.565873	-28.102968	-0.051032	-2.053996	-28.177958	0.965527	-1.211859	-28.139665	0.976809	-1.272323	-27.927428	0.983448	-1.040100	-27.845376	0.977279	-1.057518	-28.132030	0.469158	-1.232975	-27.866930	0.456443	-1.062816	-28.170858	-0.065586	-1.237242	-28.134825	-0.064202	-1.235452	-27.878454	-0.057324	-1.027597	-27.849441	-0.063529	-1.048216
4760	66.118902	00:01:06:08	-27.913980	1.647233	-1.222505	-27.974649	1.668014	-1.079581	-28.065211	1.665359	-1.146739	-27.958578	1.558101	-1.123693	-28.032942	1.548481	-1.153888	-28.135355	1.527630	-1.253010	-27.865515	1.534891	-1.082599	-28.073055	1.508688	-0.888768	-27.984052	0.756107	-1.542292	-28.020373	1.424906	-0.569415	-28.126259	-0.052577	-2.071104	-28.034631	1.420832	-0.612360	-28.098017	-0.000178	-2.067509	-28.038085	1.396600	-0.576624	-28.102459	-0.054629	-2.060143	-28.174006	0.972844	-1.211097	-28.124383	0.961413	-1.286598	-27.854207	0.989753	-1.040145	-27.844143	0.978443	-1.098237	-28.158991	0.446800	-1.281249	-27.860305	0.465430	-1.091334	-28.158483	-0.037767	-1.231232	-28.162925	-0.063501	-1.243814	-27.849713	-0.043194	-1.033836	-27.832482	-0.063161	-1.074318
4761	66.132795	00:01:06:09	-27.945129	1.683729	-1.234689	-27.980246	1.659732	-1.095708	-28.076604	1.690084	-1.165833	-27.994763	1.526598	-1.208964	-27.987273	1.546943	-1.181789	-28.105343	1.546680	-1.282079	-27.864860	1.554343	-1.097001	-28.093942	1.497290	-0.902758	-27.975201	0.739301	-1.580892	-28.027455	1.435562	-0.528018	-28.112886	-0.056265	-2.080777	-28.050529	1.438133	-0.545761	-28.097320	-0.054233	-2.056870	-28.010686	1.443636	-0.556327	-28.102770	-0.049301	-2.057429	-28.171932	0.996799	-1.218390	-28.138674	0.977100	-1.266415	-27.876112	0.968341	-1.028111	-27.801850	0.969368	-1.098835	-28.134528	0.476877	-1.254531	-27.838340	0.460670	-1.077823	-28.171874	-0.079051	-1.196745	-28.144744	-0.069289	-1.236485	-27.865844	-0.047033	-1.035419	-27.844034	-0.048995	-1.055426
4762	66.146689	00:01:06:10	-27.971464	1.651532	-1.235625	-28.018780	1.670988	-1.084107	-28.100443	1.697357	-1.144626	-27.966064	1.547235	-1.166247	-28.022896	1.545874	-1.140263	-28.136671	1.531160	-1.251393	-27.826461	1.557972	-1.084620	-28.074707	1.533649	-0.912466	-27.972278	0.731389	-1.569449	-28.043817	1.420553	-0.530015	-28.082020	-0.050790	-2.031745	-28.032101	1.426356	-0.567697	-28.098711	-0.027177	-2.066643	-28.019164	1.439918	-0.558817	-28.112836	-0.069847	-2.038812	-28.193299	0.957033	-1.190612	-28.158054	0.929187	-1.271188	-27.853921	1.002612	-1.031246	-27.868047	0.982349	-1.086017	-28.144022	0.472518	-1.223886	-27.848078	0.449904	-1.049746	-28.148701	-0.041365	-1.213328	-28.141857	-0.070238	-1.262925	-27.893130	-0.028374	-1.003933	-27.830756	-0.066097	-1.076120
4763	66.160582	00:01:06:11	-27.981868	1.627887	-1.241278	-28.000895	1.669602	-1.104663	-28.073901	1.655207	-1.139179	-28.003493	1.521185	-1.178707	-28.005528	1.558076	-1.137489	-28.135236	1.524882	-1.256471	-27.850738	1.537615	-1.127398	-28.080936	1.439008	-0.890137	-27.987660	0.768987	-1.598697	-28.011861	1.423050	-0.544573	-28.099546	-0.037173	-2.060948	-28.033513	1.422622	-0.527048	-28.067702	-0.045353	-2.083167	-27.998349	1.469842	-0.556692	-28.098891	-0.015884	-2.081998	-28.173067	1.006689	-1.241615	-28.165370	0.940447	-1.302940	-27.840377	0.969011	-1.029959	-27.820973	0.948779	-1.097463	-28.149719	0.473462	-1.234662	-27.846592	0.442378	-1.075859	-28.141828	-0.058493	-1.212167	-28.153572	-0.042817	-1.245942	-27.865226	-0.053609	-1.012587	-27.826998	-0.058607	-1.060074
4764	66.174476	00:01:06:12	-27.972060	1.629023	-1.244739	-27.984357	1.659950	-1.105545	-28.091226	1.663646	-1.198438	-27.994082	1.536075	-1.163494	-28.024536	1.572990	-1.151785	-28.119631	1.558466	-1.250091	-27.868585	1.519773	-1.090579	-28.079799	1.506000	-0.903895	-27.991151	0.743846	-1.620446	-28.016420	1.431944	-0.544961	-28.105960	-0.049396	-2.087910	-28.034319	1.425721	-0.564617	-28.098964	-0.054681	-2.052017	-28.025853	1.419877	-0.547195	-28.065802	-0.035750	-2.054019	-28.162755	0.972584	-1.225601	-28.136267	0.948186	-1.300593	-27.854129	0.953368	-1.031872	-27.845892	0.944322	-1.075611	-28.187932	0.456930	-1.236773	-27.839386	0.460303	-1.037995	-28.176299	-0.076584	-1.234859	-28.148357	-0.054502	-1.248346	-27.869322	-0.064831	-1.017746	-27.839444	-0.042755	-1.094222
4765	66.188369	00:01:06:13	-27.951910	1.645768	-1.250779	-27.976131	1.685039	-1.103790	-28.073063	1.653445	-1.158697	-28.004134	1.537548	-1.189338	-28.000956	1.564734	-1.170561	-28.134861	1.555830	-1.255944	-27.865626	1.504342	-1.109963	-28.089647	1.482744	-0.907522	-27.980787	0.740912	-1.611532	-28.039067	1.459913	-0.562066	-28.090451	-0.062372	-2.069961	-28.032622	1.440043	-0.562019	-28.105379	-0.038641	-2.073682	-27.998262	1.436825	-0.588177	-28.099505	-0.071475	-2.096688	-28.172584	0.952113	-1.259411	-28.152294	0.988437	-1.270511	-27.869364	0.972000	-1.037111	-27.864492	1.000206	-1.089884	-28.168687	0.465982	-1.227380	-27.854626	0.469733	-1.043699	-28.153130	-0.084289	-1.232325	-28.131834	-0.040850	-1.272457	-27.879248	-0.067356	-1.058609	-27.848095	-0.047421	-1.070951
4766	66.202263	00:01:06:14	-27.943371	1.636214	-1.229107	-27.989689	1.675595	-1.079843	-28.089337	1.664429	-1.150176	-28.016712	1.580774	-1.173433	-27.974963	1.530908	-1.142728	-28.144261	1.590505	-1.275993	-27.926431	1.538005	-1.073035	-28.073661	1.489727	-0.883588	-27.961716	0.791729	-1.592115	-28.002058	1.439838	-0.539993	-28.101029	-0.045481	-2.088977	-28.026952	1.468564	-0.542010	-28.078648	-0.068651	-2.067111	-28.030311	1.429523	-0.563969	-28.096344	-0.043227	-2.067967	-28.180561	0.989357	-1.210896	-28.149143	0.959503	-1.246992	-27.886881	0.945360	-1.025095	-27.831355	0.964216	-1.076658	-28.170922	0.477795	-1.266272	-27.869492	0.489486	-1.059163	-28.178729	-0.060043	-1.176103	-28.157672	-0.061035	-1.293263	-27.874660	-0.047343	-1.007315	-27.841179	-0.056327	-1.101195
4767	66.216156	00:01:06:15	-27.969309	1.642245	-1.246510	-27.951095	1.654335	-1.090643	-28.097379	1.636966	-1.192004	-27.991707	1.546582	-1.141771	-28.034001	1.546030	-1.155438	-28.126732	1.554751	-1.256177	-27.857508	1.528365	-1.077892	-28.061891	1.470720	-0.911777	-27.972635	0.715916	-1.570737	-28.039860	1.412145	-0.532731	-28.066568	-0.074378	-2.054722	-28.023277	1.430904	-0.593085	-28.098724	-0.053018	-2.084650	-28.021791	1.402621	-0.556442	-28.094936	-0.068854	-2.078219	-28.194960	0.971572	-1.221367	-28.156868	0.940870	-1.301940	-27.859494	1.010427	-1.038924	-27.809192	0.914650	-1.078425	-28.172169	0.479722	-1.248590	-27.854798	0.465370	-1.086926	-28.159642	-0.081239	-1.177370	-28.150858	-0.086310	-1.263564	-27.857613	-0.070626	-1.011335	-27.821704	-0.074185	-1.077538
4768	66.230049	00:01:06:16	-27.954304	1.625135	-1.237524	-27.993601	1.685299	-1.105287	-28.051138	1.680960	-1.150006	-27.990810	1.538960	-1.198103	-28.014407	1.536464	-1.135360	-28.118159	1.546232	-1.266701	-27.859810	1.548302	-1.126646	-28.069462	1.499204	-0.899978	-27.966060	0.761579	-1.623893	-28.033938	1.397928	-0.561870	-28.065834	-0.060080	-2.057463	-28.024884	1.408402	-0.561546	-28.106236	-0.047159	-2.042374	-28.040995	1.428540	-0.537916	-28.083917	-0.054819	-2.054203	-28.186924	0.976040	-1.246491	-28.135820	0.934829	-1.273296	-27.884852	0.949714	-1.031759	-27.828217	0.944037	-1.073641	-28.135193	0.474666	-1.237054	-27.875411	0.489910	-1.017763	-28.176263	-0.029542	-1.218812	-28.177811	-0.060381	-1.264538	-27.911568	-0.034216	-1.014158	-27.844067	-0.067473	-1.064228
4769	66.243943	00:01:06:17	-27.979368	1.652968	-1.241362	-27.992723	1.680314	-1.082845	-28.068355	1.607362	-1.152491	-28.011731	1.522131	-1.173549	-28.057161	1.545338	-1.132402	-28.134463	1.507881	-1.268054	-27.883710	1.537850	-1.094222	-28.102562	1.498472	-0.885542	-27.961646	0.762703	-1.590570	-28.059807	1.424425	-0.522810	-28.067590	-0.062389	-2.061534	-28.011388	1.434871	-0.552242	-28.093097	-0.050881	-2.071369	-28.055250	1.408758	-0.564348	-28.094301	-0.049462	-2.065693	-28.177301	1.009573	-1.211568	-28.147065	0.946023	-1.295422	-27.882971	0.992283	-1.018859	-27.871809	0.973071	-1.080596	-28.178955	0.468949	-1.237980	-27.835342	0.459799	-1.046379	-28.162556	-0.038619	-1.204594	-28.131132	-0.081035	-1.249688	-27.898600	-0.061555	-1.016274	-27.843406	-0.069839	-1.072267
4770	66.257836	00:01:06:18	-27.970929	1.643694	-1.232158	-27.976146	1.667779	-1.091197	-28.073085	1.637374	-1.180577	-27.990973	1.546569	-1.206930	-28.010890	1.544778	-1.107389	-28.138074	1.545501	-1.263807	-27.864056	1.536944	-1.092522	-28.098698	1.492664	-0.903639	-27.980746	0.747766	-1.566038	-28.060225	1.450531	-0.570833	-28.088001	-0.078516	-2.076211	-28.004526	1.419033	-0.552033	-28.076104	-0.057998	-2.055006	-28.042746	1.429380	-0.558827	-28.084814	-0.075946	-2.056839	-28.161773	0.990554	-1.223599	-28.139960	0.958182	-1.305286	-27.864608	0.998312	-1.024720	-27.848511	0.974202	-1.097447	-28.157523	0.463516	-1.222479	-27.861724	0.427480	-1.050424	-28.196919	-0.066728	-1.202398	-28.169056	-0.065570	-1.264811	-27.885846	-0.062762	-1.029231	-27.834061	-0.075192	-1.062403
4771	66.271730	00:01:06:19	-27.970518	1.648549	-1.274513	-27.996207	1.689407	-1.094159	-28.081548	1.660746	-1.143164	-27.975716	1.534026	-1.161884	-28.018308	1.552564	-1.123529	-28.122374	1.553768	-1.260840	-27.870430	1.533714	-1.097791	-28.054553	1.496659	-0.883650	-27.975957	0.737863	-1.583642	-28.061692	1.441974	-0.582747	-28.092489	-0.078023	-2.040601	-28.002763	1.440573	-0.538961	-28.084528	-0.038117	-2.095618	-28.017131	1.435724	-0.558106	-28.125217	-0.034637	-2.042762	-28.186159	1.001652	-1.216336	-28.126653	0.977283	-1.290378	-27.866607	0.984868	-1.034929	-27.861537	0.978133	-1.103542	-28.131619	0.451218	-1.225505	-27.845807	0.452268	-1.048310	-28.155514	-0.045337	-1.210141	-28.164990	-0.089364	-1.262949	-27.874410	-0.058187	-1.043971	-27.859799	-0.077000	-1.069964
4772	66.285623	00:01:06:20	-27.936271	1.654364	-1.232261	-27.970856	1.663327	-1.100579	-28.080303	1.664495	-1.168278	-27.990858	1.528107	-1.184728	-28.003719	1.570621	-1.139698	-28.126231	1.520245	-1.293394	-27.893472	1.514987	-1.111705	-28.074106	1.472325	-0.916576	-27.993403	0.767598	-1.587588	-28.012954	1.425693	-0.526317	-28.122380	-0.037378	-2.069136	-28.025421	1.450947	-0.561878	-28.089356	-0.074885	-2.076285	-28.009469	1.432435	-0.564274	-28.091227	-0.029067	-2.080966	-28.176188	0.960153	-1.236719	-28.120868	0.939985	-1.274770	-27.881949	0.957937	-1.032652	-27.834311	0.973775	-1.087853	-28.127043	0.434140	-1.243717	-27.842317	0.452645	-1.069706	-28.171128	-0.071706	-1.226735	-28.151735	-0.067569	-1.266854	-27.854540	-0.039499	-1.007065	-27.865045	-0.106356	-1.081451
4773	66.299517	00:01:06:21	-27.960744	1.656917	-1.244393	-27.990561	1.663744	-1.095232	-28.059157	1.685369	-1.129401	-28.005919	1.544022	-1.188539	-28.035232	1.517902	-1.163799	-28.082640	1.520047	-1.231346	-27.869608	1.511989	-1.122707	-28.082619	1.491644	-0.942653	-27.955198	0.734304	-1.610209	-28.014372	1.462120	-0.580008	-28.100999	-0.045946	-2.086181	-28.033628	1.435742	-0.559323	-28.073428	-0.058819	-2.080528	-28.024229	1.432849	-0.557979	-28.127475	-0.043663	-2.053614	-28.182647	0.981813	-1.200337	-28.132248	0.958203	-1.283608	-27.863382	0.989230	-1.054089	-27.853855	0.950023	-1.074291	-28.179512	0.474088	-1.236380	-27.856465	0.459196	-1.038500	-28.163036	-0.027304	-1.173440	-28.142203	-0.040380	-1.248204	-27.875555	-0.102126	-1.018189	-27.852926	-0.091143	-1.077479
4774	66.313410	00:01:06:22	-27.955739	1.621654	-1.268901	-27.990906	1.690245	-1.076418	-28.073232	1.640466	-1.196732	-27.983414	1.533506	-1.175492	-28.034221	1.544648	-1.131679	-28.160709	1.537517	-1.268627	-27.878617	1.554881	-1.099026	-28.090596	1.488126	-0.871817	-27.969047	0.748033	-1.584005	-28.019407	1.463195	-0.588971	-28.102663	-0.035789	-2.083467	-28.025261	1.434355	-0.572881	-28.098828	-0.016137	-2.072497	-28.046778	1.436315	-0.541506	-28.086196	-0.018520	-2.077030	-28.197665	0.943810	-1.226312	-28.151957	0.956867	-1.273622	-27.881827	0.986712	-1.049712	-27.870654	0.980955	-1.093783	-28.144026	0.464647	-1.229050	-27.829853	0.420947	-1.051348	-28.160209	-0.025371	-1.180214	-28.127906	-0.093590	-1.243067	-27.894159	-0.018171	-1.007929	-27.783349	-0.076579	-1.055684
4775	66.327304	00:01:06:23	-27.946043	1.652613	-1.235839	-27.954938	1.653649	-1.061723	-28.085655	1.679403	-1.178603	-27.979561	1.548206	-1.157864	-28.006716	1.551587	-1.133364	-28.097472	1.538077	-1.267381	-27.854422	1.505367	-1.113494	-28.104124	1.494048	-0.894657	-27.960695	0.732301	-1.595479	-27.997469	1.418416	-0.567331	-28.077050	-0.054406	-2.033784	-28.024382	1.438338	-0.557880	-28.125656	-0.058925	-2.081437	-28.049934	1.455255	-0.554664	-28.070871	-0.062861	-2.052870	-28.180728	0.968171	-1.233811	-28.123319	0.953193	-1.272252	-27.842775	0.966277	-1.047700	-27.819253	0.977263	-1.093364	-28.170245	0.435044	-1.255005	-27.842355	0.453683	-1.025168	-28.176975	-0.043322	-1.223541	-28.164202	-0.029385	-1.243296	-27.881271	-0.034753	-1.008478	-27.852905	-0.053427	-1.084107
4776	66.341197	00:01:06:24	-27.948646	1.622747	-1.263251	-27.986340	1.672972	-1.075686	-28.041079	1.652521	-1.144325	-28.010831	1.549306	-1.154795	-28.009402	1.545437	-1.134714	-28.130642	1.540153	-1.243486	-27.871397	1.543319	-1.095643	-28.108012	1.494804	-0.907970	-27.996307	0.726847	-1.534361	-28.059915	1.446093	-0.560726	-28.103397	-0.045737	-2.067254	-28.038917	1.403700	-0.553067	-28.097940	-0.059843	-2.049829	-28.019679	1.434039	-0.587358	-28.092352	-0.018342	-2.073155	-28.152087	0.957235	-1.229280	-28.126710	0.957203	-1.253542	-27.920709	0.995204	-1.027228	-27.855048	0.943378	-1.104688	-28.166390	0.459263	-1.223505	-27.846664	0.463825	-1.084428	-28.171762	-0.024857	-1.198790	-28.140895	-0.069675	-1.266917	-27.850785	-0.062508	-1.023604	-27.843934	-0.041343	-1.038477
4777	66.355090	00:01:06:25	-27.978655	1.625577	-1.254346	-27.965592	1.660101	-1.110655	-28.072388	1.650855	-1.151114	-27.997370	1.552513	-1.161805	-28.025574	1.547667	-1.129790	-28.137078	1.568298	-1.243907	-27.876158	1.545474	-1.065998	-28.086286	1.514923	-0.891457	-28.003909	0.740842	-1.580606	-28.071939	1.428022	-0.562835	-28.094943	-0.064420	-2.059997	-28.054929	1.457341	-0.544953	-28.103489	-0.036760	-2.040586	-28.026027	1.447185	-0.550928	-28.122026	-0.021919	-2.065850	-28.170350	0.987147	-1.242846	-28.178896	0.983528	-1.277106	-27.884815	0.973349	-1.060333	-27.845437	0.981478	-1.086220	-28.165921	0.463817	-1.228991	-27.864427	0.460109	-1.038882	-28.168665	-0.065978	-1.191490	-28.156368	-0.066536	-1.277006	-27.886322	-0.013025	-1.038568	-27.831691	-0.078604	-1.089025
4778	66.368984	00:01:06:26	-27.942772	1.657792	-1.226629	-27.950826	1.648611	-1.115828	-28.076878	1.649166	-1.153873	-27.958374	1.539635	-1.178803	-27.996703	1.553921	-1.168535	-28.165993	1.561129	-1.259919	-27.863740	1.538777	-1.140425	-28.069249	1.500311	-0.865893	-27.983380	0.728539	-1.571829	-28.056342	1.451473	-0.568882	-28.074449	-0.042901	-2.058426	-28.036467	1.404091	-0.552318	-28.083332	-0.029941	-2.038995	-28.021297	1.440199	-0.561807	-28.095691	-0.039805	-2.057539	-28.177692	0.953387	-1.227190	-28.136613	0.979490	-1.315005	-27.847853	0.974667	-1.024678	-27.840199	0.989195	-1.089127	-28.139983	0.436593	-1.250424	-27.873661	0.469632	-1.051817	-28.187826	-0.060342	-1.226699	-28.151983	-0.066018	-1.257751	-27.887195	-0.056185	-1.015828	-27.853850	-0.068568	-1.051513
4779	66.382877	00:01:06:27	-27.943228	1.657809	-1.233247	-27.966664	1.650642	-1.082616	-28.072195	1.658662	-1.185274	-28.006537	1.574334	-1.198341	-28.010030	1.561128	-1.144272	-28.131788	1.522811	-1.212528	-27.866934	1.534978	-1.081302	-28.054669	1.457355	-0.921659	-27.956997	0.710682	-1.576994	-28.027014	1.429176	-0.578739	-28.076313	-0.017741	-2.070019	-28.028313	1.446043	-0.554358	-28.102959	-0.043791	-2.063550	-28.039658	1.422037	-0.550894	-28.074967	-0.061869	-2.059147	-28.193486	0.958504	-1.217065	-28.149796	1.012143	-1.294812	-27.868680	0.969910	-1.027465	-27.874193	0.942343	-1.104515	-28.175012	0.476346	-1.244543	-27.883363	0.406635	-1.044499	-28.192494	-0.018617	-1.235899	-28.178744	-0.041565	-1.264379	-27.868856	-0.020710	-1.015760	-27.861421	-0.056753	-1.067434
4780	66.396771	00:01:06:28	-27.985972	1.638733	-1.220843	-27.958454	1.654290	-1.098357	-28.079138	1.684016	-1.166909	-28.016514	1.518763	-1.187147	-28.021506	1.541646	-1.167136	-28.143552	1.539082	-1.273845	-27.925191	1.524897	-1.129415	-28.063462	1.497464	-0.910847	-27.990288	0.763608	-1.588542	-28.039517	1.423363	-0.546822	-28.105863	-0.024283	-2.077288	-28.047555	1.409757	-0.536458	-28.098588	-0.060986	-2.076738	-28.065487	1.427841	-0.557471	-28.083440	-0.048807	-2.070975	-28.183159	0.959864	-1.215444	-28.133489	0.993987	-1.270832	-27.898207	0.995810	-1.057789	-27.834261	0.947604	-1.091977	-28.148560	0.447554	-1.250074	-27.838778	0.454737	-1.044698	-28.199140	-0.055433	-1.220941	-28.124193	-0.076056	-1.233756	-27.873348	-0.051691	-0.999739	-27.845986	-0.078849	-1.077067
4781	66.410664	00:01:06:29	-27.968489	1.661316	-1.215449	-27.975940	1.654506	-1.112874	-28.083325	1.656290	-1.178507	-28.029891	1.561402	-1.201254	-27.990849	1.525669	-1.155507	-28.129856	1.578617	-1.262147	-27.860096	1.549721	-1.122029	-28.108343	1.482350	-0.913036	-27.973321	0.750409	-1.579045	-28.044078	1.420635	-0.556690	-28.066998	-0.074188	-2.084437	-28.049060	1.444780	-0.522481	-28.111326	-0.039209	-2.080399	-28.037914	1.434287	-0.508729	-28.117028	-0.025278	-2.067981	-28.171453	0.992704	-1.242674	-28.163235	0.952343	-1.272313	-27.856908	0.954448	-1.065571	-27.850696	0.954487	-1.077241	-28.154116	0.462016	-1.255458	-27.845293	0.451967	-1.032506	-28.168223	-0.088480	-1.221870	-28.140000	-0.031826	-1.240067	-27.871380	-0.066129	-1.046786	-27.846813	-0.067906	-1.073047
4782	66.424558	00:01:06:30	-27.978089	1.636274	-1.202695	-27.946072	1.691179	-1.108696	-28.098453	1.657653	-1.171549	-27.986459	1.549414	-1.148748	-27.998671	1.561730	-1.122859	-28.112589	1.583735	-1.263360	-27.859615	1.525126	-1.089092	-28.062684	1.485000	-0.877848	-27.968105	0.716851	-1.595259	-28.069746	1.423844	-0.547581	-28.085045	-0.042462	-2.053285	-28.010278	1.440568	-0.558742	-28.107461	0.001692	-2.056021	-28.027349	1.422203	-0.560938	-28.128480	-0.032906	-2.066746	-28.187576	0.970331	-1.216369	-28.149866	0.967439	-1.284723	-27.876835	0.962662	-1.035381	-27.842260	0.980099	-1.070218	-28.171822	0.467661	-1.235221	-27.840946	0.465064	-1.072648	-28.184820	-0.047007	-1.204986	-28.156312	-0.076239	-1.285597	-27.880993	-0.051231	-1.022272	-27.808218	-0.070677	-1.083639
4783	66.438451	00:01:06:31	-27.953104	1.629135	-1.218413	-27.985111	1.660046	-1.079750	-28.073903	1.633521	-1.153344	-28.030833	1.509104	-1.170618	-28.025943	1.538045	-1.144097	-28.146895	1.533792	-1.255003	-27.840402	1.563379	-1.115597	-28.072929	1.477671	-0.904494	-28.008557	0.764382	-1.604695	-28.015244	1.425641	-0.533306	-28.094822	-0.044995	-2.076447	-28.031599	1.437168	-0.552606	-28.093377	-0.016460	-2.066747	-28.019393	1.454733	-0.531534	-28.101964	-0.059029	-2.056796	-28.187264	0.968311	-1.227189	-28.142825	0.975634	-1.245200	-27.881801	0.975285	-1.047651	-27.848390	0.960278	-1.111569	-28.156573	0.430872	-1.229746	-27.873233	0.442832	-1.065960	-28.170099	-0.060823	-1.209388	-28.156706	-0.047006	-1.265829	-27.851125	-0.062009	-1.021728	-27.845718	-0.046476	-1.072103
4784	66.452345	00:01:06:32	-27.948337	1.634403	-1.254929	-27.962226	1.638874	-1.096817	-28.054533	1.661596	-1.153462	-27.961835	1.531988	-1.165159	-27.992078	1.546537	-1.145313	-28.108088	1.520818	-1.241516	-27.851529	1.551338	-1.085013	-28.073539	1.529944	-0.904501	-27.985991	0.779712	-1.588054	-28.014928	1.448397	-0.559275	-28.097934	-0.048660	-2.062530	-28.045745	1.424923	-0.601272	-28.102187	-0.067890	-2.053050	-28.041177	1.438042	-0.533823	-28.127998	-0.037548	-2.036312	-28.170475	0.957441	-1.226041	-28.182953	0.972745	-1.288035	-27.892612	0.965254	-1.038797	-27.805819	0.952200	-1.106504	-28.165623	0.458793	-1.229767	-27.842663	0.426884	-1.038642	-28.149809	-0.056509	-1.208442	-28.138063	-0.072821	-1.268864	-27.853239	-0.088806	-1.015747	-27.868706	-0.045340	-1.081456
4785	66.466238	00:01:06:33	-27.976446	1.660751	-1.224828	-27.975352	1.678132	-1.072711	-28.075160	1.647734	-1.158436	-27.977161	1.526364	-1.178661	-27.999620	1.565128	-1.146581	-28.111490	1.561533	-1.262184	-27.854141	1.511083	-1.098427	-28.077852	1.481549	-0.911355	-27.949231	0.750632	-1.580968	-28.025895	1.466441	-0.560823	-28.114596	-0.071611	-2.098235	-28.020799	1.423401	-0.549165	-28.110496	-0.025262	-2.070412	-28.019534	1.434248	-0.571708	-28.078767	-0.058153	-2.041544	-28.169531	0.984194	-1.221075	-28.155509	0.959683	-1.263304	-27.884053	0.975944	-1.086319	-27.820136	0.980567	-1.090600	-28.146414	0.469706	-1.243286	-27.844550	0.460609	-1.102201	-28.167038	-0.025277	-1.217762	-28.127208	-0.060524	-1.242233	-27.859540	-0.065967	-1.037871	-27.853943	-0.029599	-1.060461
4786	66.480131	00:01:06:34	-27.931424	1.624975	-1.262496	-27.940297	1.659178	-1.089200	-28.073342	1.648505	-1.135014	-28.031606	1.509418	-1.151867	-28.040113	1.572100	-1.148605	-28.122562	1.542033	-1.287640	-27.853466	1.527869	-1.110956	-28.053329	1.498084	-0.908062	-27.995775	0.745814	-1.561274	-28.036935	1.451535	-0.542457	-28.101313	-0.020594	-2.055785	-28.024436	1.437741	-0.547361	-28.123358	-0.070494	-2.080229	-28.054375	1.408747	-0.541201	-28.087509	-0.046639	-2.072809	-28.158574	1.010084	-1.238516	-28.150735	0.981215	-1.242419	-27.868029	0.971521	-1.069586	-27.829827	0.949962	-1.110623	-28.164790	0.431665	-1.234895	-27.857102	0.426598	-1.055223	-28.163529	-0.047417	-1.231359	-28.146913	-0.059063	-1.257182	-27.853498	-0.053963	-1.007199	-27.827336	-0.062165	-1.079614
4787	66.494025	00:01:06:35	-27.958121	1.631802	-1.207856	-27.956256	1.642149	-1.108630	-28.069639	1.642702	-1.151705	-28.004476	1.544038	-1.187517	-28.031437	1.578005	-1.145262	-28.132877	1.514768	-1.248611	-27.878405	1.534010	-1.094259	-28.083762	1.508544	-0.916339	-28.001879	0.758392	-1.562008	-28.032932	1.438912	-0.543742	-28.091042	-0.073733	-2.065683	-27.995163	1.458907	-0.537046	-28.096594	-0.062537	-2.063272	-28.064160	1.429156	-0.573345	-28.072530	-0.067939	-2.065476	-28.159564	0.986877	-1.239462	-28.127203	0.955145	-1.276436	-27.860510	0.974781	-1.036211	-27.824877	0.968688	-1.092368	-28.150159	0.443765	-1.259527	-27.874896	0.455539	-1.032251	-28.164947	-0.055658	-1.207147	-28.124520	-0.084303	-1.254311	-27.871128	-0.045781	-1.029146	-27.851931	-0.048349	-1.058856
4788	66.507918	00:01:06:36	-27.955340	1.631610	-1.258859	-28.004539	1.678002	-1.098270	-28.101320	1.658222	-1.169782	-28.002279	1.542170	-1.150397	-27.998190	1.543964	-1.141355	-28.146744	1.531842	-1.251853	-27.874161	1.557805	-1.087701	-28.063338	1.473695	-0.877220	-27.964201	0.772281	-1.591859	-28.025996	1.444051	-0.543702	-28.086695	-0.043868	-2.064970	-28.024058	1.451438	-0.540574	-28.103513	-0.042078	-2.038244	-28.053249	1.445604	-0.562185	-28.076055	-0.047018	-2.071165	-28.165918	0.963948	-1.229779	-28.142601	0.972458	-1.283358	-27.872237	0.968404	-1.027809	-27.817811	0.956259	-1.094502	-28.151085	0.451978	-1.278025	-27.887802	0.430614	-1.043246	-28.182262	-0.055655	-1.242209	-28.151244	-0.078801	-1.289292	-27.865065	-0.066535	-1.037536	-27.826552	-0.091304	-1.090484
4789	66.521812	00:01:06:37	-27.972779	1.665931	-1.255236	-28.012594	1.632685	-1.114698	-28.095342	1.676605	-1.173361	-27.990925	1.526504	-1.211084	-27.996745	1.577314	-1.131687	-28.124660	1.561704	-1.244423	-27.909434	1.547353	-1.089815	-28.067448	1.498545	-0.903591	-27.949463	0.751066	-1.555602	-28.056674	1.436884	-0.572204	-28.083619	-0.050385	-2.065592	-28.010872	1.411808	-0.573074	-28.107502	-0.031757	-2.058159	-28.009546	1.425360	-0.533189	-28.064148	-0.049335	-2.060342	-28.199450	0.954686	-1.233849	-28.130568	0.933028	-1.281139	-27.872795	0.945511	-1.036081	-27.851311	0.981621	-1.084462	-28.193466	0.457698	-1.280959	-27.869290	0.452094	-1.069543	-28.200896	-0.038466	-1.189710	-28.152269	-0.078117	-1.257364	-27.868699	-0.058393	-1.014567	-27.844399	-0.048356	-1.093561
4790	66.535705	00:01:06:38	-27.958253	1.650515	-1.245352	-27.977823	1.641819	-1.109480	-28.068857	1.665142	-1.125819	-28.007696	1.539301	-1.165443	-27.992688	1.530246	-1.149031	-28.172658	1.532042	-1.284559	-27.881153	1.527616	-1.099908	-28.081406	1.486746	-0.921309	-27.982997	0.733424	-1.593167	-28.022077	1.446090	-0.567521	-28.095756	-0.067229	-2.087451	-28.067369	1.432669	-0.526547	-28.111341	-0.045719	-2.064552	-28.022663	1.431706	-0.574811	-28.088206	-0.037368	-2.037526	-28.147856	0.937184	-1.213780	-28.117516	0.950963	-1.291692	-27.848495	1.001455	-1.014811	-27.829566	0.997017	-1.071505	-28.119452	0.431437	-1.256196	-27.854808	0.449757	-1.066199	-28.130832	-0.057541	-1.247475	-28.137845	-0.067278	-1.262715	-27.874298	-0.057299	-0.993325	-27.855180	-0.034648	-1.042018
4791	66.549599	00:01:06:39	-27.960201	1.629814	-1.213769	-27.957430	1.670367	-1.090607	-28.101857	1.692577	-1.156027	-28.004632	1.550672	-1.155370	-28.017016	1.530230	-1.140306	-28.149665	1.522169	-1.247128	-27.848091	1.532321	-1.100953	-28.084616	1.488039	-0.899772	-27.987630	0.764502	-1.548440	-28.054487	1.446269	-0.558660	-28.065554	-0.044097	-2.038569	-28.047608	1.440943	-0.543559	-28.078827	-0.060253	-2.023642	-28.010990	1.437695	-0.525718	-28.091882	-0.045103	-2.036416	-28.155115	0.976055	-1.222908	-28.151370	0.960494	-1.311925	-27.896379	1.001085	-1.057672	-27.860508	0.922578	-1.123370	-28.182937	0.459039	-1.250113	-27.845305	0.482082	-1.069507	-28.187776	-0.037069	-1.205793	-28.129966	-0.056410	-1.266210	-27.900633	-0.054725	-1.022227	-27.883314	-0.058265	-1.083237
4792	66.563492	00:01:06:40	-27.989521	1.648558	-1.255011	-27.962025	1.657694	-1.076164	-28.050072	1.653517	-1.134979	-28.003036	1.516760	-1.191331	-28.055790	1.532659	-1.153987	-28.145721	1.553430	-1.266442	-27.881743	1.555499	-1.110560	-28.075362	1.502934	-0.868123	-28.017897	0.747696	-1.594995	-28.057599	1.426036	-0.538147	-28.092190	-0.051578	-2.063851	-28.050230	1.442936	-0.561384	-28.060713	-0.030402	-2.050173	-28.006382	1.413467	-0.571495	-28.107315	-0.067137	-2.061759	-28.182291	0.956630	-1.236573	-28.158866	0.966816	-1.291041	-27.881646	0.965527	-1.069302	-27.835648	0.969454	-1.078925	-28.145449	0.453562	-1.231265	-27.870049	0.439135	-1.064626	-28.154976	-0.055681	-1.222934	-28.143967	-0.050780	-1.240089	-27.928074	-0.069595	-0.975483	-27.816937	-0.050558	-1.077482
4793	66.577386	00:01:06:41	-27.939811	1.633370	-1.231533	-27.961465	1.669404	-1.138018	-28.081370	1.653441	-1.131940	-27.988867	1.506589	-1.178278	-27.997380	1.537935	-1.147897	-28.128454	1.544222	-1.264621	-27.879548	1.524083	-1.080586	-28.104148	1.515875	-0.918389	-27.976892	0.776293	-1.585123	-28.037957	1.430177	-0.551547	-28.104384	-0.034412	-2.046677	-28.016870	1.411209	-0.555022	-28.100413	-0.054546	-2.044161	-28.031148	1.445658	-0.549286	-28.083999	-0.009298	-2.015405	-28.203210	0.995196	-1.237448	-28.141184	0.963377	-1.279065	-27.857841	0.971566	-1.025208	-27.824480	0.964321	-1.062703	-28.176282	0.425710	-1.220882	-27.866212	0.454832	-1.051469	-28.165118	-0.060642	-1.181897	-28.171558	-0.024077	-1.243745	-27.889993	-0.065838	-1.016899	-27.826697	-0.042049	-1.053527
4794	66.591279	00:01:06:42	-27.938845	1.653849	-1.231491	-27.977116	1.678672	-1.077767	-28.063596	1.652467	-1.181022	-28.009712	1.554498	-1.214210	-28.033031	1.560418	-1.155762	-28.089320	1.534240	-1.218875	-27.877869	1.558307	-1.100317	-28.116916	1.535903	-0.894960	-27.970523	0.769311	-1.602431	-28.042439	1.453142	-0.561774	-28.108207	-0.037551	-2.091267	-28.042205	1.456541	-0.560431	-28.084079	-0.072694	-2.083419	-28.004057	1.440580	-0.556054	-28.090217	-0.056371	-2.054744	-28.154052	0.951904	-1.226436	-28.131791	0.985032	-1.250624	-27.894267	0.979375	-1.022531	-27.819179	0.950133	-1.099845	-28.143841	0.443226	-1.265962	-27.875536	0.435323	-1.026554	-28.171801	-0.092522	-1.239500	-28.120417	-0.053688	-1.266324	-27.877156	-0.048911	-1.046844	-27.836667	-0.048645	-1.067632
4795	66.605172	00:01:06:43	-28.000125	1.635323	-1.234305	-27.970220	1.650646	-1.096249	-28.062108	1.661133	-1.139285	-27.976679	1.538450	-1.144824	-28.039790	1.552483	-1.132992	-28.142627	1.534183	-1.249027	-27.892837	1.561309	-1.107480	-28.046448	1.503193	-0.873048	-27.985521	0.741608	-1.578144	-28.005244	1.436629	-0.545068	-28.112429	-0.056493	-2.056556	-28.051384	1.446022	-0.538296	-28.083029	-0.035140	-2.089201	-28.080055	1.454520	-0.576568	-28.112699	-0.076952	-2.077094	-28.154456	0.969609	-1.234778	-28.156909	0.986109	-1.289329	-27.887186	0.970572	-1.038056	-27.860057	0.958075	-1.082999	-28.165338	0.470951	-1.261367	-27.860869	0.449599	-1.046605	-28.183141	-0.034431	-1.208001	-28.163009	-0.046728	-1.247411	-27.890223	-0.049666	-0.988889	-27.852660	-0.053025	-1.052618
4796	66.619066	00:01:06:44	-27.965021	1.661627	-1.231894	-27.977748	1.632918	-1.114764	-28.070153	1.657297	-1.189287	-28.018602	1.559521	-1.191094	-28.019657	1.535002	-1.135312	-28.112894	1.550037	-1.221589	-27.903190	1.539700	-1.116623	-28.087268	1.504586	-0.922387	-28.002977	0.756642	-1.560157	-28.011118	1.415814	-0.582217	-28.087480	-0.050469	-2.045804	-28.020799	1.445605	-0.566440	-28.082298	-0.044215	-2.069912	-28.045688	1.446165	-0.555515	-28.082637	-0.045091	-2.071589	-28.186539	0.955859	-1.210624	-28.137015	0.971239	-1.242758	-27.874448	0.969571	-1.026144	-27.831023	0.924139	-1.096950	-28.166889	0.463131	-1.245357	-27.856298	0.482679	-1.051076	-28.175153	-0.077017	-1.190109	-28.179756	-0.039821	-1.257598	-27.896800	-0.041457	-1.004059	-27.876797	-0.092865	-1.079989
4797	66.632959	00:01:06:45	-27.957168	1.667735	-1.257422	-27.968524	1.638289	-1.088193	-28.091297	1.666089	-1.136803	-28.014308	1.561101	-1.202177	-28.007522	1.535888	-1.164441	-28.112135	1.570070	-1.249296	-27.864975	1.563185	-1.125373	-28.088630	1.480079	-0.913183	-27.972146	0.731792	-1.583452	-28.028614	1.454907	-0.557609	-28.062366	-0.064473	-2.054041	-28.007008	1.450926	-0.561448	-28.070963	-0.033360	-2.083425	-28.063527	1.416157	-0.548639	-28.114346	-0.045506	-2.051518	-28.169931	0.971914	-1.252646	-28.161696	0.964738	-1.277180	-27.876779	0.949167	-1.034285	-27.877727	0.956770	-1.078857	-28.180421	0.444984	-1.283980	-27.846839	0.453878	-1.050984	-28.197922	-0.057678	-1.181455	-28.163055	-0.077198	-1.245166	-27.868040	-0.038548	-1.032601	-27.851568	-0.074481	-1.111507
4798	66.646853	00:01:06:46	-27.940518	1.646054	-1.251306	-27.963098	1.660065	-1.063487	-28.086490	1.634960	-1.153435	-28.009861	1.559170	-1.196299	-28.019906	1.570803	-1.142587	-28.129380	1.552500	-1.251289	-27.886550	1.542485	-1.101588	-28.037400	1.480102	-0.875568	-27.961676	0.753097	-1.602874	-28.043295	1.444234	-0.553356	-28.124790	-0.023185	-2.106346	-28.033711	1.436988	-0.569109	-28.081459	-0.040656	-2.064093	-28.020444	1.422975	-0.565531	-28.105434	-0.050874	-2.049255	-28.189882	0.977894	-1.232871	-28.122815	0.990452	-1.280010	-27.864373	0.961068	-1.054363	-27.859255	0.971604	-1.064629	-28.173173	0.436191	-1.251978	-27.844943	0.462108	-1.066953	-28.171058	-0.027943	-1.189649	-28.148351	-0.092913	-1.260668	-27.875734	-0.071829	-1.027408	-27.861364	-0.070646	-1.064130
4799	66.660746	00:01:06:47	-27.957233	1.647968	-1.236606	-27.978178	1.679083	-1.094978	-28.098024	1.664789	-1.200642	-28.002473	1.538545	-1.143212	-28.006329	1.518297	-1.151121	-28.149600	1.560611	-1.244050	-27.877471	1.545139	-1.107695	-28.086647	1.499528	-0.860538	-27.986317	0.754018	-1.568659	-28.040700	1.432983	-0.546094	-28.061836	-0.044064	-2.044855	-28.002123	1.443151	-0.555441	-28.107788	-0.041660	-2.039215	-27.980086	1.422535	-0.559013	-28.073305	-0.054485	-2.078486	-28.207960	0.984254	-1.237899	-28.138473	0.948218	-1.268756	-27.885351	0.984762	-1.038726	-27.846074	0.960844	-1.094979	-28.156458	0.439886	-1.220193	-27.883990	0.442740	-1.064787	-28.168213	-0.047935	-1.212330	-28.140341	-0.087632	-1.313467	-27.880361	-0.040220	-1.033930	-27.857466	-0.085149	-1.077870
4800	66.674640	00:01:06:48	-27.947056	1.647386	-1.216649	-27.992532	1.647531	-1.128154	-28.063508	1.688133	-1.195220	-28.006129	1.538409	-1.184256	-28.024962	1.536861	-1.142997	-28.132690	1.546466	-1.255458	-27.859443	1.548242	-1.081232	-28.101279	1.486593	-0.917715	-27.987730	0.750466	-1.586339	-28.064900	1.448070	-0.564801	-28.092854	-0.058168	-2.084478	-28.069217	1.448052	-0.539897	-28.103060	-0.048377	-2.080578	-28.062759	1.427144	-0.567016	-28.087923	-0.044430	-2.073275	-28.169203	0.953299	-1.250777	-28.146566	0.960382	-1.293737	-27.869564	0.982724	-1.011540	-27.828257	0.951729	-1.076474	-28.183565	0.453843	-1.259010	-27.847308	0.449266	-1.044730	-28.214772	-0.053043	-1.215252	-28.130254	-0.046004	-1.219820	-27.837188	-0.071004	-1.014438	-27.855862	-0.082053	-1.055023
4801	66.688533	00:01:06:49	-27.953088	1.635146	-1.250754	-27.950307	1.668776	-1.071903	-28.087961	1.681376	-1.141534	-27.987583	1.553967	-1.172432	-27.984900	1.543154	-1.132312	-28.095171	1.556789	-1.281313	-27.904109	1.533863	-1.106402	-28.100853	1.501944	-0.925753	-27.970964	0.741769	-1.600172	-28.033965	1.426741	-0.532631	-28.109969	-0.067650	-2.093624	-28.026852	1.441202	-0.544930	-28.066348	-0.066832	-2.062348	-28.018055	1.432293	-0.569992	-28.084316	-0.045696	-2.095275	-28.156674	0.934917	-1.182762	-28.144453	0.978327	-1.263787	-27.884071	0.984933	-1.068435	-27.837780	0.956953	-1.048691	-28.178550	0.460702	-1.244697	-27.840268	0.478883	-1.050888	-28.205150	-0.029159	-1.229352	-28.182627	-0.080915	-1.261482	-27.900455	-0.080763	-1.001614	-27.827665	-0.064720	-1.062891
4802	66.702427	00:01:06:50	-27.956543	1.633945	-1.235826	-27.988773	1.671661	-1.083053	-28.079365	1.690762	-1.168036	-28.026086	1.534947	-1.164901	-28.018697	1.520040	-1.133792	-28.088837	1.546065	-1.268701	-27.856145	1.544003	-1.129562	-28.063764	1.497983	-0.902294	-27.986806	0.771746	-1.580830	-28.083814	1.430771	-0.563710	-28.114692	-0.003864	-2.078674	-28.045923	1.463146	-0.545927	-28.083676	-0.051646	-2.059777	-28.030870	1.432948	-0.526017	-28.101516	-0.076563	-2.066142	-28.188692	0.980239	-1.237437	-28.157381	0.961394	-1.273334	-27.890713	1.015577	-1.054665	-27.805438	0.963074	-1.080899	-28.184418	0.446588	-1.244587	-27.898442	0.448036	-1.036218	-28.176641	-0.069909	-1.214620	-28.141627	-0.089060	-1.261655	-27.890389	-0.053830	-1.026485	-27.834513	-0.069755	-1.077410
4803	66.716320	00:01:06:51	-27.985321	1.641823	-1.237271	-27.987766	1.696263	-1.111609	-28.084119	1.644806	-1.177637	-28.003629	1.545706	-1.174583	-28.031290	1.582919	-1.136318	-28.102311	1.561376	-1.278171	-27.854844	1.522950	-1.074473	-28.079245	1.449544	-0.919601	-27.963921	0.728138	-1.578677	-28.024952	1.445723	-0.563285	-28.071416	-0.061663	-2.052485	-28.012380	1.429990	-0.544204	-28.099359	-0.026068	-2.065391	-28.037677	1.443612	-0.578413	-28.072425	-0.067841	-2.099096	-28.136452	0.954587	-1.245439	-28.138416	0.976741	-1.260599	-27.867886	0.988772	-1.038590	-27.819109	0.967774	-1.097691	-28.149830	0.446568	-1.264018	-27.837904	0.448754	-1.065718	-28.196349	-0.028417	-1.209758	-28.175955	-0.107868	-1.235765	-27.843187	-0.079116	-1.037722	-27.838632	-0.070682	-1.098343
4804	66.730213	00:01:06:52	-27.961481	1.662940	-1.226734	-27.968893	1.650083	-1.083027	-28.061359	1.639688	-1.151463	-28.022833	1.542731	-1.194992	-28.017115	1.556324	-1.153434	-28.112258	1.531140	-1.254464	-27.870025	1.532178	-1.110514	-28.082550	1.494439	-0.878574	-27.956923	0.730007	-1.580921	-28.022339	1.435003	-0.557033	-28.105619	-0.029227	-2.057551	-28.017520	1.419728	-0.559145	-28.126712	-0.036934	-2.053811	-28.023342	1.455823	-0.553723	-28.072951	-0.035559	-2.053325	-28.150684	0.981099	-1.225157	-28.160002	0.974446	-1.253924	-27.875637	0.949844	-1.032942	-27.837110	0.944975	-1.063308	-28.178394	0.480158	-1.264448	-27.887510	0.436814	-1.074057	-28.181368	-0.013832	-1.214327	-28.152482	-0.075854	-1.268550	-27.906241	-0.082584	-1.033153	-27.812644	-0.063464	-1.050774
4805	66.744107	00:01:06:53	-27.982903	1.634489	-1.291576	-27.961957	1.633152	-1.106235	-28.064071	1.662992	-1.187858	-27.989272	1.535380	-1.221026	-28.008327	1.551454	-1.152887	-28.137133	1.535933	-1.277596	-27.847345	1.540363	-1.057432	-28.072692	1.492282	-0.899123	-27.999572	0.758216	-1.548520	-28.055126	1.437329	-0.551805	-28.077342	-0.033669	-2.079245	-28.026710	1.418250	-0.522597	-28.065069	-0.037923	-2.041373	-28.045717	1.461436	-0.565642	-28.100377	-0.065515	-2.065135	-28.174633	0.962057	-1.214391	-28.160341	0.966400	-1.273809	-27.853940	0.987342	-1.048847	-27.823806	0.984772	-1.105004	-28.129624	0.475525	-1.233248	-27.875638	0.458752	-1.051509	-28.188334	-0.025843	-1.232008	-28.145908	-0.063630	-1.289031	-27.902501	-0.041678	-1.001803	-27.850665	-0.065804	-1.032637
4806	66.758000	00:01:06:54	-27.966297	1.625390	-1.263406	-27.975433	1.656680	-1.079480	-28.094906	1.680630	-1.163072	-28.000444	1.536300	-1.181713	-28.052571	1.548235	-1.141695	-28.127245	1.526096	-1.224921	-27.903811	1.556953	-1.090252	-28.129074	1.457080	-0.935235	-27.978138	0.777181	-1.581520	-28.019918	1.452540	-0.576326	-28.111045	-0.068424	-2.036032	-28.041561	1.430794	-0.568213	-28.117121	-0.055421	-2.067169	-28.036172	1.425689	-0.549819	-28.073509	-0.060827	-2.067047	-28.173506	0.964722	-1.240413	-28.166563	0.976263	-1.241331	-27.900954	0.968923	-1.028641	-27.856105	0.958088	-1.085946	-28.156350	0.514894	-1.256785	-27.876148	0.452781	-1.045204	-28.148054	-0.058518	-1.180387	-28.147526	-0.072073	-1.262656	-27.851493	-0.060526	-1.033819	-27.874074	-0.075250	-1.097027
4807	66.771894	00:01:06:55	-27.970012	1.672897	-1.241913	-27.978961	1.681839	-1.108494	-28.070082	1.663247	-1.167402	-27.997033	1.505234	-1.181810	-27.988805	1.509783	-1.136255	-28.144565	1.551310	-1.262434	-27.848978	1.540869	-1.092626	-28.055719	1.487887	-0.887657	-28.001431	0.762324	-1.601156	-28.007721	1.458829	-0.562498	-28.101007	-0.035655	-2.071599	-27.998592	1.408264	-0.562924	-28.098007	-0.046379	-2.060138	-28.074228	1.439181	-0.581771	-28.119784	-0.064792	-2.048629	-28.157340	0.966050	-1.221069	-28.156822	0.929698	-1.270197	-27.865797	0.985562	-1.060012	-27.846502	0.929336	-1.108435	-28.180721	0.463362	-1.264994	-27.840171	0.494359	-1.066513	-28.175220	-0.066930	-1.222753	-28.133860	-0.046267	-1.242429	-27.867215	-0.064344	-0.996547	-27.806709	-0.056302	-1.068054
4808	66.785787	00:01:06:56	-27.958144	1.644675	-1.243786	-27.977854	1.640437	-1.090946	-28.081231	1.656642	-1.164620	-27.982343	1.542205	-1.193137	-28.017148	1.564057	-1.126286	-28.126385	1.557822	-1.275898	-27.915132	1.535499	-1.109723	-28.071666	1.504479	-0.902812	-27.968476	0.755489	-1.610774	-28.032837	1.434037	-0.555428	-28.107509	-0.048719	-2.052749	-28.030169	1.442575	-0.550180	-28.071098	-0.036170	-2.065695	-28.023526	1.449753	-0.521196	-28.102196	-0.047885	-2.070463	-28.187652	0.973051	-1.230837	-28.157648	0.962213	-1.278987	-27.873073	0.949059	-1.011151	-27.836666	0.927707	-1.071649	-28.147192	0.454990	-1.208159	-27.851817	0.415371	-1.075861	-28.142819	-0.022794	-1.212883	-28.126348	-0.066572	-1.255807	-27.877873	-0.043574	-1.013035	-27.848419	-0.052213	-1.059182
4809	66.799681	00:01:06:57	-27.969821	1.654118	-1.217249	-27.952652	1.620438	-1.092801	-28.075647	1.650831	-1.147950	-28.007589	1.556457	-1.186158	-28.015292	1.518621	-1.162269	-28.125880	1.556929	-1.240325	-27.891741	1.560227	-1.108425	-28.092993	1.517629	-0.878903	-27.979443	0.755297	-1.559381	-28.031777	1.425047	-0.561661	-28.121069	-0.062474	-2.060329	-28.019407	1.447172	-0.576174	-28.125199	-0.035707	-2.056042	-28.049442	1.434097	-0.555205	-28.079653	-0.076233	-2.108537	-28.169608	0.973172	-1.240190	-28.119417	0.961139	-1.297094	-27.857950	0.996219	-1.045445	-27.842333	0.946042	-1.074616	-28.140683	0.449110	-1.254223	-27.877063	0.472876	-1.000948	-28.167436	-0.060712	-1.207305	-28.204620	-0.059869	-1.257785	-27.896325	-0.060542	-1.010324	-27.860194	-0.059723	-1.107234
4810	66.813574	00:01:06:58	-27.957501	1.645574	-1.227772	-27.964665	1.643311	-1.096823	-28.101835	1.673670	-1.164701	-27.992838	1.544918	-1.188288	-28.003155	1.550699	-1.136355	-28.109752	1.539418	-1.238801	-27.864191	1.532990	-1.097205	-28.081154	1.504849	-0.897680	-27.969985	0.725889	-1.574922	-28.025171	1.436155	-0.581163	-28.090820	-0.043540	-2.038705	-28.015070	1.421249	-0.546101	-28.088500	-0.018610	-2.043073	-28.021637	1.428752	-0.551057	-28.107107	-0.049347	-2.056236	-28.169524	0.943301	-1.217594	-28.171638	0.954501	-1.270896	-27.901052	0.989906	-1.043826	-27.849315	0.952312	-1.090665	-28.174644	0.448794	-1.251367	-27.849262	0.481069	-1.044802	-28.173358	-0.037579	-1.228817	-28.146015	-0.071457	-1.285575	-27.837948	-0.034076	-1.005214	-27.867759	-0.051942	-1.042049
4811	66.827468	00:01:06:59	-27.964303	1.648649	-1.239290	-27.956514	1.630587	-1.084014	-28.113916	1.684113	-1.173692	-27.991346	1.563906	-1.182762	-28.032115	1.538990	-1.119518	-28.115111	1.514438	-1.284919	-27.872178	1.565778	-1.112284	-28.087666	1.513043	-0.926714	-27.993873	0.744354	-1.617027	-28.067551	1.446870	-0.569786	-28.100419	-0.051978	-2.067250	-28.053052	1.442445	-0.552739	-28.115207	-0.047862	-2.043405	-28.007356	1.407025	-0.543753	-28.070723	-0.046394	-2.063614	-28.180922	0.964570	-1.230173	-28.132496	0.960073	-1.301998	-27.844931	0.967108	-1.030500	-27.871056	0.958826	-1.093314	-28.140177	0.476369	-1.242913	-27.885003	0.449735	-1.044346	-28.187250	-0.030988	-1.197553	-28.146499	-0.116532	-1.288014	-27.858825	-0.067125	-1.025719	-27.848224	-0.067298	-1.078029
4812	66.841361	00:01:06:60	-27.965653	1.657725	-1.218810	-27.986808	1.649618	-1.091551	-28.064694	1.701725	-1.148383	-27.995305	1.543681	-1.201432	-28.018396	1.549383	-1.136387	-28.079338	1.539586	-1.237837	-27.861597	1.558375	-1.099553	-28.078300	1.479495	-0.878300	-27.951862	0.755723	-1.591778	-28.060963	1.429057	-0.562364	-28.097803	-0.062013	-2.057203	-28.030708	1.454064	-0.545591	-28.097395	-0.041196	-2.045886	-28.050584	1.425310	-0.547121	-28.040464	-0.068540	-2.060938	-28.180048	0.981537	-1.245476	-28.147711	0.996713	-1.277269	-27.863722	0.947835	-1.075989	-27.875422	0.965594	-1.086348	-28.151260	0.466511	-1.252236	-27.854979	0.430085	-1.048456	-28.186002	-0.040581	-1.206616	-28.128063	-0.036523	-1.241748	-27.898142	-0.057707	-1.032791	-27.843154	-0.063801	-1.047010
4813	66.855254	00:01:06:61	-27.979712	1.639950	-1.207086	-27.984822	1.652901	-1.078416	-28.084791	1.685877	-1.164915	-28.003855	1.573977	-1.184441	-28.045611	1.533374	-1.131262	-28.091157	1.537765	-1.236228	-27.896446	1.532121	-1.092247	-28.055059	1.480943	-0.917604	-27.970830	0.765071	-1.591580	-28.047521	1.416247	-0.556323	-28.106133	-0.027832	-2.080571	-28.061560	1.425508	-0.568826	-28.101503	-0.032064	-2.078546	-28.036889	1.446521	-0.522801	-28.077807	-0.023570	-2.059294	-28.171761	0.969640	-1.211138	-28.134121	0.936656	-1.268669	-27.896419	0.978105	-1.049964	-27.828779	0.973016	-1.089765	-28.175611	0.456045	-1.271255	-27.887418	0.432557	-1.047363	-28.195234	-0.017506	-1.212339	-28.143812	-0.050344	-1.270143	-27.868734	-0.060484	-1.007444	-27.847483	-0.061792	-1.075306
4814	66.869148	00:01:06:62	-27.962644	1.657071	-1.220416	-28.008657	1.652532	-1.089870	-28.095677	1.674053	-1.162431	-28.001281	1.541876	-1.164129	-28.022575	1.525944	-1.144076	-28.078849	1.532597	-1.264055	-27.865554	1.544174	-1.098351	-28.076243	1.515495	-0.911362	-27.999922	0.744326	-1.565751	-28.026363	1.469483	-0.542555	-28.080249	-0.031616	-2.094587	-27.995291	1.443465	-0.539421	-28.087533	-0.043843	-2.098432	-28.024683	1.446951	-0.572305	-28.115882	-0.050793	-2.064359	-28.167737	0.952981	-1.274415	-28.134229	0.964805	-1.319734	-27.874734	0.980595	-1.052667	-27.848948	0.974710	-1.109912	-28.154116	0.459528	-1.218980	-27.849814	0.449246	-1.067374	-28.178592	-0.066575	-1.189347	-28.132002	-0.052840	-1.267017	-27.862021	-0.039456	-0.979738	-27.827743	-0.047723	-1.034163
4815	66.883041	00:01:06:63	-27.968060	1.683799	-1.237033	-27.977411	1.647093	-1.097231	-28.062109	1.672895	-1.170278	-27.976490	1.591606	-1.160925	-28.023788	1.577950	-1.135544	-28.138817	1.556976	-1.241573	-27.865898	1.553879	-1.106632	-28.090953	1.476803	-0.909773	-27.986303	0.758232	-1.569953	-28.020232	1.418434	-0.578473	-28.078445	-0.053744	-2.054492	-28.029747	1.405684	-0.562741	-28.115012	-0.013726	-2.070457	-28.051095	1.410150	-0.566878	-28.101582	-0.036460	-2.074558	-28.157414	0.993389	-1.261648	-28.164101	0.965726	-1.274641	-27.869709	1.003572	-1.025955	-27.859609	0.973641	-1.080551	-28.166243	0.462804	-1.265198	-27.858371	0.457331	-1.026034	-28.189857	-0.028137	-1.202580	-28.141905	-0.045110	-1.261658	-27.876548	-0.046816	-1.015689	-27.835430	-0.070743	-1.063387
4816	66.896935	00:01:06:64	-27.975353	1.630835	-1.217539	-27.991548	1.659455	-1.109408	-28.062007	1.666605	-1.150932	-27.983632	1.563463	-1.199218	-28.034448	1.543002	-1.144699	-28.136161	1.555464	-1.256512	-27.881448	1.537423	-1.092691	-28.101419	1.471709	-0.865058	-27.979608	0.772657	-1.572693	-28.039333	1.424883	-0.576363	-28.118323	-0.038694	-2.055552	-28.037646	1.446659	-0.556328	-28.089334	-0.064383	-2.051038	-28.015813	1.460864	-0.531495	-28.108220	-0.073219	-2.056729	-28.152741	0.949926	-1.250338	-28.137370	0.965860	-1.282421	-27.918941	0.979929	-1.065223	-27.834625	0.927744	-1.064963	-28.196673	0.508743	-1.229573	-27.885172	0.460375	-1.059923	-28.173444	-0.019792	-1.187722	-28.149315	-0.049239	-1.252911	-27.902801	-0.037600	-1.024465	-27.828308	-0.036590	-1.049226
4817	66.910828	00:01:06:65	-27.954233	1.676430	-1.227340	-27.982341	1.664380	-1.122283	-28.074552	1.679333	-1.149787	-28.004809	1.534351	-1.169729	-28.005290	1.567555	-1.152078	-28.117735	1.514397	-1.245752	-27.874914	1.528181	-1.074812	-28.098658	1.475926	-0.896782	-27.979752	0.726854	-1.591671	-28.020745	1.430235	-0.573876	-28.100792	-0.035363	-2.058199	-28.063206	1.442342	-0.561964	-28.103561	-0.042936	-2.066125	-28.035927	1.406795	-0.588440	-28.106463	-0.053411	-2.054100	-28.202836	0.963821	-1.219307	-28.119961	0.964928	-1.315176	-27.887426	0.967849	-1.047880	-27.867834	0.957662	-1.095937	-28.143483	0.428670	-1.241901	-27.831935	0.456780	-1.050089	-28.208762	-0.060692	-1.237894	-28.139861	-0.046884	-1.265318	-27.880553	-0.086054	-1.042959	-27.830867	-0.064213	-1.064558
4818	66.924722	00:01:06:66	-27.955419	1.615923	-1.239052	-27.977667	1.674653	-1.085625	-28.071256	1.640635	-1.141298	-27.996855	1.559594	-1.155236	-28.008951	1.559353	-1.158804	-28.110498	1.562859	-1.234945	-27.842904	1.556519	-1.096469	-28.097323	1.452907	-0.896674	-28.003181	0.740148	-1.580358	-28.033301	1.465963	-0.542480	-28.097297	-0.039575	-2.058683	-28.018764	1.434038	-0.533959	-28.110243	-0.040328	-2.061021	-28.030187	1.411318	-0.574458	-28.082403	-0.042318	-2.062029	-28.203953	0.936391	-1.230546	-28.134464	0.944635	-1.283805	-27.850191	0.969775	-1.036530	-27.862415	0.962318	-1.101433	-28.139248	0.465445	-1.254066	-27.850320	0.435818	-1.064214	-28.168780	-0.032326	-1.230356	-28.139644	-0.084619	-1.236461	-27.869688	-0.069682	-0.993288	-27.825142	-0.051050	-1.072729
4819	66.938615	00:01:06:67	-27.946723	1.657046	-1.217422	-27.989862	1.638795	-1.109651	-28.107674	1.654437	-1.179811	-27.991781	1.544191	-1.172652	-28.027711	1.546884	-1.163347	-28.115679	1.534492	-1.282435	-27.865397	1.551025	-1.091244	-28.077388	1.505207	-0.887579	-28.015641	0.750025	-1.584083	-28.037528	1.414269	-0.554021	-28.118955	-0.057894	-2.065016	-28.017074	1.451518	-0.575677	-28.087265	-0.053345	-2.028319	-28.070215	1.441248	-0.518142	-28.107332	-0.028462	-2.053044	-28.153024	0.946668	-1.242239	-28.149280	0.964427	-1.256743	-27.870115	0.947694	-1.008497	-27.804971	0.970824	-1.091464	-28.144383	0.452921	-1.259884	-27.870380	0.436949	-1.046653	-28.136694	-0.062439	-1.258717	-28.155736	-0.053257	-1.245369	-27.900560	-0.046158	-0.993399	-27.851198	-0.085540	-1.101153
4820	66.952509	00:01:06:68	-27.960031	1.643810	-1.223048	-27.994544	1.697666	-1.108816	-28.083415	1.708099	-1.176261	-27.997498	1.535784	-1.160684	-28.003058	1.513795	-1.114932	-28.109752	1.526144	-1.263886	-27.861525	1.532202	-1.072315	-28.096280	1.502209	-0.931565	-27.978158	0.721306	-1.554223	-28.036585	1.478212	-0.580399	-28.098172	-0.035832	-2.058116	-28.032269	1.434218	-0.573422	-28.087012	-0.023367	-2.054464	-27.990362	1.426717	-0.564746	-28.089919	-0.058787	-2.070042	-28.162399	0.983641	-1.237519	-28.145187	0.971073	-1.274276	-27.870193	0.954430	-1.024762	-27.840432	0.965950	-1.118902	-28.190390	0.463972	-1.244344	-27.866277	0.456696	-1.091476	-28.170565	-0.053694	-1.217455	-28.153770	-0.070544	-1.269463	-27.894398	-0.033999	-1.025816	-27.848955	-0.059609	-1.051494
4821	66.966402	00:01:06:69	-27.959826	1.661027	-1.243731	-27.951542	1.649037	-1.131708	-28.090936	1.667687	-1.154967	-28.002215	1.541949	-1.174140	-28.037195	1.554069	-1.154418	-28.121912	1.569200	-1.246082	-27.880241	1.526419	-1.098163	-28.065996	1.482601	-0.895178	-27.977760	0.729032	-1.554149	-28.046572	1.417466	-0.549619	-28.055028	-0.041292	-2.043496	-28.015895	1.403229	-0.577649	-28.109776	-0.032382	-2.093009	-28.004081	1.449743	-0.573240	-28.093936	-0.035970	-2.086450	-28.185957	0.967148	-1.210363	-28.142606	0.961946	-1.271904	-27.866125	0.969956	-1.014317	-27.851369	0.985662	-1.089742	-28.185333	0.497725	-1.236725	-27.858796	0.443301	-1.058298	-28.183808	-0.048830	-1.236830	-28.144322	-0.071659	-1.251310	-27.850193	-0.035103	-0.979255	-27.867437	-0.078139	-1.084159
4822	66.980295	00:01:06:70	-27.958651	1.637797	-1.231826	-27.981919	1.667590	-1.118174	-28.076645	1.667166	-1.137643	-27.993724	1.524224	-1.192496	-28.001699	1.547285	-1.150540	-28.132734	1.547694	-1.272350	-27.903704	1.543612	-1.103782	-28.099097	1.499667	-0.918208	-28.006280	0.741662	-1.568810	-28.018555	1.444843	-0.555866	-28.075946	-0.046763	-2.066462	-28.067037	1.415801	-0.568300	-28.086586	-0.045860	-2.085349	-28.037133	1.440627	-0.563486	-28.080104	-0.049228	-2.059425	-28.228747	0.931097	-1.228207	-28.141722	0.946880	-1.278634	-27.864251	0.970560	-1.056050	-27.837366	0.986910	-1.088361	-28.158026	0.468545	-1.247893	-27.854184	0.425058	-1.063602	-28.198377	-0.065960	-1.210174	-28.136728	-0.052077	-1.257811	-27.888110	-0.073214	-1.040526	-27.847243	-0.032901	-1.066161
4823	66.994189	00:01:06:71	-27.959670	1.658821	-1.260318	-27.966503	1.681672	-1.134477	-28.077113	1.666183	-1.167995	-28.019408	1.568980	-1.196320	-27.983464	1.538489	-1.150798	-28.148308	1.529169	-1.238772	-27.857815	1.529754	-1.110556	-28.074733	1.496146	-0.904858	-27.982565	0.713147	-1.570871	-28.029710	1.455845	-0.551153	-28.133799	-0.035333	-2.056239	-28.027875	1.449945	-0.562496	-28.101665	-0.053175	-2.090997	-28.011296	1.432381	-0.570559	-28.122863	-0.047458	-2.058377	-28.180207	0.969098	-1.218947	-28.131772	0.972866	-1.237487	-27.896071	0.961001	-1.062108	-27.838331	0.955177	-1.106644	-28.173381	0.469507	-1.241294	-27.856698	0.443640	-1.036123	-28.190495	-0.055803	-1.198715	-28.140321	-0.059995	-1.250197	-27.879174	-0.024485	-1.021028	-27.851582	-0.078279	-1.061530
4824	67.008082	00:01:07:00	-27.977878	1.629201	-1.193057	-27.978739	1.644766	-1.082985	-28.046978	1.655236	-1.180391	-27.997725	1.538292	-1.189192	-28.045919	1.530077	-1.169307	-28.155068	1.552640	-1.260676	-27.869397	1.568441	-1.091433	-28.077736	1.495943	-0.946652	-27.972249	0.693807	-1.615174	-28.058584	1.436087	-0.572031	-28.075004	-0.029444	-2.047725	-28.001853	1.448583	-0.572176	-28.096587	-0.040623	-2.052368	-28.008051	1.438363	-0.553963	-28.095346	-0.055157	-2.085867	-28.166450	1.000294	-1.237139	-28.169040	0.952850	-1.271687	-27.891425	0.992291	-1.027722	-27.836797	0.930046	-1.072670	-28.134256	0.450588	-1.247926	-27.844697	0.481010	-1.059117	-28.164380	-0.030947	-1.190169	-28.145362	-0.083023	-1.238793	-27.873701	-0.034949	-1.008597	-27.857864	-0.065733	-1.061750
4825	67.021976	00:01:07:01	-27.926490	1.660224	-1.233186	-27.989202	1.669381	-1.122759	-28.083289	1.662278	-1.178897	-28.043724	1.547756	-1.181629	-28.009666	1.547417	-1.140841	-28.155735	1.539722	-1.280245	-27.876272	1.540260	-1.095931	-28.070640	1.473937	-0.903598	-27.977675	0.758442	-1.567552	-28.041621	1.451332	-0.523494	-28.090726	-0.067039	-2.037757	-28.028476	1.446239	-0.547491	-28.079136	-0.051572	-2.076262	-28.033526	1.460598	-0.542146	-28.111016	-0.043797	-2.077898	-28.208731	0.970285	-1.264784	-28.160653	0.984779	-1.281794	-27.880095	1.007650	-1.070674	-27.856861	0.963941	-1.076583	-28.165888	0.467206	-1.271699	-27.844200	0.492702	-1.036533	-28.171615	-0.038272	-1.204291	-28.141576	-0.038948	-1.220642	-27.854588	-0.048446	-1.005172	-27.829723	-0.037579	-1.039752
4826	67.035869	00:01:07:02	-27.956774	1.647275	-1.249849	-27.992535	1.670429	-1.095322	-28.068253	1.664259	-1.155540	-27.985052	1.560531	-1.143204	-28.040884	1.577276	-1.135180	-28.110370	1.538105	-1.305493	-27.843090	1.553619	-1.094784	-28.087413	1.464621	-0.891969	-27.965363	0.761098	-1.585005	-28.048309	1.444190	-0.586673	-28.122319	-0.032474	-2.023680	-28.042782	1.448875	-0.565076	-28.128478	-0.056201	-2.094281	-28.036168	1.421382	-0.556895	-28.112452	-0.067402	-2.037340	-28.169111	0.938275	-1.248012	-28.169220	0.946571	-1.240738	-27.867568	0.950024	-1.035576	-27.854984	0.985935	-1.104023	-28.111695	0.482042	-1.268172	-27.867020	0.448501	-1.068953	-28.133499	-0.078266	-1.229808	-28.153581	-0.043032	-1.277320	-27.892935	-0.061023	-1.007963	-27.833007	-0.083663	-1.041774
4827	67.049763	00:01:07:03	-27.971217	1.639711	-1.223902	-27.952176	1.674855	-1.089364	-28.072303	1.686793	-1.206177	-28.007404	1.536704	-1.178554	-28.031029	1.535418	-1.148582	-28.141765	1.528480	-1.243299	-27.864772	1.536365	-1.077535	-28.107645	1.487363	-0.876447	-28.008877	0.744637	-1.594574	-28.030568	1.433949	-0.524462	-28.112839	-0.050827	-2.067852	-28.011125	1.437993	-0.542748	-28.088669	-0.042684	-2.062395	-28.042121	1.424849	-0.553581	-28.102054	-0.047653	-2.076473	-28.162627	0.993122	-1.223732	-28.121773	0.982823	-1.248423	-27.898252	0.924151	-1.052775	-27.820565	0.961563	-1.094883	-28.140834	0.439543	-1.229681	-27.842643	0.457409	-1.078067	-28.162063	-0.058836	-1.208046	-28.133909	-0.053576	-1.265265	-27.895720	-0.082574	-1.018221	-27.863677	-0.078888	-1.090521
4828	67.063656	00:01:07:04	-27.954631	1.622846	-1.264387	-27.968873	1.658056	-1.102661	-28.110862	1.656068	-1.153631	-27.988296	1.554565	-1.206041	-28.023435	1.548219	-1.134895	-28.121860	1.556442	-1.262505	-27.892637	1.548865	-1.098070	-28.095956	1.520055	-0.878786	-27.990741	0.753485	-1.578748	-28.019490	1.472712	-0.557610	-28.082672	-0.047107	-2.077371	-28.019192	1.434750	-0.543033	-28.086785	-0.068660	-2.081112	-28.046946	1.411360	-0.563079	-28.081193	-0.035672	-2.067379	-28.189100	0.968028	-1.259324	-28.164230	0.981302	-1.265026	-27.887818	0.944915	-1.057329	-27.831487	0.934822	-1.088608	-28.154295	0.449130	-1.225780	-27.858854	0.447483	-1.055148	-28.162032	-0.022926	-1.189468	-28.172599	-0.053464	-1.250238	-27.871206	-0.016296	-1.028080	-27.828214	-0.054082	-1.087380
4829	67.077550	00:01:07:05	-27.962525	1.651735	-1.243440	-27.995006	1.647378	-1.095985	-28.081858	1.677525	-1.164507	-27.969908	1.508290	-1.175453	-27.987477	1.531990	-1.170155	-28.130812	1.530759	-1.243687	-27.889345	1.570850	-1.091644	-28.071749	1.475615	-0.917303	-27.993692	0.749771	-1.596358	-28.044814	1.429548	-0.590141	-28.113325	-0.048763	-2.072961	-28.040209	1.422355	-0.539658	-28.094770	-0.074179	-2.071896	-28.056807	1.425130	-0.562239	-28.110493	-0.059255	-2.032348	-28.172144	0.943043	-1.230457	-28.128373	0.963398	-1.269785	-27.889257	0.979754	-1.064148	-27.861958	0.967433	-1.086164	-28.143645	0.457949	-1.236001	-27.811805	0.477127	-1.052134	-28.175960	-0.039380	-1.189859	-28.173721	-0.050375	-1.254758	-27.880099	-0.049558	-0.997423	-27.814492	-0.069792	-1.090103
4830	67.091443	00:01:07:06	-27.934994	1.645013	-1.210153	-27.993846	1.676269	-1.077430	-28.086480	1.647756	-1.149717	-28.003928	1.535656	-1.182628	-28.023338	1.546930	-1.140267	-28.118792	1.541908	-1.273644	-27.877134	1.558843	-1.104586	-28.083565	1.496744	-0.905131	-27.976374	0.745470	-1.578525	-28.053073	1.440426	-0.561574	-28.072923	-0.079612	-2.042931	-28.038258	1.427470	-0.557963	-28.106775	-0.041613	-2.062768	-28.000242	1.443463	-0.574730	-28.084512	-0.050474	-2.048177	-28.171687	0.958631	-1.229614	-28.130168	0.947079	-1.259353	-27.856003	0.958837	-1.027609	-27.878113	0.981349	-1.087254	-28.139384	0.449128	-1.279724	-27.870096	0.471089	-1.075564	-28.146322	-0.014767	-1.193126	-28.117107	-0.074581	-1.250338	-27.875163	-0.077591	-1.018297	-27.847460	-0.074388	-1.055563
4831	67.105336	00:01:07:07	-27.977073	1.639709	-1.213565	-27.986323	1.657446	-1.101244	-28.073333	1.670663	-1.147877	-28.017165	1.539141	-1.166468	-28.027572	1.559114	-1.145664	-28.123463	1.541091	-1.241656	-27.857584	1.564423	-1.096965	-28.073648	1.463233	-0.891785	-27.999042	0.731122	-1.584778	-28.020968	1.434312	-0.572517	-28.118260	-0.060492	-2.071316	-28.046905	1.407577	-0.561312	-28.086315	-0.026347	-2.078120	-28.028673	1.425763	-0.563753	-28.132452	-0.038733	-2.076134	-28.155195	0.978655	-1.216614	-28.180686	0.967994	-1.277269	-27.848907	1.009157	-1.039787	-27.843725	0.950779	-1.076887	-28.186530	0.453551	-1.242936	-27.828286	0.494352	-1.081601	-28.167733	-0.046965	-1.210720	-28.163404	-0.068739	-1.257109	-27.873449	-0.076498	-1.016080	-27.852678	-0.058388	-1.061951
4832	67.119230	00:01:07:08	-27.961790	1.691807	-1.250809	-27.956048	1.643797	-1.105789	-28.107497	1.653796	-1.167514	-27.994203	1.545597	-1.170302	-28.000487	1.540126	-1.153085	-28.107396	1.517999	-1.216238	-27.895770	1.526228	-1.090813	-28.046236	1.476978	-0.919637	-27.966066	0.742412	-1.561391	-28.039075	1.453521	-0.563140	-28.080226	-0.036273	-2.064655	-28.059653	1.411177	-0.543867	-28.105343	-0.025386	-2.062197	-28.030530	1.450002	-0.565881	-28.091688	-0.032964	-2.083069	-28.182062	0.977837	-1.231170	-28.182463	0.948511	-1.283268	-27.892556	0.965743	-1.061346	-27.836141	0.963164	-1.098691	-28.148760	0.435716	-1.247436	-27.865482	0.452346	-1.056632	-28.160935	-0.059071	-1.229709	-28.129748	-0.071621	-1.254199	-27.880383	-0.061949	-1.032610	-27.839461	-0.049536	-1.060922
4833	67.133123	00:01:07:09	-27.997919	1.631463	-1.232541	-27.981140	1.654824	-1.096172	-28.086474	1.670080	-1.131531	-27.993335	1.524275	-1.156120	-28.008823	1.562390	-1.149412	-28.120377	1.557834	-1.207364	-27.854810	1.533653	-1.115640	-28.082636	1.470605	-0.921383	-27.982667	0.760491	-1.564940	-28.033905	1.451090	-0.536947	-28.128605	-0.066913	-2.080578	-28.051943	1.428024	-0.574654	-28.068626	-0.070500	-2.037794	-28.028462	1.441443	-0.560505	-28.118816	-0.006850	-2.039402	-28.183777	0.963220	-1.226353	-28.122138	0.970220	-1.264357	-27.860814	0.960570	-1.036471	-27.847298	0.973453	-1.104690	-28.163027	0.435909	-1.225329	-27.875239	0.442744	-1.039050	-28.208295	-0.038483	-1.214119	-28.141872	-0.114397	-1.248886	-27.855606	-0.053265	-1.042218	-27.820569	-0.060222	-1.084132
4834	67.147017	00:01:07:10	-27.974571	1.655145	-1.221114	-27.988735	1.651219	-1.082576	-28.097295	1.665290	-1.156858	-28.012553	1.527522	-1.179955	-27.990328	1.539529	-1.117144	-28.114778	1.533461	-1.261150	-27.859998	1.543138	-1.089567	-28.081095	1.487241	-0.899041	-27.988960	0.748189	-1.594671	-27.996994	1.423606	-0.585988	-28.056414	-0.053269	-2.065797	-28.039478	1.457410	-0.551274	-28.119420	-0.008732	-2.069938	-28.034660	1.459621	-0.590037	-28.097625	-0.034710	-2.048256	-28.165635	0.974450	-1.216758	-28.158298	0.914490	-1.280203	-27.850141	0.966236	-1.049292	-27.831266	0.952298	-1.074305	-28.164052	0.439923	-1.266980	-27.840055	0.453040	-1.067606	-28.177559	-0.033269	-1.212913	-28.170309	-0.055711	-1.284412	-27.853471	-0.059734	-1.003145	-27.842173	-0.042318	-1.097435
4835	67.160910	00:01:07:11	-27.969681	1.619963	-1.229726	-27.978473	1.670971	-1.110421	-28.084796	1.648479	-1.150432	-28.005418	1.550788	-1.158423	-28.009607	1.546144	-1.172035	-28.115536	1.511120	-1.263294	-27.916543	1.539261	-1.084882	-28.085015	1.537046	-0.897824	-27.971943	0.725224	-1.597741	-28.027413	1.423141	-0.566512	-28.095533	-0.043782	-2.044429	-28.043105	1.455341	-0.576480	-28.099711	-0.039063	-2.043218	-28.021127	1.447982	-0.546242	-28.114483	-0.027597	-2.066111	-28.175996	0.994156	-1.239368	-28.165229	0.982462	-1.287811	-27.891958	0.996233	-1.010094	-27.816643	0.998053	-1.079057	-28.162371	0.450271	-1.227503	-27.847636	0.430453	-1.073835	-28.162430	-0.052761	-1.213481	-28.144510	-0.053643	-1.239441	-27.881539	-0.051642	-0.998800	-27.851992	-0.042205	-1.038919
4836	67.174804	00:01:07:12	-27.974715	1.630738	-1.235384	-27.991976	1.665467	-1.080480	-28.060740	1.673424	-1.144800	-28.001287	1.568429	-1.185794	-28.022045	1.557539	-1.120185	-28.124521	1.537666	-1.209897	-27.866822	1.539087	-1.097774	-28.071833	1.478393	-0.905965	-27.978319	0.743190	-1.605021	-28.015128	1.427522	-0.584496	-28.096362	-0.074560	-2.056743	-28.034583	1.458230	-0.557188	-28.060450	-0.037287	-2.067068	-28.060046	1.451474	-0.555055	-28.105275	-0.046927	-2.046137	-28.169794	0.977127	-1.216863	-28.140739	0.952423	-1.263249	-27.865514	0.959357	-1.022458	-27.845881	0.939485	-1.102147	-28.143570	0.455341	-1.239199	-27.854457	0.476960	-1.038745	-28.168185	-0.047353	-1.198541	-28.163422	-0.063139	-1.249682	-27.865637	-0.030587	-1.025183	-27.842939	-0.056349	-1.067700
4837	67.188697	00:01:07:13	-27.948609	1.646706	-1.248960	-28.001557	1.678992	-1.089629	-28.051844	1.640632	-1.169513	-28.012058	1.550494	-1.205125	-28.020248	1.569435	-1.141002	-28.126932	1.533650	-1.291435	-27.859789	1.565185	-1.074685	-28.099542	1.501618	-0.939001	-28.034454	0.762145	-1.617458	-28.014255	1.450127	-0.540613	-28.113618	-0.056817	-2.061961	-28.003788	1.430957	-0.541033	-28.074836	-0.065380	-2.059272	-28.068471	1.452602	-0.568111	-28.088370	-0.050450	-2.057142	-28.187686	0.965039	-1.224527	-28.124913	0.973089	-1.308785	-27.863213	0.934413	-1.032278	-27.847882	0.940083	-1.098988	-28.163921	0.462546	-1.256737	-27.873835	0.426393	-1.029056	-28.178489	-0.047348	-1.199845	-28.151865	-0.036406	-1.255816	-27.885563	-0.040976	-0.980405	-27.831259	-0.068714	-1.061523
4838	67.202591	00:01:07:14	-27.959212	1.654942	-1.224137	-27.993108	1.638177	-1.089189	-28.082233	1.666339	-1.148646	-28.033547	1.536748	-1.182945	-28.004401	1.553751	-1.158932	-28.123778	1.539088	-1.247622	-27.876351	1.530411	-1.099917	-28.068839	1.485464	-0.936291	-27.957964	0.691000	-1.563043	-28.026357	1.451339	-0.531089	-28.082404	-0.064827	-2.080770	-28.036770	1.426022	-0.573565	-28.068591	-0.060863	-2.064729	-28.027502	1.461477	-0.545330	-28.081332	-0.035230	-2.063435	-28.176967	0.947185	-1.210991	-28.170605	0.977345	-1.282302	-27.891755	0.991855	-1.060389	-27.840445	0.953725	-1.080224	-28.159482	0.423247	-1.257882	-27.850302	0.453330	-1.022511	-28.178392	-0.066169	-1.235309	-28.125111	-0.026997	-1.259460	-27.853087	-0.052507	-1.037180	-27.801680	-0.049312	-1.053140
4839	67.216484	00:01:07:15	-27.976541	1.609611	-1.230441	-27.995519	1.670932	-1.070065	-28.086494	1.677636	-1.158505	-28.012457	1.541104	-1.179718	-28.012826	1.534447	-1.151756	-28.101480	1.544843	-1.253742	-27.878608	1.552591	-1.111889	-28.071102	1.499892	-0.918453	-28.024198	0.736121	-1.606001	-28.024580	1.429329	-0.564024	-28.079105	-0.053043	-2.063776	-28.021814	1.445847	-0.560564	-28.095606	-0.021927	-2.067367	-28.031421	1.441199	-0.550643	-28.089761	-0.041305	-2.043818	-28.203951	0.991302	-1.255979	-28.100637	0.960578	-1.275038	-27.870986	0.976325	-1.033879	-27.822241	0.944292	-1.068233	-28.162358	0.470428	-1.271015	-27.853128	0.488463	-1.043645	-28.161287	-0.029893	-1.192525	-28.129050	-0.016121	-1.244582	-27.873852	-0.072055	-1.029964	-27.850664	-0.041863	-1.064213
4840	67.230377	00:01:07:16	-27.959626	1.664409	-1.256258	-27.969619	1.699391	-1.091939	-28.062905	1.627449	-1.151707	-28.015109	1.523157	-1.172516	-28.034832	1.534695	-1.125780	-28.138956	1.555293	-1.283517	-27.876514	1.572864	-1.095594	-28.087397	1.482374	-0.888128	-27.997393	0.748336	-1.592220	-27.980029	1.450895	-0.559682	-28.085626	-0.084561	-2.052064	-28.029345	1.454578	-0.561452	-28.094452	-0.056434	-2.094455	-28.017952	1.424319	-0.568704	-28.055267	-0.034883	-2.073402	-28.173186	0.978086	-1.251578	-28.161492	0.971955	-1.283645	-27.910682	0.965946	-1.013049	-27.811568	0.970812	-1.070607	-28.181293	0.443601	-1.258128	-27.879821	0.459305	-1.022938	-28.158801	-0.081321	-1.203457	-28.158176	-0.069159	-1.268503	-27.861079	-0.035618	-1.015442	-27.855437	-0.082880	-1.086827
4841	67.244271	00:01:07:17	-27.958259	1.653791	-1.219462	-28.015857	1.657839	-1.068176	-28.059560	1.651228	-1.125239	-27.973308	1.538344	-1.156056	-28.007508	1.571855	-1.180400	-28.114937	1.539047	-1.257867	-27.876418	1.526508	-1.120381	-28.071089	1.478317	-0.921308	-27.963699	0.744651	-1.550336	-28.018883	1.414617	-0.568999	-28.087023	-0.020889	-2.089201	-28.055591	1.443640	-0.567253	-28.089717	-0.024403	-2.032146	-28.030854	1.426685	-0.533259	-28.080878	-0.044999	-2.073660	-28.176215	0.965950	-1.251498	-28.149618	0.931905	-1.271357	-27.903124	0.982463	-1.058345	-27.857295	0.927940	-1.111552	-28.172019	0.459908	-1.274486	-27.840753	0.454501	-1.026843	-28.192317	-0.049009	-1.213943	-28.161876	-0.063659	-1.245802	-27.871002	-0.067076	-1.004553	-27.850198	-0.048356	-1.054135
4842	67.258164	00:01:07:18	-27.982225	1.642127	-1.247275	-28.000229	1.622328	-1.114926	-28.077030	1.695334	-1.176929	-27.966375	1.542128	-1.185577	-28.018807	1.529562	-1.147338	-28.117851	1.528996	-1.267392	-27.892059	1.558992	-1.135071	-28.104146	1.515153	-0.899879	-27.962117	0.739376	-1.600222	-28.046644	1.422152	-0.544711	-28.106003	-0.047538	-2.073684	-28.022745	1.408915	-0.563351	-28.086667	-0.047921	-2.055395	-28.053189	1.420472	-0.557218	-28.083938	-0.071464	-2.094954	-28.157552	0.990954	-1.209184	-28.152042	0.952309	-1.270519	-27.877192	0.972487	-1.055102	-27.827179	0.953244	-1.094205	-28.145540	0.466088	-1.246802	-27.865334	0.436027	-1.045034	-28.162702	-0.026661	-1.222259	-28.135378	-0.032504	-1.248933	-27.860611	-0.073998	-1.016998	-27.863521	-0.087497	-1.061846
4843	67.272058	00:01:07:19	-27.983667	1.620707	-1.231017	-28.000342	1.696654	-1.085330	-28.067502	1.689242	-1.147857	-28.024183	1.531094	-1.189227	-28.045253	1.523671	-1.137495	-28.106997	1.533614	-1.227622	-27.868980	1.527269	-1.126262	-28.103592	1.467048	-0.889447	-27.996320	0.710125	-1.596606	-28.049233	1.438378	-0.568633	-28.136058	-0.057409	-2.059806	-28.034531	1.469908	-0.582945	-28.066821	-0.064047	-2.051552	-28.018824	1.417519	-0.522168	-28.083677	-0.008895	-2.067708	-28.180313	1.007390	-1.236433	-28.129385	0.967780	-1.291319	-27.891303	0.953136	-1.050640	-27.823695	0.961732	-1.082940	-28.169811	0.475041	-1.261579	-27.833562	0.456759	-1.029181	-28.169571	-0.052950	-1.205894	-28.141398	-0.041434	-1.260233	-27.870663	-0.064760	-1.071651	-27.869275	-0.074949	-1.073457
4844	67.285951	00:01:07:20	-27.954277	1.636029	-1.218398	-27.968346	1.662153	-1.084094	-28.084760	1.677069	-1.167252	-27.992029	1.559858	-1.206387	-28.014656	1.530725	-1.145400	-28.137158	1.558043	-1.251573	-27.853829	1.548527	-1.118541	-28.061919	1.473016	-0.910776	-27.982230	0.724452	-1.565195	-28.019575	1.408716	-0.577986	-28.112040	-0.051061	-2.044962	-28.025553	1.443441	-0.538278	-28.103273	-0.062685	-2.051794	-28.037145	1.433070	-0.567396	-28.100654	-0.035021	-2.067561	-28.192769	0.983349	-1.242633	-28.142321	0.984331	-1.254804	-27.859053	0.992867	-1.015509	-27.860998	0.984722	-1.096707	-28.163116	0.470573	-1.253094	-27.843452	0.462669	-1.026210	-28.146938	-0.075510	-1.206668	-28.136896	-0.086626	-1.251478	-27.875959	-0.083227	-1.018344	-27.852206	-0.038218	-1.053107
4845	67.299845	00:01:07:21	-27.971015	1.627044	-1.211105	-27.980981	1.673540	-1.111591	-28.054619	1.655970	-1.186868	-28.011373	1.546984	-1.158568	-28.007996	1.553168	-1.123442	-28.131778	1.548935	-1.267356	-27.877030	1.564847	-1.126632	-28.071766	1.469377	-0.882446	-27.971127	0.781048	-1.589812	-28.019178	1.448869	-0.519687	-28.105832	-0.042743	-2.059723	-28.002684	1.447906	-0.553584	-28.107428	-0.052901	-2.069518	-28.080870	1.433062	-0.554139	-28.110425	-0.045121	-2.056980	-28.141214	0.979355	-1.217540	-28.109508	0.971926	-1.246995	-27.883773	0.962878	-1.049241	-27.858645	0.969047	-1.098640	-28.166211	0.469631	-1.271326	-27.852060	0.483165	-1.064127	-28.168824	-0.050011	-1.197441	-28.132987	-0.039746	-1.261971	-27.886980	-0.050638	-1.020792	-27.854876	-0.055769	-1.031976
4846	67.313738	00:01:07:22	-27.974202	1.652948	-1.213440	-27.976299	1.633700	-1.071478	-28.080079	1.655479	-1.140796	-27.968076	1.533326	-1.206021	-28.022663	1.526134	-1.163564	-28.123794	1.550846	-1.275542	-27.866208	1.534268	-1.124882	-28.096311	1.501870	-0.899731	-27.998867	0.774157	-1.593207	-28.060277	1.443866	-0.543858	-28.090906	-0.054610	-2.071267	-28.031095	1.452047	-0.592310	-28.133403	-0.037567	-2.074093	-28.021416	1.407199	-0.574226	-28.114688	-0.066359	-2.078082	-28.154316	0.973258	-1.246599	-28.137033	0.954200	-1.268487	-27.869437	0.959920	-1.033722	-27.853618	0.965567	-1.057612	-28.169015	0.461074	-1.241186	-27.846076	0.470663	-1.038970	-28.187283	-0.049405	-1.210279	-28.158215	-0.070055	-1.251593	-27.873095	-0.051579	-1.039605	-27.830460	-0.070091	-1.082384
4847	67.327632	00:01:07:23	-27.925600	1.662732	-1.203030	-27.990114	1.657913	-1.098634	-28.076307	1.664421	-1.122944	-28.018858	1.543083	-1.186641	-28.008713	1.558814	-1.135679	-28.098882	1.551458	-1.267093	-27.846544	1.508396	-1.112125	-28.081568	1.481514	-0.921214	-27.994629	0.742472	-1.586003	-28.030821	1.441618	-0.547779	-28.067729	-0.063988	-2.050029	-28.019687	1.455164	-0.553906	-28.100204	-0.040601	-2.053438	-28.041621	1.454312	-0.546764	-28.107974	-0.049381	-2.040305	-28.148329	0.963879	-1.209805	-28.133354	0.979574	-1.254011	-27.869284	0.950445	-1.033391	-27.842622	0.957242	-1.101631	-28.159326	0.446820	-1.244052	-27.868679	0.464876	-1.057206	-28.168586	-0.092791	-1.188100	-28.187915	-0.051117	-1.257957	-27.845303	-0.049803	-1.036003	-27.843001	-0.068926	-1.061210
4848	67.341525	00:01:07:24	-27.978084	1.626989	-1.229834	-27.983543	1.632392	-1.117583	-28.084424	1.645262	-1.156677	-27.995166	1.547229	-1.163469	-27.997948	1.598458	-1.167792	-28.113610	1.552917	-1.267201	-27.895932	1.557857	-1.059022	-28.076263	1.472506	-0.887977	-27.988842	0.737941	-1.585898	-28.042138	1.431045	-0.564743	-28.079286	-0.051746	-2.100871	-28.052956	1.432244	-0.532476	-28.106409	-0.040570	-2.080342	-28.062776	1.441198	-0.563096	-28.099732	-0.073165	-2.073037	-28.154322	0.951220	-1.208494	-28.134720	0.944453	-1.293402	-27.894102	0.941046	-1.065794	-27.836837	0.932154	-1.073760	-28.183908	0.458853	-1.258874	-27.889424	0.454262	-1.022045	-28.166104	-0.060323	-1.195502	-28.133936	-0.053011	-1.252037	-27.883851	-0.043157	-1.005677	-27.812332	-0.079185	-1.081266
4849	67.355418	00:01:07:25	-27.965040	1.669148	-1.246345	-28.018501	1.666219	-1.104733	-28.069476	1.680156	-1.166518	-28.000549	1.563469	-1.187078	-28.045878	1.535082	-1.151272	-28.135740	1.562034	-1.239377	-27.883400	1.538808	-1.113623	-28.072863	1.453385	-0.906474	-27.980084	0.754058	-1.589403	-28.050702	1.431529	-0.533780	-28.045668	-0.048300	-2.071325	-28.012609	1.430814	-0.520966	-28.088597	-0.064332	-2.068664	-28.063683	1.415874	-0.567499	-28.099430	-0.025746	-2.063621	-28.180384	0.949996	-1.231432	-28.124679	0.995356	-1.274567	-27.869904	0.948002	-1.042629	-27.845007	0.949475	-1.110156	-28.178753	0.427046	-1.249690	-27.856560	0.447631	-1.051422	-28.160408	-0.029422	-1.213415	-28.156266	-0.044176	-1.240293	-27.858959	-0.066819	-1.010143	-27.840179	-0.076938	-1.053122
4850	67.369312	00:01:07:26	-27.966701	1.607592	-1.268363	-27.973943	1.654175	-1.100102	-28.071629	1.622466	-1.195997	-28.026574	1.555615	-1.168997	-28.021819	1.542247	-1.128022	-28.091022	1.541470	-1.247256	-27.860139	1.561245	-1.105255	-28.099437	1.499114	-0.908234	-27.952812	0.749519	-1.597707	-28.022644	1.418788	-0.519991	-28.091764	-0.024140	-2.092844	-28.018881	1.457994	-0.537523	-28.095461	-0.036398	-2.052519	-28.029402	1.447120	-0.545489	-28.105837	-0.053218	-2.050535	-28.148432	0.946284	-1.202867	-28.121075	0.948987	-1.292766	-27.865603	0.997373	-1.041594	-27.869589	0.956435	-1.084830	-28.154434	0.431197	-1.273402	-27.870383	0.461960	-1.060591	-28.193830	-0.062515	-1.229893	-28.142186	-0.089173	-1.276041	-27.895257	-0.048102	-1.021282	-27.874806	-0.073896	-1.064091
4851	67.383205	00:01:07:27	-27.982446	1.633504	-1.267249	-27.968762	1.623193	-1.085564	-28.064500	1.631738	-1.159798	-27.987208	1.552576	-1.172293	-28.042483	1.543389	-1.104939	-28.131580	1.540046	-1.266461	-27.856572	1.563533	-1.116222	-28.078024	1.497162	-0.926465	-28.005565	0.735276	-1.594300	-28.036847	1.424830	-0.537410	-28.120168	-0.059185	-2.085367	-28.038321	1.424805	-0.529776	-28.105306	-0.020354	-2.041721	-28.055600	1.457725	-0.603003	-28.088246	-0.034600	-2.050440	-28.160253	0.996873	-1.219165	-28.147812	0.975771	-1.265351	-27.845176	0.969679	-1.022558	-27.846947	0.987432	-1.101261	-28.171944	0.479183	-1.253741	-27.845146	0.468683	-1.051151	-28.202914	-0.031748	-1.212711	-28.141444	-0.076759	-1.228899	-27.895076	-0.033075	-1.042257	-27.861456	-0.048241	-1.044689
4852	67.397099	00:01:07:28	-27.947868	1.651826	-1.197095	-27.981189	1.676107	-1.075436	-28.084469	1.678121	-1.150688	-28.006879	1.544477	-1.200513	-27.996540	1.543050	-1.139241	-28.156358	1.537201	-1.273938	-27.907098	1.550155	-1.104370	-28.054884	1.443828	-0.931338	-27.950869	0.727745	-1.603392	-28.019413	1.422428	-0.572045	-28.115656	-0.040191	-2.050062	-28.041971	1.413762	-0.549037	-28.098642	-0.037361	-2.068780	-28.014272	1.415405	-0.559420	-28.090846	-0.049331	-2.038995	-28.186008	0.984543	-1.223983	-28.142125	0.927497	-1.300786	-27.874688	0.963664	-1.048936	-27.841411	0.943561	-1.079996	-28.171444	0.474376	-1.254130	-27.869471	0.452049	-1.049066	-28.173291	-0.055860	-1.219656	-28.149409	-0.035634	-1.256664	-27.917682	-0.110913	-1.039113	-27.832112	-0.040950	-1.081771
4853	67.410992	00:01:07:29	-27.949772	1.647457	-1.256106	-27.961206	1.639891	-1.110777	-28.083007	1.668067	-1.153478	-28.021896	1.545305	-1.188138	-28.042276	1.562906	-1.143223	-28.115406	1.533162	-1.270467	-27.858277	1.513622	-1.073378	-28.077841	1.493866	-0.895034	-27.977640	0.757765	-1.593459	-28.024500	1.426433	-0.548293	-28.083440	-0.039374	-2.021593	-28.043772	1.416836	-0.549374	-28.120450	-0.048184	-2.062436	-28.046176	1.418588	-0.567386	-28.097422	-0.037968	-2.053110	-28.191211	0.993064	-1.241833	-28.171842	0.968681	-1.287597	-27.852059	0.991403	-1.026214	-27.881616	0.954657	-1.075866	-28.170291	0.462329	-1.265558	-27.854342	0.426484	-1.041298	-28.175948	-0.024891	-1.206182	-28.146849	-0.059993	-1.263651	-27.877518	-0.067098	-1.023740	-27.853808	-0.077691	-1.093559
4854	67.424886	00:01:07:30	-27.948692	1.643157	-1.217870	-27.974489	1.663081	-1.118808	-28.079017	1.633345	-1.160550	-27.996294	1.565549	-1.198408	-28.060728	1.544062	-1.154378	-28.147756	1.528889	-1.249469	-27.850566	1.562157	-1.082353	-28.061278	1.471702	-0.915754	-27.959777	0.763522	-1.590844	-28.066717	1.434399	-0.557465	-28.086852	-0.058414	-2.066158	-28.008575	1.422786	-0.567989	-28.081677	-0.042388	-2.077040	-28.021600	1.453140	-0.560771	-28.100308	-0.048474	-2.089648	-28.161223	0.960082	-1.233720	-28.162879	0.946941	-1.287307	-27.903855	0.949318	-1.049549	-27.845256	0.981420	-1.083222	-28.189517	0.463082	-1.237223	-27.873049	0.458669	-1.086548	-28.179767	-0.013983	-1.209098	-28.132774	-0.060819	-1.259157	-27.863734	-0.063995	-1.006877	-27.822966	-0.058842	-1.091121
4855	67.438779	00:01:07:31	-27.961485	1.695518	-1.251321	-28.014151	1.678900	-1.106046	-28.070004	1.646532	-1.211518	-27.987976	1.557032	-1.145305	-28.013746	1.514713	-1.134922	-28.144006	1.573592	-1.260614	-27.865844	1.558331	-1.106435	-28.082671	1.518500	-0.910329	-27.966627	0.722163	-1.585121	-28.016637	1.417005	-0.583424	-28.102741	-0.053406	-2.022818	-28.017507	1.409015	-0.527125	-28.099999	-0.039939	-2.057287	-28.023299	1.412361	-0.557210	-28.115426	-0.060430	-2.046263	-28.162536	0.961236	-1.216844	-28.148727	0.961561	-1.273114	-27.886383	0.933345	-1.045996	-27.824619	0.973770	-1.102091	-28.153920	0.442218	-1.213320	-27.860159	0.468669	-1.079863	-28.167562	-0.066585	-1.209159	-28.156393	-0.088685	-1.232076	-27.841929	-0.013068	-0.985875	-27.858767	-0.071909	-1.067144
4856	67.452673	00:01:07:32	-27.956549	1.624869	-1.226300	-27.967925	1.674497	-1.078062	-28.083712	1.660762	-1.138271	-28.016355	1.569946	-1.156472	-28.014414	1.574789	-1.129274	-28.100149	1.534105	-1.270115	-27.871823	1.553492	-1.056467	-28.086441	1.479829	-0.892609	-28.006340	0.741786	-1.556315	-28.035862	1.395512	-0.563614	-28.077181	-0.035028	-2.056732	-28.038491	1.435235	-0.577098	-28.093237	-0.041822	-2.075280	-28.044571	1.420074	-0.547680	-28.084624	-0.053600	-2.072891	-28.162505	0.989494	-1.242360	-28.147996	0.933333	-1.276710	-27.866752	0.993758	-1.069684	-27.859121	0.989619	-1.089684	-28.150684	0.487783	-1.266790	-27.826611	0.453734	-1.067219	-28.200222	-0.074777	-1.252688	-28.141651	-0.068004	-1.252057	-27.893433	-0.056088	-1.023343	-27.864601	-0.050543	-1.080682
4857	67.466566	00:01:07:33	-27.960335	1.607198	-1.224480	-27.975016	1.647345	-1.095708	-28.082455	1.659530	-1.170996	-27.989748	1.548937	-1.174096	-28.008130	1.526003	-1.154159	-28.132881	1.526959	-1.257704	-27.896247	1.549064	-1.106108	-28.064241	1.495210	-0.887305	-27.965791	0.707717	-1.545145	-28.064352	1.438619	-0.531090	-28.095672	-0.052768	-2.054976	-28.028707	1.397298	-0.539305	-28.091844	-0.056283	-2.045906	-28.049105	1.446242	-0.577672	-28.105375	-0.011598	-2.051988	-28.177678	0.972551	-1.233093	-28.150487	0.954034	-1.270654	-27.846663	0.950230	-1.058476	-27.847095	0.938227	-1.060749	-28.154722	0.456648	-1.249388	-27.805292	0.455033	-1.017658	-28.187136	-0.069808	-1.188377	-28.128126	-0.071601	-1.237942	-27.866230	-0.045587	-1.005673	-27.858874	-0.082999	-1.091320
4858	67.480459	00:01:07:34	-27.937040	1.668492	-1.256812	-27.984611	1.684867	-1.141607	-28.096073	1.640692	-1.165241	-28.001907	1.538607	-1.185449	-27.995417	1.556892	-1.156876	-28.104060	1.554805	-1.227408	-27.887221	1.541890	-1.082764	-28.105250	1.451030	-0.932634	-27.988336	0.746003	-1.605690	-28.033098	1.422532	-0.577078	-28.104556	-0.090314	-2.061164	-28.025852	1.412174	-0.562239	-28.085344	-0.052757	-2.089686	-28.036144	1.454759	-0.530992	-28.080250	-0.039316	-2.057321	-28.174601	0.960211	-1.232898	-28.164361	0.989718	-1.288190	-27.883173	0.956242	-1.050256	-27.858241	0.987598	-1.090433	-28.154746	0.460439	-1.253468	-27.831522	0.465360	-1.057993	-28.167112	-0.034767	-1.234115	-28.131504	-0.053140	-1.262450	-27.885647	-0.043587	-1.006025	-27.837291	-0.075736	-1.051843
4859	67.494353	00:01:07:35	-27.929926	1.642510	-1.263500	-28.001578	1.666907	-1.070769	-28.096566	1.654450	-1.111863	-27.993031	1.548842	-1.186310	-28.028735	1.564851	-1.148991	-28.146548	1.533861	-1.251296	-27.900589	1.557057	-1.118943	-28.065945	1.470757	-0.904438	-27.994429	0.732104	-1.583059	-28.029912	1.431061	-0.571726	-28.072951	-0.078192	-2.095038	-28.026690	1.441525	-0.541261	-28.124010	-0.040640	-2.074334	-28.032764	1.444069	-0.552294	-28.083443	-0.036451	-2.056768	-28.164442	0.965902	-1.252898	-28.124034	0.967735	-1.248633	-27.913247	1.006758	-1.022996	-27.849660	0.977641	-1.107621	-28.174979	0.462577	-1.246145	-27.857319	0.447292	-1.036397	-28.159061	-0.014425	-1.243761	-28.117964	-0.074212	-1.221386	-27.871882	-0.032365	-1.026263	-27.882371	-0.028375	-1.075709
4860	67.508246	00:01:07:36	-27.951361	1.649005	-1.231552	-27.981034	1.641258	-1.106691	-28.105095	1.670919	-1.131929	-27.995725	1.540820	-1.163000	-28.026260	1.548283	-1.127504	-28.132146	1.540191	-1.247032	-27.881202	1.552188	-1.080858	-28.073645	1.483065	-0.909255	-27.963802	0.732917	-1.576576	-28.041889	1.433990	-0.524881	-28.093501	-0.055679	-2.071792	-28.032297	1.423668	-0.568608	-28.101573	-0.062761	-2.017288	-28.055447	1.445390	-0.534695	-28.098530	-0.058861	-2.064520	-28.163553	0.968078	-1.229812	-28.145552	0.940867	-1.297326	-27.863287	0.981948	-1.024144	-27.821742	0.964417	-1.066241	-28.182636	0.438580	-1.257116	-27.867006	0.414346	-1.075261	-28.143390	-0.055567	-1.230652	-28.130361	-0.049202	-1.256901	-27.887452	-0.029784	-1.028559	-27.833095	-0.055067	-1.086029
4861	67.522140	00:01:07:37	-27.976258	1.633013	-1.251733	-27.988032	1.684316	-1.127758	-28.115199	1.669610	-1.175425	-28.030340	1.512505	-1.170688	-28.032723	1.538780	-1.141492	-28.113768	1.552796	-1.278953	-27.875399	1.553699	-1.048293	-28.052782	1.498104	-0.911568	-27.963712	0.739945	-1.572357	-28.038013	1.441031	-0.544596	-28.078295	-0.061802	-2.051465	-28.045605	1.454249	-0.547505	-28.091354	-0.024100	-2.060367	-28.036901	1.423543	-0.500245	-28.083866	-0.064194	-2.065906	-28.150648	0.967296	-1.265024	-28.126262	0.984193	-1.296819	-27.877394	0.980787	-1.045285	-27.833516	0.964258	-1.115378	-28.160391	0.441085	-1.225018	-27.870678	0.471230	-1.075899	-28.155725	-0.082254	-1.198219	-28.160731	-0.076941	-1.246045	-27.867895	-0.048597	-1.007551	-27.855675	-0.061639	-1.067178
4862	67.536033	00:01:07:38	-27.983668	1.649562	-1.196923	-27.956219	1.656569	-1.111630	-28.088992	1.655855	-1.152311	-27.989220	1.524346	-1.124099	-28.053512	1.542619	-1.139800	-28.137080	1.528230	-1.274104	-27.897942	1.533072	-1.075019	-28.074307	1.503390	-0.858445	-27.982348	0.742313	-1.584716	-28.049797	1.459209	-0.553820	-28.103125	-0.050202	-2.081588	-28.036221	1.422710	-0.584131	-28.088309	-0.037837	-2.110237	-28.042208	1.431123	-0.581577	-28.077499	-0.073334	-2.066171	-28.160696	0.962210	-1.234053	-28.135115	0.953324	-1.296258	-27.851101	0.939564	-1.040479	-27.850357	0.929861	-1.076246	-28.195186	0.467328	-1.230388	-27.879029	0.434836	-1.059987	-28.158608	-0.071644	-1.221985	-28.176153	-0.047752	-1.272167	-27.854817	-0.026970	-1.023956	-27.834606	-0.088471	-1.068311
4863	67.549927	00:01:07:39	-28.000503	1.620344	-1.244328	-27.964196	1.700933	-1.095895	-28.090567	1.651481	-1.178321	-28.005249	1.557069	-1.190785	-27.991475	1.539959	-1.114156	-28.093182	1.565890	-1.256629	-27.924605	1.562706	-1.099922	-28.084423	1.454933	-0.891577	-27.968872	0.792061	-1.575550	-28.043154	1.425274	-0.579246	-28.101019	-0.032313	-2.069215	-28.029714	1.418094	-0.583326	-28.089195	-0.071450	-2.064543	-28.045760	1.448453	-0.563689	-28.130680	-0.069776	-2.093814	-28.194736	0.988042	-1.236517	-28.134040	0.971725	-1.298593	-27.928629	0.962024	-1.027766	-27.842008	0.956810	-1.072501	-28.181537	0.458221	-1.289653	-27.849393	0.479252	-1.056883	-28.176139	-0.049388	-1.207890	-28.153721	-0.047123	-1.257140	-27.854732	-0.032228	-1.030576	-27.818985	-0.060984	-1.061035
4864	67.563820	00:01:07:40	-27.979745	1.642510	-1.248023	-27.977580	1.668049	-1.121154	-28.069553	1.651752	-1.170183	-28.025263	1.539564	-1.199551	-28.014123	1.589604	-1.153056	-28.143575	1.524790	-1.250422	-27.877522	1.539027	-1.100241	-28.068873	1.504280	-0.917309	-27.958657	0.755314	-1.604729	-28.049733	1.444793	-0.559713	-28.069566	-0.092029	-2.070241	-27.995453	1.453182	-0.535298	-28.111901	-0.041436	-2.063595	-28.041845	1.457090	-0.579798	-28.085020	-0.029705	-2.082805	-28.177975	0.995324	-1.195086	-28.165192	0.949736	-1.277807	-27.878437	0.985554	-1.050878	-27.836517	0.945143	-1.078704	-28.168753	0.464404	-1.251087	-27.863606	0.455702	-1.042257	-28.186068	-0.050846	-1.245658	-28.139522	-0.050876	-1.260831	-27.862823	-0.031732	-1.007215	-27.860519	-0.093989	-1.060411
4865	67.577714	00:01:07:41	-27.967627	1.635982	-1.207842	-27.976534	1.691648	-1.120544	-28.067038	1.680340	-1.157941	-27.987559	1.560387	-1.176922	-28.024049	1.553148	-1.141420	-28.124467	1.592165	-1.286049	-27.847854	1.533336	-1.057614	-28.113212	1.504702	-0.914903	-27.961427	0.742433	-1.571296	-28.047880	1.416045	-0.543895	-28.121000	-0.071962	-2.056895	-28.020419	1.413799	-0.558443	-28.095566	-0.055107	-2.068439	-28.041265	1.435609	-0.542663	-28.107057	-0.055648	-2.046867	-28.167401	0.978823	-1.249378	-28.145006	0.925644	-1.272717	-27.854978	0.976946	-1.031808	-27.825868	0.944746	-1.065513	-28.144869	0.465365	-1.245395	-27.846210	0.437921	-1.050249	-28.153289	-0.059349	-1.210578	-28.117923	-0.072169	-1.268724	-27.854823	-0.059586	-1.040263	-27.835440	-0.061847	-1.045466
4866	67.591607	00:01:07:42	-27.962835	1.651882	-1.231221	-27.960354	1.651058	-1.074610	-28.072129	1.653705	-1.147079	-27.980460	1.527460	-1.176819	-28.012022	1.540612	-1.140508	-28.105545	1.575014	-1.268197	-27.877269	1.556531	-1.081809	-28.084111	1.481865	-0.861216	-28.024670	0.753719	-1.553205	-28.036400	1.428541	-0.560670	-28.107744	-0.030875	-2.064900	-28.038600	1.466934	-0.556025	-28.091840	-0.031334	-2.080740	-28.030190	1.438735	-0.549552	-28.117080	-0.034961	-2.055071	-28.155720	0.998979	-1.248094	-28.147458	0.949854	-1.301297	-27.899961	0.989350	-1.044351	-27.822316	0.986898	-1.070844	-28.141395	0.434368	-1.249763	-27.848213	0.441634	-1.064077	-28.166555	-0.040920	-1.231834	-28.168605	-0.042474	-1.267892	-27.891253	-0.030431	-1.008051	-27.827836	-0.051467	-1.076543
4867	67.605500	00:01:07:43	-27.959002	1.621726	-1.240163	-27.983979	1.693884	-1.091967	-28.096360	1.647946	-1.189516	-28.011266	1.558821	-1.189148	-28.023934	1.531792	-1.148153	-28.137484	1.548753	-1.260027	-27.897198	1.543832	-1.093769	-28.100309	1.465947	-0.907832	-27.988281	0.746986	-1.577927	-28.039992	1.437831	-0.548829	-28.111686	-0.025511	-2.036911	-28.039043	1.409200	-0.569070	-28.110113	-0.047003	-2.044686	-28.017283	1.426386	-0.577684	-28.094860	-0.044742	-2.050213	-28.191379	0.997949	-1.237827	-28.157951	0.996150	-1.281917	-27.890031	0.940051	-1.020469	-27.879051	0.986638	-1.056163	-28.141055	0.443644	-1.247457	-27.871792	0.469128	-1.049151	-28.184607	-0.056885	-1.218902	-28.150598	-0.075382	-1.266269	-27.921599	-0.065810	-0.994089	-27.840156	-0.070333	-1.063051
4868	67.619394	00:01:07:44	-27.945628	1.650393	-1.243070	-27.999261	1.676299	-1.109735	-28.080593	1.700047	-1.114454	-27.970220	1.487520	-1.184069	-28.024308	1.536800	-1.164688	-28.108472	1.528608	-1.250942	-27.886836	1.564177	-1.112744	-28.078518	1.495010	-0.899304	-27.972185	0.749007	-1.533089	-28.048767	1.424136	-0.576550	-28.107521	-0.055696	-2.090358	-28.048987	1.417449	-0.565487	-28.071345	-0.031917	-2.074426	-28.055227	1.430812	-0.558081	-28.128264	-0.030368	-2.048854	-28.149579	1.008154	-1.211229	-28.134543	0.988902	-1.290305	-27.852259	1.005294	-1.032961	-27.849568	0.947985	-1.086585	-28.141142	0.436762	-1.253313	-27.858675	0.471577	-1.054559	-28.173298	-0.045822	-1.220453	-28.159388	-0.036333	-1.233094	-27.896044	-0.037678	-1.026067	-27.842354	-0.078449	-1.075225
4869	67.633287	00:01:07:45	-27.970390	1.654324	-1.243119	-27.990186	1.665487	-1.115075	-28.073945	1.669996	-1.169782	-27.997834	1.531562	-1.181524	-27.994780	1.561591	-1.159740	-28.114001	1.534261	-1.243739	-27.860373	1.570040	-1.105286	-28.075545	1.487615	-0.902892	-27.968700	0.749205	-1.601310	-28.028164	1.422939	-0.535753	-28.050577	-0.066263	-2.080427	-28.032910	1.424753	-0.552506	-28.076085	-0.045264	-2.071453	-28.018001	1.457253	-0.573331	-28.110054	-0.034991	-2.094357	-28.165401	0.947419	-1.220734	-28.133593	0.954262	-1.266913	-27.884104	0.918732	-1.064067	-27.856571	0.951513	-1.108639	-28.188711	0.461595	-1.262810	-27.874190	0.470112	-1.057690	-28.145467	-0.060731	-1.207836	-28.132015	-0.056836	-1.253221	-27.883944	-0.040750	-1.023021	-27.828391	-0.077560	-1.031416
4870	67.647181	00:01:07:46	-27.986346	1.625313	-1.251664	-27.963689	1.664610	-1.104955	-28.069443	1.636164	-1.154974	-27.992461	1.520923	-1.198044	-27.982073	1.529007	-1.160505	-28.146068	1.526099	-1.292894	-27.831567	1.570038	-1.101871	-28.083758	1.472691	-0.917786	-27.993839	0.737161	-1.559302	-28.002242	1.433566	-0.558990	-28.113477	-0.061112	-2.058230	-28.014599	1.431996	-0.558947	-28.075544	-0.056423	-2.047086	-28.046072	1.429719	-0.552255	-28.070790	-0.042855	-2.040451	-28.189182	0.957635	-1.234499	-28.163500	0.977410	-1.263694	-27.862144	0.949794	-1.030015	-27.868766	0.961686	-1.130294	-28.166903	0.467690	-1.271937	-27.845181	0.486371	-1.034448	-28.183527	-0.043661	-1.187692	-28.135921	-0.061490	-1.286407	-27.916548	-0.057757	-1.033259	-27.859694	-0.067753	-1.050935
4871	67.661074	00:01:07:47	-27.976007	1.612977	-1.241319	-27.968490	1.675022	-1.080008	-28.076624	1.675415	-1.146307	-27.999927	1.534288	-1.159860	-28.062949	1.577836	-1.141805	-28.162569	1.531987	-1.279489	-27.903984	1.546718	-1.096673	-28.095211	1.500371	-0.924951	-27.983532	0.757934	-1.612633	-28.057375	1.436092	-0.531892	-28.064866	-0.049649	-2.029781	-28.028021	1.444937	-0.551833	-28.071588	-0.020730	-2.083480	-28.007640	1.424066	-0.565679	-28.092231	-0.042506	-2.068461	-28.147259	0.981014	-1.231330	-28.140549	0.992140	-1.284703	-27.899558	0.959092	-1.051315	-27.828611	0.978607	-1.051985	-28.189565	0.431945	-1.237140	-27.835565	0.455867	-1.069429	-28.155879	-0.061192	-1.230787	-28.128526	-0.043838	-1.249321	-27.905921	-0.040114	-1.020802	-27.811615	-0.039318	-1.064125
4872	67.674968	00:01:07:48	-27.969628	1.647877	-1.220004	-27.965146	1.664319	-1.067163	-28.092298	1.690970	-1.158280	-28.026633	1.558876	-1.190092	-28.032639	1.530717	-1.123316	-28.118913	1.562916	-1.271127	-27.898922	1.520234	-1.093322	-28.082142	1.483154	-0.931418	-27.986276	0.741163	-1.599537	-28.051460	1.424261	-0.546090	-28.092301	-0.054284	-2.062262	-28.045583	1.440833	-0.549674	-28.124997	-0.042248	-2.056764	-28.035025	1.465410	-0.538095	-28.068575	-0.025306	-2.071556	-28.146220	0.952506	-1.230612	-28.175136	0.978366	-1.282071	-27.869384	0.944251	-1.030754	-27.839742	0.948071	-1.089410	-28.117161	0.462059	-1.240209	-27.827358	0.500652	-1.086443	-28.140435	-0.029418	-1.227874	-28.132717	-0.077487	-1.270888	-27.877749	-0.053886	-1.021302	-27.797577	-0.061917	-1.086774
4873	67.688861	00:01:07:49	-27.956925	1.632498	-1.244010	-27.980066	1.680301	-1.112266	-28.092028	1.652260	-1.155843	-27.997736	1.547322	-1.202560	-28.044726	1.584802	-1.099108	-28.156422	1.519055	-1.268720	-27.852922	1.513692	-1.126284	-28.077033	1.475436	-0.907346	-27.983397	0.767957	-1.563342	-28.042059	1.393182	-0.555875	-28.091375	-0.049519	-2.061544	-28.038266	1.443843	-0.563731	-28.091887	-0.026618	-2.064510	-28.041812	1.425160	-0.527258	-28.110336	-0.037802	-2.048974	-28.167222	0.950394	-1.202425	-28.133861	0.967510	-1.289078	-27.878646	0.964895	-1.055078	-27.825554	0.957293	-1.087955	-28.193593	0.474495	-1.252699	-27.851652	0.465896	-1.072114	-28.154107	-0.037779	-1.207416	-28.124100	-0.075179	-1.284109	-27.884590	-0.054276	-1.007113	-27.839660	-0.082784	-1.069857
4874	67.702755	00:01:07:50	-27.932281	1.637869	-1.212888	-27.982615	1.672015	-1.093372	-28.051347	1.691645	-1.139704	-27.972287	1.516147	-1.206342	-28.036871	1.539806	-1.158336	-28.119062	1.524013	-1.267956	-27.895263	1.541559	-1.126704	-28.052506	1.497978	-0.898500	-28.006933	0.745922	-1.526370	-28.022337	1.437485	-0.578516	-28.100801	-0.062729	-2.054157	-28.045906	1.426208	-0.561521	-28.089190	-0.067418	-2.080089	-28.017048	1.437976	-0.554495	-28.147495	-0.000277	-2.051909	-28.197894	0.975212	-1.219783	-28.117772	0.975961	-1.296332	-27.889725	0.978597	-1.045147	-27.865855	1.000256	-1.115435	-28.190563	0.448498	-1.247354	-27.851483	0.463214	-1.040184	-28.175168	-0.051521	-1.217873	-28.153087	-0.054859	-1.272510	-27.874662	-0.032094	-1.018563	-27.798364	-0.066364	-1.070364
4875	67.716648	00:01:07:51	-27.980000	1.626287	-1.239368	-27.999034	1.688102	-1.109334	-28.115437	1.699040	-1.153192	-27.989832	1.543049	-1.185867	-28.032629	1.539115	-1.114159	-28.111682	1.524227	-1.248747	-27.897299	1.561028	-1.083529	-28.077833	1.492624	-0.899078	-27.983732	0.740809	-1.588888	-28.015432	1.457272	-0.580191	-28.082300	-0.057370	-2.066575	-28.009698	1.449394	-0.569940	-28.105210	-0.036894	-2.065424	-28.024976	1.417311	-0.569025	-28.113396	-0.035116	-2.062200	-28.196117	0.963971	-1.224893	-28.158492	0.971723	-1.250271	-27.875783	0.973863	-1.011085	-27.841815	0.925177	-1.078233	-28.178267	0.424552	-1.233582	-27.872097	0.442271	-1.060207	-28.174331	-0.025340	-1.196529	-28.127455	-0.078769	-1.275120	-27.882097	-0.039869	-1.010020	-27.845471	-0.069559	-1.057693
4876	67.730541	00:01:07:52	-27.971996	1.645389	-1.244532	-28.013592	1.651890	-1.090582	-28.090976	1.660834	-1.137947	-27.967503	1.563651	-1.186820	-28.014477	1.534560	-1.124276	-28.095335	1.568792	-1.233107	-27.863891	1.513108	-1.068369	-28.056634	1.499485	-0.917323	-27.989417	0.739938	-1.609703	-28.058079	1.452632	-0.568099	-28.087025	-0.055762	-2.056084	-28.042165	1.409582	-0.551660	-28.088085	-0.060739	-2.075143	-28.056176	1.430266	-0.567614	-28.107783	-0.044618	-2.064469	-28.234256	0.945985	-1.253003	-28.128939	0.949467	-1.296651	-27.871264	0.989753	-1.029834	-27.872912	0.946800	-1.082379	-28.163379	0.457992	-1.242813	-27.890742	0.449986	-1.042720	-28.160860	-0.048195	-1.234519	-28.189102	-0.076590	-1.296718	-27.890549	-0.076532	-1.033962	-27.840878	-0.065721	-1.043335
4877	67.744435	00:01:07:53	-27.955495	1.657746	-1.242723	-27.975793	1.673303	-1.103349	-28.082298	1.664267	-1.158501	-28.009733	1.536506	-1.171937	-28.020133	1.538805	-1.139643	-28.140367	1.523034	-1.267391	-27.865501	1.530392	-1.119188	-28.071165	1.504555	-0.899453	-27.958999	0.744166	-1.575397	-28.008857	1.454208	-0.550499	-28.075003	-0.018155	-2.076802	-28.057733	1.427305	-0.559071	-28.088281	-0.043483	-2.071462	-28.046529	1.430550	-0.559598	-28.092708	-0.011364	-2.049466	-28.201636	0.957266	-1.240142	-28.140866	0.980571	-1.284916	-27.857180	0.976982	-1.027950	-27.849868	0.959295	-1.086446	-28.169355	0.452078	-1.246385	-27.848217	0.475784	-1.062743	-28.168737	-0.058020	-1.201125	-28.146326	-0.082973	-1.261643	-27.889546	-0.027645	-1.016312	-27.847530	-0.069471	-1.073484
4878	67.758328	00:01:07:54	-27.982198	1.650375	-1.238827	-27.995302	1.662449	-1.085964	-28.078659	1.653873	-1.166038	-28.005664	1.545929	-1.182113	-28.002787	1.531008	-1.123353	-28.097139	1.547057	-1.249496	-27.880555	1.559152	-1.107959	-28.085256	1.472286	-0.899422	-27.962029	0.744365	-1.584233	-28.021834	1.423966	-0.547271	-28.104950	-0.044451	-2.055347	-27.996033	1.448415	-0.553820	-28.071849	-0.041731	-2.055734	-28.030192	1.417172	-0.559690	-28.079199	-0.054702	-2.065691	-28.142973	0.980231	-1.228063	-28.119189	0.973412	-1.276373	-27.856195	0.980876	-1.034525	-27.835803	0.956967	-1.106973	-28.151059	0.458978	-1.250164	-27.825813	0.451027	-1.063477	-28.186946	-0.025115	-1.208245	-28.148872	-0.062986	-1.291706	-27.852887	-0.041679	-1.003896	-27.850423	-0.096613	-1.048365
4879	67.772222	00:01:07:55	-27.968807	1.620620	-1.251399	-27.999026	1.655502	-1.122051	-28.074179	1.648526	-1.145657	-28.004943	1.558799	-1.166860	-28.035184	1.531320	-1.100240	-28.096127	1.520377	-1.270003	-27.883130	1.497036	-1.098557	-28.064396	1.504495	-0.911057	-27.983133	0.750621	-1.567777	-28.046333	1.428039	-0.555979	-28.092145	-0.065770	-2.072720	-28.045318	1.416761	-0.555541	-28.088523	-0.034301	-2.042075	-28.037265	1.409451	-0.583528	-28.089063	-0.050567	-2.065385	-28.167135	0.952272	-1.212427	-28.137149	0.973321	-1.290543	-27.860022	0.996483	-1.048834	-27.860883	0.971960	-1.086991	-28.178808	0.469489	-1.275245	-27.868770	0.447493	-1.039432	-28.178454	-0.022011	-1.218095	-28.124665	-0.047272	-1.285567	-27.882707	-0.028777	-1.000322	-27.842076	-0.074095	-1.068588
4880	67.786115	00:01:07:56	-27.972488	1.629984	-1.225353	-28.000179	1.640540	-1.113591	-28.063228	1.648860	-1.163658	-27.978820	1.551056	-1.177619	-28.032075	1.544256	-1.171544	-28.162302	1.537668	-1.247947	-27.871121	1.558861	-1.123121	-28.068478	1.489837	-0.900202	-28.015823	0.746170	-1.595269	-28.007024	1.422359	-0.575494	-28.084578	-0.065650	-2.042566	-28.029689	1.415699	-0.535447	-28.092665	-0.022867	-2.064864	-28.070050	1.430028	-0.543962	-28.119495	-0.054599	-2.085664	-28.172331	0.987345	-1.217994	-28.143731	0.954881	-1.282900	-27.871691	0.984651	-1.060963	-27.818312	0.960655	-1.070905	-28.170326	0.468799	-1.252966	-27.851192	0.491246	-1.039219	-28.155656	-0.057316	-1.236423	-28.194939	-0.038172	-1.232517	-27.886050	-0.060149	-1.004998	-27.840215	-0.063350	-1.086959
4881	67.800009	00:01:07:57	-27.942195	1.634305	-1.220001	-27.989933	1.666439	-1.116850	-28.072708	1.646244	-1.145795	-28.003054	1.555891	-1.161311	-28.026556	1.566654	-1.158064	-28.114700	1.554380	-1.267845	-27.881121	1.547997	-1.120420	-28.084459	1.483947	-0.909968	-27.973744	0.761781	-1.586703	-28.033579	1.429661	-0.571927	-28.106447	-0.064852	-2.079478	-28.011249	1.450366	-0.558569	-28.126822	-0.046991	-2.068250	-28.065251	1.451339	-0.555239	-28.076531	-0.041218	-2.059677	-28.165551	0.995749	-1.236162	-28.171246	0.951509	-1.234531	-27.885626	0.968440	-1.032974	-27.816370	0.960481	-1.053588	-28.153826	0.453658	-1.252342	-27.823632	0.451227	-1.083930	-28.178486	-0.056303	-1.187436	-28.142721	-0.058670	-1.252935	-27.841611	-0.047447	-1.015918	-27.842972	-0.067246	-1.063632
4882	67.813902	00:01:07:58	-27.939401	1.645628	-1.272070	-27.973724	1.656128	-1.099132	-28.052101	1.651130	-1.128296	-28.003392	1.544322	-1.184934	-28.049584	1.527873	-1.158613	-28.158071	1.556848	-1.241373	-27.902635	1.538630	-1.052252	-28.079549	1.494967	-0.878911	-27.976426	0.759051	-1.569497	-28.022877	1.448859	-0.574056	-28.117606	-0.060769	-2.091669	-28.019768	1.441258	-0.544016	-28.111769	-0.059790	-2.057677	-28.037395	1.440175	-0.552696	-28.077625	-0.054382	-2.074178	-28.191489	0.968112	-1.250335	-28.155447	0.970616	-1.279132	-27.858813	0.988718	-1.027876	-27.833650	0.975809	-1.102057	-28.206247	0.476315	-1.223338	-27.861438	0.476172	-1.066880	-28.161530	-0.054646	-1.165623	-28.130664	-0.047638	-1.265557	-27.854721	-0.050749	-1.013665	-27.835051	-0.082122	-1.054364
4883	67.827796	00:01:07:59	-27.956959	1.655631	-1.228434	-27.987210	1.672771	-1.090870	-28.094393	1.654236	-1.176245	-27.982254	1.541719	-1.187422	-28.051466	1.541695	-1.133086	-28.129609	1.537500	-1.247473	-27.886572	1.526546	-1.112314	-28.068123	1.517587	-0.899077	-27.970030	0.724275	-1.621307	-28.029446	1.416505	-0.548570	-28.102861	-0.009039	-2.077050	-28.048936	1.411244	-0.574138	-28.063683	-0.076430	-2.054053	-28.053065	1.421934	-0.559729	-28.078273	-0.026618	-2.082177	-28.159381	0.988601	-1.220885	-28.114174	0.961187	-1.257587	-27.873543	0.963658	-1.029335	-27.864675	0.964801	-1.103585	-28.158144	0.442939	-1.225542	-27.883902	0.429680	-1.089015	-28.176819	-0.045024	-1.259447	-28.159605	-0.042685	-1.271506	-27.874441	-0.028519	-1.046704	-27.819056	-0.053084	-1.066855
4884	67.841689	00:01:07:60	-27.972472	1.661578	-1.225610	-27.993548	1.680582	-1.104906	-28.095832	1.649956	-1.146982	-27.951138	1.533251	-1.175994	-28.019079	1.552937	-1.127102	-28.122696	1.570535	-1.268267	-27.869155	1.565388	-1.110525	-28.099322	1.474463	-0.907300	-27.977729	0.750917	-1.556865	-28.050790	1.422031	-0.532322	-28.097170	-0.051419	-2.069164	-28.017590	1.435122	-0.557461	-28.082824	-0.028310	-2.066596	-28.052971	1.424557	-0.536235	-28.120804	-0.040015	-2.065688	-28.169368	0.976042	-1.227480	-28.131934	0.938098	-1.287551	-27.898512	0.962879	-1.033914	-27.854487	0.971276	-1.060541	-28.162284	0.460856	-1.238000	-27.858534	0.454268	-1.055982	-28.164307	-0.057327	-1.226397	-28.158148	-0.094779	-1.237486	-27.870762	-0.038429	-0.996049	-27.865725	-0.064666	-1.056013
4885	67.855582	00:01:07:61	-27.975526	1.669295	-1.273040	-27.984512	1.701978	-1.089099	-28.069159	1.667278	-1.161841	-27.999248	1.524156	-1.159094	-28.020863	1.527283	-1.127991	-28.095121	1.551402	-1.237849	-27.866267	1.552975	-1.104005	-28.086938	1.479836	-0.878068	-27.980043	0.786814	-1.608808	-27.999801	1.408300	-0.542534	-28.090948	-0.065300	-2.054177	-28.024126	1.437415	-0.560149	-28.086672	-0.006673	-2.045975	-28.053601	1.443499	-0.565117	-28.057132	-0.023631	-2.080034	-28.162449	0.979284	-1.225858	-28.136007	0.966593	-1.247899	-27.880432	0.987682	-1.045600	-27.864384	0.981897	-1.080710	-28.156817	0.462330	-1.255168	-27.856575	0.437996	-1.083854	-28.177289	-0.043743	-1.235078	-28.177610	-0.093001	-1.252887	-27.896081	-0.077493	-1.043380	-27.881815	-0.027447	-1.066563
4886	67.869476	00:01:07:62	-27.951821	1.654552	-1.204606	-28.017234	1.670266	-1.083864	-28.071482	1.669696	-1.151627	-27.983184	1.575522	-1.194865	-28.040846	1.534627	-1.141649	-28.113119	1.542568	-1.269833	-27.871283	1.553215	-1.109036	-28.049532	1.504409	-0.902325	-27.997501	0.737182	-1.585909	-28.024132	1.425474	-0.548381	-28.106662	-0.069360	-2.055555	-28.031810	1.442212	-0.589478	-28.111964	-0.081489	-2.068450	-28.038356	1.409421	-0.578386	-28.086192	-0.051042	-2.070659	-28.193756	0.946040	-1.222852	-28.160707	0.992279	-1.293032	-27.869544	0.944925	-1.025166	-27.855643	0.990718	-1.070118	-28.168044	0.457853	-1.251482	-27.853173	0.462079	-1.049394	-28.187233	-0.041846	-1.209604	-28.174528	-0.100067	-1.251958	-27.891202	-0.096984	-1.004391	-27.856494	-0.043094	-1.078508
4887	67.883369	00:01:07:63	-27.964327	1.641019	-1.263640	-27.986530	1.623403	-1.059085	-28.092344	1.660814	-1.158013	-27.996481	1.525843	-1.170064	-28.037594	1.528872	-1.142150	-28.123107	1.511908	-1.254307	-27.860326	1.557545	-1.101904	-28.080043	1.483275	-0.873998	-27.959625	0.769835	-1.581486	-28.060372	1.432986	-0.520172	-28.106158	0.021688	-2.068428	-28.032517	1.435704	-0.564424	-28.108435	-0.040281	-2.049649	-28.023965	1.437722	-0.551997	-28.134985	-0.026935	-2.060582	-28.155266	0.955112	-1.249295	-28.144859	0.976802	-1.289306	-27.880057	0.978041	-1.035737	-27.861433	0.933632	-1.075630	-28.152252	0.471064	-1.223856	-27.861993	0.425576	-1.048754	-28.214154	-0.044537	-1.241879	-28.122866	-0.109350	-1.258966	-27.855748	-0.040626	-1.012965	-27.844827	-0.069879	-1.043761
4888	67.897263	00:01:07:64	-27.970660	1.644453	-1.225087	-27.957001	1.642488	-1.113161	-28.075799	1.649978	-1.153489	-28.020287	1.537870	-1.184964	-28.017323	1.509980	-1.139292	-28.134728	1.535759	-1.285423	-27.886715	1.527057	-1.082508	-28.079530	1.498898	-0.907201	-27.984274	0.767267	-1.594611	-28.025151	1.452220	-0.540357	-28.089175	-0.012941	-2.081934	-28.006807	1.437160	-0.538297	-28.121482	-0.035669	-2.048034	-28.017299	1.424427	-0.555988	-28.087791	-0.062655	-2.041869	-28.171397	1.015214	-1.220610	-28.150584	0.965572	-1.264259	-27.874324	0.991934	-1.042960	-27.831408	0.926474	-1.084801	-28.130133	0.474518	-1.240726	-27.868159	0.487835	-1.070062	-28.174607	-0.035796	-1.217623	-28.138416	-0.102659	-1.251798	-27.884416	-0.060879	-1.018664	-27.817053	-0.111772	-1.069323
4889	67.911156	00:01:07:65	-27.976002	1.668714	-1.225624	-27.985882	1.657771	-1.074315	-28.057992	1.688526	-1.178478	-27.970097	1.557746	-1.193698	-28.001132	1.517437	-1.151669	-28.133277	1.558342	-1.283572	-27.839146	1.542389	-1.102877	-28.088036	1.513178	-0.889916	-27.961562	0.756381	-1.595026	-28.052037	1.419084	-0.547037	-28.084811	-0.071141	-2.046389	-28.026565	1.455713	-0.533208	-28.088162	-0.036902	-2.070330	-28.033108	1.467554	-0.564967	-28.080730	-0.023448	-2.062833	-28.180593	0.980434	-1.225383	-28.140364	0.975098	-1.293564	-27.861846	1.001187	-1.056587	-27.853338	0.945958	-1.069782	-28.154138	0.437979	-1.230319	-27.863432	0.475401	-1.067794	-28.178565	-0.059981	-1.224569	-28.145877	-0.055262	-1.242677	-27.867530	-0.056203	-1.002273	-27.852155	-0.040391	-1.122032
4890	67.925050	00:01:07:66	-27.970582	1.646148	-1.231571	-27.979731	1.677380	-1.089927	-28.116572	1.672305	-1.161167	-28.007821	1.535091	-1.168222	-27.996684	1.541249	-1.118672	-28.130898	1.574953	-1.256906	-27.863001	1.533166	-1.047793	-28.076478	1.474106	-0.903149	-27.994006	0.764571	-1.612483	-28.068205	1.430497	-0.560543	-28.122031	-0.055476	-2.068489	-28.058469	1.430370	-0.595168	-28.101112	-0.066760	-2.074444	-28.033633	1.427551	-0.565218	-28.056725	-0.015929	-2.081263	-28.174786	0.938903	-1.238471	-28.122886	0.952768	-1.272024	-27.916842	0.963168	-1.020975	-27.832454	0.961280	-1.065150	-28.174777	0.461279	-1.229421	-27.845052	0.439945	-1.076512	-28.196259	-0.039301	-1.191351	-28.109409	-0.017886	-1.252918	-27.905447	-0.061674	-0.997249	-27.824643	-0.056815	-1.048517
4891	67.938943	00:01:07:67	-27.988167	1.660487	-1.223716	-27.990049	1.654396	-1.107875	-28.077221	1.653735	-1.123228	-28.002506	1.546598	-1.176659	-28.067496	1.550122	-1.151795	-28.127966	1.566563	-1.237901	-27.891519	1.514102	-1.082880	-28.076957	1.478884	-0.896844	-27.997944	0.778437	-1.578769	-28.046820	1.390950	-0.535327	-28.102451	-0.040821	-2.092773	-28.040996	1.450096	-0.575460	-28.088700	-0.069163	-2.072577	-28.028044	1.410445	-0.548528	-28.109895	-0.063234	-2.066232	-28.175584	0.984649	-1.215608	-28.163740	0.943065	-1.273831	-27.896545	0.987769	-1.064323	-27.826029	0.959906	-1.087574	-28.153504	0.459889	-1.247860	-27.864518	0.453389	-1.030449	-28.179338	-0.021305	-1.218710	-28.164875	-0.076149	-1.247492	-27.879328	-0.070224	-1.044169	-27.855171	-0.035994	-1.070847
4892	67.952837	00:01:07:68	-27.983447	1.658463	-1.244876	-27.982013	1.648668	-1.077840	-28.109565	1.686411	-1.151321	-28.023045	1.546799	-1.182654	-28.022133	1.548981	-1.156182	-28.127562	1.541877	-1.248324	-27.857995	1.505269	-1.106007	-28.080827	1.488801	-0.920084	-27.974948	0.752078	-1.610984	-28.030879	1.451006	-0.563839	-28.095150	-0.073785	-2.076868	-28.062885	1.424504	-0.580478	-28.104949	-0.049786	-2.068974	-28.033695	1.458115	-0.578231	-28.091462	-0.062317	-2.096063	-28.180483	0.981721	-1.204907	-28.138498	0.964878	-1.326854	-27.876385	0.980032	-1.046562	-27.821227	0.971170	-1.105483	-28.157171	0.482186	-1.240844	-27.852541	0.465542	-1.047882	-28.174714	-0.058342	-1.185487	-28.156086	-0.081821	-1.284852	-27.885172	-0.051433	-1.015395	-27.849788	-0.042198	-1.064050
4893	67.966730	00:01:07:69	-27.973803	1.653405	-1.215507	-27.961520	1.686363	-1.092521	-28.095362	1.685202	-1.169846	-27.997397	1.538833	-1.167128	-28.055371	1.570913	-1.146168	-28.116133	1.532785	-1.226563	-27.879713	1.521809	-1.098548	-28.063677	1.489644	-0.883905	-27.989303	0.762214	-1.594006	-28.001062	1.437046	-0.553932	-28.058711	-0.038935	-2.067444	-28.015484	1.420913	-0.556941	-28.079598	-0.020856	-2.035037	-28.027311	1.424844	-0.562781	-28.079521	-0.051501	-2.060183	-28.176420	0.995243	-1.217401	-28.132916	0.935325	-1.285730	-27.900115	0.968670	-1.043305	-27.841294	0.967895	-1.102827	-28.132095	0.434072	-1.232845	-27.865649	0.471813	-1.089916	-28.159907	-0.037855	-1.200373	-28.136598	-0.064165	-1.230473	-27.879250	-0.035647	-1.033036	-27.841087	-0.060156	-1.077963
4894	67.980623	00:01:07:70	-27.978279	1.616444	-1.248617	-27.987484	1.685078	-1.098589	-28.093406	1.668650	-1.179853	-28.005557	1.531118	-1.204228	-28.017401	1.544819	-1.150005	-28.109243	1.554296	-1.249445	-27.865828	1.546225	-1.092037	-28.074828	1.492917	-0.910718	-28.014292	0.742186	-1.547919	-28.045326	1.453359	-0.564361	-28.098359	-0.048116	-2.085242	-28.055217	1.446289	-0.574425	-28.105017	-0.071123	-2.030231	-28.037625	1.461511	-0.559613	-28.105756	-0.046427	-2.081429	-28.174708	0.974640	-1.249691	-28.135062	0.933073	-1.243312	-27.904014	0.971718	-1.029870	-27.849085	0.962125	-1.095842	-28.197740	0.440646	-1.252776	-27.837380	0.473905	-1.022860	-28.173503	-0.047871	-1.195964	-28.147894	-0.047133	-1.256391	-27.912427	-0.048388	-1.042825	-27.847621	-0.057049	-1.040268
4895	67.994517	00:01:07:71	-27.981274	1.648897	-1.215301	-27.962896	1.656729	-1.088031	-28.071981	1.652427	-1.163156	-28.002974	1.524289	-1.206327	-28.018102	1.532082	-1.173612	-28.146303	1.529354	-1.208708	-27.846782	1.555701	-1.103825	-28.055093	1.506477	-0.916628	-28.012796	0.730981	-1.593444	-28.035381	1.417330	-0.541065	-28.085416	-0.042220	-2.060502	-28.069865	1.432130	-0.531098	-28.109076	-0.042083	-2.045083	-28.065374	1.455478	-0.555494	-28.124276	-0.037490	-2.063419	-28.165525	0.972472	-1.232104	-28.157940	0.951231	-1.254207	-27.887321	0.957026	-1.014537	-27.852279	0.964075	-1.097081	-28.194262	0.475519	-1.261236	-27.845658	0.455563	-1.083310	-28.187050	-0.048495	-1.209213	-28.143072	-0.059419	-1.277095	-27.880767	-0.044830	-1.028598	-27.828343	-0.070470	-1.041783
4896	68.008410	00:01:08:00	-27.992572	1.641830	-1.219716	-27.972875	1.647585	-1.119877	-28.076065	1.657643	-1.134792	-28.004968	1.544544	-1.166843	-27.980104	1.564143	-1.130412	-28.105198	1.543106	-1.293796	-27.836072	1.539392	-1.112496	-28.091678	1.489011	-0.898482	-27.976032	0.738790	-1.622626	-28.023374	1.448989	-0.572366	-28.094710	-0.021537	-2.077417	-28.015790	1.436094	-0.542479	-28.112773	-0.069538	-2.041006	-28.010705	1.412780	-0.560611	-28.090217	-0.076845	-2.072463	-28.157942	0.989610	-1.213281	-28.189026	0.963479	-1.264402	-27.878163	0.970047	-1.044697	-27.880414	0.954805	-1.079498	-28.152419	0.436772	-1.233466	-27.852343	0.439849	-1.062915	-28.182085	-0.037512	-1.206507	-28.171865	-0.075556	-1.286693	-27.877100	-0.056263	-1.019012	-27.857854	-0.047619	-1.068345
4897	68.022304	00:01:08:01	-27.966767	1.652599	-1.219370	-27.975141	1.618745	-1.073391	-28.046601	1.665172	-1.167756	-27.998171	1.541671	-1.179437	-27.989537	1.541648	-1.143402	-28.118821	1.556520	-1.230809	-27.861057	1.552893	-1.107441	-28.089428	1.506118	-0.887355	-27.985848	0.754979	-1.569647	-28.065507	1.417426	-0.577593	-28.110169	-0.067501	-2.050106	-28.038589	1.413254	-0.548326	-28.086410	-0.036283	-2.038930	-28.053537	1.437534	-0.554036	-28.098372	-0.048438	-2.059820	-28.210040	0.954470	-1.224947	-28.133144	0.967463	-1.266898	-27.848506	0.987702	-1.030048	-27.831394	0.972246	-1.068417	-28.189541	0.490965	-1.251317	-27.866663	0.446995	-1.047227	-28.163163	-0.064333	-1.223745	-28.158357	-0.076399	-1.280175	-27.880843	-0.076757	-1.006423	-27.808748	-0.059132	-1.120148
4898	68.036197	00:01:08:02	-27.964627	1.623601	-1.207174	-28.004924	1.630491	-1.088408	-28.091605	1.644676	-1.159077	-28.010119	1.537720	-1.142426	-27.997140	1.586404	-1.148619	-28.119090	1.546789	-1.216530	-27.907391	1.544549	-1.079816	-28.068935	1.488125	-0.909012	-27.988187	0.758846	-1.582617	-28.018525	1.415160	-0.543392	-28.069879	-0.006044	-2.073077	-28.012000	1.455290	-0.579870	-28.092751	-0.067014	-2.037748	-28.030806	1.468954	-0.533156	-28.065954	-0.072667	-2.023840	-28.180268	0.969870	-1.218053	-28.117268	0.941214	-1.274843	-27.840279	0.958385	-1.064900	-27.845822	0.961442	-1.104612	-28.159117	0.475035	-1.222893	-27.851115	0.436096	-1.065294	-28.184394	-0.027356	-1.202920	-28.164585	-0.053996	-1.235353	-27.897942	-0.053703	-1.033483	-27.821507	-0.062049	-1.055325
4899	68.050091	00:01:08:03	-27.952484	1.635090	-1.246495	-27.976179	1.665924	-1.079659	-28.103949	1.646530	-1.139815	-28.007432	1.532230	-1.165334	-28.007597	1.546704	-1.170225	-28.131031	1.564704	-1.200886	-27.904432	1.538563	-1.097746	-28.100956	1.464703	-0.917839	-27.989845	0.747624	-1.587256	-28.026126	1.427792	-0.543608	-28.093212	-0.049735	-2.074010	-28.043160	1.444812	-0.554210	-28.107607	-0.037498	-2.077712	-28.076120	1.420424	-0.566330	-28.074356	-0.034383	-2.067576	-28.158093	0.969136	-1.225420	-28.138457	0.973467	-1.296433	-27.846944	0.989527	-1.033319	-27.846984	0.988534	-1.092737	-28.167717	0.451346	-1.236680	-27.841097	0.452320	-1.061504	-28.159181	-0.034094	-1.198421	-28.159845	-0.043809	-1.258986	-27.859802	-0.052094	-1.019532	-27.868241	-0.080036	-1.081709
4900	68.063984	00:01:08:04	-27.965262	1.617587	-1.200841	-27.974245	1.632670	-1.090015	-28.097270	1.679582	-1.157227	-27.987839	1.507019	-1.160497	-28.018963	1.567705	-1.127532	-28.099772	1.555559	-1.272815	-27.871315	1.544759	-1.077279	-28.095943	1.469110	-0.891854	-27.991643	0.747915	-1.590883	-28.020821	1.450998	-0.540830	-28.120665	-0.041692	-2.063169	-28.017862	1.445465	-0.565081	-28.097643	-0.030824	-2.060640	-28.005762	1.444615	-0.564415	-28.082918	-0.057358	-2.046201	-28.199510	0.983610	-1.219069	-28.139148	0.986478	-1.254737	-27.902970	0.945704	-1.050602	-27.847029	0.975288	-1.126673	-28.166255	0.470664	-1.255912	-27.835543	0.465277	-1.063809	-28.167828	-0.058263	-1.222622	-28.121463	-0.074058	-1.267645	-27.884238	-0.055924	-1.005788	-27.861861	-0.047250	-1.072890
4901	68.077878	00:01:08:05	-27.952508	1.630890	-1.214701	-27.967778	1.685694	-1.118480	-28.073911	1.687489	-1.159347	-27.999051	1.531072	-1.180138	-28.020606	1.504020	-1.149396	-28.110209	1.563870	-1.203301	-27.866525	1.571557	-1.099550	-28.096084	1.507138	-0.892606	-27.987713	0.763402	-1.574006	-28.045234	1.455937	-0.535429	-28.104968	-0.052905	-2.065900	-28.044094	1.435735	-0.602520	-28.081682	-0.042780	-2.056000	-28.017183	1.410855	-0.538733	-28.088677	-0.041063	-2.070922	-28.162976	0.977734	-1.193166	-28.162589	0.973495	-1.281929	-27.858551	0.981971	-1.047666	-27.821313	0.941283	-1.082238	-28.181274	0.452899	-1.231158	-27.885075	0.466011	-1.020443	-28.182637	-0.053774	-1.215056	-28.134459	-0.053296	-1.240102	-27.843652	-0.036055	-1.017926	-27.874712	-0.088192	-1.097183
4902	68.091771	00:01:08:06	-27.964374	1.626586	-1.222459	-27.982640	1.659061	-1.095256	-28.094014	1.672596	-1.133528	-27.982357	1.531525	-1.217803	-28.022151	1.510304	-1.171875	-28.109578	1.537671	-1.269941	-27.856443	1.551912	-1.081236	-28.071444	1.483641	-0.905985	-27.957699	0.763173	-1.592650	-28.032434	1.446059	-0.567362	-28.084711	-0.029331	-2.091759	-28.023829	1.405777	-0.550969	-28.089538	-0.052700	-2.028693	-28.036015	1.412581	-0.545304	-28.095533	-0.058826	-2.075727	-28.178443	0.969945	-1.224830	-28.127395	0.975175	-1.288359	-27.875556	1.006897	-1.023743	-27.846589	0.977872	-1.078489	-28.159967	0.416566	-1.257790	-27.899825	0.458859	-1.038994	-28.173581	-0.004469	-1.214765	-28.110692	-0.045368	-1.262921	-27.854224	-0.094325	-1.004720	-27.819056	-0.062758	-1.066089
4903	68.105664	00:01:08:07	-27.958170	1.617751	-1.244568	-27.990889	1.624410	-1.106920	-28.043541	1.667117	-1.170488	-28.021799	1.525078	-1.174482	-28.020361	1.540898	-1.167524	-28.125067	1.516550	-1.277737	-27.885124	1.556152	-1.114045	-28.115195	1.493419	-0.874746	-27.988416	0.756093	-1.555966	-28.038691	1.442110	-0.562723	-28.069929	-0.016151	-2.066326	-28.009683	1.440718	-0.559293	-28.103865	-0.068915	-2.042671	-28.018835	1.426510	-0.577974	-28.103655	-0.047400	-2.062308	-28.146516	0.957352	-1.218453	-28.126103	0.968472	-1.282041	-27.899450	0.965980	-1.052230	-27.858286	0.963706	-1.088564	-28.149570	0.444207	-1.259218	-27.816635	0.470593	-1.032409	-28.176602	-0.056758	-1.195750	-28.151292	-0.059228	-1.241758	-27.866002	-0.060709	-1.046927	-27.857749	-0.084167	-1.112212
4904	68.119558	00:01:08:08	-27.955642	1.631674	-1.213400	-27.975266	1.682860	-1.099809	-28.086813	1.663124	-1.140195	-27.970480	1.504318	-1.197417	-28.033534	1.529073	-1.134040	-28.128975	1.536319	-1.248257	-27.860860	1.551377	-1.079411	-28.079732	1.491716	-0.910069	-27.991785	0.740240	-1.581255	-28.056146	1.431758	-0.559158	-28.099426	-0.073227	-2.069004	-28.053798	1.432010	-0.525129	-28.075781	-0.021910	-2.050152	-28.050472	1.421451	-0.554422	-28.106596	-0.031738	-2.066938	-28.171475	0.982495	-1.223547	-28.131404	0.980676	-1.266916	-27.863265	0.941067	-1.043188	-27.854680	0.957830	-1.101474	-28.141734	0.448266	-1.271526	-27.901289	0.459936	-1.059794	-28.148172	-0.038239	-1.232646	-28.145250	-0.084154	-1.264382	-27.856768	-0.048707	-1.008564	-27.845541	-0.050997	-1.061573
4905	68.133451	00:01:08:09	-27.972629	1.654801	-1.215734	-27.976687	1.670557	-1.097991	-28.074203	1.668497	-1.209552	-27.984938	1.546310	-1.169163	-27.984448	1.556726	-1.140872	-28.121222	1.548968	-1.261309	-27.889066	1.559236	-1.081435	-28.070607	1.486280	-0.891044	-27.974151	0.739972	-1.536635	-28.011755	1.445913	-0.543427	-28.108114	-0.048246	-2.086798	-28.031215	1.444228	-0.568999	-28.125602	-0.078708	-2.065218	-28.034635	1.410835	-0.568940	-28.129917	-0.056975	-2.051882	-28.198262	0.994544	-1.213385	-28.164218	0.964446	-1.278346	-27.861033	0.974115	-1.020033	-27.838579	0.958324	-1.097253	-28.172593	0.467167	-1.258946	-27.842490	0.465639	-1.070822	-28.182778	-0.057201	-1.194898	-28.165967	-0.054485	-1.254275	-27.862478	-0.087765	-1.033551	-27.843172	-0.082588	-1.066090
4906	68.147345	00:01:08:10	-27.946192	1.700582	-1.229042	-27.956418	1.687272	-1.078015	-28.102817	1.670045	-1.177161	-28.008777	1.524476	-1.165863	-28.012713	1.560872	-1.191794	-28.123007	1.545873	-1.229523	-27.905538	1.559003	-1.097707	-28.115197	1.481832	-0.907768	-27.984279	0.752449	-1.586849	-28.054909	1.414754	-0.544938	-28.088326	-0.058551	-2.033376	-28.018955	1.432312	-0.538344	-28.091162	-0.006404	-2.040396	-28.013329	1.427913	-0.564223	-28.082260	-0.028183	-2.066476	-28.168992	0.942094	-1.234016	-28.171426	0.985860	-1.271502	-27.913985	0.985476	-1.053208	-27.835589	0.928264	-1.114351	-28.195526	0.472647	-1.217359	-27.857306	0.481726	-1.046799	-28.172912	-0.039923	-1.229988	-28.135729	-0.069573	-1.275803	-27.847655	-0.053926	-1.008059	-27.825776	-0.074070	-1.067935
4907	68.161238	00:01:08:11	-27.950521	1.655216	-1.233435	-27.987453	1.675095	-1.075914	-28.104153	1.685953	-1.188563	-28.004366	1.529512	-1.194569	-28.006362	1.553614	-1.142343	-28.089720	1.521673	-1.286430	-27.888006	1.555909	-1.085943	-28.090640	1.504731	-0.881806	-27.979640	0.774335	-1.609431	-28.025463	1.431778	-0.551943	-28.072567	-0.057022	-2.060218	-28.032206	1.445694	-0.566238	-28.077990	-0.064424	-2.065581	-28.062900	1.437156	-0.572749	-28.090795	-0.065844	-2.098743	-28.192613	0.970536	-1.234447	-28.136191	0.971023	-1.274404	-27.886045	0.982615	-1.058791	-27.840854	0.980764	-1.103087	-28.137917	0.437554	-1.257778	-27.862253	0.438074	-1.042905	-28.171966	-0.050401	-1.215649	-28.126292	-0.077905	-1.274816	-27.880501	-0.063642	-1.028362	-27.860772	-0.079328	-1.067490
4908	68.175132	00:01:08:12	-27.970812	1.636867	-1.235357	-27.989813	1.675403	-1.065150	-28.063571	1.646736	-1.155928	-27.999304	1.546767	-1.143319	-28.019487	1.552326	-1.111063	-28.114721	1.539396	-1.257668	-27.897731	1.539845	-1.105406	-28.054827	1.498299	-0.891847	-27.974167	0.776233	-1.574235	-28.037535	1.414307	-0.522865	-28.103081	-0.057218	-2.060260	-27.998107	1.446127	-0.579074	-28.100234	-0.059474	-2.077634	-28.037127	1.440018	-0.561552	-28.081608	-0.045629	-2.059263	-28.187314	0.974556	-1.246371	-28.126494	0.974186	-1.259238	-27.872204	0.964644	-1.032321	-27.871356	0.922287	-1.100639	-28.163579	0.454982	-1.251449	-27.876553	0.443262	-1.045167	-28.154684	-0.057724	-1.210737	-28.127700	-0.050249	-1.236034	-27.863192	-0.063094	-1.036190	-27.865678	-0.017156	-1.078660
4909	68.189025	00:01:08:13	-27.945787	1.621555	-1.218566	-27.980831	1.676541	-1.118720	-28.113948	1.635255	-1.142305	-27.985838	1.571294	-1.181755	-28.025062	1.505029	-1.146992	-28.102929	1.545722	-1.276440	-27.854810	1.527248	-1.096909	-28.058511	1.501709	-0.889397	-27.973651	0.762935	-1.558284	-28.026587	1.456564	-0.546734	-28.085865	-0.024362	-2.053468	-28.047674	1.447724	-0.527614	-28.111744	-0.032563	-2.044997	-28.004570	1.422135	-0.538713	-28.106272	-0.021471	-2.076037	-28.159289	0.982042	-1.215262	-28.121484	0.985063	-1.256421	-27.876593	0.979539	-1.026490	-27.842123	0.959023	-1.112499	-28.158341	0.463768	-1.216183	-27.873584	0.426297	-1.078677	-28.194859	-0.030162	-1.240613	-28.187623	-0.078083	-1.245710	-27.869971	-0.049816	-1.041950	-27.838225	-0.064075	-1.085949
4910	68.202919	00:01:08:14	-27.973680	1.650077	-1.204949	-27.993144	1.673794	-1.081252	-28.088088	1.685709	-1.140711	-28.016802	1.543595	-1.189864	-28.054283	1.543145	-1.158730	-28.136979	1.555558	-1.249223	-27.871640	1.562704	-1.083763	-28.070267	1.463988	-0.893416	-27.981705	0.770188	-1.599569	-28.020930	1.447666	-0.544232	-28.110469	-0.028850	-2.079256	-28.060390	1.454752	-0.554501	-28.058979	-0.037958	-2.041499	-28.025413	1.433134	-0.560646	-28.094676	-0.047619	-2.075174	-28.149838	0.957771	-1.240227	-28.154723	0.937029	-1.259825	-27.835980	0.978905	-1.008163	-27.832357	0.975298	-1.085126	-28.169243	0.487575	-1.232065	-27.880106	0.447525	-1.055721	-28.200098	-0.069850	-1.196494	-28.155914	-0.065266	-1.276725	-27.884546	-0.039814	-1.035567	-27.853273	-0.047470	-1.060586
4911	68.216812	00:01:08:15	-28.006667	1.663799	-1.231458	-27.994176	1.648155	-1.083064	-28.091929	1.655825	-1.168939	-28.004609	1.549933	-1.221158	-28.061504	1.550454	-1.150513	-28.083548	1.573775	-1.203758	-27.876748	1.572335	-1.113100	-28.097043	1.480668	-0.898366	-28.005486	0.752318	-1.601363	-28.031329	1.408265	-0.554258	-28.108343	-0.009573	-2.082669	-28.046022	1.439676	-0.584653	-28.083740	-0.044202	-2.082502	-28.061473	1.413026	-0.539312	-28.107928	-0.064400	-2.088798	-28.164352	0.979831	-1.192235	-28.157736	0.958421	-1.275346	-27.842744	0.988365	-1.055736	-27.841215	0.974428	-1.106151	-28.156168	0.460284	-1.252002	-27.866093	0.476985	-1.091800	-28.193984	-0.095864	-1.192917	-28.128324	-0.077026	-1.284830	-27.896118	-0.075789	-1.025892	-27.809065	-0.037165	-1.089649
4912	68.230705	00:01:08:16	-27.958358	1.638615	-1.235469	-27.956996	1.677816	-1.088452	-28.067779	1.669299	-1.190621	-27.997113	1.545735	-1.187791	-27.996407	1.592722	-1.156446	-28.116559	1.509240	-1.234077	-27.884688	1.574739	-1.106571	-28.059804	1.481573	-0.895143	-27.991398	0.743730	-1.585410	-28.048535	1.460313	-0.572369	-28.084995	-0.061916	-2.076023	-28.039988	1.440763	-0.556051	-28.082804	-0.074012	-2.080206	-28.023868	1.430554	-0.585843	-28.070477	-0.062426	-2.045095	-28.215714	0.967940	-1.239594	-28.164319	0.955584	-1.266612	-27.825640	1.006973	-1.011261	-27.855057	0.976721	-1.121021	-28.142235	0.459175	-1.225974	-27.858959	0.459983	-1.069055	-28.148331	-0.030451	-1.208859	-28.150858	-0.018714	-1.244604	-27.878506	-0.071221	-1.029506	-27.850652	-0.075681	-1.077082
4913	68.244599	00:01:08:17	-27.955966	1.649740	-1.252293	-27.977876	1.626496	-1.098283	-28.065268	1.679854	-1.167978	-28.009362	1.557395	-1.147012	-28.004802	1.548744	-1.133976	-28.103889	1.545131	-1.291477	-27.891562	1.554751	-1.092424	-28.088785	1.494228	-0.890384	-27.954675	0.736017	-1.572016	-28.060511	1.445930	-0.579901	-28.100595	-0.025544	-2.092991	-28.026483	1.402155	-0.552525	-28.119115	-0.049907	-2.072547	-28.038408	1.439467	-0.563637	-28.087847	-0.049484	-2.067830	-28.183994	0.965386	-1.272634	-28.158887	0.984767	-1.290662	-27.863128	0.954734	-1.058180	-27.831090	0.969273	-1.088593	-28.165480	0.424857	-1.236662	-27.853915	0.457847	-1.031704	-28.171540	-0.030501	-1.201454	-28.105821	-0.095546	-1.268129	-27.882437	-0.081430	-0.995582	-27.826009	-0.077432	-1.068219
4914	68.258492	00:01:08:18	-27.972933	1.671611	-1.214964	-27.993369	1.671581	-1.096223	-28.100546	1.640941	-1.184278	-28.004224	1.554094	-1.182839	-28.020289	1.566718	-1.140205	-28.130986	1.535551	-1.256323	-27.848205	1.537353	-1.113971	-28.071488	1.502800	-0.891035	-27.984310	0.720209	-1.580370	-28.044815	1.429990	-0.559944	-28.096113	-0.040972	-2.039903	-28.015933	1.409306	-0.526519	-28.113712	-0.062966	-2.077150	-28.050076	1.443135	-0.556083	-28.113905	-0.053477	-2.066512	-28.169764	0.957339	-1.238720	-28.146869	0.985221	-1.298399	-27.856992	0.980960	-1.069467	-27.857624	0.982144	-1.095030	-28.144623	0.462723	-1.224036	-27.844021	0.465007	-1.062551	-28.207018	-0.073914	-1.180044	-28.099550	-0.039842	-1.259820	-27.863712	-0.048953	-1.008330	-27.809526	-0.053234	-1.094389
4915	68.272386	00:01:08:19	-27.963945	1.642900	-1.210037	-27.971533	1.660384	-1.106695	-28.088030	1.634792	-1.179120	-28.031020	1.576828	-1.165658	-28.018042	1.552051	-1.151834	-28.098959	1.527051	-1.256077	-27.883612	1.552340	-1.102557	-28.083050	1.468158	-0.884535	-27.996324	0.750402	-1.566957	-28.048961	1.406936	-0.549693	-28.055100	-0.038902	-2.031995	-28.004260	1.418059	-0.566940	-28.077085	-0.058626	-2.065788	-28.027051	1.427498	-0.559843	-28.059811	-0.044022	-2.091465	-28.129868	0.949714	-1.226211	-28.131678	1.008827	-1.287328	-27.880067	0.977215	-1.039322	-27.845920	0.931595	-1.113178	-28.140780	0.466090	-1.228071	-27.822637	0.449141	-1.043886	-28.167657	-0.033837	-1.200707	-28.158805	-0.082628	-1.253612	-27.830044	-0.093393	-1.022423	-27.846887	-0.057613	-1.097815
4916	68.286279	00:01:08:20	-27.962423	1.651209	-1.248729	-27.969503	1.674242	-1.108300	-28.056352	1.618244	-1.184622	-27.998529	1.521360	-1.177703	-28.021464	1.579982	-1.152537	-28.112158	1.534794	-1.268082	-27.842114	1.514607	-1.091416	-28.058650	1.492888	-0.934922	-27.958556	0.737005	-1.587424	-28.045574	1.427920	-0.547141	-28.104959	-0.066848	-2.071356	-28.064916	1.435019	-0.537177	-28.088384	-0.034360	-2.050693	-28.050117	1.417539	-0.551349	-28.095970	-0.033877	-2.076635	-28.171107	0.985313	-1.213574	-28.151121	0.957488	-1.265312	-27.891019	0.967342	-1.043469	-27.865312	0.969276	-1.068359	-28.157076	0.438075	-1.237918	-27.871495	0.465615	-1.067288	-28.196070	-0.029556	-1.206482	-28.126872	-0.072384	-1.239551	-27.904956	-0.049871	-0.999420	-27.835509	-0.062944	-1.043090
4917	68.300173	00:01:08:21	-27.980163	1.640741	-1.215963	-28.004355	1.693916	-1.105107	-28.110669	1.651557	-1.174031	-28.012518	1.604677	-1.200506	-28.048215	1.570948	-1.141608	-28.113016	1.539654	-1.254982	-27.879454	1.530452	-1.082996	-28.052220	1.459202	-0.922552	-28.006906	0.739592	-1.571777	-28.041754	1.462138	-0.549490	-28.098299	-0.044747	-2.055919	-28.020146	1.450184	-0.542838	-28.080109	-0.045407	-2.069741	-28.024367	1.428251	-0.524647	-28.100387	-0.055965	-2.084779	-28.176160	0.942860	-1.239286	-28.170505	0.960346	-1.318306	-27.850019	0.932560	-1.023738	-27.847771	0.936392	-1.098201	-28.165819	0.464122	-1.254788	-27.880940	0.449459	-1.078970	-28.179277	-0.036383	-1.197692	-28.138067	-0.053888	-1.245766	-27.870245	-0.027353	-1.042189	-27.833855	-0.045091	-1.087873
4918	68.314066	00:01:08:22	-27.959819	1.608404	-1.217194	-27.974037	1.621051	-1.093614	-28.052272	1.685211	-1.167438	-27.974663	1.532677	-1.158609	-28.028424	1.520285	-1.125233	-28.120801	1.538922	-1.263765	-27.893477	1.534437	-1.090648	-28.090038	1.459802	-0.912669	-27.974948	0.724871	-1.560988	-28.049681	1.439192	-0.545927	-28.093186	-0.047655	-2.028958	-28.043064	1.451105	-0.551071	-28.106113	-0.038188	-2.063738	-28.014411	1.453303	-0.575776	-28.113584	-0.065047	-2.083800	-28.153706	0.994993	-1.221046	-28.139795	0.939408	-1.274933	-27.907819	0.982053	-1.036010	-27.833200	0.948479	-1.084764	-28.117003	0.473456	-1.271090	-27.834819	0.441359	-1.045861	-28.200660	-0.062568	-1.191135	-28.183222	-0.053136	-1.263010	-27.870065	-0.069605	-1.037899	-27.851491	-0.029832	-1.075862
4919	68.327960	00:01:08:23	-27.988751	1.663646	-1.217186	-27.949843	1.680090	-1.093961	-28.090921	1.681634	-1.133258	-28.000280	1.550399	-1.189481	-27.998900	1.565231	-1.146406	-28.115511	1.524200	-1.270201	-27.906309	1.569272	-1.069410	-28.081255	1.491760	-0.895443	-27.990819	0.745766	-1.598957	-28.000818	1.423238	-0.562769	-28.101472	-0.046808	-2.068532	-28.027936	1.427220	-0.544982	-28.080957	-0.024860	-2.058585	-28.040783	1.453658	-0.560969	-28.099586	-0.088365	-2.090264	-28.165330	0.990946	-1.229135	-28.137965	0.951049	-1.273865	-27.855096	0.944009	-1.044424	-27.855711	0.939477	-1.088523	-28.162990	0.447505	-1.252345	-27.847376	0.449244	-1.029124	-28.176340	-0.073107	-1.232017	-28.124582	-0.058283	-1.296742	-27.896287	-0.084816	-1.020641	-27.814454	-0.069909	-1.061171
4920	68.341853	00:01:08:24	-27.974811	1.664390	-1.218701	-27.984068	1.681018	-1.075598	-28.071641	1.671955	-1.173229	-27.996786	1.560083	-1.149807	-28.028356	1.556464	-1.145027	-28.135423	1.538289	-1.235050	-27.906063	1.527244	-1.086560	-28.080064	1.469296	-0.891982	-27.978564	0.739228	-1.581997	-28.057378	1.435062	-0.560226	-28.072441	-0.057308	-2.076660	-28.003350	1.482666	-0.570184	-28.100751	-0.042574	-2.103495	-28.012150	1.451444	-0.574392	-28.116686	-0.044368	-2.053309	-28.165196	0.966465	-1.238659	-28.158209	0.943628	-1.266746	-27.878621	0.944363	-1.050215	-27.862680	0.921931	-1.058662	-28.121189	0.493193	-1.250660	-27.815813	0.452114	-1.032190	-28.168685	-0.074446	-1.214167	-28.150320	-0.076282	-1.264309	-27.898419	-0.019933	-1.046269	-27.823872	-0.096303	-1.079020
4921	68.355746	00:01:08:25	-27.948084	1.625023	-1.276359	-27.943753	1.679025	-1.075829	-28.071532	1.646149	-1.158814	-27.964969	1.517991	-1.183202	-28.043754	1.530129	-1.146489	-28.133114	1.529365	-1.216497	-27.882331	1.588079	-1.074045	-28.083563	1.490120	-0.906861	-27.957848	0.743017	-1.561271	-28.033427	1.424125	-0.581115	-28.089893	-0.072084	-2.073428	-28.039260	1.472294	-0.528263	-28.080337	-0.029757	-2.031824	-28.048005	1.439108	-0.550953	-28.073751	-0.054362	-2.043916	-28.198230	0.971705	-1.213136	-28.164180	0.952112	-1.291227	-27.875510	1.015517	-1.045726	-27.850756	0.964211	-1.087319	-28.128347	0.457702	-1.273385	-27.858450	0.436028	-1.046008	-28.179752	-0.024642	-1.229654	-28.136681	-0.064263	-1.278376	-27.871140	-0.058723	-0.998236	-27.868638	-0.087541	-1.041978
4922	68.369640	00:01:08:26	-27.974839	1.657573	-1.235967	-27.980267	1.682240	-1.090005	-28.106540	1.638971	-1.162247	-28.010843	1.555720	-1.191823	-28.050473	1.557388	-1.133075	-28.108305	1.566989	-1.260949	-27.889509	1.522623	-1.091942	-28.065982	1.471433	-0.955949	-27.945560	0.768231	-1.573556	-28.033253	1.422313	-0.562139	-28.116333	-0.040285	-2.081679	-28.054966	1.420703	-0.531788	-28.109425	-0.074366	-2.073065	-28.036245	1.453949	-0.551060	-28.079527	-0.048349	-2.076606	-28.196080	0.948576	-1.239035	-28.140357	0.964488	-1.259066	-27.867761	0.949236	-1.071066	-27.843066	0.959623	-1.108653	-28.147354	0.434825	-1.269128	-27.865009	0.482273	-1.029888	-28.156838	-0.043245	-1.215319	-28.141778	-0.076068	-1.266948	-27.877048	-0.036161	-0.992543	-27.855022	-0.066925	-1.080693
4923	68.383533	00:01:08:27	-27.952213	1.620371	-1.218208	-27.978041	1.639849	-1.116455	-28.088416	1.659666	-1.148568	-28.006657	1.546108	-1.184945	-28.037490	1.541021	-1.140913	-28.119004	1.539300	-1.264728	-27.856222	1.541007	-1.089454	-28.055247	1.501250	-0.871208	-28.017170	0.720765	-1.586666	-28.046016	1.443519	-0.548113	-28.077554	-0.033907	-2.072004	-28.007411	1.416576	-0.562928	-28.097276	-0.021033	-2.050800	-28.059504	1.445225	-0.534558	-28.066788	-0.046089	-2.061881	-28.174640	0.978407	-1.249625	-28.132081	0.937910	-1.275056	-27.867353	0.948667	-1.049900	-27.848745	0.958545	-1.104217	-28.177081	0.440432	-1.254084	-27.874836	0.447722	-1.038098	-28.174094	-0.068884	-1.217988	-28.140653	-0.071053	-1.268861	-27.861994	-0.086599	-1.015014	-27.876141	-0.088787	-1.071019
4924	68.397427	00:01:08:28	-27.958129	1.630379	-1.231844	-27.927761	1.660912	-1.091710	-28.089375	1.668584	-1.155150	-27.984560	1.545658	-1.201280	-28.010250	1.536403	-1.147269	-28.120218	1.543559	-1.253555	-27.877555	1.545008	-1.109686	-28.066747	1.473731	-0.904297	-27.985229	0.744184	-1.595039	-28.032105	1.437425	-0.564013	-28.126580	-0.059884	-2.048181	-28.042930	1.418835	-0.558651	-28.093392	-0.010102	-2.082926	-28.037081	1.406115	-0.552050	-28.071688	-0.048229	-2.069231	-28.226593	0.948041	-1.211590	-28.155775	0.991670	-1.274821	-27.869308	0.973894	-1.030146	-27.825640	0.996703	-1.105742	-28.156144	0.446078	-1.261069	-27.848196	0.467514	-1.091326	-28.185579	-0.068532	-1.203261	-28.134295	-0.074361	-1.226864	-27.854267	-0.037316	-1.007453	-27.846280	-0.078171	-1.080034
4925	68.411320	00:01:08:29	-27.932137	1.660408	-1.231793	-27.975741	1.689263	-1.102799	-28.074437	1.671741	-1.165923	-27.998910	1.545112	-1.168148	-28.028753	1.556765	-1.135462	-28.129136	1.534787	-1.255440	-27.883234	1.546731	-1.054527	-28.083546	1.482851	-0.948240	-27.985562	0.755057	-1.578214	-28.049974	1.403915	-0.580864	-28.085316	-0.049551	-2.032329	-28.050360	1.435436	-0.525489	-28.112728	-0.027894	-2.045942	-28.023267	1.418999	-0.563263	-28.076933	-0.054527	-2.046761	-28.167861	0.954459	-1.223411	-28.137263	0.960660	-1.292746	-27.861563	0.970798	-1.023942	-27.846454	0.947109	-1.063640	-28.166249	0.435510	-1.270204	-27.883381	0.434355	-1.046591	-28.140063	-0.074621	-1.229512	-28.156724	-0.057990	-1.244256	-27.855906	-0.071611	-0.993230	-27.850828	-0.034494	-1.070619
4926	68.425214	00:01:08:30	-27.967625	1.611198	-1.246429	-27.987597	1.712449	-1.095782	-28.085367	1.676419	-1.135893	-27.985447	1.534504	-1.158810	-28.008688	1.559161	-1.150252	-28.109526	1.509336	-1.241844	-27.871327	1.523130	-1.111191	-28.061870	1.507654	-0.887314	-27.993615	0.768325	-1.559467	-28.042994	1.440724	-0.564364	-28.116555	-0.057966	-2.065447	-28.033950	1.429903	-0.569837	-28.126761	-0.050983	-2.058233	-28.022681	1.425632	-0.569489	-28.053961	-0.051160	-2.049197	-28.178609	0.974982	-1.245554	-28.119386	0.971950	-1.266459	-27.878760	0.968394	-1.044049	-27.830021	0.949440	-1.078362	-28.149314	0.454909	-1.252167	-27.873870	0.470238	-1.064475	-28.192271	-0.046038	-1.184326	-28.169657	-0.085210	-1.234272	-27.850806	-0.049417	-1.002434	-27.834116	-0.070082	-1.055320
4927	68.439107	00:01:08:31	-27.961987	1.622892	-1.245954	-27.950914	1.631720	-1.105825	-28.085675	1.658300	-1.118651	-27.981437	1.530283	-1.146896	-28.023145	1.533478	-1.145392	-28.136771	1.544613	-1.252993	-27.874509	1.517954	-1.101754	-28.115275	1.462462	-0.912333	-27.987769	0.725400	-1.587507	-28.048073	1.433798	-0.571298	-28.078920	-0.069374	-2.086243	-28.044637	1.409134	-0.546364	-28.072654	-0.056237	-2.074247	-28.035825	1.448236	-0.553395	-28.086988	-0.054696	-2.065565	-28.195244	0.966832	-1.234563	-28.136858	0.948398	-1.279462	-27.849867	0.963709	-1.037985	-27.828454	0.966041	-1.089030	-28.131434	0.478968	-1.242055	-27.844788	0.468184	-1.038350	-28.165712	-0.041978	-1.213338	-28.141382	-0.085586	-1.304998	-27.889605	-0.053871	-1.039690	-27.822134	-0.045627	-1.087600
4928	68.453001	00:01:08:32	-27.948903	1.622688	-1.197027	-27.979843	1.642040	-1.084000	-28.054862	1.667826	-1.172312	-27.965798	1.513170	-1.178734	-28.021206	1.536795	-1.124777	-28.123056	1.578223	-1.244795	-27.851617	1.536706	-1.113524	-28.052466	1.479738	-0.884924	-27.996705	0.721232	-1.585704	-28.015454	1.446685	-0.547866	-28.080416	-0.025307	-2.106700	-28.034095	1.418180	-0.577266	-28.107637	-0.060686	-2.057309	-28.024935	1.426060	-0.540453	-28.110943	-0.049679	-2.072879	-28.170911	0.979368	-1.183155	-28.110685	0.966249	-1.262629	-27.829240	0.959991	-1.029908	-27.834601	0.944955	-1.078894	-28.142079	0.438492	-1.228234	-27.840462	0.448987	-1.060048	-28.169188	-0.045740	-1.201548	-28.166176	-0.085440	-1.267624	-27.869165	-0.058171	-1.036987	-27.862361	-0.049809	-1.068726
4929	68.466894	00:01:08:33	-27.975693	1.629915	-1.219330	-27.988769	1.644962	-1.119649	-28.094149	1.661491	-1.161904	-27.984127	1.542932	-1.197767	-28.013553	1.561075	-1.126892	-28.108136	1.507925	-1.263049	-27.860563	1.558587	-1.086517	-28.107212	1.499910	-0.882664	-28.040514	0.767924	-1.570546	-28.028906	1.404427	-0.581075	-28.111331	-0.016757	-2.062722	-28.051598	1.441388	-0.576277	-28.096802	-0.047707	-2.086547	-28.034520	1.443032	-0.545567	-28.097925	-0.043645	-2.065031	-28.179286	1.013087	-1.271044	-28.110380	0.926103	-1.293339	-27.862887	0.964193	-1.068210	-27.846270	0.945145	-1.097914	-28.161556	0.449311	-1.255334	-27.851230	0.467745	-1.042250	-28.167357	-0.082364	-1.195889	-28.149618	-0.018080	-1.240066	-27.866544	-0.038261	-1.015631	-27.843727	-0.063120	-1.088831
4930	68.480787	00:01:08:34	-27.960802	1.645297	-1.214433	-27.947270	1.650931	-1.060114	-28.060742	1.661654	-1.133842	-27.994647	1.521663	-1.201617	-28.021368	1.535945	-1.126860	-28.117268	1.537567	-1.247322	-27.871088	1.538130	-1.106691	-28.099183	1.484690	-0.903750	-27.986051	0.742818	-1.586953	-27.999680	1.418410	-0.533608	-28.077371	-0.066587	-2.069799	-28.031169	1.422288	-0.581122	-28.067666	-0.069762	-2.035235	-28.008581	1.451468	-0.522047	-28.094137	-0.032526	-2.076414	-28.185669	0.985787	-1.243019	-28.143370	0.965905	-1.312325	-27.888315	0.930423	-1.068487	-27.838740	0.961032	-1.082820	-28.188067	0.449142	-1.261502	-27.874187	0.462529	-1.019604	-28.168852	-0.055755	-1.234483	-28.158338	-0.076115	-1.268636	-27.851014	-0.071241	-1.027969	-27.849120	-0.042820	-1.053045
4931	68.494681	00:01:08:35	-27.915046	1.662971	-1.236274	-27.966987	1.654386	-1.085092	-28.071283	1.677203	-1.186946	-28.009382	1.546020	-1.185744	-28.000544	1.524825	-1.133891	-28.122774	1.530272	-1.248975	-27.847276	1.542249	-1.087305	-28.049794	1.467129	-0.899171	-27.982698	0.743155	-1.582543	-28.030199	1.428405	-0.574648	-28.097283	-0.032366	-2.054973	-28.030360	1.439572	-0.526333	-28.087100	-0.048443	-2.047072	-28.031871	1.426068	-0.575920	-28.115930	-0.056267	-2.039748	-28.154806	0.966092	-1.237731	-28.124850	0.976375	-1.281242	-27.901103	0.931461	-1.012793	-27.814494	0.977763	-1.070618	-28.174985	0.483960	-1.264989	-27.858997	0.445280	-1.071405	-28.198254	-0.035261	-1.238313	-28.124155	-0.035206	-1.254277	-27.843957	-0.077388	-1.025429	-27.836864	-0.039325	-1.080886
4932	68.508574	00:01:08:36	-27.966698	1.624444	-1.244676	-27.995036	1.686406	-1.117735	-28.072174	1.659589	-1.199739	-28.006851	1.533952	-1.178493	-28.018366	1.536902	-1.172873	-28.136318	1.524031	-1.272196	-27.876645	1.557303	-1.093164	-28.092710	1.513468	-0.892479	-27.974886	0.770857	-1.597530	-28.020193	1.431333	-0.577779	-28.079075	-0.058663	-2.079459	-28.071658	1.457270	-0.544713	-28.106651	-0.054848	-2.098308	-28.046463	1.465902	-0.576810	-28.095947	-0.052500	-2.088840	-28.201983	0.953632	-1.230515	-28.128103	0.961704	-1.294375	-27.876813	0.965629	-1.073522	-27.886083	0.953756	-1.113897	-28.158341	0.483448	-1.232399	-27.860782	0.475078	-1.051453	-28.171278	-0.048070	-1.184258	-28.135880	-0.080460	-1.255226	-27.865499	-0.046889	-1.022183	-27.827971	-0.075769	-1.055653
4933	68.522468	00:01:08:37	-27.960840	1.652580	-1.263679	-27.961348	1.646580	-1.119527	-28.083288	1.645064	-1.173172	-27.985901	1.565358	-1.143628	-28.057030	1.524559	-1.133840	-28.138799	1.552577	-1.271282	-27.880479	1.555930	-1.095503	-28.111818	1.511575	-0.900744	-27.972136	0.750165	-1.577812	-28.051318	1.432009	-0.585161	-28.063223	-0.076005	-2.079530	-28.061785	1.442237	-0.539505	-28.124699	-0.030611	-2.065373	-28.010581	1.437900	-0.574098	-28.088495	-0.061571	-2.046694	-28.184109	0.973208	-1.211330	-28.133841	0.944502	-1.268534	-27.880073	0.966028	-1.059723	-27.819219	0.985526	-1.092079	-28.136480	0.458884	-1.284272	-27.867052	0.444178	-1.054104	-28.180282	-0.010635	-1.231710	-28.155951	-0.068298	-1.255261	-27.891815	-0.032246	-1.036588	-27.827307	-0.028013	-1.077749
4934	68.536361	00:01:08:38	-27.957510	1.628503	-1.240849	-27.988330	1.638901	-1.091863	-28.050515	1.622081	-1.157290	-27.974483	1.533523	-1.160857	-27.993148	1.554132	-1.128422	-28.109807	1.540892	-1.254201	-27.873461	1.525117	-1.122525	-28.060963	1.514154	-0.907286	-27.961589	0.734166	-1.576532	-28.018580	1.424099	-0.556848	-28.091626	-0.045287	-2.051071	-28.006459	1.446237	-0.557767	-28.132988	-0.031579	-2.055473	-28.003568	1.430225	-0.546892	-28.065730	-0.056445	-2.051181	-28.167301	0.945015	-1.224836	-28.136585	0.960969	-1.274982	-27.898479	0.956909	-1.022638	-27.895422	0.955366	-1.061431	-28.171888	0.482928	-1.272368	-27.874115	0.450739	-1.059528	-28.166935	-0.083504	-1.206166	-28.113600	-0.067360	-1.257820	-27.871283	-0.087628	-1.016682	-27.836217	-0.036305	-1.078977
4935	68.550255	00:01:08:39	-27.951129	1.638740	-1.243355	-27.977078	1.685126	-1.078037	-28.048988	1.648122	-1.148117	-28.013451	1.569790	-1.190034	-28.045228	1.555652	-1.142616	-28.101213	1.535144	-1.240089	-27.867034	1.539366	-1.098287	-28.077960	1.506626	-0.891831	-27.986159	0.776947	-1.578372	-28.007234	1.434112	-0.556467	-28.104591	-0.036287	-2.102683	-28.025348	1.423342	-0.546997	-28.116473	-0.056892	-2.043226	-28.023444	1.457386	-0.511988	-28.071327	-0.063407	-2.026647	-28.170409	0.947434	-1.230701	-28.150638	0.932527	-1.307434	-27.835250	0.968643	-1.037525	-27.846104	0.962414	-1.077406	-28.171924	0.424669	-1.275384	-27.840996	0.487806	-1.050300	-28.173343	-0.017667	-1.208174	-28.153499	-0.052783	-1.228156	-27.892524	-0.044829	-1.008430	-27.864159	-0.034758	-1.093800
4936	68.564148	00:01:08:40	-27.960731	1.651129	-1.223925	-27.998141	1.662886	-1.097993	-28.071180	1.690285	-1.131093	-27.981865	1.509638	-1.188293	-28.012330	1.540031	-1.127609	-28.121447	1.563952	-1.235348	-27.872553	1.537238	-1.116655	-28.095689	1.518028	-0.915232	-28.020856	0.749154	-1.581348	-28.009579	1.442131	-0.561543	-28.071463	-0.044355	-2.084406	-28.032360	1.448370	-0.535056	-28.061880	-0.033763	-2.082549	-28.040251	1.447855	-0.553595	-28.129227	-0.026503	-2.054783	-28.191006	0.986420	-1.238211	-28.149330	0.942462	-1.290758	-27.890153	0.987789	-1.050647	-27.842678	0.971971	-1.109254	-28.160684	0.462546	-1.252155	-27.851376	0.459029	-1.039364	-28.199405	-0.082302	-1.205963	-28.131445	-0.038814	-1.261517	-27.858034	-0.027262	-0.998416	-27.853710	-0.084754	-1.086814
4937	68.578042	00:01:08:41	-27.980629	1.666553	-1.197899	-27.967452	1.674191	-1.044175	-28.086734	1.690444	-1.155762	-27.991434	1.547715	-1.186819	-28.038980	1.558025	-1.142007	-28.120448	1.529704	-1.252116	-27.875994	1.530741	-1.137198	-28.123404	1.480280	-0.935289	-27.978362	0.754691	-1.561086	-28.004964	1.424807	-0.547706	-28.085009	-0.017847	-2.033489	-28.000201	1.421983	-0.579694	-28.097879	-0.058770	-2.065350	-28.070806	1.442597	-0.541605	-28.076483	-0.057396	-2.050572	-28.172694	0.956835	-1.195447	-28.129981	0.973459	-1.313320	-27.894420	1.001158	-1.025818	-27.834779	0.977630	-1.062133	-28.137100	0.445107	-1.259844	-27.829233	0.457116	-1.039375	-28.154420	-0.041497	-1.201379	-28.148833	-0.085725	-1.271687	-27.883506	-0.045306	-1.031223	-27.841543	-0.057880	-1.057875
4938	68.591935	00:01:08:42	-27.943980	1.648319	-1.233235	-27.971603	1.687540	-1.082114	-28.077751	1.652907	-1.142999	-28.000295	1.537000	-1.182012	-28.016127	1.568688	-1.128608	-28.116215	1.520965	-1.262900	-27.877163	1.544281	-1.107689	-28.055040	1.486087	-0.924929	-27.999253	0.758978	-1.570516	-28.045762	1.421219	-0.575085	-28.069074	-0.025180	-2.074630	-28.038874	1.442965	-0.582711	-28.079836	-0.050588	-2.086432	-28.033418	1.394780	-0.563005	-28.101975	-0.064467	-2.034237	-28.160585	0.966356	-1.230930	-28.158871	0.949843	-1.245537	-27.880620	0.982187	-1.042978	-27.838464	0.967398	-1.103124	-28.159128	0.456190	-1.256523	-27.840546	0.443450	-1.057295	-28.162711	-0.060529	-1.220307	-28.099253	-0.052672	-1.249311	-27.857324	-0.062394	-1.013191	-27.849384	-0.042839	-1.056612
4939	68.605828	00:01:08:43	-27.956505	1.648531	-1.251965	-27.985842	1.680946	-1.119566	-28.069176	1.655426	-1.186234	-27.988906	1.521294	-1.175294	-28.011241	1.485346	-1.158631	-28.134893	1.590434	-1.229536	-27.884515	1.565981	-1.099669	-28.069908	1.476120	-0.894433	-27.998439	0.750960	-1.551302	-28.048690	1.429839	-0.548322	-28.104674	-0.059264	-2.048764	-28.044172	1.402527	-0.532648	-28.085668	-0.046403	-2.038765	-28.016848	1.434638	-0.540218	-28.092640	-0.034764	-2.046775	-28.164915	0.964166	-1.236470	-28.150132	0.974341	-1.291295	-27.902727	0.972410	-1.048197	-27.854687	0.956598	-1.087640	-28.161150	0.418195	-1.267625	-27.842252	0.443574	-1.053546	-28.188681	-0.079043	-1.213877	-28.130512	-0.051069	-1.278023	-27.869659	-0.060696	-1.030023	-27.840048	-0.071780	-1.083785
4940	68.619722	00:01:08:44	-27.977015	1.659560	-1.201115	-27.984003	1.650011	-1.086085	-28.073266	1.691371	-1.192883	-27.983367	1.517891	-1.206298	-27.992936	1.533316	-1.151277	-28.143067	1.556237	-1.241921	-27.860125	1.575948	-1.096778	-28.047881	1.470811	-0.867612	-27.988127	0.731785	-1.587513	-28.052616	1.418678	-0.553787	-28.105180	-0.039343	-2.053305	-28.028050	1.430331	-0.558261	-28.094321	-0.042782	-2.026353	-28.052849	1.443444	-0.566438	-28.092644	-0.056708	-2.089513	-28.184308	0.954466	-1.246457	-28.102553	0.961074	-1.276552	-27.858839	0.959504	-1.001714	-27.853879	0.951982	-1.081009	-28.133778	0.458550	-1.262725	-27.863540	0.469115	-1.025134	-28.171544	-0.051617	-1.216691	-28.164340	-0.082306	-1.249105	-27.854574	-0.066927	-0.985048	-27.843790	-0.062842	-1.063523
4941	68.633615	00:01:08:45	-27.977838	1.612578	-1.210543	-28.011290	1.641813	-1.097549	-28.072123	1.671228	-1.142291	-28.008036	1.530526	-1.192712	-28.000070	1.543426	-1.166613	-28.097220	1.559719	-1.270525	-27.861839	1.527278	-1.105177	-28.105359	1.494811	-0.909542	-27.979818	0.757712	-1.541402	-28.031269	1.419279	-0.566014	-28.119016	-0.056087	-2.050091	-28.044133	1.420886	-0.550748	-28.091012	-0.040266	-2.049758	-28.040209	1.446478	-0.557673	-28.076499	-0.068151	-2.041579	-28.165593	0.988891	-1.237986	-28.136009	0.953304	-1.296121	-27.875311	0.951628	-1.062845	-27.852175	0.973208	-1.093607	-28.137246	0.447739	-1.248574	-27.873171	0.461234	-1.041253	-28.167712	-0.060233	-1.207855	-28.157575	-0.048291	-1.253692	-27.872192	-0.050138	-1.012912	-27.869471	-0.069448	-1.103138
4942	68.647509	00:01:08:46	-27.951903	1.617728	-1.194926	-27.998569	1.628201	-1.114290	-28.053492	1.629391	-1.175266	-27.990657	1.550785	-1.180138	-27.998445	1.521874	-1.140320	-28.118762	1.553087	-1.303647	-27.883537	1.517179	-1.104697	-28.089255	1.486179	-0.916374	-27.982047	0.733224	-1.555072	-28.008042	1.456902	-0.540207	-28.117232	-0.074015	-2.070438	-28.021730	1.449544	-0.599486	-28.100911	-0.041799	-2.063674	-28.009316	1.408801	-0.558052	-28.076521	-0.047818	-2.069753	-28.170639	0.969817	-1.238223	-28.128914	0.995106	-1.277017	-27.843753	0.963953	-1.039804	-27.833907	0.980182	-1.101054	-28.143546	0.472069	-1.249240	-27.843653	0.458733	-1.029775	-28.210232	-0.033256	-1.253117	-28.174674	-0.046394	-1.272660	-27.869601	-0.059077	-1.021922	-27.842368	-0.054701	-1.080042
4943	68.661402	00:01:08:47	-27.991084	1.648105	-1.251270	-27.973246	1.676371	-1.113124	-28.092108	1.631767	-1.112798	-27.998477	1.526682	-1.174665	-28.033111	1.544778	-1.138771	-28.169018	1.539466	-1.243078	-27.872070	1.533938	-1.102822	-28.072675	1.460954	-0.925006	-28.025752	0.768857	-1.587078	-28.022186	1.432086	-0.517900	-28.109857	-0.053079	-2.057373	-28.040221	1.428759	-0.563254	-28.099155	-0.032652	-2.051387	-28.007712	1.433943	-0.543157	-28.101481	-0.025460	-2.062604	-28.175329	1.007401	-1.250689	-28.154901	0.997015	-1.241886	-27.840766	0.962052	-1.082336	-27.852871	0.983525	-1.084941	-28.154064	0.476266	-1.268652	-27.864117	0.450482	-1.062302	-28.167958	-0.055865	-1.223408	-28.132443	-0.095167	-1.208361	-27.882122	-0.062594	-1.031652	-27.856498	-0.066645	-1.055173
4944	68.675296	00:01:08:48	-27.951177	1.599681	-1.228864	-27.975963	1.645088	-1.089070	-28.070536	1.668872	-1.147825	-27.986527	1.565147	-1.197735	-27.999075	1.520100	-1.162712	-28.094441	1.557905	-1.237705	-27.881087	1.553387	-1.111663	-28.064873	1.512274	-0.910930	-27.972927	0.722473	-1.582138	-28.067037	1.425388	-0.527774	-28.068563	-0.047798	-2.068988	-28.044080	1.438262	-0.562330	-28.090379	-0.036813	-2.047282	-28.030608	1.426887	-0.543522	-28.130776	-0.035814	-2.090100	-28.158193	0.958059	-1.228882	-28.139101	0.944562	-1.270592	-27.889460	0.964821	-0.992379	-27.846055	0.938367	-1.087166	-28.141015	0.461908	-1.241651	-27.831149	0.452554	-1.048792	-28.213946	-0.065704	-1.215851	-28.131114	-0.060894	-1.270662	-27.890990	-0.031702	-1.033912	-27.840305	-0.039995	-1.048488
4945	68.689189	00:01:08:49	-27.998903	1.642864	-1.244556	-27.973400	1.689448	-1.100049	-28.081799	1.669287	-1.179295	-28.000289	1.558645	-1.196049	-28.024152	1.563867	-1.152712	-28.114351	1.542060	-1.278170	-27.893477	1.578629	-1.095822	-28.091359	1.491973	-0.903454	-27.981819	0.721305	-1.571966	-27.994719	1.413212	-0.558877	-28.073871	-0.055933	-2.069294	-28.005806	1.425413	-0.549174	-28.090462	-0.050810	-2.084685	-28.025529	1.441647	-0.570700	-28.078692	-0.035214	-2.067880	-28.152743	1.001663	-1.230740	-28.171166	0.958232	-1.305313	-27.853919	0.963246	-1.040376	-27.843894	0.957167	-1.086341	-28.162602	0.450975	-1.216666	-27.864657	0.461187	-1.068268	-28.169148	-0.073955	-1.229791	-28.145815	-0.054591	-1.274761	-27.885236	-0.057089	-0.990686	-27.841149	-0.019919	-1.078373
4946	68.703083	00:01:08:50	-27.989614	1.657109	-1.243716	-27.960069	1.677198	-1.115069	-28.103291	1.693155	-1.162391	-27.992957	1.561932	-1.168791	-28.024513	1.606796	-1.119206	-28.105829	1.579343	-1.269710	-27.870181	1.533973	-1.117395	-28.064302	1.472245	-0.916246	-27.988828	0.757672	-1.586792	-28.041091	1.441063	-0.545534	-28.095382	-0.052182	-2.074046	-28.057611	1.447641	-0.565665	-28.072206	-0.069033	-2.042503	-28.036271	1.437361	-0.559673	-28.102897	-0.072434	-2.064070	-28.172332	0.979905	-1.222812	-28.159076	0.956500	-1.272595	-27.894000	0.958468	-1.054645	-27.876917	0.981996	-1.071807	-28.124972	0.434495	-1.207515	-27.860375	0.467705	-1.047083	-28.170983	-0.064477	-1.206791	-28.177910	-0.062497	-1.264495	-27.857528	-0.045883	-1.005734	-27.871171	-0.058493	-1.109166
4947	68.716976	00:01:08:51	-27.945671	1.650211	-1.232561	-27.973659	1.664495	-1.103267	-28.075982	1.655774	-1.136768	-28.019530	1.539471	-1.175392	-28.027277	1.538206	-1.136222	-28.134838	1.541129	-1.274963	-27.888042	1.528194	-1.124307	-28.115682	1.495198	-0.896977	-27.982717	0.735868	-1.612145	-28.013251	1.413332	-0.550610	-28.100008	-0.051330	-2.075705	-28.034834	1.436225	-0.569364	-28.063371	-0.041300	-2.054772	-28.046298	1.437206	-0.529716	-28.099555	-0.034674	-2.049735	-28.168748	0.986018	-1.233845	-28.143121	0.994432	-1.270741	-27.895263	0.993355	-1.022459	-27.856060	0.945557	-1.107446	-28.152895	0.450090	-1.266004	-27.877848	0.449300	-1.042991	-28.204243	-0.050835	-1.202964	-28.159204	-0.077870	-1.227067	-27.846790	-0.026519	-1.012792	-27.859595	-0.054517	-1.063339
4948	68.730869	00:01:08:52	-27.960146	1.654042	-1.240691	-27.972978	1.655954	-1.100665	-28.100542	1.665916	-1.159628	-27.972650	1.540090	-1.178692	-28.024971	1.553756	-1.150548	-28.099253	1.548426	-1.256314	-27.872947	1.541090	-1.105458	-28.040808	1.482196	-0.888529	-27.968131	0.733040	-1.559729	-28.034562	1.417696	-0.517158	-28.061496	-0.018379	-2.075691	-28.021618	1.414253	-0.615796	-28.105279	-0.055110	-2.013681	-28.016171	1.468383	-0.546497	-28.083118	-0.050576	-2.067297	-28.168961	0.986080	-1.208710	-28.121901	0.962694	-1.312909	-27.876815	0.931856	-1.027057	-27.837550	0.950751	-1.110786	-28.160105	0.455067	-1.232484	-27.854771	0.452182	-1.056442	-28.157840	-0.056790	-1.206095	-28.176017	-0.028722	-1.258107	-27.862739	-0.079858	-0.974490	-27.840529	-0.064764	-1.042560
4949	68.744763	00:01:08:53	-27.962147	1.616837	-1.200575	-27.940437	1.667531	-1.117176	-28.080660	1.642267	-1.158187	-27.996419	1.532357	-1.174569	-28.020297	1.571470	-1.129030	-28.129611	1.527755	-1.237008	-27.870467	1.546935	-1.070971	-28.073051	1.455251	-0.925354	-27.988101	0.760540	-1.559821	-28.042789	1.455188	-0.584873	-28.064339	-0.022489	-2.049896	-28.008900	1.426870	-0.575939	-28.107820	-0.042351	-2.026803	-28.008842	1.442495	-0.521908	-28.088111	-0.061144	-2.061311	-28.177189	0.971080	-1.226374	-28.154130	0.932908	-1.285817	-27.895579	0.958262	-1.018686	-27.862660	0.966610	-1.080310	-28.148346	0.467797	-1.236139	-27.878923	0.440868	-1.045299	-28.162009	-0.070478	-1.217122	-28.153612	-0.048987	-1.253304	-27.867733	-0.054062	-1.049619	-27.803606	-0.037408	-1.077474
4950	68.758656	00:01:08:54	-27.969324	1.662540	-1.263044	-27.992016	1.676236	-1.092562	-28.092547	1.669377	-1.181055	-27.973672	1.565555	-1.164972	-28.032987	1.548742	-1.157206	-28.089617	1.513800	-1.248984	-27.890184	1.535798	-1.091511	-28.082851	1.461920	-0.895266	-27.973411	0.768034	-1.572297	-28.059158	1.432431	-0.549467	-28.078289	-0.012401	-2.066634	-28.016132	1.427883	-0.549230	-28.081247	-0.021273	-2.078508	-28.016443	1.427547	-0.534898	-28.082397	-0.056464	-2.060923	-28.168037	0.953898	-1.243640	-28.168121	0.984399	-1.293513	-27.870466	0.979233	-1.039244	-27.841613	0.969923	-1.092567	-28.210655	0.451207	-1.251984	-27.869226	0.464728	-1.073071	-28.160051	-0.019314	-1.216508	-28.142408	-0.035968	-1.251431	-27.876558	-0.064455	-1.003906	-27.810137	-0.073234	-1.055105
4951	68.772550	00:01:08:55	-27.952591	1.632327	-1.236992	-27.982552	1.667496	-1.091871	-28.106279	1.639732	-1.169993	-27.971600	1.539764	-1.207628	-28.010310	1.540694	-1.139596	-28.106901	1.521477	-1.268855	-27.848120	1.539972	-1.103093	-28.102019	1.480539	-0.920476	-27.984257	0.751681	-1.534597	-28.040379	1.436802	-0.551379	-28.099539	-0.056345	-2.052716	-28.030444	1.428107	-0.565949	-28.084391	-0.071119	-2.062936	-28.028181	1.424486	-0.565742	-28.115078	-0.044680	-2.065667	-28.192656	0.961683	-1.238662	-28.124811	0.958305	-1.271527	-27.860068	0.955641	-1.051021	-27.848834	0.940916	-1.081521	-28.156897	0.477645	-1.223725	-27.844183	0.479486	-1.046975	-28.168770	-0.021895	-1.181101	-28.135967	-0.059407	-1.247045	-27.862021	-0.065786	-1.018253	-27.832840	-0.047537	-1.075110
4952	68.786443	00:01:08:56	-27.950499	1.642455	-1.233962	-27.982251	1.681441	-1.084238	-28.055133	1.641433	-1.173537	-27.999149	1.577011	-1.162293	-27.998453	1.539253	-1.140183	-28.104580	1.527244	-1.244992	-27.872969	1.552191	-1.094165	-28.065236	1.472803	-0.895594	-27.976620	0.738107	-1.584377	-28.041962	1.438932	-0.533303	-28.082408	-0.060340	-2.046798	-28.004579	1.413031	-0.569126	-28.114904	-0.064716	-2.072186	-28.009457	1.452269	-0.553897	-28.048300	-0.047914	-2.049998	-28.208728	1.000338	-1.228144	-28.127226	0.950037	-1.266103	-27.881239	0.946929	-1.044023	-27.819683	0.957129	-1.109472	-28.158620	0.448396	-1.253799	-27.887088	0.461737	-1.027602	-28.193376	-0.081794	-1.169424	-28.150762	-0.067171	-1.275478	-27.871012	-0.073244	-1.050188	-27.835574	-0.052319	-1.078478
4953	68.800337	00:01:08:57	-27.943244	1.614126	-1.237785	-27.997399	1.649821	-1.061081	-28.044700	1.669390	-1.146508	-27.992438	1.533448	-1.137756	-28.060246	1.536871	-1.174162	-28.111194	1.557056	-1.250832	-27.893224	1.496103	-1.112393	-28.055451	1.521735	-0.922596	-27.973916	0.758043	-1.573289	-28.030360	1.455886	-0.527129	-28.116923	-0.072155	-2.060227	-28.027591	1.447128	-0.552746	-28.094337	-0.035517	-2.048371	-28.032756	1.424550	-0.555529	-28.078948	-0.045859	-2.060238	-28.182484	0.972802	-1.220328	-28.159914	0.985803	-1.282745	-27.890099	1.010038	-1.003463	-27.862541	0.963934	-1.114595	-28.153477	0.449633	-1.235418	-27.873751	0.451221	-1.065026	-28.187807	-0.040787	-1.240251	-28.143461	-0.039722	-1.253688	-27.848635	-0.081645	-1.039277	-27.834919	-0.054369	-1.080805
4954	68.814230	00:01:08:58	-27.967004	1.631122	-1.240985	-27.942581	1.674481	-1.104939	-28.066833	1.673404	-1.158766	-28.020992	1.525855	-1.158949	-28.049245	1.565627	-1.130746	-28.137693	1.523464	-1.287644	-27.878986	1.567544	-1.094313	-28.114458	1.506463	-0.890155	-27.992365	0.787548	-1.553427	-28.026418	1.423296	-0.568938	-28.092264	-0.050766	-2.099203	-28.032149	1.416729	-0.554863	-28.076775	-0.063508	-2.053014	-28.032239	1.437911	-0.509964	-28.110257	-0.053530	-2.025982	-28.174034	0.989054	-1.207551	-28.168468	0.972125	-1.283363	-27.869670	0.991113	-1.044578	-27.862164	0.996930	-1.081545	-28.174521	0.478745	-1.262761	-27.848124	0.454945	-1.065486	-28.157037	-0.041775	-1.173192	-28.172347	-0.036304	-1.250583	-27.861061	-0.083385	-1.007646	-27.869846	-0.052302	-1.055776
4955	68.828124	00:01:08:59	-27.950191	1.617305	-1.238373	-27.980753	1.689577	-1.094669	-28.095880	1.660063	-1.150307	-28.016153	1.547230	-1.145422	-28.039837	1.561432	-1.158580	-28.125275	1.556336	-1.281524	-27.856009	1.515144	-1.130811	-28.104882	1.489589	-0.900826	-27.965990	0.779809	-1.575735	-27.999305	1.459568	-0.524476	-28.105425	-0.068201	-2.081211	-27.999929	1.427965	-0.554348	-28.094445	-0.034270	-2.056166	-28.041568	1.444958	-0.569041	-28.081519	-0.058790	-2.059929	-28.191743	0.983329	-1.199532	-28.118222	0.954769	-1.250147	-27.889713	0.976531	-1.055914	-27.845581	1.002536	-1.094697	-28.176455	0.471408	-1.283775	-27.857199	0.472146	-1.047306	-28.194236	-0.014707	-1.251653	-28.171663	-0.073931	-1.271255	-27.845744	-0.049561	-1.001706	-27.846714	-0.028259	-1.065787
4956	68.842017	00:01:08:60	-27.961180	1.666999	-1.229295	-27.950569	1.678116	-1.096833	-28.063147	1.661454	-1.111547	-28.007553	1.586032	-1.171457	-27.994131	1.527103	-1.152868	-28.094420	1.547930	-1.254046	-27.852871	1.545637	-1.124873	-28.121142	1.477383	-0.927728	-27.963250	0.761260	-1.576599	-28.039486	1.435267	-0.548480	-28.116542	-0.028753	-2.057233	-28.043414	1.456818	-0.534690	-28.099555	-0.035444	-2.080284	-28.030598	1.440399	-0.532703	-28.101656	-0.057365	-2.052426	-28.170406	0.990816	-1.240735	-28.118223	0.961139	-1.294351	-27.910497	0.992892	-1.059761	-27.841572	0.973002	-1.095969	-28.154788	0.451245	-1.257140	-27.871180	0.466728	-1.067533	-28.182058	-0.049078	-1.227422	-28.138617	-0.050105	-1.245035	-27.872730	-0.059735	-1.002860	-27.837151	-0.056079	-1.040639
4957	68.855910	00:01:08:61	-27.976239	1.654301	-1.240982	-27.973588	1.643265	-1.105212	-28.069403	1.696054	-1.159971	-28.005079	1.550160	-1.183336	-28.033538	1.562397	-1.141592	-28.121457	1.529186	-1.278929	-27.878428	1.565763	-1.106245	-28.092010	1.459597	-0.885008	-27.987029	0.764187	-1.574492	-28.051755	1.443955	-0.550756	-28.083855	-0.039909	-2.051880	-28.029459	1.423353	-0.541281	-28.101015	-0.087882	-2.061399	-28.036691	1.416051	-0.568449	-28.066974	-0.039661	-2.097221	-28.146788	0.996161	-1.230571	-28.127161	0.946882	-1.285378	-27.854317	0.983049	-1.035707	-27.849121	0.994907	-1.089974	-28.141945	0.458339	-1.236921	-27.868937	0.480690	-1.039057	-28.156462	-0.073056	-1.216993	-28.154893	-0.049643	-1.293037	-27.863976	-0.059622	-1.026171	-27.837465	-0.047646	-1.027883
4958	68.869804	00:01:08:62	-27.984118	1.651777	-1.240609	-27.981920	1.641024	-1.094841	-28.060182	1.641538	-1.162529	-27.986212	1.556968	-1.182353	-27.997980	1.557761	-1.134507	-28.094510	1.564001	-1.230535	-27.862624	1.537717	-1.085699	-28.094523	1.453198	-0.876022	-27.967953	0.738968	-1.591617	-27.997560	1.465863	-0.558281	-28.107711	-0.061506	-2.068526	-28.032987	1.450546	-0.519627	-28.112744	-0.050891	-2.056708	-28.023062	1.445541	-0.538251	-28.036451	-0.044669	-2.052613	-28.192692	0.993288	-1.241124	-28.106917	0.984038	-1.261348	-27.896663	0.970632	-1.027762	-27.853137	0.963459	-1.108949	-28.168713	0.459766	-1.238319	-27.861858	0.454260	-1.067271	-28.164189	-0.069777	-1.207551	-28.136932	-0.091470	-1.255568	-27.859105	-0.052969	-1.035213	-27.827263	-0.030780	-1.050181
4959	68.883697	00:01:08:63	-27.972823	1.668504	-1.203153	-27.966312	1.632324	-1.101595	-28.057106	1.664428	-1.151006	-27.999734	1.578340	-1.170019	-28.051461	1.545301	-1.149681	-28.139122	1.540721	-1.253877	-27.887248	1.547196	-1.117674	-28.080176	1.492190	-0.924205	-28.005316	0.741467	-1.574545	-28.050513	1.430567	-0.536624	-28.094985	-0.074783	-2.085663	-28.036630	1.470408	-0.561695	-28.097442	-0.031781	-2.071002	-28.054384	1.437963	-0.514679	-28.101174	-0.029652	-2.057877	-28.178881	0.933368	-1.244818	-28.147667	0.978194	-1.269502	-27.860481	0.973855	-1.038050	-27.840059	0.972087	-1.101495	-28.153563	0.437371	-1.246629	-27.880047	0.459057	-1.048340	-28.141605	-0.009816	-1.219698	-28.157289	-0.053641	-1.246838	-27.892389	-0.029134	-1.044637	-27.858167	-0.065988	-1.049752
4960	68.897591	00:01:08:64	-27.970566	1.653740	-1.214155	-27.980307	1.647835	-1.101973	-28.052939	1.669742	-1.162481	-27.991681	1.538834	-1.199904	-28.009763	1.557154	-1.109666	-28.134114	1.558067	-1.274015	-27.845029	1.532218	-1.080730	-28.102006	1.459889	-0.906877	-27.982550	0.756394	-1.603132	-28.058258	1.438730	-0.535154	-28.057527	-0.010748	-2.091328	-28.034956	1.453889	-0.531065	-28.116915	-0.019991	-2.098855	-28.052868	1.444230	-0.561744	-28.048029	-0.043497	-2.028446	-28.149985	0.971260	-1.214555	-28.119698	0.997005	-1.301713	-27.870169	0.965503	-1.056765	-27.835357	0.954283	-1.104449	-28.157754	0.429420	-1.246606	-27.839801	0.467750	-1.031979	-28.158023	-0.077738	-1.221955	-28.149771	-0.065824	-1.273424	-27.862709	-0.031553	-1.039886	-27.828899	-0.073623	-1.066017
4961	68.911484	00:01:08:65	-27.963698	1.651367	-1.228399	-27.959049	1.657227	-1.101127	-28.111806	1.674658	-1.157226	-27.988344	1.559701	-1.194301	-28.019441	1.564189	-1.131862	-28.114047	1.546654	-1.246448	-27.886984	1.540891	-1.106746	-28.073030	1.454636	-0.932776	-28.007683	0.729064	-1.574350	-28.033207	1.425275	-0.547875	-28.095060	-0.064942	-2.040406	-28.020197	1.474765	-0.527113	-28.102328	-0.051144	-2.027866	-28.022124	1.431833	-0.540689	-28.083871	-0.044403	-2.068327	-28.180835	1.001775	-1.228297	-28.138523	0.963665	-1.306302	-27.890809	1.003232	-1.022453	-27.841304	0.941478	-1.111866	-28.169714	0.465562	-1.249640	-27.844789	0.448566	-1.065653	-28.165764	-0.050600	-1.202128	-28.110564	-0.053783	-1.252703	-27.886500	-0.050248	-1.040046	-27.824880	-0.070807	-1.073198
4962	68.925378	00:01:08:66	-27.961450	1.639639	-1.246930	-27.956995	1.658190	-1.090570	-28.092499	1.671517	-1.136864	-28.002669	1.528651	-1.199903	-28.008011	1.537254	-1.160040	-28.133767	1.545493	-1.261839	-27.844016	1.536008	-1.076802	-28.065558	1.493223	-0.896517	-27.970168	0.725878	-1.611557	-28.027568	1.413743	-0.572049	-28.095113	-0.059318	-2.083929	-27.977195	1.435649	-0.557826	-28.095348	-0.055303	-2.048243	-28.021096	1.417572	-0.526429	-28.099703	-0.045366	-2.110786	-28.177426	0.974297	-1.259090	-28.145682	0.961117	-1.279072	-27.856425	0.969939	-1.035259	-27.852385	0.965149	-1.095872	-28.188981	0.453662	-1.243060	-27.879966	0.448100	-1.066788	-28.167736	-0.053311	-1.176349	-28.161607	-0.044748	-1.272404	-27.894441	-0.067150	-1.002847	-27.847631	-0.060746	-1.051638
4963	68.939271	00:01:08:67	-27.967547	1.629754	-1.267427	-27.993025	1.656578	-1.065243	-28.077440	1.671669	-1.183663	-28.017922	1.523705	-1.158346	-28.003573	1.530692	-1.144776	-28.117575	1.520937	-1.289818	-27.880929	1.540190	-1.086836	-28.055261	1.489045	-0.920726	-28.017717	0.741437	-1.570385	-28.033987	1.446089	-0.541910	-28.084999	-0.072564	-2.070953	-28.045353	1.442607	-0.569885	-28.095766	-0.041475	-2.069999	-28.021531	1.422199	-0.538251	-28.124716	-0.066405	-2.060441	-28.175104	0.969001	-1.231768	-28.140849	0.952402	-1.264752	-27.860028	0.962689	-1.037757	-27.870464	0.987719	-1.084439	-28.149994	0.452402	-1.229552	-27.825206	0.415802	-1.074084	-28.188161	-0.025063	-1.204782	-28.139340	-0.051654	-1.245842	-27.844641	-0.053399	-1.016092	-27.841887	-0.065237	-1.033803
4964	68.953165	00:01:08:68	-27.956645	1.592887	-1.246603	-27.983683	1.655838	-1.087869	-28.062088	1.653136	-1.168330	-27.976404	1.565057	-1.182512	-28.030695	1.552342	-1.140717	-28.139671	1.552744	-1.223954	-27.868026	1.509554	-1.105898	-28.082012	1.497825	-0.918501	-27.988436	0.754210	-1.565381	-28.037358	1.427373	-0.530697	-28.065008	-0.047297	-2.079483	-28.024048	1.420369	-0.542235	-28.087137	-0.060921	-2.044240	-28.032271	1.407245	-0.538173	-28.095993	-0.045475	-2.082819	-28.161065	0.948671	-1.208692	-28.184626	0.924523	-1.282995	-27.857179	0.957849	-1.015726	-27.824944	0.973052	-1.087472	-28.159343	0.429742	-1.228486	-27.830650	0.476604	-1.039713	-28.182526	-0.050248	-1.213491	-28.163125	-0.072857	-1.266932	-27.903243	-0.043413	-1.067302	-27.852981	-0.049397	-1.062144
4965	68.967058	00:01:08:69	-27.995714	1.617963	-1.254102	-27.983293	1.635116	-1.083589	-28.068104	1.651982	-1.166784	-28.012871	1.542562	-1.195948	-28.028028	1.560412	-1.158706	-28.138338	1.568653	-1.265431	-27.873479	1.551563	-1.108700	-28.064006	1.486559	-0.899682	-27.989559	0.767186	-1.581818	-28.045003	1.441677	-0.556780	-28.101307	-0.024279	-2.050135	-28.003894	1.432901	-0.574519	-28.119609	-0.032935	-2.043946	-28.051910	1.448158	-0.560972	-28.114503	-0.036517	-2.050668	-28.169722	0.964024	-1.233738	-28.141640	0.966456	-1.286236	-27.862371	0.974391	-1.030513	-27.832166	0.990412	-1.080502	-28.128643	0.462745	-1.252588	-27.870440	0.462002	-1.073019	-28.180054	-0.059627	-1.206961	-28.132337	-0.066589	-1.242054	-27.867358	-0.086990	-1.027058	-27.844158	-0.093931	-1.093334
4966	68.980951	00:01:08:70	-27.995584	1.602901	-1.236880	-27.968412	1.663932	-1.082884	-28.094576	1.656926	-1.153516	-28.015300	1.539394	-1.160024	-28.047172	1.545348	-1.157738	-28.143987	1.545744	-1.242535	-27.869522	1.569620	-1.079565	-28.060824	1.515516	-0.913040	-27.977105	0.746199	-1.587226	-28.035425	1.417915	-0.583450	-28.087354	-0.027054	-2.068439	-28.024444	1.430138	-0.553601	-28.097476	-0.048274	-2.038213	-28.050684	1.439737	-0.550439	-28.089991	-0.066798	-2.018084	-28.151968	0.944086	-1.236452	-28.127827	0.924494	-1.269250	-27.880180	0.989412	-1.022617	-27.860782	0.948330	-1.086888	-28.156509	0.474156	-1.245730	-27.880294	0.481889	-1.037039	-28.199135	-0.050178	-1.231239	-28.142814	-0.046589	-1.264888	-27.843941	-0.051049	-1.006187	-27.814554	-0.069476	-1.030430
4967	68.994845	00:01:08:71	-27.953180	1.650292	-1.223757	-28.016098	1.680217	-1.106926	-28.080599	1.654562	-1.174824	-27.977849	1.567993	-1.193483	-28.029295	1.588362	-1.143171	-28.095299	1.572502	-1.222689	-27.855578	1.551623	-1.103958	-28.085515	1.466249	-0.914650	-27.953517	0.773691	-1.611732	-28.040284	1.429311	-0.525355	-28.097838	-0.067011	-2.073882	-28.011646	1.391258	-0.579415	-28.097074	-0.009778	-2.058131	-28.019709	1.438096	-0.548568	-28.074024	-0.039161	-2.079253	-28.227763	0.956458	-1.250576	-28.126641	0.940162	-1.284832	-27.868956	0.994725	-1.031515	-27.848578	0.956160	-1.093962	-28.160067	0.413801	-1.245727	-27.882438	0.426179	-1.078071	-28.182483	-0.037407	-1.209214	-28.148104	-0.054364	-1.286681	-27.880678	-0.033302	-1.025550	-27.845899	-0.044382	-1.095833
4968	69.008738	00:01:09:00	-27.954089	1.650004	-1.221460	-27.971345	1.669681	-1.099815	-28.094537	1.662827	-1.146426	-28.017112	1.523653	-1.172624	-28.010685	1.574417	-1.163109	-28.103661	1.552499	-1.233671	-27.858118	1.546715	-1.091443	-28.072901	1.474901	-0.886911	-27.987727	0.732947	-1.561135	-28.023280	1.426768	-0.580112	-28.103936	-0.060943	-2.083959	-28.050172	1.424453	-0.559570	-28.102306	-0.048823	-2.060249	-28.031371	1.449440	-0.574022	-28.073323	-0.043679	-2.071161	-28.150351	0.981136	-1.220243	-28.165707	0.980807	-1.274118	-27.885315	0.961130	-1.028767	-27.835071	0.954301	-1.092551	-28.163350	0.466232	-1.220073	-27.849842	0.485518	-1.051228	-28.171965	-0.057610	-1.252375	-28.126686	-0.057381	-1.286960	-27.909962	-0.089701	-1.056010	-27.873978	-0.067983	-1.051363
4969	69.022632	00:01:09:01	-27.969635	1.646215	-1.213520	-28.015983	1.664417	-1.105272	-28.077716	1.621333	-1.145005	-27.979300	1.531379	-1.158989	-28.046919	1.539340	-1.154725	-28.114816	1.546490	-1.313355	-27.850667	1.524820	-1.090939	-28.090247	1.490397	-0.942429	-27.993324	0.740608	-1.580383	-28.042456	1.403484	-0.546364	-28.092825	-0.060850	-2.072005	-28.062813	1.420903	-0.568154	-28.079661	-0.063711	-2.083417	-28.027266	1.401273	-0.561232	-28.079579	-0.068078	-2.085906	-28.178579	0.969071	-1.248760	-28.150707	0.963929	-1.279570	-27.861995	0.977782	-1.047710	-27.822940	0.981776	-1.082994	-28.166853	0.457753	-1.245476	-27.855938	0.461380	-1.063333	-28.168965	-0.025702	-1.199749	-28.154973	-0.043562	-1.252319	-27.850545	-0.068833	-1.009515	-27.831053	-0.063536	-1.041260
4970	69.036525	00:01:09:02	-27.960571	1.652456	-1.221635	-27.977185	1.673384	-1.127664	-28.072616	1.680192	-1.193134	-28.031803	1.550976	-1.152238	-28.015607	1.529597	-1.141255	-28.129073	1.517275	-1.271659	-27.864520	1.507903	-1.086706	-28.090704	1.461653	-0.908823	-27.993459	0.744796	-1.576802	-28.049455	1.406817	-0.536136	-28.074859	-0.062545	-2.071868	-28.044362	1.432040	-0.585069	-28.102508	-0.013377	-2.024783	-28.023715	1.467150	-0.538601	-28.114377	-0.068131	-2.080806	-28.168715	0.969247	-1.247928	-28.145392	0.984770	-1.287455	-27.855475	0.992619	-1.052199	-27.866922	0.951430	-1.069127	-28.161534	0.450099	-1.250423	-27.881245	0.453998	-1.067368	-28.162568	-0.010687	-1.211003	-28.158587	-0.049231	-1.278219	-27.899245	-0.069127	-1.025142	-27.823554	-0.055769	-1.042879
4971	69.050419	00:01:09:03	-27.993661	1.627165	-1.243675	-27.983398	1.658471	-1.114131	-28.067900	1.672385	-1.154635	-27.990346	1.517724	-1.171499	-27.998146	1.557232	-1.163668	-28.130309	1.522630	-1.254709	-27.863430	1.537443	-1.102567	-28.112358	1.504806	-0.930816	-27.980848	0.759452	-1.578630	-28.052763	1.464237	-0.569105	-28.093723	-0.038983	-2.029863	-28.056706	1.453095	-0.542256	-28.084528	-0.015058	-2.088016	-28.051023	1.468368	-0.552622	-28.096262	-0.060072	-2.059957	-28.194704	0.990039	-1.203489	-28.132537	0.965511	-1.308464	-27.842943	0.985712	-1.029432	-27.855227	0.981514	-1.063275	-28.163825	0.467055	-1.243792	-27.876358	0.466210	-1.044264	-28.151855	-0.034710	-1.224927	-28.127673	-0.077310	-1.270436	-27.903807	-0.037734	-1.032137	-27.869142	-0.048661	-1.076353
4972	69.064312	00:01:09:04	-27.950980	1.635460	-1.237990	-27.976729	1.693217	-1.089277	-28.071681	1.679092	-1.155434	-27.999484	1.503699	-1.178726	-28.024010	1.554925	-1.153723	-28.111118	1.542793	-1.272222	-27.875570	1.559345	-1.079158	-28.104982	1.476912	-0.930922	-27.990246	0.734586	-1.605553	-28.053437	1.445254	-0.569978	-28.079017	-0.032296	-2.080929	-28.041540	1.411418	-0.564566	-28.091049	-0.059449	-2.059359	-28.056761	1.443990	-0.514670	-28.086268	-0.042021	-2.052764	-28.170246	0.965047	-1.235314	-28.150221	0.930891	-1.288337	-27.878702	0.955731	-1.034125	-27.835487	0.948562	-1.077374	-28.150981	0.434224	-1.243283	-27.881603	0.448376	-1.052024	-28.156709	-0.074795	-1.196511	-28.139706	-0.073923	-1.248674	-27.906568	-0.079140	-1.013717	-27.823912	-0.068960	-1.083761
4973	69.078206	00:01:09:05	-27.940242	1.642181	-1.197686	-27.971243	1.667421	-1.089352	-28.093909	1.668390	-1.125506	-28.016486	1.527348	-1.178028	-27.980527	1.539170	-1.122886	-28.121752	1.530133	-1.260201	-27.877857	1.564322	-1.104007	-28.109408	1.498225	-0.923269	-28.002015	0.725750	-1.619537	-28.032343	1.429591	-0.570125	-28.102931	-0.083420	-2.069348	-28.049841	1.431445	-0.561194	-28.101032	-0.062793	-2.055486	-28.020210	1.417925	-0.551197	-28.085944	-0.017435	-2.069753	-28.146970	0.995939	-1.184458	-28.153495	0.952233	-1.235929	-27.893718	0.935367	-1.022788	-27.832409	1.021515	-1.034883	-28.159499	0.473636	-1.267078	-27.858777	0.484697	-1.039669	-28.181295	-0.052122	-1.213712	-28.157257	-0.044469	-1.285649	-27.893811	-0.063630	-1.041686	-27.847262	-0.066950	-1.043914
4974	69.092099	00:01:09:06	-27.936603	1.670488	-1.184160	-27.959536	1.675570	-1.103492	-28.085574	1.644369	-1.162163	-28.003014	1.519309	-1.196986	-27.997089	1.522033	-1.152412	-28.105359	1.546051	-1.257235	-27.878189	1.550208	-1.097455	-28.090435	1.463472	-0.921193	-27.973006	0.731807	-1.568905	-28.017702	1.391277	-0.553718	-28.082850	-0.039348	-2.078189	-28.034143	1.432798	-0.559819	-28.105177	-0.069156	-2.069289	-28.024236	1.444037	-0.539422	-28.085351	-0.060293	-2.071556	-28.186323	0.964694	-1.224344	-28.138714	0.982201	-1.273771	-27.884084	0.992097	-1.014719	-27.850867	0.987238	-1.102712	-28.154442	0.455227	-1.251201	-27.850271	0.481828	-1.063684	-28.181215	-0.059697	-1.220413	-28.162185	-0.048947	-1.248488	-27.827597	-0.053243	-1.041740	-27.818543	-0.043110	-1.052147
4975	69.105992	00:01:09:07	-27.965959	1.633801	-1.255404	-27.978341	1.673484	-1.105030	-28.062821	1.620995	-1.175654	-27.998949	1.537058	-1.170093	-28.025916	1.581261	-1.105660	-28.120402	1.560402	-1.261608	-27.865588	1.569101	-1.078778	-28.083229	1.472107	-0.870803	-27.976027	0.757380	-1.589334	-28.053928	1.435911	-0.566700	-28.121146	-0.075847	-2.047063	-28.038565	1.431040	-0.571112	-28.106482	-0.047606	-2.065150	-28.021035	1.442894	-0.565051	-28.113964	-0.024469	-2.052604	-28.169876	0.964713	-1.240717	-28.124038	0.933643	-1.296996	-27.907637	0.942720	-1.017525	-27.818004	0.981195	-1.101892	-28.157323	0.487894	-1.234535	-27.850735	0.449046	-1.051320	-28.183850	-0.045443	-1.197016	-28.124794	-0.044548	-1.245136	-27.873939	-0.050216	-1.024175	-27.857145	-0.039070	-1.088352
4976	69.119886	00:01:09:08	-27.973495	1.658512	-1.229643	-27.984412	1.659926	-1.107748	-28.058906	1.648373	-1.168761	-28.003953	1.547406	-1.180092	-27.994594	1.520896	-1.125914	-28.106568	1.550676	-1.275240	-27.868675	1.551560	-1.103431	-28.116684	1.439416	-0.921798	-27.977848	0.729832	-1.579266	-28.060601	1.439676	-0.568877	-28.106173	-0.032920	-2.095643	-28.033768	1.480377	-0.571637	-28.078163	-0.061101	-2.086743	-28.041579	1.441014	-0.538701	-28.069782	-0.057149	-2.032151	-28.161011	0.975762	-1.238570	-28.123426	0.967146	-1.238306	-27.849896	0.991545	-1.044792	-27.824943	0.950147	-1.122520	-28.155333	0.469160	-1.235384	-27.849017	0.446524	-1.070794	-28.158445	-0.077278	-1.191466	-28.157706	-0.067810	-1.263818	-27.861147	-0.041741	-1.027032	-27.854278	-0.071332	-1.045677
4977	69.133779	00:01:09:09	-27.957187	1.642469	-1.226608	-27.999986	1.654632	-1.096646	-28.057134	1.677334	-1.161279	-27.989951	1.565223	-1.182059	-28.014946	1.546688	-1.154277	-28.137170	1.537464	-1.283950	-27.878509	1.548989	-1.115946	-28.083903	1.454906	-0.891727	-27.977369	0.788643	-1.590237	-28.031536	1.438802	-0.556546	-28.119839	-0.056739	-2.057387	-28.042735	1.411028	-0.530191	-28.089281	-0.033489	-2.054541	-28.039197	1.417289	-0.533862	-28.080160	-0.067984	-2.061019	-28.176826	0.997784	-1.235721	-28.154441	0.958575	-1.303984	-27.868492	0.980980	-1.055888	-27.841536	0.930785	-1.111443	-28.163721	0.451037	-1.236865	-27.858360	0.478317	-1.038140	-28.179334	-0.030778	-1.189414	-28.153350	-0.056659	-1.245481	-27.845511	-0.073503	-1.033243	-27.842047	-0.105728	-1.062863
4978	69.147673	00:01:09:10	-27.966019	1.658317	-1.202127	-27.978263	1.677914	-1.090958	-28.091135	1.691591	-1.164831	-28.007861	1.516690	-1.163167	-28.020084	1.537840	-1.140894	-28.117948	1.532413	-1.248667	-27.889298	1.549880	-1.054328	-28.100006	1.485786	-0.953293	-27.986651	0.749624	-1.565716	-28.070718	1.414726	-0.555188	-28.097753	-0.063546	-2.035908	-28.014342	1.439198	-0.548011	-28.067075	-0.040436	-2.021432	-28.046007	1.464249	-0.565439	-28.065443	-0.027522	-2.051534	-28.180444	0.968190	-1.228307	-28.117895	0.968867	-1.258118	-27.876292	1.018663	-1.067282	-27.816275	0.951303	-1.088050	-28.178287	0.441938	-1.250204	-27.869310	0.464742	-1.058870	-28.155998	-0.017135	-1.224245	-28.141381	-0.040102	-1.246187	-27.891899	-0.049475	-1.021176	-27.872718	-0.065946	-1.066480
4979	69.161566	00:01:09:11	-27.985550	1.614282	-1.272073	-27.961238	1.658285	-1.086205	-28.081170	1.666732	-1.140922	-27.972229	1.544521	-1.177338	-27.990902	1.562013	-1.142109	-28.091931	1.538103	-1.243085	-27.885589	1.550913	-1.128922	-28.086582	1.463918	-0.922823	-27.988931	0.746319	-1.577854	-28.040198	1.436975	-0.570019	-28.102591	-0.049227	-2.081379	-28.033857	1.439019	-0.568535	-28.096330	-0.032362	-2.059276	-28.013641	1.472614	-0.559916	-28.090557	-0.035274	-2.060883	-28.155681	0.960634	-1.233339	-28.113635	0.937581	-1.288854	-27.824047	0.980927	-1.058423	-27.845847	0.958920	-1.108421	-28.149766	0.483825	-1.244470	-27.857666	0.510620	-1.060881	-28.141518	-0.062932	-1.193152	-28.133184	-0.074400	-1.251095	-27.825219	-0.052390	-1.035877	-27.813551	-0.065392	-1.068038
4980	69.175460	00:01:09:12	-27.978625	1.662407	-1.259194	-27.972474	1.658651	-1.090464	-28.103903	1.633619	-1.166155	-28.029024	1.553320	-1.188744	-28.032850	1.532920	-1.135377	-28.171995	1.568016	-1.263450	-27.914765	1.529917	-1.080156	-28.069029	1.490523	-0.888901	-27.994482	0.745428	-1.597629	-28.002248	1.413916	-0.534290	-28.092412	-0.049228	-2.056500	-28.022427	1.439475	-0.554912	-28.112428	-0.039134	-2.026515	-28.058841	1.415520	-0.545881	-28.101355	-0.071742	-2.068471	-28.184622	0.968052	-1.220427	-28.152138	0.963609	-1.277690	-27.894679	0.970226	-1.015053	-27.808767	0.943808	-1.085138	-28.158851	0.477114	-1.251807	-27.854826	0.492721	-1.074233	-28.181140	-0.049542	-1.211364	-28.171925	-0.083650	-1.278537	-27.888713	-0.052311	-1.019142	-27.839244	-0.055438	-1.074549
4981	69.189353	00:01:09:13	-27.952338	1.629216	-1.247165	-27.965576	1.664221	-1.140162	-28.080477	1.646188	-1.162999	-27.984422	1.536480	-1.187907	-27.997761	1.528937	-1.130289	-28.129262	1.546988	-1.243431	-27.883559	1.565045	-1.083550	-28.074537	1.450721	-0.896258	-27.992886	0.757715	-1.555743	-28.039036	1.424516	-0.540578	-28.093188	-0.066727	-2.074073	-28.043198	1.476049	-0.544398	-28.091699	-0.059599	-2.053078	-28.026373	1.448011	-0.552361	-28.112685	-0.012675	-2.050056	-28.171944	0.963984	-1.226346	-28.143584	0.952275	-1.261695	-27.867680	0.990135	-1.040210	-27.822023	0.976705	-1.094507	-28.145009	0.461306	-1.257493	-27.868694	0.456936	-1.058789	-28.191330	-0.013927	-1.168897	-28.178967	-0.035410	-1.256357	-27.875809	-0.050186	-0.993836	-27.848722	-0.081639	-1.067965
4982	69.203247	00:01:09:14	-27.969437	1.649780	-1.253820	-27.977854	1.632672	-1.090413	-28.075706	1.670739	-1.150305	-28.010337	1.508717	-1.171773	-28.034229	1.558581	-1.156916	-28.155240	1.521043	-1.253383	-27.880736	1.568553	-1.090735	-28.060970	1.495181	-0.897594	-27.944125	0.735489	-1.592104	-28.029115	1.418141	-0.588304	-28.132023	-0.054485	-2.050408	-28.045746	1.413170	-0.540932	-28.080667	-0.039088	-2.043760	-27.998593	1.414263	-0.571163	-28.050146	-0.030094	-2.065690	-28.165518	0.978102	-1.223128	-28.148228	0.976550	-1.258721	-27.844546	0.986826	-1.030470	-27.843353	0.966601	-1.089364	-28.179295	0.475770	-1.235829	-27.813184	0.435816	-1.065667	-28.195587	-0.067685	-1.212039	-28.136428	-0.046288	-1.264203	-27.862277	-0.051514	-1.030950	-27.842302	-0.053629	-1.064496
4983	69.217140	00:01:09:15	-27.936418	1.663395	-1.256299	-28.014699	1.648470	-1.096589	-28.061431	1.681082	-1.144039	-27.982492	1.558580	-1.150614	-28.024426	1.583216	-1.118329	-28.141131	1.522845	-1.245044	-27.866682	1.538675	-1.114128	-28.094110	1.474096	-0.875621	-27.993138	0.728648	-1.583523	-28.022240	1.429626	-0.572445	-28.090375	-0.045817	-2.053260	-28.040540	1.431581	-0.573061	-28.060925	-0.024112	-2.055383	-28.037326	1.444415	-0.572893	-28.069467	-0.046157	-2.100743	-28.159561	0.958923	-1.215575	-28.164640	0.956425	-1.284703	-27.891272	0.984373	-1.046453	-27.870311	0.948223	-1.067724	-28.153967	0.468038	-1.255817	-27.868284	0.461659	-1.023548	-28.182774	-0.050632	-1.202005	-28.134735	-0.018517	-1.281774	-27.850178	-0.107671	-1.009159	-27.849241	-0.051546	-1.077797
4984	69.231033	00:01:09:16	-27.973699	1.632797	-1.230134	-27.954888	1.654871	-1.100640	-28.085611	1.643059	-1.154168	-28.021291	1.523277	-1.155221	-28.023826	1.546703	-1.148218	-28.103466	1.517560	-1.232572	-27.836591	1.536733	-1.069585	-28.084315	1.462267	-0.932075	-28.001276	0.733014	-1.583775	-28.032538	1.402650	-0.571479	-28.074922	-0.075960	-2.082261	-28.050843	1.431518	-0.557601	-28.080271	-0.048330	-2.053495	-28.028680	1.419280	-0.544492	-28.081751	-0.052436	-2.060757	-28.181690	0.954464	-1.240942	-28.160460	0.957170	-1.298137	-27.869025	0.976249	-1.043271	-27.855242	0.956686	-1.117737	-28.164398	0.460025	-1.208444	-27.859131	0.467766	-1.040653	-28.145439	-0.018192	-1.215031	-28.144900	-0.046637	-1.250393	-27.892805	-0.036408	-1.045225	-27.830376	-0.037446	-1.114046
4985	69.244927	00:01:09:17	-27.975555	1.665973	-1.204367	-27.986739	1.671824	-1.085214	-28.050809	1.683884	-1.173196	-27.995200	1.526528	-1.184183	-28.022202	1.544439	-1.129344	-28.110725	1.538276	-1.230260	-27.884052	1.543147	-1.093977	-28.082407	1.460858	-0.910506	-28.004481	0.764821	-1.565015	-28.008052	1.437446	-0.554968	-28.117487	-0.065127	-2.083791	-28.020795	1.447501	-0.558732	-28.097770	-0.038958	-2.083554	-28.017145	1.414614	-0.582631	-28.093021	-0.029401	-2.073655	-28.187599	0.947047	-1.237187	-28.107269	0.966839	-1.298571	-27.878875	0.981234	-1.050160	-27.872745	0.958641	-1.101003	-28.152707	0.468190	-1.233360	-27.869846	0.470824	-1.040104	-28.184283	-0.034279	-1.208896	-28.136779	-0.089932	-1.260654	-27.911105	-0.053867	-0.997343	-27.821722	-0.054749	-1.085685
4986	69.258820	00:01:09:18	-27.994383	1.650451	-1.210947	-27.972882	1.667906	-1.084821	-28.086931	1.693371	-1.204415	-28.029110	1.549027	-1.188209	-27.990228	1.548085	-1.147754	-28.124024	1.563239	-1.226010	-27.882919	1.554526	-1.068561	-28.097788	1.476463	-0.911233	-27.979272	0.755226	-1.602311	-28.007215	1.417259	-0.566888	-28.079707	-0.041091	-2.089700	-28.033852	1.440465	-0.581056	-28.073180	-0.036213	-2.086230	-28.060822	1.429917	-0.534501	-28.116158	-0.059799	-2.074749	-28.166030	0.995709	-1.247553	-28.135540	0.957105	-1.296266	-27.862183	0.953912	-1.021936	-27.849301	0.976450	-1.069266	-28.165031	0.412145	-1.243908	-27.827282	0.464143	-1.040145	-28.154495	-0.045801	-1.184398	-28.116941	-0.071122	-1.248777	-27.844757	-0.055901	-0.999987	-27.869945	-0.059127	-1.061690
4987	69.272714	00:01:09:19	-27.984279	1.638240	-1.239329	-28.001753	1.684869	-1.094832	-28.078514	1.649600	-1.136865	-27.987988	1.522880	-1.173829	-28.035500	1.564350	-1.119661	-28.139245	1.536925	-1.227656	-27.873598	1.541363	-1.111022	-28.088866	1.478940	-0.923249	-27.998564	0.732558	-1.566441	-28.002732	1.462092	-0.536836	-28.114149	-0.072888	-2.059880	-28.041546	1.396355	-0.577739	-28.117267	-0.009043	-2.040049	-28.075375	1.429444	-0.541917	-28.129864	-0.049781	-2.072323	-28.161487	0.978593	-1.239835	-28.143971	0.974626	-1.280031	-27.852891	0.994551	-1.025164	-27.858527	0.920600	-1.081307	-28.163273	0.473604	-1.227566	-27.849472	0.466023	-1.050363	-28.194282	-0.043953	-1.233741	-28.150043	-0.041756	-1.249181	-27.840481	-0.030226	-1.024361	-27.837557	-0.050409	-1.090070
4988	69.286607	00:01:09:20	-27.965660	1.637301	-1.233111	-28.005839	1.669388	-1.106690	-28.073550	1.655957	-1.167655	-27.979649	1.575557	-1.208880	-27.999360	1.544809	-1.193701	-28.109006	1.567250	-1.256110	-27.873718	1.547900	-1.080540	-28.070971	1.471787	-0.874431	-27.996853	0.745666	-1.576556	-28.053367	1.449512	-0.556622	-28.111328	-0.038471	-2.041992	-28.034482	1.463399	-0.584228	-28.097070	-0.024663	-2.060926	-28.055734	1.408494	-0.567193	-28.117995	-0.074252	-2.059385	-28.200513	0.979890	-1.253450	-28.116222	0.943177	-1.307414	-27.869138	0.992478	-1.020177	-27.824127	0.955012	-1.086471	-28.189034	0.459624	-1.227862	-27.867701	0.433292	-1.091115	-28.174205	-0.047065	-1.212991	-28.097038	-0.078844	-1.248495	-27.867643	-0.041977	-1.023845	-27.855632	-0.076090	-1.084321
4989	69.300501	00:01:09:21	-27.940533	1.642366	-1.226116	-27.959002	1.662973	-1.070759	-28.116291	1.650386	-1.160807	-28.001774	1.524212	-1.177041	-28.040532	1.554460	-1.145887	-28.136336	1.533600	-1.251955	-27.874458	1.540326	-1.096702	-28.070211	1.471145	-0.887101	-27.995149	0.775044	-1.601589	-28.038395	1.443460	-0.571668	-28.108609	-0.018394	-2.075712	-28.053746	1.410714	-0.578032	-28.081930	-0.041820	-2.046269	-28.011735	1.446493	-0.553169	-28.080601	-0.041121	-2.062010	-28.178025	0.969986	-1.232496	-28.140178	0.991447	-1.290510	-27.861550	0.969711	-1.067583	-27.839356	0.955702	-1.101081	-28.162705	0.481203	-1.216917	-27.871233	0.446144	-1.088415	-28.163245	-0.074348	-1.206796	-28.140552	-0.039304	-1.246377	-27.885146	-0.060749	-1.013596	-27.837941	-0.050068	-1.065125
4990	69.314394	00:01:09:22	-27.978361	1.640831	-1.201807	-27.960461	1.656610	-1.085364	-28.098962	1.624003	-1.122031	-28.010616	1.540867	-1.188374	-28.035015	1.535667	-1.156524	-28.136002	1.506392	-1.250224	-27.866408	1.536708	-1.080056	-28.061154	1.463546	-0.894270	-27.976480	0.753096	-1.601215	-28.007306	1.460823	-0.519425	-28.090525	-0.063434	-2.074909	-28.031546	1.413555	-0.560519	-28.138461	-0.052868	-2.046767	-28.010550	1.439211	-0.557424	-28.072225	-0.064490	-2.097971	-28.200623	0.981260	-1.212599	-28.138272	0.970520	-1.314273	-27.890683	0.976265	-1.028226	-27.841911	0.941846	-1.075197	-28.150531	0.455417	-1.214361	-27.881191	0.472895	-1.033863	-28.168117	-0.088566	-1.225892	-28.164868	-0.077656	-1.267809	-27.878302	-0.054232	-1.008074	-27.833008	-0.070354	-1.077456
4991	69.328288	00:01:09:23	-27.956915	1.639421	-1.234756	-27.946146	1.651307	-1.100267	-28.087975	1.651557	-1.187669	-28.013850	1.557610	-1.179567	-28.019388	1.564355	-1.154139	-28.113166	1.587402	-1.246354	-27.856732	1.546173	-1.098309	-28.099754	1.478323	-0.904967	-27.982547	0.737826	-1.600542	-28.037320	1.426365	-0.503860	-28.087972	-0.062930	-2.079653	-28.050240	1.440266	-0.560498	-28.078780	-0.059214	-2.078269	-28.027702	1.467429	-0.541010	-28.074425	-0.039853	-2.063806	-28.199547	0.968032	-1.219249	-28.155026	0.961790	-1.283598	-27.841274	0.959820	-1.047867	-27.845382	0.999359	-1.085144	-28.194285	0.467140	-1.237197	-27.863547	0.446858	-1.038205	-28.200507	-0.040593	-1.210233	-28.166716	-0.064174	-1.276979	-27.872366	-0.028912	-1.018886	-27.855323	-0.022479	-1.071240
4992	69.342181	00:01:09:24	-27.965935	1.629384	-1.204057	-27.944284	1.652593	-1.064743	-28.097826	1.658269	-1.156450	-27.973258	1.533798	-1.182436	-28.028846	1.533643	-1.124461	-28.127156	1.532819	-1.265027	-27.828325	1.542226	-1.121381	-28.094553	1.493352	-0.904324	-27.957947	0.753464	-1.592136	-28.003837	1.424635	-0.564290	-28.114846	-0.033234	-2.067066	-28.055861	1.416790	-0.567645	-28.085546	-0.064145	-2.066781	-28.068537	1.381266	-0.566441	-28.083190	-0.040066	-2.055981	-28.190312	0.979271	-1.252836	-28.140361	0.969237	-1.270145	-27.880804	0.970834	-1.037675	-27.873200	0.968027	-1.068224	-28.167854	0.481910	-1.260509	-27.850057	0.455797	-1.036500	-28.185921	-0.015582	-1.203707	-28.116731	-0.059553	-1.301336	-27.868505	-0.063924	-1.001018	-27.846741	-0.079817	-1.071364
4993	69.356074	00:01:09:25	-27.956905	1.629255	-1.215481	-27.987845	1.665187	-1.096187	-28.089551	1.681833	-1.162811	-28.005261	1.520285	-1.188380	-28.029787	1.541799	-1.157707	-28.112277	1.539298	-1.263861	-27.833976	1.567191	-1.066339	-28.069108	1.503296	-0.927038	-28.000341	0.759925	-1.566554	-28.029381	1.448341	-0.570274	-28.101544	-0.058142	-2.082003	-28.034812	1.411287	-0.569498	-28.099177	-0.071142	-2.104094	-28.030663	1.424918	-0.547333	-28.088091	-0.042902	-2.067314	-28.151361	0.968336	-1.219445	-28.117191	0.965835	-1.280159	-27.874267	0.976413	-1.047352	-27.843887	0.955847	-1.082603	-28.165295	0.441950	-1.230775	-27.884365	0.451804	-1.046734	-28.203437	-0.069728	-1.208725	-28.132933	-0.076213	-1.269434	-27.860359	-0.052599	-1.018577	-27.824204	-0.060243	-1.072867
4994	69.369968	00:01:09:26	-27.955015	1.645252	-1.235637	-27.972813	1.658196	-1.116937	-28.094834	1.667926	-1.167338	-27.982143	1.540163	-1.183808	-28.037922	1.553897	-1.145273	-28.133398	1.499944	-1.260257	-27.864969	1.547774	-1.082596	-28.054560	1.499674	-0.902844	-28.027060	0.760024	-1.606957	-28.031783	1.425239	-0.540709	-28.092628	-0.043623	-2.053280	-28.019687	1.444606	-0.565516	-28.088445	-0.055529	-2.068151	-28.044107	1.401026	-0.539795	-28.083469	-0.041710	-2.090751	-28.152113	0.971658	-1.214736	-28.122534	0.976692	-1.263748	-27.847687	0.939557	-1.045594	-27.837206	0.972283	-1.085881	-28.160783	0.446715	-1.235162	-27.849422	0.462787	-1.048557	-28.178432	-0.070303	-1.223105	-28.143855	-0.036722	-1.253267	-27.888207	-0.064993	-1.014617	-27.853913	-0.051694	-1.074489
4995	69.383861	00:01:09:27	-27.967650	1.633860	-1.247116	-27.958045	1.649030	-1.095011	-28.095833	1.661958	-1.169302	-28.011990	1.572513	-1.191145	-28.028301	1.535090	-1.122656	-28.119906	1.547008	-1.270127	-27.873843	1.531502	-1.102658	-28.086811	1.475015	-0.944356	-27.961416	0.800129	-1.578018	-28.014217	1.433619	-0.526653	-28.092831	-0.043901	-2.053153	-28.052364	1.438937	-0.537419	-28.072438	-0.066857	-2.033174	-28.052654	1.418341	-0.563689	-28.111317	-0.023416	-2.044443	-28.176624	0.940312	-1.226598	-28.125242	0.954750	-1.300172	-27.863065	0.998436	-1.051526	-27.847258	0.954791	-1.085456	-28.152705	0.450434	-1.257502	-27.849890	0.461393	-1.048852	-28.173806	-0.037785	-1.193954	-28.160411	-0.095310	-1.283913	-27.894204	-0.010067	-1.035491	-27.833763	-0.059451	-1.068396
4996	69.397755	00:01:09:28	-27.990978	1.647310	-1.208668	-27.981228	1.668459	-1.140368	-28.085610	1.665995	-1.133261	-27.984966	1.557763	-1.160325	-28.010024	1.543339	-1.129903	-28.124681	1.550055	-1.280485	-27.860546	1.540254	-1.111356	-28.100049	1.495813	-0.894772	-28.002388	0.739688	-1.574557	-28.025496	1.434626	-0.555970	-28.097293	-0.024430	-2.051942	-28.028669	1.461437	-0.553956	-28.100311	-0.072227	-2.113440	-28.010767	1.413279	-0.592353	-28.099582	-0.063947	-2.042521	-28.160224	0.994085	-1.195387	-28.135889	0.989359	-1.242544	-27.875130	1.024764	-1.022966	-27.837986	0.984344	-1.063591	-28.149891	0.459807	-1.272434	-27.830295	0.458426	-1.059819	-28.162845	-0.035575	-1.196249	-28.158316	-0.077859	-1.238761	-27.883914	-0.075298	-1.037400	-27.864049	-0.091329	-1.101170
4997	69.411648	00:01:09:29	-27.955151	1.631665	-1.244984	-27.964514	1.638973	-1.081913	-28.104841	1.649272	-1.129860	-27.975905	1.558437	-1.179839	-27.999105	1.548427	-1.155363	-28.138303	1.545478	-1.278296	-27.901533	1.560019	-1.102902	-28.120683	1.461792	-0.915240	-27.965977	0.764968	-1.608257	-28.000738	1.446408	-0.525946	-28.073102	-0.028235	-2.059721	-28.039107	1.430617	-0.557982	-28.111929	-0.077997	-2.046486	-28.016057	1.440264	-0.576686	-28.095562	-0.030870	-2.066668	-28.155004	0.979752	-1.246950	-28.148687	0.956640	-1.287626	-27.873584	0.936573	-1.033757	-27.837627	0.985138	-1.082203	-28.143795	0.426900	-1.249180	-27.853015	0.435500	-1.048531	-28.164279	-0.036670	-1.184677	-28.133779	-0.081179	-1.254874	-27.889418	-0.044417	-1.015249	-27.831519	-0.050547	-1.049720
4998	69.425542	00:01:09:30	-27.933196	1.636199	-1.234966	-27.978305	1.662673	-1.089440	-28.093350	1.675586	-1.135962	-27.998368	1.532930	-1.176388	-28.043379	1.578516	-1.161112	-28.108200	1.586282	-1.254820	-27.867807	1.513390	-1.123428	-28.066411	1.457618	-0.922075	-27.954624	0.736480	-1.566626	-28.002711	1.444171	-0.539417	-28.114573	-0.034792	-2.059828	-28.028862	1.454897	-0.578985	-28.083539	-0.031140	-2.047676	-28.021014	1.438750	-0.591577	-28.099325	-0.048994	-2.061066	-28.189818	0.948858	-1.231895	-28.133578	0.955965	-1.298887	-27.866099	0.960923	-1.019339	-27.850730	0.931380	-1.082472	-28.210018	0.453820	-1.245092	-27.882597	0.440316	-1.082600	-28.142099	-0.033181	-1.211353	-28.155808	-0.077560	-1.246569	-27.869518	-0.044779	-0.985414	-27.852290	-0.086381	-1.081991
4999	69.439435	00:01:09:31	-27.981108	1.651092	-1.246568	-27.984588	1.665060	-1.111856	-28.068938	1.636913	-1.156193	-27.987254	1.556183	-1.167140	-28.036756	1.561132	-1.179464	-28.108806	1.545777	-1.270374	-27.887555	1.563543	-1.092535	-28.067946	1.496947	-0.897585	-28.017093	0.744307	-1.556094	-28.037827	1.440357	-0.549366	-28.089436	-0.016844	-2.067518	-28.023123	1.401537	-0.544340	-28.128291	-0.018374	-2.047791	-28.036834	1.443765	-0.566353	-28.089362	-0.056995	-2.074353	-28.167393	0.963884	-1.239487	-28.129796	0.933128	-1.258008	-27.900747	0.976026	-1.011260	-27.829277	0.983103	-1.085364	-28.158667	0.467169	-1.252697	-27.849043	0.482246	-1.061797	-28.173814	-0.043814	-1.192634	-28.153839	-0.059074	-1.253222	-27.852111	-0.079067	-1.046638	-27.789294	-0.045263	-1.080831
5000	69.453329	00:01:09:32	-27.949501	1.669721	-1.219301	-27.982772	1.670632	-1.111150	-28.093560	1.662096	-1.149554	-27.990186	1.543889	-1.150866	-28.015176	1.541515	-1.139396	-28.109049	1.523936	-1.259586	-27.869787	1.539784	-1.121607	-28.071400	1.490592	-0.918137	-27.981695	0.755318	-1.617774	-28.045706	1.420963	-0.553858	-28.090650	-0.051366	-2.072130	-28.027902	1.448977	-0.543360	-28.108192	0.003750	-2.053418	-28.029514	1.467171	-0.556778	-28.089351	-0.061818	-2.055116	-28.183472	0.990562	-1.241741	-28.116623	0.983798	-1.271024	-27.896295	0.943289	-1.035863	-27.850359	0.979275	-1.112772	-28.147137	0.470148	-1.234593	-27.871177	0.452399	-1.043257	-28.167973	-0.022075	-1.201348	-28.175613	-0.054954	-1.244382	-27.891525	-0.044303	-1.028110	-27.847347	-0.065410	-1.058684
5001	69.467222	00:01:09:33	-27.980466	1.660012	-1.266928	-27.964481	1.684927	-1.100464	-28.035038	1.636618	-1.164359	-28.014838	1.535932	-1.175874	-28.031589	1.527232	-1.141739	-28.080882	1.544636	-1.260210	-27.909369	1.541937	-1.119967	-28.082830	1.498178	-0.882061	-27.991053	0.773876	-1.557963	-28.037484	1.434094	-0.547232	-28.087142	-0.025515	-2.057914	-28.041052	1.422664	-0.522956	-28.052704	-0.028561	-2.075882	-28.042427	1.440318	-0.588976	-28.068065	-0.045493	-2.104216	-28.177904	0.969972	-1.213069	-28.136241	0.964512	-1.293140	-27.882352	0.958160	-1.046658	-27.838944	0.959003	-1.098282	-28.169839	0.455304	-1.245223	-27.815744	0.469928	-1.050737	-28.181387	-0.041785	-1.249322	-28.116034	-0.040979	-1.216756	-27.859852	-0.054481	-1.013482	-27.877411	-0.098457	-1.052027
5002	69.481115	00:01:09:34	-27.973698	1.629476	-1.228712	-28.010489	1.672853	-1.102799	-28.073984	1.710432	-1.129387	-27.992014	1.528748	-1.167870	-28.018006	1.552572	-1.169396	-28.160524	1.561315	-1.237496	-27.865934	1.534344	-1.128248	-28.085903	1.517226	-0.904823	-27.980812	0.755004	-1.588802	-28.061510	1.429759	-0.561042	-28.092912	-0.059666	-2.064842	-28.049532	1.448438	-0.537987	-28.096508	-0.038396	-2.051358	-28.021811	1.458662	-0.554301	-28.068846	-0.042801	-2.087915	-28.198944	1.004441	-1.222243	-28.110729	0.974984	-1.305597	-27.885733	0.977790	-1.031448	-27.848998	0.951167	-1.103500	-28.189428	0.479514	-1.262981	-27.860089	0.465635	-1.056814	-28.158407	-0.049817	-1.166865	-28.136929	-0.039134	-1.260668	-27.882314	-0.048464	-1.020014	-27.846769	-0.062086	-1.066010
5003	69.495009	00:01:09:35	-27.964640	1.625294	-1.214020	-27.987859	1.677357	-1.108575	-28.063879	1.680488	-1.126283	-28.018900	1.558627	-1.171756	-28.003403	1.518448	-1.142752	-28.122856	1.542782	-1.256805	-27.875205	1.562008	-1.101449	-28.107963	1.492106	-0.922027	-28.004852	0.755812	-1.583772	-28.031671	1.440144	-0.566563	-28.094672	-0.082499	-2.088150	-28.041207	1.419785	-0.556173	-28.092884	-0.051438	-2.090300	-28.042054	1.415649	-0.554283	-28.119084	-0.049461	-2.016340	-28.203224	0.964474	-1.219089	-28.131221	0.979008	-1.283918	-27.877607	1.003389	-1.026021	-27.814684	0.975253	-1.105816	-28.172680	0.483931	-1.255049	-27.860079	0.444801	-0.999864	-28.195632	-0.054957	-1.200426	-28.162793	-0.064829	-1.259749	-27.886743	-0.047351	-1.026573	-27.863533	-0.050370	-1.067521
5004	69.508902	00:01:09:36	-27.965140	1.617318	-1.217538	-27.956446	1.705513	-1.071530	-28.090303	1.671283	-1.154401	-28.005788	1.550736	-1.198583	-27.990383	1.550184	-1.143579	-28.086892	1.557435	-1.253178	-27.875849	1.533112	-1.079004	-28.091462	1.481898	-0.905786	-27.974375	0.744431	-1.581568	-28.030688	1.435362	-0.560842	-28.112089	-0.043269	-2.071731	-28.045674	1.439447	-0.566821	-28.070890	-0.041309	-2.049956	-28.037556	1.441985	-0.542714	-28.140532	-0.036014	-2.068326	-28.192491	0.955697	-1.226772	-28.121025	0.973285	-1.284655	-27.882898	0.986575	-1.024392	-27.826622	0.928572	-1.073950	-28.185892	0.473783	-1.262555	-27.865796	0.440793	-1.071571	-28.159953	-0.051155	-1.203857	-28.128329	-0.093807	-1.253421	-27.849412	-0.055464	-1.048533	-27.889821	-0.082098	-1.087331
5005	69.522796	00:01:09:37	-27.960417	1.640204	-1.226431	-27.970943	1.666281	-1.113258	-28.066757	1.654647	-1.166796	-28.001661	1.537551	-1.174955	-28.031969	1.560747	-1.129818	-28.166426	1.534662	-1.240109	-27.864170	1.540988	-1.074266	-28.125370	1.511056	-0.903954	-27.996082	0.752716	-1.600742	-28.040797	1.451932	-0.554124	-28.105414	-0.027634	-2.055980	-28.044060	1.421740	-0.539573	-28.067140	-0.055723	-2.043954	-28.009576	1.442140	-0.589418	-28.111728	-0.026481	-2.067226	-28.182144	0.969994	-1.238801	-28.137764	0.961558	-1.273587	-27.833123	0.980769	-1.046136	-27.831128	0.954339	-1.065175	-28.168793	0.430284	-1.244102	-27.899820	0.482037	-1.033502	-28.153485	-0.040993	-1.240082	-28.147443	-0.044655	-1.245272	-27.868188	-0.063997	-1.028257	-27.863816	-0.088985	-1.056284
5006	69.536689	00:01:09:38	-27.966701	1.681248	-1.256432	-27.984986	1.660516	-1.096725	-28.062420	1.648637	-1.152450	-27.996932	1.538564	-1.177180	-28.039012	1.535695	-1.129579	-28.117118	1.542515	-1.243963	-27.864547	1.563058	-1.080505	-28.081978	1.502247	-0.901063	-27.977562	0.786415	-1.575430	-28.013625	1.429933	-0.573988	-28.058848	-0.030495	-2.050702	-28.055646	1.450996	-0.545764	-28.097444	-0.036607	-2.067563	-28.009538	1.446875	-0.542132	-28.095735	-0.033423	-2.095955	-28.180461	0.971828	-1.236820	-28.139847	0.943596	-1.287935	-27.903983	0.970267	-1.038716	-27.857060	0.990853	-1.086927	-28.154846	0.447765	-1.230735	-27.848019	0.441119	-1.079511	-28.174167	-0.059065	-1.218854	-28.144033	-0.067766	-1.247252	-27.892662	-0.065497	-1.024074	-27.874356	-0.063069	-1.078123
5007	69.550583	00:01:09:39	-27.979779	1.619740	-1.223296	-27.988914	1.642641	-1.097600	-28.065249	1.662984	-1.175158	-27.984643	1.528217	-1.178524	-27.991023	1.527656	-1.125582	-28.141154	1.552901	-1.248795	-27.908099	1.575784	-1.096843	-28.096095	1.453246	-0.920796	-27.964674	0.741404	-1.580736	-28.030612	1.435957	-0.547187	-28.123676	-0.036665	-2.074044	-28.030162	1.433627	-0.578240	-28.094424	-0.029865	-2.069428	-28.040948	1.408248	-0.556659	-28.104207	-0.031037	-2.058255	-28.161483	0.996027	-1.207529	-28.134776	0.976929	-1.280122	-27.859735	0.979832	-1.060893	-27.843473	0.943860	-1.101091	-28.145860	0.452322	-1.225406	-27.842036	0.448240	-1.082415	-28.152357	-0.056229	-1.225505	-28.139205	-0.074206	-1.254502	-27.890850	-0.058488	-1.012882	-27.855224	-0.033283	-1.102574
5008	69.564476	00:01:09:40	-27.974823	1.626650	-1.257903	-27.984527	1.683620	-1.096304	-28.077358	1.650503	-1.167767	-27.988539	1.538509	-1.180104	-28.047979	1.556034	-1.128074	-28.124058	1.572521	-1.263177	-27.873437	1.530865	-1.072883	-28.073352	1.494535	-0.886741	-27.999068	0.761838	-1.575786	-28.048604	1.437723	-0.515333	-28.068302	-0.037521	-2.057923	-28.044792	1.424852	-0.564040	-28.097736	-0.054964	-2.050900	-28.025230	1.467854	-0.577360	-28.119606	-0.069231	-2.070692	-28.157414	0.957303	-1.224037	-28.097900	0.968095	-1.288227	-27.863307	0.956915	-1.051044	-27.855117	0.962725	-1.110352	-28.143905	0.455998	-1.266649	-27.868488	0.468260	-1.061452	-28.185722	-0.055350	-1.212828	-28.089586	-0.091125	-1.252692	-27.885744	-0.053205	-1.003789	-27.816123	-0.061741	-1.079813
5009	69.578370	00:01:09:41	-27.986246	1.621288	-1.225046	-27.998160	1.673257	-1.125517	-28.071385	1.646029	-1.144457	-27.986456	1.543357	-1.221319	-28.024290	1.539001	-1.139359	-28.112060	1.558900	-1.232710	-27.876171	1.515428	-1.101523	-28.086988	1.467364	-0.909146	-28.021735	0.731560	-1.584860	-28.014284	1.476932	-0.549964	-28.056355	-0.059171	-2.067136	-28.036218	1.416796	-0.538407	-28.083042	-0.060067	-2.052284	-28.074460	1.435898	-0.519910	-28.127196	-0.061867	-2.064173	-28.196373	0.950798	-1.218804	-28.112288	0.966878	-1.294335	-27.892022	0.951211	-1.065024	-27.839898	0.978217	-1.115511	-28.147412	0.440716	-1.237182	-27.868785	0.473575	-1.029668	-28.180659	-0.069881	-1.197590	-28.142885	-0.056083	-1.265091	-27.897038	-0.051158	-0.957721	-27.849087	-0.056093	-1.069824
5010	69.592263	00:01:09:42	-27.956779	1.672637	-1.213930	-27.953105	1.682348	-1.075392	-28.092247	1.677305	-1.123035	-28.012742	1.535505	-1.177319	-28.007130	1.550372	-1.132930	-28.121019	1.561930	-1.241341	-27.855714	1.543780	-1.102522	-28.094099	1.434563	-0.926562	-27.972283	0.743056	-1.604727	-28.054793	1.442071	-0.559563	-28.085717	-0.026369	-2.073065	-28.028074	1.413355	-0.561557	-28.115201	-0.069333	-2.067206	-28.028514	1.434137	-0.560448	-28.099996	-0.072404	-2.048249	-28.151637	0.971600	-1.227236	-28.185849	0.966485	-1.276178	-27.852255	0.971409	-1.034494	-27.825260	0.962605	-1.099964	-28.203131	0.488521	-1.245033	-27.845227	0.462948	-1.046200	-28.175397	-0.045727	-1.192546	-28.135959	-0.086981	-1.243692	-27.909242	-0.075216	-1.017051	-27.855719	-0.081557	-1.059292
5011	69.606156	00:01:09:43	-27.988717	1.656828	-1.242083	-27.969049	1.654042	-1.084378	-28.111342	1.637169	-1.196862	-28.003704	1.533903	-1.194363	-28.024624	1.544497	-1.128588	-28.079920	1.526004	-1.231968	-27.874693	1.511341	-1.116929	-28.084093	1.496404	-0.902011	-27.968369	0.750124	-1.574421	-28.036522	1.458216	-0.545296	-28.081497	-0.025522	-2.041719	-28.029773	1.394961	-0.571332	-28.104158	-0.076161	-2.050062	-28.048661	1.453010	-0.547651	-28.126554	-0.033125	-2.056562	-28.174788	0.951626	-1.241341	-28.142996	0.949786	-1.262313	-27.876808	0.957976	-1.001932	-27.843890	0.951125	-1.073157	-28.164442	0.424376	-1.257717	-27.853671	0.438957	-1.049946	-28.169420	-0.067340	-1.208649	-28.139267	-0.082848	-1.272765	-27.861603	-0.065229	-1.011638	-27.852106	-0.046660	-1.051040
5012	69.620050	00:01:09:44	-27.952555	1.623220	-1.209318	-27.991382	1.700700	-1.090849	-28.063182	1.645168	-1.176791	-27.995644	1.563611	-1.179244	-28.051272	1.539644	-1.137730	-28.080506	1.533550	-1.256985	-27.866393	1.543629	-1.104712	-28.069069	1.493536	-0.896183	-27.982541	0.741694	-1.588784	-28.038456	1.448747	-0.592006	-28.120482	-0.041740	-2.071396	-28.058496	1.446748	-0.554464	-28.119279	-0.081305	-2.087064	-28.038302	1.413700	-0.547091	-28.110986	-0.075311	-2.131856	-28.207768	0.956991	-1.208732	-28.144367	0.957706	-1.293275	-27.881221	0.965647	-1.009862	-27.863462	0.945220	-1.056220	-28.179428	0.454323	-1.250705	-27.858147	0.491805	-1.038710	-28.180964	-0.055196	-1.179272	-28.144081	-0.062737	-1.259148	-27.882550	-0.040337	-1.029325	-27.834425	-0.074160	-1.107119
5013	69.633943	00:01:09:45	-27.946841	1.607476	-1.237645	-27.953660	1.656336	-1.099728	-28.059801	1.667435	-1.194347	-27.987547	1.511303	-1.189556	-28.010875	1.555909	-1.149298	-28.105322	1.527528	-1.257981	-27.872843	1.529243	-1.101319	-28.072395	1.504894	-0.909116	-28.007266	0.710191	-1.571555	-28.025095	1.446967	-0.547205	-28.105631	-0.036935	-2.050027	-28.022390	1.442090	-0.570462	-28.113483	-0.081875	-2.067260	-28.067504	1.401183	-0.557529	-28.085341	-0.024001	-2.022889	-28.178235	0.948636	-1.226580	-28.146759	0.995326	-1.248399	-27.862162	0.973881	-1.029425	-27.818936	0.935876	-1.079056	-28.169094	0.436511	-1.230047	-27.877682	0.482032	-1.053556	-28.177589	-0.054633	-1.193804	-28.122622	-0.070783	-1.256996	-27.835179	-0.050284	-1.030495	-27.860130	-0.076291	-1.088076
5014	69.647837	00:01:09:46	-27.967214	1.629159	-1.223336	-27.969908	1.697772	-1.086813	-28.105900	1.638165	-1.152719	-27.975665	1.572011	-1.188539	-28.032103	1.537827	-1.162906	-28.132357	1.524158	-1.281542	-27.875025	1.525342	-1.073540	-28.087977	1.476467	-0.914021	-27.925954	0.746207	-1.578465	-28.026951	1.414667	-0.532245	-28.069691	-0.031038	-2.052224	-28.014027	1.435693	-0.566829	-28.084048	-0.043588	-2.068387	-28.037074	1.419102	-0.544683	-28.091972	-0.075408	-2.051828	-28.176298	0.956587	-1.238661	-28.177476	0.967190	-1.262815	-27.857237	0.986880	-1.028364	-27.839774	0.966761	-1.074171	-28.192015	0.460647	-1.221961	-27.818212	0.454863	-1.072876	-28.169765	-0.054795	-1.214948	-28.134437	-0.087574	-1.248979	-27.871331	-0.060809	-1.015502	-27.882620	-0.093222	-1.097752
5015	69.661730	00:01:09:47	-27.972497	1.618169	-1.257111	-27.968035	1.656572	-1.075521	-28.076502	1.654992	-1.169214	-27.970427	1.553979	-1.201025	-28.027127	1.545102	-1.157043	-28.138526	1.544501	-1.237192	-27.865169	1.490285	-1.078581	-28.074000	1.519074	-0.882158	-28.012149	0.749298	-1.595986	-28.016605	1.413317	-0.554573	-28.104353	-0.049604	-2.071978	-28.042571	1.436561	-0.590494	-28.094560	-0.011682	-2.057523	-28.014194	1.426735	-0.570012	-28.098519	-0.037925	-2.053393	-28.161758	0.982192	-1.213356	-28.145861	0.994187	-1.307962	-27.856844	0.960768	-1.063404	-27.829758	0.980193	-1.075986	-28.190152	0.454412	-1.263647	-27.828899	0.458446	-1.042427	-28.207018	-0.046202	-1.192252	-28.177649	-0.047869	-1.271012	-27.883461	-0.065134	-1.047557	-27.857838	-0.049140	-1.069455
5016	69.675624	00:01:09:48	-27.968347	1.657216	-1.252979	-27.987072	1.667013	-1.109931	-28.107612	1.649027	-1.145190	-28.013797	1.544566	-1.197127	-28.006587	1.531006	-1.145975	-28.145686	1.549599	-1.242227	-27.893073	1.511530	-1.105460	-28.092577	1.475342	-0.926501	-27.980786	0.748592	-1.577829	-28.044517	1.404401	-0.568395	-28.107747	-0.033417	-2.058246	-28.041947	1.429669	-0.549293	-28.066407	-0.059729	-2.027959	-28.020284	1.430526	-0.561142	-28.094728	-0.054940	-2.100755	-28.155159	0.948017	-1.241527	-28.160126	0.964437	-1.257235	-27.877483	0.979124	-1.047560	-27.855741	0.976258	-1.103766	-28.137143	0.452559	-1.200390	-27.854327	0.458901	-1.065505	-28.176090	-0.026021	-1.225572	-28.157840	-0.061007	-1.258558	-27.875143	-0.045919	-1.014120	-27.859339	-0.052576	-1.101810
5017	69.689517	00:01:09:49	-27.958232	1.630267	-1.246244	-27.961453	1.630304	-1.102873	-28.097047	1.658760	-1.143441	-28.000691	1.528441	-1.191535	-28.013717	1.571332	-1.126348	-28.117941	1.561957	-1.267259	-27.907344	1.529431	-1.090064	-28.080656	1.484999	-0.924199	-27.974432	0.752156	-1.586504	-28.009396	1.397428	-0.569436	-28.120086	-0.044998	-2.061668	-28.017786	1.426843	-0.536398	-28.110847	-0.065622	-2.103435	-28.036068	1.414035	-0.562779	-28.099398	-0.052304	-2.055523	-28.215201	0.972131	-1.239659	-28.156201	0.959879	-1.303409	-27.853474	0.979723	-1.016405	-27.849054	0.952953	-1.098420	-28.176761	0.452640	-1.244966	-27.852880	0.442445	-1.045880	-28.192140	-0.047169	-1.164792	-28.128144	-0.067272	-1.247337	-27.857798	-0.042076	-1.033714	-27.824692	-0.070224	-1.109567
5018	69.703411	00:01:09:50	-27.969336	1.688073	-1.252459	-27.964950	1.692861	-1.087244	-28.094711	1.711223	-1.165231	-28.009544	1.527543	-1.160434	-28.010699	1.578176	-1.151292	-28.132608	1.543475	-1.259568	-27.887709	1.524530	-1.097275	-28.076565	1.474042	-0.905374	-28.001511	0.743283	-1.558358	-28.049748	1.462260	-0.585477	-28.089475	-0.051755	-2.048947	-28.025388	1.412291	-0.579777	-28.098575	-0.031436	-2.046374	-28.036584	1.456205	-0.576295	-28.108463	-0.050082	-2.035567	-28.189403	0.948218	-1.217864	-28.163279	0.941757	-1.270216	-27.861629	0.954351	-1.003059	-27.832363	0.956879	-1.081276	-28.138828	0.448098	-1.253427	-27.863986	0.470680	-1.048087	-28.200574	-0.032541	-1.202263	-28.144289	-0.069594	-1.259700	-27.861874	-0.048422	-0.998747	-27.849520	-0.075243	-1.062421
5019	69.717304	00:01:09:51	-27.951753	1.623636	-1.232962	-27.957790	1.664741	-1.066865	-28.098615	1.654137	-1.159455	-28.010131	1.545704	-1.165024	-28.028394	1.524286	-1.167060	-28.125993	1.560694	-1.263194	-27.889501	1.517543	-1.090456	-28.081673	1.475533	-0.904536	-27.960741	0.741936	-1.570333	-28.046516	1.456989	-0.555698	-28.084900	-0.053790	-2.065750	-28.055620	1.403004	-0.525144	-28.079851	-0.063069	-2.041156	-28.048631	1.420178	-0.546283	-28.070974	-0.024828	-2.081807	-28.209427	0.954862	-1.225122	-28.121847	0.978538	-1.312700	-27.874098	1.019592	-1.034128	-27.847334	1.000708	-1.094051	-28.171429	0.437850	-1.246976	-27.885993	0.445517	-1.049457	-28.170016	-0.054086	-1.226097	-28.138108	-0.094451	-1.262816	-27.872188	-0.063377	-1.051314	-27.831852	-0.053610	-1.087595
5020	69.731197	00:01:09:52	-27.965687	1.615578	-1.232178	-27.974347	1.681528	-1.106962	-28.091677	1.679123	-1.151850	-28.004154	1.537689	-1.192802	-28.008301	1.564909	-1.147917	-28.117039	1.535702	-1.283483	-27.887083	1.550319	-1.125739	-28.073402	1.482372	-0.906646	-27.976629	0.742588	-1.568135	-28.023149	1.396646	-0.562184	-28.102833	-0.059075	-2.053103	-28.012178	1.424863	-0.537429	-28.078024	-0.031925	-2.054622	-28.042480	1.403927	-0.542898	-28.083554	-0.028338	-2.045910	-28.204478	1.008777	-1.195792	-28.161519	0.984037	-1.286250	-27.870174	1.010494	-1.034646	-27.841532	0.942664	-1.113201	-28.141636	0.460699	-1.239899	-27.859785	0.439632	-1.045230	-28.189302	-0.050492	-1.215879	-28.162681	-0.058288	-1.266954	-27.897432	-0.045111	-1.021615	-27.857140	-0.046132	-1.065567
5021	69.745091	00:01:09:53	-27.949866	1.619609	-1.224508	-27.983205	1.651024	-1.059403	-28.095503	1.662853	-1.156926	-27.982460	1.569741	-1.171144	-28.012673	1.559521	-1.140816	-28.126734	1.526030	-1.235424	-27.846710	1.566027	-1.076408	-28.045243	1.502406	-0.921069	-27.980156	0.732528	-1.598026	-28.036290	1.418217	-0.543594	-28.077797	-0.051397	-2.062964	-28.040429	1.430165	-0.537969	-28.114864	-0.037841	-2.101482	-28.025345	1.418863	-0.567028	-28.101259	-0.060094	-2.048831	-28.161760	0.961403	-1.208349	-28.124181	0.953974	-1.267465	-27.851109	0.987853	-1.040228	-27.838338	0.975861	-1.069865	-28.172817	0.459056	-1.247592	-27.846008	0.478470	-1.056874	-28.175656	-0.039651	-1.212443	-28.147600	-0.043718	-1.283092	-27.869365	-0.063021	-1.015765	-27.857165	-0.041617	-1.054212
5022	69.758984	00:01:09:54	-27.951159	1.646978	-1.228492	-27.972466	1.647360	-1.124958	-28.051565	1.701385	-1.214910	-27.995062	1.514806	-1.168130	-28.009863	1.533427	-1.126337	-28.140265	1.512400	-1.248389	-27.872215	1.572897	-1.107936	-28.087804	1.469958	-0.894661	-27.995326	0.742897	-1.575109	-28.066548	1.452413	-0.549350	-28.088307	-0.031353	-2.096536	-28.011221	1.442505	-0.558820	-28.099161	-0.062427	-2.044014	-28.038714	1.420546	-0.561879	-28.083549	-0.054613	-2.078251	-28.201124	0.957112	-1.242936	-28.169750	0.963620	-1.272305	-27.856586	0.962394	-1.031973	-27.841205	0.958692	-1.094595	-28.167245	0.442899	-1.287340	-27.868506	0.468718	-1.046757	-28.152940	-0.040527	-1.206035	-28.133676	-0.033433	-1.267145	-27.879283	-0.069847	-1.041922	-27.852803	-0.044994	-1.076195
5023	69.772878	00:01:09:55	-27.975190	1.649414	-1.219037	-27.970951	1.701143	-1.093407	-28.097247	1.654590	-1.147742	-28.024534	1.553239	-1.148203	-28.033257	1.538521	-1.145240	-28.116397	1.513361	-1.258999	-27.860873	1.557338	-1.112641	-28.087486	1.488127	-0.920827	-27.983687	0.746185	-1.569845	-28.013307	1.424423	-0.557569	-28.088593	-0.058537	-2.088847	-28.027103	1.456571	-0.566924	-28.106562	-0.041594	-2.064599	-28.064486	1.471132	-0.556419	-28.069073	-0.041075	-2.072663	-28.159270	0.983071	-1.246161	-28.140559	0.993394	-1.280802	-27.896899	0.979313	-1.021958	-27.808650	0.975386	-1.090328	-28.155864	0.461229	-1.202863	-27.847255	0.459785	-1.046172	-28.167448	-0.042994	-1.233976	-28.131993	-0.036145	-1.253383	-27.864092	-0.027826	-1.022025	-27.855884	-0.063215	-1.082254
5024	69.786771	00:01:09:56	-27.985777	1.633063	-1.232180	-27.963305	1.692182	-1.097716	-28.091043	1.636410	-1.132229	-27.965759	1.541059	-1.196968	-27.986633	1.552906	-1.141695	-28.116416	1.555299	-1.227815	-27.844465	1.549923	-1.098100	-28.081511	1.466975	-0.932994	-27.983882	0.741381	-1.578691	-28.037805	1.449715	-0.542042	-28.089646	-0.017385	-2.038374	-28.057898	1.433311	-0.551957	-28.117464	-0.027495	-2.058752	-28.055660	1.439806	-0.561234	-28.097233	-0.053903	-2.096665	-28.165819	0.997193	-1.219893	-28.165992	0.973327	-1.259036	-27.858053	0.967589	-1.044622	-27.868290	0.996047	-1.098738	-28.196064	0.425577	-1.270154	-27.874975	0.423727	-1.043595	-28.195546	-0.054074	-1.186457	-28.129326	-0.062224	-1.273033	-27.874576	-0.059168	-1.007444	-27.841456	-0.063485	-1.087256
5025	69.800665	00:01:09:57	-27.973372	1.650676	-1.246044	-27.980999	1.670854	-1.054900	-28.065748	1.659211	-1.167407	-27.993447	1.540154	-1.198991	-28.021837	1.567396	-1.145507	-28.122600	1.548019	-1.233790	-27.880528	1.537022	-1.080661	-28.096872	1.457641	-0.897428	-27.979381	0.750222	-1.579148	-28.038116	1.432400	-0.527364	-28.097261	-0.023499	-2.057864	-28.043575	1.420799	-0.555224	-28.071038	-0.068589	-2.072435	-27.978704	1.446131	-0.552252	-28.090483	-0.054707	-2.037824	-28.206904	0.963961	-1.250336	-28.128407	0.955164	-1.299582	-27.878723	0.970360	-1.038030	-27.859707	0.952706	-1.115168	-28.157483	0.449525	-1.252917	-27.858164	0.473039	-1.035321	-28.173169	-0.062370	-1.229563	-28.122734	-0.054203	-1.229186	-27.864155	-0.048360	-1.011505	-27.851749	-0.077151	-1.049467
5026	69.814558	00:01:09:58	-27.978267	1.642501	-1.194392	-28.003722	1.646574	-1.103709	-28.077629	1.648886	-1.152936	-28.012749	1.553681	-1.191872	-28.037501	1.526438	-1.167494	-28.126049	1.528054	-1.281442	-27.885052	1.529811	-1.084466	-28.069599	1.494125	-0.930307	-27.973244	0.753617	-1.585843	-28.044086	1.463856	-0.561931	-28.073903	-0.045494	-2.057277	-28.027987	1.456870	-0.569015	-28.071220	-0.041174	-2.080310	-28.053892	1.420426	-0.531258	-28.100854	-0.054266	-2.066739	-28.188827	0.981642	-1.224076	-28.140184	0.937952	-1.288902	-27.843937	0.942874	-1.015638	-27.870136	0.944401	-1.069876	-28.122670	0.446435	-1.228066	-27.859308	0.432562	-1.061769	-28.173963	-0.052478	-1.213757	-28.150245	-0.058854	-1.236903	-27.880282	-0.063495	-1.016157	-27.853888	-0.057286	-1.079726
5027	69.828452	00:01:09:59	-27.976762	1.629325	-1.229332	-27.963033	1.653372	-1.125386	-28.072966	1.639056	-1.164175	-28.014403	1.533021	-1.157662	-28.003425	1.511802	-1.168616	-28.135655	1.531238	-1.266936	-27.850254	1.544082	-1.102666	-28.088924	1.501238	-0.894684	-27.980190	0.775925	-1.572609	-28.024811	1.441907	-0.567184	-28.094847	-0.028596	-2.086620	-28.039212	1.433042	-0.569334	-28.116002	-0.033051	-2.081954	-28.025377	1.437720	-0.590499	-28.076986	-0.036408	-2.029693	-28.172476	0.945494	-1.231833	-28.124279	0.952404	-1.286381	-27.871531	0.986448	-1.028432	-27.822716	0.957640	-1.078577	-28.148415	0.498193	-1.209421	-27.868295	0.436267	-1.060690	-28.160624	-0.012296	-1.210055	-28.152161	-0.070370	-1.267538	-27.861358	-0.036147	-1.014375	-27.801493	-0.075471	-1.061074
5028	69.842345	00:01:09:60	-27.924264	1.659457	-1.226778	-27.964650	1.656921	-1.119046	-28.106114	1.684405	-1.176311	-27.998358	1.576868	-1.139586	-28.019960	1.556152	-1.160054	-28.114938	1.585794	-1.244554	-27.914407	1.546159	-1.088802	-28.067766	1.494516	-0.920911	-27.979993	0.713833	-1.601532	-28.041984	1.419572	-0.536181	-28.099344	-0.059736	-2.048505	-28.055581	1.415807	-0.541205	-28.113307	-0.029439	-2.063309	-28.049969	1.437925	-0.559441	-28.078318	-0.045879	-2.056884	-28.181919	0.965119	-1.207449	-28.157814	0.955963	-1.271427	-27.856774	0.951923	-1.045821	-27.871810	0.939463	-1.073869	-28.118319	0.468370	-1.231171	-27.867896	0.476792	-1.047407	-28.202182	-0.045500	-1.222640	-28.184577	-0.079647	-1.240219	-27.891000	-0.057183	-1.018500	-27.856714	-0.049968	-1.071376
5029	69.856238	00:01:09:61	-27.968978	1.639277	-1.229467	-27.989564	1.660911	-1.092475	-28.105831	1.675451	-1.193317	-28.014412	1.526423	-1.166074	-28.001122	1.541337	-1.163556	-28.106474	1.560372	-1.241694	-27.859683	1.536293	-1.100476	-28.083476	1.520003	-0.898060	-28.015891	0.746399	-1.565385	-28.034551	1.443392	-0.567253	-28.096948	-0.061709	-2.030629	-28.043102	1.434586	-0.554388	-28.100461	-0.029913	-2.023553	-28.015380	1.446492	-0.553727	-28.114484	-0.050990	-2.068816	-28.172626	0.949693	-1.236102	-28.145541	0.954606	-1.266668	-27.891721	0.979073	-1.064689	-27.861753	0.957498	-1.102081	-28.164659	0.459456	-1.274734	-27.840614	0.469607	-1.043261	-28.159789	-0.062345	-1.224148	-28.115209	-0.047417	-1.261381	-27.871012	-0.034575	-1.020205	-27.865734	-0.076637	-1.075192
5030	69.870132	00:01:09:62	-27.951254	1.647496	-1.226406	-27.979723	1.665556	-1.078532	-28.101155	1.670012	-1.154216	-28.025917	1.527572	-1.183109	-28.019823	1.534494	-1.168637	-28.151119	1.522577	-1.273064	-27.871629	1.531239	-1.099618	-28.084994	1.500177	-0.930142	-27.981586	0.758730	-1.569561	-28.046992	1.417628	-0.553351	-28.057870	-0.028689	-2.076603	-28.024090	1.427666	-0.548221	-28.089541	-0.019146	-2.040956	-28.052702	1.437553	-0.539076	-28.094182	-0.079232	-2.048702	-28.170679	0.975315	-1.225124	-28.121490	0.950307	-1.272181	-27.884551	0.972783	-1.022241	-27.862969	0.957236	-1.105529	-28.183989	0.456256	-1.256357	-27.861604	0.442224	-1.065809	-28.149054	-0.042741	-1.218401	-28.126345	-0.066322	-1.269094	-27.868043	-0.055262	-1.025556	-27.837202	-0.076744	-1.081472
5031	69.884025	00:01:09:63	-27.946578	1.644808	-1.259969	-27.989196	1.645898	-1.089154	-28.101687	1.715221	-1.151517	-28.023353	1.556430	-1.175970	-28.016010	1.548002	-1.153680	-28.133577	1.516557	-1.246997	-27.866702	1.553336	-1.111887	-28.064320	1.504745	-0.907751	-27.981836	0.785249	-1.580813	-28.023980	1.402816	-0.552512	-28.106340	-0.049342	-2.084439	-28.037879	1.448695	-0.552706	-28.087447	-0.050296	-2.064150	-28.020823	1.456198	-0.530755	-28.087180	-0.052348	-2.075564	-28.164613	0.988957	-1.228440	-28.124369	0.982933	-1.266830	-27.868907	0.994105	-1.038096	-27.828364	0.963926	-1.073212	-28.151181	0.415978	-1.236463	-27.832148	0.426870	-1.054548	-28.181857	-0.029644	-1.189811	-28.147065	-0.055813	-1.239010	-27.880229	-0.036435	-1.012292	-27.837768	-0.030128	-1.090606
5032	69.897919	00:01:09:64	-27.951204	1.633554	-1.240017	-27.996414	1.687817	-1.108716	-28.082218	1.673861	-1.166790	-28.007994	1.535507	-1.204416	-28.010125	1.580492	-1.111390	-28.112636	1.552509	-1.272042	-27.868042	1.545547	-1.086467	-28.069230	1.472685	-0.905061	-27.993843	0.780949	-1.587302	-28.026613	1.417552	-0.561183	-28.113742	-0.056842	-2.057137	-28.044377	1.412353	-0.541515	-28.081044	-0.039909	-2.041108	-28.043009	1.425300	-0.528110	-28.129253	-0.058426	-2.069391	-28.193158	1.000944	-1.231153	-28.121791	0.988972	-1.283997	-27.832085	0.955285	-1.049001	-27.838334	0.966293	-1.119385	-28.172915	0.457661	-1.251156	-27.836378	0.444713	-1.072861	-28.173802	-0.046982	-1.236619	-28.136112	-0.077833	-1.251416	-27.877020	-0.049604	-1.030727	-27.839040	-0.039449	-1.069547
5033	69.911812	00:01:09:65	-27.966058	1.656580	-1.235643	-27.994031	1.696471	-1.100430	-28.080613	1.642264	-1.150801	-28.020645	1.522147	-1.174963	-28.032549	1.531510	-1.155115	-28.097969	1.554832	-1.238272	-27.862193	1.564256	-1.121030	-28.070373	1.495067	-0.853908	-27.982810	0.762413	-1.581530	-28.013387	1.453018	-0.539387	-28.079322	-0.055358	-2.045808	-28.031792	1.450330	-0.560412	-28.079265	-0.061023	-2.071327	-28.024699	1.444713	-0.575134	-28.094581	-0.068330	-2.066465	-28.176003	0.951912	-1.239364	-28.148113	0.948565	-1.257721	-27.864593	0.939152	-1.021007	-27.827245	0.962713	-1.093003	-28.172925	0.438329	-1.265496	-27.858512	0.451810	-1.082174	-28.155447	-0.062590	-1.234835	-28.116030	-0.081514	-1.253250	-27.875269	-0.027209	-1.005783	-27.845706	-0.050879	-1.075616
5034	69.925706	00:01:09:66	-27.941427	1.640617	-1.237890	-27.972725	1.679521	-1.099747	-28.080708	1.671429	-1.161273	-28.018627	1.550351	-1.172233	-28.014803	1.526304	-1.175002	-28.121473	1.518592	-1.254128	-27.881518	1.542025	-1.089783	-28.104385	1.482956	-0.881475	-27.951234	0.716689	-1.556513	-28.017154	1.453930	-0.550884	-28.091025	-0.005049	-2.078239	-28.043558	1.414889	-0.557916	-28.104222	-0.035396	-2.069741	-28.018193	1.422927	-0.535678	-28.086294	-0.027953	-2.079648	-28.189133	0.942364	-1.215972	-28.132716	0.940554	-1.291121	-27.859480	0.976829	-1.035224	-27.840421	0.959253	-1.093962	-28.146127	0.451372	-1.270223	-27.852256	0.460640	-1.056059	-28.171161	-0.026581	-1.206659	-28.104473	-0.047849	-1.254654	-27.875210	-0.057992	-0.995203	-27.858240	-0.084007	-1.076052
5035	69.939599	00:01:09:67	-27.967382	1.650525	-1.210601	-27.973447	1.653952	-1.058399	-28.099303	1.648145	-1.152551	-27.997086	1.502257	-1.196816	-28.020185	1.560451	-1.149927	-28.147791	1.559262	-1.248229	-27.846247	1.540378	-1.120900	-28.101721	1.476994	-0.919278	-27.961955	0.770006	-1.575688	-28.044974	1.442132	-0.524280	-28.117789	-0.052216	-2.081133	-28.054739	1.431063	-0.551125	-28.082845	-0.027688	-2.078644	-28.032245	1.445626	-0.546978	-28.091041	-0.064900	-2.077790	-28.170410	0.986535	-1.222133	-28.141403	0.971797	-1.259543	-27.868077	0.955139	-1.032858	-27.857525	0.960439	-1.101001	-28.172404	0.464566	-1.261330	-27.865414	0.449239	-1.067372	-28.196861	-0.055085	-1.194486	-28.155439	-0.057859	-1.273176	-27.854159	-0.050402	-1.001277	-27.843077	-0.082348	-1.064309
5036	69.953493	00:01:09:68	-27.987561	1.642395	-1.200918	-27.983654	1.645018	-1.093450	-28.079538	1.641916	-1.160568	-27.997993	1.535138	-1.210125	-28.000689	1.514436	-1.156188	-28.104819	1.539956	-1.251032	-27.874674	1.544667	-1.118824	-28.095869	1.495078	-0.893858	-28.003633	0.742196	-1.574778	-28.045695	1.417133	-0.557095	-28.099266	-0.062714	-2.040773	-28.026499	1.421158	-0.546895	-28.088535	-0.006706	-2.055831	-28.037170	1.427826	-0.554381	-28.105257	-0.045949	-2.036927	-28.200479	0.967906	-1.206155	-28.148706	0.929510	-1.283259	-27.828459	0.974624	-1.045933	-27.846550	0.990356	-1.066137	-28.160385	0.426579	-1.235661	-27.853460	0.469548	-1.041718	-28.175482	-0.047906	-1.182709	-28.137629	-0.038254	-1.244428	-27.893808	-0.086506	-1.032575	-27.833372	-0.081167	-1.069283
5037	69.967386	00:01:09:69	-27.968954	1.648577	-1.238217	-27.999682	1.661819	-1.101965	-28.076990	1.654254	-1.163408	-27.989908	1.544474	-1.170610	-28.009065	1.569192	-1.173553	-28.117808	1.570112	-1.266005	-27.895037	1.513356	-1.068595	-28.076331	1.486682	-0.924265	-27.974141	0.757445	-1.592772	-28.043777	1.445437	-0.566653	-28.124842	-0.042338	-2.063993	-28.016096	1.458222	-0.529210	-28.114351	-0.057783	-2.119473	-28.048112	1.392492	-0.568361	-28.085803	-0.018643	-2.080512	-28.217020	0.968316	-1.225790	-28.124121	0.958599	-1.291014	-27.868770	0.960179	-1.046316	-27.842892	0.929976	-1.038341	-28.153103	0.460217	-1.230120	-27.853832	0.415864	-1.074044	-28.186527	-0.041225	-1.211497	-28.158078	-0.069516	-1.263397	-27.869363	-0.059234	-1.007878	-27.857258	-0.079238	-1.069037
5038	69.981279	00:01:09:70	-27.968629	1.676202	-1.228177	-27.997727	1.661865	-1.079679	-28.092701	1.670998	-1.169991	-27.983111	1.531280	-1.179486	-28.015398	1.559331	-1.128777	-28.102164	1.545349	-1.273864	-27.865357	1.549904	-1.082247	-28.061526	1.480091	-0.921173	-27.997608	0.736474	-1.550953	-28.030045	1.428682	-0.585913	-28.105741	-0.050557	-2.014053	-28.054316	1.409839	-0.558809	-28.102544	-0.054998	-2.047025	-28.043187	1.441273	-0.547793	-28.103364	-0.046073	-2.066808	-28.171667	0.973727	-1.224007	-28.152966	0.955174	-1.288911	-27.875346	0.968495	-1.069488	-27.821915	0.959314	-1.090341	-28.161621	0.454259	-1.217858	-27.845085	0.479103	-1.060416	-28.174699	-0.051925	-1.190629	-28.147185	-0.038413	-1.250972	-27.850996	-0.029122	-1.024178	-27.840043	-0.060431	-1.068322
5039	69.995173	00:01:09:71	-27.953340	1.642939	-1.201373	-27.996610	1.652258	-1.097156	-28.115848	1.648965	-1.176846	-28.042529	1.549342	-1.178983	-28.021165	1.565815	-1.129627	-28.129770	1.551960	-1.248184	-27.894804	1.556322	-1.128180	-28.085167	1.487963	-0.895575	-27.961056	0.742588	-1.596944	-28.010333	1.396149	-0.557837	-28.083930	-0.019186	-2.061731	-28.035513	1.437771	-0.561084	-28.119710	-0.073166	-2.040754	-28.019001	1.421329	-0.534237	-28.101491	-0.056375	-2.040854	-28.160550	0.989839	-1.228769	-28.173547	0.944494	-1.312282	-27.874875	0.987468	-1.020537	-27.816603	0.954181	-1.064461	-28.159314	0.465278	-1.231126	-27.884974	0.481140	-1.050563	-28.173370	-0.037356	-1.196517	-28.181881	-0.067772	-1.286734	-27.872516	-0.045343	-1.016205	-27.856096	-0.074999	-1.041872
5040	70.009066	00:01:10:00	-27.958010	1.665975	-1.219643	-27.979265	1.647604	-1.133468	-28.088751	1.647176	-1.176210	-28.013658	1.526266	-1.154638	-28.032404	1.554162	-1.154578	-28.127130	1.530498	-1.256117	-27.881667	1.542317	-1.095725	-28.089972	1.527072	-0.877767	-27.967731	0.743134	-1.577942	-28.005767	1.443974	-0.555513	-28.089333	-0.048098	-2.073671	-28.026883	1.441578	-0.545818	-28.109877	-0.026483	-2.046907	-28.019149	1.415964	-0.547554	-28.086523	-0.067405	-2.089070	-28.192346	0.936360	-1.219405	-28.159186	0.949705	-1.277951	-27.861339	0.954312	-1.042951	-27.846449	0.961467	-1.141834	-28.158102	0.423129	-1.255988	-27.866740	0.457457	-1.036946	-28.204699	-0.039332	-1.221008	-28.170264	-0.038689	-1.268218	-27.881467	-0.047219	-1.019252	-27.833201	-0.072308	-1.048949
5041	70.022960	00:01:10:01	-27.953684	1.639698	-1.228597	-27.979012	1.659357	-1.097309	-28.094765	1.653215	-1.146882	-27.994876	1.559677	-1.173462	-28.013315	1.521964	-1.169880	-28.114993	1.573965	-1.272544	-27.896563	1.529575	-1.124426	-28.068144	1.492788	-0.911513	-27.980771	0.756692	-1.591958	-28.020955	1.437303	-0.540680	-28.098685	-0.044707	-2.080646	-28.022821	1.425935	-0.558955	-28.103978	-0.019781	-2.057526	-28.012070	1.444120	-0.537927	-28.105285	-0.044785	-2.053354	-28.173640	0.976577	-1.230911	-28.124264	1.000648	-1.297386	-27.875012	0.965582	-1.048765	-27.869732	0.941284	-1.059941	-28.159657	0.478556	-1.217102	-27.857489	0.463921	-1.079334	-28.172478	-0.060677	-1.174671	-28.119801	-0.066373	-1.284767	-27.881543	-0.045363	-1.042144	-27.880233	-0.051917	-1.066747
5042	70.036853	00:01:10:02	-27.958495	1.624842	-1.236099	-27.998522	1.677738	-1.068737	-28.066121	1.689572	-1.174222	-28.004415	1.534765	-1.206358	-28.027653	1.551554	-1.142479	-28.124603	1.522313	-1.218678	-27.849472	1.535234	-1.107415	-28.077174	1.451404	-0.897474	-28.008917	0.759814	-1.562316	-28.011227	1.458436	-0.553332	-28.103161	-0.073343	-2.082582	-28.017220	1.456947	-0.572803	-28.077755	-0.052329	-2.074800	-28.035800	1.454242	-0.549951	-28.098214	-0.052680	-2.074939	-28.166710	0.931956	-1.241457	-28.134909	0.965666	-1.275131	-27.862583	0.983473	-1.022825	-27.819942	0.957532	-1.096969	-28.183178	0.464609	-1.248610	-27.865522	0.446741	-1.048518	-28.188115	-0.053141	-1.191557	-28.139355	-0.072240	-1.266875	-27.871858	-0.048249	-0.991865	-27.834204	-0.051521	-1.060884
5043	70.050747	00:01:10:03	-27.988788	1.660100	-1.230799	-27.967983	1.647777	-1.098957	-28.092165	1.687585	-1.187245	-27.988135	1.539662	-1.179454	-28.048479	1.543149	-1.133206	-28.111639	1.506660	-1.246196	-27.880159	1.548909	-1.105895	-28.071126	1.472073	-0.885328	-27.984541	0.728841	-1.571537	-28.027186	1.438579	-0.526072	-28.091275	-0.053175	-2.060882	-28.021476	1.431594	-0.571729	-28.110053	-0.027434	-2.032478	-28.011618	1.442995	-0.566030	-28.104262	-0.039277	-2.084661	-28.213696	0.977207	-1.250156	-28.171809	0.960299	-1.292420	-27.819355	0.977965	-1.049653	-27.847052	0.952019	-1.089267	-28.158879	0.445684	-1.231147	-27.867648	0.469994	-1.068925	-28.173274	-0.068293	-1.207189	-28.129562	-0.069041	-1.281102	-27.855557	-0.008763	-1.011161	-27.846972	-0.052584	-1.081598
5044	70.064640	00:01:10:04	-27.981369	1.674080	-1.216901	-27.953804	1.697864	-1.107031	-28.081533	1.656404	-1.168518	-28.010366	1.533593	-1.175249	-28.027231	1.536390	-1.140631	-28.114984	1.519103	-1.266621	-27.868322	1.532160	-1.098226	-28.077129	1.496159	-0.906795	-27.974786	0.749990	-1.579491	-28.043960	1.442060	-0.559351	-28.133424	-0.020595	-2.091154	-28.053440	1.426645	-0.558796	-28.091187	-0.037987	-2.046685	-28.039936	1.422080	-0.565369	-28.089892	-0.035597	-2.069058	-28.207505	0.968573	-1.222392	-28.132662	0.949930	-1.296469	-27.898368	0.980297	-1.017773	-27.839845	0.925385	-1.068146	-28.184962	0.460155	-1.236139	-27.845473	0.474626	-1.000323	-28.199079	-0.032755	-1.209528	-28.151647	-0.034372	-1.268068	-27.852242	-0.028838	-1.048539	-27.840640	-0.042977	-1.060579
5045	70.078534	00:01:10:05	-27.997199	1.661174	-1.242853	-27.984717	1.676904	-1.073402	-28.089684	1.681345	-1.143778	-28.009658	1.518137	-1.196618	-27.985719	1.541848	-1.176280	-28.146008	1.555284	-1.288390	-27.885407	1.563629	-1.097573	-28.092434	1.460095	-0.906756	-27.969145	0.754732	-1.585288	-28.033181	1.400793	-0.549827	-28.083346	-0.073045	-2.063902	-28.055018	1.411298	-0.562175	-28.076580	-0.071552	-2.040081	-28.012177	1.426562	-0.550756	-28.094350	-0.027786	-2.063239	-28.163740	0.979584	-1.212805	-28.138534	0.949766	-1.286364	-27.866369	0.980208	-1.014891	-27.828796	0.972839	-1.102495	-28.198521	0.448891	-1.260615	-27.860198	0.456848	-1.054680	-28.164355	-0.092992	-1.205492	-28.147649	-0.063377	-1.235420	-27.846052	0.002472	-1.011705	-27.855148	-0.085321	-1.075439
5046	70.092427	00:01:10:06	-28.005956	1.633795	-1.227755	-27.961998	1.680932	-1.111880	-28.104213	1.656909	-1.171650	-28.000696	1.546377	-1.156145	-28.018861	1.559007	-1.147522	-28.133310	1.535038	-1.250236	-27.892007	1.561492	-1.088977	-28.045088	1.503146	-0.907915	-28.012269	0.753595	-1.543324	-28.005488	1.370825	-0.587214	-28.073253	-0.073789	-2.057162	-28.061206	1.449286	-0.554664	-28.081311	-0.037261	-2.042872	-28.021853	1.424827	-0.565077	-28.095459	-0.015251	-2.125325	-28.171276	0.969280	-1.213014	-28.140620	0.968710	-1.276689	-27.886291	0.953698	-1.050522	-27.858283	0.958135	-1.089212	-28.154176	0.482106	-1.242520	-27.857047	0.483863	-1.042851	-28.173691	-0.070186	-1.204618	-28.172885	-0.050375	-1.270187	-27.868680	-0.033585	-1.029507	-27.825280	-0.056759	-1.069096
5047	70.106320	00:01:10:07	-27.964143	1.646774	-1.205345	-27.956847	1.657340	-1.094778	-28.089367	1.675471	-1.174308	-27.974118	1.537239	-1.164561	-28.031201	1.504693	-1.151318	-28.131349	1.551303	-1.239039	-27.890772	1.537850	-1.072654	-28.094429	1.515673	-0.904600	-28.005024	0.761515	-1.585303	-28.018055	1.450973	-0.558518	-28.101074	-0.038992	-2.073289	-28.037705	1.451739	-0.547023	-28.069718	-0.015473	-2.052384	-28.047907	1.429322	-0.526235	-28.084473	-0.035459	-2.058865	-28.183068	0.967884	-1.203319	-28.131807	0.978256	-1.232033	-27.855175	1.020348	-1.061929	-27.844435	0.959960	-1.070241	-28.178148	0.423515	-1.233446	-27.864266	0.443705	-1.057566	-28.180272	-0.082473	-1.228728	-28.143701	-0.056807	-1.225873	-27.904412	-0.076790	-1.046569	-27.838540	-0.051233	-1.089377
5048	70.120214	00:01:10:08	-27.945886	1.627696	-1.219186	-28.003328	1.656010	-1.080474	-28.088232	1.677443	-1.158512	-28.000305	1.549086	-1.180542	-27.997442	1.559103	-1.119241	-28.142942	1.517088	-1.272764	-27.896483	1.521708	-1.110386	-28.066935	1.501127	-0.916794	-27.983199	0.754839	-1.578007	-28.026713	1.443558	-0.546963	-28.107329	-0.007573	-2.082850	-28.012367	1.443183	-0.547654	-28.097158	-0.032244	-2.080227	-28.029832	1.445889	-0.586047	-28.081114	-0.015636	-2.075108	-28.188808	0.982693	-1.220074	-28.148724	0.965073	-1.268111	-27.883839	0.978519	-1.039136	-27.827727	0.953606	-1.095968	-28.123415	0.459643	-1.234382	-27.827755	0.456079	-1.075911	-28.175395	-0.061305	-1.211804	-28.128536	-0.068157	-1.248837	-27.875462	-0.058005	-1.021959	-27.828790	-0.074949	-1.081554
5049	70.134107	00:01:10:09	-27.935284	1.659641	-1.248689	-27.986174	1.662371	-1.108247	-28.082986	1.656948	-1.175322	-28.005598	1.579015	-1.165977	-28.030917	1.532760	-1.126897	-28.106475	1.534696	-1.227932	-27.864238	1.538090	-1.149631	-28.068023	1.498383	-0.909436	-27.953345	0.773903	-1.577332	-28.019172	1.443795	-0.550318	-28.107943	-0.053319	-2.033657	-28.025082	1.428060	-0.556288	-28.074103	-0.061754	-2.059917	-28.056124	1.428868	-0.580277	-28.079223	-0.047355	-2.083410	-28.192345	0.980880	-1.234840	-28.141592	0.947519	-1.272817	-27.892373	0.938812	-1.065444	-27.854470	0.940423	-1.099581	-28.172727	0.448884	-1.240554	-27.872041	0.464351	-1.063533	-28.186551	-0.053793	-1.215486	-28.140271	-0.074748	-1.276885	-27.877925	-0.056971	-1.022259	-27.855832	-0.040272	-1.117992
5050	70.148001	00:01:10:10	-27.959340	1.651172	-1.250082	-28.001811	1.680498	-1.086535	-28.103352	1.668166	-1.192890	-28.003052	1.532717	-1.162102	-27.980913	1.571535	-1.164602	-28.133461	1.515121	-1.256900	-27.884569	1.544507	-1.110548	-28.085458	1.478858	-0.910315	-27.989248	0.735080	-1.603924	-28.040571	1.439192	-0.569796	-28.092692	-0.047147	-2.063468	-28.040643	1.445095	-0.549833	-28.098251	-0.041488	-2.065618	-28.043643	1.398938	-0.544840	-28.080526	-0.084831	-2.059823	-28.171612	0.968582	-1.218738	-28.148921	0.971796	-1.276800	-27.898116	0.936359	-1.035528	-27.845114	0.948296	-1.078349	-28.157480	0.481261	-1.242155	-27.878752	0.443765	-1.067055	-28.171253	-0.046533	-1.203940	-28.133496	-0.051507	-1.254261	-27.877381	-0.110007	-1.008997	-27.842141	-0.047681	-1.039809
5051	70.161894	00:01:10:11	-27.981368	1.634057	-1.233858	-27.972042	1.671009	-1.093551	-28.088719	1.646625	-1.157823	-27.998224	1.558743	-1.151293	-28.021346	1.576788	-1.115952	-28.089878	1.561063	-1.243115	-27.886195	1.528988	-1.101744	-28.091180	1.456983	-0.918163	-28.013939	0.763788	-1.603754	-28.017592	1.443616	-0.562775	-28.099290	-0.084473	-2.049957	-28.031766	1.436201	-0.534192	-28.097960	-0.027444	-2.061868	-28.043066	1.412170	-0.563897	-28.086144	-0.060959	-2.052283	-28.178905	0.989602	-1.195880	-28.134245	0.934881	-1.288945	-27.878176	1.006643	-1.031627	-27.850975	0.979696	-1.071129	-28.141216	0.473503	-1.273752	-27.885847	0.453163	-1.057107	-28.180348	-0.049896	-1.229139	-28.164379	-0.044848	-1.235868	-27.874241	-0.030899	-0.998325	-27.827470	-0.078334	-1.068137
5052	70.175788	00:01:10:12	-27.949702	1.638075	-1.262112	-27.967847	1.653924	-1.103863	-28.089712	1.661735	-1.159316	-27.988541	1.554518	-1.178587	-28.036580	1.551238	-1.117440	-28.112035	1.545000	-1.275320	-27.878751	1.508071	-1.062033	-28.079864	1.489967	-0.914047	-28.001867	0.738513	-1.539441	-28.023224	1.439242	-0.572308	-28.095283	-0.046209	-2.074363	-28.071221	1.410625	-0.550129	-28.137867	-0.028220	-2.082178	-28.042941	1.448134	-0.530735	-28.130080	-0.023072	-2.072340	-28.185953	0.974341	-1.222452	-28.142393	0.915938	-1.315169	-27.862646	0.985968	-1.041670	-27.834504	0.962402	-1.094206	-28.143388	0.466170	-1.272612	-27.834861	0.462316	-1.017263	-28.177528	-0.077100	-1.217450	-28.151167	-0.062192	-1.261006	-27.876433	-0.053280	-1.040098	-27.825289	-0.064800	-1.044056
5053	70.189681	00:01:10:13	-27.965300	1.634239	-1.216369	-27.962230	1.616396	-1.099374	-28.071807	1.645313	-1.172711	-27.973766	1.553066	-1.197622	-28.034484	1.560623	-1.113871	-28.103667	1.524819	-1.259644	-27.861998	1.545863	-1.076444	-28.115439	1.476709	-0.885896	-27.966695	0.761981	-1.594277	-28.036038	1.455054	-0.567295	-28.085853	-0.051576	-2.080759	-28.012729	1.433695	-0.598136	-28.103151	-0.034120	-2.070077	-28.029626	1.435958	-0.556367	-28.052378	-0.043632	-2.040883	-28.198576	0.962247	-1.226186	-28.134176	0.986931	-1.279569	-27.857641	0.985384	-1.037553	-27.850140	0.968148	-1.080356	-28.197906	0.452120	-1.242086	-27.836914	0.446702	-1.027302	-28.197315	-0.069310	-1.169750	-28.147793	-0.042722	-1.236365	-27.900340	-0.069967	-1.012972	-27.866247	-0.063235	-1.056518
5054	70.203575	00:01:10:14	-27.967489	1.637863	-1.223480	-27.949164	1.687761	-1.115139	-28.086851	1.666316	-1.154991	-28.009409	1.543105	-1.151041	-27.995925	1.545119	-1.138033	-28.098931	1.518533	-1.238486	-27.877360	1.535321	-1.137991	-28.079540	1.478281	-0.913569	-28.019657	0.722259	-1.612222	-28.044767	1.411530	-0.550797	-28.104933	-0.034263	-2.066474	-28.036991	1.447141	-0.537478	-28.108496	-0.050449	-2.073216	-28.022307	1.445335	-0.521972	-28.093362	-0.029829	-2.016566	-28.175091	0.961058	-1.240294	-28.153688	0.971077	-1.272713	-27.908473	0.977859	-1.044826	-27.853562	0.954134	-1.118037	-28.179764	0.452362	-1.219459	-27.862593	0.456958	-1.057181	-28.169270	-0.063365	-1.199322	-28.147658	-0.061165	-1.295380	-27.855138	-0.037295	-1.014241	-27.806084	-0.051682	-1.029334
5055	70.217468	00:01:10:15	-27.980678	1.645480	-1.231570	-28.001036	1.660144	-1.084493	-28.054301	1.646151	-1.146806	-27.991591	1.542646	-1.172635	-28.034282	1.556077	-1.165986	-28.143703	1.535753	-1.264271	-27.891171	1.537920	-1.131222	-28.099423	1.464062	-0.912658	-27.991139	0.701800	-1.550308	-28.043558	1.379205	-0.535937	-28.089835	-0.030591	-2.066163	-28.030491	1.412142	-0.584507	-28.087335	-0.064243	-2.061866	-28.067244	1.425201	-0.535682	-28.095136	-0.046753	-2.074422	-28.178042	0.977574	-1.215061	-28.128434	0.969227	-1.250634	-27.872731	0.974347	-1.047610	-27.849527	0.952418	-1.121379	-28.134471	0.451890	-1.242048	-27.855523	0.438047	-1.061512	-28.165329	-0.041870	-1.193971	-28.127952	-0.054496	-1.250976	-27.898418	-0.061651	-0.999986	-27.847434	-0.077063	-1.079506
5056	70.231361	00:01:10:16	-27.963857	1.614831	-1.225423	-27.962441	1.655214	-1.086077	-28.064696	1.664163	-1.138674	-28.018373	1.548758	-1.156805	-28.018394	1.549794	-1.146093	-28.118901	1.542376	-1.264591	-27.873087	1.557417	-1.109845	-28.096665	1.475946	-0.907854	-27.976492	0.745810	-1.578301	-28.021683	1.441888	-0.546738	-28.088198	-0.048854	-2.063341	-28.061976	1.438125	-0.541753	-28.112622	-0.049648	-2.064682	-28.058256	1.446812	-0.552969	-28.088422	-0.023639	-2.058343	-28.177936	0.943651	-1.237308	-28.187943	0.979993	-1.288639	-27.877186	0.953298	-1.025785	-27.867945	0.967374	-1.087928	-28.167485	0.436524	-1.209787	-27.875442	0.482452	-1.026192	-28.192968	-0.073645	-1.196506	-28.138080	-0.069844	-1.248406	-27.871305	-0.080322	-1.032122	-27.833127	-0.048685	-1.075429
5057	70.245255	00:01:10:17	-27.974799	1.640701	-1.213681	-28.018948	1.680039	-1.077946	-28.060467	1.672555	-1.163999	-27.983193	1.543164	-1.160726	-27.977106	1.583069	-1.135480	-28.101070	1.543536	-1.278513	-27.879753	1.525405	-1.092718	-28.075690	1.492248	-0.892352	-27.974074	0.757784	-1.601966	-28.048099	1.436712	-0.534178	-28.096715	-0.032001	-2.085569	-28.048020	1.412256	-0.585241	-28.099603	-0.024100	-2.077417	-28.039464	1.431032	-0.562447	-28.090709	-0.041605	-2.034490	-28.175105	0.959598	-1.233062	-28.124951	0.961343	-1.259892	-27.873873	0.946373	-1.033192	-27.842231	0.962321	-1.069377	-28.159888	0.449926	-1.257304	-27.835469	0.438291	-1.064068	-28.155670	-0.036228	-1.212117	-28.138796	-0.072141	-1.246190	-27.878059	-0.055225	-1.001879	-27.836835	-0.054061	-1.082746
5058	70.259148	00:01:10:18	-27.946009	1.651359	-1.201116	-27.955669	1.665102	-1.102721	-28.079344	1.659855	-1.139481	-28.015514	1.540149	-1.171339	-28.010941	1.550012	-1.116758	-28.141862	1.544444	-1.230082	-27.843544	1.541683	-1.131007	-28.068399	1.518089	-0.923918	-27.967917	0.745931	-1.608127	-28.023064	1.432513	-0.568923	-28.101169	-0.018072	-2.064714	-28.045706	1.420942	-0.548618	-28.103489	-0.043645	-2.085615	-28.034005	1.426968	-0.550235	-28.078915	-0.023778	-2.073699	-28.194318	0.981586	-1.257166	-28.134476	0.962264	-1.263186	-27.854219	0.984007	-1.050346	-27.889621	0.965904	-1.078481	-28.199130	0.457438	-1.226474	-27.861322	0.459014	-1.078829	-28.176903	-0.055036	-1.229680	-28.178762	-0.060605	-1.265360	-27.872457	-0.051234	-1.030001	-27.849864	-0.083265	-1.021409
5059	70.273042	00:01:10:19	-27.959172	1.662708	-1.218672	-27.967732	1.669067	-1.108276	-28.069995	1.644187	-1.204369	-28.016382	1.538971	-1.170690	-27.982396	1.543648	-1.124878	-28.137497	1.519447	-1.268377	-27.864261	1.542277	-1.095018	-28.105887	1.484423	-0.914680	-28.004649	0.716424	-1.579842	-28.043563	1.462509	-0.565598	-28.103853	-0.047061	-2.047389	-28.054676	1.444319	-0.556388	-28.041340	-0.047514	-2.060534	-28.043117	1.433181	-0.529699	-28.101158	-0.055130	-2.048366	-28.177386	1.013037	-1.233890	-28.133425	0.955293	-1.268450	-27.882040	0.973665	-1.023415	-27.848260	0.964110	-1.110242	-28.163744	0.472782	-1.217849	-27.862999	0.478455	-1.068924	-28.159026	-0.023163	-1.211895	-28.136257	-0.051816	-1.272473	-27.862700	-0.051299	-1.041697	-27.854481	-0.059539	-1.067117
5060	70.286935	00:01:10:20	-27.962191	1.606021	-1.255108	-27.985844	1.664619	-1.079696	-28.106687	1.677088	-1.181105	-28.023958	1.509423	-1.177011	-28.025693	1.541053	-1.155391	-28.104129	1.539383	-1.239151	-27.859188	1.535935	-1.114081	-28.075209	1.497585	-0.935410	-27.993741	0.730540	-1.589229	-28.013139	1.419875	-0.566047	-28.075375	-0.059942	-2.055616	-28.017892	1.435194	-0.563871	-28.103300	-0.022457	-2.067441	-28.036314	1.425576	-0.569025	-28.117860	-0.047219	-2.075164	-28.182660	1.008951	-1.216646	-28.147843	0.944829	-1.302291	-27.881588	0.962531	-1.054440	-27.833727	0.957192	-1.088790	-28.170731	0.442001	-1.254551	-27.865225	0.422082	-1.060894	-28.150645	-0.062346	-1.216661	-28.132238	-0.067513	-1.251002	-27.899349	-0.094173	-1.011541	-27.858564	-0.067454	-1.064419
5061	70.300829	00:01:10:21	-27.956874	1.625005	-1.200997	-27.955867	1.662903	-1.132603	-28.085573	1.647629	-1.201620	-28.002223	1.547998	-1.169954	-28.020381	1.554160	-1.111495	-28.134413	1.543847	-1.245649	-27.891224	1.541898	-1.114580	-28.082190	1.498098	-0.888142	-27.981240	0.746048	-1.573146	-28.024421	1.412271	-0.550635	-28.111151	-0.043618	-2.099492	-28.033698	1.419544	-0.577281	-28.100124	-0.045856	-2.041826	-28.028735	1.434545	-0.561075	-28.084742	-0.057750	-2.057305	-28.190254	0.994060	-1.243234	-28.125786	0.952237	-1.263696	-27.882428	0.976362	-1.041111	-27.835906	0.978904	-1.072919	-28.174344	0.485413	-1.224642	-27.835307	0.449821	-1.047302	-28.168919	-0.067537	-1.225041	-28.131944	-0.069647	-1.285285	-27.855712	-0.046384	-1.026518	-27.850189	-0.051290	-1.071055
5062	70.314722	00:01:10:22	-27.962597	1.639478	-1.259412	-27.957602	1.666555	-1.090391	-28.098298	1.697027	-1.175569	-28.015378	1.563190	-1.150630	-28.016117	1.545479	-1.142547	-28.134346	1.541585	-1.239777	-27.861462	1.555179	-1.078814	-28.048112	1.464495	-0.904347	-27.962093	0.762527	-1.578072	-28.038351	1.431832	-0.568165	-28.082370	-0.024889	-2.036624	-28.029874	1.431332	-0.525744	-28.089302	-0.038976	-2.087031	-28.003193	1.442741	-0.564951	-28.086068	-0.041399	-2.049673	-28.170359	0.974961	-1.234416	-28.112379	0.957974	-1.284943	-27.881272	0.989763	-1.016638	-27.819831	0.988417	-1.096696	-28.149381	0.449526	-1.252443	-27.852256	0.451334	-1.073023	-28.148828	-0.013439	-1.206778	-28.166702	-0.051395	-1.236863	-27.877798	-0.066479	-1.034228	-27.836166	-0.068008	-1.069607
5063	70.328616	00:01:10:23	-27.952985	1.649725	-1.236667	-27.993269	1.645597	-1.101764	-28.091158	1.646980	-1.153237	-28.000729	1.528379	-1.168377	-28.025403	1.575934	-1.143873	-28.139836	1.547498	-1.258107	-27.892479	1.538135	-1.074074	-28.085169	1.486761	-0.883805	-27.988089	0.742257	-1.578596	-28.052182	1.422651	-0.568188	-28.068322	-0.047604	-2.059940	-28.042034	1.447787	-0.563797	-28.088661	-0.039756	-2.050965	-28.026271	1.444139	-0.567810	-28.085608	-0.026395	-2.065523	-28.150165	0.978813	-1.210005	-28.144068	0.965846	-1.290377	-27.867053	0.972563	-1.030568	-27.830021	0.997475	-1.094160	-28.148488	0.470194	-1.248526	-27.882093	0.462836	-1.027042	-28.172932	-0.073065	-1.187660	-28.142365	-0.052042	-1.247308	-27.888840	-0.081406	-1.041848	-27.842589	-0.053626	-1.065253
5064	70.342509	00:01:10:24	-27.971303	1.626440	-1.219951	-27.990729	1.649256	-1.074203	-28.079462	1.637259	-1.149116	-28.024985	1.553541	-1.165847	-28.020959	1.557729	-1.144264	-28.113014	1.540337	-1.235038	-27.883205	1.514399	-1.106858	-28.079970	1.475618	-0.920634	-27.968921	0.772866	-1.558053	-28.031040	1.404385	-0.549083	-28.074384	-0.024079	-2.015823	-28.027782	1.433013	-0.536812	-28.082607	-0.030446	-2.075231	-28.001651	1.455616	-0.598714	-28.098322	-0.024492	-2.056886	-28.185576	0.958888	-1.237432	-28.125934	0.984695	-1.294586	-27.881166	0.994220	-1.053136	-27.841629	0.969052	-1.119881	-28.152836	0.436816	-1.269916	-27.878634	0.461163	-1.048747	-28.155802	-0.032760	-1.201968	-28.149315	-0.055592	-1.288805	-27.880296	-0.073961	-1.000908	-27.827803	-0.073646	-1.066003
5065	70.356402	00:01:10:25	-27.941712	1.653801	-1.222500	-27.976969	1.675170	-1.089708	-28.057539	1.675790	-1.168617	-27.998685	1.508327	-1.184623	-28.040920	1.554143	-1.159187	-28.138834	1.540067	-1.223730	-27.880397	1.536661	-1.105564	-28.101324	1.527755	-0.898300	-27.971561	0.767470	-1.580275	-28.025460	1.407044	-0.578270	-28.087203	-0.055771	-2.108552	-28.047587	1.407068	-0.550120	-28.105135	-0.053796	-2.035880	-28.017427	1.456456	-0.529051	-28.107987	-0.029972	-2.050348	-28.197464	0.976731	-1.209702	-28.122178	0.977195	-1.303248	-27.873242	0.956988	-1.019945	-27.848146	0.951851	-1.077133	-28.182058	0.458543	-1.214654	-27.878889	0.499733	-1.043365	-28.221538	-0.051724	-1.209222	-28.147398	-0.036957	-1.262584	-27.883850	-0.023508	-1.025034	-27.842736	-0.086780	-1.030009
5066	70.370296	00:01:10:26	-27.995431	1.652044	-1.246781	-27.984579	1.680363	-1.113625	-28.079913	1.647709	-1.170902	-28.006217	1.555677	-1.174613	-28.011956	1.537497	-1.153527	-28.126388	1.541960	-1.241446	-27.866102	1.508905	-1.093002	-28.079082	1.476545	-0.886837	-28.010989	0.737470	-1.535987	-28.050588	1.436178	-0.570802	-28.088889	-0.053686	-2.075541	-28.018890	1.449715	-0.553988	-28.092410	-0.053732	-2.088433	-28.031431	1.397765	-0.571626	-28.089570	-0.041859	-2.068255	-28.170646	0.975617	-1.229225	-28.141341	0.980359	-1.271147	-27.882402	0.982070	-1.020735	-27.832098	0.953912	-1.080615	-28.183545	0.446793	-1.230947	-27.865291	0.472351	-1.070636	-28.210327	-0.039227	-1.208019	-28.127662	-0.067464	-1.242521	-27.881768	-0.057017	-0.981139	-27.862764	-0.083176	-1.071847
5067	70.384189	00:01:10:27	-27.948088	1.653861	-1.239157	-27.990736	1.673557	-1.100972	-28.083361	1.660075	-1.149550	-27.998072	1.561231	-1.175448	-27.999883	1.559899	-1.134284	-28.128608	1.519924	-1.242576	-27.881544	1.522951	-1.097418	-28.092448	1.508218	-0.938603	-27.964348	0.738977	-1.601467	-28.037747	1.424772	-0.557365	-28.132888	-0.064015	-2.061870	-28.029326	1.442415	-0.564390	-28.083232	-0.055647	-2.066731	-28.011234	1.434172	-0.545096	-28.084529	-0.078336	-2.051415	-28.181012	0.955366	-1.222845	-28.157185	0.959429	-1.289820	-27.859241	0.975351	-1.044433	-27.854459	0.944399	-1.096661	-28.164137	0.463594	-1.220204	-27.886740	0.440750	-1.066738	-28.173377	-0.052219	-1.206071	-28.106561	-0.076582	-1.276655	-27.880307	-0.053879	-1.014323	-27.857985	-0.071702	-1.038147
5068	70.398083	00:01:10:28	-27.991070	1.664624	-1.232046	-27.940859	1.670430	-1.103472	-28.087716	1.659440	-1.159629	-27.994533	1.509398	-1.195223	-28.008089	1.554910	-1.145772	-28.128404	1.560692	-1.263770	-27.877787	1.548223	-1.105465	-28.105531	1.486269	-0.906515	-27.987283	0.752879	-1.581287	-28.045862	1.450278	-0.597353	-28.101493	0.002269	-2.078557	-28.043515	1.446142	-0.554024	-28.085090	-0.078803	-2.047962	-28.010005	1.449266	-0.559219	-28.076707	-0.047765	-2.076604	-28.204255	0.979736	-1.230122	-28.187252	0.951845	-1.278375	-27.843291	0.976761	-1.037269	-27.858578	1.002391	-1.068270	-28.177916	0.473862	-1.244592	-27.872709	0.445826	-1.040680	-28.167009	-0.050783	-1.217891	-28.125977	-0.075468	-1.226782	-27.864877	-0.037202	-1.024330	-27.825730	-0.022460	-1.059977
5069	70.411976	00:01:10:29	-27.979866	1.667165	-1.219407	-27.968370	1.682077	-1.118410	-28.127636	1.661868	-1.154857	-28.012795	1.544640	-1.169400	-27.987063	1.524517	-1.105360	-28.111326	1.540828	-1.257991	-27.881708	1.523783	-1.096702	-28.078825	1.481399	-0.906431	-27.994033	0.735421	-1.563284	-28.032508	1.447716	-0.549241	-28.088141	-0.007798	-2.056742	-28.038042	1.443844	-0.569687	-28.122015	-0.045365	-2.037437	-28.043930	1.415772	-0.542184	-28.099275	-0.044654	-2.074823	-28.168990	0.988712	-1.260001	-28.150272	0.979829	-1.292439	-27.885408	0.994080	-1.042440	-27.869188	0.990351	-1.139559	-28.164106	0.457071	-1.238539	-27.889406	0.453004	-1.063639	-28.185719	-0.070165	-1.196177	-28.139357	-0.060349	-1.261084	-27.871410	-0.054710	-1.015218	-27.816695	-0.083042	-1.099651
5070	70.425870	00:01:10:30	-27.949668	1.638586	-1.215034	-28.001194	1.688404	-1.084784	-28.063227	1.712185	-1.167159	-28.008604	1.559063	-1.196354	-28.022237	1.588807	-1.157446	-28.129750	1.533251	-1.267713	-27.874961	1.540297	-1.113430	-28.101488	1.483624	-0.919280	-27.982265	0.772875	-1.571133	-28.023877	1.446016	-0.540033	-28.098517	-0.020880	-2.055813	-28.008895	1.460016	-0.530847	-28.090617	-0.057941	-2.075334	-28.000066	1.451107	-0.533269	-28.093225	-0.008724	-2.060618	-28.195498	0.988558	-1.226511	-28.133083	0.958038	-1.270333	-27.886819	0.977281	-1.035916	-27.847943	0.956591	-1.102914	-28.142246	0.455615	-1.243761	-27.845952	0.448267	-1.057913	-28.214397	-0.111870	-1.214187	-28.155847	-0.051785	-1.287666	-27.883800	-0.040551	-1.050273	-27.833187	-0.073124	-1.048084
5071	70.439763	00:01:10:31	-27.973381	1.629837	-1.237716	-27.958772	1.706108	-1.087916	-28.039966	1.688736	-1.145957	-28.004750	1.533865	-1.191961	-28.049817	1.553475	-1.109904	-28.119298	1.557838	-1.248178	-27.884796	1.564013	-1.124532	-28.068397	1.491611	-0.923166	-27.992277	0.753594	-1.558045	-28.048764	1.434548	-0.562045	-28.088525	-0.044889	-2.052888	-28.014530	1.455567	-0.554402	-28.105214	-0.060926	-2.074487	-28.017374	1.442456	-0.562934	-28.098838	-0.053429	-2.075931	-28.169836	0.984739	-1.248853	-28.148821	0.958601	-1.305072	-27.864879	0.967092	-1.056403	-27.841584	1.013974	-1.115696	-28.142809	0.447365	-1.265352	-27.876948	0.459541	-1.044499	-28.167098	-0.031159	-1.156615	-28.133534	-0.054982	-1.250239	-27.901061	-0.057395	-1.008259	-27.851786	-0.068581	-1.067693
5072	70.453657	00:01:10:32	-27.956539	1.634571	-1.243399	-27.955993	1.671984	-1.123508	-28.087649	1.671526	-1.200281	-27.985462	1.556007	-1.173756	-28.048738	1.568028	-1.136657	-28.170402	1.550165	-1.240716	-27.867571	1.546608	-1.105378	-28.069113	1.491456	-0.907721	-27.955771	0.756548	-1.585676	-28.025749	1.400679	-0.513394	-28.087644	-0.045875	-2.061340	-28.051098	1.411650	-0.557694	-28.061013	-0.040627	-2.042570	-28.029693	1.442936	-0.573793	-28.091937	-0.062038	-2.034511	-28.201657	0.991961	-1.196428	-28.155389	0.938438	-1.300035	-27.886135	0.958014	-1.067240	-27.856015	0.957570	-1.072267	-28.163764	0.460275	-1.218928	-27.859775	0.472198	-1.068733	-28.167309	-0.060512	-1.230683	-28.172213	-0.050023	-1.247643	-27.859736	-0.029176	-1.011924	-27.856537	-0.078852	-1.087564
5073	70.467550	00:01:10:33	-27.979401	1.662778	-1.220910	-27.949235	1.636646	-1.144563	-28.023695	1.654524	-1.165490	-28.007938	1.569551	-1.174285	-28.069175	1.529192	-1.153626	-28.117759	1.529629	-1.254020	-27.904077	1.567436	-1.108540	-28.091056	1.488828	-0.924966	-27.993833	0.745510	-1.547022	-28.055572	1.475044	-0.578668	-28.111587	-0.033757	-2.085338	-28.101491	1.426965	-0.531814	-28.115129	-0.053185	-2.060783	-28.032037	1.435066	-0.562336	-28.068170	-0.043657	-2.096572	-28.155316	0.936072	-1.226581	-28.102967	0.961520	-1.294399	-27.868286	0.987749	-1.047286	-27.877989	0.963231	-1.055300	-28.156967	0.457608	-1.233103	-27.865318	0.441637	-1.082900	-28.174289	-0.045678	-1.211899	-28.178900	-0.053998	-1.264332	-27.865190	-0.062037	-1.006192	-27.832399	-0.060867	-1.055360
5074	70.481443	00:01:10:34	-27.958450	1.668311	-1.220505	-28.012555	1.640681	-1.085669	-28.078312	1.642824	-1.175962	-28.022527	1.535513	-1.189056	-28.026606	1.543222	-1.156316	-28.117484	1.512300	-1.265124	-27.887259	1.552879	-1.106957	-28.082028	1.490958	-0.914262	-27.990357	0.752034	-1.571678	-28.040951	1.413054	-0.544849	-28.080271	-0.069137	-2.054537	-28.043260	1.414115	-0.590126	-28.096668	-0.034736	-2.063360	-28.061554	1.430056	-0.576049	-28.074869	-0.065607	-2.070850	-28.173085	0.969209	-1.215360	-28.142746	0.973864	-1.281342	-27.831441	0.997780	-1.041877	-27.855104	0.973863	-1.065770	-28.150433	0.449169	-1.243419	-27.844876	0.450755	-1.048480	-28.194274	-0.057501	-1.194167	-28.149873	-0.064608	-1.264026	-27.855510	-0.083397	-1.017749	-27.865390	-0.023002	-1.066394
5075	70.495337	00:01:10:35	-27.964357	1.663367	-1.252058	-27.987406	1.642429	-1.099237	-28.062808	1.655761	-1.157975	-28.024159	1.544067	-1.213694	-28.041768	1.561945	-1.149370	-28.130161	1.528270	-1.244426	-27.864805	1.541141	-1.081128	-28.066678	1.457847	-0.913576	-27.970208	0.784653	-1.590669	-28.018917	1.419923	-0.551215	-28.082225	-0.042203	-2.076937	-28.035648	1.429215	-0.557573	-28.095215	-0.042489	-2.087384	-28.037875	1.427144	-0.563291	-28.081324	-0.035907	-2.060765	-28.159853	0.960501	-1.235698	-28.130408	0.959834	-1.260383	-27.884265	0.971785	-1.030320	-27.835535	0.975819	-1.046037	-28.133870	0.469852	-1.249978	-27.847670	0.476398	-1.063343	-28.146195	-0.077545	-1.218212	-28.111744	-0.048067	-1.237523	-27.860785	-0.047108	-1.009043	-27.824504	-0.071019	-1.067345
5076	70.509230	00:01:10:36	-27.948039	1.643687	-1.232036	-27.975713	1.665470	-1.078282	-28.092074	1.647624	-1.164668	-28.011955	1.532726	-1.152760	-28.031037	1.532369	-1.111355	-28.137075	1.537402	-1.277404	-27.873911	1.536017	-1.108007	-28.100208	1.533490	-0.907265	-27.991932	0.755878	-1.568563	-28.021471	1.445885	-0.534404	-28.107460	-0.047955	-2.018106	-28.047728	1.433876	-0.589411	-28.109989	-0.040145	-2.059089	-28.049261	1.421274	-0.573493	-28.107924	-0.055442	-2.058023	-28.206704	0.957840	-1.230683	-28.144839	0.960541	-1.285311	-27.886471	0.970340	-1.017040	-27.845572	0.962364	-1.099146	-28.148110	0.454313	-1.241767	-27.861958	0.423712	-1.084368	-28.156014	-0.047953	-1.204951	-28.150866	-0.079858	-1.234843	-27.888383	-0.031296	-1.050631	-27.821334	-0.085855	-1.100011
5077	70.523124	00:01:10:37	-27.967879	1.649631	-1.228503	-27.970592	1.657008	-1.116699	-28.094244	1.662957	-1.148810	-28.006816	1.575224	-1.158769	-28.022650	1.540708	-1.138068	-28.077703	1.558753	-1.275060	-27.882625	1.562558	-1.109094	-28.093070	1.492140	-0.930327	-27.980678	0.724336	-1.580794	-28.027112	1.428059	-0.551185	-28.068650	-0.061888	-2.078670	-28.065916	1.438040	-0.566164	-28.081264	-0.036331	-2.072609	-28.020523	1.426150	-0.547335	-28.135603	-0.081387	-2.038229	-28.174939	0.965999	-1.250163	-28.183602	0.970212	-1.273429	-27.897383	0.961369	-1.056815	-27.805784	0.982487	-1.052321	-28.129714	0.445912	-1.239724	-27.872613	0.454750	-1.028826	-28.169221	-0.048257	-1.234639	-28.143202	-0.058686	-1.235264	-27.874021	-0.033199	-1.008384	-27.838306	-0.065414	-1.069348
5078	70.537017	00:01:10:38	-27.955016	1.638963	-1.241242	-27.989625	1.626116	-1.110099	-28.090094	1.665494	-1.158612	-28.000045	1.527575	-1.157229	-28.026795	1.558483	-1.169000	-28.136342	1.545698	-1.255040	-27.871036	1.519801	-1.134582	-28.091313	1.484212	-0.923824	-27.988170	0.745718	-1.596126	-28.041834	1.416984	-0.577509	-28.098478	-0.073371	-2.089102	-28.037916	1.442839	-0.559318	-28.092077	-0.052899	-2.069417	-28.029472	1.430972	-0.572556	-28.113007	-0.037499	-2.050601	-28.156877	0.988187	-1.259084	-28.152504	0.956517	-1.284993	-27.834924	0.986193	-1.023978	-27.874784	0.941025	-1.097242	-28.183155	0.428372	-1.283280	-27.843715	0.443254	-1.088595	-28.176168	-0.038437	-1.188198	-28.141829	-0.081534	-1.261131	-27.873295	-0.070254	-0.993352	-27.856348	-0.082536	-1.097409
5079	70.550911	00:01:10:39	-27.953569	1.620714	-1.241462	-28.000336	1.675200	-1.111362	-28.053710	1.654585	-1.176346	-27.991014	1.530749	-1.201467	-28.008016	1.597986	-1.127019	-28.133381	1.542793	-1.248625	-27.851563	1.533968	-1.060947	-28.095875	1.487833	-0.899072	-28.013808	0.760963	-1.610475	-28.048542	1.425022	-0.543889	-28.094594	-0.042817	-2.088988	-28.029768	1.445410	-0.563302	-28.105796	-0.048545	-2.062302	-28.020688	1.472641	-0.550361	-28.065969	-0.080827	-2.031732	-28.193579	0.970633	-1.219328	-28.129024	0.931998	-1.285433	-27.887984	0.985513	-1.026137	-27.814701	0.976528	-1.090250	-28.135915	0.445598	-1.238040	-27.824404	0.451737	-1.068669	-28.164827	-0.059217	-1.226497	-28.144095	-0.057564	-1.252162	-27.875789	-0.086046	-1.003286	-27.833241	-0.086440	-1.074340
5080	70.564804	00:01:10:40	-27.957061	1.656867	-1.243443	-27.980978	1.662754	-1.070195	-28.066337	1.645772	-1.151686	-27.988784	1.516931	-1.167378	-28.001704	1.531427	-1.155407	-28.111246	1.572435	-1.263267	-27.912439	1.551594	-1.113540	-28.070462	1.477237	-0.898807	-27.963251	0.764622	-1.598086	-28.023935	1.450222	-0.566888	-28.065997	-0.045220	-2.072797	-28.042866	1.441102	-0.576443	-28.105254	-0.076136	-2.072109	-28.009277	1.410028	-0.578055	-28.098515	-0.013753	-2.038154	-28.147777	0.951136	-1.227760	-28.131333	0.966412	-1.273320	-27.904904	1.003303	-1.068445	-27.799241	0.987059	-1.098992	-28.155438	0.456186	-1.232036	-27.902253	0.451064	-1.098927	-28.195166	-0.054176	-1.194142	-28.181368	-0.078925	-1.273276	-27.862750	-0.025649	-1.001775	-27.854839	-0.073013	-1.075809
5081	70.578698	00:01:10:41	-27.927972	1.658323	-1.253225	-27.972465	1.654626	-1.085045	-28.070846	1.658298	-1.192826	-27.999821	1.525502	-1.163222	-28.004640	1.526816	-1.126309	-28.124183	1.551827	-1.266707	-27.873959	1.513040	-1.124313	-28.061746	1.491268	-0.913433	-27.946638	0.732856	-1.587154	-28.057512	1.444287	-0.546236	-28.091991	-0.051627	-2.027491	-28.027626	1.432972	-0.582425	-28.069135	-0.034939	-2.081008	-28.012149	1.468715	-0.571997	-28.055260	-0.072464	-2.039984	-28.154827	0.962305	-1.201298	-28.172312	0.977111	-1.256937	-27.866531	0.989416	-1.041057	-27.860131	0.955350	-1.087974	-28.184751	0.468193	-1.250113	-27.836473	0.468493	-1.058258	-28.179632	-0.066549	-1.222167	-28.140658	-0.045524	-1.239982	-27.885048	-0.061712	-0.996249	-27.846024	-0.096763	-1.038680
5082	70.592591	00:01:10:42	-27.983604	1.646931	-1.259882	-28.000004	1.676217	-1.109150	-28.062968	1.654385	-1.132411	-27.994520	1.544467	-1.187730	-28.038316	1.568490	-1.151339	-28.126476	1.539544	-1.244203	-27.904388	1.519802	-1.115399	-28.083518	1.471199	-0.887189	-27.971294	0.742991	-1.602717	-28.038002	1.446122	-0.551543	-28.083240	-0.001949	-2.038427	-28.052154	1.465836	-0.537788	-28.100260	-0.066482	-2.097946	-28.028115	1.449734	-0.569418	-28.119760	-0.045513	-2.078013	-28.190307	0.989622	-1.242756	-28.140021	0.931910	-1.279968	-27.892450	0.993580	-1.045629	-27.850496	0.943039	-1.119162	-28.162512	0.427334	-1.254664	-27.863120	0.485782	-1.080912	-28.176447	-0.081785	-1.218072	-28.113040	-0.075554	-1.258920	-27.881919	-0.046034	-0.998758	-27.815978	-0.057891	-1.067617
5083	70.606484	00:01:10:43	-27.953705	1.628298	-1.246451	-27.994159	1.658164	-1.094250	-28.053646	1.640390	-1.165268	-27.989675	1.541709	-1.144041	-27.994321	1.577894	-1.131484	-28.108823	1.544439	-1.257761	-27.884972	1.534190	-1.057006	-28.062520	1.490216	-0.905708	-27.985010	0.744822	-1.583616	-28.012326	1.422041	-0.562837	-28.091783	-0.027089	-2.046485	-28.035175	1.448865	-0.525367	-28.086211	-0.066284	-2.037995	-28.047958	1.456137	-0.571031	-28.086723	-0.070239	-2.043836	-28.158725	0.946843	-1.203519	-28.154907	0.953599	-1.277475	-27.851589	0.954674	-1.030585	-27.843155	0.953016	-1.096480	-28.176945	0.466756	-1.234695	-27.872358	0.489734	-1.063349	-28.179202	-0.053846	-1.194651	-28.155169	-0.044808	-1.218591	-27.880274	-0.037146	-1.011184	-27.846077	-0.055405	-1.087425
5084	70.620378	00:01:10:44	-27.950777	1.653366	-1.277973	-28.004979	1.659564	-1.099855	-28.085699	1.633678	-1.166060	-28.015004	1.551297	-1.197226	-28.015076	1.522869	-1.126338	-28.119067	1.546181	-1.260472	-27.851085	1.517097	-1.094153	-28.083565	1.450551	-0.903917	-27.989209	0.746274	-1.568847	-28.010109	1.466654	-0.609893	-28.100714	-0.070831	-2.070288	-28.019299	1.415157	-0.559457	-28.087645	-0.066329	-2.054743	-28.023435	1.430422	-0.552468	-28.105116	-0.034685	-2.085537	-28.201852	0.956472	-1.256476	-28.157726	0.960137	-1.268894	-27.861281	0.976491	-1.031324	-27.874591	0.963099	-1.077071	-28.173044	0.445615	-1.225411	-27.882444	0.445791	-1.065514	-28.160239	-0.035468	-1.229219	-28.153245	-0.080790	-1.275247	-27.842475	-0.036457	-1.007284	-27.839647	-0.076710	-1.050124
5085	70.634271	00:01:10:45	-27.937755	1.630215	-1.240970	-27.993352	1.661757	-1.096618	-28.090768	1.649645	-1.178696	-28.006778	1.520492	-1.160058	-28.033550	1.598732	-1.132018	-28.109583	1.541862	-1.279042	-27.893936	1.524817	-1.085746	-28.067021	1.463703	-0.925053	-27.971736	0.744365	-1.578100	-28.050104	1.418987	-0.528890	-28.070650	-0.014557	-2.051374	-28.058853	1.429100	-0.548088	-28.126913	-0.049298	-2.042057	-28.040716	1.460036	-0.576425	-28.122052	-0.024969	-2.054155	-28.158689	0.963370	-1.246624	-28.144965	0.985427	-1.253511	-27.900306	0.967241	-1.025013	-27.831266	0.951209	-1.107194	-28.156088	0.475256	-1.260376	-27.875464	0.418956	-1.066502	-28.186775	-0.054431	-1.223926	-28.140930	-0.089912	-1.253854	-27.856046	-0.040306	-1.004642	-27.853688	-0.057057	-1.042474
5086	70.648165	00:01:10:46	-27.941293	1.658938	-1.193128	-27.973792	1.664014	-1.137873	-28.077168	1.652125	-1.145594	-28.019492	1.550749	-1.200246	-28.019283	1.565043	-1.137897	-28.148049	1.528836	-1.260434	-27.834911	1.524791	-1.104588	-28.081104	1.484322	-0.875868	-27.990040	0.758587	-1.574249	-28.000682	1.472849	-0.550482	-28.058960	-0.041502	-2.066359	-28.038540	1.399553	-0.549434	-28.088491	-0.041550	-2.077124	-28.052212	1.416417	-0.544342	-28.108910	-0.035961	-2.082308	-28.171729	0.977819	-1.239260	-28.161498	0.956974	-1.292474	-27.869807	0.956001	-1.087336	-27.837763	0.987391	-1.108032	-28.157301	0.477840	-1.274573	-27.876321	0.449476	-1.064646	-28.168811	-0.049389	-1.216290	-28.120816	-0.066915	-1.228463	-27.886100	-0.056065	-0.989799	-27.831632	-0.090600	-1.095053
5087	70.662058	00:01:10:47	-27.966794	1.618490	-1.201390	-27.991690	1.665025	-1.071682	-28.050638	1.649231	-1.170902	-27.995464	1.550561	-1.179418	-28.004715	1.521169	-1.178039	-28.133720	1.547234	-1.245221	-27.882216	1.508612	-1.102869	-28.091376	1.486273	-0.899014	-28.011343	0.731278	-1.572188	-28.010811	1.439094	-0.568253	-28.105154	-0.049071	-2.069347	-28.049641	1.443066	-0.573247	-28.070252	-0.039967	-2.069659	-28.042072	1.429362	-0.579017	-28.130794	-0.030996	-2.077260	-28.158937	0.987069	-1.240648	-28.154762	0.975451	-1.258072	-27.884111	0.955135	-1.049799	-27.821400	0.979315	-1.078858	-28.156824	0.481432	-1.258260	-27.849079	0.448510	-1.059921	-28.154512	-0.038612	-1.210692	-28.154108	-0.046938	-1.278723	-27.889653	-0.052679	-1.016746	-27.840961	-0.091065	-1.081874
5088	70.675952	00:01:10:48	-27.997673	1.653476	-1.244947	-27.975774	1.678226	-1.085054	-28.070335	1.669923	-1.175667	-27.988450	1.539285	-1.214168	-28.022830	1.551098	-1.175557	-28.117314	1.545035	-1.257373	-27.875856	1.549523	-1.100530	-28.079483	1.497225	-0.916357	-27.977603	0.746448	-1.572882	-28.060712	1.435754	-0.526382	-28.093898	-0.063578	-2.043124	-28.025935	1.420194	-0.555481	-28.079923	-0.036847	-2.078708	-28.018879	1.423555	-0.569336	-28.071331	-0.053247	-2.040688	-28.156980	0.970677	-1.246930	-28.154391	0.949997	-1.273905	-27.875405	0.964984	-1.037208	-27.855361	0.986204	-1.072186	-28.149066	0.460415	-1.230833	-27.868418	0.467453	-1.050670	-28.156490	-0.049656	-1.174558	-28.143346	-0.054600	-1.288397	-27.888677	-0.055933	-1.024838	-27.832462	-0.023878	-1.068453
5089	70.689845	00:01:10:49	-27.953006	1.663241	-1.248562	-27.996948	1.654722	-1.091299	-28.088091	1.678599	-1.154735	-28.006738	1.545138	-1.182285	-28.029942	1.557271	-1.136759	-28.122292	1.535628	-1.240909	-27.858737	1.525087	-1.081835	-28.069311	1.507635	-0.870780	-27.949941	0.743278	-1.574972	-28.056026	1.403245	-0.559669	-28.092522	-0.058231	-2.053621	-28.051975	1.420089	-0.562643	-28.059197	-0.092317	-2.073547	-28.036415	1.453021	-0.519923	-28.090298	-0.072222	-2.080650	-28.179657	0.999734	-1.254502	-28.180868	0.959140	-1.255633	-27.892781	0.964054	-1.036546	-27.866071	0.942305	-1.099312	-28.145695	0.446495	-1.257395	-27.872080	0.497131	-1.026012	-28.171762	-0.036155	-1.233651	-28.147041	-0.045233	-1.268126	-27.895803	-0.060684	-1.024868	-27.867162	-0.040041	-1.097787
5090	70.703739	00:01:10:50	-27.969858	1.670404	-1.245233	-27.976011	1.676027	-1.076326	-28.061597	1.670849	-1.136439	-28.002778	1.563474	-1.182666	-28.002868	1.550049	-1.157885	-28.145405	1.544223	-1.224513	-27.895170	1.556515	-1.093090	-28.081337	1.488829	-0.892408	-28.006207	0.765735	-1.596277	-28.030258	1.437258	-0.533317	-28.076477	-0.070731	-2.064713	-28.032575	1.410729	-0.562131	-28.098691	-0.066325	-2.043541	-28.030605	1.433763	-0.595235	-28.081884	-0.080063	-2.066971	-28.188814	0.987469	-1.243412	-28.128104	0.955298	-1.298152	-27.900039	0.977250	-1.043242	-27.841850	0.971964	-1.110222	-28.190143	0.446355	-1.241745	-27.862148	0.465933	-1.098972	-28.190120	-0.029252	-1.226676	-28.128673	-0.095198	-1.231038	-27.897559	-0.010160	-1.021638	-27.802572	-0.074141	-1.061494
5091	70.717632	00:01:10:51	-27.967200	1.649281	-1.246957	-27.984691	1.637168	-1.078102	-28.081831	1.660751	-1.142839	-28.025607	1.549786	-1.181894	-28.035769	1.514325	-1.140348	-28.115180	1.532810	-1.247762	-27.880060	1.519041	-1.091763	-28.075350	1.479762	-0.896269	-28.021620	0.758234	-1.611712	-28.056028	1.456907	-0.580849	-28.106225	-0.050734	-2.077056	-28.027421	1.455458	-0.554624	-28.101628	-0.046286	-2.046934	-28.040309	1.471073	-0.571867	-28.107961	-0.031905	-2.074358	-28.148284	0.967106	-1.204097	-28.129219	0.957116	-1.250242	-27.857442	0.981664	-1.014683	-27.846809	0.952796	-1.104869	-28.131748	0.484283	-1.234073	-27.861303	0.485328	-1.044051	-28.141412	-0.085744	-1.227413	-28.127588	-0.100189	-1.246302	-27.878958	-0.055370	-1.020194	-27.840965	-0.054382	-1.072047
5092	70.731525	00:01:10:52	-27.961589	1.661778	-1.210486	-27.985337	1.630816	-1.086822	-28.091583	1.642255	-1.154843	-27.961460	1.526979	-1.184926	-28.029045	1.555758	-1.153278	-28.081123	1.547264	-1.276092	-27.877783	1.584585	-1.107427	-28.118216	1.477606	-0.895593	-27.974895	0.766970	-1.607081	-28.054525	1.422617	-0.578673	-28.116800	-0.022273	-2.077285	-28.036949	1.423029	-0.551023	-28.082595	-0.040309	-2.054228	-28.023373	1.437620	-0.569475	-28.102350	-0.055497	-2.074043	-28.163325	0.972360	-1.235972	-28.138014	0.942574	-1.282592	-27.905351	0.982806	-1.035578	-27.826529	0.947746	-1.066898	-28.184554	0.448468	-1.213787	-27.858772	0.472337	-1.076935	-28.151567	-0.069915	-1.212630	-28.171667	-0.049208	-1.256511	-27.891033	-0.033352	-1.022421	-27.809323	-0.068299	-1.073834
5093	70.745419	00:01:10:53	-27.942010	1.614861	-1.260445	-27.949577	1.667952	-1.068075	-28.075325	1.644065	-1.165432	-27.993865	1.534242	-1.207712	-28.028096	1.542169	-1.136693	-28.128861	1.541762	-1.266925	-27.871279	1.541466	-1.086257	-28.090181	1.504352	-0.909637	-27.988823	0.745490	-1.563767	-28.043546	1.428892	-0.562272	-28.096999	-0.034142	-2.067209	-28.025445	1.414097	-0.529355	-28.058637	-0.036367	-2.025674	-28.055646	1.427442	-0.543908	-28.085405	-0.039359	-2.050181	-28.166678	0.960646	-1.258824	-28.111418	0.987607	-1.257378	-27.860007	0.970667	-1.061246	-27.822124	0.968928	-1.086392	-28.154710	0.464967	-1.259302	-27.868931	0.449942	-1.056678	-28.138366	-0.036052	-1.216270	-28.130660	-0.049804	-1.247065	-27.861242	-0.066651	-1.026247	-27.839303	-0.072897	-1.113227
5094	70.759312	00:01:10:54	-27.966513	1.615902	-1.214233	-27.956818	1.665425	-1.086794	-28.071123	1.673991	-1.130459	-28.026571	1.542812	-1.179924	-28.004080	1.549011	-1.144088	-28.140392	1.541104	-1.274441	-27.869278	1.558010	-1.117595	-28.065518	1.478310	-0.917920	-28.001394	0.748817	-1.576207	-28.035136	1.449201	-0.563846	-28.050785	-0.046357	-2.059113	-28.015661	1.469505	-0.562545	-28.088988	-0.050832	-2.079052	-28.021429	1.411191	-0.565397	-28.076585	-0.053384	-2.077751	-28.175447	0.978875	-1.242672	-28.148738	0.962592	-1.272302	-27.880963	0.970381	-1.019572	-27.844772	0.945481	-1.082032	-28.120619	0.474443	-1.243268	-27.863482	0.469958	-1.069498	-28.164547	-0.030383	-1.196901	-28.163774	-0.078785	-1.309013	-27.877532	-0.058474	-0.998645	-27.859880	-0.061325	-1.079600
5095	70.773206	00:01:10:55	-27.971581	1.640899	-1.225528	-27.996572	1.661258	-1.106358	-28.095348	1.659433	-1.169429	-27.992322	1.541467	-1.173496	-28.038738	1.538155	-1.144290	-28.120380	1.520230	-1.275200	-27.889620	1.493525	-1.077255	-28.051000	1.517158	-0.896774	-27.949974	0.721423	-1.578180	-28.051042	1.422999	-0.566415	-28.114077	-0.048661	-2.068018	-28.016299	1.405232	-0.570414	-28.099665	-0.045967	-2.076154	-28.024134	1.435435	-0.578684	-28.118933	-0.050774	-2.047543	-28.187022	0.959687	-1.208439	-28.126320	0.972304	-1.251228	-27.870012	0.987796	-1.042691	-27.812535	0.947071	-1.088762	-28.188841	0.443691	-1.241070	-27.846200	0.456094	-1.064651	-28.172831	-0.056256	-1.213691	-28.144446	-0.066314	-1.267661	-27.874591	-0.056884	-1.042896	-27.823245	-0.067272	-1.076632
5096	70.787099	00:01:10:56	-27.965779	1.641572	-1.244055	-27.960170	1.682159	-1.074962	-28.056902	1.667162	-1.183913	-27.989482	1.526327	-1.192593	-28.012418	1.556019	-1.132423	-28.129507	1.543090	-1.306989	-27.886489	1.531219	-1.094198	-28.060850	1.504837	-0.911994	-27.976150	0.774454	-1.589203	-28.044181	1.413342	-0.565649	-28.095710	-0.050596	-2.086913	-28.036216	1.417220	-0.578243	-28.090572	-0.048388	-2.028815	-28.013380	1.446011	-0.568297	-28.078831	-0.029645	-2.072729	-28.184634	1.001014	-1.237805	-28.136061	0.958227	-1.287754	-27.895491	0.976924	-1.020972	-27.838604	0.980560	-1.102069	-28.149648	0.470102	-1.218472	-27.855197	0.437315	-1.056898	-28.181568	-0.043320	-1.212819	-28.141145	-0.074797	-1.283692	-27.880559	-0.048658	-1.013540	-27.840148	-0.059426	-1.078204
5097	70.800993	00:01:10:57	-27.947531	1.638292	-1.202978	-27.959248	1.659216	-1.096831	-28.049331	1.659244	-1.178584	-28.005776	1.535670	-1.191216	-28.003422	1.562469	-1.146659	-28.099531	1.548988	-1.258250	-27.852042	1.538505	-1.110617	-28.102443	1.462693	-0.907687	-27.999492	0.779772	-1.584857	-27.999651	1.469444	-0.554686	-28.097463	-0.050414	-2.044363	-28.045934	1.449576	-0.540549	-28.090894	-0.040797	-2.074204	-28.036078	1.421670	-0.538753	-28.071613	-0.034115	-2.079859	-28.147220	0.976839	-1.253975	-28.149511	0.947418	-1.260837	-27.883855	0.977566	-1.037939	-27.838641	0.985717	-1.096089	-28.117756	0.449387	-1.252951	-27.855552	0.435442	-1.064849	-28.153995	-0.054632	-1.218515	-28.155340	-0.038171	-1.280404	-27.872718	-0.060888	-1.018184	-27.829362	-0.057465	-1.047969
5098	70.814886	00:01:10:58	-27.941014	1.653894	-1.227014	-27.949147	1.677001	-1.060223	-28.072423	1.723212	-1.180213	-27.956531	1.492167	-1.192521	-28.007655	1.557076	-1.169027	-28.118738	1.524267	-1.237008	-27.874069	1.567956	-1.106860	-28.088394	1.506692	-0.900031	-27.976740	0.748110	-1.598353	-28.042172	1.408403	-0.571536	-28.123639	-0.048813	-2.092215	-28.050588	1.423618	-0.566644	-28.093171	-0.062617	-2.078688	-28.047007	1.403053	-0.555295	-28.102421	-0.043047	-2.073635	-28.172446	0.968638	-1.215502	-28.158473	0.957299	-1.268289	-27.850001	0.941732	-1.030908	-27.850655	0.965595	-1.104491	-28.156778	0.426489	-1.216419	-27.879499	0.465624	-1.036347	-28.168825	-0.050395	-1.187136	-28.152216	-0.078043	-1.232770	-27.872603	-0.036575	-1.041476	-27.851594	-0.071576	-1.069387
5099	70.828780	00:01:10:59	-27.945600	1.638989	-1.238961	-27.991315	1.688771	-1.067660	-28.112410	1.691850	-1.139750	-27.988691	1.531393	-1.174841	-28.024591	1.565763	-1.130176	-28.124265	1.589168	-1.288603	-27.828245	1.543729	-1.111891	-28.072405	1.483539	-0.899725	-28.011960	0.752928	-1.583778	-28.031744	1.463333	-0.534472	-28.108278	-0.024936	-2.039480	-28.023703	1.443133	-0.553749	-28.102336	-0.074300	-2.050950	-28.019576	1.436884	-0.564635	-28.102426	-0.046541	-2.093445	-28.171802	0.974985	-1.253401	-28.169575	0.945145	-1.287516	-27.871994	0.972513	-1.013360	-27.836181	0.972412	-1.081443	-28.140003	0.425428	-1.259609	-27.868799	0.443260	-1.062886	-28.178839	-0.027422	-1.205803	-28.150379	-0.085176	-1.243380	-27.846264	-0.051571	-1.019200	-27.873604	-0.033505	-1.084099
5100	70.842673	00:01:10:60	-27.950676	1.646820	-1.201755	-27.983725	1.642952	-1.100921	-28.069443	1.653161	-1.138241	-27.989119	1.536214	-1.150202	-28.027677	1.530271	-1.173762	-28.118230	1.550624	-1.284486	-27.848270	1.549467	-1.084018	-28.100394	1.484207	-0.881927	-28.028018	0.742697	-1.586664	-28.043924	1.429223	-0.529313	-28.086678	-0.055893	-2.059686	-28.053254	1.446298	-0.558472	-28.116536	-0.051867	-2.078651	-28.041028	1.435768	-0.564422	-28.084525	-0.081955	-2.055539	-28.190230	0.976591	-1.233555	-28.121969	0.944124	-1.267333	-27.864544	0.944523	-1.052252	-27.843293	0.966472	-1.100733	-28.141493	0.431917	-1.218775	-27.864356	0.440069	-1.048712	-28.165040	-0.071881	-1.204219	-28.172367	-0.035584	-1.235730	-27.906690	-0.064014	-0.997263	-27.840000	-0.079622	-1.064596
5101	70.856566	00:01:10:61	-27.970003	1.660964	-1.234845	-27.976505	1.656838	-1.094204	-28.112837	1.667906	-1.148244	-27.989073	1.540072	-1.195050	-28.006245	1.527350	-1.142777	-28.148111	1.545314	-1.260673	-27.883778	1.545973	-1.109574	-28.094525	1.476555	-0.917172	-27.962481	0.742416	-1.620297	-28.014108	1.447628	-0.587776	-28.067348	-0.056776	-2.084902	-28.029225	1.413082	-0.572407	-28.078824	-0.081881	-2.071620	-28.042782	1.429803	-0.558663	-28.076387	-0.039510	-2.050763	-28.168693	0.968177	-1.211466	-28.160871	0.949146	-1.288598	-27.849017	0.985889	-1.014292	-27.850898	1.004558	-1.092588	-28.159528	0.439098	-1.268157	-27.843503	0.458367	-1.024601	-28.174902	-0.076295	-1.194763	-28.149640	-0.061012	-1.260293	-27.873314	-0.017857	-1.012441	-27.837426	-0.063048	-1.057326
5102	70.870460	00:01:10:62	-27.956522	1.683203	-1.208500	-27.985390	1.664444	-1.069178	-28.089199	1.650404	-1.152681	-28.015578	1.514344	-1.161576	-28.018949	1.557991	-1.153617	-28.121672	1.512374	-1.272819	-27.891161	1.505802	-1.092035	-28.093835	1.475684	-0.871540	-27.962802	0.731474	-1.579541	-28.019775	1.435115	-0.551456	-28.109220	-0.019854	-2.068684	-28.007758	1.430009	-0.536761	-28.073861	-0.051041	-2.047987	-28.009036	1.447654	-0.532751	-28.057921	-0.044445	-2.060432	-28.210712	0.965876	-1.237718	-28.151467	0.975214	-1.275232	-27.887859	0.981690	-1.045757	-27.829773	0.937156	-1.102533	-28.162202	0.439000	-1.244060	-27.806404	0.437863	-1.067407	-28.208971	-0.057558	-1.237306	-28.112652	-0.051321	-1.268166	-27.880464	-0.044117	-1.017778	-27.839764	-0.040127	-1.060753
5103	70.884353	00:01:10:63	-27.962872	1.677294	-1.221246	-27.993292	1.642598	-1.102813	-28.063131	1.652855	-1.174793	-27.989747	1.532704	-1.139295	-28.036277	1.561342	-1.166869	-28.134122	1.537688	-1.245130	-27.916400	1.561154	-1.088877	-28.086124	1.491328	-0.889861	-27.999806	0.736737	-1.579373	-28.055595	1.430593	-0.554613	-28.114774	-0.029975	-2.084202	-28.051016	1.451809	-0.531518	-28.122160	-0.039227	-2.050917	-28.027528	1.442754	-0.556778	-28.104445	-0.055000	-2.065453	-28.205614	0.950158	-1.232387	-28.153702	0.964882	-1.258391	-27.867645	0.959258	-1.068411	-27.858366	0.981671	-1.077608	-28.178187	0.471747	-1.261648	-27.868963	0.469398	-1.090520	-28.162558	-0.050668	-1.219645	-28.127361	-0.059153	-1.244601	-27.886668	-0.056845	-1.040366	-27.859811	-0.063648	-1.035979
5104	70.898247	00:01:10:64	-27.934574	1.629012	-1.236082	-27.959208	1.650081	-1.080010	-28.061202	1.660950	-1.178827	-28.014818	1.540498	-1.166549	-28.039352	1.560985	-1.138917	-28.107252	1.536285	-1.247066	-27.880654	1.561651	-1.076015	-28.060006	1.450094	-0.914124	-27.972690	0.745416	-1.571507	-28.055400	1.446735	-0.561174	-28.079636	-0.043660	-2.088637	-27.991962	1.423079	-0.540773	-28.078165	-0.045074	-2.044581	-28.055130	1.444085	-0.533057	-28.083877	-0.062668	-2.069070	-28.174983	0.968964	-1.232302	-28.119146	0.960198	-1.268387	-27.891250	0.963822	-1.039584	-27.842553	0.978692	-1.062580	-28.141184	0.441327	-1.249962	-27.875880	0.446948	-1.046628	-28.176085	-0.069499	-1.234955	-28.182769	-0.075167	-1.227621	-27.852303	-0.032384	-1.030566	-27.842026	-0.051446	-1.072524
5105	70.912140	00:01:10:65	-27.954160	1.646424	-1.221648	-27.982498	1.662498	-1.092532	-28.099030	1.682681	-1.144915	-28.013357	1.541251	-1.194247	-28.048186	1.585656	-1.160013	-28.116770	1.526121	-1.255171	-27.872978	1.555583	-1.096943	-28.077964	1.476756	-0.872603	-27.973318	0.756933	-1.607106	-28.049125	1.394138	-0.580474	-28.098714	-0.033057	-2.043054	-28.015248	1.425335	-0.521322	-28.098306	-0.044488	-2.064122	-28.033042	1.421123	-0.514757	-28.124546	-0.043527	-2.068389	-28.188214	0.960497	-1.220753	-28.129850	0.961104	-1.268379	-27.866698	0.965980	-1.059717	-27.854922	0.976968	-1.079072	-28.135972	0.454401	-1.241554	-27.799574	0.477638	-1.070470	-28.176157	-0.031348	-1.179872	-28.131988	-0.073946	-1.253372	-27.889396	-0.073439	-1.006648	-27.857025	-0.089242	-1.058091
5106	70.926034	00:01:10:66	-27.944252	1.646562	-1.220432	-27.974270	1.647072	-1.099501	-28.076065	1.650001	-1.155304	-27.993246	1.526096	-1.185651	-28.005809	1.562094	-1.129697	-28.098005	1.523088	-1.271480	-27.861050	1.529455	-1.095129	-28.115786	1.485749	-0.905599	-27.974252	0.743167	-1.608089	-28.053877	1.469420	-0.550712	-28.111427	-0.034963	-2.066202	-28.047612	1.429494	-0.559297	-28.121066	-0.038064	-2.053040	-28.032223	1.445981	-0.541595	-28.067921	-0.034765	-2.065321	-28.186659	0.978779	-1.243954	-28.130404	0.993841	-1.283746	-27.879093	0.970950	-1.028998	-27.851272	0.996998	-1.088039	-28.174744	0.432283	-1.264578	-27.831383	0.412631	-1.033890	-28.175827	-0.053181	-1.243319	-28.160845	-0.101772	-1.234879	-27.883357	-0.076945	-1.032431	-27.851626	-0.056210	-1.088071
5107	70.939927	00:01:10:67	-27.981209	1.629852	-1.240747	-27.973936	1.639719	-1.099981	-28.090396	1.682144	-1.159707	-27.985881	1.604917	-1.182913	-28.010951	1.520643	-1.135782	-28.115257	1.591485	-1.259929	-27.855850	1.542235	-1.089323	-28.074563	1.488167	-0.888674	-27.975801	0.744922	-1.599416	-28.024529	1.435220	-0.540443	-28.094252	-0.028003	-2.074824	-28.051182	1.450636	-0.573389	-28.103831	-0.027938	-2.067231	-28.018901	1.437632	-0.553965	-28.100417	-0.023731	-2.076005	-28.196062	0.958129	-1.219743	-28.094556	0.983510	-1.273554	-27.852447	0.954697	-1.031823	-27.857018	0.973216	-1.113704	-28.155989	0.447321	-1.251818	-27.840659	0.412082	-1.051468	-28.181747	-0.012581	-1.219647	-28.136910	-0.040211	-1.242707	-27.865338	-0.083533	-1.008869	-27.838390	-0.051597	-1.051943
5108	70.953821	00:01:10:68	-27.985970	1.639035	-1.224988	-27.981406	1.681912	-1.109964	-28.072098	1.661255	-1.140963	-27.955892	1.557068	-1.188481	-28.020937	1.537462	-1.146630	-28.127614	1.521619	-1.254119	-27.891835	1.575654	-1.080525	-28.077513	1.483600	-0.871993	-27.987995	0.771630	-1.569104	-28.054833	1.429114	-0.546568	-28.102587	-0.031940	-2.047316	-28.036676	1.405043	-0.564616	-28.065509	-0.063325	-2.065787	-28.013737	1.424595	-0.551958	-28.093483	-0.043018	-2.053699	-28.182259	0.947980	-1.221747	-28.156399	0.972045	-1.269488	-27.892148	0.982953	-1.072433	-27.859374	0.958259	-1.090033	-28.190269	0.487564	-1.218086	-27.860295	0.466573	-1.072112	-28.182239	-0.050410	-1.183381	-28.155721	-0.068539	-1.280060	-27.886835	-0.033757	-1.029575	-27.878177	-0.066209	-1.084338
5109	70.967714	00:01:10:69	-27.918261	1.651462	-1.247688	-27.993666	1.649467	-1.118739	-28.099478	1.679020	-1.180950	-27.971749	1.536825	-1.171175	-28.018294	1.568066	-1.157273	-28.130242	1.532679	-1.285378	-27.847047	1.517518	-1.098044	-28.052822	1.452631	-0.927229	-27.950973	0.752284	-1.581996	-28.044682	1.431031	-0.566641	-28.066931	-0.056720	-2.065448	-28.032109	1.452043	-0.545340	-28.077762	-0.015278	-2.052541	-28.041409	1.424471	-0.556979	-28.100468	-0.065619	-2.062502	-28.202185	0.958524	-1.215558	-28.140078	0.962879	-1.257817	-27.889991	0.961078	-1.056456	-27.836726	0.978155	-1.061558	-28.167507	0.472828	-1.271806	-27.874990	0.479111	-1.052277	-28.182436	-0.040440	-1.217444	-28.144133	-0.054859	-1.228602	-27.830143	-0.067823	-1.014715	-27.866823	-0.046291	-1.102791
5110	70.981607	00:01:10:70	-27.993688	1.657385	-1.251587	-27.963329	1.688366	-1.108802	-28.075022	1.662868	-1.160388	-27.989694	1.532615	-1.190861	-28.044414	1.546140	-1.156008	-28.125869	1.547840	-1.241016	-27.892440	1.547276	-1.112040	-28.079311	1.485578	-0.877947	-27.999302	0.790393	-1.568388	-27.984259	1.437429	-0.567133	-28.101726	-0.053419	-2.043557	-28.035158	1.459239	-0.568273	-28.106105	-0.045621	-2.059393	-28.016620	1.430120	-0.542845	-28.083314	-0.045180	-2.069446	-28.168819	0.947247	-1.237169	-28.154016	0.938848	-1.272572	-27.829526	0.966375	-1.037237	-27.828610	0.970380	-1.081950	-28.172142	0.433908	-1.271314	-27.852484	0.448961	-1.090838	-28.183210	-0.039598	-1.185228	-28.117215	-0.058947	-1.243163	-27.866053	-0.078419	-1.007651	-27.848009	-0.089791	-1.087402
5111	70.995501	00:01:10:71	-27.954531	1.659836	-1.255339	-27.998515	1.646486	-1.091637	-28.060574	1.676511	-1.144369	-28.006043	1.534298	-1.180671	-28.018493	1.559274	-1.132709	-28.127781	1.530059	-1.272301	-27.905830	1.538808	-1.077770	-28.066105	1.475775	-0.917618	-27.984008	0.760802	-1.584042	-28.049995	1.449103	-0.558047	-28.082868	-0.040654	-2.092955	-28.051468	1.429177	-0.516154	-28.089861	-0.032822	-2.064711	-28.054470	1.397654	-0.613130	-28.042638	-0.086947	-2.060963	-28.197590	1.000450	-1.173603	-28.106860	0.978650	-1.283374	-27.861896	0.955480	-1.050162	-27.856882	0.974787	-1.108230	-28.174474	0.434220	-1.202443	-27.850826	0.478373	-1.038398	-28.162870	-0.059284	-1.203850	-28.127255	-0.090115	-1.250403	-27.850353	-0.049210	-0.996544	-27.868798	-0.079597	-1.065182
5112	71.009394	00:01:11:00	-27.975572	1.625882	-1.255659	-27.977152	1.630558	-1.099190	-28.057560	1.626932	-1.183246	-27.989529	1.551500	-1.168573	-27.988786	1.542174	-1.111370	-28.104005	1.537656	-1.264996	-27.892679	1.538268	-1.107151	-28.084610	1.433355	-0.923279	-28.014945	0.718767	-1.561214	-28.043624	1.418663	-0.542894	-28.133418	-0.026792	-2.068688	-27.993518	1.431856	-0.590453	-28.102686	-0.054068	-2.058238	-28.005260	1.442900	-0.530354	-28.113322	-0.029670	-2.078185	-28.159466	0.990638	-1.235245	-28.167979	0.957875	-1.283438	-27.848612	0.958391	-1.025934	-27.822105	0.990480	-1.088363	-28.154245	0.470160	-1.256117	-27.842704	0.435516	-1.046801	-28.152494	-0.045755	-1.199009	-28.188789	-0.030626	-1.263395	-27.901000	-0.038985	-1.024727	-27.812138	-0.042867	-1.078259
5113	71.023288	00:01:11:01	-27.945981	1.680507	-1.241628	-27.961659	1.656259	-1.109804	-28.079079	1.658827	-1.173486	-27.989052	1.556256	-1.134734	-28.009154	1.577411	-1.128405	-28.105668	1.550841	-1.279380	-27.885944	1.518206	-1.121725	-28.062363	1.506496	-0.953650	-27.996851	0.746564	-1.613449	-28.054191	1.450009	-0.551405	-28.083378	-0.033338	-2.073368	-28.016033	1.457694	-0.550229	-28.081852	-0.024328	-2.050484	-28.056492	1.434385	-0.571967	-28.081698	-0.037193	-2.103423	-28.180233	0.979269	-1.221590	-28.164585	0.955562	-1.300726	-27.881039	0.959367	-1.047435	-27.832254	0.975785	-1.091785	-28.123219	0.450463	-1.214408	-27.857159	0.486652	-1.047905	-28.161971	-0.028651	-1.208191	-28.150029	-0.085084	-1.252638	-27.857914	-0.054069	-1.020304	-27.858097	-0.038409	-1.051960
5114	71.037181	00:01:11:02	-28.002131	1.623065	-1.259402	-27.955874	1.691091	-1.104188	-28.080329	1.667462	-1.167786	-27.991542	1.522475	-1.164137	-27.995980	1.540401	-1.135288	-28.149512	1.553702	-1.243196	-27.838872	1.554343	-1.102673	-28.077997	1.504563	-0.898766	-27.992170	0.746095	-1.570862	-28.048250	1.402302	-0.528703	-28.101541	-0.043624	-2.061721	-28.013030	1.434368	-0.564394	-28.086465	-0.034809	-2.058336	-28.043085	1.449179	-0.572759	-28.118491	-0.035926	-2.061889	-28.146871	0.961293	-1.245006	-28.141934	0.953360	-1.315231	-27.883470	0.969400	-1.065423	-27.846898	0.955336	-1.079824	-28.148575	0.432705	-1.226548	-27.840671	0.470426	-1.065159	-28.147896	-0.055725	-1.199748	-28.126284	-0.075463	-1.257782	-27.869360	-0.045809	-0.996145	-27.874948	-0.021278	-1.085041
5115	71.051075	00:01:11:03	-27.964481	1.643296	-1.240635	-27.987330	1.672316	-1.088476	-28.076248	1.672734	-1.147811	-28.016607	1.560715	-1.148593	-28.029657	1.565090	-1.145892	-28.130856	1.542605	-1.255935	-27.873205	1.553450	-1.092557	-28.082575	1.473897	-0.881858	-27.977593	0.722961	-1.575106	-28.027881	1.452301	-0.559222	-28.087937	-0.057351	-2.061222	-28.006130	1.445692	-0.529275	-28.076940	-0.044908	-2.055427	-28.049479	1.448058	-0.538366	-28.086828	-0.028663	-2.066327	-28.179362	0.957016	-1.204460	-28.146231	0.937752	-1.283731	-27.885878	0.949117	-1.057998	-27.848610	0.959323	-1.041182	-28.168184	0.438328	-1.237170	-27.884052	0.438766	-1.033347	-28.180707	-0.050387	-1.214357	-28.150797	-0.043002	-1.250675	-27.851078	-0.030990	-0.994520	-27.830260	-0.058782	-1.082431
5116	71.064968	00:01:11:04	-27.977687	1.665127	-1.268470	-27.962845	1.626159	-1.096738	-28.072363	1.669830	-1.165950	-27.992329	1.535401	-1.189525	-28.001058	1.552421	-1.148784	-28.138224	1.541248	-1.277707	-27.905002	1.544266	-1.085704	-28.116016	1.517544	-0.900905	-27.994490	0.745636	-1.569331	-28.012385	1.450096	-0.557763	-28.089205	-0.086037	-2.054055	-28.008393	1.435274	-0.546013	-28.100244	-0.065187	-2.076927	-28.033702	1.424587	-0.577028	-28.079993	-0.053269	-2.061612	-28.194877	0.963323	-1.225842	-28.168545	0.969783	-1.277177	-27.846654	0.977677	-1.027223	-27.845718	0.958801	-1.064984	-28.138631	0.435158	-1.244858	-27.852505	0.466555	-1.048577	-28.153405	-0.018429	-1.208160	-28.148968	-0.057220	-1.263486	-27.872972	-0.059785	-0.977852	-27.873682	-0.064010	-1.064662
5117	71.078862	00:01:11:05	-27.964325	1.643923	-1.234429	-27.962171	1.667768	-1.121281	-28.086147	1.653346	-1.163537	-27.996570	1.474911	-1.193138	-28.063664	1.521287	-1.157177	-28.129754	1.555801	-1.258160	-27.855482	1.566450	-1.102163	-28.072852	1.482544	-0.899164	-27.993131	0.759136	-1.554722	-28.036151	1.420944	-0.564346	-28.098854	-0.060417	-2.071473	-28.030612	1.435697	-0.536607	-28.099440	-0.042583	-2.060976	-28.033807	1.488552	-0.518089	-28.100681	-0.054088	-2.074488	-28.148359	1.003031	-1.231258	-28.153006	0.960163	-1.328081	-27.864838	1.016660	-1.030506	-27.830026	0.982729	-1.056392	-28.172285	0.472867	-1.243415	-27.852450	0.475034	-1.078692	-28.151048	-0.084896	-1.215389	-28.135452	-0.030668	-1.276634	-27.909440	-0.036974	-1.038306	-27.841230	-0.035887	-1.065822
5118	71.092755	00:01:11:06	-27.959457	1.634109	-1.256848	-28.004464	1.651651	-1.107600	-28.082763	1.681386	-1.135593	-27.985011	1.521355	-1.196029	-28.010951	1.526849	-1.148597	-28.123254	1.554885	-1.287653	-27.878047	1.562711	-1.078909	-28.084187	1.498275	-0.901399	-27.982547	0.731875	-1.586264	-28.043737	1.430660	-0.554482	-28.103756	-0.034510	-2.053293	-28.028544	1.401368	-0.553931	-28.122981	-0.039783	-2.015664	-28.030990	1.441465	-0.512021	-28.118490	-0.044169	-2.059708	-28.167483	0.971311	-1.207718	-28.134452	0.984026	-1.288481	-27.874301	0.980206	-1.021043	-27.840873	0.992955	-1.086309	-28.149276	0.468939	-1.234560	-27.849592	0.458075	-1.070796	-28.207194	-0.025071	-1.210433	-28.140998	-0.080806	-1.272342	-27.878166	-0.049965	-1.020225	-27.828668	-0.068153	-1.057531
5119	71.106648	00:01:11:07	-28.000045	1.644619	-1.238909	-27.962259	1.670400	-1.083671	-28.082970	1.646892	-1.167415	-28.004641	1.560291	-1.165054	-28.016364	1.529981	-1.170520	-28.088939	1.522913	-1.249917	-27.858862	1.553132	-1.104514	-28.073643	1.499294	-0.908686	-27.969150	0.740514	-1.586527	-28.029471	1.436260	-0.580583	-28.086227	-0.052638	-2.049541	-28.075663	1.409457	-0.547264	-28.057300	-0.047272	-2.063333	-28.047262	1.428614	-0.539912	-28.079680	-0.044495	-2.031694	-28.202717	0.981611	-1.217192	-28.162761	0.968297	-1.304373	-27.872714	0.950986	-1.033876	-27.827368	0.943524	-1.100831	-28.165107	0.437902	-1.242130	-27.864389	0.458704	-1.078622	-28.153108	-0.034023	-1.209632	-28.142259	-0.084586	-1.270061	-27.869398	-0.055798	-0.999773	-27.845401	-0.074737	-1.080710
5120	71.120542	00:01:11:08	-27.974380	1.665354	-1.234995	-27.976809	1.653680	-1.086992	-28.061046	1.678443	-1.111207	-28.009695	1.550168	-1.180362	-28.001972	1.562670	-1.160509	-28.118440	1.525011	-1.245480	-27.856791	1.517110	-1.098933	-28.067735	1.492934	-0.910709	-27.938484	0.747101	-1.596288	-28.017662	1.454224	-0.581748	-28.089357	-0.026650	-2.044885	-28.031845	1.432309	-0.565220	-28.075505	-0.058324	-2.065687	-28.023260	1.456575	-0.589842	-28.105429	-0.076368	-2.060977	-28.199203	0.958767	-1.224959	-28.149636	0.991274	-1.264343	-27.854886	0.965817	-1.049960	-27.818226	0.957362	-1.077011	-28.167540	0.453985	-1.245636	-27.840005	0.458187	-1.061489	-28.158517	-0.030561	-1.239309	-28.142312	-0.060264	-1.258134	-27.856239	-0.067173	-0.999024	-27.843616	-0.086348	-1.069303
5121	71.134435	00:01:11:09	-27.958100	1.649235	-1.253613	-27.989630	1.634199	-1.091327	-28.075240	1.647233	-1.152828	-27.989006	1.525552	-1.156243	-28.005006	1.533336	-1.151499	-28.106411	1.539412	-1.240474	-27.864838	1.551713	-1.102259	-28.067546	1.477158	-0.896724	-28.003366	0.699680	-1.581696	-28.035230	1.477265	-0.559561	-28.098322	-0.039206	-2.060391	-28.035082	1.433748	-0.527013	-28.085951	-0.035086	-2.064304	-28.049643	1.465592	-0.578077	-28.123730	-0.056361	-2.087900	-28.166967	0.967969	-1.240283	-28.168794	0.977667	-1.285206	-27.856851	0.964639	-1.035674	-27.803114	0.964062	-1.088551	-28.190145	0.463144	-1.258627	-27.876052	0.435713	-1.064443	-28.172841	-0.049200	-1.216948	-28.180562	-0.040340	-1.251199	-27.875201	-0.061179	-0.989052	-27.836900	-0.108558	-1.080146
5122	71.148329	00:01:11:10	-27.971880	1.665480	-1.258381	-27.980820	1.660402	-1.107595	-28.098627	1.645692	-1.164649	-28.002760	1.531554	-1.147321	-28.024022	1.541677	-1.121885	-28.123760	1.509577	-1.240268	-27.841497	1.515073	-1.092008	-28.098892	1.503973	-0.893618	-27.973962	0.739580	-1.584418	-28.055265	1.455325	-0.571370	-28.081878	-0.043249	-2.074048	-28.013380	1.430410	-0.554167	-28.093756	-0.025858	-2.068394	-28.025669	1.458726	-0.553897	-28.088691	-0.064839	-2.059769	-28.171838	0.968676	-1.218223	-28.143889	0.987827	-1.250297	-27.891788	0.969651	-1.062733	-27.837842	0.990220	-1.099911	-28.139789	0.484532	-1.208101	-27.865927	0.445557	-1.025713	-28.154193	-0.062392	-1.189914	-28.131956	-0.047422	-1.231040	-27.929588	-0.046647	-1.017285	-27.832749	-0.066016	-1.038154
5123	71.162222	00:01:11:11	-28.009592	1.614451	-1.206695	-27.970494	1.660301	-1.091515	-28.044522	1.632122	-1.171105	-28.017851	1.533914	-1.155486	-28.034652	1.563167	-1.112512	-28.160426	1.545269	-1.243268	-27.860821	1.561480	-1.092473	-28.101774	1.477756	-0.901066	-27.980244	0.764168	-1.586765	-28.044923	1.434502	-0.517290	-28.127067	-0.045929	-2.065525	-28.002075	1.442472	-0.536053	-28.080389	-0.041986	-2.056483	-28.021531	1.418372	-0.555650	-28.102148	-0.087703	-2.088871	-28.149107	0.948096	-1.198953	-28.114724	0.998018	-1.283214	-27.876021	0.994810	-1.023877	-27.869664	0.949342	-1.098902	-28.183314	0.461938	-1.247508	-27.827197	0.460831	-1.031130	-28.186699	-0.040062	-1.224655	-28.135796	-0.062916	-1.279079	-27.846414	-0.073580	-1.035383	-27.840382	-0.054253	-1.076036
5124	71.176116	00:01:11:12	-27.972596	1.683891	-1.240098	-27.977059	1.667554	-1.101664	-28.092579	1.631693	-1.157981	-27.971522	1.539389	-1.187523	-28.009809	1.567397	-1.160232	-28.128270	1.536921	-1.246742	-27.864364	1.551833	-1.074753	-28.090656	1.475271	-0.917941	-27.991224	0.759642	-1.596528	-28.032934	1.452924	-0.571984	-28.079522	-0.038741	-2.081226	-28.070571	1.413286	-0.559329	-28.068497	-0.048142	-2.057095	-28.016504	1.418874	-0.556249	-28.082442	-0.051683	-2.033737	-28.145726	0.958985	-1.236080	-28.161821	0.971496	-1.263905	-27.862895	0.943246	-1.089254	-27.852480	0.966663	-1.087419	-28.187689	0.464423	-1.236850	-27.853335	0.459782	-1.060089	-28.143055	-0.050424	-1.217496	-28.149180	-0.052073	-1.291607	-27.879037	-0.079094	-1.045035	-27.840428	-0.078502	-1.072200
5125	71.190009	00:01:11:13	-27.975011	1.667232	-1.213138	-27.959111	1.640726	-1.121736	-28.072624	1.638570	-1.141009	-28.002103	1.546910	-1.165251	-28.019784	1.538464	-1.154205	-28.100370	1.539163	-1.269952	-27.873971	1.540265	-1.076649	-28.079880	1.471612	-0.929917	-28.009311	0.723473	-1.589718	-28.056512	1.420739	-0.554650	-28.095603	-0.053100	-2.047566	-28.021799	1.456628	-0.538285	-28.087092	-0.069076	-2.080926	-28.030545	1.434315	-0.563885	-28.060848	-0.036737	-2.052749	-28.184577	0.964627	-1.222168	-28.133266	0.952966	-1.281232	-27.854806	0.953963	-1.037092	-27.864602	0.985982	-1.091833	-28.185438	0.448719	-1.257563	-27.857362	0.465174	-1.055593	-28.176253	-0.037254	-1.221303	-28.134866	-0.058860	-1.234057	-27.895256	-0.025299	-1.022700	-27.843557	-0.020737	-1.043650
5126	71.203903	00:01:11:14	-27.991739	1.653670	-1.232406	-27.965856	1.663724	-1.125064	-28.051622	1.654426	-1.182454	-28.001294	1.551024	-1.170500	-28.024573	1.525043	-1.139955	-28.128149	1.540850	-1.234518	-27.904971	1.558150	-1.089441	-28.073005	1.472789	-0.917365	-27.976757	0.751917	-1.573306	-28.041857	1.453269	-0.544182	-28.112840	-0.043471	-2.069565	-28.054525	1.400997	-0.582384	-28.067563	-0.059424	-2.077887	-28.027469	1.410866	-0.566062	-28.107504	-0.051857	-2.051719	-28.193123	0.947685	-1.207295	-28.122494	0.977420	-1.278056	-27.894918	0.990517	-1.053591	-27.829780	0.948323	-1.093562	-28.162617	0.443838	-1.239564	-27.854826	0.451477	-1.054588	-28.187075	-0.079502	-1.182067	-28.145591	-0.066319	-1.242241	-27.880497	-0.031093	-1.018438	-27.860084	-0.054372	-1.098374
5127	71.217796	00:01:11:15	-27.957189	1.666355	-1.222312	-27.973344	1.641732	-1.113437	-28.099782	1.681872	-1.139279	-28.017565	1.527941	-1.175747	-28.027880	1.547026	-1.124941	-28.136208	1.516598	-1.268427	-27.841945	1.563691	-1.107033	-28.061526	1.480371	-0.888536	-27.978367	0.728177	-1.614925	-28.018657	1.410731	-0.550572	-28.099234	-0.047951	-2.063646	-28.056187	1.435371	-0.532046	-28.095283	-0.034132	-2.031774	-28.055758	1.437594	-0.555005	-28.112747	-0.062643	-2.056497	-28.180938	0.990904	-1.229920	-28.133241	0.990829	-1.285708	-27.915036	0.994224	-1.033146	-27.853930	0.985411	-1.096562	-28.167756	0.457652	-1.229885	-27.840508	0.449605	-1.031974	-28.176916	-0.058080	-1.181193	-28.154287	-0.046820	-1.276304	-27.854611	-0.053626	-1.038116	-27.863049	-0.070887	-1.054521
5128	71.231689	00:01:11:16	-27.992735	1.641295	-1.211421	-27.985574	1.652904	-1.113557	-28.095450	1.652586	-1.158986	-27.975577	1.548291	-1.178468	-28.017687	1.536862	-1.145909	-28.131700	1.549947	-1.277434	-27.871414	1.526009	-1.084577	-28.084319	1.501730	-0.909078	-28.002617	0.751162	-1.609700	-28.023307	1.446669	-0.547362	-28.060943	-0.030690	-2.067330	-28.029323	1.453421	-0.559880	-28.109349	-0.079603	-2.070806	-28.050795	1.437979	-0.554151	-28.092643	-0.028197	-2.060845	-28.159473	0.935872	-1.221491	-28.117452	0.935089	-1.275119	-27.891807	0.976311	-1.040721	-27.827322	0.936780	-1.114552	-28.157388	0.452249	-1.243469	-27.850698	0.458722	-1.033742	-28.166832	-0.044640	-1.179598	-28.153031	-0.043766	-1.267607	-27.885812	-0.035804	-1.010956	-27.814748	-0.085742	-1.067006
5129	71.245583	00:01:11:17	-27.956050	1.640411	-1.231112	-28.004073	1.668724	-1.107836	-28.117416	1.676289	-1.166210	-27.969980	1.551276	-1.200804	-28.047097	1.533155	-1.131417	-28.145943	1.545058	-1.264451	-27.885136	1.572194	-1.107658	-28.089834	1.513081	-0.915625	-27.976990	0.721756	-1.569638	-28.031644	1.432010	-0.537859	-28.077835	-0.064088	-2.039325	-28.029099	1.416836	-0.538710	-28.062127	-0.066639	-2.056666	-28.038300	1.449530	-0.527032	-28.116426	-0.040179	-2.087574	-28.182097	0.964077	-1.237612	-28.137882	0.978388	-1.260272	-27.873911	0.947152	-1.028134	-27.853967	0.953160	-1.091430	-28.147442	0.419856	-1.234792	-27.879659	0.480720	-1.063117	-28.183310	-0.071778	-1.210104	-28.143647	-0.040234	-1.263641	-27.918781	-0.044287	-0.996546	-27.839702	-0.072787	-1.110412
5130	71.259476	00:01:11:18	-27.973711	1.655356	-1.236789	-27.962427	1.651387	-1.081872	-28.098168	1.662613	-1.107829	-28.001766	1.587958	-1.198613	-28.025372	1.561746	-1.129401	-28.147680	1.523311	-1.215996	-27.873217	1.538267	-1.094486	-28.067086	1.463531	-0.906073	-28.005684	0.778613	-1.557781	-28.026224	1.440968	-0.581822	-28.054862	-0.029629	-2.062634	-28.019292	1.431265	-0.570982	-28.114302	-0.055444	-2.059652	-28.022206	1.452492	-0.580736	-28.109421	-0.025670	-2.042389	-28.174699	0.997829	-1.240120	-28.140833	0.968298	-1.296776	-27.898767	0.980545	-1.022649	-27.860481	0.954565	-1.081726	-28.166445	0.453040	-1.257548	-27.881156	0.445170	-1.060176	-28.162560	-0.033187	-1.175661	-28.146522	-0.049722	-1.274437	-27.859089	-0.057649	-0.995546	-27.848072	-0.074217	-1.071629
5131	71.273370	00:01:11:19	-27.943757	1.630800	-1.231898	-27.991700	1.653155	-1.088215	-28.104444	1.648973	-1.181921	-28.023581	1.526460	-1.142474	-28.010951	1.544798	-1.121222	-28.132571	1.537896	-1.225220	-27.895122	1.517081	-1.092443	-28.050613	1.505847	-0.930693	-27.991503	0.763318	-1.580759	-28.043218	1.458690	-0.539839	-28.124631	-0.060914	-2.075341	-28.034737	1.444421	-0.549481	-28.086036	-0.046070	-2.052547	-28.027223	1.405174	-0.537273	-28.099198	-0.038563	-2.049573	-28.194914	0.986178	-1.238128	-28.178114	0.997850	-1.248889	-27.891517	0.973409	-1.071944	-27.833090	0.973958	-1.072778	-28.133954	0.442782	-1.228756	-27.862195	0.451548	-1.044791	-28.171776	-0.044123	-1.192047	-28.147609	-0.095373	-1.247785	-27.895441	-0.039236	-1.046496	-27.865409	-0.055910	-1.059429
5132	71.287263	00:01:11:20	-27.935277	1.655041	-1.242534	-27.975671	1.674113	-1.091256	-28.081332	1.672479	-1.155160	-28.009872	1.530637	-1.187033	-28.014095	1.547029	-1.129980	-28.126588	1.567818	-1.234286	-27.867654	1.512371	-1.099893	-28.084852	1.504188	-0.915935	-28.000241	0.750461	-1.565421	-28.068905	1.434487	-0.572416	-28.083680	-0.080009	-2.044936	-28.059862	1.434684	-0.579485	-28.079992	-0.042683	-2.053422	-28.029374	1.413279	-0.524430	-28.095018	-0.026716	-2.002660	-28.224959	0.981170	-1.239228	-28.161227	0.948071	-1.263301	-27.897933	0.986863	-1.045013	-27.831505	0.957440	-1.095913	-28.154716	0.452990	-1.241321	-27.860364	0.477683	-1.084273	-28.173268	-0.063476	-1.225817	-28.152573	-0.051964	-1.247297	-27.889606	-0.046966	-1.013093	-27.818728	-0.080195	-1.059159
5133	71.301157	00:01:11:21	-27.968958	1.657673	-1.231783	-27.967099	1.655477	-1.084630	-28.066974	1.678272	-1.153283	-27.995076	1.572336	-1.212446	-28.018662	1.550185	-1.093094	-28.116254	1.544509	-1.239447	-27.850633	1.572551	-1.117811	-28.097887	1.458664	-0.899247	-27.988188	0.765551	-1.586707	-28.038348	1.444113	-0.561824	-28.092717	-0.019407	-2.073914	-28.015194	1.441983	-0.578434	-28.075619	-0.070913	-2.053612	-28.026368	1.442189	-0.543586	-28.078827	-0.024724	-2.063087	-28.169331	1.012213	-1.225159	-28.143333	0.988081	-1.273632	-27.851425	0.966420	-1.061220	-27.835760	0.939951	-1.095425	-28.142320	0.428196	-1.212522	-27.878493	0.459107	-1.065048	-28.192592	-0.065289	-1.195707	-28.147557	-0.061826	-1.247143	-27.905206	-0.029913	-1.051248	-27.857497	-0.033403	-1.087323
5134	71.315050	00:01:11:22	-27.961101	1.638346	-1.234384	-27.995874	1.639389	-1.094248	-28.088915	1.671392	-1.150750	-27.999638	1.545981	-1.199808	-28.007440	1.569251	-1.151444	-28.113832	1.550794	-1.257628	-27.885721	1.539671	-1.116974	-28.073652	1.507011	-0.890313	-27.981414	0.740464	-1.580662	-28.009524	1.432368	-0.546948	-28.074151	-0.040283	-2.040339	-28.044707	1.433817	-0.547999	-28.091207	-0.066563	-2.046162	-28.040907	1.444089	-0.540400	-28.104307	-0.045423	-2.083527	-28.149708	0.969606	-1.220996	-28.125281	0.970926	-1.287682	-27.863892	0.962769	-1.027100	-27.873315	0.963836	-1.089720	-28.147025	0.462930	-1.264355	-27.865837	0.464651	-1.027458	-28.191206	-0.078693	-1.211813	-28.153307	-0.053783	-1.274280	-27.907928	-0.073331	-1.024361	-27.833432	-0.052805	-1.057787
5135	71.328944	00:01:11:23	-27.962914	1.638652	-1.230710	-27.980850	1.654675	-1.088267	-28.061989	1.687249	-1.166621	-27.999972	1.542675	-1.153133	-28.013471	1.546896	-1.119523	-28.133114	1.511949	-1.254776	-27.884109	1.551793	-1.101885	-28.098805	1.492060	-0.912169	-27.956932	0.726677	-1.570130	-28.025136	1.408981	-0.565445	-28.073408	-0.038024	-2.036071	-28.045784	1.424850	-0.564963	-28.072345	-0.071661	-2.079670	-28.014966	1.435358	-0.555591	-28.077052	-0.059043	-2.064812	-28.192843	0.979508	-1.229233	-28.164634	0.976287	-1.293783	-27.864151	0.954271	-1.033296	-27.832150	0.953642	-1.093445	-28.172206	0.449026	-1.271145	-27.839946	0.451566	-1.038261	-28.165761	-0.050271	-1.194908	-28.121623	-0.068245	-1.260223	-27.878169	-0.046324	-1.047981	-27.834095	-0.083421	-1.050832
5136	71.342837	00:01:11:24	-27.960320	1.639999	-1.221948	-27.981825	1.649375	-1.101439	-28.071643	1.660006	-1.126189	-27.982098	1.499395	-1.191618	-28.004899	1.544967	-1.119668	-28.130952	1.544533	-1.257193	-27.868574	1.558401	-1.087500	-28.071739	1.501280	-0.916441	-28.018837	0.768176	-1.574201	-28.045034	1.425092	-0.566467	-28.084968	0.002535	-2.029519	-28.035205	1.416824	-0.524754	-28.129798	-0.019548	-2.050453	-28.030641	1.421401	-0.536111	-28.079556	-0.047944	-2.087280	-28.187629	0.958412	-1.221626	-28.139534	0.968218	-1.290631	-27.875004	0.968670	-1.026231	-27.820843	0.978095	-1.075180	-28.138352	0.438611	-1.245855	-27.861399	0.465457	-1.056444	-28.182485	-0.041605	-1.219280	-28.159670	-0.096402	-1.272508	-27.865815	-0.083512	-0.996608	-27.826824	-0.046775	-1.073626
5137	71.356730	00:01:11:25	-27.923569	1.655380	-1.253481	-27.990440	1.666115	-1.114781	-28.078633	1.707740	-1.167898	-27.995258	1.525095	-1.157579	-28.019804	1.515495	-1.161995	-28.119759	1.539879	-1.257757	-27.887922	1.578074	-1.103295	-28.091696	1.515734	-0.889542	-27.982905	0.768528	-1.579614	-28.050925	1.439482	-0.561347	-28.117113	-0.046802	-2.077747	-28.024400	1.421530	-0.542008	-28.103889	-0.031961	-2.072314	-28.058688	1.451019	-0.553137	-28.097217	-0.028511	-2.072268	-28.161735	0.996883	-1.229734	-28.143444	0.948378	-1.304053	-27.885330	0.970574	-1.044462	-27.878409	0.954974	-1.095712	-28.179252	0.480822	-1.256900	-27.901545	0.435157	-1.051255	-28.200544	-0.046798	-1.212739	-28.159572	-0.049070	-1.252108	-27.870713	-0.040430	-1.022201	-27.844520	-0.049709	-1.086604
5138	71.370624	00:01:11:26	-27.982286	1.660695	-1.236401	-28.002157	1.686010	-1.095740	-28.076238	1.663547	-1.130004	-28.028481	1.501301	-1.136113	-28.019198	1.533774	-1.144560	-28.137268	1.540128	-1.242769	-27.849551	1.523597	-1.107834	-28.073989	1.500360	-0.902202	-27.968783	0.753982	-1.563181	-28.028159	1.405389	-0.537162	-28.085645	-0.049758	-2.062007	-28.054246	1.450598	-0.559070	-28.113823	-0.031289	-2.055337	-28.020644	1.405390	-0.556689	-28.082239	-0.052019	-2.081553	-28.175450	0.969407	-1.203803	-28.136730	0.967068	-1.256865	-27.872096	0.961938	-1.040595	-27.833908	0.976061	-1.088154	-28.176920	0.429891	-1.263574	-27.861979	0.434511	-1.059400	-28.192214	-0.022754	-1.196330	-28.153964	-0.073720	-1.284535	-27.863097	-0.053273	-0.999500	-27.852621	-0.040331	-1.074624
5139	71.384517	00:01:11:27	-27.968366	1.622748	-1.204636	-27.971971	1.652783	-1.099338	-28.042909	1.666480	-1.170006	-28.006699	1.534112	-1.202921	-28.014356	1.546907	-1.127588	-28.111163	1.568032	-1.265771	-27.869129	1.551973	-1.108482	-28.082138	1.492864	-0.887512	-27.987250	0.725272	-1.579877	-28.037008	1.424221	-0.545584	-28.100770	-0.039060	-2.068232	-28.024508	1.431789	-0.551090	-28.113009	-0.048615	-2.068809	-28.039447	1.436697	-0.569363	-28.107049	-0.039663	-2.063689	-28.210211	0.982078	-1.229087	-28.158644	0.923850	-1.267051	-27.856971	0.985563	-1.079908	-27.838505	0.964985	-1.095631	-28.139018	0.437686	-1.262134	-27.891404	0.446166	-1.058436	-28.149882	-0.039688	-1.251410	-28.136999	-0.088175	-1.227046	-27.862487	-0.030178	-1.011192	-27.879492	-0.059880	-1.099611
5140	71.398411	00:01:11:28	-27.956540	1.664674	-1.248462	-27.961390	1.651503	-1.103339	-28.074790	1.656147	-1.167496	-27.998123	1.503460	-1.142746	-28.040974	1.538072	-1.133195	-28.155227	1.536228	-1.258266	-27.873126	1.513846	-1.096663	-28.088167	1.500210	-0.902630	-27.980851	0.735566	-1.584911	-28.040253	1.431704	-0.549034	-28.098015	-0.056480	-2.088532	-28.009963	1.448370	-0.549163	-28.126469	-0.061407	-2.062214	-28.028975	1.433751	-0.557409	-28.105048	-0.033406	-2.039618	-28.150286	0.983227	-1.269227	-28.138030	0.966125	-1.271562	-27.862132	0.958721	-1.040187	-27.821916	0.946315	-1.103050	-28.153649	0.416126	-1.223545	-27.840594	0.437517	-1.066356	-28.180009	-0.068333	-1.227485	-28.168536	-0.042797	-1.251759	-27.872821	-0.065202	-0.986698	-27.862580	-0.038360	-1.056058
5141	71.412304	00:01:11:29	-27.962369	1.638853	-1.252228	-27.986755	1.655216	-1.079344	-28.084339	1.668536	-1.127096	-28.019309	1.554150	-1.199905	-28.045568	1.570008	-1.156916	-28.116079	1.522014	-1.247225	-27.914004	1.557014	-1.082798	-28.102075	1.472327	-0.940453	-27.977260	0.746739	-1.551323	-28.043637	1.462626	-0.572228	-28.093697	-0.034153	-2.085170	-28.022858	1.409197	-0.567403	-28.079147	-0.046698	-2.064414	-28.035998	1.452069	-0.565868	-28.091754	-0.052998	-2.059271	-28.170402	0.970395	-1.230135	-28.161013	0.972935	-1.281643	-27.869752	1.006213	-1.055390	-27.850729	0.961801	-1.107448	-28.176243	0.447340	-1.212577	-27.862380	0.449041	-1.074208	-28.221814	-0.041695	-1.205526	-28.136039	-0.100023	-1.260305	-27.886757	-0.072988	-1.008784	-27.848390	-0.073801	-1.084733
5142	71.426198	00:01:11:30	-27.969810	1.668182	-1.232781	-27.974570	1.672718	-1.061770	-28.044885	1.656545	-1.173989	-28.040560	1.514256	-1.148031	-28.042235	1.568927	-1.122039	-28.120718	1.535236	-1.261856	-27.895463	1.566985	-1.081614	-28.069762	1.479540	-0.898224	-28.003874	0.726111	-1.548190	-28.029756	1.429203	-0.544799	-28.105065	-0.049126	-2.040546	-28.007856	1.431150	-0.587575	-28.081338	-0.067524	-2.066729	-28.012137	1.427899	-0.570566	-28.111277	-0.060391	-2.058510	-28.168713	0.975165	-1.220223	-28.130127	0.941334	-1.307665	-27.870744	0.973062	-1.058541	-27.848988	0.943758	-1.084907	-28.127301	0.450977	-1.212663	-27.837089	0.471410	-1.078780	-28.192056	-0.058581	-1.201269	-28.153888	-0.048635	-1.250023	-27.853041	-0.049575	-1.006135	-27.842324	-0.073348	-1.056997
5143	71.440091	00:01:11:31	-27.982383	1.661594	-1.237110	-27.980010	1.673522	-1.109002	-28.085438	1.685821	-1.166204	-28.029662	1.531776	-1.195575	-28.017299	1.561964	-1.131194	-28.100677	1.518332	-1.240293	-27.893461	1.541382	-1.072728	-28.096968	1.478856	-0.923100	-27.965909	0.752170	-1.600233	-28.028002	1.447908	-0.561589	-28.080235	-0.017456	-2.074804	-28.034003	1.436249	-0.538335	-28.080419	-0.029316	-2.052639	-28.043298	1.452241	-0.563628	-28.101760	-0.045784	-2.084955	-28.180288	0.975094	-1.247073	-28.150969	0.961933	-1.283470	-27.893340	0.935013	-0.997076	-27.843586	0.946448	-1.109036	-28.128668	0.460539	-1.260136	-27.850443	0.475336	-1.083877	-28.194212	-0.061074	-1.212146	-28.170280	-0.097667	-1.233180	-27.887759	-0.029423	-1.046638	-27.829344	-0.044082	-1.060695
5144	71.453985	00:01:11:32	-27.972527	1.645540	-1.215805	-27.956056	1.673132	-1.094890	-28.098564	1.659424	-1.142458	-28.007458	1.564575	-1.148498	-28.038093	1.556391	-1.129209	-28.119955	1.539020	-1.260799	-27.880738	1.550083	-1.106373	-28.082534	1.475095	-0.890638	-27.999617	0.716346	-1.567031	-28.039086	1.450668	-0.562974	-28.099522	-0.041757	-2.060673	-28.014390	1.427031	-0.551341	-28.068261	-0.095510	-2.056127	-28.064869	1.438403	-0.540019	-28.125644	-0.074201	-2.048077	-28.195245	0.977706	-1.251100	-28.137620	0.962090	-1.263402	-27.865516	0.986624	-1.049321	-27.834771	0.996190	-1.096928	-28.169558	0.485080	-1.266854	-27.806325	0.457837	-1.075238	-28.193455	-0.040926	-1.202073	-28.166899	-0.093754	-1.264424	-27.860809	-0.052066	-1.014791	-27.832286	-0.081846	-1.078660
5145	71.467878	00:01:11:33	-27.959028	1.631493	-1.246495	-27.971419	1.668296	-1.096947	-28.090236	1.667449	-1.166818	-27.995587	1.514127	-1.181276	-28.013320	1.535426	-1.160208	-28.137936	1.587554	-1.236081	-27.891144	1.555796	-1.089659	-28.069444	1.474781	-0.896547	-27.969886	0.759567	-1.573280	-28.028154	1.419193	-0.563943	-28.065802	-0.055552	-2.089641	-28.041964	1.449358	-0.529634	-28.083816	-0.074776	-2.074021	-28.024373	1.465885	-0.525007	-28.083264	-0.068373	-2.074562	-28.172794	0.948392	-1.216421	-28.140071	0.968454	-1.258922	-27.872477	0.941032	-1.041833	-27.834820	0.966286	-1.100440	-28.154164	0.472988	-1.244578	-27.853215	0.440490	-1.064320	-28.182242	-0.035407	-1.234627	-28.145464	-0.035855	-1.251117	-27.855618	-0.066701	-0.998734	-27.859648	-0.052951	-1.066437
5146	71.481771	00:01:11:34	-27.963418	1.637569	-1.227810	-27.967424	1.655956	-1.092894	-28.064464	1.659472	-1.163791	-27.994472	1.526680	-1.170622	-28.033199	1.504337	-1.156403	-28.133066	1.538856	-1.282832	-27.865711	1.547654	-1.115135	-28.089912	1.480207	-0.872050	-27.995204	0.742723	-1.560413	-28.022651	1.433708	-0.534141	-28.107379	-0.058041	-2.045950	-28.035040	1.433376	-0.549316	-28.105339	-0.051102	-2.048635	-28.021893	1.422321	-0.544634	-28.115689	-0.056305	-2.082330	-28.180011	0.954440	-1.249984	-28.145785	0.980751	-1.290793	-27.905044	0.987958	-1.022592	-27.824080	0.984479	-1.124474	-28.174151	0.443692	-1.278451	-27.845864	0.441256	-1.018717	-28.161411	-0.035347	-1.225827	-28.115265	-0.057630	-1.229409	-27.878170	-0.072558	-0.993257	-27.845015	-0.060765	-1.084609
5147	71.495665	00:01:11:35	-27.966292	1.656406	-1.220407	-27.964375	1.636921	-1.081368	-28.067441	1.663033	-1.170472	-27.967556	1.540839	-1.154422	-28.023220	1.545057	-1.133274	-28.155292	1.508263	-1.279962	-27.888195	1.531707	-1.083541	-28.061436	1.476527	-0.930041	-27.959959	0.758282	-1.607503	-28.009226	1.431484	-0.575182	-28.069785	-0.026304	-2.065685	-28.019305	1.439686	-0.545349	-28.117514	-0.050046	-2.076592	-28.018786	1.416368	-0.506803	-28.090879	-0.029507	-2.041146	-28.175188	0.974166	-1.227717	-28.136511	0.979900	-1.295174	-27.879706	0.978355	-1.013198	-27.834949	0.980545	-1.100745	-28.147871	0.450775	-1.232013	-27.866742	0.445168	-1.019460	-28.164590	-0.049222	-1.218749	-28.128940	-0.100750	-1.248830	-27.887917	-0.061787	-0.974975	-27.829343	-0.052693	-1.066077
5148	71.509558	00:01:11:36	-27.982528	1.643820	-1.260569	-27.971961	1.655129	-1.096269	-28.071199	1.670876	-1.156208	-28.003399	1.562581	-1.160334	-28.018434	1.569710	-1.134489	-28.153845	1.551461	-1.260863	-27.874882	1.535026	-1.091797	-28.079574	1.442260	-0.898423	-27.973631	0.774595	-1.571998	-28.010466	1.447090	-0.547851	-28.077143	-0.020258	-2.075493	-28.020407	1.436741	-0.571434	-28.106144	-0.055521	-2.036435	-28.043218	1.414351	-0.535385	-28.101172	-0.025721	-2.040164	-28.161371	0.960556	-1.190647	-28.145712	0.984748	-1.297555	-27.848659	0.991382	-1.034373	-27.828063	0.980026	-1.076759	-28.159430	0.465497	-1.260702	-27.873443	0.476882	-1.054281	-28.179624	-0.040092	-1.190890	-28.138611	-0.052108	-1.239130	-27.859533	-0.040498	-1.031391	-27.821473	-0.050520	-1.078443
5149	71.523452	00:01:11:37	-27.976146	1.649670	-1.228725	-27.978238	1.695643	-1.090425	-28.103492	1.663588	-1.182659	-28.002305	1.580004	-1.186584	-28.020385	1.538152	-1.138720	-28.092309	1.572384	-1.223197	-27.873282	1.485212	-1.139935	-28.072735	1.486288	-0.895264	-28.003092	0.753694	-1.561123	-28.025920	1.443431	-0.554062	-28.095772	-0.038654	-2.058089	-28.045264	1.449137	-0.567623	-28.040794	-0.013850	-2.069309	-28.015293	1.453721	-0.567427	-28.105929	-0.080913	-2.057610	-28.169186	0.950328	-1.238682	-28.151228	0.977847	-1.301778	-27.854639	0.963317	-1.029209	-27.795767	0.967737	-1.095932	-28.147612	0.441905	-1.228016	-27.861778	0.466859	-1.030593	-28.175570	-0.074581	-1.178005	-28.124663	-0.063606	-1.268107	-27.890836	-0.053191	-1.011748	-27.858645	-0.052108	-1.068348
5150	71.537345	00:01:11:38	-27.963529	1.656393	-1.216959	-27.971306	1.667590	-1.096174	-28.094148	1.652440	-1.176302	-27.999474	1.556804	-1.188318	-27.994481	1.547622	-1.110100	-28.126203	1.555625	-1.258259	-27.883994	1.536947	-1.102262	-28.068029	1.477907	-0.928392	-27.982658	0.742052	-1.580253	-28.038196	1.420764	-0.548259	-28.098670	-0.030316	-2.034494	-28.070427	1.422104	-0.537688	-28.125448	-0.058677	-2.050320	-28.031951	1.421120	-0.534017	-28.062065	-0.077511	-2.076770	-28.150457	0.979654	-1.210790	-28.137970	0.988622	-1.248555	-27.907486	0.963928	-1.005677	-27.841680	0.957696	-1.118707	-28.174339	0.439669	-1.232674	-27.857947	0.456134	-1.050919	-28.173569	-0.046941	-1.200621	-28.134416	-0.107543	-1.241172	-27.888797	-0.049181	-1.017062	-27.880082	-0.023617	-1.055087
5151	71.551239	00:01:11:39	-27.984926	1.653936	-1.269307	-27.972439	1.660428	-1.088560	-28.067754	1.672146	-1.174429	-27.968493	1.542946	-1.192064	-28.026995	1.568079	-1.161475	-28.088564	1.522612	-1.265170	-27.881065	1.525444	-1.098537	-28.094033	1.463469	-0.905963	-27.992164	0.754851	-1.570525	-28.030125	1.434493	-0.543023	-28.135736	-0.076825	-2.048487	-28.063460	1.436498	-0.531193	-28.097303	-0.061195	-2.081488	-28.017223	1.423566	-0.554202	-28.102857	-0.022856	-2.093176	-28.211745	0.965050	-1.248384	-28.126081	0.986547	-1.286763	-27.886567	0.989975	-1.025858	-27.815587	0.965443	-1.098108	-28.148494	0.449377	-1.217225	-27.848874	0.454562	-1.052143	-28.165638	-0.074529	-1.207738	-28.145623	-0.053608	-1.259262	-27.858376	-0.068676	-1.058713	-27.854698	-0.079013	-1.074597
5152	71.565132	00:01:11:40	-27.958613	1.613726	-1.238434	-27.968047	1.652398	-1.087183	-28.095772	1.670154	-1.164495	-27.990887	1.573962	-1.179110	-28.029947	1.557065	-1.132731	-28.130134	1.556338	-1.259140	-27.879704	1.545428	-1.067963	-28.056838	1.511768	-0.884892	-28.026009	0.755896	-1.592777	-28.038171	1.414891	-0.560997	-28.085529	-0.033421	-2.076118	-28.035733	1.436642	-0.536222	-28.100099	-0.054837	-2.058843	-28.062972	1.436720	-0.545655	-28.085554	-0.049082	-2.058918	-28.183601	0.964703	-1.216138	-28.160495	0.976570	-1.280460	-27.863250	0.998403	-1.043002	-27.847984	0.982054	-1.089306	-28.197766	0.450679	-1.238557	-27.841497	0.455572	-1.016641	-28.205598	-0.044416	-1.212789	-28.156791	-0.060417	-1.242115	-27.905430	-0.069717	-1.025752	-27.828477	-0.070179	-1.059574
5153	71.579026	00:01:11:41	-27.954924	1.660769	-1.211145	-27.959819	1.636875	-1.104126	-28.078292	1.647788	-1.162635	-27.990011	1.587833	-1.162343	-28.039287	1.537973	-1.148549	-28.113401	1.531061	-1.253376	-27.854931	1.532290	-1.102377	-28.075525	1.482482	-0.892822	-27.981126	0.749086	-1.569170	-28.031453	1.452440	-0.548251	-28.151993	-0.057211	-2.038517	-28.035853	1.425226	-0.535392	-28.081919	-0.048237	-2.058093	-28.035716	1.426119	-0.551150	-28.103733	-0.060181	-2.059866	-28.116629	1.000595	-1.210675	-28.152025	0.963761	-1.283567	-27.877889	0.963916	-1.019371	-27.820993	0.967716	-1.095499	-28.145876	0.468909	-1.233947	-27.864197	0.446026	-1.088575	-28.150818	-0.042879	-1.235041	-28.141760	-0.044706	-1.235586	-27.910582	-0.039567	-1.012921	-27.829635	-0.072644	-1.058234
5154	71.592919	00:01:11:42	-27.981948	1.636731	-1.240202	-28.005123	1.668408	-1.082643	-28.076773	1.640550	-1.153591	-28.002694	1.521349	-1.194278	-28.022448	1.572839	-1.129031	-28.113996	1.553516	-1.252503	-27.883710	1.553668	-1.116257	-28.066429	1.499713	-0.881255	-27.986074	0.729457	-1.592664	-28.038537	1.427464	-0.567302	-28.087914	-0.030557	-2.045383	-28.018081	1.441100	-0.529362	-28.104878	-0.082261	-2.054606	-28.033746	1.443975	-0.570800	-28.103099	-0.037299	-2.049414	-28.164711	0.984104	-1.250012	-28.137929	0.993766	-1.278890	-27.858185	0.965687	-1.032880	-27.840191	0.954608	-1.072996	-28.161537	0.458421	-1.272772	-27.856726	0.485449	-1.081139	-28.153009	-0.022157	-1.193926	-28.111018	-0.053408	-1.271668	-27.866734	-0.065811	-1.003896	-27.849492	-0.050772	-1.079378
5155	71.606812	00:01:11:43	-27.969041	1.656633	-1.210587	-27.999442	1.656199	-1.029861	-28.067997	1.650704	-1.158605	-27.984136	1.550169	-1.189271	-28.022257	1.530067	-1.154627	-28.106053	1.520071	-1.280673	-27.906026	1.555835	-1.104139	-28.091141	1.450529	-0.926366	-27.990835	0.759327	-1.590568	-28.034365	1.393701	-0.555111	-28.092872	-0.041931	-2.059143	-28.006208	1.432128	-0.528081	-28.090072	-0.069642	-2.086907	-28.026612	1.425953	-0.552713	-28.081777	-0.038342	-2.031428	-28.174240	0.972313	-1.224376	-28.152359	0.950557	-1.268805	-27.897112	0.953005	-1.032560	-27.817459	0.972821	-1.092168	-28.157940	0.455942	-1.255703	-27.846309	0.432568	-1.073098	-28.187025	-0.047274	-1.230877	-28.160687	-0.080112	-1.296018	-27.854014	-0.040371	-1.036497	-27.853394	-0.061468	-1.065713
5156	71.620706	00:01:11:44	-27.975255	1.669184	-1.228853	-27.972018	1.642689	-1.071061	-28.109481	1.642870	-1.166932	-27.998006	1.507637	-1.173047	-27.992980	1.547968	-1.117552	-28.103350	1.525420	-1.280088	-27.881898	1.543818	-1.056522	-28.060538	1.494616	-0.907104	-28.008806	0.750340	-1.537326	-28.058016	1.454438	-0.574279	-28.092719	-0.044840	-2.040329	-28.038641	1.431294	-0.572825	-28.088706	-0.048057	-2.085780	-28.045851	1.468282	-0.547818	-28.067853	-0.044861	-2.081176	-28.187467	0.991785	-1.209001	-28.150855	0.959653	-1.295045	-27.856357	0.928480	-1.018128	-27.845636	0.956491	-1.085482	-28.190989	0.479820	-1.262878	-27.866496	0.467989	-1.080083	-28.190175	-0.032411	-1.194433	-28.121878	-0.037874	-1.294749	-27.871405	-0.038484	-1.035674	-27.848225	-0.073491	-1.055820
5157	71.634599	00:01:11:45	-27.957827	1.663061	-1.210696	-27.981411	1.675204	-1.092164	-28.074225	1.655978	-1.199490	-28.021061	1.567631	-1.179467	-27.981325	1.531165	-1.151404	-28.124849	1.519425	-1.237916	-27.901014	1.533094	-1.069933	-28.072102	1.457749	-0.920460	-27.968456	0.736319	-1.593079	-28.028055	1.464422	-0.575917	-28.105000	-0.047311	-2.064624	-28.026036	1.442476	-0.537927	-28.088862	-0.068414	-2.039754	-28.037494	1.429319	-0.550279	-28.109565	-0.035058	-2.081394	-28.169063	0.987263	-1.217342	-28.167424	0.950378	-1.282591	-27.876442	0.975168	-1.035471	-27.856647	0.961914	-1.062056	-28.149458	0.489679	-1.243119	-27.861840	0.449732	-1.025053	-28.183769	-0.066096	-1.197512	-28.138173	-0.051473	-1.275473	-27.875963	-0.030982	-1.043568	-27.837605	-0.039826	-1.065113
5158	71.648493	00:01:11:46	-27.994499	1.653373	-1.225626	-28.007264	1.657839	-1.089096	-28.089803	1.648933	-1.152869	-28.024867	1.513542	-1.195659	-28.018264	1.549464	-1.153244	-28.126984	1.540237	-1.258623	-27.863236	1.535304	-1.065856	-28.081710	1.527241	-0.871687	-27.952019	0.781862	-1.609609	-28.046725	1.422553	-0.559840	-28.083301	-0.053402	-2.072305	-28.010829	1.417254	-0.592369	-28.061520	-0.025727	-2.061751	-28.041841	1.463136	-0.582564	-28.089437	-0.044287	-2.060583	-28.189401	0.977852	-1.247394	-28.157711	0.976964	-1.288776	-27.861912	0.994592	-1.032857	-27.819886	0.937821	-1.134011	-28.149813	0.471352	-1.255620	-27.843185	0.459402	-1.102619	-28.180858	-0.047803	-1.208916	-28.169099	-0.063353	-1.248617	-27.868731	-0.063997	-1.016236	-27.844208	-0.050753	-1.064151
5159	71.662386	00:01:11:47	-27.956203	1.636647	-1.221540	-27.969696	1.650096	-1.068385	-28.082063	1.655530	-1.153169	-27.985935	1.542268	-1.173271	-28.004803	1.533637	-1.139494	-28.156131	1.556777	-1.232683	-27.835470	1.557731	-1.097349	-28.067050	1.482143	-0.921269	-27.977550	0.735263	-1.575974	-27.990366	1.420326	-0.540359	-28.104369	-0.041882	-2.065405	-28.045360	1.438649	-0.553154	-28.090029	-0.055504	-2.060211	-28.003567	1.424735	-0.563127	-28.082909	-0.031284	-2.072962	-28.142765	0.967986	-1.253086	-28.133946	0.954463	-1.308355	-27.853434	0.978650	-1.056889	-27.854359	0.950287	-1.098991	-28.164239	0.453243	-1.209554	-27.848070	0.462178	-1.045276	-28.194564	-0.043904	-1.194486	-28.150095	-0.032043	-1.251274	-27.889829	-0.062753	-1.051652	-27.843919	-0.086010	-1.053917
5160	71.676280	00:01:11:48	-27.953546	1.629437	-1.191773	-27.970512	1.646775	-1.078644	-28.107899	1.636788	-1.180715	-27.979282	1.537726	-1.186480	-28.029006	1.575898	-1.164611	-28.100243	1.557556	-1.270101	-27.909500	1.518849	-1.079783	-28.060944	1.490100	-0.891882	-27.981452	0.754374	-1.574414	-28.036273	1.436073	-0.558823	-28.101878	-0.057603	-2.072226	-28.028771	1.430785	-0.580519	-28.099251	-0.032680	-2.060663	-28.042250	1.437312	-0.575131	-28.092645	-0.047334	-2.036842	-28.178210	0.957655	-1.221483	-28.120250	0.979815	-1.275454	-27.893982	0.990314	-1.051398	-27.828744	0.956171	-1.100345	-28.173055	0.461358	-1.285158	-27.848279	0.433156	-1.021514	-28.151710	-0.067403	-1.238170	-28.123270	-0.061913	-1.244530	-27.851644	-0.042011	-1.049194	-27.830894	-0.059603	-1.047285
5161	71.690173	00:01:11:49	-27.945081	1.641051	-1.242029	-28.010078	1.670746	-1.083328	-28.082399	1.653981	-1.140372	-27.992793	1.575207	-1.188294	-28.028890	1.569335	-1.170054	-28.086304	1.561548	-1.254104	-27.863231	1.530282	-1.077342	-28.088707	1.493040	-0.898616	-27.975146	0.727473	-1.535298	-28.051096	1.423183	-0.578678	-28.096681	-0.058987	-2.048300	-28.059092	1.430595	-0.548977	-28.098630	-0.051308	-2.084350	-28.016850	1.435471	-0.541506	-28.092396	-0.017815	-2.094804	-28.176108	0.967570	-1.245303	-28.120391	0.973355	-1.271222	-27.903119	0.976793	-1.023828	-27.833629	0.968706	-1.109463	-28.134993	0.452303	-1.245698	-27.880759	0.433707	-1.065356	-28.190589	-0.021930	-1.198497	-28.135528	-0.065773	-1.257607	-27.897875	-0.030789	-1.027375	-27.823812	-0.031937	-1.052908
5162	71.704067	00:01:11:50	-27.961281	1.656938	-1.249526	-27.983824	1.654669	-1.112889	-28.070176	1.660192	-1.144960	-27.984387	1.536494	-1.179172	-28.057701	1.572419	-1.128581	-28.114917	1.533925	-1.261764	-27.870838	1.565326	-1.128948	-28.080551	1.487065	-0.905285	-27.989366	0.780554	-1.559174	-28.057534	1.450333	-0.537667	-28.090457	-0.025264	-2.081624	-28.021630	1.451162	-0.561401	-28.122445	0.004572	-2.069822	-28.021448	1.429802	-0.542122	-28.080766	-0.026524	-2.069009	-28.151838	0.956717	-1.232820	-28.127690	0.951017	-1.256912	-27.854261	0.976306	-1.048475	-27.833198	0.979574	-1.097846	-28.127833	0.446594	-1.243081	-27.816439	0.465707	-1.040340	-28.188735	-0.050786	-1.206511	-28.143905	-0.064532	-1.273727	-27.867320	-0.050700	-1.026208	-27.838329	-0.069840	-1.087475
5163	71.717960	00:01:11:51	-27.994966	1.681108	-1.210934	-27.998892	1.658792	-1.072617	-28.085172	1.666488	-1.177219	-27.990827	1.547973	-1.184092	-28.006893	1.567034	-1.147009	-28.131754	1.537309	-1.254343	-27.860948	1.542377	-1.083254	-28.099106	1.450669	-0.892244	-27.976302	0.727776	-1.602573	-28.027683	1.442445	-0.556622	-28.090746	-0.041559	-2.070489	-28.038961	1.426806	-0.544321	-28.079276	-0.026526	-2.075611	-28.049903	1.451889	-0.560673	-28.110275	-0.042085	-2.056947	-28.182703	0.976371	-1.238185	-28.137652	0.966827	-1.302844	-27.887890	0.982185	-1.002862	-27.840644	0.930741	-1.124922	-28.192660	0.457513	-1.263660	-27.851076	0.445092	-1.044989	-28.170574	-0.060187	-1.211992	-28.151924	-0.057830	-1.261510	-27.858879	-0.015610	-1.024594	-27.829313	-0.054095	-1.092931
5164	71.731853	00:01:11:52	-27.960410	1.648965	-1.214244	-28.015593	1.671494	-1.094173	-28.073010	1.646660	-1.191285	-28.006064	1.548823	-1.193696	-28.028576	1.561888	-1.152439	-28.119814	1.538731	-1.212157	-27.861759	1.547332	-1.092544	-28.024341	1.475695	-0.902886	-27.995744	0.734489	-1.554815	-28.019110	1.465899	-0.554112	-28.101064	-0.028969	-2.067355	-28.021943	1.407250	-0.560066	-28.088961	-0.019473	-2.067886	-28.036461	1.434459	-0.555305	-28.072587	-0.048430	-2.074949	-28.177239	0.986659	-1.228538	-28.142395	0.955896	-1.280452	-27.847082	0.999154	-1.050215	-27.857235	0.937283	-1.068530	-28.152026	0.448589	-1.232612	-27.871203	0.432078	-1.018195	-28.174346	-0.045582	-1.200474	-28.171668	-0.107493	-1.281096	-27.899241	-0.052916	-1.028957	-27.846546	-0.064597	-1.049335
5165	71.745747	00:01:11:53	-27.990038	1.638034	-1.246664	-28.002177	1.653686	-1.067513	-28.090524	1.679644	-1.126616	-27.998795	1.554999	-1.139481	-28.017573	1.566386	-1.121658	-28.112496	1.520464	-1.263161	-27.875791	1.529729	-1.136368	-28.075408	1.484233	-0.912434	-27.991531	0.723242	-1.567338	-28.039245	1.427052	-0.523265	-28.084424	-0.012320	-2.038334	-28.028390	1.436662	-0.529753	-28.098390	-0.040103	-2.033477	-28.036062	1.413927	-0.522207	-28.079022	-0.042140	-2.059359	-28.174574	0.976219	-1.247312	-28.133315	0.985644	-1.253684	-27.892100	0.969436	-1.062148	-27.841902	0.964867	-1.111040	-28.162123	0.451723	-1.226381	-27.864182	0.462108	-1.064605	-28.161501	-0.057492	-1.226526	-28.175771	-0.078853	-1.252231	-27.897602	-0.044351	-0.997193	-27.862057	-0.057068	-1.073978
5166	71.759640	00:01:11:54	-27.945418	1.629486	-1.235884	-27.980756	1.680441	-1.081126	-28.065622	1.670318	-1.128576	-27.980799	1.529740	-1.165394	-28.034676	1.577836	-1.143635	-28.113703	1.536399	-1.259269	-27.855430	1.507059	-1.101248	-28.037508	1.461287	-0.900401	-27.970144	0.735518	-1.562326	-28.017626	1.415736	-0.543722	-28.090320	-0.067527	-2.076520	-28.041027	1.460114	-0.584856	-28.095282	-0.044326	-2.063191	-28.051394	1.444177	-0.551390	-28.071081	-0.029464	-2.066153	-28.174824	0.978572	-1.234087	-28.136579	0.968622	-1.306780	-27.861238	0.953703	-1.003786	-27.828880	0.973328	-1.065279	-28.174709	0.471956	-1.253278	-27.876708	0.427262	-1.082352	-28.162170	-0.060061	-1.205320	-28.147989	-0.055035	-1.256096	-27.885259	-0.046806	-1.019967	-27.829503	-0.057865	-1.068018
5167	71.773534	00:01:11:55	-27.918502	1.639785	-1.241705	-27.985237	1.647808	-1.093407	-28.073947	1.654952	-1.160561	-27.992492	1.536502	-1.175491	-28.029645	1.513920	-1.131108	-28.108338	1.545775	-1.252036	-27.876176	1.517245	-1.122934	-28.092910	1.460906	-0.903656	-27.982751	0.756522	-1.583428	-28.028393	1.414390	-0.558845	-28.127901	-0.065936	-2.052481	-28.021234	1.438265	-0.579454	-28.099391	-0.078801	-2.080013	-28.051762	1.421784	-0.554760	-28.082213	-0.047398	-2.095902	-28.138826	0.967512	-1.219699	-28.134590	0.941704	-1.269226	-27.903463	0.953256	-1.042357	-27.840505	0.946968	-1.091875	-28.156566	0.460618	-1.284463	-27.857752	0.446967	-1.062006	-28.197860	-0.070997	-1.228464	-28.134573	-0.055479	-1.227152	-27.859501	-0.072721	-1.021918	-27.858274	-0.055433	-1.068644
5168	71.787427	00:01:11:56	-27.954755	1.635231	-1.217472	-28.006057	1.660603	-1.101103	-28.078858	1.636314	-1.136827	-27.987296	1.538329	-1.222227	-27.991946	1.512383	-1.115221	-28.097989	1.538143	-1.280676	-27.840081	1.537896	-1.111494	-28.070501	1.494474	-0.900781	-27.996311	0.735280	-1.563401	-28.041219	1.410558	-0.538491	-28.098095	-0.071449	-2.073439	-28.033712	1.451584	-0.540612	-28.101780	-0.042311	-2.063399	-28.020797	1.410567	-0.580885	-28.117137	-0.020952	-2.079208	-28.179386	1.013612	-1.236810	-28.134119	0.939924	-1.246925	-27.872490	0.963269	-1.047507	-27.816628	0.959651	-1.075244	-28.164049	0.449407	-1.232095	-27.859328	0.449216	-1.056647	-28.169159	-0.068577	-1.209743	-28.137276	-0.076174	-1.267819	-27.877564	-0.042726	-1.006866	-27.855811	-0.065861	-1.067410
5169	71.801321	00:01:11:57	-27.966324	1.646736	-1.236144	-28.005642	1.678473	-1.095344	-28.074211	1.645832	-1.166835	-28.006757	1.524643	-1.190032	-28.013071	1.510527	-1.146451	-28.123427	1.557443	-1.244761	-27.857473	1.524938	-1.088378	-28.098733	1.468267	-0.895192	-27.988203	0.759452	-1.575878	-28.033838	1.416064	-0.562973	-28.063814	-0.058177	-2.079984	-28.051265	1.441244	-0.534210	-28.134363	-0.038357	-2.047480	-28.031282	1.404265	-0.549685	-28.096589	-0.032143	-2.069101	-28.144290	0.979112	-1.254877	-28.123060	0.958220	-1.277138	-27.882532	1.004860	-1.045406	-27.850057	0.959873	-1.075922	-28.128020	0.434221	-1.203836	-27.871760	0.454095	-1.044571	-28.190981	-0.061107	-1.232223	-28.136482	-0.079260	-1.257154	-27.879840	-0.054026	-1.012939	-27.847678	-0.056629	-1.044872
5170	71.815214	00:01:11:58	-27.942931	1.628095	-1.220250	-27.966542	1.647733	-1.084879	-28.087421	1.674867	-1.149542	-28.010145	1.521932	-1.184841	-28.002085	1.539660	-1.130403	-28.135315	1.536450	-1.244082	-27.895695	1.571824	-1.080859	-28.101734	1.491248	-0.924504	-27.949746	0.715212	-1.590877	-28.018756	1.422397	-0.579196	-28.062519	-0.053234	-2.080137	-28.028448	1.420167	-0.545625	-28.098181	-0.042288	-2.020663	-28.036176	1.446660	-0.552371	-28.091631	-0.026532	-2.093536	-28.199928	0.954107	-1.235285	-28.115502	0.945588	-1.285969	-27.876551	0.977293	-1.038721	-27.853394	0.951838	-1.088707	-28.143546	0.471781	-1.262521	-27.888543	0.483170	-1.052608	-28.151108	-0.076364	-1.197276	-28.159613	-0.054711	-1.260442	-27.866967	-0.067322	-1.052484	-27.864313	-0.060312	-1.076342
5171	71.829108	00:01:11:59	-27.942935	1.631729	-1.240482	-27.985964	1.648950	-1.112778	-28.093772	1.633782	-1.189463	-27.990169	1.543768	-1.165677	-28.011830	1.545046	-1.144297	-28.130330	1.542241	-1.229556	-27.896364	1.541240	-1.082027	-28.091614	1.484141	-0.874976	-27.985461	0.756787	-1.565565	-28.043528	1.416485	-0.585346	-28.092509	-0.053726	-2.089567	-28.041521	1.445414	-0.558489	-28.123167	-0.031730	-2.057834	-28.037342	1.420927	-0.557130	-28.121429	-0.018010	-2.099803	-28.171911	0.964174	-1.233060	-28.186885	0.975298	-1.273112	-27.901879	0.962432	-1.028176	-27.848038	0.940600	-1.095311	-28.126952	0.482269	-1.248766	-27.857998	0.448943	-1.012827	-28.195566	-0.030797	-1.197388	-28.167849	-0.079179	-1.263776	-27.840593	-0.062831	-1.021223	-27.867093	-0.061920	-1.063606
5172	71.843001	00:01:11:60	-27.943455	1.631073	-1.263118	-27.995378	1.683051	-1.075707	-28.074508	1.637708	-1.181708	-27.997505	1.541989	-1.181459	-27.994886	1.532982	-1.134581	-28.100250	1.508866	-1.267693	-27.873414	1.549616	-1.115919	-28.102547	1.473529	-0.938241	-27.972232	0.742131	-1.575791	-28.012087	1.435513	-0.582454	-28.066277	-0.052455	-2.085332	-28.013357	1.465860	-0.586450	-28.095457	-0.041649	-2.105038	-28.036296	1.438701	-0.587764	-28.091454	-0.053281	-2.087542	-28.177008	0.961881	-1.255847	-28.147291	0.975758	-1.287652	-27.868666	0.948402	-1.041384	-27.816769	0.988189	-1.066807	-28.174391	0.462886	-1.249249	-27.825809	0.481393	-1.066312	-28.201172	-0.057937	-1.210488	-28.151387	-0.073028	-1.275523	-27.860806	-0.069242	-1.019137	-27.838444	-0.069460	-1.074320
5173	71.856894	00:01:11:61	-27.932267	1.684544	-1.221463	-27.970386	1.674902	-1.107274	-28.076976	1.663657	-1.158038	-28.013912	1.562940	-1.183938	-28.031462	1.544046	-1.137428	-28.101030	1.543802	-1.216599	-27.891894	1.546722	-1.099338	-28.057259	1.500149	-0.939016	-28.007301	0.761000	-1.533548	-28.012371	1.416979	-0.562822	-28.078153	-0.067407	-2.074795	-28.007941	1.410758	-0.568148	-28.105009	-0.060195	-2.066647	-28.039833	1.411455	-0.540284	-28.094756	-0.017733	-2.054095	-28.170556	0.968428	-1.227883	-28.123708	0.975668	-1.274350	-27.883201	0.961255	-1.053287	-27.849663	0.990692	-1.087934	-28.169253	0.472737	-1.254151	-27.819783	0.486451	-1.059861	-28.180468	-0.065442	-1.252753	-28.129722	-0.036189	-1.248413	-27.881213	-0.079773	-0.994469	-27.863982	-0.047036	-1.047419
5174	71.870788	00:01:11:62	-27.976151	1.652680	-1.254810	-27.978295	1.655638	-1.087152	-28.077020	1.667010	-1.155833	-27.959959	1.566648	-1.180732	-28.034769	1.525954	-1.136198	-28.115755	1.543951	-1.262109	-27.867805	1.578506	-1.095629	-28.087779	1.503810	-0.900771	-28.007336	0.737706	-1.565924	-28.012590	1.414366	-0.557617	-28.100277	-0.025862	-2.055347	-28.038445	1.422986	-0.558175	-28.101379	-0.054721	-2.043986	-28.059378	1.428012	-0.542451	-28.107354	-0.010756	-2.045204	-28.142950	0.983667	-1.257455	-28.155562	0.972193	-1.278421	-27.873972	0.992662	-1.019613	-27.834886	0.946298	-1.086081	-28.163882	0.471039	-1.253667	-27.855223	0.436999	-1.048602	-28.203008	-0.055006	-1.223318	-28.153975	-0.051297	-1.260168	-27.889203	-0.063418	-0.992357	-27.848471	-0.049257	-1.083543
5175	71.884681	00:01:11:63	-27.929274	1.618817	-1.248848	-27.961862	1.675080	-1.085956	-28.073564	1.663292	-1.160788	-27.995928	1.536039	-1.177487	-28.049063	1.543280	-1.138826	-28.122674	1.538174	-1.239151	-27.873175	1.524148	-1.107990	-28.076215	1.500714	-0.905859	-28.005751	0.745565	-1.568106	-28.038452	1.415551	-0.553646	-28.113222	-0.037546	-2.067287	-28.051952	1.419723	-0.543629	-28.114697	-0.064240	-2.053759	-28.023487	1.437646	-0.541231	-28.115525	-0.000860	-2.053863	-28.181247	0.972571	-1.214257	-28.141389	0.962334	-1.296766	-27.917299	0.972141	-1.050703	-27.833875	0.947909	-1.125348	-28.154851	0.472192	-1.265634	-27.845494	0.434055	-1.050648	-28.148783	-0.026256	-1.239546	-28.142124	-0.077213	-1.285841	-27.877181	-0.076635	-0.992987	-27.850021	-0.067061	-1.057443
5176	71.898575	00:01:11:64	-27.964173	1.616293	-1.249869	-27.973682	1.662973	-1.105086	-28.081623	1.656924	-1.187331	-28.010886	1.538612	-1.171469	-28.067211	1.555988	-1.131299	-28.138070	1.534967	-1.263934	-27.870943	1.536450	-1.124636	-28.087616	1.511557	-0.897554	-27.996827	0.732863	-1.593624	-28.011091	1.440825	-0.576026	-28.101787	-0.068031	-2.037218	-28.001283	1.453344	-0.571466	-28.047240	-0.029850	-2.076295	-28.032344	1.413696	-0.552345	-28.086053	-0.040728	-2.061246	-28.188935	0.977795	-1.240576	-28.125612	0.994748	-1.291103	-27.892307	0.947612	-1.028727	-27.841531	0.973839	-1.097318	-28.164863	0.471645	-1.271895	-27.848261	0.439408	-1.019735	-28.175822	-0.038036	-1.201432	-28.193648	-0.034117	-1.254015	-27.837087	-0.055067	-1.035621	-27.829004	-0.082424	-1.052960
5177	71.912468	00:01:11:65	-27.989242	1.605272	-1.244083	-27.968596	1.683386	-1.106080	-28.090700	1.642915	-1.137088	-27.995541	1.539164	-1.188130	-28.011504	1.562636	-1.110776	-28.116408	1.552209	-1.263039	-27.877607	1.547929	-1.081189	-28.091019	1.498968	-0.919245	-27.982188	0.748187	-1.584922	-28.054338	1.431968	-0.532312	-28.112696	-0.059384	-2.045904	-28.053740	1.420679	-0.566762	-28.103706	-0.029817	-2.048057	-28.031201	1.440859	-0.534706	-28.074288	-0.067872	-2.046316	-28.197551	0.978589	-1.232459	-28.141081	0.951836	-1.264920	-27.890086	0.960589	-1.046389	-27.812125	0.956067	-1.112939	-28.148162	0.457305	-1.236187	-27.840505	0.465843	-1.059703	-28.159182	-0.063756	-1.200692	-28.145923	-0.056082	-1.267783	-27.879599	-0.078228	-1.026420	-27.835057	-0.085066	-1.077822
5178	71.926362	00:01:11:66	-27.963697	1.631048	-1.234834	-27.970094	1.677608	-1.108139	-28.079766	1.659310	-1.175044	-27.997440	1.550832	-1.206195	-27.989570	1.568524	-1.101273	-28.120179	1.547345	-1.220909	-27.844778	1.529618	-1.085491	-28.080030	1.477407	-0.915418	-28.013057	0.747781	-1.573804	-28.010951	1.447584	-0.549025	-28.119696	-0.010655	-2.042613	-28.024734	1.446865	-0.569385	-28.095587	-0.029640	-2.071828	-28.040283	1.464572	-0.565849	-28.091713	-0.048277	-2.062772	-28.162331	0.945501	-1.214991	-28.153119	0.976659	-1.291150	-27.893428	0.961391	-1.050131	-27.839288	0.965871	-1.086153	-28.174785	0.463146	-1.226691	-27.890668	0.442062	-1.045132	-28.182863	-0.049005	-1.200690	-28.149225	-0.049039	-1.253472	-27.875114	-0.065012	-1.025605	-27.849107	-0.079218	-1.066928
5179	71.940255	00:01:11:67	-27.950068	1.623419	-1.201401	-27.992128	1.678480	-1.080293	-28.073187	1.662546	-1.172453	-28.004928	1.528284	-1.194694	-27.998457	1.549002	-1.125686	-28.139432	1.573602	-1.249079	-27.847471	1.541242	-1.090606	-28.081481	1.474092	-0.873196	-27.974896	0.741157	-1.565232	-28.030662	1.458187	-0.552300	-28.099689	-0.025484	-2.067438	-28.064103	1.453839	-0.574480	-28.079969	-0.039418	-2.063237	-28.009804	1.414576	-0.553377	-28.100167	-0.030594	-2.093285	-28.164723	0.971555	-1.188943	-28.169363	0.952097	-1.302470	-27.877754	0.976678	-1.027640	-27.832095	0.961387	-1.092361	-28.198430	0.469862	-1.231712	-27.856485	0.449605	-1.082783	-28.163105	-0.061036	-1.214084	-28.128633	-0.087603	-1.258161	-27.871653	-0.058639	-1.016409	-27.867783	-0.064506	-1.029226
5180	71.954149	00:01:11:68	-27.989732	1.635104	-1.267273	-27.936759	1.660758	-1.087188	-28.078390	1.661106	-1.147598	-27.976314	1.508516	-1.183633	-27.999171	1.543361	-1.134363	-28.115885	1.560496	-1.242413	-27.900814	1.520748	-1.067494	-28.025533	1.490567	-0.924590	-27.978835	0.746400	-1.611683	-28.044539	1.431178	-0.574463	-28.080198	-0.070171	-2.075727	-28.021953	1.406701	-0.540357	-28.103912	-0.051811	-2.067950	-28.046390	1.443859	-0.547117	-28.091335	-0.059493	-2.054421	-28.169802	0.968429	-1.224664	-28.151554	0.973988	-1.262646	-27.863545	0.947086	-1.060801	-27.833199	0.976545	-1.060811	-28.166726	0.481020	-1.252219	-27.835051	0.441813	-1.063329	-28.194758	-0.084404	-1.185975	-28.150825	-0.037566	-1.268160	-27.859355	-0.061858	-1.034927	-27.832363	-0.051716	-1.073962
5181	71.968042	00:01:11:69	-27.962930	1.649085	-1.225616	-27.966090	1.660455	-1.094584	-28.087662	1.657197	-1.164968	-28.007989	1.532127	-1.152041	-28.018612	1.538006	-1.165855	-28.105902	1.558907	-1.228867	-27.907594	1.514941	-1.094539	-28.092273	1.490469	-0.913450	-27.960973	0.720314	-1.593434	-28.029865	1.458400	-0.530962	-28.070976	-0.029538	-2.080336	-28.020083	1.433960	-0.521357	-28.078428	-0.060994	-2.078222	-27.993360	1.423992	-0.559146	-28.076419	-0.023810	-2.083871	-28.220247	1.005814	-1.215662	-28.152225	0.954723	-1.318886	-27.855572	0.975783	-1.035139	-27.820126	0.976564	-1.078375	-28.160907	0.432783	-1.232874	-27.867889	0.451172	-1.054547	-28.189017	-0.054974	-1.229776	-28.179739	-0.076102	-1.273336	-27.845997	-0.068828	-1.015846	-27.818222	-0.049130	-1.092420
5182	71.981935	00:01:11:70	-27.939860	1.621608	-1.211675	-27.977284	1.673037	-1.090244	-28.080446	1.667445	-1.145306	-28.007591	1.523765	-1.207084	-28.031928	1.565523	-1.129789	-28.127745	1.528144	-1.247536	-27.850668	1.538898	-1.095483	-28.080908	1.476723	-0.889025	-28.010433	0.756050	-1.574091	-28.004968	1.421156	-0.559258	-28.109777	-0.061497	-2.066066	-28.023515	1.430929	-0.531392	-28.079707	-0.065445	-2.042333	-28.022142	1.386998	-0.556280	-28.087787	-0.062498	-2.088810	-28.166436	0.970384	-1.232031	-28.139263	0.978612	-1.275265	-27.892506	0.963253	-1.048838	-27.873824	0.974543	-1.083507	-28.142070	0.466562	-1.270837	-27.853998	0.468917	-1.024246	-28.180056	-0.031115	-1.206091	-28.147652	-0.078294	-1.293311	-27.873996	-0.084264	-1.012517	-27.840824	-0.088688	-1.078669
5183	71.995829	00:01:11:71	-27.939438	1.653184	-1.226017	-27.950761	1.668593	-1.085255	-28.075491	1.676026	-1.146752	-27.997606	1.540604	-1.186376	-28.013110	1.527897	-1.107572	-28.129715	1.551907	-1.253137	-27.870454	1.540004	-1.093839	-28.077373	1.471243	-0.900007	-27.998405	0.766122	-1.580923	-28.026157	1.446095	-0.558598	-28.086472	-0.031741	-2.073170	-28.068264	1.442112	-0.573244	-28.118261	-0.022647	-2.094025	-28.020294	1.444056	-0.569447	-28.093409	-0.011192	-2.050571	-28.162141	0.978545	-1.238074	-28.134387	0.971363	-1.266656	-27.893204	0.960596	-1.044117	-27.838878	0.967509	-1.068753	-28.157808	0.451661	-1.244660	-27.860861	0.451816	-1.060230	-28.158427	-0.072468	-1.168182	-28.138011	-0.064150	-1.274970	-27.833756	-0.030312	-1.025530	-27.862826	-0.082032	-1.054954
5184	72.009722	00:01:12:00	-28.000647	1.667481	-1.233011	-27.946453	1.678104	-1.103574	-28.075225	1.649574	-1.182263	-27.970434	1.555357	-1.205284	-28.012097	1.543176	-1.143167	-28.126155	1.547598	-1.232237	-27.862865	1.490961	-1.096889	-28.092493	1.453154	-0.905045	-27.978583	0.761092	-1.581830	-28.010285	1.444448	-0.548392	-28.094530	-0.051187	-2.079223	-27.999388	1.437998	-0.565290	-28.103905	-0.049069	-2.035795	-28.051321	1.436507	-0.555994	-28.069395	-0.046999	-2.086668	-28.169676	0.962465	-1.242248	-28.105949	0.961245	-1.282459	-27.868431	0.959800	-1.077801	-27.847539	0.964600	-1.123213	-28.151312	0.472351	-1.237260	-27.831860	0.466948	-1.057882	-28.199160	-0.025975	-1.213892	-28.145667	-0.088723	-1.233151	-27.898941	-0.046175	-1.022036	-27.843231	-0.067412	-1.046530
5185	72.023616	00:01:12:01	-27.995222	1.628577	-1.208139	-27.997240	1.691708	-1.085701	-28.081644	1.671419	-1.155353	-28.023146	1.535331	-1.162686	-28.049234	1.553919	-1.134694	-28.134754	1.540869	-1.259852	-27.887370	1.549533	-1.109914	-28.070237	1.502846	-0.880232	-27.997831	0.742129	-1.549849	-28.028213	1.400726	-0.549279	-28.067246	-0.038807	-2.050832	-28.030028	1.431303	-0.557892	-28.073518	-0.065592	-2.066498	-28.030192	1.414774	-0.559288	-28.076063	-0.036871	-2.051542	-28.189539	0.982293	-1.230255	-28.172339	0.961093	-1.271965	-27.874527	0.948944	-1.049869	-27.872090	0.946816	-1.068567	-28.174398	0.447589	-1.262464	-27.848116	0.493997	-1.034491	-28.172784	-0.039843	-1.210013	-28.130443	-0.076954	-1.253515	-27.897686	-0.052057	-1.004235	-27.824281	-0.065904	-1.064289
5186	72.037509	00:01:12:02	-27.969430	1.640622	-1.229971	-27.974863	1.652843	-1.092845	-28.066452	1.657515	-1.156536	-28.006735	1.540516	-1.192442	-28.007742	1.531268	-1.130615	-28.139025	1.540227	-1.254266	-27.883509	1.537066	-1.116208	-28.090295	1.488213	-0.891858	-27.981153	0.741849	-1.584638	-28.028132	1.440283	-0.524268	-28.104407	-0.051918	-2.031917	-28.014777	1.440227	-0.556310	-28.115918	-0.095195	-2.088901	-28.049327	1.433249	-0.529664	-28.056925	-0.036421	-2.098206	-28.186699	0.985570	-1.245626	-28.123416	0.909299	-1.223035	-27.885944	0.970160	-1.035268	-27.873125	0.966236	-1.095466	-28.135749	0.467688	-1.253734	-27.866167	0.439509	-1.026921	-28.176407	-0.048987	-1.213288	-28.143849	-0.068375	-1.286724	-27.889707	-0.052016	-0.998408	-27.834538	-0.041919	-1.094022
5187	72.051403	00:01:12:03	-27.958547	1.654691	-1.213234	-27.963736	1.637870	-1.111655	-28.104572	1.649989	-1.150006	-28.002224	1.571984	-1.199241	-28.020252	1.573577	-1.128180	-28.110947	1.548645	-1.258023	-27.895356	1.575851	-1.079786	-28.075702	1.488086	-0.891886	-27.990415	0.742886	-1.559800	-28.008441	1.436594	-0.537648	-28.087462	-0.038473	-2.042456	-28.055787	1.406974	-0.549399	-28.093631	-0.053205	-2.099180	-28.063735	1.432650	-0.552070	-28.096508	-0.052241	-2.064475	-28.165580	0.949549	-1.248777	-28.151666	0.983270	-1.287960	-27.867917	0.952584	-1.044683	-27.843932	0.943771	-1.081666	-28.147361	0.462359	-1.239577	-27.867688	0.440031	-1.043257	-28.163219	-0.024083	-1.235244	-28.201404	-0.054832	-1.277910	-27.859190	-0.038856	-1.018044	-27.858008	-0.080612	-1.058381
5188	72.065296	00:01:12:04	-27.987577	1.661404	-1.238237	-27.978583	1.660400	-1.086806	-28.101626	1.667619	-1.177657	-28.022936	1.542906	-1.167462	-28.031562	1.539305	-1.176077	-28.117495	1.536816	-1.250424	-27.873540	1.567997	-1.094852	-28.103776	1.498839	-0.890181	-28.002683	0.746732	-1.571436	-28.048722	1.428325	-0.549519	-28.107755	-0.054307	-2.060753	-28.034103	1.430202	-0.552279	-28.124216	-0.098146	-2.057004	-28.026039	1.407950	-0.541922	-28.093373	-0.080608	-2.094203	-28.177008	0.975991	-1.213501	-28.164702	0.982902	-1.283335	-27.903718	0.976326	-1.057245	-27.801960	0.953321	-1.091314	-28.147187	0.462282	-1.224385	-27.848139	0.502442	-1.058584	-28.178038	-0.057168	-1.207437	-28.167996	-0.083582	-1.247853	-27.839581	-0.073142	-1.004885	-27.828100	-0.079344	-1.106871
5189	72.079190	00:01:12:05	-27.956811	1.651497	-1.241596	-28.014317	1.640050	-1.085372	-28.085914	1.680120	-1.142544	-27.994095	1.557814	-1.151271	-28.028333	1.558510	-1.133613	-28.107626	1.535312	-1.259011	-27.881441	1.565006	-1.089857	-28.062512	1.470607	-0.912708	-27.981655	0.757516	-1.597178	-28.049361	1.447903	-0.558582	-28.113004	-0.046052	-2.053733	-28.040348	1.453134	-0.553309	-28.053437	-0.037240	-2.065698	-28.027563	1.415204	-0.547071	-28.108331	-0.025385	-2.073256	-28.187511	0.967654	-1.230181	-28.115245	0.978661	-1.315589	-27.872351	1.001774	-1.039034	-27.879558	0.979860	-1.075536	-28.188921	0.463413	-1.249002	-27.832580	0.464128	-1.063997	-28.174674	-0.072209	-1.223852	-28.152247	-0.084276	-1.260905	-27.876668	-0.039994	-1.020939	-27.845561	-0.080732	-1.083206
5190	72.093083	00:01:12:06	-27.955168	1.649273	-1.218670	-28.016452	1.627114	-1.061432	-28.074617	1.670069	-1.194500	-27.998619	1.587280	-1.169073	-28.015095	1.519436	-1.132727	-28.101772	1.587409	-1.252081	-27.867453	1.535639	-1.090193	-28.055813	1.471548	-0.882776	-27.965519	0.725159	-1.592128	-28.039644	1.442810	-0.548781	-28.094549	-0.042756	-2.061425	-28.002476	1.406306	-0.540661	-28.125801	-0.026334	-2.078326	-28.040748	1.447126	-0.522434	-28.077538	-0.050305	-2.084245	-28.191762	0.953833	-1.246802	-28.152078	0.952067	-1.284496	-27.873373	0.973797	-1.025219	-27.831737	0.943921	-1.085142	-28.148449	0.469342	-1.258176	-27.831186	0.448046	-1.063423	-28.162243	-0.062894	-1.219675	-28.167112	-0.044970	-1.260428	-27.871585	-0.058506	-1.018576	-27.834512	-0.062989	-1.046509
5191	72.106976	00:01:12:07	-27.962567	1.639673	-1.227828	-27.951218	1.644926	-1.098505	-28.100171	1.684590	-1.153045	-28.032628	1.565073	-1.146865	-28.029268	1.547428	-1.122065	-28.109436	1.547667	-1.255219	-27.895825	1.540591	-1.096852	-28.081093	1.510037	-0.925075	-27.974769	0.752403	-1.585088	-28.007810	1.450176	-0.545933	-28.102636	-0.040870	-2.074667	-28.019524	1.437038	-0.522323	-28.090546	-0.032329	-2.080942	-28.040729	1.415803	-0.573264	-28.121989	-0.034986	-2.078481	-28.185311	0.953592	-1.243378	-28.147831	0.952673	-1.255940	-27.827768	0.956442	-1.048288	-27.827339	0.957649	-1.089159	-28.188114	0.441452	-1.236993	-27.837189	0.448576	-1.064716	-28.197161	-0.057851	-1.195101	-28.161908	-0.053308	-1.222687	-27.872349	-0.067424	-1.005802	-27.833853	-0.069651	-1.072495
5192	72.120870	00:01:12:08	-27.959678	1.612948	-1.260227	-28.026181	1.682192	-1.091267	-28.051739	1.669510	-1.165293	-27.992968	1.561549	-1.179970	-28.028479	1.523168	-1.155296	-28.112633	1.546921	-1.253348	-27.893521	1.522575	-1.093907	-28.081826	1.511679	-0.921121	-27.968579	0.733288	-1.590194	-28.028499	1.436751	-0.582752	-28.095134	-0.026495	-2.065219	-28.036261	1.428005	-0.526727	-28.101894	-0.028634	-2.081293	-28.052952	1.410553	-0.537432	-28.079281	-0.035132	-2.082329	-28.173670	0.976290	-1.249718	-28.147637	0.959384	-1.257040	-27.877596	0.995882	-1.042013	-27.829906	0.936282	-1.070093	-28.150443	0.458529	-1.240714	-27.842837	0.462569	-1.048314	-28.166763	-0.031615	-1.183730	-28.114708	-0.047869	-1.258026	-27.894100	-0.038834	-1.041986	-27.848103	-0.067616	-1.084065
5193	72.134763	00:01:12:09	-27.982648	1.651178	-1.220180	-27.983806	1.638815	-1.115437	-28.101055	1.644480	-1.136882	-27.996366	1.527023	-1.170398	-28.004961	1.558246	-1.085035	-28.097791	1.564158	-1.278190	-27.854675	1.533102	-1.099288	-28.081952	1.529612	-0.933305	-27.982385	0.767986	-1.590135	-28.072663	1.406901	-0.538696	-28.087075	-0.082139	-2.039362	-28.076784	1.407051	-0.564366	-28.109139	-0.040424	-2.078438	-28.049107	1.435733	-0.553777	-28.061995	-0.060190	-2.052997	-28.170714	0.968130	-1.236987	-28.155782	0.951759	-1.298388	-27.882997	0.961700	-1.051638	-27.867192	0.946743	-1.084641	-28.150212	0.459645	-1.211401	-27.853785	0.451333	-1.029338	-28.164277	-0.062939	-1.206148	-28.130260	-0.055829	-1.256521	-27.888361	-0.045115	-0.990248	-27.857541	-0.066359	-1.083706
5194	72.148657	00:01:12:10	-27.926630	1.646286	-1.218148	-27.952492	1.670099	-1.107695	-28.085486	1.625604	-1.130229	-27.972953	1.530603	-1.174834	-28.011095	1.551631	-1.145918	-28.126017	1.540688	-1.272839	-27.854423	1.539701	-1.114746	-28.084752	1.499761	-0.886432	-28.007930	0.775584	-1.563868	-28.012406	1.449299	-0.503931	-28.086884	-0.040820	-2.056801	-28.043988	1.446311	-0.517635	-28.090102	-0.040745	-2.058453	-28.052136	1.452651	-0.555004	-28.080350	-0.058174	-2.061673	-28.161232	0.957914	-1.240416	-28.114762	0.955170	-1.298179	-27.865422	0.970493	-1.059921	-27.822143	0.980840	-1.078595	-28.149679	0.442321	-1.251176	-27.891492	0.440038	-1.022239	-28.167183	-0.057877	-1.202533	-28.148738	-0.058088	-1.251591	-27.890690	-0.046316	-1.013395	-27.817444	-0.068140	-1.062543
5195	72.162550	00:01:12:11	-27.962303	1.629542	-1.246455	-27.991419	1.667861	-1.140769	-28.085715	1.663961	-1.129219	-27.995912	1.566006	-1.152225	-28.005073	1.563516	-1.147765	-28.139810	1.501903	-1.261125	-27.853045	1.535124	-1.073127	-28.057580	1.480050	-0.912495	-27.994366	0.759794	-1.584788	-28.048606	1.448564	-0.552729	-28.091140	-0.040446	-2.064690	-28.039941	1.453731	-0.556619	-28.061528	-0.042357	-2.064607	-28.021993	1.446669	-0.586327	-28.116413	-0.066179	-2.065734	-28.181433	0.935405	-1.228429	-28.158108	0.949486	-1.284107	-27.867444	1.006900	-1.046161	-27.821916	0.963066	-1.106088	-28.184126	0.479807	-1.255330	-27.838272	0.481930	-1.059400	-28.192978	-0.028835	-1.215151	-28.142181	-0.050086	-1.286927	-27.889503	-0.051068	-1.035349	-27.829667	-0.040402	-1.105956
5196	72.176444	00:01:12:12	-27.956018	1.614817	-1.203032	-27.964875	1.650300	-1.096302	-28.059935	1.663253	-1.149855	-27.971430	1.549402	-1.202331	-28.027134	1.542492	-1.107380	-28.137896	1.557204	-1.258317	-27.859613	1.534497	-1.089670	-28.059467	1.477077	-0.899468	-27.996515	0.724877	-1.548517	-28.003832	1.419663	-0.573801	-28.111183	-0.045250	-2.021127	-27.999183	1.439401	-0.573305	-28.109649	-0.040991	-2.075835	-28.022135	1.439891	-0.550701	-28.053023	-0.025242	-2.083166	-28.186792	0.982896	-1.211434	-28.150954	0.983327	-1.266188	-27.849482	0.996119	-1.027050	-27.845685	0.945138	-1.100465	-28.176261	0.427515	-1.260451	-27.822493	0.476702	-1.080513	-28.163865	-0.034293	-1.221858	-28.175542	-0.064058	-1.273635	-27.877331	-0.041707	-1.019328	-27.833054	-0.056881	-1.111672
5197	72.190337	00:01:12:13	-27.961312	1.624647	-1.247875	-27.971618	1.655507	-1.082595	-28.102590	1.668120	-1.150634	-27.996136	1.525299	-1.158816	-28.022254	1.538741	-1.131906	-28.069054	1.548290	-1.273742	-27.915987	1.549560	-1.101009	-28.086833	1.501425	-0.860757	-27.991861	0.750336	-1.561506	-28.040920	1.451685	-0.560438	-28.092063	-0.032300	-2.036217	-28.040119	1.420374	-0.535547	-28.087707	-0.058775	-2.034288	-28.025208	1.419013	-0.532948	-28.100679	-0.029754	-2.069295	-28.161337	0.972895	-1.254760	-28.165844	0.955262	-1.285142	-27.891777	0.964941	-1.072541	-27.861085	0.968640	-1.083058	-28.176799	0.429961	-1.220824	-27.855663	0.432625	-1.050106	-28.189740	-0.048100	-1.210289	-28.164091	-0.044153	-1.254001	-27.836808	-0.036279	-1.013466	-27.852206	-0.056754	-1.074991
5198	72.204231	00:01:12:14	-27.960624	1.643556	-1.235530	-27.974490	1.680216	-1.070720	-28.090193	1.663650	-1.170473	-27.983340	1.529555	-1.181665	-28.035553	1.565005	-1.127381	-28.128326	1.497381	-1.289207	-27.856199	1.545853	-1.101704	-28.075504	1.467196	-0.917374	-27.999093	0.775992	-1.613325	-28.025398	1.455995	-0.542021	-28.086145	-0.057353	-2.036129	-28.051066	1.428199	-0.552591	-28.088904	-0.073876	-2.075455	-28.015756	1.417142	-0.534600	-28.095754	-0.008436	-2.052699	-28.147809	0.953152	-1.229149	-28.152469	0.987652	-1.299696	-27.864879	0.970343	-1.051602	-27.833874	0.995821	-1.074560	-28.168231	0.472853	-1.239311	-27.842034	0.455867	-1.075583	-28.183440	-0.055271	-1.186942	-28.137135	-0.079227	-1.282204	-27.892369	-0.056368	-1.022013	-27.830394	-0.059696	-1.090969
5199	72.218124	00:01:12:15	-27.988362	1.644080	-1.246539	-27.944409	1.642712	-1.074326	-28.111253	1.675598	-1.149147	-28.032233	1.546007	-1.174133	-28.044615	1.564907	-1.158901	-28.111940	1.573011	-1.270979	-27.869683	1.585017	-1.100563	-28.087483	1.449744	-0.926319	-27.961323	0.768501	-1.590500	-28.042429	1.428542	-0.527630	-28.082392	-0.051105	-2.075993	-28.039458	1.430575	-0.579999	-28.088436	-0.073485	-2.060875	-28.045118	1.432523	-0.563544	-28.083850	-0.045800	-2.054733	-28.190895	0.979489	-1.225661	-28.152374	0.971914	-1.260791	-27.897946	0.969436	-1.006821	-27.837379	0.991570	-1.061455	-28.173405	0.478826	-1.232486	-27.845721	0.440337	-1.045658	-28.176151	-0.061196	-1.231026	-28.171060	-0.056691	-1.281389	-27.887479	-0.040543	-1.012427	-27.851994	-0.054180	-1.046969
5200	72.232017	00:01:12:16	-27.967334	1.649801	-1.253469	-27.980906	1.673311	-1.079122	-28.094845	1.648264	-1.151545	-27.979885	1.538964	-1.160291	-28.028786	1.540930	-1.126752	-28.154794	1.564679	-1.260240	-27.883229	1.547758	-1.095885	-28.100771	1.490824	-0.895424	-27.966482	0.760184	-1.608000	-28.045043	1.428070	-0.528303	-28.085679	-0.050203	-2.031013	-28.020995	1.434571	-0.578896	-28.073619	-0.064972	-2.063231	-28.046166	1.446171	-0.540154	-28.104608	-0.019971	-2.077571	-28.184306	0.969333	-1.204056	-28.166557	0.947793	-1.245467	-27.890365	0.977486	-1.005003	-27.849025	0.959688	-1.105652	-28.149068	0.451914	-1.222492	-27.876524	0.457575	-1.056717	-28.189343	-0.028412	-1.207373	-28.156074	-0.061123	-1.239067	-27.870907	-0.012927	-1.025168	-27.831111	-0.048727	-1.060089
5201	72.245911	00:01:12:17	-27.944594	1.660513	-1.242976	-27.998011	1.668210	-1.100915	-28.072514	1.679589	-1.143091	-28.012223	1.540967	-1.173650	-28.025011	1.540219	-1.142351	-28.133247	1.528072	-1.269795	-27.836238	1.546602	-1.115784	-28.099566	1.496842	-0.930665	-27.949950	0.745425	-1.583372	-28.051894	1.405694	-0.547781	-28.079139	-0.039882	-2.042738	-28.040525	1.437726	-0.557012	-28.113134	-0.098124	-2.029729	-28.024414	1.414901	-0.547388	-28.070911	-0.043907	-2.061224	-28.176668	0.992380	-1.245816	-28.144496	0.979144	-1.280157	-27.874282	0.979398	-1.047739	-27.832898	0.978769	-1.130795	-28.154822	0.448363	-1.241006	-27.866829	0.453544	-1.061097	-28.187798	-0.077676	-1.221810	-28.162360	-0.071303	-1.241031	-27.862424	-0.067435	-1.002116	-27.829137	-0.060836	-1.062109
5202	72.259804	00:01:12:18	-27.955706	1.654634	-1.219605	-28.015121	1.659567	-1.103143	-28.085502	1.676015	-1.134076	-27.996620	1.568359	-1.157314	-28.009284	1.586837	-1.149609	-28.143980	1.553076	-1.243383	-27.855637	1.573639	-1.089273	-28.104708	1.467772	-0.897244	-27.963237	0.744621	-1.575029	-28.056248	1.453508	-0.550610	-28.111673	-0.039179	-2.073419	-28.024559	1.438326	-0.534078	-28.108534	-0.066042	-2.042645	-28.036019	1.413745	-0.582177	-28.074739	-0.062589	-2.075556	-28.178013	0.981586	-1.233039	-28.118502	0.957173	-1.286017	-27.882504	0.952216	-1.068998	-27.815258	0.941714	-1.076043	-28.157358	0.459820	-1.247600	-27.821665	0.452394	-1.106957	-28.189214	-0.050648	-1.231939	-28.161581	-0.065004	-1.262474	-27.875214	-0.059918	-1.019633	-27.828153	-0.074202	-1.095240
5203	72.273698	00:01:12:19	-27.961097	1.648458	-1.230591	-27.965564	1.632595	-1.098919	-28.073815	1.660789	-1.187221	-28.015648	1.544599	-1.208514	-28.026183	1.544368	-1.174420	-28.121831	1.502858	-1.252347	-27.860935	1.553099	-1.092366	-28.100477	1.470260	-0.888701	-27.979827	0.732330	-1.586802	-28.033579	1.427424	-0.544711	-28.113361	-0.061571	-2.039522	-28.022206	1.439751	-0.549886	-28.117646	-0.046184	-2.059591	-28.040878	1.465176	-0.568101	-28.132092	-0.042985	-2.062352	-28.189271	0.948860	-1.221528	-28.135054	0.951445	-1.251081	-27.885860	0.961432	-1.025707	-27.846171	0.934230	-1.081175	-28.192700	0.476920	-1.245973	-27.876074	0.487043	-1.063830	-28.198194	-0.060090	-1.193515	-28.124472	-0.029948	-1.254906	-27.878174	-0.087359	-1.035678	-27.818375	-0.078359	-1.053038
5204	72.287591	00:01:12:20	-27.982762	1.618135	-1.232456	-27.993029	1.664265	-1.083074	-28.103243	1.645327	-1.196152	-27.956082	1.565795	-1.177770	-28.042727	1.537808	-1.112031	-28.123968	1.538025	-1.232472	-27.892279	1.539654	-1.107336	-28.086914	1.480800	-0.912170	-28.009442	0.752330	-1.552495	-28.033923	1.447886	-0.553636	-28.089792	-0.064120	-2.075553	-28.002339	1.467295	-0.573085	-28.094667	-0.059499	-2.072195	-28.022132	1.408204	-0.528132	-28.126205	-0.062350	-2.064068	-28.167646	0.994023	-1.217748	-28.144930	0.954691	-1.276421	-27.875993	0.960018	-1.019560	-27.822264	0.967238	-1.082631	-28.166432	0.448982	-1.279102	-27.863593	0.454243	-1.059505	-28.184973	-0.073642	-1.178217	-28.138012	-0.073431	-1.245278	-27.868742	-0.039952	-1.022731	-27.844453	-0.053787	-1.074939
5205	72.301485	00:01:12:21	-27.974410	1.634379	-1.250249	-27.953513	1.661092	-1.110411	-28.053324	1.642953	-1.191980	-27.970906	1.545474	-1.187884	-28.019053	1.551022	-1.136456	-28.118851	1.522831	-1.258474	-27.860191	1.562219	-1.124264	-28.084341	1.471554	-0.890985	-28.001703	0.754020	-1.571692	-28.057485	1.440569	-0.515916	-28.106523	-0.043591	-2.066496	-28.052792	1.436960	-0.555339	-28.082619	-0.050131	-2.091746	-28.035586	1.430262	-0.562462	-28.117681	-0.030182	-2.082772	-28.185784	0.965825	-1.188463	-28.145669	0.934275	-1.307195	-27.840457	0.977364	-1.060787	-27.854225	0.955703	-1.095338	-28.174779	0.448404	-1.261628	-27.860146	0.433023	-1.036097	-28.174329	-0.051517	-1.190903	-28.172567	-0.060438	-1.271146	-27.867979	-0.048685	-1.059487	-27.846168	-0.076116	-1.064450
5206	72.315378	00:01:12:22	-27.961348	1.637662	-1.243334	-27.976813	1.654734	-1.107969	-28.078884	1.677727	-1.157318	-28.024348	1.515002	-1.160040	-28.035610	1.544007	-1.153271	-28.124872	1.540049	-1.213084	-27.864759	1.539881	-1.092783	-28.089769	1.477551	-0.881134	-27.974845	0.759479	-1.610946	-28.030224	1.428971	-0.589221	-28.083400	-0.020857	-2.039115	-28.055681	1.422645	-0.535574	-28.116288	-0.060758	-2.025157	-28.007037	1.439845	-0.545563	-28.089977	-0.015409	-2.059400	-28.161331	0.994978	-1.250797	-28.142397	0.933002	-1.303888	-27.904494	0.972138	-1.045057	-27.843412	0.969090	-1.072607	-28.138040	0.474316	-1.266814	-27.854757	0.432481	-1.053509	-28.174826	-0.073545	-1.172384	-28.166197	-0.026863	-1.255631	-27.890971	-0.020478	-1.047273	-27.849897	-0.032472	-1.091483
5207	72.329272	00:01:12:23	-27.956103	1.641139	-1.217103	-27.960393	1.705465	-1.120491	-28.071631	1.668052	-1.160954	-27.996319	1.540507	-1.169791	-28.014224	1.532792	-1.130502	-28.119175	1.539148	-1.287002	-27.886160	1.532863	-1.098684	-28.071478	1.477864	-0.923653	-27.950641	0.765964	-1.592814	-28.005439	1.471806	-0.559624	-28.105684	-0.023550	-2.092700	-28.031470	1.428434	-0.544796	-28.121182	-0.020054	-2.043799	-28.004749	1.401657	-0.575729	-28.099724	-0.063452	-2.075524	-28.183403	0.964874	-1.209466	-28.120148	0.941914	-1.273218	-27.894693	0.987109	-1.034510	-27.837600	0.945474	-1.070910	-28.150113	0.476568	-1.251304	-27.854063	0.437251	-1.053633	-28.174061	-0.052263	-1.246728	-28.163516	-0.056989	-1.253820	-27.888469	-0.062247	-1.022263	-27.841447	-0.037977	-1.064773
5208	72.343165	00:01:12:24	-27.942953	1.662145	-1.201952	-27.999831	1.676154	-1.109931	-28.086925	1.644693	-1.151914	-27.985549	1.546933	-1.157730	-28.043111	1.540133	-1.147871	-28.120037	1.541607	-1.227949	-27.885160	1.508532	-1.079034	-28.083112	1.481205	-0.905671	-27.970587	0.741469	-1.571079	-28.036268	1.444812	-0.590897	-28.095253	-0.060750	-2.031898	-28.004848	1.450793	-0.567429	-28.104797	-0.056123	-2.053686	-28.069207	1.403465	-0.551547	-28.090301	-0.063028	-2.094682	-28.155684	0.984594	-1.232636	-28.150010	0.949754	-1.261576	-27.850380	0.933336	-1.035922	-27.843930	0.973473	-1.093913	-28.139603	0.463518	-1.270086	-27.839814	0.489853	-1.059650	-28.231374	-0.052664	-1.218177	-28.171283	-0.072918	-1.245772	-27.887460	-0.041656	-1.051460	-27.844873	-0.066646	-1.033431
5209	72.357058	00:01:12:25	-27.943440	1.622896	-1.236234	-27.967775	1.656192	-1.116577	-28.087900	1.658802	-1.167383	-28.011590	1.548492	-1.145464	-28.025164	1.559017	-1.168117	-28.139248	1.578036	-1.256491	-27.873524	1.525980	-1.111326	-28.091015	1.454074	-0.892564	-27.971509	0.721732	-1.535632	-28.030100	1.447194	-0.545609	-28.070543	-0.040790	-2.056370	-28.033527	1.429740	-0.548792	-28.095931	-0.045761	-2.034671	-28.053183	1.431660	-0.553164	-28.095064	-0.053795	-2.056698	-28.180095	0.962051	-1.212151	-28.141014	0.957077	-1.274483	-27.877536	0.971647	-1.013753	-27.826519	0.945945	-1.095633	-28.199900	0.462660	-1.243680	-27.879009	0.448778	-1.058716	-28.196466	-0.064621	-1.253335	-28.133570	-0.057463	-1.221190	-27.892385	-0.051928	-1.011804	-27.839646	-0.094569	-1.049199
5210	72.370952	00:01:12:26	-27.968391	1.620439	-1.264366	-27.961520	1.665682	-1.103968	-28.076419	1.685622	-1.132299	-28.000992	1.551517	-1.170462	-28.039963	1.517827	-1.126114	-28.103952	1.533901	-1.220987	-27.866766	1.538056	-1.121842	-28.064877	1.483301	-0.885901	-27.991508	0.742222	-1.575025	-28.033942	1.442940	-0.573905	-28.104344	-0.039106	-2.065303	-28.013019	1.438567	-0.586564	-28.119284	-0.040679	-2.029847	-28.026369	1.445347	-0.556704	-28.093347	-0.059858	-2.045055	-28.169803	0.999000	-1.239594	-28.122980	0.971210	-1.276404	-27.869318	0.949114	-1.042206	-27.842132	0.954111	-1.104469	-28.135758	0.469829	-1.221337	-27.864137	0.455052	-1.044606	-28.161926	-0.015907	-1.206855	-28.153810	-0.080197	-1.264641	-27.885477	-0.041444	-1.004604	-27.823672	-0.040469	-1.102963
5211	72.384845	00:01:12:27	-27.959768	1.651058	-1.233968	-27.979567	1.631401	-1.129838	-28.040141	1.674621	-1.180450	-27.995659	1.543964	-1.169925	-28.010226	1.546308	-1.147592	-28.119923	1.527263	-1.245328	-27.887506	1.555655	-1.093883	-28.080446	1.485663	-0.907272	-27.977305	0.775971	-1.565053	-28.045728	1.410151	-0.547871	-28.132047	-0.046802	-2.053359	-28.082485	1.407904	-0.533885	-28.088784	-0.057989	-2.071132	-28.026542	1.430311	-0.531217	-28.093724	-0.032015	-2.047782	-28.166859	0.950018	-1.204393	-28.160381	0.976139	-1.282709	-27.871184	0.970147	-1.065005	-27.825489	0.969554	-1.086257	-28.173290	0.478864	-1.223564	-27.874338	0.470570	-1.074276	-28.177609	-0.007139	-1.221681	-28.133506	-0.076065	-1.242436	-27.861927	-0.048984	-1.060116	-27.838030	-0.051880	-1.094758
5212	72.398739	00:01:12:28	-27.979190	1.647975	-1.238704	-27.987129	1.643742	-1.108132	-28.078281	1.674306	-1.172881	-27.970977	1.553861	-1.171378	-28.015571	1.571830	-1.125216	-28.125718	1.555361	-1.258827	-27.877718	1.536938	-1.089155	-28.065101	1.483187	-0.919584	-27.973280	0.727603	-1.593986	-28.050808	1.417933	-0.547280	-28.098538	-0.000225	-2.081137	-28.035047	1.430394	-0.573657	-28.098014	-0.055720	-2.065040	-28.037698	1.451626	-0.533728	-28.081492	-0.055448	-2.103836	-28.157018	0.971817	-1.242145	-28.166438	0.965405	-1.281254	-27.853970	0.951605	-1.034511	-27.850567	0.938075	-1.102025	-28.186235	0.452383	-1.269126	-27.854468	0.449307	-1.070970	-28.187660	-0.046000	-1.191518	-28.136310	-0.038489	-1.254139	-27.890154	-0.052260	-1.021914	-27.835052	-0.093181	-1.041557
5213	72.412632	00:01:12:29	-27.978526	1.632624	-1.249013	-27.991098	1.690526	-1.109267	-28.087287	1.641623	-1.154782	-27.972512	1.524658	-1.185465	-28.036867	1.553170	-1.156370	-28.135758	1.509589	-1.266928	-27.898313	1.568204	-1.094329	-28.106406	1.488673	-0.907216	-27.995694	0.717161	-1.604434	-28.028453	1.423372	-0.580471	-28.106437	-0.067318	-2.068431	-28.038001	1.430127	-0.529652	-28.081617	-0.041641	-2.071763	-28.032882	1.453291	-0.562115	-28.096008	-0.031614	-2.041806	-28.167900	0.961788	-1.228158	-28.129350	0.965666	-1.260808	-27.829900	0.969087	-1.045765	-27.827711	0.919492	-1.080365	-28.174015	0.439980	-1.260892	-27.850538	0.454384	-1.025390	-28.189431	-0.031248	-1.211907	-28.144197	-0.035212	-1.236476	-27.879772	-0.044642	-1.012302	-27.875315	-0.081299	-1.078689
5214	72.426526	00:01:12:30	-27.984273	1.647050	-1.210780	-27.972331	1.639059	-1.065234	-28.073370	1.669315	-1.148728	-28.015250	1.543844	-1.162320	-28.027368	1.540051	-1.131138	-28.136146	1.547862	-1.252783	-27.864234	1.552799	-1.083318	-28.093980	1.462242	-0.888631	-27.972846	0.743615	-1.590412	-28.043600	1.410641	-0.586132	-28.075443	-0.047115	-2.053801	-28.008627	1.436355	-0.556809	-28.102411	-0.071078	-2.058346	-28.049556	1.425971	-0.561080	-28.085270	-0.056171	-2.050934	-28.160623	0.968285	-1.237240	-28.154627	0.934862	-1.284580	-27.889114	0.983473	-1.066572	-27.867065	0.957770	-1.092487	-28.173930	0.475656	-1.260339	-27.840005	0.461631	-1.072388	-28.193225	-0.049054	-1.224940	-28.133308	-0.084158	-1.249219	-27.883863	-0.039762	-0.982467	-27.864779	-0.129055	-1.059627
5215	72.440419	00:01:12:31	-27.969713	1.670492	-1.244720	-27.965421	1.644989	-1.104112	-28.081845	1.653648	-1.145429	-27.984301	1.532391	-1.177345	-28.047935	1.504140	-1.162797	-28.145355	1.547165	-1.214256	-27.825111	1.569500	-1.103783	-28.086734	1.493214	-0.895786	-27.979758	0.747258	-1.573396	-28.046711	1.445171	-0.529916	-28.082390	-0.025467	-2.069373	-28.058625	1.441626	-0.558658	-28.075374	-0.024392	-2.068862	-28.025928	1.435494	-0.531389	-28.086526	-0.022686	-2.086517	-28.181030	0.976327	-1.196587	-28.128252	0.921654	-1.269468	-27.869513	0.950653	-1.042814	-27.811240	0.978310	-1.067345	-28.156818	0.466760	-1.237484	-27.863038	0.447614	-1.051130	-28.157464	-0.052101	-1.222647	-28.114579	-0.041430	-1.280755	-27.878535	-0.045539	-1.026593	-27.840927	-0.058468	-1.063433
5216	72.454313	00:01:12:32	-27.969911	1.655670	-1.219963	-27.999180	1.653239	-1.086572	-28.055654	1.683804	-1.166020	-28.016091	1.520630	-1.169410	-28.016533	1.554579	-1.155314	-28.145999	1.554215	-1.255746	-27.924299	1.574396	-1.104205	-28.086128	1.499160	-0.920090	-28.002403	0.781465	-1.616216	-28.012312	1.407488	-0.573255	-28.122888	-0.047893	-2.054601	-28.027850	1.446740	-0.573102	-28.089424	-0.043088	-2.071328	-28.020317	1.418313	-0.555508	-28.114498	-0.047174	-2.066458	-28.152772	0.957453	-1.227628	-28.141848	0.959646	-1.308804	-27.888902	0.985942	-1.031647	-27.856607	0.960634	-1.062958	-28.142225	0.446912	-1.249658	-27.851629	0.443778	-0.997488	-28.166723	-0.050265	-1.194459	-28.137847	-0.064247	-1.261718	-27.882577	-0.050360	-1.048398	-27.829996	-0.051868	-1.076097
5217	72.468206	00:01:12:33	-27.964733	1.640296	-1.225245	-27.971800	1.642914	-1.094702	-28.044280	1.660659	-1.164853	-28.002967	1.523917	-1.176569	-28.020975	1.554726	-1.165068	-28.110574	1.533558	-1.252735	-27.873147	1.557876	-1.108369	-28.097982	1.495010	-0.908660	-28.002199	0.762045	-1.567337	-28.026079	1.435322	-0.552710	-28.095278	-0.037408	-2.061988	-28.029022	1.425728	-0.586571	-28.086674	-0.082675	-2.048994	-28.022277	1.449139	-0.553210	-28.068296	-0.029408	-2.070228	-28.163487	0.978503	-1.230954	-28.136191	0.974576	-1.286908	-27.859642	0.991486	-1.027637	-27.845146	0.957353	-1.069016	-28.156183	0.450869	-1.259659	-27.819149	0.464492	-1.039691	-28.183741	-0.068145	-1.203684	-28.147350	-0.074348	-1.230930	-27.882212	-0.013070	-0.982918	-27.833045	-0.076090	-1.073163
5218	72.482099	00:01:12:34	-27.956481	1.617791	-1.239136	-28.010854	1.700088	-1.100291	-28.026352	1.644346	-1.168313	-28.027867	1.547928	-1.201785	-28.030836	1.566087	-1.109125	-28.132060	1.532600	-1.263827	-27.858087	1.527811	-1.067278	-28.077785	1.486819	-0.897917	-27.972755	0.755532	-1.612283	-28.042565	1.404949	-0.582972	-28.100130	-0.024805	-2.063026	-28.033929	1.457012	-0.564496	-28.071859	-0.063765	-2.065788	-28.035733	1.391987	-0.556086	-28.077861	-0.064039	-2.055259	-28.184958	0.997384	-1.227158	-28.141940	0.990201	-1.253686	-27.866493	0.967668	-1.053001	-27.867500	0.947870	-1.057780	-28.145295	0.464140	-1.249880	-27.851699	0.486226	-1.047516	-28.177154	-0.072601	-1.229256	-28.135175	-0.070244	-1.251520	-27.861071	-0.068153	-0.988059	-27.874511	-0.076951	-1.062360
5219	72.495993	00:01:12:35	-27.970145	1.665791	-1.215739	-27.969861	1.668448	-1.099654	-28.037834	1.686575	-1.122041	-28.029308	1.525213	-1.176624	-28.027854	1.552461	-1.167750	-28.119156	1.532708	-1.261254	-27.880377	1.535249	-1.087762	-28.072595	1.473224	-0.930193	-27.992497	0.712241	-1.593559	-28.041744	1.461788	-0.540283	-28.126235	-0.066532	-2.051279	-28.039277	1.410911	-0.550754	-28.070461	-0.052939	-2.071293	-27.992777	1.427244	-0.555732	-28.107757	-0.039929	-2.054124	-28.199665	0.974941	-1.219799	-28.124440	0.968936	-1.270549	-27.853810	1.004725	-1.062743	-27.846047	0.984022	-1.085692	-28.178101	0.457521	-1.278371	-27.831791	0.512803	-1.054292	-28.171334	-0.039226	-1.199860	-28.130880	-0.047977	-1.277723	-27.859541	-0.065313	-1.023294	-27.827582	-0.029511	-1.097310
5220	72.509886	00:01:12:36	-27.954858	1.667113	-1.223375	-28.001858	1.660959	-1.089240	-28.080776	1.678854	-1.157329	-28.016169	1.555815	-1.162129	-27.991680	1.552917	-1.162639	-28.100391	1.546210	-1.255133	-27.885708	1.537753	-1.139365	-28.068690	1.443906	-0.916391	-27.975715	0.728273	-1.545448	-28.064639	1.428069	-0.555679	-28.104685	-0.037969	-2.045655	-28.028197	1.427946	-0.541603	-28.056359	-0.013175	-2.079870	-28.003772	1.401738	-0.549735	-28.101686	-0.069075	-2.075826	-28.174211	0.985330	-1.214903	-28.163264	0.963942	-1.297578	-27.878587	0.956567	-1.056119	-27.869032	0.949918	-1.089479	-28.163986	0.446213	-1.259152	-27.818246	0.454454	-1.076792	-28.159522	-0.051390	-1.202236	-28.138220	-0.077104	-1.245971	-27.844978	-0.071039	-1.015625	-27.860218	-0.059853	-1.086505
5221	72.523780	00:01:12:37	-27.961498	1.643233	-1.223324	-27.983478	1.691032	-1.059941	-28.053162	1.638051	-1.167163	-28.014301	1.534595	-1.138094	-27.998472	1.538042	-1.151134	-28.136210	1.551224	-1.274288	-27.899531	1.547602	-1.114321	-28.120054	1.512745	-0.907450	-28.000060	0.742284	-1.564086	-28.024115	1.434211	-0.554770	-28.107203	-0.035047	-2.052825	-28.032038	1.407585	-0.541809	-28.101598	-0.046313	-2.067270	-28.020668	1.432890	-0.559328	-28.119234	-0.033559	-2.080616	-28.209073	0.971685	-1.232013	-28.169421	0.931121	-1.257206	-27.863884	0.965103	-1.024853	-27.853777	0.993077	-1.071694	-28.184516	0.435695	-1.232488	-27.856630	0.488044	-1.044345	-28.183960	-0.119945	-1.212371	-28.147870	-0.061028	-1.232431	-27.864857	-0.061873	-1.012030	-27.844930	-0.021962	-1.069637
5222	72.537673	00:01:12:38	-27.937401	1.660290	-1.259495	-27.982760	1.625548	-1.090856	-28.093795	1.659378	-1.166689	-27.979550	1.567166	-1.158119	-28.021770	1.552089	-1.169351	-28.128176	1.572295	-1.232547	-27.909528	1.579220	-1.113387	-28.076208	1.487402	-0.920240	-28.001264	0.722167	-1.600899	-28.029283	1.445785	-0.577704	-28.089364	-0.076191	-2.053150	-28.021784	1.437989	-0.551683	-28.076264	-0.064225	-2.046734	-28.048650	1.450736	-0.546492	-28.123291	-0.057038	-2.066421	-28.183725	0.982964	-1.218463	-28.160960	0.930379	-1.283321	-27.902597	0.974929	-1.039398	-27.844940	0.963081	-1.052541	-28.169236	0.430177	-1.266263	-27.864842	0.440405	-1.066237	-28.196493	-0.060377	-1.205772	-28.127264	-0.045354	-1.256928	-27.867490	-0.055951	-0.997012	-27.825320	-0.053438	-1.040064
5223	72.551567	00:01:12:39	-27.970992	1.670146	-1.236314	-27.980565	1.653912	-1.093334	-28.083952	1.697819	-1.157934	-28.000311	1.578496	-1.186439	-28.011083	1.580536	-1.136683	-28.082898	1.521819	-1.253719	-27.863336	1.552878	-1.082064	-28.102493	1.502327	-0.923013	-27.952372	0.772699	-1.600478	-28.042271	1.440683	-0.566331	-28.118569	-0.040574	-2.013551	-28.025851	1.448748	-0.543338	-28.077860	-0.029104	-2.074004	-28.023702	1.425887	-0.548478	-28.106896	-0.063662	-2.074565	-28.167344	0.963776	-1.170431	-28.146814	0.947623	-1.300186	-27.888096	0.954055	-1.024830	-27.837285	0.982729	-1.074666	-28.154110	0.459863	-1.244743	-27.867109	0.464470	-1.067629	-28.186950	-0.057606	-1.206716	-28.114554	-0.102250	-1.240773	-27.865291	-0.034331	-1.000658	-27.815494	-0.061212	-1.065292
5224	72.565460	00:01:12:40	-27.983605	1.620221	-1.215944	-27.987203	1.672278	-1.103204	-28.071795	1.694232	-1.140994	-28.018918	1.570182	-1.189915	-28.033106	1.509362	-1.126095	-28.110444	1.540317	-1.286680	-27.877243	1.554693	-1.073517	-28.087713	1.468521	-0.893493	-27.982786	0.757999	-1.571970	-28.034367	1.469724	-0.552717	-28.109275	-0.037367	-2.053433	-28.041998	1.394057	-0.537953	-28.073940	-0.068333	-2.065780	-28.034594	1.452970	-0.594391	-28.097031	-0.042395	-2.102756	-28.215470	0.938660	-1.228053	-28.142321	0.975130	-1.274787	-27.880083	0.976756	-1.055171	-27.839276	0.990805	-1.107586	-28.168117	0.451375	-1.268355	-27.842427	0.467396	-1.072043	-28.168315	-0.069932	-1.203478	-28.140030	-0.037804	-1.264653	-27.857852	-0.049811	-1.009638	-27.816765	-0.031118	-1.043533
5225	72.579354	00:01:12:41	-27.931603	1.649677	-1.244539	-27.965263	1.687794	-1.112518	-28.076003	1.680670	-1.159216	-27.994330	1.529696	-1.180836	-28.017868	1.538353	-1.174784	-28.140023	1.559567	-1.283758	-27.860854	1.540190	-1.096385	-28.079821	1.508505	-0.904833	-27.984088	0.751293	-1.592113	-28.039635	1.416729	-0.573258	-28.110679	-0.049402	-2.083677	-28.012120	1.435130	-0.576241	-28.086922	-0.059814	-2.091426	-28.036349	1.463327	-0.570238	-28.084737	-0.044930	-2.050452	-28.167532	0.984394	-1.236202	-28.162871	0.944499	-1.271225	-27.900527	0.964976	-1.041769	-27.855302	0.957469	-1.130885	-28.163640	0.461479	-1.288646	-27.861675	0.468964	-1.053223	-28.189621	-0.075480	-1.215377	-28.119820	-0.068762	-1.260918	-27.901335	-0.052120	-1.020183	-27.825049	-0.092415	-1.078226
5226	72.593247	00:01:12:42	-27.967090	1.672928	-1.246317	-27.991291	1.645645	-1.100418	-28.078610	1.667628	-1.175967	-28.009982	1.521362	-1.180713	-28.031171	1.600695	-1.158557	-28.114768	1.574577	-1.217251	-27.864710	1.571696	-1.064314	-28.078373	1.485012	-0.908946	-27.989495	0.730072	-1.579180	-28.025782	1.436344	-0.531088	-28.076996	-0.036469	-2.070089	-28.068260	1.452889	-0.585694	-28.066356	-0.061595	-2.052402	-28.065969	1.407830	-0.528685	-28.111346	-0.054350	-2.085729	-28.161073	0.934154	-1.231842	-28.172108	0.955380	-1.301079	-27.852628	0.983048	-1.051816	-27.860340	0.974741	-1.086975	-28.147165	0.463786	-1.256308	-27.876525	0.482165	-1.041097	-28.136269	-0.042578	-1.251547	-28.140996	-0.053174	-1.248715	-27.837137	-0.033407	-1.020424	-27.875372	-0.036917	-1.068937
5227	72.607140	00:01:12:43	-27.955471	1.642143	-1.233274	-27.995889	1.637100	-1.118782	-28.084306	1.656881	-1.167803	-27.991370	1.563391	-1.173958	-27.996060	1.564142	-1.151492	-28.127197	1.545259	-1.274560	-27.897047	1.528990	-1.076366	-28.073376	1.477082	-0.897804	-27.995758	0.724772	-1.580704	-28.007528	1.423828	-0.567250	-28.066819	-0.050720	-2.052215	-28.021251	1.441223	-0.565094	-28.091016	-0.041741	-2.087085	-28.010617	1.459848	-0.569496	-28.085758	-0.013537	-2.054370	-28.169305	0.968971	-1.228052	-28.146602	0.952975	-1.289171	-27.858213	0.986769	-1.049127	-27.844728	0.954521	-1.089347	-28.169168	0.475999	-1.252532	-27.855616	0.443905	-1.042258	-28.181127	-0.042308	-1.179785	-28.161466	-0.061960	-1.262736	-27.886362	-0.048101	-1.025421	-27.835008	-0.027511	-1.075825
5228	72.621034	00:01:12:44	-27.960526	1.646512	-1.248494	-27.959088	1.629338	-1.076247	-28.067431	1.697425	-1.136311	-27.992103	1.562576	-1.160499	-28.007778	1.559451	-1.146168	-28.098518	1.538004	-1.254619	-27.873646	1.524307	-1.121285	-28.096798	1.495294	-0.927746	-27.996375	0.742701	-1.585115	-28.059623	1.433967	-0.545441	-28.065683	-0.039322	-2.070996	-28.007214	1.435111	-0.595919	-28.094183	-0.061108	-2.077537	-28.019933	1.426394	-0.546098	-28.117542	-0.026807	-2.086488	-28.196411	0.953554	-1.230684	-28.125409	0.985737	-1.270527	-27.867107	0.959750	-1.063353	-27.854407	0.965624	-1.106378	-28.158306	0.444688	-1.219950	-27.839018	0.450951	-1.056205	-28.114997	-0.076775	-1.185927	-28.156814	-0.068539	-1.267980	-27.852938	-0.090455	-1.022235	-27.868359	-0.033626	-1.061088
5229	72.634927	00:01:12:45	-27.966782	1.647484	-1.263804	-27.957547	1.690949	-1.079936	-28.080288	1.682799	-1.171863	-27.991008	1.583471	-1.157247	-28.018217	1.556858	-1.131109	-28.131436	1.522636	-1.256750	-27.867573	1.530425	-1.092413	-28.074066	1.484281	-0.892795	-27.983690	0.759022	-1.583200	-28.038473	1.431066	-0.522351	-28.102662	-0.015623	-2.072616	-28.020525	1.472650	-0.580537	-28.088845	-0.065031	-2.076916	-28.061619	1.432235	-0.535946	-28.121245	-0.025260	-2.015742	-28.193935	0.984853	-1.223605	-28.133483	0.959954	-1.265700	-27.914457	0.923569	-1.067684	-27.820813	0.954886	-1.106545	-28.192094	0.446748	-1.252854	-27.866427	0.473394	-1.056842	-28.154563	-0.061958	-1.234722	-28.165769	-0.094630	-1.260618	-27.861546	-0.061047	-1.022025	-27.823979	-0.058351	-1.042326
5230	72.648821	00:01:12:46	-27.968033	1.654536	-1.262691	-27.986809	1.661739	-1.106814	-28.116155	1.648388	-1.163802	-28.012476	1.534709	-1.181238	-28.073019	1.550332	-1.148713	-28.134942	1.559110	-1.240461	-27.890700	1.544139	-1.082439	-28.083991	1.455916	-0.927650	-27.987918	0.777161	-1.570690	-28.049418	1.430699	-0.572469	-28.113715	-0.060360	-2.065990	-28.024206	1.462228	-0.563576	-28.096413	-0.044166	-2.086692	-28.024140	1.414381	-0.551964	-28.102643	-0.047133	-2.056966	-28.166652	0.993379	-1.263882	-28.132877	0.944991	-1.274919	-27.845090	0.957126	-1.054855	-27.853865	0.954776	-1.089833	-28.136822	0.454757	-1.236098	-27.878036	0.459856	-1.056856	-28.150830	-0.037466	-1.222958	-28.155538	-0.087546	-1.275344	-27.857781	-0.049631	-1.002619	-27.821472	-0.101614	-1.047413
5231	72.662714	00:01:12:47	-27.966757	1.647298	-1.232979	-27.988394	1.669141	-1.088600	-28.075530	1.654754	-1.133843	-28.029086	1.536210	-1.166082	-28.020531	1.556782	-1.135601	-28.153499	1.552922	-1.254582	-27.857076	1.531425	-1.115903	-28.064910	1.486626	-0.911353	-27.977151	0.697333	-1.591686	-28.073065	1.429713	-0.576618	-28.124815	-0.045450	-2.049522	-28.036620	1.419699	-0.536823	-28.098304	-0.029022	-2.032263	-28.031495	1.452765	-0.527827	-28.066108	-0.059929	-2.070059	-28.184722	0.954924	-1.234320	-28.150857	0.965793	-1.300174	-27.880084	0.969879	-1.042533	-27.849122	0.959810	-1.077411	-28.180812	0.445907	-1.221954	-27.866526	0.442124	-1.050074	-28.187776	-0.042608	-1.199371	-28.142276	-0.074459	-1.291290	-27.854264	-0.049992	-1.027659	-27.833361	-0.041387	-1.073833
5232	72.676608	00:01:12:48	-27.984462	1.659686	-1.243519	-27.991597	1.668881	-1.099499	-28.079534	1.673737	-1.165620	-28.027980	1.535305	-1.200395	-28.040850	1.560122	-1.154003	-28.106919	1.551378	-1.281709	-27.875625	1.511913	-1.097075	-28.079619	1.490181	-0.873712	-27.945527	0.719850	-1.579554	-28.071174	1.423936	-0.541815	-28.063482	-0.027592	-2.071955	-28.004985	1.432823	-0.559822	-28.093416	-0.063972	-2.077037	-28.037064	1.452119	-0.539169	-28.088882	-0.045849	-2.079664	-28.142043	0.942406	-1.220789	-28.156544	0.949720	-1.284023	-27.870913	0.975142	-1.027415	-27.854470	0.943054	-1.062250	-28.147397	0.458565	-1.232304	-27.856762	0.465623	-1.052562	-28.181233	-0.025879	-1.227141	-28.119122	-0.065897	-1.271504	-27.860230	-0.066640	-1.005487	-27.833128	-0.081728	-1.082884
5233	72.690501	00:01:12:49	-27.962293	1.654811	-1.224956	-27.947324	1.668475	-1.109785	-28.082487	1.668530	-1.155390	-27.978881	1.521511	-1.167569	-28.029370	1.523810	-1.159155	-28.133197	1.547422	-1.253175	-27.870981	1.565968	-1.124762	-28.100283	1.506436	-0.920017	-27.980230	0.746916	-1.563094	-28.032030	1.418608	-0.564064	-28.106872	-0.036961	-2.060981	-28.011087	1.447585	-0.523511	-28.074020	-0.053693	-2.052401	-28.026486	1.420117	-0.546790	-28.091933	-0.044068	-2.079185	-28.161622	0.972415	-1.225430	-28.159844	0.938565	-1.298334	-27.883669	0.955426	-1.014182	-27.883030	1.006384	-1.133030	-28.167830	0.473288	-1.251658	-27.836478	0.456549	-1.048156	-28.177071	-0.030523	-1.209634	-28.132237	-0.050672	-1.248039	-27.854153	-0.054927	-1.035931	-27.861394	-0.040917	-1.069458
5234	72.704395	00:01:12:50	-27.952435	1.647844	-1.251394	-27.975652	1.660529	-1.095541	-28.079622	1.637711	-1.146355	-27.990586	1.560515	-1.156861	-27.989982	1.544931	-1.141455	-28.138769	1.506830	-1.218000	-27.838499	1.520933	-1.122303	-28.077351	1.492844	-0.919327	-27.970785	0.751072	-1.583346	-28.048421	1.453690	-0.541076	-28.085179	-0.020531	-2.055065	-28.033797	1.462754	-0.547224	-28.086516	-0.062139	-2.031350	-28.045228	1.411955	-0.540591	-28.109487	-0.023671	-2.072525	-28.179520	0.967044	-1.236201	-28.168485	0.948431	-1.253745	-27.882118	0.982683	-1.015181	-27.841651	0.950606	-1.075626	-28.138782	0.472516	-1.255227	-27.857110	0.458839	-1.056950	-28.178563	-0.033119	-1.229337	-28.124408	-0.082832	-1.268449	-27.885272	-0.048543	-1.007039	-27.867924	-0.050736	-1.097168
5235	72.718288	00:01:12:51	-27.915570	1.645885	-1.222437	-27.956631	1.665753	-1.090330	-28.090665	1.643903	-1.194096	-28.011015	1.503404	-1.163851	-28.057998	1.531481	-1.123213	-28.086519	1.538934	-1.249696	-27.906890	1.533426	-1.083163	-28.073795	1.502189	-0.916143	-27.933863	0.765198	-1.563616	-28.045034	1.402578	-0.565126	-28.077865	-0.033045	-2.037399	-28.027122	1.451725	-0.529309	-28.114698	-0.068119	-2.080282	-28.023471	1.449761	-0.583945	-28.112880	-0.012452	-2.081717	-28.198336	0.980837	-1.229497	-28.162067	0.937281	-1.305662	-27.877523	0.959236	-1.081637	-27.854662	0.947808	-1.097346	-28.170291	0.474444	-1.248209	-27.863346	0.475013	-1.047629	-28.166419	-0.058239	-1.203811	-28.167691	-0.051658	-1.278287	-27.862794	-0.073610	-1.033145	-27.836049	-0.072547	-1.067410
5236	72.732181	00:01:12:52	-27.993468	1.639644	-1.212545	-28.005143	1.678097	-1.109992	-28.074097	1.666307	-1.183836	-27.954124	1.542140	-1.204588	-27.997566	1.566983	-1.110204	-28.125403	1.553622	-1.248355	-27.885682	1.535366	-1.090444	-28.069844	1.493494	-0.882772	-27.958922	0.754359	-1.575902	-28.041177	1.426559	-0.561643	-28.111208	-0.043073	-2.068209	-28.046510	1.429214	-0.520523	-28.102377	-0.054024	-2.077084	-27.996887	1.435185	-0.542653	-28.078514	-0.041784	-2.077632	-28.157391	0.984760	-1.223788	-28.132782	0.978899	-1.288314	-27.887740	0.966032	-1.064709	-27.818017	0.989423	-1.080261	-28.168266	0.439025	-1.203394	-27.864757	0.427245	-1.048198	-28.170106	-0.059924	-1.211453	-28.131047	-0.059012	-1.250401	-27.893755	-0.070324	-1.033354	-27.830775	-0.062412	-1.085292
5237	72.746075	00:01:12:53	-27.964915	1.668654	-1.269162	-27.973559	1.671712	-1.104064	-28.055936	1.620200	-1.181938	-28.024850	1.545960	-1.212128	-28.017001	1.569590	-1.128412	-28.125078	1.570073	-1.223536	-27.881231	1.528590	-1.123383	-28.091572	1.474542	-0.922506	-27.974113	0.743009	-1.568016	-28.018527	1.427725	-0.545132	-28.103968	-0.014726	-2.073419	-28.055372	1.439795	-0.543508	-28.116079	-0.043518	-2.030637	-28.039033	1.433492	-0.570041	-28.097714	-0.034530	-2.064931	-28.137570	0.944262	-1.185189	-28.150481	0.956684	-1.287860	-27.890899	0.969514	-1.039318	-27.846247	1.003602	-1.098264	-28.145951	0.457112	-1.251957	-27.859784	0.446466	-1.071553	-28.177840	-0.039477	-1.219129	-28.165321	-0.081787	-1.243308	-27.880433	-0.050228	-1.022458	-27.852883	-0.048637	-1.079184
5238	72.759968	00:01:12:54	-27.977138	1.666880	-1.236044	-27.970672	1.669120	-1.123380	-28.085720	1.656256	-1.123891	-27.990438	1.527997	-1.190423	-28.001800	1.550269	-1.123153	-28.131393	1.568379	-1.270854	-27.840760	1.536544	-1.110466	-28.084368	1.479259	-0.919172	-27.974505	0.742369	-1.590312	-28.036364	1.450331	-0.560671	-28.071756	-0.038422	-2.080623	-28.046021	1.460182	-0.532149	-28.130794	-0.056794	-2.064757	-28.028900	1.413492	-0.539342	-28.103511	-0.063930	-2.043473	-28.170861	0.976444	-1.227808	-28.119955	0.953638	-1.238233	-27.878212	0.948253	-1.046832	-27.828831	0.965498	-1.054435	-28.135000	0.450792	-1.226038	-27.857891	0.480886	-1.051767	-28.191540	-0.036735	-1.208399	-28.132895	-0.056933	-1.285736	-27.907386	-0.026475	-0.999247	-27.840950	-0.012984	-1.091442
5239	72.773862	00:01:12:55	-27.952307	1.663672	-1.210214	-27.969961	1.649732	-1.115263	-28.082428	1.679341	-1.154770	-27.973908	1.545915	-1.206241	-28.012472	1.580619	-1.150418	-28.140010	1.518995	-1.285021	-27.890929	1.532940	-1.082263	-28.093669	1.485717	-0.912745	-27.985761	0.779149	-1.573169	-28.021052	1.433397	-0.562236	-28.089720	-0.051085	-2.032303	-28.050080	1.444036	-0.561253	-28.081732	-0.051035	-2.078883	-28.015787	1.427058	-0.565386	-28.091415	-0.070304	-2.054678	-28.182398	0.990095	-1.214188	-28.158831	0.966670	-1.279617	-27.908581	1.005700	-1.054709	-27.849578	0.965209	-1.087935	-28.210497	0.476332	-1.267561	-27.849133	0.494511	-1.049865	-28.168746	-0.050639	-1.208674	-28.154192	-0.058157	-1.270800	-27.892730	-0.052767	-1.029512	-27.871556	-0.051785	-1.074077
5240	72.787755	00:01:12:56	-27.952833	1.628057	-1.247858	-27.953889	1.659709	-1.124651	-28.026360	1.686381	-1.125483	-27.953909	1.522176	-1.196256	-28.031923	1.571931	-1.147550	-28.132309	1.545194	-1.241078	-27.876997	1.566457	-1.106479	-28.062242	1.504960	-0.918133	-27.959055	0.740982	-1.563345	-28.026064	1.450659	-0.565131	-28.117667	-0.034371	-2.049203	-28.022305	1.443318	-0.578937	-28.104695	-0.049625	-2.064351	-28.033260	1.435055	-0.534659	-28.106704	-0.040434	-2.050536	-28.184500	0.968478	-1.226250	-28.160462	0.948174	-1.297768	-27.863801	0.935384	-1.055401	-27.835962	0.952117	-1.099623	-28.153673	0.457612	-1.243961	-27.847523	0.445485	-1.042053	-28.182492	-0.047744	-1.192654	-28.144022	-0.065300	-1.255609	-27.856003	-0.045459	-1.051578	-27.848854	-0.051490	-1.047139
5241	72.801649	00:01:12:57	-27.972318	1.617131	-1.274158	-27.961304	1.653650	-1.103129	-28.080237	1.644761	-1.161289	-28.025600	1.561137	-1.206947	-28.007498	1.541261	-1.158261	-28.128680	1.538711	-1.283699	-27.874998	1.521683	-1.104970	-28.074132	1.501981	-0.929607	-27.976113	0.731386	-1.587089	-28.055211	1.430976	-0.555255	-28.092354	-0.030244	-2.050539	-28.039799	1.421649	-0.568825	-28.094206	-0.023559	-2.082229	-28.036785	1.476753	-0.580237	-28.107020	-0.035573	-2.070372	-28.173410	0.972613	-1.227109	-28.123231	0.927281	-1.253888	-27.873686	0.978514	-1.041501	-27.857144	0.988024	-1.071957	-28.180101	0.427310	-1.247932	-27.875739	0.445438	-1.058280	-28.187792	-0.051004	-1.221407	-28.186242	-0.048362	-1.233627	-27.900540	-0.015030	-1.047308	-27.826262	-0.039906	-1.058269
5242	72.815542	00:01:12:58	-27.975405	1.622664	-1.239312	-27.989184	1.646975	-1.118348	-28.079008	1.672592	-1.157684	-27.985269	1.557216	-1.143404	-27.990753	1.547676	-1.127240	-28.103797	1.564046	-1.292217	-27.874669	1.539794	-1.060469	-28.059516	1.473943	-0.895813	-28.029620	0.741621	-1.572752	-28.003818	1.430769	-0.552225	-28.086157	-0.020755	-2.103734	-28.017421	1.453651	-0.563145	-28.122881	-0.036409	-2.038944	-28.041230	1.429913	-0.517793	-28.078224	-0.016378	-2.046109	-28.168275	0.959633	-1.237229	-28.143743	0.973589	-1.294641	-27.868352	0.970880	-1.031618	-27.843089	0.937164	-1.103863	-28.132117	0.451721	-1.233324	-27.862874	0.450889	-1.063499	-28.171269	-0.034993	-1.212035	-28.152022	-0.073984	-1.289046	-27.868859	-0.065301	-1.030459	-27.839926	-0.030254	-1.058830
5243	72.829436	00:01:12:59	-27.988122	1.623982	-1.227561	-27.967126	1.677591	-1.097779	-28.085720	1.683790	-1.169753	-27.999740	1.518424	-1.203132	-28.006357	1.563314	-1.125221	-28.120720	1.534972	-1.268732	-27.884259	1.557417	-1.101826	-28.071274	1.489097	-0.916763	-28.007420	0.774608	-1.584449	-28.050337	1.429747	-0.564066	-28.066643	-0.096473	-2.047529	-28.054072	1.460458	-0.558087	-28.094400	-0.033481	-2.063849	-28.019908	1.459763	-0.544709	-28.084846	-0.036649	-2.048159	-28.184216	0.959214	-1.244293	-28.167208	0.920184	-1.278496	-27.885556	0.998653	-1.015755	-27.834679	0.944775	-1.083467	-28.173785	0.489093	-1.223034	-27.846956	0.489446	-1.050078	-28.182432	-0.035156	-1.200409	-28.132698	-0.052064	-1.265506	-27.884408	-0.037320	-1.027696	-27.847547	-0.063526	-1.060880
5244	72.843329	00:01:12:60	-27.919742	1.628158	-1.234001	-27.953463	1.681524	-1.105058	-28.107667	1.682021	-1.159484	-27.995806	1.555979	-1.181527	-28.029411	1.551217	-1.141259	-28.090397	1.525202	-1.220106	-27.846182	1.547549	-1.095233	-28.099760	1.482158	-0.883040	-28.028499	0.740738	-1.557691	-28.040790	1.398543	-0.552760	-28.116017	-0.071797	-2.046882	-28.029321	1.436918	-0.577322	-28.107517	-0.007909	-2.072766	-28.050879	1.460179	-0.555694	-28.090260	-0.076256	-2.077678	-28.148358	0.982775	-1.241600	-28.134535	0.964596	-1.293986	-27.884941	0.967509	-1.053734	-27.869231	0.963351	-1.084181	-28.129177	0.455448	-1.255590	-27.862204	0.446409	-1.054620	-28.191983	-0.063082	-1.192828	-28.153684	-0.073756	-1.265016	-27.893514	-0.009951	-1.010493	-27.833138	-0.059347	-1.058693
5245	72.857222	00:01:12:61	-27.985244	1.645599	-1.215517	-27.971453	1.681202	-1.115315	-28.073762	1.667717	-1.163040	-28.000246	1.578298	-1.214677	-28.011697	1.564541	-1.136093	-28.143960	1.545816	-1.247613	-27.869823	1.583544	-1.080746	-28.097685	1.493351	-0.894454	-27.993327	0.737369	-1.574804	-28.071447	1.448891	-0.549694	-28.092364	-0.054208	-2.062096	-28.019407	1.424525	-0.528100	-28.107770	-0.045286	-2.055244	-28.013834	1.421256	-0.558649	-28.111541	-0.034150	-2.088342	-28.197209	0.978343	-1.187525	-28.157885	0.968892	-1.250544	-27.862032	0.968500	-1.029455	-27.840710	0.987478	-1.097872	-28.159516	0.483619	-1.255664	-27.834868	0.450622	-1.052856	-28.169560	-0.023580	-1.228844	-28.129432	-0.077621	-1.247525	-27.880764	-0.068677	-1.048281	-27.852357	-0.080047	-1.083701
5246	72.871116	00:01:12:62	-27.935961	1.631348	-1.254208	-28.002572	1.693865	-1.088510	-28.116995	1.648709	-1.184415	-28.013825	1.526095	-1.190279	-28.025290	1.554270	-1.146484	-28.097151	1.552318	-1.277302	-27.874059	1.545135	-1.065282	-28.069203	1.468066	-0.891915	-27.973017	0.723100	-1.592333	-28.042069	1.407640	-0.540749	-28.084217	-0.031144	-2.072531	-28.040167	1.468777	-0.574910	-28.102325	-0.041414	-2.061524	-28.038852	1.415412	-0.538414	-28.111449	-0.024827	-2.019168	-28.206575	0.980138	-1.210686	-28.139027	0.989353	-1.264961	-27.889674	0.986651	-1.056739	-27.847505	0.971277	-1.050464	-28.137617	0.417145	-1.243972	-27.854711	0.419220	-1.056445	-28.162170	-0.044346	-1.218811	-28.105320	-0.042223	-1.255930	-27.872871	-0.053864	-1.026669	-27.814341	-0.093199	-1.104155
5247	72.885009	00:01:12:63	-27.979024	1.627575	-1.289680	-27.992039	1.679751	-1.093899	-28.074376	1.631331	-1.177779	-28.023390	1.542875	-1.156009	-28.014602	1.563722	-1.138671	-28.140996	1.537528	-1.246228	-27.879926	1.544315	-1.094466	-28.089630	1.476472	-0.874929	-27.987761	0.766395	-1.586193	-28.035406	1.431889	-0.572850	-28.081958	-0.051194	-2.069115	-28.066835	1.423060	-0.553472	-28.098132	-0.042322	-2.021156	-28.014866	1.422419	-0.540902	-28.097196	-0.024803	-2.052757	-28.193004	0.975251	-1.244241	-28.139802	0.965155	-1.284804	-27.871028	0.984786	-1.064628	-27.830772	0.947560	-1.074718	-28.176640	0.419268	-1.260165	-27.869866	0.451820	-1.050493	-28.149796	-0.095647	-1.236887	-28.127265	-0.044673	-1.220489	-27.883570	-0.032744	-1.012510	-27.836413	-0.050657	-1.091746
5248	72.898903	00:01:12:64	-27.963498	1.684216	-1.239905	-27.965745	1.665902	-1.074988	-28.085001	1.688910	-1.180225	-27.991502	1.520892	-1.140520	-28.019975	1.549165	-1.121332	-28.142584	1.532281	-1.237096	-27.852285	1.542983	-1.105965	-28.098676	1.505309	-0.917697	-27.994203	0.748057	-1.598243	-28.008328	1.428021	-0.586903	-28.097064	-0.035552	-2.095328	-28.025135	1.425942	-0.574519	-28.100243	-0.052667	-2.052757	-28.033713	1.474530	-0.558364	-28.130875	-0.016685	-2.065841	-28.162731	0.978208	-1.214046	-28.173233	0.985913	-1.270369	-27.876829	1.001537	-1.031332	-27.856614	0.981574	-1.098238	-28.176477	0.451954	-1.260490	-27.879549	0.448304	-1.036468	-28.180895	-0.040049	-1.207888	-28.165846	-0.049190	-1.253998	-27.856396	-0.024421	-1.016201	-27.821043	-0.070881	-1.072188
5249	72.912796	00:01:12:65	-27.963547	1.632076	-1.217550	-27.990740	1.673912	-1.080074	-28.064299	1.671300	-1.149338	-28.026507	1.521692	-1.139967	-28.011923	1.512091	-1.138028	-28.140139	1.552236	-1.252546	-27.852307	1.542199	-1.097536	-28.115022	1.482836	-0.850659	-27.977084	0.746570	-1.584099	-28.042636	1.458589	-0.553580	-28.097392	-0.001013	-2.056377	-28.030474	1.426353	-0.557934	-28.060660	-0.030253	-2.039180	-28.060220	1.434738	-0.555791	-28.094636	-0.051087	-2.061721	-28.164946	0.996884	-1.229255	-28.162671	0.952404	-1.268916	-27.901272	0.983211	-1.059125	-27.833507	0.973057	-1.065939	-28.175631	0.445391	-1.252257	-27.832694	0.466541	-1.057285	-28.194789	-0.053160	-1.210927	-28.151785	-0.041248	-1.253743	-27.883582	-0.048509	-1.029925	-27.865980	-0.041437	-1.094298
5250	72.926690	00:01:12:66	-27.947549	1.662379	-1.208897	-28.013260	1.654911	-1.109045	-28.066462	1.653598	-1.181506	-27.988509	1.551162	-1.153065	-28.029061	1.544100	-1.150531	-28.121075	1.543208	-1.216545	-27.854209	1.556496	-1.093914	-28.079374	1.486817	-0.917955	-27.997727	0.736177	-1.590083	-28.053846	1.450105	-0.569115	-28.078135	-0.064230	-2.071885	-28.038428	1.433138	-0.549264	-28.072023	-0.070346	-2.084123	-28.031302	1.416329	-0.570690	-28.103624	-0.053594	-2.063675	-28.169994	0.983875	-1.252716	-28.154392	0.959518	-1.279373	-27.864065	0.935337	-1.005160	-27.848836	0.969645	-1.087788	-28.142742	0.495271	-1.232057	-27.867497	0.459767	-1.040605	-28.172678	-0.055732	-1.220363	-28.117619	-0.064995	-1.265497	-27.879760	-0.052380	-1.015078	-27.823985	-0.053347	-1.047607
5251	72.940583	00:01:12:67	-27.955629	1.633311	-1.217984	-27.959608	1.638437	-1.116273	-28.089939	1.649980	-1.152755	-27.971296	1.571686	-1.154108	-28.028265	1.564598	-1.149644	-28.112413	1.539643	-1.255545	-27.852840	1.540211	-1.114557	-28.075230	1.488201	-0.903048	-27.985811	0.745002	-1.600658	-28.074149	1.420548	-0.527268	-28.076845	-0.050260	-2.045244	-28.042482	1.443790	-0.552617	-28.075647	-0.052428	-2.050641	-28.043593	1.439405	-0.556281	-28.092376	-0.054465	-2.057301	-28.163043	0.967360	-1.221760	-28.122297	0.966149	-1.249735	-27.876096	0.990113	-1.043792	-27.868007	0.977902	-1.074607	-28.166483	0.462901	-1.244658	-27.842514	0.451894	-1.030006	-28.158475	-0.035142	-1.239912	-28.143188	-0.075202	-1.272868	-27.900292	-0.052238	-1.031080	-27.810140	-0.075839	-1.086945
5252	72.954477	00:01:12:68	-27.931725	1.638021	-1.238372	-27.985954	1.662461	-1.063837	-28.097186	1.649605	-1.162507	-27.968913	1.525157	-1.191563	-28.020020	1.531799	-1.166416	-28.111573	1.517295	-1.260723	-27.862445	1.546481	-1.095966	-28.071444	1.449423	-0.907701	-27.991259	0.717702	-1.554356	-28.033676	1.444745	-0.551762	-28.078764	-0.058303	-2.059413	-28.046582	1.430192	-0.557417	-28.117135	-0.023812	-2.059845	-28.030285	1.419066	-0.581317	-28.101252	-0.048912	-2.041120	-28.160177	0.975708	-1.237551	-28.173598	0.930650	-1.275718	-27.878348	0.979343	-1.042064	-27.841065	0.971572	-1.082094	-28.126654	0.474162	-1.259981	-27.854013	0.448683	-1.046726	-28.204020	-0.031195	-1.214090	-28.147075	-0.078159	-1.267245	-27.881808	-0.067823	-1.037257	-27.843831	-0.075062	-1.102928
5253	72.968370	00:01:12:69	-27.918016	1.658506	-1.239463	-27.985671	1.670955	-1.110189	-28.111479	1.666285	-1.174099	-28.008652	1.546026	-1.206287	-28.014351	1.525920	-1.162846	-28.113907	1.524032	-1.279483	-27.880862	1.525782	-1.060266	-28.097339	1.486631	-0.912486	-28.003216	0.768884	-1.582879	-28.027798	1.468581	-0.554208	-28.093137	-0.026835	-2.047212	-28.035193	1.407574	-0.546490	-28.082212	-0.056535	-2.040952	-28.036760	1.411333	-0.549272	-28.108249	-0.068526	-2.083517	-28.176823	0.966039	-1.222513	-28.144823	0.962833	-1.270848	-27.842010	1.005280	-1.041874	-27.841406	0.946479	-1.071109	-28.136601	0.444020	-1.252738	-27.856447	0.445334	-1.093682	-28.162578	-0.063391	-1.219105	-28.146976	-0.048491	-1.266001	-27.889810	-0.075874	-1.009382	-27.773618	-0.056465	-1.059580
5254	72.982263	00:01:12:70	-27.957867	1.674413	-1.240634	-28.006704	1.677266	-1.088936	-28.055628	1.671692	-1.178711	-28.004529	1.534625	-1.153407	-28.024737	1.547341	-1.143562	-28.124947	1.516393	-1.239127	-27.851433	1.539488	-1.095043	-28.084969	1.499539	-0.881438	-27.992853	0.740799	-1.591854	-28.026764	1.392997	-0.573343	-28.099328	-0.039293	-2.082849	-28.032633	1.459168	-0.595056	-28.087718	-0.069693	-2.055207	-28.043025	1.426186	-0.528457	-28.084351	-0.056982	-2.055827	-28.155513	0.976729	-1.233239	-28.168223	0.921430	-1.289149	-27.865704	0.963886	-1.035829	-27.871908	0.963463	-1.078599	-28.151063	0.495366	-1.225926	-27.874334	0.448672	-1.040097	-28.161723	-0.054893	-1.241004	-28.121146	-0.063545	-1.254546	-27.898399	-0.074978	-1.029080	-27.834554	-0.064923	-1.099023
5255	72.996157	00:01:12:71	-27.970918	1.667214	-1.245446	-27.952618	1.672928	-1.103983	-28.063220	1.648474	-1.150085	-27.984026	1.541464	-1.174700	-28.014525	1.530958	-1.156377	-28.117669	1.531365	-1.262031	-27.869516	1.552029	-1.064966	-28.065258	1.495959	-0.898082	-27.970889	0.766492	-1.568829	-27.995709	1.415225	-0.561565	-28.110038	-0.052680	-2.131357	-28.055703	1.411961	-0.585609	-28.079238	-0.024943	-2.073560	-28.027023	1.414732	-0.563903	-28.108348	-0.036401	-2.084842	-28.209503	0.971879	-1.245481	-28.157392	0.967726	-1.243466	-27.865783	0.943596	-1.038543	-27.834674	0.961933	-1.103094	-28.144944	0.451691	-1.222538	-27.837473	0.460889	-1.081908	-28.182099	-0.081556	-1.215401	-28.139057	-0.072442	-1.268527	-27.855006	-0.068207	-1.027437	-27.843679	-0.053231	-1.034756
5256	73.010050	00:01:13:00	-27.983421	1.636735	-1.232545	-27.985633	1.675565	-1.102241	-28.080083	1.663369	-1.145731	-27.995251	1.564077	-1.168422	-28.012758	1.539098	-1.150339	-28.150722	1.538833	-1.223372	-27.876123	1.531960	-1.098810	-28.072083	1.485609	-0.900753	-27.979020	0.759043	-1.581750	-28.058336	1.422064	-0.532813	-28.077763	-0.033656	-2.053561	-27.989466	1.439952	-0.561860	-28.096964	-0.052993	-2.065790	-28.000639	1.410904	-0.564301	-28.105800	-0.039059	-2.051024	-28.158410	0.974989	-1.221941	-28.168053	0.970338	-1.243010	-27.854504	0.948311	-1.053125	-27.811007	0.954915	-1.093197	-28.140958	0.443811	-1.272236	-27.857454	0.443623	-1.074306	-28.178122	-0.013671	-1.204351	-28.162031	-0.055136	-1.255984	-27.885046	-0.079730	-1.046778	-27.874836	-0.069415	-1.053384
5257	73.023944	00:01:13:01	-27.982719	1.683200	-1.239216	-27.978348	1.661015	-1.099679	-28.038290	1.640074	-1.147049	-28.016887	1.580848	-1.166680	-27.991803	1.523273	-1.149747	-28.125867	1.530250	-1.263905	-27.848012	1.543132	-1.113431	-28.075601	1.485264	-0.918005	-28.003278	0.753409	-1.570840	-28.007471	1.437743	-0.569545	-28.090776	-0.048571	-2.049659	-28.043692	1.433765	-0.550421	-28.089066	-0.045988	-2.074505	-28.011769	1.436945	-0.590204	-28.107702	-0.060497	-2.037387	-28.209057	0.985592	-1.231018	-28.136312	0.945949	-1.282100	-27.867057	0.993128	-1.007905	-27.863906	0.937892	-1.086301	-28.158764	0.475807	-1.248659	-27.845988	0.455794	-1.065889	-28.173223	-0.060431	-1.218465	-28.117094	-0.052045	-1.269761	-27.845386	-0.049415	-1.021811	-27.866677	-0.052677	-1.091663
5258	73.037837	00:01:13:02	-27.961922	1.643562	-1.261781	-28.001633	1.648929	-1.117999	-28.110679	1.695087	-1.155413	-28.006105	1.544266	-1.197458	-28.006327	1.550582	-1.136751	-28.123471	1.530011	-1.274646	-27.864416	1.517792	-1.086163	-28.068609	1.485370	-0.945152	-27.967860	0.733899	-1.570946	-28.063944	1.420775	-0.561297	-28.129428	-0.020538	-2.074671	-28.043471	1.446558	-0.544316	-28.120473	-0.025447	-2.080574	-28.013671	1.432998	-0.552658	-28.081059	-0.068551	-2.097733	-28.178126	0.961420	-1.238693	-28.168435	0.943816	-1.307122	-27.890342	0.968073	-1.028725	-27.846633	0.989121	-1.081203	-28.172409	0.434786	-1.242683	-27.863803	0.443126	-1.013025	-28.174052	-0.056103	-1.190806	-28.151256	-0.082199	-1.293823	-27.910994	-0.076408	-1.004464	-27.862098	-0.054033	-1.079286
5259	73.051731	00:01:13:03	-27.950207	1.642072	-1.211500	-27.971226	1.669488	-1.121038	-28.095628	1.675137	-1.157912	-28.026138	1.538816	-1.162008	-28.024093	1.562280	-1.163009	-28.149280	1.550576	-1.250504	-27.867795	1.569563	-1.104268	-28.094069	1.490831	-0.892448	-27.965934	0.728086	-1.590224	-28.019226	1.437369	-0.547883	-28.112515	-0.023722	-2.089790	-28.021167	1.445452	-0.605726	-28.089530	-0.034845	-2.031364	-28.054257	1.450335	-0.539333	-28.111694	-0.085197	-2.029312	-28.157159	0.959157	-1.240018	-28.145342	0.961389	-1.270191	-27.861603	0.975454	-1.043505	-27.808876	0.962287	-1.071048	-28.173509	0.450567	-1.242901	-27.855045	0.451479	-1.066538	-28.165038	-0.040615	-1.215134	-28.140715	-0.080200	-1.271577	-27.853822	-0.012468	-1.038206	-27.835563	-0.053689	-1.090344
5260	73.065624	00:01:13:04	-27.978478	1.640337	-1.243934	-27.971899	1.651509	-1.070138	-28.080008	1.667790	-1.167749	-27.998024	1.519362	-1.209826	-28.031599	1.566132	-1.150901	-28.146158	1.554846	-1.263062	-27.870232	1.549678	-1.086638	-28.075646	1.467062	-0.936672	-27.964204	0.743194	-1.609429	-28.018981	1.421933	-0.560808	-28.113611	-0.035127	-2.073603	-28.040409	1.439760	-0.564183	-28.100247	-0.050312	-2.038195	-28.007763	1.428366	-0.575616	-28.113654	-0.034288	-2.044383	-28.179534	0.964090	-1.242357	-28.140088	0.955016	-1.287506	-27.901725	0.983159	-1.060196	-27.833184	0.951749	-1.094090	-28.158581	0.448547	-1.274877	-27.848346	0.461499	-1.055309	-28.170879	-0.022242	-1.219561	-28.136310	-0.060985	-1.250506	-27.877469	-0.073345	-1.038257	-27.828713	-0.050499	-1.070857
5261	73.079518	00:01:13:05	-27.953433	1.646374	-1.251976	-27.981932	1.648921	-1.098063	-28.066393	1.678524	-1.176910	-28.034990	1.568550	-1.179222	-27.982902	1.557416	-1.121122	-28.111058	1.561157	-1.249362	-27.876945	1.564158	-1.083842	-28.084973	1.487748	-0.918244	-27.987882	0.752419	-1.598346	-28.015431	1.413551	-0.539647	-28.107587	-0.061465	-2.080053	-28.045022	1.458637	-0.548095	-28.069758	-0.042265	-2.064457	-28.040214	1.449344	-0.560785	-28.084123	-0.018506	-2.037558	-28.195255	0.980225	-1.217426	-28.124211	0.977791	-1.266059	-27.888907	0.994339	-1.040540	-27.849207	0.939801	-1.087949	-28.152486	0.475034	-1.235934	-27.854715	0.433574	-1.036267	-28.142701	-0.077212	-1.204576	-28.128911	-0.043942	-1.254858	-27.894288	-0.051235	-1.012281	-27.840334	-0.035683	-1.064040
5262	73.093411	00:01:13:06	-27.944869	1.633504	-1.230548	-27.970719	1.653121	-1.095547	-28.076150	1.659946	-1.147723	-28.006434	1.530207	-1.223673	-28.027963	1.563261	-1.143930	-28.121121	1.534920	-1.285833	-27.853152	1.525591	-1.086000	-28.078015	1.495389	-0.884016	-27.988569	0.730063	-1.563564	-28.070628	1.447045	-0.556697	-28.080660	-0.036663	-2.030336	-28.001713	1.443331	-0.536694	-28.078034	-0.045089	-2.092683	-28.066742	1.435780	-0.578995	-28.101004	-0.037342	-2.048079	-28.174447	0.968102	-1.228251	-28.168582	0.935385	-1.284969	-27.830735	0.978004	-1.049462	-27.820261	0.961478	-1.112727	-28.161951	0.471673	-1.201999	-27.839120	0.449529	-1.045025	-28.186995	-0.026718	-1.209609	-28.146538	-0.053765	-1.233612	-27.870423	-0.077463	-1.013627	-27.822709	-0.099259	-1.056026
5263	73.107304	00:01:13:07	-27.969520	1.657008	-1.237758	-27.991331	1.643928	-1.106515	-28.076704	1.681867	-1.168729	-27.991674	1.539116	-1.179584	-28.010276	1.570154	-1.166170	-28.121637	1.518598	-1.269605	-27.899657	1.549796	-1.096007	-28.070040	1.478790	-0.875109	-27.995214	0.742010	-1.587874	-28.064061	1.430910	-0.587324	-28.079177	-0.027361	-2.050156	-28.053407	1.435576	-0.546961	-28.098156	-0.049385	-2.052383	-28.067411	1.464731	-0.556430	-28.082948	-0.050514	-2.092947	-28.168247	0.998628	-1.251043	-28.117806	0.955282	-1.269801	-27.879208	0.972000	-1.050387	-27.831714	0.936136	-1.080872	-28.135521	0.473808	-1.244339	-27.849383	0.450571	-1.061051	-28.178890	-0.083489	-1.186730	-28.158756	-0.066375	-1.267229	-27.855283	-0.036129	-0.987139	-27.850091	-0.062135	-1.081120
5264	73.121198	00:01:13:08	-27.983010	1.629001	-1.243607	-27.976917	1.661556	-1.077563	-28.093870	1.684605	-1.143742	-28.000921	1.494271	-1.194742	-28.052707	1.538805	-1.141979	-28.132261	1.569342	-1.234115	-27.829988	1.559439	-1.058613	-28.063296	1.492182	-0.910987	-27.994089	0.730878	-1.585192	-28.062425	1.437796	-0.536837	-28.115655	-0.023492	-2.063744	-28.010247	1.428530	-0.583338	-28.098861	-0.038142	-2.068502	-28.056073	1.456004	-0.570895	-28.113697	-0.027188	-2.072152	-28.185638	0.974329	-1.214934	-28.167178	0.955727	-1.269712	-27.888256	0.986546	-1.036833	-27.858033	0.956760	-1.077340	-28.164945	0.475726	-1.267338	-27.857943	0.423490	-1.061327	-28.173375	-0.050119	-1.231606	-28.134562	-0.052177	-1.259601	-27.907660	-0.059979	-0.993836	-27.843110	-0.043595	-1.092892
5265	73.135091	00:01:13:09	-27.969530	1.641833	-1.220549	-27.994109	1.668893	-1.121750	-28.064337	1.668457	-1.165986	-27.990367	1.547694	-1.181569	-28.020263	1.529996	-1.164443	-28.127205	1.548385	-1.293624	-27.856610	1.528984	-1.086890	-28.069849	1.498160	-0.906583	-27.964671	0.711565	-1.565328	-28.074235	1.446618	-0.570779	-28.098465	-0.054423	-2.067663	-28.045830	1.435603	-0.554625	-28.073482	-0.046422	-2.035231	-28.010251	1.406639	-0.562384	-28.106307	-0.026943	-2.025831	-28.173366	0.962954	-1.236801	-28.123673	0.951720	-1.269200	-27.887121	0.988519	-1.042371	-27.860484	0.992818	-1.068779	-28.137560	0.477614	-1.215359	-27.837394	0.447354	-1.043267	-28.201525	-0.043905	-1.201432	-28.163778	-0.078584	-1.260777	-27.863822	-0.068642	-1.017796	-27.855646	-0.054623	-1.067840
5266	73.148985	00:01:13:10	-27.983897	1.641659	-1.210077	-27.980195	1.669676	-1.101206	-28.072691	1.645376	-1.121956	-27.983391	1.532387	-1.203033	-28.027140	1.549048	-1.138963	-28.091328	1.515318	-1.251016	-27.873986	1.519778	-1.089635	-28.095135	1.467401	-0.907120	-27.980195	0.735264	-1.582304	-27.997237	1.423942	-0.548443	-28.097785	-0.046508	-2.080078	-28.018758	1.408861	-0.527920	-28.088333	-0.044682	-2.040770	-28.035178	1.431656	-0.541951	-28.093993	-0.061321	-2.086659	-28.196337	0.964010	-1.256876	-28.138056	0.963937	-1.267576	-27.873647	1.006689	-1.021762	-27.843718	0.973820	-1.067649	-28.134300	0.457011	-1.226280	-27.854989	0.422892	-1.051689	-28.153354	-0.061580	-1.221875	-28.150683	-0.062317	-1.239841	-27.886489	-0.067391	-1.038106	-27.849456	-0.057269	-1.087364
5267	73.162878	00:01:13:11	-27.952789	1.631844	-1.226239	-27.985252	1.658104	-1.073351	-28.075439	1.672783	-1.172175	-27.993656	1.551406	-1.163791	-28.016257	1.565856	-1.159129	-28.111173	1.570659	-1.266926	-27.876006	1.529106	-1.067461	-28.072104	1.487505	-0.940527	-27.959600	0.752494	-1.576639	-28.053229	1.439444	-0.580875	-28.101143	-0.071802	-2.095748	-28.029502	1.465381	-0.564168	-28.096531	-0.047190	-2.036043	-27.996653	1.395173	-0.528349	-28.091762	-0.048903	-2.061284	-28.165107	0.956694	-1.241048	-28.134439	1.009939	-1.308020	-27.868347	0.930598	-1.061278	-27.818827	0.968996	-1.097831	-28.157978	0.457004	-1.241477	-27.854426	0.454426	-1.049405	-28.169985	-0.031075	-1.225646	-28.136397	-0.038918	-1.283947	-27.886912	-0.043192	-1.012651	-27.817694	-0.062505	-1.046662
5268	73.176772	00:01:13:12	-27.962154	1.649022	-1.247393	-27.987672	1.643126	-1.112057	-28.077765	1.657640	-1.157499	-28.000358	1.522584	-1.195221	-28.038398	1.523541	-1.159026	-28.101059	1.543022	-1.281242	-27.873716	1.535577	-1.102109	-28.050552	1.474102	-0.906814	-27.978094	0.745693	-1.558373	-28.045019	1.456348	-0.544502	-28.064809	-0.043325	-2.019324	-28.039469	1.427479	-0.560662	-28.096339	-0.073481	-2.060689	-28.000907	1.419030	-0.546631	-28.118080	-0.032527	-2.094507	-28.180271	0.947860	-1.218409	-28.166595	0.925005	-1.284680	-27.887212	0.963953	-1.039292	-27.847887	0.966380	-1.123386	-28.146795	0.457496	-1.265085	-27.895116	0.448420	-1.068301	-28.155489	-0.028712	-1.199037	-28.130664	-0.071680	-1.273633	-27.880903	-0.040351	-1.009438	-27.821559	-0.083105	-1.073386
5269	73.190665	00:01:13:13	-27.969868	1.654618	-1.210385	-27.974826	1.656827	-1.096249	-28.075236	1.676309	-1.154668	-27.992619	1.578683	-1.168125	-28.006631	1.548539	-1.124967	-28.124298	1.527017	-1.269891	-27.859580	1.545652	-1.070365	-28.083343	1.470935	-0.919212	-27.987372	0.754311	-1.595431	-28.047110	1.426836	-0.534113	-28.098518	-0.045182	-2.065616	-28.047392	1.448893	-0.568986	-28.098525	-0.059077	-2.074125	-28.042107	1.434772	-0.539192	-28.088668	-0.097003	-2.022900	-28.182648	0.974059	-1.229889	-28.150762	0.960503	-1.297809	-27.838682	0.988107	-1.029304	-27.839646	0.972504	-1.082918	-28.160615	0.458352	-1.251199	-27.859806	0.419359	-1.049938	-28.152665	-0.057337	-1.208065	-28.130814	-0.071414	-1.265577	-27.863386	-0.065507	-1.033504	-27.865259	-0.058269	-1.072271
5270	73.204559	00:01:13:14	-27.934598	1.611443	-1.213877	-27.959423	1.635167	-1.065124	-28.055942	1.676352	-1.199533	-27.994552	1.542402	-1.177658	-28.035404	1.505821	-1.137824	-28.112362	1.513434	-1.258125	-27.884544	1.510530	-1.095643	-28.088686	1.462987	-0.901277	-27.942828	0.792503	-1.622593	-28.047254	1.428478	-0.532416	-28.083922	-0.062646	-2.070443	-28.041925	1.395632	-0.575546	-28.072568	-0.068435	-2.071495	-28.024703	1.472743	-0.557596	-28.095842	-0.044900	-2.064919	-28.159569	1.007129	-1.232398	-28.164107	0.976384	-1.273814	-27.850485	0.998585	-1.067778	-27.866152	0.951091	-1.090961	-28.185337	0.432246	-1.243129	-27.855782	0.458642	-1.039975	-28.173948	-0.071887	-1.226038	-28.146184	-0.067500	-1.264892	-27.875691	-0.083219	-1.005081	-27.832042	-0.050934	-1.080360
5271	73.218452	00:01:13:15	-27.947253	1.638751	-1.227435	-27.953157	1.644147	-1.073014	-28.098792	1.688965	-1.120089	-28.033912	1.534870	-1.176250	-28.020770	1.577963	-1.156354	-28.147182	1.542620	-1.271713	-27.902836	1.540066	-1.108966	-28.058551	1.483020	-0.908576	-27.957881	0.773497	-1.549922	-28.060633	1.413345	-0.595716	-28.095849	-0.048952	-2.058255	-28.054124	1.449047	-0.532393	-28.116735	-0.020231	-2.061494	-28.027256	1.448839	-0.534467	-28.054908	-0.038535	-2.056937	-28.205358	0.968254	-1.214544	-28.134005	0.967819	-1.276023	-27.875293	0.966056	-1.032992	-27.848459	0.934461	-1.084375	-28.137435	0.444669	-1.250287	-27.867874	0.448224	-1.025946	-28.209109	-0.059195	-1.218302	-28.107558	-0.052797	-1.258625	-27.857204	-0.050200	-1.041862	-27.829650	-0.083486	-1.068535
5272	73.232345	00:01:13:16	-27.965908	1.636979	-1.221739	-27.977814	1.693349	-1.096153	-28.089359	1.671244	-1.158157	-28.005826	1.568127	-1.177681	-28.040712	1.538188	-1.157190	-28.116182	1.523766	-1.252433	-27.877580	1.557574	-1.116797	-28.069035	1.454656	-0.913858	-27.979443	0.750318	-1.592788	-28.037579	1.432584	-0.531422	-28.102345	-0.050788	-2.061144	-28.034616	1.442985	-0.571748	-28.074712	-0.052706	-2.089527	-28.043096	1.442039	-0.548607	-28.074168	-0.038344	-2.041331	-28.161948	0.959539	-1.236879	-28.138069	0.958612	-1.280477	-27.866034	0.958521	-1.031018	-27.805709	0.956399	-1.073711	-28.138778	0.505232	-1.258666	-27.855648	0.456152	-1.040077	-28.176707	-0.036520	-1.198202	-28.151308	-0.055164	-1.263043	-27.865298	-0.057693	-1.006593	-27.851344	-0.072719	-1.046823
5273	73.246239	00:01:13:17	-27.979679	1.640263	-1.205329	-27.971048	1.658937	-1.104258	-28.075954	1.644900	-1.153814	-27.984430	1.540644	-1.181444	-28.030313	1.526776	-1.162716	-28.124521	1.524489	-1.238190	-27.877689	1.549561	-1.078560	-28.066953	1.503718	-0.898693	-27.990909	0.756733	-1.573954	-28.022940	1.426670	-0.558924	-28.105790	-0.055958	-2.077192	-28.052081	1.418750	-0.537393	-28.112339	-0.054169	-2.084517	-28.062904	1.445618	-0.567029	-28.102212	-0.051518	-2.066025	-28.203255	0.956499	-1.232472	-28.137118	0.966916	-1.249368	-27.854402	0.951775	-1.029866	-27.849640	0.973486	-1.074591	-28.145349	0.446492	-1.250820	-27.871004	0.432380	-1.043744	-28.161726	-0.053139	-1.210003	-28.160838	-0.058159	-1.261966	-27.860613	-0.069729	-1.022769	-27.810702	-0.077694	-1.051941
5274	73.260132	00:01:13:18	-27.951102	1.635624	-1.241645	-28.017820	1.667513	-1.099269	-28.050229	1.679039	-1.153624	-28.023643	1.546355	-1.174995	-28.016956	1.531843	-1.134082	-28.135507	1.562277	-1.248898	-27.866947	1.580855	-1.053014	-28.043766	1.493381	-0.914079	-28.008730	0.777961	-1.575291	-28.010655	1.446390	-0.578629	-28.114493	-0.034572	-2.099793	-28.042026	1.397961	-0.555509	-28.103623	-0.057492	-2.076273	-28.026228	1.434463	-0.577012	-28.109502	-0.070262	-2.048862	-28.158747	0.987902	-1.244585	-28.109922	0.948372	-1.283398	-27.879846	0.982452	-1.022988	-27.840931	0.944620	-1.079183	-28.137801	0.455828	-1.263658	-27.866701	0.445630	-1.067267	-28.148774	-0.067328	-1.239463	-28.141452	-0.090599	-1.258647	-27.879355	-0.020457	-1.031585	-27.841914	-0.072834	-1.048908
5275	73.274026	00:01:13:19	-27.959957	1.629602	-1.213356	-27.990718	1.647783	-1.121643	-28.055715	1.689913	-1.138122	-28.000684	1.574389	-1.166679	-28.014007	1.533482	-1.120643	-28.117289	1.513590	-1.262961	-27.875535	1.527055	-1.078500	-28.079275	1.535243	-0.915484	-27.978989	0.742527	-1.577436	-28.043648	1.426772	-0.582168	-28.073566	-0.045331	-2.088828	-28.035549	1.419327	-0.595415	-28.111793	-0.052778	-2.077182	-28.030673	1.458650	-0.557498	-28.081920	-0.056776	-2.079927	-28.168493	0.964189	-1.235283	-28.128609	0.970775	-1.280245	-27.874772	0.966156	-1.034860	-27.854495	0.949258	-1.092440	-28.180162	0.456505	-1.262188	-27.865395	0.444653	-1.053919	-28.175465	-0.058132	-1.203147	-28.149906	-0.098155	-1.249718	-27.896361	-0.032716	-1.019375	-27.854947	-0.068473	-1.067810
5276	73.287919	00:01:13:20	-27.961254	1.633148	-1.208760	-28.000323	1.641641	-1.083821	-28.080907	1.675675	-1.173068	-27.992873	1.561023	-1.194341	-27.999895	1.572141	-1.161373	-28.139645	1.542339	-1.255883	-27.902498	1.575881	-1.110058	-28.074559	1.436204	-0.877775	-27.995053	0.732535	-1.593343	-28.049919	1.452094	-0.581335	-28.093971	-0.048515	-2.067200	-28.065199	1.455108	-0.529991	-28.073679	-0.047471	-2.089289	-28.031429	1.449887	-0.574824	-28.078595	-0.031922	-2.095542	-28.194341	0.979153	-1.202902	-28.154970	0.978875	-1.311203	-27.857018	0.985360	-1.042878	-27.838371	0.992908	-1.116219	-28.143211	0.433280	-1.235862	-27.875059	0.439564	-1.059034	-28.184249	-0.072109	-1.222184	-28.131896	-0.056684	-1.261566	-27.886609	-0.032597	-0.999650	-27.819296	-0.054274	-1.038293
5277	73.301813	00:01:13:21	-27.962417	1.639349	-1.206606	-27.988884	1.667369	-1.104036	-28.061355	1.679694	-1.173576	-28.008164	1.552605	-1.178077	-28.028404	1.579530	-1.141134	-28.135199	1.573949	-1.237672	-27.839563	1.546132	-1.060532	-28.087935	1.488327	-0.867055	-27.991382	0.782631	-1.591229	-28.039686	1.440588	-0.541791	-28.081786	-0.031488	-2.064432	-28.029782	1.434512	-0.548075	-28.131322	-0.048047	-2.074516	-28.074942	1.436073	-0.550357	-28.097537	-0.035213	-2.053744	-28.196348	0.934570	-1.221135	-28.146043	0.968173	-1.302588	-27.876260	0.964691	-1.040584	-27.840169	0.945576	-1.081866	-28.158134	0.453534	-1.271061	-27.863004	0.478218	-1.065319	-28.139485	-0.042913	-1.235126	-28.139517	-0.088633	-1.235947	-27.844439	-0.024479	-1.017406	-27.816053	-0.093243	-1.086882
5278	73.315706	00:01:13:22	-27.932290	1.668013	-1.241822	-27.973997	1.648040	-1.111429	-28.026545	1.674961	-1.155915	-28.008428	1.536312	-1.165605	-28.031930	1.533874	-1.172288	-28.099678	1.539006	-1.265515	-27.886227	1.546454	-1.095422	-28.049249	1.502388	-0.925703	-28.007431	0.750722	-1.575515	-28.044145	1.467824	-0.572160	-28.096205	-0.023475	-2.060525	-28.022494	1.419556	-0.516257	-28.061794	-0.067449	-2.039565	-28.061824	1.431201	-0.534304	-28.064856	-0.054295	-2.049905	-28.192242	0.973362	-1.213376	-28.159644	0.958009	-1.294046	-27.881366	0.934001	-1.046924	-27.844591	0.978936	-1.107038	-28.134560	0.468660	-1.257926	-27.895402	0.429747	-1.037947	-28.188198	-0.038379	-1.220698	-28.159938	-0.069796	-1.291076	-27.890746	-0.066818	-1.030693	-27.867961	-0.040906	-1.070951
5279	73.329600	00:01:13:23	-27.975860	1.654863	-1.167575	-27.980921	1.662465	-1.080000	-28.094985	1.673128	-1.181556	-27.968686	1.535828	-1.178652	-28.017463	1.558163	-1.114296	-28.139795	1.558938	-1.279238	-27.859548	1.510593	-1.087236	-28.070189	1.508834	-0.901342	-27.983218	0.749414	-1.617759	-28.064339	1.420191	-0.578404	-28.062678	-0.071372	-2.078344	-28.080121	1.415477	-0.561499	-28.086810	-0.076369	-2.082512	-28.013115	1.421804	-0.590163	-28.115560	-0.061034	-2.074645	-28.159768	0.949560	-1.240552	-28.158214	0.971909	-1.303629	-27.890474	0.973827	-1.034553	-27.835250	0.960665	-1.093822	-28.154854	0.444564	-1.224333	-27.858488	0.435105	-1.076263	-28.150225	-0.065460	-1.172881	-28.147487	-0.063006	-1.280169	-27.911341	-0.065280	-1.024956	-27.879440	-0.050111	-1.053873
5280	73.343493	00:01:13:24	-27.962935	1.635222	-1.236425	-27.949858	1.668964	-1.075131	-28.101132	1.677769	-1.158638	-27.974817	1.547017	-1.185882	-28.040387	1.558979	-1.164290	-28.125180	1.550128	-1.222435	-27.839267	1.545057	-1.098247	-28.081336	1.451141	-0.889498	-27.978894	0.751633	-1.565731	-28.038711	1.457877	-0.546533	-28.066670	-0.075120	-2.068451	-28.025497	1.435423	-0.541888	-28.098502	-0.052511	-2.071195	-28.040355	1.428153	-0.538353	-28.093638	-0.037820	-2.065674	-28.172411	0.966488	-1.226284	-28.173072	0.962528	-1.297125	-27.891803	0.967276	-1.054187	-27.803420	0.958740	-1.111407	-28.137893	0.443343	-1.228234	-27.871044	0.475862	-1.048433	-28.191047	-0.039627	-1.196669	-28.180607	-0.079526	-1.249522	-27.859199	-0.067331	-0.969537	-27.832800	-0.059799	-1.070879
5281	73.357386	00:01:13:25	-27.972457	1.639477	-1.245090	-27.999974	1.662456	-1.097622	-28.102687	1.666784	-1.172421	-27.980881	1.543894	-1.142356	-28.004280	1.554331	-1.124637	-28.099085	1.520408	-1.258968	-27.863740	1.547233	-1.094454	-28.108870	1.481145	-0.895420	-27.965623	0.724454	-1.565638	-28.012909	1.401687	-0.569386	-28.089136	-0.031805	-2.079433	-28.039707	1.434447	-0.570350	-28.081708	-0.080548	-2.070274	-28.036002	1.408341	-0.601185	-28.097913	-0.060872	-2.087798	-28.180273	0.963172	-1.235717	-28.149928	0.959995	-1.299870	-27.887871	0.954011	-1.025805	-27.849294	0.952564	-1.088348	-28.155601	0.454192	-1.238485	-27.869682	0.458212	-1.053604	-28.173547	-0.045033	-1.173104	-28.135165	-0.030859	-1.250924	-27.874395	-0.059045	-1.021154	-27.832371	-0.064122	-1.090613
5282	73.371280	00:01:13:26	-27.967386	1.635318	-1.244901	-28.016335	1.679773	-1.099366	-28.083320	1.680609	-1.168368	-27.992294	1.548837	-1.180334	-28.028111	1.556872	-1.147860	-28.120464	1.542641	-1.244418	-27.872936	1.539028	-1.105958	-28.043332	1.498113	-0.916924	-27.977949	0.765312	-1.603526	-28.024756	1.395548	-0.563170	-28.106281	-0.032816	-2.047276	-27.999984	1.416953	-0.551609	-28.079806	-0.051805	-2.068374	-28.032681	1.461753	-0.548920	-28.089136	-0.045848	-2.030717	-28.141940	0.987498	-1.260406	-28.163805	0.928136	-1.284429	-27.876932	0.967338	-1.007534	-27.837894	0.954882	-1.090716	-28.143458	0.409311	-1.227173	-27.812907	0.430532	-1.048482	-28.170752	-0.041129	-1.200258	-28.155282	-0.054259	-1.258191	-27.917687	-0.038581	-1.012803	-27.830076	-0.074331	-1.090478
5283	73.385173	00:01:13:27	-27.973778	1.640620	-1.231700	-27.986346	1.673594	-1.098118	-28.082382	1.645474	-1.142941	-27.999444	1.527496	-1.163586	-28.030118	1.553580	-1.150457	-28.100292	1.556095	-1.240393	-27.902830	1.515790	-1.078180	-28.049762	1.487911	-0.876748	-28.005180	0.755993	-1.599624	-28.055261	1.407052	-0.545586	-28.092291	-0.066072	-2.080093	-28.036397	1.459830	-0.576156	-28.099613	-0.058492	-2.051976	-28.041759	1.443649	-0.516472	-28.088793	-0.061449	-2.070655	-28.180144	0.986340	-1.222632	-28.181963	0.957650	-1.276994	-27.849539	0.988592	-1.055379	-27.856513	0.934886	-1.094032	-28.173859	0.483446	-1.233633	-27.889540	0.429098	-1.064717	-28.163434	-0.026017	-1.201934	-28.152042	-0.076797	-1.264942	-27.833784	-0.025205	-1.058056	-27.840314	-0.075885	-1.090342
5284	73.399067	00:01:13:28	-27.953868	1.647205	-1.251532	-27.987518	1.610211	-1.108731	-28.063928	1.677640	-1.174795	-27.974159	1.577166	-1.166490	-28.053873	1.597733	-1.129482	-28.153115	1.564188	-1.260065	-27.886914	1.545390	-1.105552	-28.090401	1.499217	-0.914230	-27.957261	0.742148	-1.558707	-28.045410	1.413748	-0.514954	-28.094217	-0.028051	-2.074180	-28.048687	1.417778	-0.564953	-28.100753	-0.038504	-2.048750	-28.008588	1.435710	-0.549845	-28.098460	-0.027104	-2.083344	-28.192763	0.971346	-1.215764	-28.154586	0.962759	-1.291844	-27.867738	0.975957	-1.031006	-27.870791	0.943433	-1.098150	-28.170765	0.425705	-1.236255	-27.838634	0.453965	-1.067523	-28.183535	-0.063881	-1.211406	-28.127094	-0.063021	-1.270689	-27.853771	-0.037702	-0.980911	-27.849953	-0.030723	-1.094978
5285	73.412960	00:01:13:29	-27.960657	1.645353	-1.220391	-27.987597	1.672296	-1.111555	-28.050494	1.656338	-1.129327	-28.000545	1.537917	-1.197908	-27.992508	1.540686	-1.152123	-28.109398	1.514420	-1.229533	-27.859911	1.524084	-1.104111	-28.063140	1.502305	-0.887952	-27.981121	0.754774	-1.544406	-28.042844	1.434034	-0.550820	-28.115225	-0.049699	-2.051503	-28.015896	1.434899	-0.563058	-28.072710	-0.068961	-2.090243	-28.056896	1.426934	-0.550497	-28.100043	-0.041031	-2.059884	-28.173317	0.944066	-1.201711	-28.124680	0.975096	-1.283802	-27.855259	0.972671	-1.028693	-27.852621	0.965639	-1.093353	-28.156794	0.460826	-1.234912	-27.849103	0.438093	-1.052174	-28.166426	-0.028870	-1.202945	-28.128169	-0.054795	-1.271053	-27.845443	-0.093085	-1.030692	-27.830086	-0.069360	-1.075724
5286	73.426854	00:01:13:30	-27.946214	1.639517	-1.224210	-27.967274	1.659079	-1.073660	-28.088266	1.668977	-1.175228	-28.004363	1.519795	-1.174863	-28.022975	1.537476	-1.126456	-28.102691	1.541614	-1.256161	-27.824537	1.559482	-1.106605	-28.078837	1.513279	-0.904648	-27.988969	0.712191	-1.600368	-28.025103	1.461244	-0.561131	-28.082473	-0.071935	-2.046179	-28.034852	1.443198	-0.561725	-28.091428	-0.031466	-2.084794	-28.025006	1.412530	-0.594447	-28.107783	-0.017370	-2.065890	-28.144248	0.955758	-1.219173	-28.151660	0.936036	-1.269310	-27.890842	0.987894	-1.036373	-27.834558	0.938808	-1.103645	-28.205685	0.444401	-1.248676	-27.877857	0.453465	-1.025668	-28.195489	-0.045231	-1.211013	-28.133977	-0.069854	-1.228229	-27.863666	-0.037588	-1.023285	-27.850844	-0.062540	-1.095086
5287	73.440747	00:01:13:31	-27.941916	1.646934	-1.238638	-27.981965	1.709804	-1.100681	-28.089732	1.682083	-1.160377	-28.027324	1.567975	-1.194473	-28.029498	1.557699	-1.148859	-28.114311	1.542079	-1.281573	-27.833785	1.571430	-1.105813	-28.110288	1.479835	-0.917932	-28.009849	0.753839	-1.596505	-28.027530	1.457190	-0.555459	-28.087658	-0.035367	-2.088055	-28.042357	1.421075	-0.563715	-28.114800	-0.059996	-2.034238	-28.026463	1.395657	-0.524440	-28.109868	-0.076589	-2.040467	-28.193153	0.980833	-1.257783	-28.157885	0.981367	-1.250476	-27.859605	0.958059	-1.029704	-27.848080	0.985838	-1.080543	-28.170456	0.456671	-1.265149	-27.847399	0.460172	-1.060941	-28.181878	-0.041759	-1.187135	-28.141725	-0.035291	-1.260131	-27.870202	-0.044612	-1.031226	-27.822827	-0.070659	-1.086179
5288	73.454641	00:01:13:32	-27.967349	1.644585	-1.228923	-27.970908	1.659383	-1.090082	-28.055630	1.680265	-1.160264	-28.029957	1.531888	-1.158481	-27.993093	1.554645	-1.135728	-28.114969	1.546425	-1.243387	-27.858379	1.544012	-1.098983	-28.088585	1.500875	-0.922878	-27.989108	0.739650	-1.563340	-28.052112	1.431039	-0.550207	-28.106139	-0.057803	-2.046477	-28.018527	1.434811	-0.549320	-28.096939	-0.055718	-2.053812	-28.021041	1.434128	-0.532415	-28.090104	-0.060019	-2.073750	-28.162909	0.975629	-1.231147	-28.139347	0.959974	-1.284270	-27.851936	0.991623	-1.020757	-27.845743	0.944086	-1.109526	-28.150292	0.455107	-1.241085	-27.853370	0.431887	-1.051100	-28.190263	-0.074336	-1.234725	-28.147553	-0.068797	-1.266528	-27.883747	-0.053718	-0.998539	-27.825882	-0.047010	-1.066010
5289	73.468534	00:01:13:33	-27.969969	1.645509	-1.242627	-27.995751	1.689790	-1.118146	-28.106998	1.633015	-1.168079	-28.021246	1.554772	-1.168255	-28.017573	1.548972	-1.140589	-28.118767	1.569621	-1.261777	-27.860070	1.538256	-1.068406	-28.085269	1.526712	-0.903873	-27.957207	0.721577	-1.580586	-28.039948	1.450094	-0.558730	-28.081884	-0.058207	-2.073069	-28.014759	1.433994	-0.524069	-28.102061	-0.038366	-2.070334	-28.030177	1.442499	-0.553571	-28.104022	-0.047270	-2.045184	-28.176652	0.959056	-1.233922	-28.123193	0.958563	-1.292571	-27.832049	0.982819	-1.057465	-27.860579	0.980362	-1.076965	-28.174939	0.436173	-1.214922	-27.890068	0.460016	-1.041482	-28.179262	-0.030744	-1.197142	-28.150142	-0.071526	-1.252916	-27.860208	-0.049700	-1.052048	-27.850431	-0.043511	-1.104121
5290	73.482427	00:01:13:34	-27.938128	1.664901	-1.228172	-28.011010	1.655172	-1.086606	-28.064947	1.672699	-1.168455	-27.988752	1.531508	-1.161702	-28.032739	1.565034	-1.143034	-28.113180	1.557383	-1.260790	-27.871654	1.566994	-1.109690	-28.083871	1.505709	-0.952997	-27.976943	0.752196	-1.568342	-28.023504	1.456115	-0.522101	-28.110653	-0.040001	-2.073193	-28.055612	1.408013	-0.567657	-28.072770	-0.057671	-2.070702	-28.027784	1.405985	-0.536255	-28.094049	-0.041410	-2.087663	-28.177075	0.931075	-1.244829	-28.168097	0.980741	-1.277712	-27.887292	0.986186	-1.023013	-27.831598	0.960183	-1.076070	-28.144542	0.446660	-1.255507	-27.857766	0.424764	-1.030354	-28.151560	-0.034746	-1.201281	-28.134451	-0.036699	-1.239592	-27.856751	-0.040789	-1.017357	-27.865596	-0.098604	-1.071866
5291	73.496321	00:01:13:35	-27.972696	1.683494	-1.252308	-27.959989	1.680988	-1.108189	-28.077329	1.671344	-1.146627	-28.003335	1.571374	-1.170320	-28.046818	1.530897	-1.130127	-28.119901	1.569940	-1.210816	-27.886785	1.513956	-1.088202	-28.071340	1.464359	-0.900855	-27.948359	0.730874	-1.583052	-28.048297	1.425892	-0.557021	-28.069841	-0.053733	-2.053813	-28.047710	1.429486	-0.540208	-28.083035	-0.053919	-2.057978	-28.068764	1.448774	-0.594782	-28.094383	-0.039795	-2.041090	-28.161543	0.950511	-1.264990	-28.156835	0.949395	-1.273717	-27.842135	0.951108	-1.045859	-27.824661	0.972162	-1.078261	-28.165386	0.444060	-1.278722	-27.847854	0.434953	-1.070512	-28.186174	-0.024669	-1.160207	-28.151432	-0.070998	-1.263881	-27.875630	-0.041005	-1.023949	-27.862127	-0.077194	-1.102198
5292	73.510214	00:01:13:36	-27.956039	1.641810	-1.233842	-27.969601	1.649393	-1.085447	-28.071962	1.661368	-1.154597	-28.008431	1.529508	-1.160882	-28.018240	1.569341	-1.128225	-28.111719	1.547493	-1.265717	-27.885783	1.540220	-1.067624	-28.078179	1.488090	-0.896575	-27.963319	0.739044	-1.590858	-28.030832	1.456270	-0.560574	-28.105335	-0.030661	-2.088854	-28.031917	1.429100	-0.540340	-28.109486	-0.024347	-2.055430	-28.033961	1.435510	-0.561313	-28.094247	-0.054045	-2.068110	-28.169379	0.962066	-1.212190	-28.147168	0.972724	-1.297513	-27.895316	0.952120	-1.059484	-27.844313	0.941526	-1.096725	-28.167710	0.444483	-1.243160	-27.837978	0.466896	-1.025090	-28.179788	-0.043606	-1.205332	-28.164539	-0.061121	-1.270754	-27.907473	-0.080933	-0.997159	-27.842005	-0.058775	-1.072627
5293	73.524108	00:01:13:37	-27.973659	1.637795	-1.202216	-27.983174	1.662014	-1.116131	-28.095064	1.691177	-1.148741	-27.995578	1.556035	-1.181935	-28.007983	1.534208	-1.130752	-28.132147	1.553698	-1.267365	-27.869011	1.554956	-1.092215	-28.065739	1.484741	-0.904485	-27.989532	0.778227	-1.635699	-28.056173	1.447225	-0.548861	-28.082584	-0.052186	-2.056736	-28.029327	1.427280	-0.557812	-28.094397	-0.046927	-2.052296	-28.037951	1.447662	-0.575923	-28.083004	-0.058430	-2.052861	-28.169578	0.965724	-1.270044	-28.125062	0.965153	-1.326208	-27.875279	0.994015	-1.056955	-27.855587	0.955520	-1.111925	-28.142083	0.427716	-1.252536	-27.844240	0.444976	-1.042038	-28.161817	-0.047982	-1.248015	-28.140112	-0.049200	-1.254313	-27.884719	-0.029621	-0.980198	-27.830269	-0.041947	-1.062915
5294	73.538001	00:01:13:38	-27.961308	1.646071	-1.221059	-27.980228	1.644431	-1.102658	-28.062786	1.632350	-1.179739	-27.981379	1.576120	-1.163984	-27.980432	1.528310	-1.116909	-28.137335	1.549696	-1.248131	-27.856176	1.540660	-1.115633	-28.069904	1.475113	-0.888469	-27.933660	0.755946	-1.578084	-28.019074	1.440918	-0.562533	-28.121460	-0.051392	-2.069244	-28.034451	1.411227	-0.579660	-28.090313	-0.044846	-2.051318	-28.069469	1.403449	-0.544098	-28.099146	-0.045146	-2.047317	-28.191167	0.964059	-1.226169	-28.142711	0.965517	-1.304973	-27.873788	0.952974	-1.062071	-27.844708	0.975464	-1.103652	-28.138709	0.444815	-1.268036	-27.852440	0.469546	-1.080266	-28.190483	-0.056649	-1.189111	-28.161063	-0.040226	-1.273519	-27.868716	-0.057568	-1.025660	-27.865224	-0.047040	-1.059263
5295	73.551895	00:01:13:39	-27.938220	1.652710	-1.250564	-27.988839	1.673314	-1.108399	-28.089868	1.692325	-1.155894	-28.004395	1.540600	-1.194868	-28.035951	1.573049	-1.170167	-28.170383	1.552636	-1.230309	-27.854659	1.539035	-1.114296	-28.068401	1.494372	-0.883165	-27.982747	0.732706	-1.609110	-28.037403	1.446715	-0.570035	-28.111814	-0.039036	-2.083583	-28.060125	1.404938	-0.534037	-28.114600	-0.022547	-2.077213	-28.013070	1.415537	-0.577040	-28.088820	-0.053764	-2.083279	-28.203844	0.974039	-1.237350	-28.134017	0.953866	-1.295361	-27.883579	0.969764	-1.048583	-27.843035	0.955861	-1.057698	-28.142916	0.455873	-1.238884	-27.843159	0.427088	-1.090587	-28.177303	-0.058495	-1.216831	-28.150502	-0.059287	-1.269842	-27.854942	-0.048304	-1.003410	-27.872056	-0.045874	-1.060084
5296	73.565788	00:01:13:40	-27.984340	1.633387	-1.225470	-27.976981	1.664723	-1.098790	-28.069739	1.648968	-1.172066	-28.000572	1.541450	-1.170334	-28.017483	1.544890	-1.146938	-28.101212	1.556233	-1.268804	-27.863769	1.543370	-1.113781	-28.061552	1.509233	-0.902116	-27.981233	0.738047	-1.555669	-28.019114	1.399705	-0.583701	-28.118296	-0.042109	-2.092024	-28.023329	1.447802	-0.570784	-28.085373	-0.065010	-2.043735	-28.037806	1.467520	-0.565361	-28.072315	-0.055790	-2.071770	-28.159745	0.949932	-1.205797	-28.171964	0.977005	-1.300478	-27.875759	0.960075	-1.048947	-27.848306	0.953629	-1.086688	-28.151489	0.419676	-1.226171	-27.858165	0.453696	-1.019533	-28.193938	-0.041616	-1.193645	-28.153512	-0.103464	-1.269536	-27.914632	-0.076137	-1.009316	-27.878694	-0.058170	-1.073679
5297	73.579682	00:01:13:41	-28.004549	1.641722	-1.234488	-28.001015	1.677298	-1.101107	-28.061141	1.656832	-1.194478	-28.015337	1.550656	-1.167442	-28.008314	1.521490	-1.162320	-28.125233	1.563095	-1.251118	-27.900382	1.538975	-1.091095	-28.054337	1.478425	-0.911249	-27.983644	0.749972	-1.604630	-28.025060	1.410919	-0.540521	-28.101659	-0.018024	-2.071904	-28.057107	1.443704	-0.541863	-28.091938	-0.036585	-2.037263	-28.010066	1.447971	-0.574296	-28.097821	-0.053312	-2.061894	-28.189895	0.983008	-1.246983	-28.166767	0.950369	-1.276138	-27.842020	0.973643	-1.058292	-27.840023	0.960794	-1.098411	-28.170110	0.446221	-1.221591	-27.855065	0.441945	-1.043535	-28.169691	-0.070340	-1.209249	-28.116913	-0.054483	-1.264304	-27.915124	-0.006208	-1.072896	-27.835180	-0.031336	-1.053017
5298	73.593575	00:01:13:42	-27.918124	1.630232	-1.207986	-27.979784	1.609105	-1.091711	-28.071691	1.640279	-1.145823	-27.994540	1.553532	-1.168281	-28.020252	1.549445	-1.157827	-28.157809	1.545106	-1.262167	-27.855224	1.546304	-1.098169	-28.086209	1.470857	-0.926033	-27.994445	0.752948	-1.581975	-28.023491	1.435082	-0.539202	-28.050296	-0.069708	-2.053724	-28.034576	1.410429	-0.532230	-28.082441	-0.059542	-2.050271	-28.025738	1.440177	-0.567002	-28.077294	-0.052193	-2.072308	-28.166269	0.975150	-1.247455	-28.136481	0.944277	-1.264075	-27.884012	0.992114	-1.033557	-27.859075	0.972510	-1.106043	-28.151422	0.454787	-1.259555	-27.886110	0.457557	-1.020658	-28.153792	-0.049243	-1.212485	-28.143043	-0.079643	-1.250414	-27.866116	-0.043635	-1.013463	-27.839088	-0.073063	-1.046567
5299	73.607468	00:01:13:43	-27.961088	1.646713	-1.226717	-27.983054	1.660438	-1.119890	-28.081116	1.663726	-1.172629	-28.008864	1.552644	-1.191622	-28.002280	1.545319	-1.122660	-28.131991	1.543407	-1.250666	-27.868200	1.572464	-1.097797	-28.074556	1.471179	-0.892382	-27.993558	0.784605	-1.591614	-28.007024	1.438069	-0.574350	-28.094234	-0.046699	-2.025015	-28.013143	1.412864	-0.568155	-28.071473	-0.043977	-2.043099	-28.009595	1.432172	-0.562378	-28.090275	-0.004791	-2.082012	-28.190826	0.963169	-1.253186	-28.179330	0.950952	-1.256859	-27.841744	0.961754	-1.036131	-27.843123	0.954182	-1.089841	-28.149708	0.460727	-1.209657	-27.832165	0.452437	-1.070209	-28.188310	-0.056870	-1.222085	-28.110403	-0.057367	-1.245926	-27.876513	-0.086935	-0.996508	-27.828927	-0.085037	-1.073295
5300	73.621362	00:01:13:44	-27.953343	1.666713	-1.257063	-27.975934	1.674828	-1.082872	-28.072148	1.674834	-1.146685	-27.995605	1.543083	-1.177209	-28.011874	1.553463	-1.138435	-28.125098	1.561711	-1.244007	-27.858912	1.527426	-1.096222	-28.067083	1.499135	-0.922646	-27.996004	0.757072	-1.587543	-28.038439	1.473962	-0.574178	-28.103774	-0.052016	-2.095345	-28.025751	1.414939	-0.554535	-28.064277	-0.060694	-2.085925	-28.029948	1.429905	-0.543321	-28.126453	-0.053713	-2.061560	-28.159500	0.989990	-1.215462	-28.109315	0.964545	-1.265305	-27.881473	0.956120	-1.011970	-27.825768	0.941593	-1.093109	-28.161643	0.442941	-1.219295	-27.882060	0.461248	-1.060916	-28.151412	-0.034807	-1.224018	-28.147847	-0.055278	-1.246399	-27.871329	-0.050894	-1.012859	-27.861616	-0.058385	-1.067150
5301	73.635255	00:01:13:45	-27.958027	1.640970	-1.226604	-27.954811	1.664124	-1.093536	-28.090976	1.666813	-1.173532	-27.972341	1.561650	-1.170225	-28.021765	1.553856	-1.151995	-28.113181	1.573908	-1.250414	-27.866169	1.533211	-1.090425	-28.068765	1.493732	-0.916598	-27.975777	0.735867	-1.616762	-28.013878	1.463868	-0.554101	-28.102613	-0.026798	-2.082560	-28.035334	1.451942	-0.573144	-28.102169	-0.049890	-2.066093	-28.049930	1.392641	-0.585838	-28.105876	-0.019026	-2.047769	-28.154803	0.999472	-1.177349	-28.166677	0.986282	-1.275445	-27.883627	0.950531	-1.064146	-27.826353	0.973024	-1.094030	-28.171407	0.455625	-1.229916	-27.867329	0.444248	-1.094454	-28.188835	-0.047663	-1.210137	-28.135681	-0.041651	-1.248610	-27.859428	-0.076732	-1.024029	-27.852899	-0.071076	-1.057773
5302	73.649149	00:01:13:46	-27.944162	1.651503	-1.245878	-27.973592	1.662072	-1.102492	-28.075139	1.667352	-1.165105	-28.019658	1.535734	-1.185168	-28.017989	1.523551	-1.131352	-28.136145	1.523633	-1.228243	-27.867600	1.530951	-1.082028	-28.077972	1.484437	-0.909302	-27.972094	0.734686	-1.544603	-28.063673	1.449751	-0.584621	-28.104963	-0.069245	-2.063253	-28.044929	1.409247	-0.538725	-28.106350	-0.082976	-2.023675	-28.037148	1.445468	-0.582136	-28.097864	-0.053855	-2.061169	-28.213427	0.961929	-1.241960	-28.165165	0.956889	-1.294792	-27.906297	0.956561	-1.003721	-27.828962	0.961117	-1.095678	-28.136490	0.460944	-1.249958	-27.828588	0.460779	-1.043535	-28.202597	-0.034172	-1.198459	-28.139330	-0.094956	-1.258965	-27.899328	-0.044940	-1.006287	-27.805353	-0.086292	-1.066768
5303	73.663042	00:01:13:47	-27.956567	1.666237	-1.207620	-27.976970	1.646026	-1.110556	-28.059565	1.657570	-1.129733	-27.988158	1.540476	-1.203461	-28.042098	1.557115	-1.154620	-28.119447	1.519789	-1.275326	-27.874993	1.546042	-1.073309	-28.095706	1.482569	-0.910345	-27.985679	0.760745	-1.611690	-28.045292	1.437273	-0.551800	-28.115478	-0.037309	-2.082677	-28.016490	1.431967	-0.555699	-28.133966	-0.037564	-2.046319	-28.057240	1.467965	-0.572837	-28.091756	-0.049281	-2.054511	-28.185466	0.972452	-1.209782	-28.127313	0.965389	-1.303745	-27.878923	0.977383	-1.048438	-27.833467	0.967552	-1.092382	-28.147763	0.417521	-1.243650	-27.887319	0.458434	-1.077843	-28.187968	-0.018512	-1.228855	-28.141990	-0.045903	-1.235587	-27.905081	-0.060159	-1.020920	-27.848995	-0.078091	-1.081501
5304	73.676936	00:01:13:48	-27.967391	1.638997	-1.223453	-27.970071	1.662041	-1.083440	-28.078336	1.664136	-1.134191	-27.967619	1.538446	-1.182795	-28.004235	1.532450	-1.125597	-28.106047	1.544764	-1.272694	-27.834559	1.544578	-1.079810	-28.035770	1.502329	-0.927287	-27.996041	0.731366	-1.555357	-28.018991	1.403933	-0.590726	-28.099432	-0.047879	-2.065508	-28.051110	1.432681	-0.513160	-28.087124	-0.038049	-2.052781	-28.047366	1.443478	-0.520566	-28.074053	-0.064730	-2.071907	-28.125622	0.978211	-1.248240	-28.189189	0.906121	-1.254749	-27.887407	0.977470	-1.053907	-27.887797	0.957781	-1.069938	-28.161223	0.446676	-1.216921	-27.854261	0.428532	-1.033819	-28.193213	-0.072279	-1.234428	-28.131107	-0.031980	-1.270178	-27.884812	-0.048447	-1.030997	-27.876730	-0.076093	-1.058804
5305	73.690829	00:01:13:49	-28.002035	1.646299	-1.221859	-27.947031	1.631301	-1.088698	-28.088906	1.648344	-1.195012	-28.059236	1.559925	-1.169527	-28.022596	1.562685	-1.143267	-28.114416	1.525779	-1.263645	-27.902269	1.542735	-1.110848	-28.104046	1.510929	-0.915796	-27.981114	0.728733	-1.582449	-28.033214	1.427628	-0.560130	-28.067650	-0.039530	-2.018298	-28.056476	1.401945	-0.537527	-28.110438	-0.029834	-2.071234	-28.061540	1.433040	-0.555356	-28.130218	-0.061306	-2.076336	-28.176831	0.980742	-1.219722	-28.102429	0.954109	-1.273240	-27.884024	1.001019	-1.038918	-27.834978	0.974783	-1.092234	-28.164633	0.437983	-1.238835	-27.850945	0.437242	-1.054596	-28.194132	-0.014557	-1.218967	-28.144996	-0.059393	-1.237348	-27.873249	-0.064874	-1.020005	-27.855206	-0.066366	-1.058309
5306	73.704723	00:01:13:50	-27.979882	1.660018	-1.221334	-27.987664	1.695795	-1.076895	-28.126317	1.650993	-1.154862	-27.998493	1.565430	-1.179546	-28.026449	1.551617	-1.147221	-28.119879	1.514229	-1.255146	-27.865424	1.533878	-1.109298	-28.058427	1.520371	-0.924075	-28.003683	0.730348	-1.546627	-28.036128	1.434503	-0.569468	-28.081120	-0.060567	-2.063967	-28.037934	1.444913	-0.604825	-28.119939	-0.050475	-2.066831	-28.027230	1.440869	-0.562289	-28.090259	-0.050085	-2.068250	-28.205854	0.980652	-1.231093	-28.173920	0.968734	-1.307550	-27.841011	0.972882	-1.018606	-27.858062	0.997924	-1.079295	-28.167173	0.481953	-1.241396	-27.865047	0.433825	-1.057297	-28.159982	-0.075597	-1.218930	-28.172861	-0.056317	-1.262241	-27.880960	-0.061823	-1.017362	-27.810944	-0.069189	-1.089868
5307	73.718616	00:01:13:51	-27.970427	1.672512	-1.240881	-28.000330	1.667447	-1.113319	-28.063739	1.642818	-1.181993	-28.014150	1.545724	-1.186814	-28.026787	1.585704	-1.139514	-28.141735	1.524492	-1.285846	-27.902881	1.551683	-1.081172	-28.066143	1.517596	-0.929510	-27.975529	0.736104	-1.576371	-27.984341	1.423451	-0.557913	-28.076006	-0.034200	-2.063912	-28.028607	1.415167	-0.564736	-28.086223	-0.041619	-2.052428	-28.003844	1.448292	-0.571168	-28.109890	-0.043392	-2.093604	-28.190332	0.978372	-1.265697	-28.154071	0.963544	-1.275289	-27.897369	0.992418	-1.033577	-27.827715	0.982579	-1.072316	-28.164660	0.427740	-1.238169	-27.827440	0.446380	-1.053737	-28.158160	-0.027451	-1.180706	-28.177754	-0.045872	-1.230394	-27.870557	-0.071275	-1.011468	-27.846999	-0.049337	-1.051447
5308	73.732509	00:01:13:52	-27.981531	1.667033	-1.211554	-27.991777	1.686773	-1.079880	-28.092534	1.682965	-1.177771	-27.979920	1.535032	-1.156321	-28.019713	1.551042	-1.163000	-28.111842	1.546242	-1.226750	-27.880661	1.561699	-1.117218	-28.061770	1.476523	-0.897409	-27.970940	0.747211	-1.626001	-28.030212	1.441248	-0.546963	-28.069668	-0.063788	-2.049068	-28.034599	1.395134	-0.550654	-28.100419	-0.031816	-2.075022	-28.057894	1.435322	-0.567759	-28.101111	-0.033111	-2.052967	-28.141477	0.970916	-1.222794	-28.128182	0.950888	-1.284707	-27.867456	0.954021	-1.029131	-27.875250	0.978673	-1.082818	-28.168912	0.422477	-1.246106	-27.861952	0.449828	-1.047126	-28.169697	-0.064572	-1.226415	-28.128879	-0.084308	-1.271923	-27.861415	-0.039221	-1.025725	-27.844723	-0.012913	-1.068810
5309	73.746403	00:01:13:53	-27.961827	1.652723	-1.207087	-27.979317	1.659394	-1.104048	-28.092311	1.654166	-1.158988	-28.017017	1.566902	-1.194428	-28.010166	1.561785	-1.155086	-28.111094	1.532323	-1.212273	-27.864785	1.560311	-1.075873	-28.070802	1.495568	-0.891208	-28.014820	0.734995	-1.583328	-28.077801	1.428124	-0.555861	-28.082205	-0.020258	-2.050801	-28.012897	1.429258	-0.560267	-28.085133	-0.065732	-2.081342	-28.005365	1.464312	-0.537548	-28.106054	-0.064690	-2.046337	-28.191745	0.998715	-1.227980	-28.148343	0.963888	-1.308056	-27.856301	0.993020	-1.052834	-27.856476	0.966132	-1.113114	-28.158877	0.495701	-1.249473	-27.837134	0.448934	-1.071333	-28.146062	-0.030393	-1.196733	-28.140571	-0.095811	-1.256406	-27.890881	-0.019878	-1.022143	-27.836810	-0.041845	-1.059109
5310	73.760296	00:01:13:54	-27.959985	1.662919	-1.228579	-27.973519	1.674713	-1.101938	-28.060722	1.678885	-1.145971	-27.986219	1.533306	-1.153244	-28.047060	1.560168	-1.145781	-28.110763	1.552342	-1.273537	-27.878210	1.540394	-1.110719	-28.092279	1.469752	-0.910077	-27.996341	0.753032	-1.583999	-28.004638	1.459386	-0.575827	-28.079057	-0.059859	-2.068988	-28.016978	1.420970	-0.538205	-28.077410	-0.037294	-2.065148	-28.020213	1.440827	-0.566803	-28.067356	-0.083847	-2.059829	-28.202355	0.977682	-1.227637	-28.135611	0.953227	-1.267447	-27.849986	0.974435	-1.042014	-27.849101	0.965231	-1.043870	-28.212352	0.466093	-1.234126	-27.824536	0.469214	-1.052566	-28.183374	-0.070612	-1.201747	-28.158739	-0.076929	-1.246795	-27.881186	-0.048669	-1.029112	-27.864362	-0.058823	-1.060367
5311	73.774190	00:01:13:55	-27.946322	1.635443	-1.225044	-27.975025	1.651701	-1.081833	-28.085489	1.659963	-1.136859	-27.993542	1.517799	-1.184468	-28.004928	1.532461	-1.111399	-28.109737	1.557522	-1.258654	-27.892797	1.551496	-1.111837	-28.091206	1.475402	-0.900415	-27.960218	0.744389	-1.574320	-28.049586	1.420665	-0.544874	-28.084335	-0.078488	-2.053376	-28.038976	1.409723	-0.545601	-28.084713	-0.044293	-2.059480	-28.063382	1.424288	-0.526071	-28.116858	-0.056367	-2.083438	-28.174823	1.013609	-1.206867	-28.141479	0.975170	-1.276238	-27.869308	0.958281	-1.025359	-27.872360	0.971808	-1.105196	-28.164048	0.446719	-1.244120	-27.877010	0.433836	-1.068422	-28.169034	-0.051474	-1.217519	-28.147917	-0.038600	-1.267904	-27.875179	-0.055878	-1.021006	-27.852397	-0.037558	-1.043285
5312	73.788083	00:01:13:56	-27.963909	1.652640	-1.230241	-27.973785	1.660991	-1.131087	-28.101293	1.678497	-1.187632	-28.005360	1.512119	-1.168365	-27.995324	1.553400	-1.115178	-28.146284	1.561208	-1.231423	-27.888837	1.536546	-1.108045	-28.067442	1.475594	-0.860795	-27.984198	0.747356	-1.572732	-28.035085	1.439842	-0.566506	-28.075946	-0.045925	-2.080546	-28.030456	1.418141	-0.554050	-28.106578	-0.066218	-2.097137	-28.021552	1.416385	-0.550666	-28.085157	-0.057071	-2.052709	-28.166585	0.940861	-1.229334	-28.127358	0.968292	-1.293000	-27.838454	0.976473	-1.042062	-27.835011	0.942388	-1.113485	-28.157798	0.445963	-1.247041	-27.847295	0.453215	-1.083198	-28.143134	-0.046455	-1.211268	-28.168603	-0.046353	-1.276273	-27.829458	-0.041143	-0.980864	-27.870063	-0.049907	-1.070417
5313	73.801977	00:01:13:57	-27.960305	1.611989	-1.200584	-27.975824	1.655202	-1.090840	-28.058473	1.656144	-1.128622	-27.988141	1.566514	-1.166887	-28.009249	1.551200	-1.133523	-28.122622	1.561450	-1.280062	-27.863474	1.552603	-1.098533	-28.066792	1.500294	-0.897249	-27.976790	0.757475	-1.556797	-28.041362	1.455007	-0.556480	-28.092016	-0.041955	-2.052924	-28.055989	1.409895	-0.526838	-28.090589	-0.028877	-2.022590	-28.032149	1.440141	-0.531783	-28.065583	-0.049325	-2.029224	-28.155561	0.958535	-1.216471	-28.158802	0.984818	-1.297210	-27.885500	0.931389	-1.015501	-27.835554	0.966035	-1.084462	-28.160310	0.469408	-1.260568	-27.850911	0.469866	-1.071655	-28.195668	-0.036737	-1.241140	-28.162621	-0.083840	-1.268461	-27.902599	-0.055676	-1.000549	-27.863110	-0.062129	-1.075806
5314	73.815870	00:01:13:58	-27.950098	1.641212	-1.245119	-27.995878	1.648445	-1.076613	-28.097320	1.665862	-1.149707	-28.024665	1.516901	-1.193853	-28.010085	1.570672	-1.139004	-28.114417	1.561240	-1.232725	-27.896056	1.542567	-1.128752	-28.071131	1.471940	-0.929366	-27.975751	0.766208	-1.609129	-28.049858	1.411845	-0.580320	-28.065775	-0.067547	-2.063881	-28.045391	1.422390	-0.540013	-28.098807	-0.059475	-2.054807	-28.030641	1.412176	-0.533763	-28.095703	-0.082879	-2.079796	-28.146067	0.967787	-1.241957	-28.132147	0.956303	-1.290360	-27.892899	0.987229	-1.037036	-27.853437	0.974304	-1.067549	-28.157814	0.448776	-1.239966	-27.874163	0.451067	-1.080641	-28.169957	-0.024870	-1.230512	-28.165542	-0.073467	-1.278972	-27.887519	-0.059712	-1.016110	-27.819760	-0.084158	-1.107179
5315	73.829764	00:01:13:59	-27.951090	1.636849	-1.231502	-27.968817	1.687357	-1.092588	-28.069115	1.670081	-1.196866	-27.977817	1.566206	-1.165654	-27.991898	1.523121	-1.141140	-28.142176	1.554453	-1.233711	-27.863163	1.568034	-1.114574	-28.037801	1.496909	-0.923136	-27.961277	0.764246	-1.577991	-28.012648	1.435742	-0.560417	-28.101698	-0.026830	-2.072831	-28.075671	1.411700	-0.539371	-28.079793	-0.057508	-2.055716	-28.042381	1.447039	-0.555805	-28.102362	-0.012135	-2.056199	-28.168642	0.962423	-1.208063	-28.137600	0.972486	-1.272262	-27.853365	0.969400	-1.031986	-27.857222	0.978352	-1.119072	-28.153306	0.472199	-1.228512	-27.848059	0.500113	-1.077640	-28.164143	-0.054952	-1.223621	-28.110394	-0.036371	-1.242394	-27.861999	-0.061974	-1.016599	-27.844642	-0.057774	-1.069251
5316	73.843657	00:01:13:60	-27.957282	1.627644	-1.248015	-27.966939	1.669089	-1.109342	-28.122518	1.696497	-1.178918	-28.008012	1.516689	-1.168734	-28.032096	1.520117	-1.136336	-28.154134	1.543321	-1.296806	-27.842738	1.529676	-1.136844	-28.097801	1.458963	-0.889335	-27.973212	0.734921	-1.572312	-28.031517	1.429449	-0.564070	-28.112325	-0.065767	-2.071142	-28.046917	1.389312	-0.579633	-28.081070	-0.051333	-2.042333	-28.008022	1.423522	-0.538952	-28.099332	-0.065399	-2.057770	-28.168792	0.963123	-1.232093	-28.183049	0.942517	-1.262020	-27.851477	0.956551	-1.026327	-27.859019	0.950965	-1.076227	-28.142925	0.483111	-1.253436	-27.873793	0.446009	-1.067917	-28.195729	-0.053247	-1.183251	-28.125796	-0.054267	-1.282973	-27.880023	-0.087524	-1.038553	-27.858910	-0.049178	-1.085374
5317	73.857550	00:01:13:61	-27.977069	1.659361	-1.210688	-27.981194	1.687616	-1.103395	-28.088344	1.682814	-1.167298	-28.023010	1.554804	-1.160941	-28.008498	1.534599	-1.116741	-28.160245	1.547013	-1.271454	-27.861959	1.518469	-1.086385	-28.062008	1.480613	-0.892599	-27.995165	0.744108	-1.557531	-28.048412	1.434504	-0.542964	-28.100469	-0.047795	-2.050241	-28.027925	1.437429	-0.548595	-28.107055	-0.050477	-2.099859	-28.013646	1.433532	-0.560575	-28.095571	-0.054960	-2.068824	-28.178736	0.927577	-1.237702	-28.175129	1.004567	-1.261548	-27.856122	0.964014	-1.051115	-27.854183	0.962508	-1.102713	-28.144027	0.467828	-1.260407	-27.872053	0.413340	-1.054756	-28.146139	-0.053769	-1.218255	-28.131127	-0.063648	-1.251863	-27.873150	-0.029735	-1.002829	-27.864493	-0.074916	-1.058543
5318	73.871444	00:01:13:62	-27.950858	1.639645	-1.199390	-27.940061	1.668306	-1.037494	-28.094858	1.665006	-1.179129	-28.010794	1.534951	-1.194025	-28.047817	1.542642	-1.110214	-28.105585	1.556034	-1.252102	-27.899204	1.564432	-1.076118	-28.058916	1.491297	-0.921178	-28.026913	0.745501	-1.570751	-28.023426	1.436361	-0.568205	-28.088223	-0.054545	-2.058766	-28.040369	1.438345	-0.576908	-28.073659	-0.046238	-2.071361	-28.030834	1.406817	-0.567974	-28.096262	-0.032517	-2.038173	-28.168167	0.987427	-1.229554	-28.160071	0.944705	-1.276954	-27.859568	0.982698	-1.066238	-27.830711	0.950026	-1.086081	-28.144171	0.445289	-1.268419	-27.863527	0.442858	-1.051646	-28.160798	-0.018348	-1.215055	-28.151478	-0.054008	-1.274412	-27.874530	-0.074952	-1.023366	-27.836886	-0.060201	-1.052644
5319	73.885337	00:01:13:63	-27.964500	1.672083	-1.255421	-27.960765	1.663588	-1.106246	-28.099937	1.671376	-1.118739	-28.009841	1.579353	-1.178252	-28.015287	1.535807	-1.148370	-28.111003	1.553267	-1.235026	-27.876731	1.552348	-1.067001	-28.070425	1.487260	-0.878947	-27.983840	0.745059	-1.571215	-28.081923	1.450056	-0.530074	-28.091498	-0.013552	-2.078543	-28.032632	1.414810	-0.530533	-28.092134	-0.046453	-2.080675	-28.033163	1.428434	-0.528456	-28.076637	-0.029956	-2.067536	-28.189893	0.985525	-1.252970	-28.087687	0.980076	-1.270216	-27.884984	0.980420	-1.053712	-27.828124	0.960196	-1.064380	-28.164853	0.478134	-1.247465	-27.830166	0.481969	-1.060919	-28.179417	-0.030226	-1.210175	-28.140210	-0.066309	-1.253975	-27.831251	-0.031065	-1.041101	-27.861292	-0.044622	-1.089376
5320	73.899231	00:01:13:64	-27.934155	1.638391	-1.239134	-27.971666	1.675184	-1.100212	-28.102983	1.660957	-1.177468	-27.986059	1.523447	-1.213289	-28.009276	1.549656	-1.112570	-28.118781	1.545580	-1.262892	-27.874136	1.531521	-1.115617	-28.080950	1.529249	-0.924554	-28.016072	0.754959	-1.555753	-28.026927	1.444433	-0.543275	-28.092154	-0.057336	-2.048128	-28.023238	1.448790	-0.532373	-28.085557	-0.032831	-2.070797	-28.041881	1.443256	-0.574808	-28.088632	-0.059221	-2.092314	-28.171991	0.978779	-1.221120	-28.179858	0.994613	-1.279595	-27.858464	0.963170	-1.015228	-27.824996	0.948831	-1.069483	-28.163033	0.461601	-1.252742	-27.848452	0.436038	-1.083465	-28.191817	-0.083163	-1.214833	-28.149896	-0.064546	-1.260975	-27.875004	-0.051905	-0.995356	-27.861553	-0.082814	-1.077634
5321	73.913124	00:01:13:65	-27.957744	1.626368	-1.244619	-28.002641	1.684750	-1.108726	-28.079338	1.666374	-1.155994	-28.007718	1.546440	-1.165889	-28.012501	1.555931	-1.133769	-28.101122	1.529514	-1.295054	-27.901768	1.526047	-1.083784	-28.062679	1.504034	-0.916694	-27.983866	0.743096	-1.559012	-28.007237	1.434328	-0.569020	-28.105284	-0.012776	-2.084253	-28.032907	1.444371	-0.552789	-28.109091	-0.007834	-2.052048	-28.019909	1.393706	-0.546765	-28.117595	-0.042550	-2.050032	-28.191808	0.970801	-1.239715	-28.130730	0.930689	-1.289931	-27.868787	0.993130	-1.055894	-27.834836	0.971391	-1.096702	-28.154306	0.458459	-1.242865	-27.837757	0.457094	-1.014604	-28.174767	-0.060806	-1.191728	-28.145104	-0.026037	-1.302939	-27.887566	-0.032485	-1.051668	-27.831413	-0.045888	-1.069762
5322	73.927018	00:01:13:66	-27.972472	1.642036	-1.209950	-27.967178	1.650441	-1.104798	-28.044592	1.675302	-1.167700	-28.015143	1.531867	-1.169204	-28.032660	1.544523	-1.146080	-28.121287	1.524929	-1.253631	-27.860158	1.520576	-1.087242	-28.091735	1.460582	-0.922676	-28.008034	0.729296	-1.548679	-28.039160	1.441435	-0.542718	-28.118992	-0.035324	-2.037875	-28.027839	1.460245	-0.565730	-28.084977	-0.058693	-2.066054	-28.032242	1.412577	-0.580226	-28.108674	-0.060587	-2.079855	-28.163862	0.998022	-1.223876	-28.110888	0.941338	-1.294462	-27.856433	0.983068	-1.026576	-27.807636	0.992608	-1.094504	-28.177179	0.429662	-1.268212	-27.850869	0.459337	-1.048742	-28.165689	-0.007359	-1.192778	-28.149069	-0.082695	-1.282961	-27.885306	-0.053389	-1.016020	-27.840271	-0.089426	-1.089863
5323	73.940911	00:01:13:67	-27.969802	1.669030	-1.247589	-27.959731	1.681038	-1.103636	-28.094479	1.678530	-1.163548	-27.983043	1.555114	-1.137178	-27.993950	1.577873	-1.128851	-28.148493	1.545630	-1.250659	-27.863096	1.520107	-1.098914	-28.033315	1.495395	-0.915943	-27.957928	0.711812	-1.585672	-28.073809	1.449535	-0.547774	-28.111263	-0.078731	-2.049056	-28.033171	1.423845	-0.544622	-28.096021	-0.050744	-2.032706	-28.028073	1.437813	-0.538308	-28.088396	-0.067477	-2.082842	-28.164061	0.959686	-1.226000	-28.129267	0.938789	-1.283073	-27.884121	0.969618	-1.030001	-27.836119	0.938860	-1.097522	-28.139682	0.456154	-1.222738	-27.852573	0.442143	-1.072174	-28.196497	-0.047934	-1.194571	-28.158045	-0.022409	-1.255937	-27.854188	-0.039710	-1.027335	-27.846246	-0.038216	-1.093801
5324	73.954805	00:01:13:68	-27.972961	1.606152	-1.253448	-27.971959	1.660062	-1.099392	-28.085282	1.667142	-1.152347	-27.995154	1.547084	-1.181166	-28.000155	1.546908	-1.147326	-28.116607	1.532471	-1.250254	-27.878458	1.537837	-1.080104	-28.067456	1.491652	-0.907725	-27.943211	0.758828	-1.593253	-28.076075	1.425295	-0.538932	-28.100889	-0.056780	-2.072309	-28.040365	1.462493	-0.543851	-28.119421	-0.040881	-2.029103	-28.027481	1.417594	-0.571723	-28.093297	-0.033675	-2.059448	-28.141828	0.968778	-1.231028	-28.139476	0.980756	-1.257617	-27.861483	0.934632	-1.028985	-27.811595	0.966237	-1.080005	-28.161124	0.442278	-1.255822	-27.868722	0.457700	-1.065056	-28.185414	-0.072086	-1.215796	-28.129392	-0.046125	-1.276565	-27.864300	-0.042622	-0.997148	-27.820177	-0.096139	-1.067378
5325	73.968698	00:01:13:69	-27.975861	1.650429	-1.220412	-27.992269	1.668375	-1.100852	-28.075768	1.666939	-1.169252	-28.005612	1.527510	-1.167626	-28.011336	1.539796	-1.151499	-28.109767	1.522658	-1.227168	-27.848080	1.543319	-1.124192	-28.062004	1.490326	-0.922895	-28.001536	0.753897	-1.562352	-28.048751	1.449485	-0.541621	-28.081392	-0.029509	-2.094563	-28.018343	1.415593	-0.563904	-28.075846	-0.010938	-2.074509	-28.046578	1.450203	-0.525230	-28.078984	-0.048964	-2.068807	-28.149621	0.993561	-1.231351	-28.158479	0.972794	-1.288984	-27.878612	0.951874	-1.065066	-27.832913	0.966605	-1.079483	-28.165093	0.429219	-1.260036	-27.848155	0.461795	-1.046190	-28.180302	-0.056391	-1.200620	-28.145034	-0.062285	-1.276317	-27.885124	-0.057552	-1.050122	-27.814617	-0.074142	-1.067981
5326	73.982591	00:01:13:70	-27.943362	1.673912	-1.220735	-27.986494	1.640886	-1.089699	-28.076775	1.659324	-1.151806	-27.982993	1.529860	-1.172943	-27.998049	1.550571	-1.166456	-28.149956	1.525051	-1.293744	-27.872654	1.530090	-1.123903	-28.095821	1.471155	-0.920630	-27.993231	0.767979	-1.543020	-28.057190	1.410720	-0.561252	-28.110421	-0.033041	-2.080515	-28.034431	1.435217	-0.572774	-28.104414	-0.042507	-2.057861	-28.010785	1.440433	-0.538206	-28.082802	-0.019757	-2.044905	-28.196586	0.993836	-1.230558	-28.134259	0.960569	-1.290033	-27.851944	0.980515	-1.030191	-27.811409	0.960294	-1.067509	-28.183305	0.431414	-1.243443	-27.864605	0.476603	-1.069341	-28.159536	-0.056396	-1.247038	-28.117338	-0.017491	-1.264312	-27.877360	-0.049658	-1.050821	-27.834867	-0.065422	-1.116917
5327	73.996485	00:01:13:71	-27.966128	1.661087	-1.228461	-28.002792	1.675103	-1.104066	-28.109835	1.696813	-1.153158	-28.011254	1.572533	-1.190367	-28.024633	1.524061	-1.156534	-28.136427	1.541868	-1.237360	-27.876011	1.546192	-1.094643	-28.049714	1.505002	-0.917882	-27.976025	0.751780	-1.601288	-28.043454	1.431676	-0.572320	-28.091669	-0.093254	-2.040026	-28.021649	1.463595	-0.546844	-28.088690	-0.018675	-2.092261	-28.021455	1.411410	-0.550774	-28.074251	-0.033972	-2.047860	-28.182774	0.970601	-1.263964	-28.157260	0.961769	-1.295983	-27.885542	0.966459	-1.058107	-27.841719	0.967819	-1.096772	-28.152925	0.462287	-1.232935	-27.837173	0.447507	-1.061623	-28.159477	-0.018296	-1.184796	-28.131708	-0.064722	-1.280922	-27.893332	-0.037479	-1.021359	-27.819131	-0.049471	-1.068803
5328	74.010378	00:01:14:00	-27.979471	1.662095	-1.237386	-27.982403	1.641599	-1.096684	-28.094796	1.636879	-1.145379	-27.999493	1.553361	-1.166259	-28.029754	1.561496	-1.145153	-28.156113	1.530122	-1.262753	-27.888384	1.518807	-1.137712	-28.061233	1.484257	-0.905349	-27.977527	0.771225	-1.572161	-28.022576	1.415430	-0.539299	-28.118660	-0.022702	-2.064331	-28.048168	1.417948	-0.570097	-28.082351	-0.060077	-2.077609	-28.033989	1.425574	-0.590689	-28.089112	-0.051405	-2.056058	-28.159213	0.956239	-1.223340	-28.104884	0.957202	-1.277033	-27.874306	0.965399	-1.046720	-27.837745	0.957181	-1.086619	-28.165663	0.471016	-1.267713	-27.844734	0.459203	-1.069478	-28.171231	-0.040886	-1.220348	-28.109761	-0.049503	-1.265331	-27.888658	-0.045782	-1.056600	-27.842393	-0.119135	-1.069428
5329	74.024272	00:01:14:01	-27.963545	1.639172	-1.214557	-27.972422	1.651894	-1.089928	-28.069695	1.661655	-1.125467	-28.007124	1.512730	-1.156661	-28.045322	1.565554	-1.187265	-28.112528	1.563624	-1.242342	-27.880228	1.530742	-1.113493	-28.097576	1.485486	-0.876742	-27.993733	0.749286	-1.584811	-28.053722	1.455571	-0.552928	-28.118708	-0.088134	-2.070464	-28.043571	1.411416	-0.567751	-28.098354	-0.040332	-2.089445	-28.049817	1.404982	-0.568052	-28.070077	-0.077350	-2.061311	-28.176993	1.001370	-1.224662	-28.130735	0.966881	-1.279821	-27.845927	0.980671	-1.016939	-27.844836	0.967649	-1.099084	-28.168404	0.468657	-1.218271	-27.831652	0.466405	-1.063626	-28.193601	-0.065034	-1.187002	-28.165009	-0.039721	-1.275646	-27.851245	-0.021043	-1.009134	-27.852848	-0.067440	-1.059110
5330	74.038165	00:01:14:02	-27.997732	1.661637	-1.260961	-27.988375	1.668187	-1.109503	-28.077720	1.645394	-1.182403	-28.005415	1.527560	-1.185933	-28.013726	1.522328	-1.133283	-28.114765	1.529501	-1.265690	-27.867242	1.555039	-1.110408	-28.087971	1.485138	-0.889603	-27.969629	0.731587	-1.586290	-28.035329	1.405195	-0.572731	-28.088540	-0.023335	-2.050562	-28.022085	1.464579	-0.553004	-28.099821	-0.029070	-2.063359	-28.076289	1.405034	-0.576725	-28.063930	-0.049963	-2.068396	-28.151861	0.980187	-1.223279	-28.127082	0.947357	-1.302754	-27.860759	0.989723	-1.042368	-27.904987	0.927892	-1.046647	-28.134468	0.469875	-1.231593	-27.884582	0.473419	-1.063241	-28.149356	-0.019542	-1.205248	-28.156695	-0.037415	-1.290359	-27.849014	-0.040400	-1.029811	-27.848839	-0.113938	-1.073553
5331	74.052059	00:01:14:03	-27.958107	1.621502	-1.214041	-27.998474	1.640716	-1.054573	-28.082276	1.640394	-1.162205	-27.997482	1.544099	-1.193730	-28.030053	1.528620	-1.147505	-28.124935	1.524775	-1.239625	-27.830591	1.532451	-1.115283	-28.102394	1.468608	-0.886511	-27.987690	0.756883	-1.567927	-28.036793	1.424548	-0.556774	-28.094655	-0.056601	-2.062919	-28.052650	1.431413	-0.572725	-28.102584	-0.056853	-2.073456	-28.042814	1.404038	-0.555684	-28.126409	-0.064324	-2.044542	-28.176631	0.952896	-1.198987	-28.120349	0.944110	-1.263386	-27.864838	0.990098	-1.058063	-27.813452	0.954072	-1.091334	-28.189792	0.430357	-1.206642	-27.858607	0.462119	-1.045942	-28.173981	-0.055035	-1.193749	-28.148126	-0.055652	-1.235994	-27.884177	-0.028676	-1.046629	-27.826297	-0.065993	-1.102585
5332	74.065952	00:01:14:04	-27.966942	1.654630	-1.235159	-27.955212	1.650759	-1.100459	-28.046526	1.673302	-1.186407	-28.000088	1.535682	-1.172420	-28.011528	1.545000	-1.195179	-28.143537	1.532527	-1.239894	-27.870279	1.540005	-1.083029	-28.061723	1.465394	-0.875891	-28.014772	0.742631	-1.576057	-28.004545	1.443508	-0.576010	-28.093167	-0.054460	-2.056153	-28.040548	1.398782	-0.565495	-28.095292	-0.055705	-2.085236	-28.035421	1.436900	-0.561472	-28.112343	-0.048659	-2.074648	-28.177498	0.954757	-1.282240	-28.140130	0.950609	-1.257966	-27.847793	0.986117	-1.021588	-27.868916	0.940191	-1.126058	-28.166367	0.440131	-1.234012	-27.889519	0.492355	-1.033783	-28.183516	-0.030271	-1.213535	-28.148438	-0.069434	-1.234237	-27.889960	-0.055508	-1.023198	-27.867850	-0.038486	-1.087507
5333	74.079846	00:01:14:05	-27.975052	1.675560	-1.203175	-28.011288	1.684175	-1.060922	-28.091668	1.698147	-1.125970	-28.004365	1.550977	-1.201768	-27.992816	1.554253	-1.150641	-28.103762	1.543983	-1.245367	-27.873172	1.539898	-1.073361	-28.058504	1.475120	-0.883023	-27.973868	0.752132	-1.600659	-28.028119	1.423375	-0.563772	-28.085978	-0.076134	-2.048469	-28.026410	1.412747	-0.546472	-28.080838	-0.055576	-2.087354	-28.008284	1.423460	-0.535038	-28.100319	-0.032902	-2.074556	-28.138546	1.001109	-1.261530	-28.135108	0.945823	-1.276433	-27.878513	0.999941	-0.997376	-27.863770	0.988412	-1.096530	-28.171695	0.469365	-1.247324	-27.863863	0.457734	-1.078945	-28.196851	-0.051007	-1.216544	-28.128820	-0.050134	-1.225872	-27.893889	-0.052983	-1.033129	-27.835289	-0.092394	-1.073573
5334	74.093739	00:01:14:06	-27.927632	1.652841	-1.209612	-27.991600	1.657899	-1.065360	-28.062772	1.658125	-1.146793	-28.013972	1.526166	-1.185349	-28.019310	1.578727	-1.135455	-28.129075	1.514405	-1.252324	-27.874300	1.530175	-1.093525	-28.092222	1.487732	-0.898618	-28.006815	0.780309	-1.568346	-28.031296	1.442305	-0.559304	-28.113393	-0.041554	-2.054246	-28.043368	1.403429	-0.572421	-28.118719	-0.060055	-2.081324	-28.038524	1.421920	-0.534221	-28.096995	-0.087395	-2.052750	-28.191879	0.967567	-1.255150	-28.124170	0.926972	-1.245631	-27.878368	0.995036	-1.009372	-27.811252	0.976749	-1.095180	-28.148092	0.461324	-1.259652	-27.851014	0.439255	-1.053971	-28.171080	-0.067178	-1.204071	-28.155369	-0.055503	-1.265246	-27.876936	-0.091903	-1.017527	-27.825412	-0.027279	-1.058976
5335	74.107632	00:01:14:07	-27.946921	1.628738	-1.225490	-27.975022	1.648710	-1.055071	-28.069903	1.672848	-1.163809	-27.994730	1.539992	-1.169815	-28.004334	1.551060	-1.127224	-28.159390	1.560799	-1.263165	-27.887964	1.558957	-1.109019	-28.106078	1.499710	-0.909328	-27.976524	0.756411	-1.572287	-28.052082	1.432946	-0.517876	-28.088067	-0.043571	-2.057989	-28.026187	1.432682	-0.531011	-28.121122	-0.014889	-2.018802	-28.001990	1.464834	-0.544847	-28.100410	-0.050351	-2.054335	-28.178537	0.953584	-1.207500	-28.146699	0.966655	-1.258167	-27.859970	0.980673	-0.995653	-27.822440	0.931898	-1.096156	-28.196095	0.460504	-1.232482	-27.855393	0.461015	-1.064792	-28.151683	-0.067401	-1.215595	-28.148853	-0.059743	-1.265146	-27.901111	-0.039528	-0.994108	-27.832457	-0.074302	-1.083150
5336	74.121526	00:01:14:08	-27.921295	1.595005	-1.244239	-27.982714	1.660669	-1.107046	-28.088264	1.651348	-1.133538	-28.013102	1.532582	-1.188799	-28.033202	1.547481	-1.132685	-28.102673	1.534276	-1.268578	-27.851746	1.535964	-1.103566	-28.103628	1.468637	-0.903200	-28.007374	0.751552	-1.577471	-28.034025	1.444764	-0.544067	-28.080168	-0.049776	-2.034974	-28.043883	1.429309	-0.535694	-28.087142	-0.008365	-2.091360	-28.039359	1.443687	-0.595291	-28.104971	-0.037947	-2.070713	-28.185566	0.963649	-1.223923	-28.140857	0.938023	-1.296234	-27.882509	0.968473	-1.050592	-27.826349	0.960937	-1.103724	-28.168728	0.459430	-1.235416	-27.872054	0.435217	-1.083043	-28.170735	-0.065178	-1.207103	-28.152908	-0.062829	-1.257492	-27.862948	-0.095352	-1.023469	-27.890048	-0.059767	-1.063261
5337	74.135419	00:01:14:09	-27.964824	1.656560	-1.216774	-28.015792	1.655248	-1.084755	-28.079854	1.700012	-1.156429	-28.011944	1.535277	-1.186980	-28.009506	1.563081	-1.152894	-28.142191	1.557475	-1.236571	-27.880250	1.564017	-1.105204	-28.084040	1.474217	-0.918733	-27.983910	0.727804	-1.570162	-28.042847	1.427258	-0.561871	-28.096950	-0.062451	-2.081187	-28.035691	1.451408	-0.590649	-28.065301	-0.024468	-2.040257	-28.062137	1.410990	-0.555170	-28.085755	-0.027198	-2.056725	-28.169155	0.967673	-1.230391	-28.172631	0.987568	-1.272257	-27.878542	0.989740	-1.059478	-27.841339	0.947923	-1.076912	-28.164294	0.447638	-1.255268	-27.859535	0.442960	-1.036492	-28.164168	-0.039417	-1.231837	-28.151531	-0.061613	-1.241771	-27.846088	-0.093803	-1.026082	-27.868178	-0.064089	-1.063854
5338	74.149313	00:01:14:10	-27.939731	1.645388	-1.228235	-27.984965	1.667749	-1.071921	-28.080124	1.648693	-1.168666	-27.970884	1.539225	-1.150947	-27.981513	1.544552	-1.165062	-28.112188	1.571108	-1.248890	-27.850285	1.541486	-1.091281	-28.052362	1.512765	-0.870388	-27.983404	0.753878	-1.559694	-28.045910	1.450276	-0.559576	-28.087952	-0.038473	-2.067020	-28.015771	1.427154	-0.562712	-28.096132	-0.034692	-2.054688	-28.005803	1.406724	-0.559965	-28.087870	-0.052968	-2.072056	-28.185149	0.982656	-1.221318	-28.183571	0.973990	-1.296043	-27.894714	0.964898	-1.052236	-27.833745	0.959864	-1.115312	-28.157072	0.454826	-1.270557	-27.860739	0.452721	-1.052653	-28.169223	-0.021374	-1.209707	-28.175310	-0.102687	-1.263958	-27.903683	-0.050845	-1.045807	-27.829608	-0.046005	-1.076595
5339	74.163206	00:01:14:11	-27.978637	1.642635	-1.216480	-27.986858	1.673462	-1.094202	-28.080535	1.669486	-1.161351	-28.016101	1.508113	-1.165694	-28.014315	1.523421	-1.135425	-28.118558	1.546324	-1.277307	-27.884413	1.548949	-1.057021	-28.068687	1.457110	-0.902105	-28.006195	0.750679	-1.624389	-28.045611	1.443521	-0.561196	-28.109777	-0.059972	-2.071380	-28.017913	1.443171	-0.518450	-28.086897	-0.036205	-2.056226	-28.036291	1.438845	-0.543910	-28.125523	-0.070547	-2.074355	-28.189979	0.973346	-1.244745	-28.113983	0.943672	-1.257696	-27.872116	0.969263	-1.024899	-27.821108	0.961978	-1.098519	-28.165417	0.444818	-1.229536	-27.861922	0.467324	-1.056692	-28.144367	-0.037601	-1.207922	-28.130625	-0.045418	-1.233922	-27.854979	-0.055488	-0.998124	-27.833705	-0.081714	-1.066075
5340	74.177100	00:01:14:12	-27.958495	1.628404	-1.259977	-27.949369	1.646309	-1.095779	-28.106865	1.654057	-1.200136	-28.013422	1.547840	-1.185478	-28.022526	1.548874	-1.146155	-28.105454	1.546588	-1.256792	-27.891341	1.557205	-1.095273	-28.078692	1.471328	-0.887433	-28.014211	0.746961	-1.595910	-28.041170	1.441357	-0.565020	-28.099581	-0.059597	-2.088498	-27.993168	1.452616	-0.552836	-28.087526	-0.042111	-2.065075	-28.044365	1.433217	-0.557890	-28.115768	-0.022798	-2.088513	-28.142908	0.975416	-1.216877	-28.171252	0.961673	-1.273411	-27.896508	0.968174	-1.059513	-27.818801	0.971555	-1.071951	-28.181857	0.460457	-1.257243	-27.889400	0.424778	-1.085940	-28.157354	-0.043697	-1.177131	-28.109678	-0.066701	-1.238360	-27.883608	-0.052231	-1.007286	-27.823475	-0.076926	-1.061143
5341	74.190993	00:01:14:13	-27.963057	1.598534	-1.238863	-27.975503	1.686059	-1.070136	-28.053085	1.659687	-1.179961	-28.000957	1.545663	-1.150331	-28.038150	1.559655	-1.125223	-28.129535	1.558311	-1.232370	-27.841082	1.580717	-1.109821	-28.069771	1.514485	-0.931445	-28.000234	0.725914	-1.588854	-28.008640	1.385993	-0.540102	-28.077963	-0.040052	-2.099575	-28.023524	1.414085	-0.538450	-28.101613	-0.050405	-2.072186	-28.010475	1.442593	-0.605895	-28.101481	-0.048750	-2.044601	-28.156490	0.973558	-1.217108	-28.138191	0.955550	-1.282741	-27.831048	0.991639	-1.038048	-27.857175	0.962289	-1.080529	-28.162290	0.472610	-1.227239	-27.850149	0.452378	-1.046325	-28.167482	-0.039431	-1.199807	-28.163811	-0.042142	-1.298323	-27.892744	-0.049261	-1.026359	-27.846851	-0.045302	-1.084151
5342	74.204887	00:01:14:14	-27.981553	1.650194	-1.272926	-27.966292	1.643996	-1.059080	-28.069287	1.678345	-1.157899	-27.996190	1.554558	-1.161619	-28.000772	1.563446	-1.166055	-28.122942	1.533423	-1.254461	-27.863186	1.542470	-1.085541	-28.106785	1.466901	-0.873398	-27.973787	0.751284	-1.590489	-28.020901	1.433791	-0.538649	-28.093329	-0.057080	-2.032574	-28.018297	1.442439	-0.599093	-28.094120	-0.026177	-2.064956	-28.066371	1.453649	-0.554985	-28.085464	-0.048565	-2.090959	-28.173131	0.967722	-1.215193	-28.146627	0.960838	-1.260519	-27.895594	0.948162	-1.023285	-27.862392	1.016423	-1.074236	-28.158239	0.455670	-1.247464	-27.840406	0.465214	-1.031871	-28.151248	-0.058575	-1.217714	-28.155969	-0.067954	-1.278889	-27.881819	-0.039166	-1.024418	-27.840421	-0.048973	-1.081024
5343	74.218780	00:01:14:15	-27.968070	1.646245	-1.213079	-27.978187	1.628156	-1.072541	-28.092633	1.680521	-1.150906	-28.002557	1.551723	-1.162343	-27.981463	1.540099	-1.116445	-28.130391	1.532106	-1.271667	-27.864714	1.517203	-1.104341	-28.083158	1.510090	-0.907885	-27.991049	0.750967	-1.568579	-28.036203	1.439225	-0.537123	-28.099375	-0.052877	-2.046932	-28.028940	1.451672	-0.589499	-28.078273	-0.030809	-2.057008	-28.031992	1.429829	-0.568357	-28.099826	-0.049948	-2.064977	-28.175586	0.950919	-1.205993	-28.116998	0.975716	-1.306754	-27.850824	0.949364	-1.034775	-27.864550	0.986433	-1.089890	-28.136429	0.455420	-1.259634	-27.854279	0.401895	-1.063634	-28.170847	-0.057320	-1.215981	-28.174101	-0.050240	-1.233205	-27.907575	-0.051168	-1.010613	-27.835803	-0.082910	-1.087751
5344	74.232673	00:01:14:16	-27.978925	1.655787	-1.261939	-27.975828	1.663727	-1.102557	-28.094096	1.669716	-1.139775	-27.992990	1.537964	-1.202909	-27.987230	1.544906	-1.141707	-28.117375	1.522119	-1.256316	-27.888429	1.528823	-1.055601	-28.094151	1.478971	-0.885071	-27.992628	0.775614	-1.576119	-28.046915	1.453336	-0.571089	-28.062949	-0.034383	-2.072887	-28.038310	1.425226	-0.534275	-28.082374	-0.038906	-2.032157	-28.024779	1.428789	-0.546711	-28.090541	-0.055245	-2.072107	-28.184643	0.950028	-1.211295	-28.114391	0.996833	-1.282422	-27.882516	0.981148	-1.023423	-27.855221	0.936588	-1.077860	-28.165578	0.452647	-1.275482	-27.835615	0.447924	-1.061996	-28.182206	-0.020406	-1.184381	-28.194592	-0.026020	-1.280620	-27.858095	-0.051427	-1.051061	-27.840088	-0.032875	-1.061165
5345	74.246567	00:01:14:17	-27.972162	1.660531	-1.275222	-27.979358	1.684131	-1.096928	-28.071566	1.666524	-1.181017	-27.964445	1.565026	-1.152814	-27.998987	1.536180	-1.141266	-28.109994	1.530878	-1.245208	-27.856501	1.527028	-1.109426	-28.089444	1.471906	-0.901915	-27.992301	0.755900	-1.563735	-28.029547	1.457786	-0.566075	-28.081734	-0.047768	-2.058391	-28.035610	1.430436	-0.541633	-28.129746	-0.048317	-2.040425	-28.069854	1.438813	-0.545225	-28.099078	-0.060772	-2.079303	-28.165181	0.969523	-1.241369	-28.153297	0.980493	-1.301684	-27.854009	0.984847	-1.043571	-27.813628	0.989901	-1.100356	-28.143497	0.486280	-1.218850	-27.856983	0.411499	-1.045634	-28.191274	-0.070930	-1.208994	-28.141507	-0.050891	-1.278822	-27.891451	-0.029587	-1.038918	-27.855243	-0.040685	-1.054207
5346	74.260460	00:01:14:18	-27.947079	1.621027	-1.240013	-27.987632	1.677681	-1.120452	-28.098324	1.662523	-1.152571	-27.985855	1.546401	-1.170533	-28.017033	1.538923	-1.160499	-28.106076	1.573667	-1.233155	-27.881331	1.549953	-1.061700	-28.067650	1.487909	-0.907027	-27.953267	0.747757	-1.628066	-28.060110	1.435461	-0.556954	-28.066545	-0.057762	-2.061471	-28.034008	1.405157	-0.556144	-28.113156	-0.026142	-2.037862	-28.054505	1.448778	-0.602234	-28.083407	-0.048976	-2.068156	-28.172456	0.973612	-1.235432	-28.134687	0.956252	-1.273350	-27.894645	0.990310	-1.083879	-27.826820	0.975166	-1.088355	-28.161542	0.452308	-1.265282	-27.836825	0.439601	-1.032639	-28.186509	-0.066696	-1.235185	-28.124466	-0.050433	-1.241106	-27.886943	-0.065073	-1.004423	-27.834688	-0.055312	-1.074780
5347	74.274354	00:01:14:19	-27.970187	1.646797	-1.220459	-27.980589	1.672154	-1.095819	-28.077215	1.664620	-1.147685	-28.005616	1.540181	-1.174605	-28.016870	1.535374	-1.134479	-28.098286	1.557895	-1.282944	-27.865256	1.534735	-1.081683	-28.081580	1.499958	-0.916034	-27.965545	0.735622	-1.563818	-28.037991	1.427472	-0.524771	-28.112997	-0.063902	-2.066721	-28.060104	1.438171	-0.560574	-28.103754	-0.083133	-2.057124	-28.044875	1.436524	-0.556267	-28.117465	-0.021586	-2.074071	-28.152600	0.983161	-1.237358	-28.169649	0.950597	-1.276550	-27.863161	0.970199	-1.027896	-27.866350	0.993821	-1.105580	-28.150497	0.419658	-1.261380	-27.879058	0.481293	-1.036289	-28.173294	-0.046008	-1.222432	-28.152490	-0.071382	-1.298360	-27.901856	-0.020163	-1.013933	-27.877505	-0.056963	-1.073708
5348	74.288247	00:01:14:20	-27.954554	1.609716	-1.274394	-27.963966	1.675725	-1.094371	-28.078070	1.673448	-1.172085	-27.956716	1.552767	-1.171218	-28.016050	1.537206	-1.156133	-28.147325	1.519700	-1.283035	-27.872085	1.529496	-1.101985	-28.067813	1.494191	-0.914049	-27.968130	0.750900	-1.592383	-28.010331	1.442345	-0.565160	-28.096836	-0.017246	-2.050822	-28.079387	1.450289	-0.544482	-28.096461	-0.038572	-2.052105	-28.031785	1.449414	-0.560032	-28.103948	-0.018443	-2.053567	-28.167044	0.935247	-1.277369	-28.128218	0.980674	-1.285124	-27.868732	0.970845	-1.067803	-27.821178	0.954627	-1.135675	-28.141999	0.451767	-1.234562	-27.864603	0.470548	-1.032394	-28.160499	-0.074572	-1.207125	-28.096913	-0.052580	-1.269232	-27.866646	-0.019686	-0.975275	-27.869813	-0.066515	-1.052979
5349	74.302141	00:01:14:21	-27.956744	1.653700	-1.266441	-27.969112	1.703093	-1.082816	-28.056816	1.668994	-1.149929	-28.013714	1.517696	-1.179872	-27.997558	1.571127	-1.185421	-28.094909	1.560267	-1.268876	-27.880782	1.561163	-1.093147	-28.061628	1.501080	-0.890940	-27.965910	0.763134	-1.575797	-28.036468	1.439432	-0.551366	-28.126687	-0.065034	-2.061277	-28.051197	1.456285	-0.563447	-28.097827	-0.016038	-2.055272	-28.047625	1.449420	-0.552321	-28.095917	-0.059364	-2.053866	-28.165198	0.965245	-1.243688	-28.158169	0.960984	-1.293938	-27.869866	0.942400	-1.015654	-27.845064	0.965934	-1.069349	-28.161827	0.480363	-1.230856	-27.831560	0.468386	-1.069668	-28.171845	-0.049137	-1.205936	-28.132963	-0.070481	-1.252714	-27.886306	-0.036071	-1.018780	-27.852233	-0.039264	-1.103713
5350	74.316034	00:01:14:22	-27.963713	1.657110	-1.213994	-27.980156	1.666980	-1.098040	-28.054701	1.665085	-1.181223	-27.986017	1.528558	-1.173807	-28.069733	1.548006	-1.181446	-28.138731	1.516407	-1.223990	-27.876501	1.540243	-1.076664	-28.083563	1.490802	-0.877501	-27.986521	0.749045	-1.588666	-28.034111	1.424115	-0.559112	-28.126211	-0.053713	-2.044254	-28.053804	1.379027	-0.570254	-28.089855	-0.056034	-2.034507	-28.033907	1.430852	-0.532590	-28.097393	-0.053314	-2.044377	-28.158251	0.967894	-1.266063	-28.149284	0.982231	-1.293088	-27.895374	0.965639	-1.025050	-27.887677	0.980872	-1.074417	-28.151464	0.443779	-1.229987	-27.877156	0.444477	-1.063363	-28.157397	-0.050336	-1.220096	-28.152564	-0.041556	-1.230895	-27.901960	-0.029978	-1.031261	-27.836687	-0.038036	-1.059059
5351	74.329928	00:01:14:23	-27.970389	1.651568	-1.215295	-27.950613	1.674096	-1.074009	-28.097464	1.627942	-1.116552	-28.008146	1.532640	-1.182754	-28.028769	1.537530	-1.185407	-28.125439	1.535783	-1.249881	-27.867679	1.548890	-1.111140	-28.066074	1.464665	-0.900780	-27.997698	0.759790	-1.556667	-28.031084	1.411865	-0.538912	-28.095735	-0.055919	-2.070505	-28.028801	1.421124	-0.549111	-28.098348	-0.051833	-2.095481	-28.014002	1.427324	-0.570280	-28.081188	-0.044717	-2.079091	-28.151660	0.948800	-1.219023	-28.176549	0.981626	-1.289178	-27.891937	0.967972	-1.043709	-27.815588	0.989676	-1.089443	-28.168002	0.442880	-1.237429	-27.852489	0.441415	-1.055328	-28.159280	-0.056068	-1.194928	-28.126042	-0.057400	-1.225411	-27.871545	-0.050397	-1.030922	-27.876647	-0.092090	-1.068370
5352	74.343821	00:01:14:24	-27.974035	1.606979	-1.231010	-27.981341	1.663534	-1.114593	-28.055241	1.682578	-1.174047	-27.973754	1.547782	-1.165162	-27.996192	1.558834	-1.130657	-28.141714	1.561893	-1.250228	-27.855014	1.538730	-1.128741	-28.095776	1.529273	-0.890396	-27.982271	0.757783	-1.519156	-28.059895	1.448311	-0.554439	-28.134481	-0.037982	-2.088062	-28.047007	1.399837	-0.578069	-28.068113	-0.044099	-2.028260	-28.034766	1.435114	-0.563416	-28.109980	-0.067844	-2.068918	-28.165073	0.987960	-1.239208	-28.143047	0.964700	-1.256904	-27.863845	0.966855	-1.058307	-27.829298	0.979391	-1.088123	-28.155719	0.440660	-1.273238	-27.863502	0.446583	-1.058320	-28.184401	-0.032539	-1.186254	-28.134202	-0.074521	-1.274428	-27.852711	-0.058644	-0.995612	-27.878975	-0.076382	-1.083916
5353	74.357714	00:01:14:25	-27.976253	1.654917	-1.210358	-27.974888	1.651869	-1.097399	-28.063284	1.647126	-1.152520	-28.002056	1.562616	-1.178840	-28.018407	1.526698	-1.102807	-28.124419	1.556737	-1.260619	-27.866878	1.545714	-1.117645	-28.107689	1.498431	-0.934776	-27.989013	0.752152	-1.577555	-28.008697	1.437951	-0.569148	-28.102784	-0.038896	-2.030732	-28.020112	1.428591	-0.565451	-28.096885	-0.042940	-2.051554	-28.009065	1.410749	-0.553882	-28.103285	-0.048699	-2.046086	-28.171109	0.971820	-1.233622	-28.142826	0.952133	-1.263218	-27.874002	0.964233	-1.035920	-27.830748	0.933460	-1.122514	-28.156250	0.434646	-1.254871	-27.877665	0.460420	-1.062165	-28.181238	-0.068419	-1.197221	-28.134083	-0.038741	-1.273896	-27.873486	-0.054156	-1.011399	-27.853158	-0.087144	-1.084724
5354	74.371608	00:01:14:26	-27.946173	1.652412	-1.219909	-27.963588	1.661518	-1.084053	-28.089249	1.655378	-1.158078	-27.965332	1.512315	-1.172524	-27.997277	1.604873	-1.159857	-28.149057	1.564988	-1.232506	-27.871508	1.527474	-1.061473	-28.081202	1.507702	-0.885125	-27.979834	0.771817	-1.603535	-28.057590	1.467179	-0.550573	-28.122319	-0.041917	-2.051851	-28.036043	1.433387	-0.557539	-28.113071	-0.039451	-2.067227	-28.035974	1.444133	-0.539319	-28.093917	-0.033221	-2.080549	-28.177729	0.972266	-1.232034	-28.120290	0.993484	-1.292349	-27.866193	0.993415	-1.011590	-27.813235	0.951176	-1.108757	-28.124417	0.458188	-1.277238	-27.845835	0.424664	-1.044686	-28.123208	-0.079991	-1.190724	-28.154366	-0.071324	-1.250461	-27.888576	-0.061346	-1.009356	-27.814190	-0.090116	-1.090241
5355	74.385501	00:01:14:27	-27.948969	1.651769	-1.241848	-27.955941	1.637783	-1.095962	-28.108521	1.635240	-1.165069	-27.982987	1.536984	-1.174131	-28.015224	1.531955	-1.153188	-28.139443	1.496935	-1.216113	-27.869890	1.528107	-1.092969	-28.086519	1.477643	-0.922791	-28.004383	0.733200	-1.578880	-28.017677	1.445126	-0.567197	-28.091456	-0.056637	-2.039407	-28.058388	1.430759	-0.554472	-28.080795	-0.042691	-2.048119	-28.033455	1.430878	-0.563516	-28.078265	-0.040330	-2.067032	-28.178923	0.986153	-1.212806	-28.141010	0.937919	-1.265705	-27.873847	0.983160	-1.019694	-27.808936	1.010601	-1.069533	-28.168193	0.427611	-1.241755	-27.850431	0.469732	-1.089390	-28.153944	-0.041181	-1.216810	-28.136748	-0.046931	-1.263431	-27.874637	-0.055437	-1.004206	-27.826124	-0.109217	-1.076595
5356	74.399395	00:01:14:28	-27.963675	1.658624	-1.281381	-27.956036	1.700282	-1.093937	-28.074387	1.679814	-1.151314	-28.001303	1.552361	-1.147247	-28.033101	1.573855	-1.157295	-28.117896	1.508215	-1.250678	-27.903613	1.520535	-1.120124	-28.060684	1.493679	-0.924824	-27.955190	0.728150	-1.567515	-28.055169	1.457428	-0.554276	-28.105436	-0.045412	-2.057251	-28.070260	1.411642	-0.542297	-28.122009	-0.092309	-2.075804	-28.016427	1.445772	-0.551628	-28.101695	-0.101325	-2.082628	-28.174464	0.988474	-1.206855	-28.149548	0.950610	-1.280472	-27.872930	0.943498	-1.036976	-27.845750	0.978406	-1.095377	-28.138672	0.449691	-1.262805	-27.865296	0.440019	-1.103244	-28.166930	-0.038125	-1.217221	-28.170995	-0.066161	-1.260607	-27.895475	-0.065612	-1.060316	-27.847351	-0.061279	-1.069265
5357	74.413288	00:01:14:29	-27.951244	1.647200	-1.242736	-27.987460	1.657513	-1.108505	-28.080915	1.703632	-1.145296	-27.998081	1.551265	-1.196957	-28.008911	1.522284	-1.167396	-28.142118	1.507234	-1.252093	-27.880038	1.551929	-1.082007	-28.113618	1.493284	-0.910883	-27.988166	0.741135	-1.570244	-28.048096	1.415323	-0.549003	-28.062428	-0.040517	-2.062842	-28.012268	1.468925	-0.543639	-28.101252	-0.080168	-2.065902	-28.041800	1.415874	-0.559161	-28.109881	-0.057781	-2.038888	-28.191728	1.013015	-1.255437	-28.126682	0.965704	-1.279254	-27.875287	0.967563	-1.008798	-27.875611	0.960189	-1.099023	-28.163265	0.482960	-1.226961	-27.877949	0.464640	-1.062896	-28.197037	-0.048166	-1.208741	-28.111817	-0.064525	-1.248755	-27.880280	-0.050204	-1.022433	-27.848329	-0.057548	-1.089439
5358	74.427182	00:01:14:30	-27.957436	1.639256	-1.211016	-27.977593	1.667425	-1.086403	-28.073679	1.660095	-1.167042	-27.979825	1.521583	-1.176918	-27.986926	1.552373	-1.112645	-28.093494	1.528108	-1.243056	-27.886585	1.526119	-1.104158	-28.077062	1.479185	-0.887228	-27.990212	0.745494	-1.588674	-28.025374	1.409249	-0.509579	-28.067990	-0.056715	-2.069989	-28.033961	1.415518	-0.567598	-28.094267	-0.031181	-2.047493	-28.011116	1.455716	-0.571412	-28.098116	-0.029416	-2.056238	-28.176592	0.967658	-1.231012	-28.140850	0.998855	-1.268051	-27.879031	0.970476	-1.060415	-27.893607	0.973226	-1.071874	-28.159492	0.470683	-1.253209	-27.837482	0.457947	-1.059436	-28.184700	-0.056968	-1.194956	-28.109909	-0.100689	-1.262166	-27.823221	-0.044740	-0.992147	-27.878952	-0.051070	-1.071439
5359	74.441075	00:01:14:31	-27.981928	1.641194	-1.202415	-27.973278	1.626154	-1.112569	-28.051309	1.665428	-1.177891	-27.984339	1.540450	-1.135474	-28.003929	1.532585	-1.113968	-28.123210	1.504919	-1.253911	-27.812131	1.539314	-1.072590	-28.096987	1.471375	-0.895392	-27.972686	0.773661	-1.615341	-27.966595	1.415425	-0.566704	-28.102093	-0.050691	-2.042291	-28.015068	1.453776	-0.559653	-28.096841	-0.051651	-2.069710	-28.021534	1.444492	-0.533023	-28.095869	-0.023173	-2.067795	-28.177213	0.953670	-1.234304	-28.138187	0.927415	-1.261766	-27.896780	0.957989	-1.047567	-27.842938	0.944095	-1.087235	-28.156046	0.455700	-1.216591	-27.854358	0.461707	-1.052261	-28.178048	-0.028908	-1.175916	-28.127399	-0.082126	-1.275032	-27.880906	-0.055533	-0.995598	-27.839361	-0.037166	-1.071004
5360	74.454969	00:01:14:32	-27.948610	1.648397	-1.245698	-28.001786	1.636963	-1.080611	-28.085500	1.663439	-1.155951	-28.002085	1.516448	-1.159916	-28.030519	1.546765	-1.159922	-28.115527	1.506483	-1.242591	-27.850923	1.506998	-1.052968	-28.107877	1.503372	-0.925836	-27.969419	0.736477	-1.605619	-28.048037	1.453890	-0.532520	-28.084645	-0.044637	-2.078027	-28.025420	1.435376	-0.541211	-28.079761	-0.046402	-2.077893	-28.043870	1.455830	-0.551128	-28.093557	-0.052104	-2.061401	-28.153544	0.961717	-1.199298	-28.162984	0.959962	-1.280943	-27.880699	0.967163	-1.040908	-27.801860	0.958827	-1.069018	-28.192978	0.476314	-1.255722	-27.842873	0.446597	-1.029828	-28.190454	-0.055397	-1.185218	-28.182557	-0.028906	-1.262986	-27.846648	-0.062613	-0.988767	-27.821288	-0.077278	-1.087617
5361	74.468862	00:01:14:33	-27.967567	1.651958	-1.235683	-27.989763	1.650972	-1.068992	-28.095197	1.666313	-1.136482	-27.988173	1.566263	-1.177288	-28.024593	1.581911	-1.129289	-28.159231	1.557304	-1.255881	-27.843369	1.586224	-1.111897	-28.075334	1.467867	-0.912442	-27.979083	0.734903	-1.587532	-28.031714	1.427728	-0.586722	-28.087785	-0.035173	-2.047069	-28.008293	1.428257	-0.565659	-28.065865	-0.040156	-2.106821	-28.029904	1.450827	-0.578386	-28.069653	-0.067918	-2.074160	-28.170651	0.984679	-1.226540	-28.128346	0.978173	-1.298237	-27.871400	0.977550	-1.011569	-27.799826	0.980710	-1.102165	-28.164185	0.448988	-1.266850	-27.873480	0.423084	-1.072725	-28.179545	-0.050350	-1.241858	-28.123815	-0.083105	-1.273392	-27.882235	-0.030058	-1.036906	-27.839366	-0.055944	-1.061723
5362	74.482755	00:01:14:34	-27.966565	1.620987	-1.226455	-27.974541	1.643584	-1.093016	-28.042933	1.638071	-1.181792	-28.023874	1.538035	-1.164737	-28.017222	1.537527	-1.140735	-28.124632	1.560431	-1.287813	-27.859377	1.571841	-1.057944	-28.097176	1.500356	-0.896691	-28.007841	0.760213	-1.580474	-28.018128	1.453400	-0.551318	-28.099833	-0.017500	-2.058812	-28.053095	1.429658	-0.592847	-28.091996	-0.060424	-2.071013	-28.047968	1.416487	-0.562201	-28.089030	-0.036767	-2.076569	-28.158135	0.959911	-1.256778	-28.131866	0.954114	-1.279161	-27.876171	0.991476	-1.058107	-27.830661	0.958730	-1.108924	-28.139881	0.456803	-1.216824	-27.841557	0.448655	-1.060215	-28.186764	-0.040858	-1.192084	-28.162643	-0.040651	-1.276784	-27.851704	-0.053575	-1.020592	-27.819582	-0.038879	-1.042057
5363	74.496649	00:01:14:35	-27.932379	1.629800	-1.236749	-28.002939	1.623150	-1.122195	-28.089021	1.614991	-1.161202	-27.991727	1.570139	-1.197482	-27.979811	1.551817	-1.122822	-28.099180	1.545302	-1.249574	-27.857505	1.549474	-1.099452	-28.081425	1.509248	-0.929979	-27.996737	0.746255	-1.570553	-28.011594	1.422439	-0.563911	-28.139249	-0.030342	-2.072297	-28.055320	1.450599	-0.599598	-28.103971	-0.045096	-2.089218	-28.025617	1.449456	-0.539956	-28.049750	-0.044933	-2.054710	-28.197752	0.941066	-1.181351	-28.132281	0.952942	-1.272784	-27.878815	0.969230	-1.027540	-27.835036	0.983139	-1.080451	-28.145687	0.449840	-1.236102	-27.829254	0.439836	-1.056308	-28.175146	-0.060247	-1.193225	-28.113533	-0.074091	-1.278333	-27.846994	-0.047170	-0.994152	-27.848449	-0.022673	-1.076469
5364	74.510542	00:01:14:36	-27.950514	1.651187	-1.221247	-27.971209	1.692854	-1.076772	-28.078119	1.669246	-1.153630	-27.980864	1.525530	-1.153569	-28.027745	1.556371	-1.141118	-28.106070	1.536260	-1.248449	-27.873781	1.539926	-1.085078	-28.064626	1.493680	-0.907733	-27.978203	0.727572	-1.556357	-28.028460	1.462472	-0.594889	-28.086332	-0.038681	-2.079466	-28.014162	1.417012	-0.547242	-28.093115	-0.008715	-2.049419	-28.027261	1.438232	-0.575433	-28.090977	-0.045876	-2.051180	-28.171928	0.993996	-1.219529	-28.163420	0.979824	-1.274352	-27.907565	0.997726	-1.030423	-27.822165	0.974179	-1.062720	-28.155939	0.440431	-1.253158	-27.856962	0.458453	-1.063004	-28.184552	-0.067267	-1.195824	-28.139406	-0.054145	-1.245309	-27.873593	-0.042190	-1.036817	-27.849710	-0.059583	-1.072213
5365	74.524436	00:01:14:37	-27.973169	1.668417	-1.249575	-27.982442	1.710260	-1.107764	-28.059932	1.658545	-1.157953	-28.006452	1.555966	-1.160277	-28.008520	1.538304	-1.108416	-28.115538	1.524398	-1.247118	-27.868755	1.531809	-1.112968	-28.068999	1.507096	-0.884710	-27.961176	0.752691	-1.573632	-28.068344	1.432680	-0.550885	-28.110246	-0.014909	-2.098750	-28.024117	1.444285	-0.568008	-28.069965	-0.039592	-2.042123	-28.061361	1.437299	-0.553858	-28.069256	-0.060544	-2.060800	-28.183066	0.955255	-1.223773	-28.128496	0.980425	-1.267300	-27.911640	0.961019	-1.007342	-27.831737	0.982822	-1.097702	-28.146207	0.475636	-1.243116	-27.871038	0.462129	-1.047117	-28.173637	-0.033680	-1.217416	-28.143858	-0.093601	-1.238470	-27.881600	-0.021120	-0.995423	-27.808410	-0.046484	-1.063689
5366	74.538329	00:01:14:38	-27.964442	1.638104	-1.223006	-27.965344	1.661064	-1.103924	-28.072637	1.648391	-1.187426	-27.984544	1.525578	-1.168261	-28.007382	1.554770	-1.146081	-28.123002	1.553525	-1.280276	-27.889948	1.517607	-1.097903	-28.078188	1.474138	-0.919694	-27.948252	0.717206	-1.565350	-28.060604	1.408737	-0.551015	-28.089818	-0.045268	-2.077611	-28.028408	1.448551	-0.556936	-28.098689	-0.056221	-2.059025	-28.002529	1.420545	-0.581652	-28.084383	-0.054355	-2.037885	-28.148441	1.002459	-1.221887	-28.168322	0.976322	-1.311720	-27.870477	0.971724	-1.018071	-27.828567	0.954443	-1.056359	-28.143626	0.495833	-1.242845	-27.886495	0.467803	-1.043149	-28.200284	-0.075225	-1.179221	-28.140860	-0.073752	-1.283676	-27.853114	-0.029099	-0.998056	-27.833190	-0.053166	-1.068537
5367	74.552223	00:01:14:39	-27.945531	1.625540	-1.210638	-27.963400	1.684751	-1.110035	-28.073378	1.656474	-1.142146	-28.004721	1.556505	-1.161062	-27.987276	1.551362	-1.147733	-28.150597	1.549671	-1.249635	-27.873084	1.532751	-1.078901	-28.058786	1.493175	-0.898891	-27.971901	0.707901	-1.574410	-28.026889	1.442646	-0.535484	-28.068315	-0.020861	-2.068277	-28.066382	1.445307	-0.556899	-28.084838	-0.060786	-2.059443	-28.038831	1.401456	-0.556039	-28.077007	-0.068968	-2.047204	-28.174804	0.947260	-1.199272	-28.139386	0.952523	-1.274609	-27.853187	0.979592	-1.048246	-27.884691	0.946362	-1.113281	-28.191401	0.456400	-1.260022	-27.867030	0.450555	-1.067717	-28.157525	-0.079679	-1.200217	-28.139448	-0.030261	-1.230344	-27.891747	-0.081756	-1.002026	-27.845379	-0.081997	-1.070449
5368	74.566116	00:01:14:40	-27.978985	1.664835	-1.240613	-27.990225	1.678308	-1.102093	-28.093592	1.651704	-1.169776	-28.009478	1.569884	-1.172984	-28.024900	1.568634	-1.175510	-28.130332	1.540670	-1.266643	-27.871294	1.558635	-1.122771	-28.082915	1.493210	-0.915875	-27.967557	0.731472	-1.570444	-28.062486	1.412791	-0.549353	-28.102466	-0.022292	-2.053465	-28.015186	1.417800	-0.550183	-28.105098	-0.057930	-2.039264	-28.019410	1.416445	-0.546574	-28.105362	-0.030954	-2.053721	-28.164158	0.955132	-1.223662	-28.150272	0.953994	-1.292291	-27.834289	0.983670	-1.036607	-27.824662	0.973266	-1.097919	-28.143433	0.451982	-1.229052	-27.879131	0.462574	-1.048178	-28.220750	-0.071744	-1.197843	-28.159607	-0.038252	-1.270219	-27.884220	-0.043523	-1.031325	-27.841154	-0.085307	-1.070434
5369	74.580010	00:01:14:41	-27.928836	1.637338	-1.234589	-28.004648	1.682236	-1.109883	-28.064265	1.664148	-1.155682	-27.980347	1.528650	-1.184838	-28.019779	1.517238	-1.147584	-28.131137	1.539948	-1.296900	-27.912477	1.507946	-1.107894	-28.077740	1.484681	-0.894307	-27.990644	0.696258	-1.564173	-28.018102	1.412609	-0.558229	-28.092363	-0.024288	-2.081074	-28.029141	1.431012	-0.521446	-28.106388	-0.015370	-2.041819	-28.010488	1.413149	-0.524025	-28.093042	-0.055457	-2.055939	-28.181830	0.979228	-1.253247	-28.106774	0.938681	-1.281090	-27.867979	0.959175	-1.023954	-27.827948	0.966445	-1.079205	-28.152009	0.497584	-1.249239	-27.866878	0.457595	-1.034728	-28.154284	-0.026882	-1.231660	-28.142628	-0.090847	-1.264340	-27.862976	-0.041360	-1.022725	-27.813106	-0.085167	-1.064983
5370	74.593903	00:01:14:42	-27.947889	1.628254	-1.254972	-27.957196	1.664565	-1.109660	-28.076853	1.664202	-1.149739	-27.967463	1.536302	-1.169238	-27.989172	1.546674	-1.123018	-28.120239	1.530399	-1.258456	-27.881228	1.545429	-1.113956	-28.076542	1.510529	-0.908279	-27.967371	0.758515	-1.613073	-28.032926	1.432834	-0.564783	-28.085209	-0.080867	-2.069435	-28.014342	1.420058	-0.529506	-28.107533	-0.013661	-2.046907	-28.030845	1.403005	-0.557493	-28.085455	-0.075278	-2.055246	-28.197779	0.953373	-1.225857	-28.098708	0.945785	-1.266384	-27.865510	0.952579	-1.045289	-27.832297	0.951979	-1.070119	-28.108502	0.441912	-1.246134	-27.854973	0.465888	-1.044211	-28.152901	-0.060231	-1.225998	-28.149930	-0.029534	-1.284847	-27.873862	-0.066697	-1.035702	-27.854773	-0.070639	-1.065905
5371	74.607796	00:01:14:43	-27.941420	1.635592	-1.244502	-28.007842	1.639625	-1.113093	-28.087970	1.667806	-1.173381	-28.038759	1.510142	-1.187159	-28.049017	1.534864	-1.177758	-28.126743	1.550371	-1.247245	-27.876712	1.525390	-1.102589	-28.081512	1.480091	-0.916538	-27.997901	0.758065	-1.568177	-28.006880	1.435881	-0.542236	-28.104141	-0.044313	-2.054649	-28.014207	1.453532	-0.583193	-28.100922	-0.064394	-2.075750	-28.027495	1.412168	-0.575246	-28.115187	-0.045564	-2.053527	-28.129519	0.968549	-1.235182	-28.116368	0.964365	-1.268893	-27.871074	0.976290	-1.012637	-27.854584	0.955786	-1.077151	-28.162958	0.472876	-1.258792	-27.850900	0.464596	-1.037630	-28.185030	-0.085277	-1.237521	-28.141421	-0.069822	-1.278082	-27.859398	-0.051445	-1.032305	-27.813951	-0.032344	-1.049910
5372	74.621690	00:01:14:44	-27.959860	1.650022	-1.234018	-27.995754	1.660662	-1.078301	-28.088974	1.672261	-1.148957	-28.024146	1.552256	-1.193949	-28.009231	1.527076	-1.162897	-28.099208	1.534701	-1.257732	-27.850009	1.515554	-1.099457	-28.090797	1.444284	-0.935338	-28.021168	0.736111	-1.583654	-28.046627	1.438567	-0.586589	-28.101416	-0.046120	-2.086228	-28.011488	1.416407	-0.552838	-28.105596	-0.065475	-2.081418	-28.039294	1.444003	-0.562766	-28.076085	-0.024189	-2.061645	-28.166825	0.988459	-1.248397	-28.161141	0.975196	-1.294693	-27.893138	0.988491	-1.043992	-27.833216	0.923295	-1.105997	-28.179867	0.463521	-1.280273	-27.857318	0.474278	-1.035231	-28.184762	-0.039139	-1.197004	-28.127064	-0.038259	-1.281962	-27.875814	-0.034380	-1.025838	-27.859818	-0.102227	-1.091298
5373	74.635583	00:01:14:45	-27.968385	1.625835	-1.214619	-27.983237	1.670528	-1.085719	-28.074450	1.660506	-1.190539	-28.010460	1.538540	-1.168539	-28.048883	1.549713	-1.126889	-28.133121	1.550555	-1.240953	-27.854707	1.532732	-1.074796	-28.110578	1.504141	-0.905445	-28.000930	0.730440	-1.571537	-28.043187	1.416791	-0.568287	-28.106227	-0.045387	-2.067623	-28.036155	1.434196	-0.556179	-28.088166	-0.028429	-2.062320	-28.038906	1.424855	-0.564542	-28.098896	-0.016402	-2.062880	-28.164913	0.999482	-1.245034	-28.134427	0.971850	-1.295751	-27.845182	0.956267	-1.035407	-27.850002	0.991793	-1.096768	-28.192643	0.422856	-1.259628	-27.883732	0.466597	-1.048143	-28.143583	-0.029654	-1.205860	-28.128997	-0.056644	-1.227437	-27.892930	-0.030543	-1.052289	-27.859787	-0.059367	-1.057182
5374	74.649477	00:01:14:46	-27.960979	1.668366	-1.249278	-27.989408	1.655452	-1.090839	-28.063989	1.686009	-1.158001	-27.976732	1.545873	-1.194041	-27.990604	1.562517	-1.134135	-28.118242	1.544991	-1.247513	-27.910463	1.520725	-1.105450	-28.098019	1.485134	-0.904967	-27.975874	0.756059	-1.583678	-28.024185	1.421165	-0.523546	-28.068705	-0.004827	-2.068762	-28.020368	1.412291	-0.554127	-28.105052	-0.053409	-2.046095	-28.039653	1.414184	-0.571908	-28.096883	-0.050043	-2.061780	-28.168061	0.970567	-1.232722	-28.183623	0.961282	-1.256356	-27.847663	0.970298	-1.037256	-27.852108	0.960085	-1.079809	-28.151835	0.462887	-1.242254	-27.861295	0.428422	-1.080047	-28.167098	-0.071097	-1.210829	-28.145680	-0.060778	-1.261449	-27.896730	-0.058603	-1.052943	-27.831470	-0.068320	-1.051717
5375	74.663370	00:01:14:47	-27.932358	1.671821	-1.251147	-27.967987	1.682708	-1.116024	-28.067401	1.639337	-1.157380	-27.988448	1.510309	-1.175892	-28.035453	1.525646	-1.118416	-28.121251	1.530603	-1.231088	-27.878880	1.560513	-1.088212	-28.087156	1.483875	-0.898290	-28.007911	0.755015	-1.564381	-28.048505	1.436954	-0.543206	-28.096955	-0.047342	-2.053672	-28.018733	1.431383	-0.561492	-28.084823	-0.039306	-2.079134	-28.045656	1.420864	-0.555937	-28.125296	-0.019481	-2.079727	-28.188622	0.975111	-1.228654	-28.165983	0.985288	-1.293587	-27.865140	0.921544	-1.023789	-27.835952	0.987671	-1.043821	-28.177526	0.456909	-1.250545	-27.834916	0.447292	-1.066569	-28.175398	-0.041506	-1.216077	-28.143622	-0.065011	-1.267949	-27.908892	-0.046268	-1.005080	-27.817395	-0.062941	-1.074382
5376	74.677264	00:01:14:48	-27.989927	1.647331	-1.245268	-27.959873	1.657324	-1.072205	-28.056617	1.658910	-1.152910	-27.982218	1.552194	-1.158396	-27.990619	1.542926	-1.159192	-28.164023	1.522375	-1.254700	-27.883225	1.559572	-1.099803	-28.077417	1.488926	-0.888120	-27.995812	0.737159	-1.584552	-28.028548	1.392829	-0.551236	-28.101026	-0.014540	-2.089410	-28.061048	1.427733	-0.529619	-28.096138	-0.037007	-2.052913	-28.030744	1.431721	-0.578396	-28.078744	-0.024014	-2.057259	-28.173333	0.980239	-1.245187	-28.129930	0.986091	-1.308268	-27.874668	0.979511	-1.065907	-27.874501	0.947925	-1.088453	-28.169129	0.463230	-1.238341	-27.851889	0.435185	-1.015949	-28.179014	-0.074446	-1.193835	-28.139611	-0.043001	-1.244894	-27.893641	-0.085080	-0.995665	-27.890652	-0.056378	-1.066774
5377	74.691157	00:01:14:49	-27.966101	1.634202	-1.263939	-27.952015	1.620575	-1.118370	-28.079845	1.678899	-1.145096	-27.984756	1.527823	-1.192031	-28.032547	1.560233	-1.138498	-28.098029	1.536544	-1.256230	-27.874594	1.567975	-1.117563	-28.077772	1.503095	-0.894317	-27.972955	0.745592	-1.615962	-28.024342	1.453308	-0.568403	-28.113383	-0.028575	-2.086916	-28.040593	1.400519	-0.543178	-28.092936	-0.056454	-2.040632	-28.046953	1.421230	-0.579801	-28.117319	-0.018106	-2.072696	-28.167370	0.969052	-1.201308	-28.142836	0.932900	-1.279848	-27.862487	0.966331	-1.004089	-27.854248	0.965786	-1.073282	-28.130108	0.459411	-1.238816	-27.840785	0.477153	-1.052992	-28.163564	-0.046538	-1.188506	-28.156286	-0.043509	-1.262955	-27.871032	-0.061903	-0.994158	-27.825357	-0.063850	-1.061491
5378	74.705051	00:01:14:50	-27.955920	1.635993	-1.231953	-27.993143	1.674458	-1.100713	-28.069712	1.647255	-1.192350	-27.972348	1.552327	-1.184214	-28.008145	1.543467	-1.113516	-28.144585	1.549485	-1.270872	-27.886172	1.532051	-1.115918	-28.096347	1.485302	-0.905134	-27.996639	0.746114	-1.579278	-28.004753	1.483794	-0.566339	-28.080788	-0.063873	-2.064090	-28.029950	1.405455	-0.562098	-28.106033	-0.039978	-2.073810	-28.021513	1.447736	-0.557082	-28.090620	-0.044410	-2.025524	-28.156035	0.996575	-1.229125	-28.160452	0.984449	-1.257162	-27.851753	0.979545	-1.039362	-27.879789	0.950260	-1.097597	-28.145199	0.481136	-1.267550	-27.850662	0.471497	-1.058754	-28.153604	-0.037237	-1.190687	-28.150431	-0.073247	-1.249276	-27.864792	-0.050931	-1.029551	-27.827166	-0.048807	-1.053541
5379	74.718944	00:01:14:51	-27.945259	1.646370	-1.246528	-27.983198	1.665822	-1.095739	-28.056458	1.660027	-1.153398	-27.987901	1.539271	-1.182613	-28.025405	1.523800	-1.121095	-28.131289	1.571202	-1.269232	-27.884716	1.542860	-1.088478	-28.094310	1.493887	-0.909142	-27.964571	0.769079	-1.590048	-28.066424	1.461922	-0.562976	-28.112018	-0.044230	-2.034003	-28.016564	1.414693	-0.574198	-28.085574	-0.029672	-2.057008	-28.042406	1.429009	-0.579980	-28.099058	-0.052711	-2.085712	-28.171612	0.979714	-1.241152	-28.149914	0.976192	-1.278235	-27.876383	0.958120	-1.045177	-27.834158	0.972416	-1.061301	-28.160055	0.466635	-1.237535	-27.836274	0.436786	-1.061226	-28.193694	-0.040386	-1.169537	-28.157316	-0.048404	-1.240451	-27.885035	-0.051751	-1.031974	-27.845304	-0.082664	-1.035388
5380	74.732837	00:01:14:52	-27.970579	1.644620	-1.256673	-27.975368	1.642647	-1.087153	-28.093341	1.653988	-1.140248	-28.006687	1.526238	-1.182714	-27.960604	1.576617	-1.139780	-28.119778	1.536637	-1.266326	-27.877345	1.521906	-1.102434	-28.085730	1.516739	-0.895634	-27.997760	0.772452	-1.545015	-28.015892	1.441626	-0.550230	-28.110168	-0.028867	-2.066135	-28.058837	1.401976	-0.567924	-28.110731	-0.052371	-2.063014	-28.018100	1.436427	-0.558086	-28.111932	-0.051346	-2.065585	-28.212693	0.970687	-1.218480	-28.113669	0.958621	-1.327966	-27.891738	0.955944	-1.048981	-27.836249	0.976470	-1.082067	-28.175870	0.440289	-1.226263	-27.825022	0.439567	-1.040336	-28.166392	-0.057948	-1.232409	-28.122127	-0.091216	-1.241154	-27.880444	-0.076849	-1.038531	-27.883641	-0.043180	-1.074728
5381	74.746731	00:01:14:53	-27.949631	1.650475	-1.220400	-27.989017	1.667061	-1.082462	-28.055480	1.659558	-1.170307	-27.951606	1.541611	-1.167126	-28.011729	1.560999	-1.148603	-28.136804	1.538005	-1.267984	-27.854928	1.544574	-1.075023	-28.058900	1.457171	-0.895489	-27.977114	0.764050	-1.603639	-27.995577	1.431670	-0.565616	-28.078640	-0.053862	-2.074842	-28.043205	1.423264	-0.539934	-28.072535	-0.047455	-2.027781	-28.022912	1.451725	-0.559555	-28.063088	-0.013827	-2.075155	-28.185946	0.973667	-1.200692	-28.125378	0.961159	-1.284775	-27.863304	0.955430	-1.045711	-27.835966	1.001933	-1.083937	-28.159364	0.434361	-1.240121	-27.844598	0.453615	-1.089381	-28.145381	-0.034854	-1.209603	-28.164617	-0.056510	-1.232281	-27.854555	-0.039002	-1.003020	-27.871651	-0.074236	-1.073018
5382	74.760624	00:01:14:54	-27.983489	1.652919	-1.235341	-27.994016	1.679201	-1.096167	-28.068007	1.662189	-1.123193	-28.013198	1.518303	-1.182643	-28.016673	1.544684	-1.158941	-28.140679	1.522277	-1.265465	-27.869174	1.546061	-1.090551	-28.072209	1.482032	-0.899405	-28.018738	0.760437	-1.567834	-28.019558	1.406614	-0.547051	-28.094816	-0.024127	-2.029434	-28.015911	1.412798	-0.591423	-28.112246	-0.051756	-2.066133	-28.041950	1.447039	-0.536705	-28.097577	-0.053073	-2.046717	-28.176069	0.989418	-1.241145	-28.134716	0.971967	-1.297320	-27.880984	1.009612	-1.045809	-27.816456	1.018307	-1.081727	-28.184605	0.491059	-1.248623	-27.859659	0.437742	-1.039866	-28.172195	-0.052263	-1.222102	-28.123053	-0.053927	-1.250617	-27.893315	-0.027476	-1.036494	-27.821999	-0.063897	-1.060566
5383	74.774518	00:01:14:55	-27.962717	1.624388	-1.232220	-28.004960	1.666355	-1.084154	-28.092035	1.647238	-1.153491	-28.010169	1.541441	-1.147409	-27.994627	1.532933	-1.137712	-28.123403	1.531291	-1.260906	-27.861189	1.586399	-1.083830	-28.074623	1.482871	-0.904895	-27.985288	0.770189	-1.577081	-28.024929	1.453919	-0.552096	-28.090058	-0.031428	-2.068736	-27.997199	1.464021	-0.565847	-28.061863	-0.046722	-2.041882	-28.024152	1.436812	-0.537557	-28.078896	-0.029800	-2.040507	-28.134250	0.945045	-1.184424	-28.131461	0.949941	-1.263367	-27.862069	0.966762	-1.056372	-27.799624	0.927666	-1.099886	-28.142334	0.468620	-1.261777	-27.861334	0.451779	-1.059010	-28.182422	-0.040704	-1.240207	-28.147109	-0.074057	-1.244862	-27.867080	-0.084988	-1.023268	-27.831905	-0.073802	-1.074776
5384	74.788411	00:01:14:56	-27.953896	1.643209	-1.248016	-27.973981	1.648892	-1.115110	-28.035742	1.667039	-1.165767	-27.989401	1.559380	-1.135563	-27.996968	1.553272	-1.174212	-28.119024	1.554509	-1.252453	-27.859722	1.543043	-1.120463	-28.084643	1.499005	-0.900449	-27.971041	0.782690	-1.584298	-28.043835	1.428452	-0.542842	-28.091879	-0.000818	-2.079713	-27.994689	1.487808	-0.557818	-28.091932	-0.057227	-2.057521	-28.023223	1.397463	-0.553098	-28.104336	-0.052966	-2.048208	-28.163080	0.954782	-1.263617	-28.129700	0.942942	-1.259606	-27.870351	0.941365	-1.045558	-27.825214	0.981812	-1.130813	-28.158582	0.430784	-1.244457	-27.863338	0.474879	-1.047710	-28.168778	-0.052159	-1.208267	-28.148935	-0.061026	-1.311616	-27.849872	-0.026210	-1.013162	-27.816240	-0.066319	-1.065301
5385	74.802305	00:01:14:57	-27.959721	1.623464	-1.228578	-27.969927	1.666589	-1.079846	-28.075125	1.669471	-1.139086	-27.993369	1.499724	-1.168829	-28.032676	1.556178	-1.152707	-28.128739	1.542814	-1.258739	-27.833398	1.544133	-1.058844	-28.063156	1.484432	-0.916090	-27.994554	0.755474	-1.560147	-28.043376	1.447899	-0.550488	-28.080294	-0.031448	-2.045605	-28.025622	1.437179	-0.554811	-28.118266	-0.037029	-2.069512	-28.003334	1.426335	-0.563877	-28.096519	-0.047229	-2.028887	-28.161876	0.975475	-1.226736	-28.123365	0.940151	-1.274543	-27.880820	1.001949	-1.049626	-27.839460	0.982640	-1.088773	-28.159559	0.448851	-1.205893	-27.838404	0.468576	-1.064154	-28.136176	-0.037428	-1.172478	-28.171771	-0.049867	-1.260832	-27.872011	-0.061874	-1.036550	-27.842164	-0.064629	-1.064665
5386	74.816198	00:01:14:58	-27.931120	1.640950	-1.253427	-27.951997	1.667096	-1.088402	-28.070711	1.666746	-1.178726	-27.989266	1.567378	-1.160805	-28.051892	1.570999	-1.127905	-28.108647	1.510063	-1.296107	-27.895714	1.526904	-1.108042	-28.070834	1.468272	-0.911437	-27.974712	0.740943	-1.568361	-28.063420	1.426774	-0.552189	-28.095613	-0.052505	-2.079412	-27.999097	1.463381	-0.562507	-28.083076	-0.025937	-2.075748	-28.020249	1.426830	-0.579019	-28.079218	-0.029238	-2.062825	-28.172835	0.974457	-1.241934	-28.151995	0.983614	-1.240104	-27.900819	0.988896	-1.057749	-27.798968	0.965634	-1.109483	-28.124719	0.455081	-1.270948	-27.866682	0.445921	-1.083025	-28.164917	-0.027416	-1.188713	-28.108898	-0.054669	-1.246247	-27.843846	-0.029152	-1.052679	-27.855570	-0.085276	-1.086674
5387	74.830092	00:01:14:59	-27.975422	1.648143	-1.237115	-27.968984	1.664659	-1.121147	-28.076099	1.695177	-1.145764	-28.002134	1.545219	-1.201889	-28.051660	1.562844	-1.125200	-28.125129	1.564544	-1.235206	-27.888900	1.524897	-1.114014	-28.055835	1.474444	-0.920828	-27.989816	0.754392	-1.579874	-28.047559	1.421739	-0.523927	-28.084664	-0.058247	-2.058955	-27.999302	1.445140	-0.563422	-28.092810	-0.065617	-2.079490	-28.017135	1.382997	-0.569352	-28.083152	-0.050719	-2.087505	-28.180072	0.937924	-1.220193	-28.137551	0.980908	-1.293244	-27.888046	0.970619	-1.042983	-27.824661	0.966470	-1.068895	-28.152908	0.471242	-1.241914	-27.879511	0.458244	-1.040820	-28.186251	-0.060495	-1.216196	-28.133886	-0.045515	-1.279050	-27.882554	-0.059271	-1.016283	-27.858543	-0.082477	-1.076675
5388	74.843985	00:01:14:60	-27.981626	1.659874	-1.228509	-27.977897	1.706518	-1.111708	-28.051829	1.661174	-1.123312	-28.026195	1.510646	-1.183383	-28.003624	1.501956	-1.131609	-28.102005	1.514630	-1.255756	-27.873753	1.544218	-1.119578	-28.062985	1.485303	-0.917636	-28.000676	0.751371	-1.615425	-28.060529	1.404630	-0.554797	-28.102203	-0.051450	-2.072818	-28.032417	1.428909	-0.548888	-28.077600	-0.059027	-2.063906	-28.025413	1.464352	-0.581164	-28.071570	-0.049289	-2.090766	-28.190389	0.986851	-1.213007	-28.172976	0.946128	-1.284438	-27.896886	0.989620	-1.092674	-27.815034	0.947097	-1.098219	-28.168196	0.446551	-1.270427	-27.872466	0.469738	-1.088296	-28.179768	-0.042704	-1.223814	-28.132612	-0.065540	-1.283551	-27.849980	-0.066070	-1.025445	-27.828223	-0.057193	-1.071346
5389	74.857878	00:01:14:61	-27.958074	1.671066	-1.223341	-27.974825	1.652593	-1.105979	-28.061429	1.677668	-1.154013	-28.004386	1.501810	-1.170289	-28.019449	1.557327	-1.174199	-28.124097	1.546814	-1.266095	-27.870049	1.527561	-1.076181	-28.078342	1.445927	-0.882122	-27.994449	0.762144	-1.582316	-28.040155	1.431468	-0.559502	-28.108020	-0.072846	-2.092116	-28.021064	1.427316	-0.539668	-28.109641	-0.070361	-2.063590	-28.044274	1.416217	-0.525283	-28.097318	-0.076346	-2.064383	-28.189922	0.976535	-1.224069	-28.151087	0.941952	-1.273768	-27.866786	1.004559	-1.045168	-27.852794	0.966705	-1.107084	-28.171665	0.445987	-1.246470	-27.857553	0.459652	-1.046607	-28.158804	-0.074332	-1.181178	-28.182161	-0.062411	-1.244599	-27.893148	-0.090860	-1.015014	-27.846596	-0.080169	-1.058379
5390	74.871772	00:01:14:62	-27.936781	1.633492	-1.199764	-27.974358	1.693020	-1.096706	-28.102346	1.686863	-1.154328	-27.989766	1.544478	-1.144032	-28.013930	1.569339	-1.135028	-28.124002	1.511515	-1.285097	-27.891913	1.542367	-1.106565	-28.042513	1.495892	-0.898676	-27.959228	0.748440	-1.577133	-28.032502	1.458312	-0.573501	-28.088707	-0.072763	-2.056115	-28.015365	1.426985	-0.565206	-28.102291	-0.031734	-2.069761	-28.060983	1.430030	-0.572251	-28.091831	-0.045060	-2.049707	-28.206787	0.969395	-1.238672	-28.125741	0.980817	-1.281536	-27.888733	0.973483	-1.029426	-27.841791	0.956156	-1.109430	-28.148264	0.447561	-1.238806	-27.845187	0.475709	-1.082170	-28.186505	-0.031929	-1.198524	-28.179964	-0.048047	-1.256530	-27.871742	-0.038764	-0.993026	-27.850153	-0.071608	-1.051879
5391	74.885665	00:01:14:63	-27.947194	1.638458	-1.221586	-27.978805	1.669474	-1.055613	-28.074684	1.658585	-1.151269	-28.002599	1.524944	-1.188887	-28.021739	1.562715	-1.129137	-28.114143	1.532029	-1.278801	-27.901151	1.541396	-1.103582	-28.072351	1.505651	-0.927745	-28.004288	0.725986	-1.609844	-28.009741	1.434945	-0.569004	-28.091717	-0.051945	-2.067427	-28.055263	1.450729	-0.531939	-28.090584	-0.071701	-2.080733	-28.022801	1.457213	-0.581338	-28.109126	-0.051997	-2.066070	-28.179854	0.977722	-1.227055	-28.159615	0.974585	-1.268123	-27.857056	0.974158	-1.026140	-27.813990	0.973998	-1.102061	-28.172834	0.458676	-1.240898	-27.861423	0.458511	-1.077301	-28.175286	-0.061881	-1.206010	-28.145507	-0.075001	-1.256338	-27.889124	-0.067313	-1.025968	-27.871763	-0.045064	-1.060873
5392	74.899559	00:01:14:64	-27.962331	1.639159	-1.239597	-27.997014	1.648076	-1.053821	-28.101787	1.630781	-1.145283	-27.965355	1.533991	-1.171652	-28.048107	1.559540	-1.129155	-28.157529	1.566347	-1.247263	-27.902444	1.543495	-1.091979	-28.089280	1.485344	-0.903412	-27.985956	0.755200	-1.587488	-28.010935	1.440642	-0.541891	-28.101978	-0.028954	-2.086629	-28.019618	1.437284	-0.533118	-28.111158	-0.079113	-2.072451	-28.051092	1.444894	-0.547551	-28.072985	-0.056131	-2.057888	-28.168090	0.984593	-1.236433	-28.122824	0.952177	-1.267550	-27.872560	0.991868	-1.039973	-27.844630	0.971519	-1.045611	-28.178957	0.450760	-1.261628	-27.871836	0.448701	-1.008879	-28.154697	-0.072022	-1.218876	-28.132367	-0.077675	-1.263103	-27.859553	-0.056118	-1.017830	-27.884862	-0.049835	-1.086876
5393	74.913452	00:01:14:65	-27.965718	1.653331	-1.195830	-27.996934	1.664097	-1.090701	-28.064159	1.659618	-1.150515	-27.982584	1.521889	-1.210059	-28.012550	1.532485	-1.141831	-28.129901	1.541045	-1.235130	-27.877944	1.528651	-1.102520	-28.104733	1.441372	-0.923498	-27.993323	0.734192	-1.591827	-28.044914	1.436595	-0.564792	-28.129022	-0.054420	-2.065469	-28.038054	1.445759	-0.575676	-28.111704	-0.041414	-2.083544	-28.010242	1.431776	-0.544478	-28.113859	-0.071379	-2.025984	-28.188084	0.971839	-1.236195	-28.153422	0.976170	-1.274969	-27.880751	0.965812	-1.031889	-27.819483	0.973063	-1.091733	-28.149886	0.453805	-1.253312	-27.852699	0.440977	-1.043856	-28.177798	-0.031205	-1.205115	-28.142157	-0.054080	-1.255764	-27.887171	-0.074969	-1.012892	-27.837475	-0.054789	-1.096700
5394	74.927346	00:01:14:66	-27.935770	1.626408	-1.242520	-27.994250	1.674251	-1.115097	-28.097831	1.675671	-1.147900	-27.980414	1.573383	-1.178721	-28.024818	1.559753	-1.149602	-28.153595	1.547122	-1.237192	-27.874255	1.542748	-1.088229	-28.076268	1.504527	-0.904936	-28.005752	0.746682	-1.586693	-28.038040	1.463281	-0.555491	-28.122708	-0.045888	-2.055342	-28.035258	1.445850	-0.524330	-28.090227	-0.034090	-2.055997	-28.049972	1.433326	-0.584754	-28.091932	-0.035156	-2.046136	-28.171290	0.984638	-1.226224	-28.122037	0.946589	-1.295536	-27.873341	0.973606	-1.037818	-27.846690	0.977616	-1.093089	-28.155291	0.484638	-1.241682	-27.851807	0.422077	-1.051526	-28.172530	-0.059598	-1.212094	-28.149287	-0.049878	-1.253152	-27.846292	-0.067670	-1.017911	-27.846239	-0.089919	-1.093206
5395	74.941239	00:01:14:67	-27.941081	1.635787	-1.230565	-28.001663	1.630655	-1.095494	-28.092508	1.652715	-1.145964	-27.982922	1.532631	-1.177215	-28.015783	1.547321	-1.133691	-28.136351	1.532805	-1.224154	-27.883455	1.561279	-1.102825	-28.073825	1.478575	-0.916587	-27.977284	0.752834	-1.598150	-28.022183	1.443297	-0.563215	-28.115524	-0.069490	-2.077776	-28.046170	1.413001	-0.576435	-28.108151	-0.010568	-2.090126	-28.006422	1.423558	-0.516032	-28.096358	-0.018197	-2.075181	-28.151076	0.966863	-1.267937	-28.166679	0.956919	-1.276299	-27.874921	0.944123	-1.080378	-27.829248	0.970983	-1.109034	-28.161519	0.452693	-1.240545	-27.877463	0.436851	-1.097841	-28.151233	-0.059624	-1.221298	-28.136812	-0.060308	-1.230109	-27.896751	-0.095814	-1.013460	-27.861942	-0.047342	-1.107506
5396	74.955133	00:01:14:68	-27.935315	1.659057	-1.244866	-27.969198	1.651888	-1.135099	-28.088714	1.657461	-1.174130	-27.996825	1.508931	-1.206957	-28.011916	1.563726	-1.144144	-28.131730	1.566421	-1.243227	-27.863737	1.560067	-1.118000	-28.086616	1.511839	-0.914624	-27.986575	0.782207	-1.603407	-28.049084	1.428665	-0.593472	-28.117689	-0.028521	-2.074738	-28.022420	1.430962	-0.561997	-28.065407	-0.067732	-2.058445	-28.035224	1.432570	-0.560361	-28.103923	-0.026090	-2.081361	-28.174675	0.948866	-1.245003	-28.142325	0.949616	-1.262521	-27.875461	0.994313	-1.014643	-27.858379	0.991351	-1.084351	-28.135724	0.468466	-1.283349	-27.844009	0.446416	-1.082517	-28.153964	-0.064945	-1.186649	-28.144235	-0.082229	-1.263025	-27.862901	-0.020065	-0.990215	-27.856956	-0.052397	-1.090141
5397	74.969026	00:01:14:69	-27.959363	1.621990	-1.253359	-27.929475	1.673496	-1.088969	-28.102091	1.655326	-1.161307	-28.029603	1.513250	-1.168589	-28.012675	1.554535	-1.131704	-28.113644	1.534262	-1.273545	-27.869764	1.567668	-1.108201	-28.094897	1.476621	-0.919802	-27.987866	0.752226	-1.579647	-28.036992	1.417736	-0.583906	-28.108337	-0.039805	-2.038502	-28.041987	1.414250	-0.562732	-28.083539	-0.066293	-2.032978	-28.022912	1.436928	-0.573345	-28.118752	-0.065128	-2.056008	-28.174367	0.982169	-1.235930	-28.159113	1.000639	-1.266230	-27.874266	0.930689	-1.025538	-27.846819	0.962808	-1.105798	-28.184590	0.450117	-1.286754	-27.832449	0.446493	-1.043952	-28.185570	-0.038375	-1.194821	-28.158784	-0.066478	-1.234124	-27.871254	-0.045744	-1.004025	-27.864274	-0.056607	-1.077087
5398	74.982919	00:01:14:70	-27.968276	1.630815	-1.272280	-27.969998	1.665350	-1.110853	-28.109894	1.655460	-1.142901	-27.982284	1.527489	-1.164750	-28.035425	1.582838	-1.126204	-28.142605	1.547507	-1.278056	-27.871093	1.565314	-1.095706	-28.047533	1.482085	-0.902070	-28.000834	0.748707	-1.608250	-28.042408	1.437426	-0.522342	-28.102499	-0.056262	-2.057052	-28.044637	1.423785	-0.534395	-28.105794	-0.029550	-2.072396	-28.031268	1.408872	-0.548546	-28.087951	-0.041898	-2.045263	-28.166820	0.991138	-1.226623	-28.161810	0.969599	-1.281082	-27.879202	0.960661	-1.081374	-27.812556	0.966985	-1.090552	-28.168903	0.451135	-1.263845	-27.887976	0.455966	-1.035482	-28.195076	-0.040277	-1.198488	-28.145542	-0.048246	-1.217589	-27.859684	-0.032359	-1.022708	-27.827781	-0.071892	-1.069145
5399	74.996813	00:01:14:71	-27.960849	1.643527	-1.252925	-27.967227	1.671247	-1.112792	-28.104440	1.660942	-1.154075	-27.980262	1.576756	-1.179043	-28.038669	1.541956	-1.144470	-28.162861	1.519536	-1.237531	-27.886469	1.541698	-1.099555	-28.092121	1.468963	-0.911655	-27.975152	0.737176	-1.587107	-28.035148	1.408653	-0.575942	-28.094423	-0.006866	-2.053807	-28.025226	1.433484	-0.552604	-28.092111	-0.024524	-2.052656	-28.034890	1.417422	-0.534374	-28.075448	-0.027421	-2.048199	-28.189915	0.972423	-1.243207	-28.170269	0.951380	-1.265619	-27.879872	0.970775	-1.055834	-27.861229	0.942663	-1.075426	-28.184435	0.475582	-1.271964	-27.848716	0.453895	-1.033507	-28.180219	-0.060806	-1.234136	-28.166251	-0.047719	-1.229118	-27.875656	-0.040287	-1.026067	-27.830407	-0.047610	-1.075133
5400	75.010706	00:01:15:00	-27.952376	1.621186	-1.228097	-27.967538	1.682849	-1.091154	-28.085470	1.677291	-1.145726	-27.980575	1.538174	-1.167341	-28.008019	1.535605	-1.138890	-28.149311	1.534870	-1.260356	-27.889307	1.582554	-1.107964	-28.080093	1.475994	-0.920004	-27.984145	0.734272	-1.586752	-28.056174	1.405966	-0.592556	-28.080893	-0.023240	-2.071933	-28.027775	1.451091	-0.541004	-28.073639	-0.033662	-2.052223	-28.020796	1.449255	-0.559719	-28.125876	-0.074038	-2.035568	-28.168520	0.981901	-1.215915	-28.115123	0.950265	-1.288135	-27.848554	0.964293	-1.040787	-27.862410	0.991186	-1.088619	-28.146147	0.461023	-1.240315	-27.856064	0.447011	-1.056640	-28.168077	-0.063921	-1.208969	-28.126392	-0.069178	-1.272016	-27.898220	-0.046647	-1.018340	-27.825039	-0.046417	-1.051371
5401	75.024600	00:01:15:01	-27.983223	1.613900	-1.208216	-27.977899	1.656481	-1.131970	-28.102181	1.628835	-1.184198	-27.987355	1.534638	-1.141308	-27.986164	1.604841	-1.132938	-28.099839	1.556301	-1.204534	-27.893724	1.550226	-1.111481	-28.058974	1.491093	-0.895474	-28.005217	0.734666	-1.603669	-28.031044	1.414411	-0.546170	-28.086478	-0.049226	-2.066314	-28.048062	1.418381	-0.575469	-28.082767	-0.070975	-2.054312	-28.032648	1.433283	-0.568692	-28.056284	-0.039250	-2.071598	-28.185658	0.949097	-1.246669	-28.151896	0.940795	-1.275954	-27.876177	0.951366	-1.037477	-27.844383	0.978471	-1.104679	-28.164475	0.440845	-1.234262	-27.840904	0.442596	-1.049187	-28.173990	-0.069445	-1.191643	-28.167674	-0.059397	-1.251506	-27.868375	-0.074365	-1.016909	-27.797444	-0.051367	-1.066832
5402	75.038493	00:01:15:02	-27.983091	1.616050	-1.215133	-27.995731	1.657893	-1.110924	-28.089173	1.660810	-1.158113	-28.000735	1.560697	-1.218740	-28.033296	1.517982	-1.114842	-28.110736	1.531828	-1.253125	-27.889916	1.564183	-1.097453	-28.114873	1.501511	-0.903172	-27.957002	0.767690	-1.588186	-28.050900	1.413874	-0.544566	-28.110287	-0.060895	-2.037069	-28.039046	1.434781	-0.580724	-28.086506	-0.050307	-2.051016	-28.040240	1.431307	-0.548219	-28.107325	-0.023430	-2.064586	-28.162960	0.985237	-1.230070	-28.142029	0.961729	-1.257753	-27.869568	0.932984	-1.047275	-27.850123	0.987210	-1.089378	-28.167892	0.459255	-1.243374	-27.854915	0.451912	-1.051481	-28.174956	-0.049163	-1.220271	-28.146999	-0.051874	-1.263973	-27.876816	-0.027127	-1.036214	-27.848354	-0.078666	-1.071398
5403	75.052387	00:01:15:03	-27.980595	1.652256	-1.236622	-27.968291	1.698020	-1.071663	-28.102479	1.665704	-1.170605	-27.961764	1.544418	-1.181345	-27.997576	1.538627	-1.162835	-28.113985	1.568421	-1.295252	-27.902878	1.508525	-1.093614	-28.101306	1.488961	-0.907213	-27.973507	0.754749	-1.549726	-28.016590	1.435857	-0.552628	-28.107917	-0.034102	-2.083464	-28.027138	1.459163	-0.549175	-28.065459	-0.036701	-2.066981	-28.020047	1.435437	-0.543515	-28.096124	-0.069234	-2.050881	-28.173780	0.960608	-1.232687	-28.123143	0.925703	-1.272272	-27.890065	0.979745	-1.049014	-27.879518	0.945353	-1.095139	-28.139170	0.436065	-1.226964	-27.854502	0.452206	-1.050269	-28.168598	-0.046528	-1.224669	-28.161022	-0.066954	-1.288039	-27.855301	-0.031934	-1.015591	-27.829110	-0.038863	-1.085015
5404	75.066280	00:01:15:04	-27.939600	1.685519	-1.221491	-28.009207	1.668230	-1.081854	-28.061670	1.695600	-1.157508	-27.972386	1.502210	-1.139939	-28.029793	1.549572	-1.158982	-28.098955	1.555827	-1.262935	-27.867716	1.527795	-1.107215	-28.121174	1.478806	-0.906394	-27.983467	0.741305	-1.614064	-28.056680	1.453125	-0.551211	-28.088390	-0.031585	-2.052612	-28.018201	1.417457	-0.556449	-28.114115	-0.044468	-2.048988	-28.046980	1.416240	-0.558601	-28.097083	-0.037790	-2.050874	-28.162349	0.976284	-1.237595	-28.175142	0.946291	-1.250549	-27.891741	0.957412	-0.980335	-27.824267	0.953475	-1.102500	-28.143982	0.424006	-1.208287	-27.847304	0.468358	-1.049642	-28.170347	-0.027223	-1.223294	-28.139864	-0.066176	-1.273246	-27.879020	-0.049440	-0.995057	-27.846614	-0.046202	-1.048229
5405	75.080174	00:01:15:05	-27.983033	1.626837	-1.232305	-27.965881	1.641073	-1.106829	-28.091171	1.660800	-1.175893	-27.993114	1.535147	-1.169244	-28.049005	1.532229	-1.154404	-28.124023	1.567291	-1.240456	-27.886874	1.557266	-1.082119	-28.091457	1.463239	-0.880716	-27.952057	0.743487	-1.569538	-28.043920	1.399696	-0.563017	-28.090152	-0.053908	-2.049758	-28.039017	1.407481	-0.574544	-28.088416	-0.047957	-2.062647	-28.003526	1.445302	-0.555345	-28.089575	-0.015609	-2.054145	-28.151216	0.971739	-1.219754	-28.109014	0.966289	-1.277266	-27.873219	0.991839	-1.032877	-27.865619	0.947155	-1.076409	-28.155478	0.416588	-1.225711	-27.847184	0.454140	-1.044735	-28.155524	-0.020639	-1.201233	-28.117444	-0.121985	-1.290370	-27.881098	-0.105484	-1.027511	-27.850641	-0.040723	-1.063557
5406	75.094067	00:01:15:06	-27.950623	1.631288	-1.237252	-27.989944	1.672061	-1.082383	-28.049625	1.672951	-1.161202	-27.972567	1.556970	-1.186789	-28.024795	1.565130	-1.141508	-28.116566	1.559135	-1.269865	-27.899228	1.573761	-1.096719	-28.090938	1.508616	-0.936602	-27.988914	0.741828	-1.587838	-28.063865	1.425746	-0.563133	-28.128367	-0.073891	-2.055809	-28.040664	1.451477	-0.560382	-28.102854	-0.092136	-2.042005	-28.030765	1.409389	-0.515182	-28.096754	-0.056441	-2.069036	-28.182244	0.997290	-1.214208	-28.149730	0.970875	-1.276364	-27.889353	0.965188	-1.017067	-27.875259	0.970260	-1.119890	-28.181006	0.456909	-1.231125	-27.853791	0.435007	-1.060184	-28.173350	-0.035770	-1.226214	-28.111152	-0.056658	-1.276203	-27.867355	-0.063145	-1.004127	-27.858621	-0.064853	-1.071864
5407	75.107960	00:01:15:07	-27.944058	1.619525	-1.207750	-27.947964	1.654899	-1.122938	-28.087028	1.639231	-1.158585	-27.989754	1.525689	-1.187289	-27.996015	1.525181	-1.114539	-28.131264	1.558649	-1.252027	-27.879000	1.520160	-1.078911	-28.070633	1.482019	-0.929095	-27.978211	0.751925	-1.597462	-28.022022	1.452111	-0.544388	-28.096034	-0.047342	-2.063535	-28.025596	1.433723	-0.529679	-28.054361	-0.051533	-2.044468	-28.073644	1.424324	-0.535762	-28.080039	-0.019306	-2.053245	-28.175565	0.976569	-1.232481	-28.160376	0.979233	-1.295356	-27.851921	0.951663	-0.999076	-27.817587	0.960223	-1.072370	-28.172783	0.472924	-1.237954	-27.866673	0.461271	-1.069128	-28.150302	-0.055859	-1.214122	-28.107407	-0.049309	-1.253232	-27.902910	-0.057085	-1.028530	-27.842327	-0.088639	-1.073141
5408	75.121854	00:01:15:08	-27.965908	1.661373	-1.229316	-27.950752	1.674958	-1.087161	-28.104758	1.662716	-1.153027	-27.971834	1.583552	-1.159908	-28.019638	1.533672	-1.143336	-28.133979	1.506056	-1.289657	-27.884834	1.559236	-1.098075	-28.051761	1.484225	-0.930963	-27.980058	0.759979	-1.571202	-28.029278	1.407128	-0.547666	-28.152508	-0.043630	-2.086221	-28.043572	1.449520	-0.571624	-28.137154	-0.062097	-2.071399	-28.050066	1.424961	-0.527470	-28.095602	-0.032578	-2.080404	-28.173931	0.968230	-1.237426	-28.128270	0.958551	-1.268076	-27.886174	0.978311	-1.028975	-27.834246	0.983875	-1.120526	-28.148705	0.447270	-1.256400	-27.863527	0.462999	-1.054099	-28.157751	-0.065245	-1.191310	-28.124048	-0.084501	-1.235243	-27.855755	-0.055551	-1.006908	-27.863165	-0.085224	-1.075598
5409	75.135747	00:01:15:09	-27.991274	1.697880	-1.243748	-27.978959	1.673359	-1.106712	-28.095418	1.683971	-1.170609	-28.028405	1.591339	-1.162479	-28.041765	1.557740	-1.148827	-28.133108	1.529681	-1.282806	-27.879040	1.545781	-1.085226	-28.048823	1.511750	-0.906795	-27.974862	0.749581	-1.561271	-28.041868	1.423420	-0.553305	-28.108944	-0.054351	-2.063756	-28.044596	1.421919	-0.573089	-28.094274	-0.040981	-2.041560	-28.017683	1.416662	-0.539112	-28.086418	-0.035605	-2.058803	-28.182994	0.974304	-1.229181	-28.119665	0.932834	-1.311298	-27.847007	0.950964	-1.077222	-27.833111	0.941296	-1.074405	-28.148839	0.434443	-1.257216	-27.879467	0.449333	-1.034063	-28.181610	-0.046734	-1.206280	-28.138568	-0.034477	-1.254043	-27.896088	-0.069140	-1.001987	-27.852248	-0.058428	-1.079530
5410	75.149641	00:01:15:10	-27.929615	1.625988	-1.237412	-27.989161	1.645797	-1.088002	-28.060649	1.662989	-1.152501	-28.000552	1.554662	-1.181716	-28.008117	1.541611	-1.150263	-28.098282	1.537029	-1.237659	-27.862037	1.560906	-1.086617	-28.122072	1.467799	-0.918408	-27.997026	0.726142	-1.584573	-28.058057	1.414188	-0.547813	-28.090520	-0.064647	-2.064703	-28.036428	1.429922	-0.575969	-28.070603	-0.096714	-2.089462	-28.040059	1.407456	-0.541205	-28.080399	-0.034269	-2.076676	-28.183932	0.957703	-1.229242	-28.131562	0.954834	-1.283097	-27.908156	0.977046	-1.029373	-27.842903	0.935440	-1.089236	-28.144781	0.430149	-1.242576	-27.857652	0.474760	-1.051370	-28.226985	-0.067800	-1.229622	-28.143689	-0.084327	-1.230123	-27.878092	-0.041847	-1.025214	-27.819688	-0.057315	-1.079081
5411	75.163534	00:01:15:11	-27.971708	1.629392	-1.259767	-27.974779	1.666431	-1.072036	-28.063919	1.629909	-1.143225	-28.025439	1.557699	-1.162181	-28.020460	1.540403	-1.129836	-28.101831	1.547169	-1.284709	-27.861701	1.544863	-1.098524	-28.105323	1.490755	-0.919269	-27.964878	0.754019	-1.571155	-28.047625	1.415695	-0.569918	-28.065856	-0.056843	-2.092330	-28.052638	1.440990	-0.539964	-28.053947	-0.045728	-2.095932	-28.040768	1.449050	-0.558235	-28.078819	-0.054835	-2.065873	-28.177070	0.967098	-1.229187	-28.161037	0.965761	-1.257602	-27.882237	0.944413	-1.033690	-27.828220	0.945068	-1.065785	-28.173861	0.484612	-1.247711	-27.819311	0.465331	-1.038292	-28.167497	-0.052588	-1.205337	-28.138428	-0.072706	-1.272112	-27.838117	-0.039896	-1.019589	-27.847906	-0.060075	-1.058018
5412	75.177428	00:01:15:12	-27.975355	1.667860	-1.230183	-27.961656	1.644604	-1.089153	-28.095251	1.684656	-1.163700	-28.005811	1.545510	-1.194207	-28.036026	1.536910	-1.134087	-28.104465	1.527264	-1.252526	-27.889915	1.519062	-1.074180	-28.078988	1.449837	-0.913874	-28.010172	0.735680	-1.576360	-28.036590	1.457966	-0.548278	-28.072744	-0.027861	-2.084725	-28.039902	1.435089	-0.548771	-28.071478	-0.042676	-2.069857	-28.028995	1.436389	-0.570436	-28.088373	-0.032411	-2.066618	-28.169967	0.966269	-1.217355	-28.137842	0.963786	-1.289619	-27.896331	0.966310	-1.026027	-27.846765	0.946813	-1.071588	-28.123007	0.425515	-1.250394	-27.839936	0.470020	-1.039201	-28.158251	-0.027117	-1.210430	-28.147549	-0.049446	-1.280111	-27.872264	-0.046097	-1.005156	-27.865509	-0.030949	-1.064624
5413	75.191321	00:01:15:13	-27.975966	1.638214	-1.217378	-27.980292	1.643268	-1.069498	-28.069101	1.677320	-1.175770	-28.030068	1.548377	-1.200369	-27.984953	1.539082	-1.160760	-28.134275	1.560429	-1.256824	-27.846509	1.539132	-1.078588	-28.061556	1.501267	-0.913113	-27.949997	0.744231	-1.583515	-28.022067	1.417706	-0.555827	-28.078239	-0.031521	-2.081202	-28.028726	1.427863	-0.578264	-28.103998	-0.079531	-2.089314	-28.048924	1.438091	-0.575659	-28.122680	-0.061261	-2.057052	-28.214397	0.947183	-1.253521	-28.154311	1.008732	-1.289604	-27.900848	0.965828	-1.015198	-27.839915	0.975565	-1.095208	-28.138046	0.447202	-1.237008	-27.831960	0.445199	-1.047303	-28.158133	-0.071638	-1.215043	-28.186279	-0.055324	-1.250657	-27.879257	-0.053826	-1.020439	-27.826625	-0.067552	-1.079608
5414	75.205215	00:01:15:14	-27.941977	1.642715	-1.244676	-27.963339	1.671864	-1.096185	-28.058986	1.680524	-1.136904	-27.999101	1.503805	-1.170941	-27.990217	1.599350	-1.131554	-28.100816	1.544295	-1.263022	-27.875340	1.562420	-1.118850	-28.089574	1.501732	-0.899271	-27.972702	0.736842	-1.584488	-28.030733	1.413274	-0.554593	-28.089425	-0.018611	-2.055938	-28.022615	1.409420	-0.542870	-28.075246	-0.038622	-2.065281	-28.047658	1.427595	-0.551231	-28.062100	-0.027902	-2.064009	-28.151632	0.979310	-1.240221	-28.158758	0.976716	-1.275546	-27.845745	0.983056	-1.048534	-27.837816	0.927873	-1.083091	-28.166073	0.469038	-1.276265	-27.850213	0.449592	-1.037248	-28.212424	-0.045316	-1.211612	-28.125063	-0.070785	-1.293028	-27.891126	-0.042432	-1.006250	-27.822881	-0.061036	-1.064300
5415	75.219108	00:01:15:15	-27.970787	1.653624	-1.255883	-27.957308	1.638182	-1.095858	-28.066719	1.649720	-1.146520	-28.004473	1.569566	-1.189333	-27.996438	1.594741	-1.158932	-28.120466	1.547631	-1.244885	-27.889964	1.523338	-1.085360	-28.082982	1.467913	-0.910828	-27.974973	0.745759	-1.597881	-28.047791	1.417546	-0.569693	-28.111692	-0.014982	-2.086852	-28.020251	1.411838	-0.575968	-28.092532	-0.025155	-2.087240	-28.047416	1.440708	-0.547330	-28.096249	-0.060180	-2.068046	-28.171694	0.985606	-1.239439	-28.136933	0.976116	-1.271181	-27.866636	0.935376	-1.063037	-27.801212	0.937428	-1.109515	-28.157250	0.475859	-1.262280	-27.840986	0.460097	-1.059981	-28.184163	-0.062046	-1.167211	-28.150081	-0.089061	-1.245860	-27.882377	-0.025647	-1.029077	-27.820802	-0.031979	-1.103309
5416	75.233001	00:01:15:16	-27.951343	1.634853	-1.236125	-27.997755	1.727913	-1.086841	-28.084836	1.673871	-1.190406	-27.994313	1.539889	-1.166671	-28.030973	1.550121	-1.123005	-28.080468	1.518193	-1.246874	-27.890462	1.514021	-1.108541	-28.073630	1.483837	-0.890520	-27.971506	0.781336	-1.586220	-28.042171	1.446566	-0.560397	-28.104796	-0.030762	-2.060206	-28.024786	1.461746	-0.551384	-28.108365	-0.042913	-2.055994	-28.033794	1.426372	-0.556414	-28.105489	-0.080813	-2.070424	-28.161514	0.984815	-1.244419	-28.170054	0.957081	-1.274528	-27.876015	0.987960	-1.016269	-27.840505	0.939060	-1.094390	-28.170060	0.437178	-1.222004	-27.874664	0.450407	-1.059166	-28.170825	-0.052506	-1.213960	-28.100230	-0.065912	-1.258992	-27.877833	-0.049033	-1.014926	-27.847835	-0.061480	-1.072557
5417	75.246895	00:01:15:17	-27.942812	1.629470	-1.241387	-27.993140	1.663879	-1.106433	-28.074277	1.648198	-1.173227	-28.012566	1.583256	-1.145859	-28.012607	1.559452	-1.138510	-28.113963	1.551352	-1.246207	-27.871143	1.569291	-1.084129	-28.049257	1.521477	-0.903761	-27.971034	0.719373	-1.569080	-28.021950	1.442350	-0.527539	-28.059788	-0.037927	-2.077105	-28.019826	1.413482	-0.542335	-28.100051	-0.023188	-2.044624	-28.062940	1.415571	-0.554000	-28.081914	-0.044713	-2.059157	-28.189759	0.948522	-1.205335	-28.151694	0.981070	-1.306044	-27.878442	0.964672	-1.039773	-27.863026	0.994401	-1.066206	-28.142179	0.448680	-1.235169	-27.874443	0.434312	-1.051321	-28.154172	-0.044400	-1.222825	-28.139758	-0.064975	-1.255454	-27.885357	-0.063098	-1.031756	-27.846763	-0.066888	-1.089782
5418	75.260788	00:01:15:18	-27.976695	1.658994	-1.234613	-27.966470	1.635766	-1.117733	-28.071374	1.635269	-1.185432	-28.000040	1.550145	-1.155252	-28.024397	1.535566	-1.138427	-28.117609	1.489478	-1.259569	-27.856361	1.542581	-1.128360	-28.085060	1.469620	-0.895251	-27.961692	0.748687	-1.560065	-28.019722	1.446503	-0.562983	-28.092316	-0.018579	-2.029445	-28.048316	1.419215	-0.580558	-28.110449	-0.068363	-2.089171	-28.038507	1.448597	-0.529785	-28.109109	-0.045842	-2.099055	-28.174276	0.953669	-1.220862	-28.134870	0.953526	-1.274465	-27.860343	0.987254	-1.052676	-27.852558	0.962291	-1.097334	-28.154401	0.452063	-1.276941	-27.853193	0.450711	-1.044912	-28.148898	-0.076680	-1.208249	-28.134395	-0.070295	-1.256287	-27.839720	-0.027699	-1.013457	-27.840066	-0.035369	-1.038853
5419	75.274682	00:01:15:19	-27.951117	1.621355	-1.234644	-27.977194	1.652537	-1.097789	-28.076850	1.620462	-1.162177	-27.988224	1.550907	-1.181809	-28.037345	1.575426	-1.156268	-28.120604	1.541574	-1.274401	-27.878930	1.538046	-1.078644	-28.091321	1.506398	-0.898773	-27.979148	0.745574	-1.579945	-28.061687	1.451904	-0.509599	-28.113419	-0.049269	-2.066627	-28.006056	1.458129	-0.550434	-28.104313	-0.039250	-2.033001	-28.033868	1.463898	-0.571431	-28.088485	0.002853	-2.074357	-28.168969	0.995881	-1.216511	-28.124665	0.967339	-1.285667	-27.874083	0.960278	-1.031023	-27.846573	0.966191	-1.076497	-28.186013	0.457605	-1.233972	-27.855502	0.479212	-1.062622	-28.167547	-0.071348	-1.224945	-28.135167	-0.065131	-1.244858	-27.871151	-0.069523	-1.020570	-27.834804	-0.094348	-1.117101
5420	75.288575	00:01:15:20	-27.978845	1.649792	-1.236218	-27.956702	1.691065	-1.073322	-28.080676	1.693820	-1.174738	-28.001402	1.538013	-1.190977	-28.038707	1.555672	-1.155061	-28.129377	1.561676	-1.265168	-27.856272	1.525643	-1.102859	-28.048433	1.482341	-0.906306	-27.987942	0.792089	-1.589032	-28.011658	1.437598	-0.568217	-28.099024	-0.033187	-2.081250	-28.033564	1.427109	-0.532658	-28.113404	-0.023864	-2.046767	-28.046250	1.437179	-0.540693	-28.098416	-0.066902	-2.062517	-28.177020	0.956620	-1.263459	-28.142186	0.953193	-1.283264	-27.893361	0.932873	-1.050588	-27.829812	0.961268	-1.077443	-28.160138	0.459111	-1.243570	-27.854981	0.484510	-1.036392	-28.168734	-0.078580	-1.209399	-28.187894	-0.083726	-1.277217	-27.882275	-0.077245	-1.019267	-27.865012	-0.041970	-1.082442
5421	75.302469	00:01:15:21	-27.941124	1.631559	-1.236186	-27.963936	1.645982	-1.099852	-28.070873	1.661618	-1.171845	-28.018176	1.494134	-1.194865	-28.010169	1.561517	-1.128231	-28.109585	1.543254	-1.250793	-27.871890	1.535958	-1.123209	-28.126655	1.490572	-0.919374	-27.989409	0.727857	-1.582803	-28.053973	1.419057	-0.550168	-28.112657	-0.061554	-2.043974	-28.015724	1.425680	-0.571258	-28.104766	-0.052565	-2.074276	-28.010999	1.463496	-0.567616	-28.102469	-0.034819	-2.097073	-28.163723	0.989710	-1.225615	-28.159196	0.958444	-1.281434	-27.877913	0.971227	-1.045911	-27.823808	0.971385	-1.054850	-28.179531	0.478429	-1.246689	-27.867291	0.462121	-1.032830	-28.188839	-0.016983	-1.185265	-28.153841	-0.042738	-1.278206	-27.861349	-0.060118	-1.037327	-27.843860	-0.077222	-1.087904
5422	75.316362	00:01:15:22	-27.960406	1.635904	-1.227853	-27.947162	1.674496	-1.091085	-28.050699	1.659568	-1.132960	-27.981909	1.546196	-1.166975	-28.030733	1.541641	-1.126839	-28.162578	1.549363	-1.262663	-27.880365	1.546506	-1.121835	-28.103766	1.500423	-0.885849	-27.984033	0.761872	-1.586873	-28.024457	1.445502	-0.562258	-28.094354	-0.049494	-2.058861	-28.017884	1.396015	-0.547041	-28.051735	-0.051791	-2.080412	-28.061232	1.411614	-0.548894	-28.085275	-0.048980	-2.046174	-28.188884	0.972751	-1.235872	-28.159157	0.950430	-1.279532	-27.885997	0.991660	-1.045606	-27.858818	0.933462	-1.096331	-28.143903	0.481717	-1.246695	-27.862102	0.446386	-1.020242	-28.176248	-0.088123	-1.211471	-28.124386	-0.055096	-1.274574	-27.848082	-0.072164	-1.014273	-27.824536	-0.062224	-1.068690
5423	75.330256	00:01:15:23	-27.979476	1.638776	-1.231030	-28.016338	1.664207	-1.112778	-28.084777	1.684866	-1.189415	-27.956458	1.555731	-1.217069	-28.030103	1.588410	-1.139276	-28.134411	1.559554	-1.239278	-27.893314	1.577425	-1.128499	-28.083209	1.505343	-0.936211	-27.966705	0.776779	-1.597765	-28.017491	1.450173	-0.571436	-28.093568	-0.031602	-2.055577	-28.035068	1.441694	-0.565544	-28.115410	-0.063515	-2.051353	-28.028408	1.442945	-0.554923	-28.104726	-0.015379	-2.094670	-28.179426	0.970865	-1.256300	-28.123887	0.931942	-1.237452	-27.868667	0.934929	-1.043010	-27.833856	0.970348	-1.084123	-28.143049	0.471574	-1.247004	-27.888002	0.475178	-1.065477	-28.206417	-0.054162	-1.228500	-28.165215	-0.026643	-1.243894	-27.881806	-0.042690	-1.033987	-27.854702	-0.061963	-1.077176
5424	75.344149	00:01:15:24	-27.922794	1.642310	-1.214498	-27.955586	1.681233	-1.095783	-28.073997	1.672536	-1.133963	-28.004163	1.544874	-1.165211	-28.021977	1.524513	-1.125502	-28.143783	1.539613	-1.241356	-27.881102	1.560068	-1.101337	-28.076010	1.480560	-0.900909	-27.979341	0.719149	-1.567466	-28.018909	1.418734	-0.559035	-28.057367	-0.054556	-2.040330	-28.022598	1.393656	-0.524579	-28.110647	-0.057401	-2.028603	-28.039885	1.475598	-0.579782	-28.098783	-0.075861	-2.056033	-28.184554	0.940273	-1.232598	-28.137186	0.929635	-1.286074	-27.887613	1.000244	-1.003228	-27.850834	0.938557	-1.088711	-28.147998	0.477279	-1.253689	-27.827865	0.477495	-1.066677	-28.166713	-0.071501	-1.222210	-28.142167	-0.031195	-1.217403	-27.909528	-0.040649	-1.036053	-27.834835	-0.034893	-1.084750
5425	75.358042	00:01:15:25	-27.954399	1.640539	-1.227957	-27.977291	1.650061	-1.116826	-28.081761	1.660684	-1.176664	-27.968358	1.551866	-1.167119	-27.975084	1.549894	-1.150147	-28.116585	1.540748	-1.253216	-27.867351	1.567929	-1.074510	-28.079098	1.462074	-0.918245	-27.970423	0.729393	-1.585396	-28.044768	1.420114	-0.571726	-28.066583	-0.039248	-2.075679	-28.019166	1.414210	-0.525882	-28.123357	-0.031863	-2.054954	-27.994266	1.432589	-0.563117	-28.078299	-0.050881	-2.070085	-28.179837	0.982968	-1.257948	-28.129588	0.970979	-1.312217	-27.871638	0.979663	-1.044542	-27.814516	0.964457	-1.080793	-28.172111	0.471062	-1.216451	-27.860845	0.465795	-1.048749	-28.186932	-0.057944	-1.220075	-28.157928	-0.069793	-1.270007	-27.857038	-0.054751	-1.039989	-27.832795	-0.062465	-1.052921
5426	75.371936	00:01:15:26	-27.974310	1.627462	-1.232539	-27.980160	1.637707	-1.116642	-28.070902	1.653899	-1.176597	-27.986282	1.565945	-1.161146	-28.023703	1.573854	-1.136895	-28.107158	1.541617	-1.251265	-27.876414	1.520833	-1.082555	-28.103632	1.487298	-0.889974	-27.965576	0.745455	-1.581401	-28.049215	1.442599	-0.561435	-28.068503	-0.025312	-2.053558	-28.017262	1.433017	-0.524601	-28.102216	-0.035335	-2.046452	-28.034821	1.441426	-0.570439	-28.079816	-0.041530	-2.033305	-28.148399	0.979218	-1.217989	-28.155819	0.964613	-1.282214	-27.894840	0.996977	-1.034445	-27.824186	0.943431	-1.103138	-28.166088	0.441163	-1.241552	-27.855558	0.448600	-1.047516	-28.162205	-0.010085	-1.193819	-28.157863	-0.073079	-1.228090	-27.875418	-0.075073	-1.026165	-27.796742	-0.042669	-1.061161
5427	75.385829	00:01:15:27	-27.975668	1.656661	-1.225068	-27.988334	1.650172	-1.086070	-28.078114	1.685127	-1.186079	-27.989233	1.536407	-1.185011	-28.003290	1.544949	-1.175419	-28.110892	1.557191	-1.266277	-27.855497	1.556259	-1.116668	-28.076220	1.512705	-0.898766	-28.007282	0.782466	-1.560296	-28.027322	1.412041	-0.547731	-28.090721	-0.061238	-2.069746	-28.027037	1.440121	-0.541922	-28.081293	-0.081632	-2.044329	-28.050863	1.444922	-0.550457	-28.054539	-0.031059	-2.054310	-28.171639	0.975176	-1.236650	-28.162619	0.963627	-1.279891	-27.872284	0.940997	-1.046210	-27.834682	0.989535	-1.102331	-28.143049	0.459422	-1.234942	-27.868398	0.453562	-1.055296	-28.187494	-0.070493	-1.200576	-28.164632	-0.061161	-1.287002	-27.885112	-0.056401	-0.999365	-27.862929	-0.059657	-1.064760
5428	75.399723	00:01:15:28	-27.971972	1.617635	-1.228754	-27.949158	1.688140	-1.092195	-28.065072	1.659124	-1.173994	-28.012283	1.551450	-1.153340	-28.016170	1.553614	-1.157343	-28.121160	1.545928	-1.229921	-27.867957	1.527651	-1.100977	-28.052564	1.499567	-0.905278	-27.992579	0.755474	-1.599898	-28.042886	1.430278	-0.569114	-28.076055	-0.056427	-2.049538	-28.029670	1.419946	-0.569556	-28.087666	-0.040079	-2.059454	-27.996439	1.404464	-0.550213	-28.064840	-0.065276	-2.042850	-28.164613	0.976394	-1.237528	-28.147977	0.924309	-1.307632	-27.910543	0.974414	-1.042301	-27.829269	0.960482	-1.076701	-28.157374	0.450758	-1.239376	-27.852735	0.443930	-1.028286	-28.198650	-0.076062	-1.207394	-28.135743	-0.050368	-1.267305	-27.902359	-0.049176	-1.017284	-27.883413	-0.041278	-1.060337
5429	75.413616	00:01:15:29	-27.968366	1.630555	-1.256488	-28.005841	1.670233	-1.117227	-28.093683	1.662023	-1.139511	-27.978827	1.529948	-1.164014	-28.050507	1.569117	-1.150613	-28.114795	1.514249	-1.258808	-27.876552	1.543240	-1.088467	-28.067307	1.479862	-0.920019	-27.973721	0.739876	-1.580867	-28.041486	1.449375	-0.520625	-28.091275	-0.033731	-2.083877	-28.043620	1.409381	-0.538091	-28.114684	-0.017588	-2.073550	-28.048008	1.430604	-0.588448	-28.103434	-0.071762	-2.058392	-28.174926	0.948663	-1.224250	-28.149008	0.971360	-1.273457	-27.862906	0.959826	-1.024887	-27.810229	0.966344	-1.077377	-28.145428	0.423393	-1.233391	-27.861714	0.456641	-1.038888	-28.201244	-0.056952	-1.234997	-28.152135	-0.067693	-1.249217	-27.850156	-0.083039	-1.020051	-27.871672	-0.066459	-1.057260
5430	75.427510	00:01:15:30	-27.945964	1.671050	-1.233968	-28.005841	1.653998	-1.096749	-28.056241	1.656394	-1.144983	-27.988327	1.549177	-1.168717	-28.011146	1.540597	-1.110596	-28.138105	1.534722	-1.252095	-27.868842	1.521192	-1.086150	-28.111709	1.475890	-0.872437	-27.987448	0.744048	-1.586025	-28.042590	1.444924	-0.543410	-28.103072	-0.036882	-2.067513	-27.993072	1.429284	-0.536330	-28.092136	-0.070853	-2.078759	-28.048028	1.424501	-0.549241	-28.109313	-0.036105	-2.065005	-28.198033	0.980696	-1.240382	-28.157969	0.983515	-1.278223	-27.908863	0.988389	-1.013417	-27.839159	0.977919	-1.077532	-28.166894	0.453203	-1.235111	-27.836001	0.468850	-1.058169	-28.166693	-0.046688	-1.219420	-28.169592	-0.060253	-1.280977	-27.874045	-0.062922	-1.008163	-27.823238	-0.069555	-1.083887
5431	75.441403	00:01:15:31	-27.949892	1.643001	-1.249248	-27.966467	1.648848	-1.087149	-28.058440	1.661531	-1.149077	-28.011159	1.529295	-1.162474	-28.016294	1.536379	-1.130032	-28.148234	1.561784	-1.257520	-27.893166	1.533479	-1.111362	-28.052759	1.469979	-0.905019	-27.978010	0.737763	-1.578004	-28.026554	1.436781	-0.524562	-28.106566	-0.055060	-2.045027	-28.036525	1.431121	-0.544501	-28.124278	-0.037595	-2.080819	-28.023749	1.428539	-0.552559	-28.105753	-0.045109	-2.063468	-28.180631	0.975439	-1.221748	-28.127673	0.982838	-1.269694	-27.869932	1.034059	-1.020935	-27.871580	0.952904	-1.089710	-28.161564	0.447953	-1.246601	-27.855609	0.447538	-1.060922	-28.172930	-0.067661	-1.223687	-28.118668	-0.056722	-1.261375	-27.867505	-0.037470	-1.010062	-27.814421	-0.080474	-1.086087
5432	75.455297	00:01:15:32	-27.975849	1.626489	-1.261171	-27.966637	1.629248	-1.062401	-28.086844	1.656473	-1.151588	-27.980619	1.563411	-1.203665	-28.031334	1.507656	-1.157911	-28.104012	1.522456	-1.276240	-27.880722	1.523304	-1.106242	-28.128615	1.494002	-0.856147	-27.982499	0.758229	-1.606628	-28.042472	1.432413	-0.554598	-28.070399	-0.078232	-2.033579	-28.062145	1.421711	-0.548147	-28.089940	-0.039402	-2.068539	-28.029716	1.411971	-0.543447	-28.071894	-0.057609	-2.057246	-28.128240	0.910077	-1.263526	-28.163823	0.980388	-1.296029	-27.863552	0.946895	-1.049065	-27.855710	0.962237	-1.114759	-28.165060	0.449880	-1.238681	-27.836345	0.462939	-1.056204	-28.169576	-0.027378	-1.164999	-28.147052	-0.043006	-1.281567	-27.890684	-0.055531	-1.035944	-27.816256	-0.069910	-1.082660
5433	75.469190	00:01:15:33	-27.951194	1.642338	-1.237525	-27.995090	1.672652	-1.122406	-28.081940	1.671551	-1.167755	-28.006666	1.553438	-1.178561	-28.015424	1.555143	-1.148600	-28.116641	1.549560	-1.253881	-27.901890	1.542023	-1.064499	-28.068743	1.491922	-0.896999	-28.003573	0.756885	-1.575647	-28.030937	1.417828	-0.533100	-28.093349	-0.047286	-2.072449	-28.028625	1.446301	-0.533478	-28.131606	-0.044829	-2.071928	-28.048695	1.436961	-0.573514	-28.091326	-0.035055	-2.057225	-28.161551	0.968397	-1.227815	-28.135413	0.958596	-1.298396	-27.879516	1.009161	-1.050308	-27.831392	0.973884	-1.100129	-28.145461	0.454206	-1.243194	-27.871629	0.448888	-1.046054	-28.182024	-0.070355	-1.197677	-28.169868	-0.072807	-1.265696	-27.891222	-0.048013	-0.991199	-27.861057	-0.069803	-1.059969
5434	75.483083	00:01:15:34	-27.978667	1.609219	-1.220092	-27.993510	1.678845	-1.067951	-28.076324	1.675532	-1.161866	-27.987495	1.524826	-1.177186	-28.001163	1.561663	-1.120746	-28.118510	1.550732	-1.288796	-27.874087	1.521065	-1.093738	-28.095056	1.489973	-0.889700	-28.006615	0.738287	-1.583584	-28.061252	1.419546	-0.544087	-28.094937	-0.039511	-2.039274	-28.068857	1.426717	-0.562180	-28.079843	-0.029183	-2.061063	-28.021567	1.421920	-0.555900	-28.095019	-0.031143	-2.070956	-28.151264	0.959144	-1.256255	-28.147546	0.991304	-1.262398	-27.885914	1.009312	-1.052655	-27.848357	0.950748	-1.087658	-28.136868	0.475248	-1.256135	-27.842417	0.461380	-1.064178	-28.159854	-0.053308	-1.211683	-28.145780	-0.079060	-1.263876	-27.883231	-0.045457	-1.006891	-27.847970	-0.042392	-1.057289
5435	75.496977	00:01:15:35	-27.984130	1.629026	-1.206510	-27.950948	1.677192	-1.124754	-28.074146	1.663858	-1.131189	-27.998447	1.580519	-1.158786	-28.020696	1.563279	-1.151196	-28.136574	1.526985	-1.244126	-27.880513	1.531280	-1.096366	-28.057097	1.497096	-0.872825	-27.978933	0.743813	-1.595832	-28.035086	1.446488	-0.528950	-28.114074	-0.052514	-2.065577	-28.056299	1.418813	-0.541535	-28.088229	-0.032221	-2.103565	-28.049906	1.452223	-0.546093	-28.070323	-0.017965	-2.063614	-28.186553	0.980504	-1.188854	-28.157721	0.987548	-1.270209	-27.888035	0.986177	-1.054247	-27.852966	0.976439	-1.084454	-28.156851	0.454862	-1.223264	-27.822085	0.462160	-1.045913	-28.160726	-0.043902	-1.239625	-28.164415	-0.069564	-1.266436	-27.860750	-0.044326	-1.017998	-27.863601	-0.051808	-1.086101
5436	75.510870	00:01:15:36	-27.932583	1.618547	-1.263770	-27.986560	1.679980	-1.083231	-28.057061	1.668633	-1.153872	-28.010291	1.571180	-1.200203	-27.997440	1.557000	-1.155863	-28.107669	1.547251	-1.256902	-27.872287	1.563927	-1.077668	-28.096364	1.530636	-0.865481	-27.975714	0.732560	-1.560757	-28.040025	1.437954	-0.587361	-28.074564	-0.025649	-2.069513	-28.016794	1.455810	-0.571382	-28.086126	-0.044568	-2.083240	-28.057723	1.432181	-0.561668	-28.110550	-0.045175	-2.045501	-28.150432	0.994705	-1.242120	-28.179224	0.952206	-1.306580	-27.847039	1.000513	-1.042030	-27.869269	0.951412	-1.045207	-28.152405	0.458825	-1.201805	-27.841915	0.466877	-1.041994	-28.202090	-0.049175	-1.236068	-28.150028	-0.068148	-1.224812	-27.884352	-0.081602	-1.030967	-27.844973	-0.050220	-1.070312
5437	75.524764	00:01:15:37	-27.955717	1.636866	-1.222650	-27.943076	1.674421	-1.065454	-28.077715	1.662394	-1.148951	-28.022074	1.575910	-1.140900	-28.046249	1.545944	-1.142062	-28.124126	1.523113	-1.237343	-27.864128	1.592165	-1.097155	-28.080027	1.494535	-0.912034	-27.960141	0.747802	-1.538542	-28.023992	1.421271	-0.564526	-28.123310	-0.009383	-2.062391	-28.031725	1.435368	-0.535528	-28.077690	-0.053004	-2.073404	-28.051483	1.449561	-0.543168	-28.082311	-0.012045	-2.064248	-28.177612	0.972110	-1.237007	-28.127867	0.992148	-1.304639	-27.867194	0.970354	-1.008079	-27.873208	0.948451	-1.118617	-28.164612	0.452749	-1.222058	-27.852979	0.470023	-1.029813	-28.187272	-0.061717	-1.219769	-28.143896	-0.088755	-1.245365	-27.871700	-0.013060	-1.035739	-27.848269	-0.044614	-1.044296
5438	75.538657	00:01:15:38	-27.950937	1.628031	-1.239007	-27.962217	1.695749	-1.095067	-28.055933	1.672024	-1.179322	-27.985886	1.560602	-1.141645	-28.019130	1.559827	-1.140563	-28.124467	1.544310	-1.228768	-27.855940	1.541179	-1.096322	-28.065528	1.481451	-0.902827	-28.023265	0.720654	-1.562607	-28.014101	1.468710	-0.561483	-28.104342	-0.027750	-2.057104	-28.046776	1.445400	-0.539749	-28.099394	-0.048145	-2.056727	-28.048537	1.436043	-0.545297	-28.076473	-0.026540	-2.059225	-28.187184	0.976630	-1.236426	-28.135752	0.946794	-1.256015	-27.874117	0.990523	-1.051031	-27.821032	0.959036	-1.094580	-28.190324	0.452133	-1.229062	-27.831140	0.422898	-1.068295	-28.155559	-0.057929	-1.213557	-28.145952	-0.076744	-1.236350	-27.842561	-0.040789	-1.013870	-27.864960	-0.051312	-1.063094
5439	75.552551	00:01:15:39	-27.938468	1.615774	-1.224523	-27.967194	1.664742	-1.110761	-28.076695	1.644210	-1.182086	-27.982440	1.545498	-1.221675	-28.016952	1.577317	-1.158682	-28.108587	1.531587	-1.248289	-27.891754	1.542833	-1.084212	-28.057981	1.468379	-0.917857	-27.988975	0.731438	-1.551282	-28.053862	1.438513	-0.561742	-28.082572	-0.068051	-2.072397	-28.032587	1.431950	-0.556671	-28.064110	-0.057077	-2.083796	-28.034717	1.422709	-0.546211	-28.079359	-0.034722	-2.082752	-28.186078	0.984952	-1.201203	-28.105354	0.983540	-1.280442	-27.886287	0.979300	-1.038292	-27.823033	0.959375	-1.088541	-28.141884	0.465635	-1.238264	-27.869323	0.469994	-1.022651	-28.182176	-0.027092	-1.211175	-28.119685	-0.072332	-1.251011	-27.884181	-0.041873	-1.008403	-27.821667	-0.026123	-1.068522
5440	75.566444	00:01:15:40	-27.986169	1.625935	-1.251935	-27.990749	1.682817	-1.099215	-28.063825	1.672724	-1.176546	-27.962719	1.539605	-1.160516	-28.016958	1.542188	-1.145883	-28.128050	1.542006	-1.212959	-27.913356	1.526899	-1.092607	-28.068466	1.493751	-0.924658	-27.970423	0.744750	-1.567187	-28.036790	1.434807	-0.533757	-28.118528	-0.055561	-2.090927	-28.008821	1.428770	-0.533075	-28.078540	-0.049155	-2.059237	-28.039673	1.440990	-0.594591	-28.089894	-0.042612	-2.021699	-28.154628	0.969497	-1.221503	-28.149062	0.970459	-1.210658	-27.871345	0.997916	-1.043984	-27.838838	0.938651	-1.114917	-28.136787	0.454463	-1.263910	-27.884677	0.426607	-1.073442	-28.176597	-0.038385	-1.215535	-28.112080	-0.066118	-1.229856	-27.883123	-0.048406	-1.003796	-27.846095	-0.066166	-1.078334
5441	75.580338	00:01:15:41	-27.957496	1.639935	-1.189243	-27.955603	1.655760	-1.096145	-28.069193	1.678071	-1.142457	-27.999075	1.526097	-1.159124	-28.019579	1.518088	-1.140215	-28.157312	1.560571	-1.257300	-27.869216	1.532646	-1.082931	-28.087619	1.505362	-0.916814	-27.981654	0.758474	-1.556545	-28.012667	1.405708	-0.556284	-28.109068	-0.051754	-2.069734	-28.040225	1.403539	-0.554957	-28.105084	-0.028496	-2.062410	-28.033881	1.445476	-0.523565	-28.095358	-0.038011	-2.048928	-28.162102	0.973385	-1.223263	-28.157226	0.967314	-1.264321	-27.875556	0.943474	-1.003445	-27.845301	1.004252	-1.080828	-28.128993	0.453856	-1.249075	-27.858928	0.481271	-1.066015	-28.160347	-0.040970	-1.221011	-28.134970	-0.054455	-1.255895	-27.878380	-0.061701	-1.007299	-27.831062	-0.067731	-1.058863
5442	75.594231	00:01:15:42	-27.972392	1.628088	-1.216437	-27.972333	1.644327	-1.105344	-28.093615	1.660011	-1.185604	-27.998420	1.537039	-1.202022	-28.038067	1.538941	-1.132850	-28.122822	1.560491	-1.235368	-27.882141	1.523372	-1.105708	-28.108264	1.499552	-0.894558	-28.006185	0.764956	-1.585365	-28.020011	1.439202	-0.562386	-28.106666	-0.070414	-2.071210	-28.037963	1.445327	-0.573603	-28.089433	-0.045474	-2.047983	-28.068337	1.442774	-0.542681	-28.079292	-0.058451	-2.086927	-28.176347	0.984204	-1.216976	-28.154871	0.938293	-1.281800	-27.875487	0.952458	-1.049086	-27.830772	0.957016	-1.083601	-28.134196	0.461546	-1.220335	-27.890770	0.471101	-1.076162	-28.169611	-0.047999	-1.232960	-28.140917	-0.020307	-1.269354	-27.848328	-0.054603	-1.039122	-27.822353	-0.025828	-1.092841
5443	75.608124	00:01:15:43	-27.981871	1.625125	-1.240226	-27.970247	1.654749	-1.109687	-28.086345	1.677478	-1.142202	-28.018429	1.498881	-1.172278	-28.038693	1.572491	-1.172535	-28.145724	1.568890	-1.277505	-27.880398	1.551380	-1.095206	-28.123024	1.495443	-0.907213	-27.996968	0.738830	-1.579597	-28.006474	1.441502	-0.587092	-28.130778	-0.050982	-2.066069	-28.006149	1.445767	-0.553931	-28.083515	-0.058867	-2.055742	-28.019370	1.412060	-0.540561	-28.074865	-0.069879	-2.069469	-28.191994	0.971631	-1.236654	-28.155443	0.960374	-1.268511	-27.876877	0.980110	-1.019728	-27.825227	0.950078	-1.094623	-28.145438	0.457407	-1.238373	-27.868336	0.457533	-1.083071	-28.208050	-0.050166	-1.236777	-28.133813	-0.085874	-1.247194	-27.859699	-0.047634	-1.008702	-27.843181	-0.063099	-1.063929
5444	75.622018	00:01:15:44	-27.961564	1.642125	-1.204595	-27.996773	1.693164	-1.077743	-28.082845	1.669277	-1.149390	-27.990444	1.549393	-1.189334	-28.040654	1.523590	-1.125554	-28.123409	1.548961	-1.260740	-27.857718	1.546418	-1.087784	-28.088392	1.512148	-0.891228	-27.977615	0.757748	-1.586667	-28.051693	1.427124	-0.524774	-28.086304	-0.060120	-2.077121	-28.056765	1.448748	-0.557996	-28.102962	-0.070195	-2.056391	-28.018794	1.460532	-0.558829	-28.126989	-0.059634	-2.048737	-28.195204	0.935811	-1.238101	-28.138539	0.964253	-1.277851	-27.874368	0.944989	-1.066326	-27.834240	0.979104	-1.091508	-28.139159	0.438684	-1.285057	-27.859898	0.421284	-1.040779	-28.155850	-0.075820	-1.186395	-28.176831	-0.069874	-1.269617	-27.868268	-0.054065	-1.019988	-27.851494	-0.052391	-1.057719
5445	75.635911	00:01:15:45	-27.990295	1.632608	-1.242155	-27.963008	1.628979	-1.100922	-28.071649	1.663560	-1.159478	-27.990979	1.531166	-1.191498	-28.021506	1.568775	-1.113527	-28.127224	1.545988	-1.267571	-27.871841	1.545092	-1.072186	-28.072650	1.479716	-0.889991	-27.978480	0.760164	-1.572929	-28.046786	1.430524	-0.563162	-28.086397	-0.060769	-2.085976	-28.069713	1.407908	-0.583145	-28.109622	-0.058169	-2.071864	-28.019693	1.443933	-0.534931	-28.108582	-0.042608	-2.061416	-28.188316	0.947932	-1.237151	-28.161743	0.946892	-1.295388	-27.890756	0.974686	-1.063194	-27.848129	0.978506	-1.072260	-28.154635	0.475477	-1.237887	-27.849232	0.454166	-1.027768	-28.193532	-0.040550	-1.207885	-28.168890	-0.050765	-1.259858	-27.869030	-0.058758	-1.030550	-27.844084	-0.069917	-1.051333
5446	75.649805	00:01:15:46	-27.926704	1.596912	-1.215925	-27.955334	1.675444	-1.097209	-28.098476	1.660750	-1.195605	-28.020411	1.548977	-1.195182	-28.034793	1.532141	-1.145371	-28.141178	1.558578	-1.249244	-27.872388	1.519891	-1.085048	-28.087337	1.504941	-0.915744	-27.981707	0.746088	-1.559014	-28.060656	1.428528	-0.540195	-28.085130	-0.023604	-2.064012	-28.037416	1.452963	-0.564003	-28.109987	-0.040032	-2.080578	-28.039910	1.437740	-0.572264	-28.111538	-0.091926	-2.047836	-28.187274	0.971341	-1.204527	-28.129656	0.957250	-1.277007	-27.887772	0.967776	-1.054246	-27.847022	0.950121	-1.101892	-28.152052	0.439380	-1.246178	-27.863773	0.416538	-1.049828	-28.201156	-0.044954	-1.195843	-28.123431	-0.047342	-1.249894	-27.851786	-0.065172	-0.998269	-27.863577	-0.049799	-1.047734
5447	75.663698	00:01:15:47	-27.977291	1.623613	-1.218243	-27.997236	1.656654	-1.095931	-28.100429	1.652845	-1.140304	-28.012145	1.527217	-1.160966	-27.993033	1.543571	-1.165948	-28.104808	1.563701	-1.259151	-27.888003	1.524301	-1.072607	-28.090226	1.489767	-0.890296	-27.980320	0.731524	-1.566716	-28.013770	1.433125	-0.513949	-28.099417	-0.036394	-2.054143	-28.052782	1.443565	-0.562810	-28.095119	-0.038166	-2.054711	-28.042408	1.433334	-0.591276	-28.098171	-0.032063	-2.106788	-28.177757	0.951828	-1.230554	-28.135422	0.970752	-1.275918	-27.848082	0.959619	-1.056391	-27.864202	0.999223	-1.110352	-28.169906	0.462918	-1.243288	-27.831580	0.456981	-1.020545	-28.152602	-0.055785	-1.217519	-28.139515	-0.052548	-1.267818	-27.857264	-0.064849	-1.016366	-27.807087	-0.049635	-1.060782
5448	75.677592	00:01:15:48	-27.948990	1.652142	-1.228615	-27.949682	1.680658	-1.068846	-28.048827	1.670701	-1.157445	-27.999784	1.527752	-1.209043	-28.022786	1.550415	-1.173633	-28.117776	1.563286	-1.270184	-27.879473	1.502873	-1.105555	-28.069379	1.479781	-0.919058	-27.989695	0.783503	-1.568291	-28.037801	1.405054	-0.555331	-28.088160	-0.078067	-2.053862	-28.023778	1.409076	-0.538362	-28.088462	-0.037154	-2.087122	-28.030948	1.432957	-0.547478	-28.094298	-0.027959	-2.081101	-28.181947	0.974316	-1.214274	-28.161672	0.958995	-1.279807	-27.884071	0.975865	-1.034513	-27.838880	0.950259	-1.079901	-28.181549	0.474311	-1.255504	-27.826873	0.469299	-1.032577	-28.192019	-0.049520	-1.189133	-28.151159	-0.078142	-1.227655	-27.883333	-0.036509	-1.013875	-27.836244	-0.037064	-1.058176
5449	75.691485	00:01:15:49	-27.959350	1.630735	-1.244724	-27.970962	1.639430	-1.128920	-28.070362	1.679565	-1.177938	-27.985016	1.522201	-1.174915	-28.023623	1.575214	-1.174061	-28.153228	1.506194	-1.223060	-27.838815	1.535487	-1.093212	-28.074589	1.512380	-0.914699	-28.019389	0.746157	-1.605380	-28.048812	1.429264	-0.558295	-28.097051	-0.049154	-2.049615	-28.074570	1.453788	-0.532303	-28.122856	-0.039792	-2.061911	-28.040297	1.428723	-0.544116	-28.080908	-0.055327	-2.068763	-28.177446	0.996736	-1.241324	-28.126680	0.980253	-1.251484	-27.883505	0.987249	-1.022189	-27.816905	0.944766	-1.111541	-28.163226	0.469379	-1.259588	-27.830865	0.462587	-1.086701	-28.168216	-0.059807	-1.195256	-28.146595	-0.051576	-1.249926	-27.907426	-0.030724	-1.026098	-27.842606	-0.092159	-1.110279
5450	75.705379	00:01:15:50	-27.987445	1.629415	-1.220372	-27.956618	1.669694	-1.107984	-28.040633	1.633602	-1.153773	-27.986084	1.523621	-1.171200	-28.034120	1.525974	-1.153192	-28.127602	1.542751	-1.252696	-27.896391	1.552433	-1.103591	-28.089259	1.486767	-0.894988	-27.959002	0.764884	-1.576754	-28.032014	1.442084	-0.540196	-28.097738	-0.079282	-2.075959	-28.017904	1.422143	-0.555774	-28.093399	-0.020412	-2.099534	-28.043828	1.429150	-0.553482	-28.107861	-0.032677	-2.075187	-28.184567	0.982679	-1.195708	-28.137292	0.962853	-1.298205	-27.892870	0.971930	-1.022890	-27.838607	0.991471	-1.087504	-28.164299	0.488051	-1.260182	-27.856586	0.451892	-1.039304	-28.166402	-0.022438	-1.224914	-28.147000	-0.077386	-1.266182	-27.890430	-0.039781	-0.997169	-27.867447	-0.057137	-1.108641
5451	75.719272	00:01:15:51	-27.923766	1.663137	-1.270213	-27.952708	1.659250	-1.083254	-28.076236	1.643754	-1.160608	-28.007022	1.517323	-1.206435	-28.018106	1.582271	-1.129143	-28.142257	1.541688	-1.271441	-27.911600	1.551438	-1.090581	-28.092930	1.470448	-0.928862	-27.999106	0.720878	-1.572691	-28.021927	1.431408	-0.578711	-28.088259	-0.054863	-2.047031	-28.039059	1.444492	-0.578465	-28.095709	-0.044459	-2.054730	-28.009431	1.406298	-0.563699	-28.093935	-0.046017	-2.059757	-28.175009	0.978052	-1.218003	-28.171739	0.977541	-1.295487	-27.889590	0.962277	-1.032168	-27.808054	0.945495	-1.103798	-28.170317	0.427404	-1.272606	-27.854657	0.461439	-1.058266	-28.189849	-0.050067	-1.223883	-28.155984	-0.061907	-1.282299	-27.861617	-0.057691	-1.026266	-27.861205	-0.043903	-1.044348
5452	75.733165	00:01:15:52	-27.959393	1.625209	-1.222400	-27.976442	1.707035	-1.078375	-28.069161	1.657638	-1.150897	-27.998857	1.546796	-1.168111	-28.023003	1.537805	-1.118590	-28.141641	1.552715	-1.260367	-27.888537	1.533269	-1.138803	-28.092612	1.507509	-0.920559	-27.987679	0.770349	-1.546309	-28.031801	1.423613	-0.539284	-28.124778	-0.058227	-2.048491	-28.024680	1.410028	-0.549960	-28.088059	-0.065999	-2.024066	-28.018327	1.424847	-0.554064	-28.107662	-0.022485	-2.067277	-28.193265	0.982309	-1.226275	-28.144802	0.937867	-1.275140	-27.875754	0.970299	-1.040020	-27.849125	0.976698	-1.089250	-28.150225	0.465851	-1.266163	-27.866934	0.461702	-1.030566	-28.222624	-0.035858	-1.230338	-28.120507	-0.070540	-1.261733	-27.895498	-0.039467	-1.028167	-27.844678	-0.028119	-1.072124
5453	75.747059	00:01:15:53	-27.947002	1.602805	-1.245320	-27.984572	1.680971	-1.093216	-28.106929	1.649826	-1.169489	-27.986637	1.520780	-1.201772	-28.006234	1.557497	-1.134171	-28.121949	1.527626	-1.246845	-27.872671	1.558953	-1.141007	-28.085118	1.466010	-0.906469	-27.976459	0.742935	-1.574748	-28.004145	1.448120	-0.576483	-28.105221	-0.049251	-2.029139	-28.035353	1.431585	-0.554939	-28.102525	-0.046580	-2.066207	-28.033712	1.429858	-0.525872	-28.155050	-0.048688	-2.061735	-28.199814	0.969356	-1.243945	-28.135082	0.924738	-1.260481	-27.882282	0.995477	-1.053337	-27.846018	0.928405	-1.115452	-28.152766	0.438502	-1.265237	-27.869732	0.467554	-1.069534	-28.156348	-0.039505	-1.173280	-28.154743	-0.061072	-1.244100	-27.878521	-0.059765	-1.026656	-27.807434	-0.071206	-1.088837
5454	75.760952	00:01:15:54	-27.969405	1.656614	-1.227611	-27.976358	1.640364	-1.111141	-28.064789	1.658636	-1.176143	-27.994629	1.517170	-1.180208	-28.024736	1.564424	-1.147109	-28.126760	1.525490	-1.259295	-27.856513	1.541741	-1.119052	-28.081510	1.481354	-0.895561	-27.960147	0.756571	-1.582112	-28.027592	1.435883	-0.537332	-28.084895	-0.046533	-2.048658	-28.008088	1.415239	-0.543094	-28.110876	-0.017245	-2.044706	-28.025756	1.395803	-0.539979	-28.094282	-0.035410	-2.096256	-28.142114	1.004989	-1.224280	-28.149825	0.956308	-1.302282	-27.877575	0.966617	-1.041437	-27.878386	0.919776	-1.107583	-28.160999	0.439303	-1.247160	-27.874349	0.455389	-1.082512	-28.176528	-0.045367	-1.176936	-28.157419	-0.036080	-1.275761	-27.856201	-0.032981	-1.009536	-27.802945	-0.066332	-1.081544
5455	75.774846	00:01:15:55	-27.963715	1.627890	-1.243614	-27.957223	1.657353	-1.129915	-28.100273	1.636292	-1.134487	-28.011628	1.533128	-1.174865	-28.008654	1.533437	-1.149170	-28.136303	1.532783	-1.246742	-27.851985	1.559925	-1.101402	-28.092190	1.478332	-0.906943	-27.988593	0.776181	-1.572991	-28.045013	1.439384	-0.545610	-28.119698	-0.063610	-2.045292	-28.060523	1.453038	-0.562572	-28.111295	-0.091604	-2.073579	-28.027735	1.418527	-0.551919	-28.077812	-0.058288	-2.048904	-28.196817	1.017566	-1.255586	-28.142886	0.946262	-1.269327	-27.888840	0.996457	-1.016152	-27.821507	0.956767	-1.090037	-28.180153	0.431335	-1.236908	-27.844186	0.446423	-1.068949	-28.190679	-0.061311	-1.197525	-28.108831	-0.046570	-1.250120	-27.900205	-0.032651	-1.010171	-27.838548	-0.041048	-1.045978
5456	75.788739	00:01:15:56	-27.939284	1.654957	-1.237949	-27.984724	1.677731	-1.102690	-28.066113	1.691587	-1.174429	-27.981247	1.545566	-1.165007	-27.991522	1.540303	-1.162714	-28.102650	1.541148	-1.233117	-27.869151	1.575106	-1.099087	-28.081191	1.510959	-0.867191	-27.977707	0.731218	-1.578925	-28.067831	1.422681	-0.549368	-28.081081	-0.040704	-2.061774	-28.005537	1.427902	-0.576500	-28.083318	-0.049684	-2.063507	-28.058090	1.451929	-0.501077	-28.112290	-0.012865	-2.051130	-28.148775	0.978695	-1.238333	-28.124160	0.957959	-1.266145	-27.849552	0.955481	-1.023472	-27.845487	0.986359	-1.098854	-28.164208	0.463451	-1.236417	-27.834728	0.446879	-1.050644	-28.185155	-0.062523	-1.202874	-28.135598	-0.070651	-1.253954	-27.870477	-0.047427	-0.998241	-27.865456	-0.062215	-1.061055
5457	75.802633	00:01:15:57	-27.948146	1.656542	-1.227299	-27.965166	1.672901	-1.083369	-28.088320	1.665961	-1.132116	-28.031129	1.580012	-1.178548	-28.024631	1.544781	-1.133818	-28.130019	1.547727	-1.259481	-27.888632	1.576939	-1.056259	-28.050740	1.485463	-0.906799	-27.964209	0.758328	-1.591689	-28.030523	1.437206	-0.530707	-28.065759	-0.035516	-2.067304	-28.034659	1.448975	-0.572852	-28.100150	-0.041091	-2.067007	-28.028171	1.443015	-0.552155	-28.093722	-0.070754	-2.058856	-28.180951	0.974274	-1.257514	-28.129548	0.935817	-1.235475	-27.906275	0.971562	-1.042916	-27.840131	0.952881	-1.078927	-28.171917	0.441663	-1.216538	-27.853250	0.436181	-1.064451	-28.202890	-0.060040	-1.220582	-28.149017	-0.081440	-1.275646	-27.861970	-0.063722	-1.017280	-27.820523	-0.054615	-1.062850
5458	75.816526	00:01:15:58	-27.974797	1.630492	-1.241919	-27.998521	1.662835	-1.142523	-28.073126	1.658369	-1.162907	-28.012698	1.545619	-1.172050	-28.043580	1.585082	-1.155261	-28.152306	1.557010	-1.274078	-27.868513	1.537838	-1.113861	-28.090194	1.484178	-0.906254	-28.002512	0.759163	-1.587292	-28.050314	1.458859	-0.546609	-28.084049	-0.064459	-2.050759	-28.017119	1.432682	-0.561364	-28.092556	-0.029223	-2.032964	-28.032275	1.426876	-0.543902	-28.098212	-0.054020	-2.035982	-28.197847	1.001665	-1.235105	-28.127464	0.938526	-1.282322	-27.876299	0.952302	-1.062496	-27.855530	0.962230	-1.063235	-28.189452	0.471334	-1.274682	-27.861485	0.464935	-1.068966	-28.189601	-0.052087	-1.186746	-28.163518	-0.072124	-1.258672	-27.846026	-0.083583	-1.023167	-27.855188	-0.067765	-1.044525
5459	75.830420	00:01:15:59	-27.966128	1.615185	-1.221559	-28.003377	1.648399	-1.105577	-28.104922	1.638674	-1.148425	-28.004039	1.521622	-1.148424	-28.011853	1.563491	-1.161414	-28.132995	1.582142	-1.218435	-27.868660	1.532135	-1.126566	-28.082859	1.463812	-0.898433	-27.996586	0.778886	-1.574067	-28.021470	1.436982	-0.534165	-28.108916	-0.070937	-2.075440	-28.033452	1.418700	-0.552226	-28.080789	-0.044915	-2.095510	-28.013145	1.430383	-0.535308	-28.113949	-0.043532	-2.071949	-28.179598	0.979168	-1.223950	-28.133522	0.986981	-1.265028	-27.860892	0.989204	-1.025930	-27.821637	0.961199	-1.085571	-28.159301	0.492791	-1.249534	-27.877629	0.463280	-1.049329	-28.177619	-0.057298	-1.199267	-28.128626	-0.045203	-1.243538	-27.857961	-0.045544	-1.032122	-27.871711	-0.051590	-1.069334
5460	75.844313	00:01:15:60	-27.980970	1.634527	-1.208074	-27.987286	1.690598	-1.125607	-28.073121	1.651901	-1.144098	-27.984773	1.551289	-1.172122	-28.013167	1.558951	-1.133406	-28.127772	1.545070	-1.254544	-27.887468	1.524040	-1.076502	-28.089750	1.473853	-0.899990	-27.958939	0.718331	-1.591693	-28.025703	1.453560	-0.535041	-28.107016	-0.047475	-2.063949	-28.034117	1.434339	-0.537476	-28.081239	-0.047817	-2.082216	-28.043253	1.450462	-0.564566	-28.088788	-0.049862	-2.098443	-28.172786	0.972094	-1.239115	-28.135927	0.965408	-1.295632	-27.881919	0.972473	-1.044867	-27.838176	0.978976	-1.056893	-28.132551	0.505781	-1.259410	-27.853636	0.433303	-1.027876	-28.155670	-0.057752	-1.186625	-28.133940	-0.044935	-1.248734	-27.883184	-0.062452	-1.017485	-27.844197	-0.042157	-1.089066
5461	75.858206	00:01:15:61	-27.959372	1.651513	-1.250682	-27.981482	1.646670	-1.091474	-28.064283	1.666325	-1.158626	-27.969677	1.508961	-1.168843	-28.054097	1.544443	-1.117713	-28.154807	1.544798	-1.258893	-27.861966	1.549748	-1.117917	-28.081936	1.494600	-0.898735	-27.979112	0.771842	-1.541121	-28.026816	1.448733	-0.544230	-28.117501	-0.041657	-2.073006	-28.038363	1.418159	-0.543721	-28.105118	-0.035986	-2.063636	-28.050986	1.462897	-0.549356	-28.085236	-0.037505	-2.068429	-28.147679	0.955002	-1.248466	-28.158383	0.972069	-1.290473	-27.843484	0.951203	-1.063569	-27.879409	0.968918	-1.045342	-28.142614	0.479283	-1.270497	-27.868174	0.428222	-1.051500	-28.201785	-0.044489	-1.200554	-28.138759	-0.048145	-1.229049	-27.885525	-0.078076	-1.017447	-27.862456	-0.058382	-1.072833
